sim	len_diff
34.3	255
61.71	18
33.45	312
59.35	43
58.08	18
40.86	93
32.89	314
62.23	10
67.9	11
58.58	5
44.64	83
58.27	41
65.76	54
34.47	250
33.65	312
35	257
33.98	184
60.85	7
56.17	17
33.8	262
44.41	259
40.4	241
56.97	43
33.59	286
44.77	93
60.63	13
34.24	314
67.6	35
34.24	212
34.26	96
60.5	87
34.63	257
34.78	242
69.32	51
68.81	51
50.73	110
60.7	20
33.86	303
33.89	205
60.68	22
60.51	38
60.64	37
56.74	18
32.61	310
60.52	87
34.31	301
34.83	258
59.23	34
60.25	15
33.58	271
32.77	302
59.02	14
32.98	307
35.9	191
33.13	285
34.69	247
42.63	200
42.62	200
42.7	158
42.5	200
35.46	239
34.26	96
58.65	44
34.77	235
33.22	298
34.59	192
59.84	18
33.84	310
33.19	299
35.46	239
33.6	42
33.37	298
59.84	18
60.69	19
35.41	132
33.75	315
33.75	315
33.75	315
33.61	310
34.48	311
33.68	314
34	287
32.86	307
58.32	39
33.85	213
45.19	80
33.84	290
34.15	293
33.36	315
33.74	145
55.45	113
54.49	167
33.55	267
61.36	9
61.46	13
32.8	301
67.13	36
56.68	17
42.96	142
60.23	16
39.63	49
33.45	298
67.91	42
33.74	312
44.48	84
44.48	84
34.17	295
56.34	17
58.52	32
33.45	279
52.63	61
59.19	32
34.27	312
34.41	291
45.29	73
35.65	76
33.03	307
67.72	45
59.71	22
44.65	85
60.23	20
67.86	44
35.17	224
33.45	305
55.92	17
32.84	291
58.75	33
34.32	306
33.8	282
33.05	293
33.52	249
68.67	46
39.01	60
34.04	152
60.67	36
32.7	284
69	46
34.31	275
35.59	224
33.4	295
33.41	301
34.07	307
60.11	18
44.23	180
55.1	71
33.29	299
32.69	303
35.02	150
69.34	43
41.17	232
32.96	315
33.48	295
60.42	21
69.35	43
41.53	232
62.94	58
34.83	113
60.69	14
33.19	310
54.45	42
54.03	42
60.01	18
54.73	71
59.85	16
58.41	29
34.1	288
59.96	23
33.49	312
33.73	307
36.13	185
59.46	35
58.54	33
34.48	287
33.69	315
34.05	309
59.94	22
60.45	37
34.52	288
41.39	100
60.86	26
67.91	16
60.06	7
57.21	18
33.83	299
59.28	47
34.3	307
61.66	14
34.08	216
34.75	302
41.23	61
66.72	39
58.77	43
35.15	182
56.38	15
33.35	312
33.84	298
60.57	16
60.27	20
67.74	38
33.92	308
34.94	130
44.18	81
58.49	33
34.49	273
55.95	17
33.67	300
34.75	241
33.31	301
53.42	30
33.19	301
68.5	4
60.75	17
57.88	39
34.8	266
33.54	265
33.44	299
36.17	353
69.5	44
53.5	13
60.33	22
53.07	3
35.28	219
53.67	27
57.47	88
36.21	307
54.51	3
54.12	1
54.25	28
55.5	25
52.51	30
41.09	78
54.23	11
41.09	78
53.84	16
38.59	207
54.56	13
53.84	16
54.33	16
52.97	82
54.23	11
54.56	13
55.25	4
51.72	14
52.23	90
54.52	15
53.96	31
55.33	3
55.33	3
37.62	276
55.11	13
60.03	17
59.7	18
43.05	489
54.52	15
53.96	31
54.21	7
51.14	17
38.38	73
53.5	13
50.05	87
54.96	11
53.41	43
61.51	76
68.84	45
54.93	13
52.9	7
40.57	302
33.54	275
67.69	46
34.99	160
59.14	25
33.91	308
60.11	24
55.94	17
44.38	101
34.31	281
34.63	289
44.63	83
60.76	7
34.42	290
33.85	286
35.23	257
32.76	313
58.33	41
67.5	30
33.8	312
56.26	17
33.95	243
58.98	30
34.1	288
67.68	37
34.65	307
44.8	95
33.13	311
32.61	314
34.04	293
60.71	15
59.87	18
42.18	133
34.11	313
33.82	281
35.3	239
33.93	315
51.9	172
57.22	38
58	56
60.54	15
33.07	315
35.19	268
34.03	300
58.67	45
33.95	302
33.5	266
33.87	227
33.86	198
33.57	279
35.03	204
34.63	295
68.4	53
49.37	54
48.81	142
34.55	233
59.68	18
43.34	164
62.14	67
33.1	16
34.77	169
34.32	172
60.47	17
33.61	312
60.71	34
34.81	242
34.32	257
34.25	315
34	312
40.03	271
33.73	300
68.82	48
68.69	45
38.89	53
35.1	186
59.9	19
54.18	71
42.83	233
33.95	311
58.63	38
34.09	272
34.71	279
35.22	202
34.27	280
72.27	3
34.29	242
49.06	17
34.63	72
34.43	272
34.27	238
34.87	118
35.23	353
34.76	256
34.56	252
35.13	213
70.23	14
33.45	278
35.33	217
34.08	279
35.16	222
35.68	193
35.26	181
70.8	0
34.75	182
33.83	97
35.07	260
34.13	230
34.28	98
34.9	275
34.21	249
34.55	219
35.56	220
34.02	260
34.33	252
32.77	10
34.56	279
34.92	231
35.42	163
67.39	23
33.05	89
34.85	152
35.6	235
34.02	267
35.83	206
35.88	101
34.55	271
35.76	218
34.69	279
36.47	216
84.23	0
35.13	104
35.61	233
34.73	224
67.3	16
33.76	42
34.99	239
34.38	179
34.64	269
34.68	267
34.13	144
34.29	267
33.98	227
71.51	24
34.29	204
35.48	170
34.09	243
34.35	270
34.62	223
34.09	262
34.29	260
34.93	272
34.89	208
33.21	38
34.08	275
36.28	185
65.12	10
34.4	258
34.51	225
34.03	253
34.7	224
34.53	88
35.8	263
33.82	273
35.1	203
35.23	193
65	8
34.99	255
35.92	103
34.77	250
36.29	262
34.38	186
34.82	260
36.34	173
35.03	258
34.82	226
33.43	257
35.63	200
35.31	226
34.4	245
34.49	278
66.1	13
49.7	65
69.66	22
35.27	265
34.21	89
33.2	267
34.38	244
33.27	46
34.89	254
36.11	216
34.29	248
34.16	196
34.05	273
34.46	207
72.9	6
35.74	117
35.29	250
34.53	261
34.77	274
34.25	251
35.73	243
43.08	129
34.55	278
33.74	183
34.36	252
34.36	266
75.51	19
33.35	263
33.86	257
35.45	221
34.67	279
34.75	131
34.17	223
34.11	231
34.95	183
35.29	264
33.82	206
34.85	247
69.46	31
34.04	277
35.6	156
34.81	182
33.44	275
66.68	17
34.53	278
35.52	239
34.7	299
34.18	271
34.84	274
34.35	489
35.63	198
34.08	79
34.71	430
68.53	16
34.03	247
32.93	248
35.3	187
35.08	236
33.9	220
33.99	267
34.06	191
35.39	193
34.82	273
64.8	8
34.48	257
34.2	265
35.1	215
35.87	98
35.06	157
34.67	239
34.87	181
34.6	252
35.98	239
35.48	195
69.49	16
34.08	249
34.92	244
35.41	160
34.79	279
35.84	238
34.53	264
34.37	253
34.5	207
33.58	279
33.35	55
33.73	263
33.48	276
33.45	268
33.77	230
35.24	177
68.44	22
68.46	1
35.67	237
34.79	253
35.28	173
34.79	151
32.96	52
35	444
34.45	243
34.72	235
34.48	61
34.61	238
35.18	241
35.49	209
34.43	221
34.58	261
34.64	205
35.33	273
35.11	232
70.74	3
34.95	276
34.13	191
35.19	198
70.76	26
55.88	24
35.94	250
33.9	244
34.63	183
33.81	146
35.16	238
35.11	255
36.38	16
45.07	93
44.68	76
37.64	162
35.78	4
65.65	16
34.33	244
35.09	241
37.2	21
65.78	9
33.54	239
34.37	242
33.71	269
35.33	185
34.19	227
30.34	7
35.29	216
34.26	266
69.11	21
33.95	160
64.63	21
35.57	257
34.62	252
36.04	131
67.35	14
35.43	273
33.38	278
34.7	246
34.38	270
65.44	13
34.81	280
75.01	12
35.08	228
35.19	175
35.38	158
33.94	265
35.09	233
34.19	278
60.82	25
35.74	252
34.35	193
35.98	136
34.05	202
35.1	215
34.84	277
35.77	266
64.62	14
34.37	219
33.83	278
35.61	222
34.07	239
35.27	249
69.85	22
35.04	194
35.66	184
34.61	234
34.26	254
35.42	237
34.53	232
34.69	247
34.81	272
34.74	244
34.24	247
34.13	230
34.19	241
33.51	275
68.9	20
34.64	162
35.1	236
34.23	116
34.19	257
35.43	278
35.34	280
34.49	277
35.03	241
33.92	236
68.07	16
34.09	256
34.08	239
34.35	227
34.97	235
35.43	226
34.5	248
35.51	238
35.42	277
34.76	260
37.12	188
34.94	276
67.24	9
35.47	182
35.38	254
35.05	190
35.22	196
35.03	245
34.91	226
35.05	231
66.37	8
35.17	227
34.97	280
34.75	232
47.29	67
35.1	236
68.84	21
34.79	213
35.57	236
34.04	277
34.46	107
35.86	265
34.79	250
34.54	239
35.07	262
74.42	7
34.13	160
32.91	67
33.72	263
35.16	241
35.8	235
34.84	187
34.63	261
35.5	234
33.25	161
33.71	99
33.24	161
33.69	236
33.15	224
33.24	161
34.92	245
64.77	40
34.74	223
34.29	199
33.88	265
35.93	238
34.27	267
35.16	239
34.74	207
35.82	187
34.6	69
69.47	19
34.85	280
35.08	221
35.21	252
34.6	195
34.51	212
33.85	280
34.11	246
33.19	278
35.22	241
34.96	265
34.85	245
70.48	5
34.24	272
32.41	22
34.95	179
32.5	9
64.45	35
31.26	38
33.68	184
33.62	276
35.01	266
34.57	71
33.26	274
33.87	261
78.54	4
47.48	45
35.2	177
33.37	174
34.53	191
34.1	206
34.55	244
34.05	271
34.2	280
34.86	203
33.21	275
34.44	131
33.81	240
34.18	257
34.24	240
34.41	208
34.32	254
69	15
35.32	213
33.28	56
35.21	246
35.95	216
35.91	153
65.4	8
34.61	250
35.5	173
34.74	240
35.8	198
33.36	275
35.26	186
35.28	268
68.73	23
34.28	267
35.12	198
34.87	247
33.6	184
34.77	274
34.68	235
33.78	265
34.48	258
34.97	384
34.64	257
34.46	251
79.99	4
34.82	135
35.35	194
36.09	200
34.66	183
35.21	237
34.35	262
33.27	249
35.68	261
34.66	239
68.06	26
35.03	192
35	279
35.61	223
35.45	236
34.91	240
34.3	240
33.91	149
34.36	234
67.43	14
34.37	248
35.13	238
34.66	251
34.9	132
35.61	259
33.8	106
33.24	252
46.67	142
34.63	243
34.17	251
35.25	239
70.73	4
35.44	238
35.03	214
35.36	149
35.06	227
70.55	4
34.38	261
34.87	136
34.99	171
34.06	214
33.62	249
34.51	260
35.66	208
35.24	233
53.04	80
51.11	122
68.54	1
52	91
40.15	151
54.88	95
59.88	11
34.82	248
70.27	22
54.7	5
35.13	211
35.03	251
34.62	276
34.87	229
34.38	244
33.9	275
74.4	13
34.87	262
33.8	257
34.8	191
34.37	200
35.05	224
34.33	242
34.86	249
35.12	275
36.15	238
34.66	187
69.29	17
35.08	255
35.18	269
35.25	245
34.4	267
34.92	197
33.9	361
34.87	232
35.05	194
48.11	12
35.06	244
34.06	259
72.24	5
35.02	220
34.5	258
34.7	271
34.7	280
35.2	231
34.37	232
35.07	242
64.82	9
34.73	270
34.62	262
35.06	201
78.31	8
35.09	277
35.34	239
36.31	185
36.25	168
34.91	222
35.3	244
35.2	244
33.77	274
34.88	442
33.88	264
35.03	126
35.33	206
35.05	263
34.94	166
34.47	273
35.42	192
66.67	10
35.06	247
33.83	267
35.61	275
34.36	225
34.51	274
35.07	264
75.19	2
34.07	271
34.86	276
34.42	262
34.47	138
35.4	132
34.05	171
74.14	10
32.87	66
35.42	152
34.24	268
34.34	200
34.7	277
36.41	119
35.47	275
35.19	277
34.47	65
34.69	196
34.5	272
34.26	93
34.21	261
35.19	280
35.25	240
68.57	19
35.24	248
74.66	10
35.17	220
33.16	280
34.12	268
66.17	0
33.88	264
34.41	266
34.6	181
35.18	222
34.95	225
49.42	133
34.53	273
68.76	21
35.59	239
33.64	244
34.87	252
68.25	8
34.18	265
34.93	256
35.33	276
34.44	131
33.88	274
36.21	258
34.68	277
34.88	214
34.97	117
35.92	225
34.64	216
75.71	7
34.13	199
35.96	201
35.69	178
34.32	481
68.69	3
35.09	239
35.94	211
33.62	267
35.27	232
34.82	221
35	171
35.44	279
34.48	85
35.26	272
34.71	231
36.01	263
35.16	262
43.7	71
34.7	278
34.26	280
68.07	16
34.82	238
34.03	197
34.07	272
71.34	24
35.54	205
34.95	278
35.18	238
34.49	254
34.2	276
34.73	276
34.27	198
35.63	181
34.16	249
33.9	199
34.12	224
34.13	261
34.6	232
34.37	172
68.28	16
33.74	68
35.39	234
71.06	20
34.1	273
35.11	217
35	211
34.55	242
33.98	279
35.38	131
34.12	273
50.65	64
75.65	3
35.11	230
34.15	267
34.83	249
35.21	235
33.36	279
35.43	267
34.3	235
36.15	170
34.64	182
35.43	235
35.47	236
70.99	18
34.76	205
34.99	234
35.05	250
36.51	202
34.49	170
35.06	254
34.97	114
33.92	181
74.71	5
35.7	258
34.33	270
35.03	244
34.99	219
34.95	203
35.1	224
33.36	280
34.49	195
33.8	279
36.74	229
36.48	225
68.8	15
34.59	214
35.33	203
34.76	182
34.15	258
32.93	29
35.19	156
34.24	269
33.6	258
67.9	18
35.65	233
35.4	212
34.73	218
35.1	247
35.46	177
35.24	207
33.99	265
35.1	269
67.78	25
34.27	267
34.89	275
34.51	239
35.52	198
34.51	120
32.76	50
35.28	227
34.52	275
34.19	241
34.89	338
34.61	171
33.58	255
34.09	261
35.4	242
36.13	171
34.99	176
34.35	263
68.53	6
34.99	249
33.71	273
34.38	242
35.73	228
34.67	249
39.2	147
66.94	13
34.73	480
35.16	254
34.34	212
34.47	250
33.92	242
33.1	207
33.81	279
67.68	1
33.71	111
35.3	211
34.85	215
36.73	276
58.74	35
34.92	260
34.74	232
65.38	10
34.97	227
34.16	257
35.71	195
44.09	75
67.72	15
34.37	86
34.15	280
34.34	258
34.91	240
35.05	91
65.77	11
34.4	278
34.22	256
34.67	254
35.73	255
34.67	273
34.79	317
34.64	214
34.06	190
34.94	229
35.4	136
36.18	176
79.35	16
34.7	260
35.9	199
34.54	273
35.14	212
34.75	184
34.27	259
34.37	263
35.37	154
35.15	195
34.55	218
35.11	239
75.41	9
34.63	175
33.46	273
54.79	96
60.61	18
70.25	5
52	91
45	141
52.18	125
53.05	16
45.3	127
69.86	24
52.35	23
34.56	271
35.25	219
64.52	40
35.62	229
34.48	234
34.88	258
35.01	244
35.4	201
34.05	254
34.43	241
35.16	236
34.85	239
35.21	156
35	254
34.61	187
71.2	23
35.11	254
34.45	267
34.57	250
35.12	106
34.66	156
33.6	265
34.99	128
80.61	0
36.74	190
35.35	157
34.66	280
34.89	258
34.92	95
36.09	182
34.6	275
35.05	238
34.94	274
66.59	9
34.99	262
34.3	219
34.53	234
34.25	269
35.35	191
35.66	135
35.18	193
76	4
35.56	208
54.45	146
35.16	249
35.1	240
34.51	250
34.26	240
36.72	199
34.65	235
35.16	277
36.13	227
34.26	277
35.92	280
34.58	218
34.94	207
34.07	260
35.31	272
58.33	3
71.46	13
34.88	259
62.07	29
34.72	280
35.25	245
34.24	273
35.22	258
35.23	151
64.51	12
34.46	250
68.3	8
34.41	220
35.02	145
34.95	272
68.73	17
34.68	162
35.07	236
35.76	190
34.05	264
33.54	268
34.37	116
35.1	241
34.18	261
35.69	218
34.06	119
35.7	256
67.62	13
33.5	414
35.26	263
34.15	98
35.13	249
35.04	235
36.15	230
67.12	36
34.73	240
35.44	223
34.14	269
35.04	235
35.12	182
34.59	253
34.44	275
34.76	273
34.6	260
34.33	265
35.03	246
71.31	7
70.84	19
33.29	238
34.52	257
34.14	222
34.4	233
35.09	175
74.63	6
35.4	105
34.79	257
34.86	274
33.32	277
35.72	217
34.24	203
34.04	273
34.35	169
35.19	233
33.87	257
33.86	207
69.68	7
35.18	277
33.55	277
34.49	267
35.45	160
34.81	223
33.64	253
35.39	230
34.63	254
35.53	258
79.08	17
34.42	253
34.15	257
34.84	232
35.63	155
35.33	162
34.96	263
67.03	18
35.4	100
35.36	241
34.58	278
35.21	237
35.1	133
35.05	261
35.75	166
35.33	219
35.39	204
35.03	280
35.18	237
36.2	236
68.1	23
33.94	265
34.51	254
35.33	253
34.99	193
34.11	262
35.43	216
34.7	274
34.33	189
69.17	14
34.65	258
34	214
34.02	163
34.78	278
34.37	280
34.1	209
34.21	268
34.21	210
35.01	245
34.75	267
71.5	5
34.42	272
34.87	250
34.03	265
70.65	13
35.36	278
35.23	250
34.55	263
33.95	266
35.73	242
67.65	15
36.03	205
35	227
35.68	263
33.57	278
34.03	103
35.1	248
35.1	274
64.64	35
33.61	242
35.39	210
34.82	225
35.06	200
34	259
34.33	224
35.8	179
34.17	272
35	181
35.2	256
34.67	250
33.9	226
70.41	14
35.67	239
35.73	238
52.07	57
34.15	279
35.88	252
34.78	187
35.69	236
34.71	91
34.33	196
67.61	11
34.27	279
34.51	230
34.64	189
34.74	256
35.45	125
33.92	241
33.69	241
36.35	173
68.38	15
34.29	214
35.02	249
35.21	248
35.01	226
33.68	276
34.64	270
35.94	259
34.97	218
35.94	268
34.58	278
34.8	214
34.67	279
34.66	223
67.19	14
35.59	183
35.17	254
64.91	11
34.73	258
35.16	275
35.41	213
35.13	235
35.16	251
34.82	225
33.55	277
35.09	176
35.57	169
34.62	222
34.33	233
33.92	189
35.16	244
34.8	248
35.48	227
33.97	223
35	239
33.69	204
63.93	35
63.82	35
34.77	254
34.7	261
34.37	192
34.24	277
34.53	270
34.18	219
34.59	71
35.16	245
35.39	244
35.55	206
35.1	232
75.88	8
34.9	98
34.77	230
34.19	227
34.3	274
35.41	225
35.62	220
34.77	223
35.07	212
34.79	210
34.41	171
34.5	236
35.68	235
30.71	6
35.13	267
32.64	258
72.15	2
34.32	267
33.21	280
34.9	251
34.47	228
63.22	31
34.13	126
35.21	201
34	201
34.9	216
35.28	272
35.25	101
34.3	266
33	252
34.9	168
34.47	278
35.39	232
34.48	253
34.98	192
35.72	160
35.21	204
61.4	10
35.19	240
34.78	275
34.37	225
34.92	272
34.56	231
75.77	9
35.57	185
35.01	261
35.44	267
34.35	158
55.03	95
41.63	128
51.87	89
35.4	218
68.84	2
50.87	122
60	8
69.71	23
54.84	3
33.99	426
34.21	249
35.33	269
34.26	250
34.48	240
34.11	271
35.66	227
34.88	207
34.07	251
35.43	195
76.67	7
35.92	169
34.33	261
33.8	258
33.9	278
33.59	225
34.79	234
34.01	277
33.26	260
73.78	11
34.9	266
34.62	251
35.53	188
34.97	268
69.57	12
35.17	268
35.92	217
34.48	236
34.39	180
33.91	258
35.5	209
36.26	249
34.9	229
34.97	273
49.64	65
35.45	155
33.51	275
70.26	20
34.06	256
34.96	217
36.03	239
36.38	134
34.48	79
35.82	226
34.42	264
35.1	239
31.9	29
35.1	176
64.49	8
34.79	187
36.05	241
34.79	203
34.39	363
35.67	157
34.8	190
34.79	278
34.96	250
35.44	192
35.4	297
35.12	273
66.6	14
36.29	248
34.91	144
35.06	265
67.14	9
34.82	246
35.66	245
35.14	257
66.4	2
35.13	214
34.69	255
34.8	248
34.39	268
33.26	55
42.33	101
45.59	91
34.83	253
45.47	110
42.26	107
40.1	135
70.03	13
37.16	191
34.66	253
64.64	8
34.81	274
35.67	244
34.97	273
34.58	225
34.94	237
33.94	203
34.4	228
35.47	227
33.7	268
34.48	243
35.51	245
35.49	259
35.07	279
77.07	5
34.13	277
35.19	179
35.89	208
34.35	255
34.88	266
34.05	181
34.07	279
36.43	193
68.27	8
35.39	189
34.23	254
34.88	251
35.06	145
35.06	249
34.46	160
35.09	256
35.54	269
35.26	222
35	254
35	183
70.18	20
35.8	202
34.71	245
35.06	244
35.06	203
34.82	247
34.7	276
34.52	275
34.88	220
34.94	271
35.29	193
35.08	173
65.85	12
35.11	260
36.68	26
35.46	232
35.6	260
33.62	409
35.87	254
35.77	192
37.52	12
66.12	12
33.75	22
34.1	272
34.98	270
34.65	230
35.77	277
35.49	220
35.96	226
37.87	116
35.56	261
66.96	13
34.3	272
34.61	260
34.4	260
34.67	263
34	263
34.1	280
35.56	279
35.52	200
35.07	211
35.54	240
34.53	230
34.02	266
34.32	50
35.06	243
36.38	204
34.64	271
34.86	225
34.23	256
34.74	262
65.91	12
35.45	251
35.69	246
36.72	34
33.69	278
38.1	158
36.01	227
67.96	14
35.7	223
35.31	244
36.27	251
35.03	276
36.12	143
34.54	273
65.37	10
34.82	94
34.98	191
35.02	259
34.15	270
34.45	195
36.11	203
34.74	268
65.35	5
36.82	214
34.75	241
34.92	228
34.75	253
37.91	75
34.55	280
34.72	239
35.88	293
33.68	278
34.84	243
35.7	226
36.31	166
34.27	264
66.93	2
33.44	277
34.37	464
34.81	279
34.09	230
34.22	204
34.93	272
35.26	187
34.08	280
34.22	230
34.9	229
35.17	258
64.98	8
34.35	124
34.34	276
36.25	216
35.27	237
34.02	261
34.9	244
68.94	11
34.97	228
34.24	176
34.74	192
34.17	223
33.32	275
35.05	265
34.98	181
68.14	10
35.07	173
34.99	271
35.21	270
35.29	239
34.19	241
34.85	239
34.81	229
35.84	194
33.57	271
35.09	383
70.5	18
34.72	256
33.91	244
34.56	196
34.63	135
35.07	138
35.89	216
35.45	235
34.1	72
68.94	17
35.03	173
33.58	43
34.21	230
34.93	188
34.92	253
50.09	65
34.44	271
35.17	255
34.77	237
34.86	256
65.17	12
34.86	280
32.58	46
36	237
67.07	10
34.92	248
35.34	248
34.51	258
34.87	273
35.2	228
39.07	61
35.46	222
34.74	155
66.47	10
35.82	219
33.22	258
34.46	267
35.09	179
35.38	196
34.78	248
34.32	259
35.18	184
34.93	261
34.69	238
35.03	269
34.69	266
66.71	3
71.17	11
35.68	216
71.7	22
34.3	253
35.97	235
33.73	244
34.97	278
35.5	301
35.15	250
35.2	223
36.09	218
35.05	182
35.27	259
34	280
35.07	251
36.17	178
36.03	171
65.22	3
35.25	214
34.87	257
35.01	154
34.68	227
33.84	262
34.53	236
34.74	234
35.37	247
34.57	269
66.67	12
35.74	191
34.1	255
34.33	202
34.84	265
34.21	262
35.84	262
36.79	27
35.23	109
35.12	355
34.35	275
66.52	12
34.58	237
35.26	182
34.17	279
34.06	273
34.55	191
34.31	265
34.87	120
34.67	220
33.6	248
34.91	215
75.69	6
35.17	241
35.19	253
34.83	277
34.58	246
35.25	265
35.21	215
34.88	266
34.7	246
35.81	95
65.25	0
36.18	93
34.16	251
35.35	232
35.85	247
34.78	159
66.09	5
34.64	191
33.93	240
33.73	278
35.54	224
64.75	7
36.04	112
35.08	278
33.04	56
34.18	203
34.14	250
34.27	269
34.5	152
34.87	236
34.79	274
70.92	7
34.22	280
36.32	166
35.67	245
35.48	267
35.02	253
33.99	242
35.07	182
66.96	7
33.89	271
35.28	192
35.19	147
34.83	224
34.06	248
34.3	252
34.61	254
35.02	230
33.15	275
34.02	263
69.25	18
34.22	222
34.83	214
35.13	226
64.75	7
34.93	164
34.86	107
35.26	256
35.47	140
35.37	261
35.33	219
36.2	151
36.14	174
34.68	272
70.23	6
35.17	206
33.93	275
35.18	238
34	189
33.63	269
35.35	212
34.28	279
33.34	272
36.09	206
34.07	162
35.56	264
36.12	194
33.16	255
34.25	157
35.5	269
67.16	1
33.88	257
34.42	275
34.34	279
35	225
75.32	10
34.63	240
34.9	271
52.56	12
36.03	165
34.6	260
35.25	242
33.95	269
34.71	238
34.47	277
33.9	248
33.98	203
34.84	273
33.77	279
65.95	6
34.79	245
35.97	139
74.92	7
34.76	275
35.05	199
34.19	56
52.36	15
36.96	199
35.07	176
35.35	238
46.77	75
35.41	177
70.55	17
35.85	167
35.3	257
34.89	241
34.27	262
33.73	249
35.71	253
34.87	178
34.55	277
34.8	254
35.9	159
36.23	142
67.16	13
36.01	205
35.89	130
35.79	237
35.53	213
34.05	252
36.63	227
34.05	233
34.87	276
35.38	223
35.34	243
35.1	253
34.72	270
33.93	250
35.58	237
35	147
34.83	239
69.92	25
35.4	148
35.55	199
36.06	238
35.34	187
34.41	195
36.07	181
35.66	269
68.66	27
34.53	261
34.53	196
34.61	208
34.6	56
34.04	255
34.4	184
34.75	179
52.64	6
35.76	295
76.61	22
33.33	44
34.2	152
69.77	18
35.42	241
34.52	254
35.43	280
35.06	236
33.94	270
35.62	125
34.95	209
35.68	180
34.34	206
36.42	93
33.23	54
35.01	278
33.28	229
35.42	257
72.63	8
34.49	105
34.42	270
35.06	223
34.87	249
35.45	265
35.36	333
34.26	246
35.58	236
33.1	276
35.82	273
34.88	235
35.73	207
70.49	23
33.82	261
35.51	244
64.25	33
35.23	234
34.93	212
35.19	273
34.42	242
33.24	280
34.71	205
32.86	279
34.04	252
34.73	251
34.44	279
69.78	19
34.03	268
35.44	216
34.44	278
35.22	183
35.3	185
34.46	206
35.64	209
35.66	238
70.3	1
33.74	276
69.1	18
34.24	250
34.66	237
34.72	255
35.18	161
35.33	190
34.8	118
35.28	277
34.06	222
51.5	0
35.15	277
35.82	197
35.97	157
75.22	13
34.95	244
34.62	234
34.98	195
33.79	277
36.07	211
62.6	22
66.4	11
34.88	256
55.55	37
40.29	228
35.25	203
66.98	8
35.62	252
34.21	277
34.3	277
35.19	252
34.73	264
34.9	231
34.72	255
35	279
35.08	229
72.33	26
34.58	259
82.76	2
34.94	249
34.83	144
35.48	253
34.74	259
34.23	272
35.36	277
34.77	280
35.52	201
34.59	42
35.53	236
34.43	265
34.06	273
69.09	19
35.64	234
35.09	230
35.18	174
34.79	278
35.44	237
33.47	156
66.9	20
35.35	261
41.35	8
62.03	21
52.38	107
70.16	6
35.63	279
35.25	251
44.86	162
34.6	276
70.88	21
34.44	158
34.07	268
34.69	280
34.6	193
34.51	236
33.84	67
33.74	210
35.21	277
34.63	176
35.8	259
34.88	443
35.82	206
67.86	10
35.14	147
34.43	253
34.48	253
34.91	230
34.08	267
34.75	232
34.06	271
34.41	231
33.71	48
35.73	223
35.13	217
34.39	237
34.02	265
35.62	238
36.03	265
69.33	15
34.64	189
34.84	219
34.97	110
34.22	206
34.76	253
69.36	10
34.05	261
34.09	252
35.33	237
34.9	135
34.91	259
35.73	159
53.45	8
34.87	219
34.32	267
35.4	170
35.31	276
34.08	268
34.93	201
76.26	10
33.59	274
35.08	222
34.37	136
34.57	260
72.92	6
34.16	79
34.08	71
34.7	240
35.09	161
34.24	241
35.23	248
70.84	6
34.62	249
33.75	253
35.37	265
34.23	229
35.82	215
35.44	232
36.35	184
55.16	2
35.02	231
34.5	159
34.32	192
34.1	248
36.07	173
71.33	9
34.36	204
35.44	157
34.8	179
34.03	271
35.4	182
33.82	266
35.55	233
34.98	244
35.97	193
35.64	235
34.64	274
68.56	18
35.46	198
34.21	247
34.34	401
43.78	102
33.96	256
69.64	1
34.45	246
34.99	253
50.91	47
44.87	106
34.32	271
35.14	217
36.33	217
34.5	121
35.14	232
35.35	206
35.68	226
34.42	280
34.92	280
35.72	207
64.08	21
34.46	233
34.81	173
34.77	241
33.33	263
35.27	215
33.62	270
34.54	280
45.49	133
35.86	179
74.5	14
33.81	268
51.87	14
34.29	254
35.01	184
34.89	270
75.22	11
35.29	234
34.07	266
34.25	205
34.07	240
36.21	280
36.3	142
34.58	263
34.89	170
34.86	127
73.27	7
34.67	230
33.99	274
34.98	233
35.01	211
34.64	227
35.08	276
71.43	6
35.48	183
33.55	152
33.9	260
34.62	259
35.42	226
35.07	214
34.18	272
34.61	246
35.12	241
34.38	229
34.56	277
35.85	273
36.34	197
68.1	18
34.58	268
36	206
35.38	187
35.1	204
35.61	249
34.99	271
35.05	241
34.55	235
35.87	164
35.51	237
34.13	278
72.26	4
34.22	279
34.68	257
35.93	189
34.57	261
34.47	276
36.07	181
35.36	203
34.34	234
67.36	31
43.52	107
35.55	202
34.06	254
34.5	200
68.34	26
35.4	183
33.88	169
34.32	246
35.1	277
34.68	230
35.31	264
33.24	93
37.24	209
35.46	237
35.66	274
34.62	121
34.68	280
66.48	1
35.44	144
35.12	232
34.66	186
65.79	15
35.3	198
34.36	230
34.81	224
34.54	279
34.02	175
34.98	247
34.34	278
35.03	268
34.23	204
67.72	24
33.74	269
34.33	271
35.41	196
35.35	232
33.53	280
34.29	253
34.85	265
34.53	234
71.63	7
35.64	122
34.6	192
34.99	277
34.95	232
36.43	212
34.53	244
34.78	150
35.1	265
34.81	172
35.85	232
35.48	250
66.11	4
33.96	275
34.27	254
35.62	257
33.81	267
67.66	18
66.45	4
35.27	205
43.63	73
34.8	229
35.25	258
35.2	243
35.08	154
33.35	264
35.05	241
34.84	205
36.28	218
34.67	276
35.23	471
35.78	280
67.59	7
34.24	249
34.57	152
34.23	235
34.79	207
34.06	276
75.2	21
35.21	179
33.74	234
34.03	274
33.9	235
45.59	3
34.36	198
34.96	237
75.82	6
35.67	237
34.59	402
34.96	237
34.65	276
34.85	235
34.26	144
34.46	213
32.11	12
69.95	12
52.19	56
34.9	253
33.89	269
34.95	246
34.94	210
34.97	203
35.3	225
33.9	273
34.01	265
34.46	257
34.25	255
34.47	268
35.84	238
33.96	258
35.86	246
66.11	12
35.4	393
35.67	200
62.49	25
33.82	214
34.81	197
34.02	214
34.96	274
34.23	280
34.68	243
34.95	110
34.8	259
35.16	261
34.08	242
35.01	207
35.48	136
65.61	25
34.33	192
34.22	231
35.17	133
34.56	196
34.46	276
33.82	263
35.12	223
35.46	245
33.87	109
34.34	259
73.64	1
34.23	97
33.82	245
34.05	270
35.01	247
34.47	273
35.32	213
35.14	267
34.97	236
34.76	244
35.66	266
74.17	3
33.78	183
35	238
35.49	177
34.76	203
36.04	239
69.94	18
35.28	270
34.56	277
35.42	225
34.75	267
34.54	238
34.14	250
34.68	242
34.92	265
35.23	243
35.01	238
34.8	216
34.15	264
64.68	7
35.52	187
36.13	203
34.09	271
35.27	211
36.6	235
69.3	16
34.28	231
35.07	189
34.29	263
35.32	113
34.09	275
34.42	180
35.51	222
34.05	219
100	0
33.89	270
34.82	259
34.61	193
35.05	237
34.99	270
35.79	193
34.8	268
35.52	264
36.07	216
34.72	256
34.53	239
34.07	265
34.61	269
35.22	212
34.52	245
34.27	279
33.8	223
35.04	150
67.32	12
73.95	13
35.13	207
34.85	262
34.19	264
35.25	203
34.14	260
36.3	184
34.71	160
35.03	238
34.18	280
34.74	146
35.28	154
34.39	275
35	259
69.1	2
35.42	258
35.07	273
33.43	271
34.07	213
32.78	32
33.78	272
35.16	258
34.36	168
33.8	266
34.43	277
67.98	5
34.04	267
36.33	189
33.8	264
35.12	193
34.9	254
35.68	238
35.09	231
34.84	169
68.58	25
34	275
33.73	278
33.27	274
35.13	178
34.94	254
34.98	217
69.77	19
34.75	147
35.4	134
35.03	270
34.42	277
34.37	255
35.12	243
34.89	236
34.54	275
66.6	24
34.07	165
34.06	240
65.93	2
34.88	267
34.35	207
35.85	207
34.43	272
35.11	254
35.28	272
34.9	252
33.89	244
35.72	238
35.72	139
35.24	251
68.56	12
34.25	267
34.38	271
34.58	264
34.08	271
47.17	79
43.15	134
34.51	205
69.88	17
34.54	221
35.38	266
35.43	251
50.21	66
33.79	204
33.54	58
35.2	179
33.4	260
33.88	277
34.39	228
51.98	73
33.83	274
34.24	252
63.7	52
70.94	18
34.24	151
34.21	274
35.3	230
34.78	267
35.76	239
34.01	222
64.89	3
35.05	217
35.64	263
35.23	203
34.99	273
45.18	57
34.29	199
34.7	246
32.87	243
51.94	19
34.1	263
35.31	156
35.23	227
70.41	5
44.43	71
34.29	197
65.28	5
34.14	35
34.59	274
35.81	244
34.95	220
34.41	120
34.25	278
34.96	223
34.49	184
34.61	245
34.6	274
34.83	192
36.02	166
34.29	186
35.18	180
34.39	267
35.13	233
34.3	192
76.84	10
35.01	261
35.35	193
34.71	183
33.73	258
34.2	219
35.26	209
34	241
33.44	57
34	239
73.77	6
35.57	249
35.09	223
35.17	268
35.13	243
35.23	134
32.83	29
34.66	147
34.33	241
69.51	19
34.17	275
35.92	150
66.55	22
68.58	4
34.8	222
33.7	272
34.43	261
34.36	179
31.37	21
34.43	193
34.64	264
35.23	279
68.98	21
34.7	135
35.71	239
34.45	264
34.89	280
35.04	217
34.76	253
34.78	201
35.12	191
35	223
35.17	268
35.13	243
35.06	239
35.41	134
32.86	29
34.68	147
33.89	280
69.59	19
34.17	275
34.63	271
34.3	165
34.03	256
33.26	258
34.82	198
77.01	8
34.31	76
34.41	280
34.91	153
34.14	280
34.85	222
35	259
35.36	247
34.87	267
35.09	224
35.15	252
33.71	275
35.37	254
67.56	14
34.9	278
34.58	92
34.74	72
35.52	227
35.57	202
35.1	265
34.04	273
67.25	11
35.1	256
34.26	119
35.15	92
35.7	218
35	227
35.55	232
34.47	270
35.18	226
35.07	202
35.43	187
35.36	141
67.93	16
35.5	91
67.19	28
33.7	223
34.82	277
33.12	264
34.69	265
34.24	251
34.55	245
34.67	201
34.89	210
34.89	188
34.23	352
35.56	202
67.05	9
34.64	268
34.13	226
34.94	177
34.4	171
34.21	253
34.17	200
34.39	259
52.29	11
35.75	203
34.99	241
34.56	277
50.24	67
73.07	7
35.13	176
34.88	208
34.95	234
35.05	198
34.47	276
34.49	227
34.29	269
34.28	205
34.08	250
34.19	235
68.48	1
33.23	40
35.39	174
33.46	198
66.14	9
35.31	220
35.19	263
34.7	221
35.63	217
32.87	272
35.44	200
35.04	197
34.57	135
34.28	253
35.11	237
34.54	268
34.76	270
34.36	252
34.49	273
34.87	254
34.83	225
67.27	17
34.8	212
34.34	270
34.8	273
67.22	13
34.1	266
35.28	95
34.97	260
35.88	279
34.3	238
35.5	180
34.14	263
34.88	190
35.06	240
35.36	188
35.02	242
34.15	242
33.32	17
33.22	277
33.71	242
36.35	168
74.22	7
34.29	243
35.49	162
79.42	7
35.01	242
34.87	276
34.72	268
34.38	263
35.09	257
35.11	210
34.84	254
34.17	212
40.19	14
35.15	236
68.41	22
53.79	199
47.48	18
36.48	227
35.48	229
35.65	179
35.17	273
65.12	6
35.56	181
35.02	257
34.9	95
35	226
66.29	13
34.82	186
34.24	265
35.23	198
36.29	180
34.8	216
71.58	5
36.16	162
71.51	1
36.11	240
34.91	175
35.46	279
33.36	38
34.34	267
34.58	201
34.88	106
34.52	244
34.89	212
35.08	189
36.42	180
36.04	155
65.82	5
34.95	190
33.96	270
35.16	258
35.16	184
34.09	199
34.69	275
35.23	198
69.59	23
33.82	271
34.53	263
35.8	262
34.67	271
35.14	133
35.06	246
33.53	246
34.26	253
34.17	56
34.51	104
66.77	11
34.92	144
34.18	263
33.88	271
33.93	229
35.35	195
35.16	275
65.85	7
34.73	279
34.04	257
34.84	235
35.74	228
34.97	239
36	239
34.11	269
34.86	239
35.49	235
36.01	179
70.84	17
34.54	257
35.23	239
35.67	238
35.36	254
51.99	53
35.02	154
34.57	271
35.17	262
35.23	227
35.49	232
36	165
34.49	280
33.89	270
34.73	201
34.81	273
33.86	36
66.94	9
34.26	277
55	132
34.06	272
33.85	263
35.23	236
36.24	210
75.68	15
35.35	205
34.31	266
34.3	280
35.1	258
36.23	238
34.6	232
35.76	212
34.07	176
35.63	150
41.93	63
44.14	75
68.44	21
34.87	274
34.84	269
35.26	162
35.35	200
34.16	275
34.17	253
36.68	1
34.72	258
34.59	230
34.62	249
66.05	11
33.92	279
66.73	7
34.7	247
35.01	270
35.51	242
34.21	120
35.33	193
34.67	267
35.09	249
34.03	99
34.65	145
37.37	144
34.27	260
66.65	6
35.05	174
35.08	265
34.01	243
35.33	176
34.41	226
34.43	254
33.91	270
34.85	252
34.05	276
73.09	4
34.29	107
34.09	240
33.45	265
32.91	274
33.92	110
32.81	255
34.49	254
33.69	279
33.97	243
34.53	290
34.22	241
33.82	280
35.29	146
34.53	268
68.93	7
34.43	248
34.47	251
34.83	230
71.68	15
33.73	246
35.08	214
34.94	214
34.98	214
35.52	253
34.94	214
35.22	232
66.72	4
36.15	241
34.32	238
65.89	3
34.9	476
34.51	272
35.02	238
35.82	191
35.29	267
66.62	13
34.84	222
34.05	228
69.83	3
35.02	230
35.75	167
35.16	212
34.04	175
34.96	222
34.92	222
33.16	46
34.98	269
67.79	24
35.06	238
33.41	272
33.45	257
34.87	275
33.75	280
33.71	259
34.6	207
34.25	234
35.2	211
67.67	24
34.91	269
34.16	234
34.87	82
33.48	280
33.48	229
34.07	245
33.62	264
34.87	275
48.89	44
34.84	234
35.8	222
34.81	216
34.12	275
33.86	268
63.12	73
33.93	270
33.93	199
34.2	199
34.97	176
35.61	217
34.98	265
70.29	17
35.31	235
36.45	157
33.35	152
35.77	225
70.21	1
35.8	349
35.37	179
35.58	249
34.36	273
65.25	17
35.17	267
36.3	215
34.05	145
33.32	269
35.17	208
33.83	257
63.19	40
33.73	203
35.66	159
34.83	231
35.29	236
34.81	122
35.5	201
34.56	190
34.54	239
34.27	274
66.64	9
34.85	219
33.69	232
35.81	195
34.22	279
33.7	135
35.6	220
33.89	196
32.87	232
36.05	204
34.44	279
34.15	274
34.88	275
34.86	263
35.38	230
33.79	279
34.81	270
34.4	245
35.45	267
69.39	23
34.08	246
68.11	13
34.62	249
35.54	184
35.54	208
35.34	261
34.4	237
34.67	220
35.32	215
33.89	238
34.09	117
34.19	279
35.38	221
34.19	226
34.69	275
34.32	181
33.62	239
35.62	125
63.83	39
35.37	161
34.23	67
34.7	271
34.84	233
34.44	277
34.64	271
35.76	258
34.52	261
34.51	278
34.7	262
66.84	8
34.98	109
34.99	247
33.95	86
34.48	243
64.7	0
34.66	225
35.66	162
34.57	251
34.91	253
33.79	270
73.96	25
35	279
34.34	218
34.65	408
35.28	227
35.38	219
34.12	233
34.54	253
36.1	197
34.32	266
76.02	0
34.98	205
48.03	132
35.44	239
35.38	163
34.92	225
35.81	198
34.59	197
35.44	170
34.92	157
34.62	277
35.25	271
34.24	275
36.09	381
35	253
35.17	231
33.67	268
35.98	210
69.51	29
34.3	265
34.64	275
35.19	217
34.32	277
35.02	268
35.29	243
38.73	105
33.18	54
34.11	220
34.84	147
69.83	20
34.76	191
34.36	277
34.3	220
33.92	131
33.34	275
34.42	231
35.03	202
34.99	231
34.06	266
35.82	175
35.35	273
35.85	139
34.92	274
67.16	12
36.1	240
37.83	58
35.5	214
34.99	96
34.44	223
35.74	267
33.4	264
34.32	244
34.9	180
33.89	199
34.69	95
35.9	179
33.48	264
34.68	260
67.93	18
34.62	262
35.06	266
35.02	252
33.69	279
35.29	213
34.69	231
35.45	248
64.6	6
35.05	233
36.58	208
35.85	114
33.6	265
34.59	215
34.38	208
35.21	158
33.83	249
33.88	200
34.02	267
68.55	28
35.85	237
33.97	252
34.09	255
34.87	253
35.62	201
35.89	128
34.86	205
34.72	200
66.76	16
34.48	67
33.51	276
35.78	160
35.65	147
34.69	279
35.28	167
35.38	164
33.57	261
67.66	12
33.45	251
34.92	260
35.1	258
34.42	163
35.25	178
34.58	201
34.22	153
34.64	319
33.8	173
34.99	249
79.03	12
33.05	56
33.86	262
33.94	171
34.84	200
34.44	138
66.09	14
35.5	277
34.71	235
34.39	269
34.68	267
35.57	187
35.19	237
34.79	261
65.53	2
35.64	253
35.68	110
66.97	9
35	246
36.1	131
35.31	210
35.19	266
35.57	178
65.51	4
68.97	15
34.31	263
35.07	265
69.43	4
35.12	240
34.7	278
34.26	278
36.55	208
34.25	78
34.22	61
35.25	143
34.77	199
33.71	273
34.17	243
33.63	248
33.88	268
71.11	12
34.43	236
34.98	157
33.46	271
34.47	156
34.25	256
69.35	2
35.09	199
34.12	248
42.4	149
33.96	270
35.14	222
34.77	148
34.68	198
34.52	242
35.27	235
34	257
71.71	11
35.25	236
33.85	255
35.59	196
35.36	198
35.41	218
34.28	243
33.56	229
34.75	183
33.9	276
33.98	266
62.98	17
34.43	218
34.34	280
34.74	251
35.36	120
35.05	146
69.4	21
34.09	261
34.94	204
35.86	146
35.39	236
34.02	258
34.83	271
33.73	278
34.29	255
35.21	265
33.7	262
34.44	271
35.25	220
34.07	259
34.82	160
34.55	276
74.17	4
34.96	226
33.98	256
33.81	106
34.71	258
34.64	273
35.28	219
35.49	262
35.81	218
35.06	218
64.63	4
35.55	275
35.16	118
35.23	177
34.54	114
34.23	273
35.43	274
35.09	216
35.06	189
34.36	267
34.9	263
34.64	277
71.35	15
34.5	246
34.38	98
35.63	170
34.71	215
35.15	247
35.44	191
33.99	255
67.48	16
34.06	276
35.58	161
36.09	216
34.21	251
34.99	233
34.84	199
35.66	267
34.97	275
67.92	17
42.99	87
36.74	226
35.11	219
34.81	270
68.48	14
34.75	147
34.53	238
34.65	270
35.3	237
34.53	255
34.55	160
34.83	263
34.94	206
34.18	156
34.64	245
34.93	265
70.76	20
35.94	216
35.3	219
34.31	267
32.77	264
34.25	251
35.42	192
36.19	197
34.69	250
34.77	227
35.19	189
35.73	209
34.52	267
35	251
34.64	167
34.87	276
67.5	8
34.73	254
33.13	80
33.78	49
35.85	147
34.5	202
34.14	263
35.04	266
33.2	58
34.99	267
73.42	11
35.04	227
34.93	260
34.41	213
35.3	188
34.45	148
33.3	265
33.39	223
33.96	215
34.93	283
35.04	245
68.82	26
35.9	217
35.8	236
34.32	83
67.28	11
34.43	266
35.48	263
34.57	201
35.29	193
34.47	260
35.65	247
36.06	305
35.34	201
33.68	262
36.24	126
35.03	157
35.38	270
33.85	225
33.27	280
33.14	68
35.15	265
34.82	240
35.56	109
35.51	241
34.4	266
66.95	16
34.96	234
34.9	238
35.38	273
34.77	203
35.24	265
75.14	5
34.04	244
34.09	266
34.2	276
33.55	273
34.66	217
35.1	154
34.19	231
34.89	276
34.96	277
34.08	258
35.17	169
36.15	156
35.39	170
33.85	256
34.35	277
36.01	143
32.56	54
73.35	5
35.06	244
46.67	18
34.39	263
34.42	278
35.75	149
69.62	20
34.52	148
35.34	171
35.08	193
34.29	269
34.04	198
34.71	270
35.33	183
71.85	2
34.33	247
35.45	200
35.66	223
35	272
34.63	47
34.92	137
34.58	270
35.55	181
34.07	68
34.01	261
71.99	12
34.74	258
51.96	75
35.31	170
34.64	152
34	272
34.83	91
35.23	261
36.31	170
34.77	202
34.7	211
35.36	355
35.37	223
66.87	12
33.88	254
34.8	275
35.26	201
34.45	252
34.6	199
69.98	21
35.97	182
34.8	173
34.8	210
35.83	235
34.69	223
35.26	237
34.81	222
34.34	218
35.17	212
34.34	218
34.34	218
34.34	218
35.3	178
34.34	218
66.5	21
34.56	258
34.85	218
34.51	278
34.42	266
34.3	212
33.56	265
34.33	241
34.93	238
74.18	12
35.09	252
35.12	200
51.95	52
34.64	225
33.37	81
34.52	264
69.7	20
35.17	110
35.27	205
34.52	245
35.1	258
34.92	262
35.41	216
67.86	10
35.12	268
33.9	253
34.24	277
34.9	273
68.34	3
34.59	258
35.98	256
35.77	169
34.5	239
34.57	272
70.35	16
70.78	7
34.82	208
34.28	254
35.08	185
34.74	270
34.86	108
33.76	246
34.83	241
66.41	12
34.7	226
34.83	228
34.69	200
34.58	261
35.03	238
35.27	250
33.8	277
35	234
34.13	254
35.64	139
35.8	255
34.84	234
34.47	211
66.65	12
35.43	279
35.28	176
35.3	231
35.05	247
66.41	4
35.1	228
34.36	269
37.12	102
34.58	275
71.03	0
71.29	10
34.98	277
33.54	255
33.41	241
34.56	277
34.63	208
34.18	272
34.77	273
64.34	34
34.77	198
34.98	228
34.34	158
33.83	230
34.75	160
35.05	260
35.76	236
34.33	272
69.01	11
34.85	194
34.13	275
34.64	273
33.74	244
34.7	247
35.2	117
34.24	274
35.53	134
69.15	19
35.09	217
35.83	208
34.99	248
34.21	241
35	265
35.32	223
35.03	243
35.47	279
34.47	236
34.48	229
34.09	273
31.38	32
34.67	193
34.81	100
33.44	263
70.57	23
34.89	262
34.1	254
35.97	208
35.49	191
33.47	271
33.89	164
34.15	274
68.59	17
36.39	263
34.96	254
35.38	239
35.08	170
52.86	10
34.9	193
35.08	250
35.3	167
34.47	249
34.63	428
71.66	3
34.94	255
35.36	145
35.49	183
36.14	199
35.07	252
33.95	277
35.54	201
34.24	308
34.44	239
68.17	17
34.65	213
34.59	264
34.65	213
34.16	197
71.67	8
31.52	19
34.87	177
34.12	265
33.01	219
33.99	241
33.7	146
35.81	185
35.19	228
35.26	212
34.64	259
34.19	264
36.3	171
34.47	269
34.35	52
68.57	19
36.18	169
33.96	259
34.25	224
34.51	231
34.86	262
34.66	252
34.86	410
34.21	272
34.94	232
67.75	16
35.29	260
34.17	61
36.15	179
34.33	245
34.12	70
33.63	224
34.42	269
35.89	258
36.21	184
34.69	144
33.74	239
84.07	6
34.82	241
34.38	252
35.42	162
35.39	250
34.25	273
34.38	279
66.73	15
34.72	108
33.83	279
36	223
35.15	244
33.67	265
69.87	22
35.71	178
35.08	204
34.45	276
33.57	273
33.91	256
34.46	240
35.18	243
35.78	250
35.03	274
35.22	217
34.5	276
35.87	167
67.15	14
34.35	96
34.83	252
67.93	8
34.93	245
36.25	242
34.95	245
33.66	272
34.38	269
35.07	236
35.21	236
34.6	236
33.64	212
34.69	142
63.03	25
35.32	238
34.62	279
34.09	265
34.17	278
33.84	280
34.93	212
35.24	176
36.27	231
68.46	20
35.06	260
35.38	129
35.18	208
34.66	246
33.47	262
34.72	207
34.09	255
72.73	5
34.42	197
33.72	279
33.12	269
34.47	221
33.74	273
73	9
33.96	237
34.49	274
35.26	131
33.63	70
34.11	261
56.22	28
33.88	224
34.82	220
33.95	270
35.87	218
34.89	262
69.62	15
35.15	236
35.17	272
35.62	230
35.05	228
35.13	198
35.04	260
34.97	276
33.65	265
70.19	3
33.82	269
35.32	225
33.42	269
34.24	226
33.93	266
33.03	76
34.87	236
65.84	21
34.74	226
34.66	262
34.24	263
34.54	255
35.33	200
34.64	147
34.98	150
34.73	244
33.91	280
35.22	277
69.31	22
34.81	216
35.3	236
32.94	39
35.25	257
35.06	220
35.17	149
36.46	230
34.51	257
33.52	266
33.5	267
35.22	148
33.77	241
35.31	250
34.41	275
34.65	197
70.87	26
34.93	265
36.5	236
34.62	279
50.42	65
34.84	276
34.57	277
34.63	276
35.38	181
69.3	19
49.62	66
34.81	252
34.24	279
36.03	235
34.47	264
34.59	235
34.89	246
34.01	274
34.17	261
35.23	110
32.48	33
33.21	83
70.74	23
35.81	254
35.01	249
34.73	260
70.61	20
33.78	261
34.15	253
35.73	180
34.9	135
36.28	202
34.58	173
34.34	242
33.12	272
35.18	210
33.85	222
35.5	260
69.09	19
34.57	263
36.13	274
35.19	265
33.99	276
34.45	263
35.52	285
70.13	16
33.83	253
33.39	56
33.92	170
35.13	260
46.37	80
42.85	67
33.91	263
35.16	278
34.16	209
35.82	234
69.38	16
34.48	178
34.16	232
33.87	267
35.69	231
34.63	234
34.02	267
34.87	256
33.79	270
35.94	208
34.27	266
35.05	244
33.84	236
67.73	12
34.87	235
35.53	217
34.29	253
34.17	274
34.31	244
34.31	205
34.72	252
33.49	261
70.64	15
35.04	174
34	276
34.15	280
34.04	244
35.41	258
34.73	263
35.76	240
34.83	264
35.11	233
33.73	255
34.68	224
33.62	245
68.01	16
37.69	56
66.72	3
34.24	223
33.78	258
35.17	253
35.66	248
67.58	15
36.05	239
38.87	43
66.04	1
34.4	276
34.3	207
34.23	279
34.54	265
69.06	15
33.83	65
34.91	240
34.4	251
34.48	260
34.64	215
34.65	254
34.79	231
34.58	259
69.71	13
34.53	278
33.7	280
33.94	265
35.07	272
34.21	261
34.52	278
34.91	260
34.04	257
34.74	234
35	265
34.59	246
66.74	12
34.48	265
34.65	274
35.26	211
34.51	261
35.17	150
34.45	274
34.34	209
33.8	263
34.5	170
34.32	232
34.81	254
35.72	195
34.03	255
34.83	272
74.76	9
34.34	279
35.43	226
35.13	247
35.7	151
34.2	264
34.1	200
34.28	269
35.76	193
35.44	182
65.88	8
34.46	196
35.86	226
34.3	211
34.82	67
35.56	240
35.04	255
67.78	20
35.23	217
34.8	258
33.01	200
34.71	267
34.46	270
34.21	153
34.4	277
35.33	263
35.31	221
35.1	218
34.16	157
76.4	6
35.34	239
35.06	234
34.31	143
33.27	270
34.98	270
33.33	280
33.76	245
34.87	170
35.5	179
35.19	204
65.58	28
35.41	129
35.33	258
34.09	280
34.68	256
34.26	263
35.3	252
34.7	217
67.84	7
34.29	267
34.31	276
35.57	228
35.27	95
34.21	280
33.71	197
34.52	274
33.46	253
34.63	209
32.08	76
63.47	10
34.08	277
35.05	190
51.63	6
34.14	68
34.46	253
34.82	268
36.25	205
33.94	253
34.65	220
71.42	16
36.21	238
34.39	273
35.1	240
74.54	11
34.01	277
36.03	193
35.09	263
33.73	228
35.69	199
33.94	256
34.29	271
67.49	14
33.77	243
45.05	386
34.05	315
33.72	299
34.71	280
54.41	6
34.11	250
33.64	311
33.68	301
33.83	240
60.02	17
34.41	232
59.89	17
59.64	17
34.13	230
68.77	52
33.97	253
56.44	20
37.7	59
59.65	17
60.21	35
60.64	35
68.23	51
34.66	290
61.73	75
41.94	227
42.16	126
34.45	186
41.67	221
38.03	59
59.98	24
59.58	17
59.73	17
58.14	20
35.9	185
35.1	262
34.34	264
34	300
35.08	202
33.67	298
33.65	311
32.96	310
33.86	299
60.19	37
32.98	309
35.38	188
34.67	76
34.66	237
32.67	308
34.85	235
59.91	29
34.69	209
61.62	74
33.92	310
60.4	24
33.19	313
33.56	278
34.6	289
33.8	283
59.84	23
38.15	328
58.07	38
33.44	301
34.7	283
33.09	287
67.61	46
33.37	301
33.69	295
41.11	213
33.57	311
43.64	122
58.84	45
34.01	249
60.46	17
33.7	305
67.25	41
34.95	268
34.35	243
45.03	270
61.02	18
65.3	13
61.78	11
59.39	51
68.16	23
61.98	8
57.74	26
57.37	18
57.34	18
62.03	11
33.03	313
50.37	144
34.74	193
32.86	309
33.14	311
32.8	300
33.87	301
60.72	18
62.55	71
33.41	277
56.63	56
36.09	132
57.93	45
35.05	270
34.67	208
33.16	293
33.91	271
49.73	109
35.08	196
33.77	298
49.9	77
49.64	80
34.68	255
32.92	297
52.24	73
59.98	18
33.57	256
49.1	126
60.58	17
33.26	266
41.9	220
33.62	115
51.86	60
40.96	275
60.9	21
49.44	65
59.68	18
34.05	270
33.85	306
58.58	36
33.91	300
32.48	306
42.03	211
34.23	311
33.18	277
68.22	47
32.94	292
69.19	47
35.03	292
34.08	272
35.26	193
56.92	18
34.35	313
33.19	308
60.26	32
33.12	312
60.94	16
64.81	43
43.75	89
60.95	13
58.23	37
34.75	311
60.49	2
35.02	404
33.47	311
33.95	289
45.34	80
33.8	264
55.15	17
33.24	222
34.33	313
42	159
34.58	267
35.18	415
55.62	12
57.98	58
66.84	40
34.44	310
60.64	17
33.74	299
58.98	33
33.48	297
67.71	44
35.82	176
59.04	41
45.41	83
55.8	17
34.05	310
33.88	312
34.01	279
33.84	233
34.57	290
59.39	12
44.5	61
58.1	25
54.41	67
33.83	286
55.9	31
38.83	89
35.68	186
43.72	214
33.3	299
60.36	14
34.95	263
34.99	274
32.8	302
34.67	290
39.3	328
33.4	302
66.73	41
41.99	217
39.32	352
34.06	272
33.45	310
59.98	25
32.62	310
33.57	272
34.78	267
58.6	18
59.98	19
32.71	310
33.81	271
33.25	305
60.28	36
34.22	309
34.01	280
33.34	304
33.48	304
33.53	313
34.81	239
35.16	239
34.85	239
34.93	239
35.18	239
59.92	36
61.73	76
33.44	260
62.39	59
34.8	202
34.07	260
33.55	295
68.45	51
34.01	300
33.52	210
69.29	48
32.77	303
40.37	264
34	307
35.06	138
34.84	221
39.13	57
60.03	17
59.93	21
44.29	313
33.83	232
33.17	292
60.06	18
33.3	308
33.64	300
33.41	28
60.97	22
61.71	17
61.31	18
56.43	20
67.93	16
33.48	310
41.46	95
34.63	301
60.41	39
61.24	12
59.67	28
34.56	266
33.72	308
33.81	117
34.09	295
55.19	16
67.45	50
60.99	18
44.48	103
39.96	60
