sim	len_diff
34.19	91
35.4	63
34.52	83
35.48	29
33.51	87
34.7	51
36.22	71
35.51	54
32.3	3
34.54	70
35.65	36
34.08	74
33.77	2
35.71	24
37.41	27
32.68	79
34.15	40
34.81	79
35.3	61
32.05	39
34.56	35
33.56	33
37.56	17
33.07	32
31.39	41
33.09	17
33.54	8
34.5	66
34.46	65
37.39	39
35.26	18
36.64	47
32.61	25
34.31	31
33.41	51
33.08	78
33.82	46
34.6	53
34.77	33
34.85	29
32.98	70
35.28	25
30.8	23
35.22	19
36.09	70
34.28	30
37.64	39
43.59	16
32.55	71
33.56	71
34.23	20
35.57	28
35.45	32
31.79	67
34.28	37
34.28	37
33.57	60
30.36	44
35.7	32
34.5	31
32.9	15
30.38	43
33.25	22
31.9	41
32.52	44
33.05	37
33.77	23
34.69	28
33.44	24
31.48	43
34.36	42
36.55	27
40.02	21
36.55	27
36.14	22
38.42	23
33.3	54
35.24	74
35.44	31
34.34	55
32.67	49
33.29	55
34.57	34
38.51	4
32.37	73
35.53	51
34.06	4
35.43	76
35.54	70
35.18	41
34.67	30
33.07	82
35.08	15
32.71	75
34.52	21
33.75	88
34.98	42
31.16	43
34.56	42
34.78	20
35.01	82
33.34	42
34.19	2
35.8	43
36.19	26
34.03	40
36.59	40
36.31	41
33.13	90
33.99	65
36.66	19
33.42	42
34.8	64
33.39	90
34.4	91
35.64	23
33.61	20
37.5	34
35.29	51
35.42	26
31.79	28
36.95	38
37.51	24
35.18	13
35.03	41
33.82	86
33.61	19
36.56	77
35.2	38
33.29	23
40.13	19
36.57	37
34.85	28
36.59	38
35.78	26
33.22	50
33.92	23
30.68	29
31.36	21
35.43	28
36.31	26
32.42	84
37.47	36
35.01	21
32.91	31
36.08	33
34.97	25
32.94	51
34.5	43
35.29	23
37.34	32
35.26	75
33.8	91
33.89	76
33.11	35
35.68	32
33.71	23
34.85	26
35.22	32
32.92	43
35.71	28
31.24	62
34.56	82
34.19	39
33.51	45
33.75	45
32.41	75
33.03	45
40.97	14
33.65	60
33.72	62
34.12	47
33.32	40
34.67	72
31.79	86
38.11	26
35.68	32
32.91	29
35.57	30
37.22	29
32.5	49
32.94	65
34.85	57
34.76	66
32.17	21
31.9	24
32.76	23
34.54	15
36.22	43
38.11	31
32.82	44
34.86	38
31.31	41
31.04	42
32.63	41
34.08	45
31.27	41
33.52	54
36.44	85
34.69	21
36.94	18
33.73	39
36.84	24
34.71	38
34.2	30
34.19	41
33.98	34
33.18	22
33.77	37
35.31	20
31.87	62
31.88	35
32.05	43
32.38	64
35.2	43
33.69	37
33.41	50
33.21	42
31.72	39
34.13	27
32.91	78
33.04	27
35.14	35
38.6	24
35.81	56
33.04	27
30.15	41
35.35	28
31.6	38
32.52	86
32.08	39
36.08	34
32.65	27
35.49	5
35.15	48
34.34	38
36.24	27
34.9	62
32.73	32
32.3	42
33.19	40
34.93	36
31.84	36
32.19	39
36.54	27
37.55	21
37.59	40
38.13	36
34.34	63
31.52	34
34.27	27
33.7	31
35.58	89
36.28	13
33.66	46
36.39	17
33.64	34
34.91	40
35.06	39
32.61	35
33.07	86
33.05	37
32.21	42
35.21	57
36.29	3
37.05	26
31.41	15
36.44	57
33.24	66
35.45	72
35.58	92
35.38	19
33.82	28
32.96	65
33.74	54
36.09	21
33.51	16
36.31	27
35.52	61
33.77	2
33.52	3
36.56	52
32.58	64
36.82	17
33.84	79
33.08	38
35.88	13
33.61	17
35.3	30
34.3	35
35.75	24
35.52	21
37.55	17
34.63	41
38.3	24
33.53	40
34.92	38
34.4	17
37.28	21
32.31	26
35.09	31
35.2	13
33.35	84
34.75	54
33.78	2
33.98	24
34.08	36
38.24	18
37.72	41
37.02	20
37.83	14
42.82	30
32.82	31
34.8	36
35.13	87
35.75	42
33.21	65
34.53	37
35.18	31
36.04	18
34.72	77
33.01	90
34.86	73
35.73	34
34.28	82
37.77	29
36.42	79
40.58	22
35.8	34
38.33	23
33.08	43
36.06	35
36.41	59
34.96	66
33.97	56
36.75	27
36.44	26
32.91	41
33.59	73
34.14	43
38.65	13
37.6	64
35.66	61
35.22	51
36.48	12
32.9	79
34.33	43
33.87	32
31.26	20
31.32	15
32.62	50
30.97	45
31.62	35
33.78	41
34	4
33.47	46
33.14	31
34.83	10
32.94	9
35.66	26
32.39	28
35.89	51
32.51	33
34.59	57
33.95	53
36.66	26
31.6	29
32.97	3
32.39	22
33.06	19
33.86	59
33.1	38
35.93	38
33.82	6
34.39	1
32.71	16
33.04	26
34.05	41
32.55	56
33.81	20
35.44	43
34.44	24
31.18	69
32.4	27
34.95	31
31.51	60
35.42	36
34.65	29
34.05	28
33.98	63
35.97	52
33.73	65
54.98	25
35.23	57
36.81	41
36.91	14
38.55	41
34.32	29
33.81	57
37.39	35
35.73	26
39.1	19
33.33	35
35.95	38
30.81	35
33.71	30
32.06	11
32.65	66
32.24	67
32.5	18
31.57	27
32.93	65
31	62
32.48	62
32.77	29
32.18	57
31.93	46
33.79	48
31.82	57
31.6	51
31.62	45
33.88	30
34.08	27
33.23	64
39.22	24
35.17	30
35.15	24
33.38	65
35.73	29
34.31	73
34.88	42
37.3	35
34.06	38
35.52	26
35.69	34
42.04	4
33.78	38
37.91	21
34.33	33
37.84	8
31.66	14
37.91	31
37.98	29
30.43	40
34.01	36
32.1	27
35.09	41
33.18	27
34.23	7
33.17	71
34.86	22
33.74	52
34.41	2
35.54	16
34.2	30
35.58	54
35.82	55
33.68	32
34.6	36
37.97	56
36.46	39
36.4	26
34.26	32
34.28	42
33.32	13
36.25	27
34.24	34
34	69
33.77	18
32.96	33
33.18	57
31.86	12
31.4	11
30.44	29
33.8	17
33.06	25
32.67	26
31.72	5
31.8	32
32.4	46
31.69	70
30.93	6
33.28	23
33.28	23
33.78	38
33.91	37
33.75	20
35.14	58
33.86	38
35.64	23
34.93	13
34.67	43
33.04	34
32.33	57
32.08	27
30.81	33
36.06	37
30.67	30
32.81	35
33.18	12
34.93	48
34.76	32
33.07	60
36.19	32
37.32	13
36.84	53
37.67	11
34.14	23
36.08	24
33.8	27
34.59	10
35.32	70
33.48	11
35.07	39
32.91	67
33.66	71
31.54	51
34.06	37
31.76	31
32.03	30
32.49	17
32.03	24
35.52	48
30.79	21
34.68	40
34.55	35
30.16	61
34.96	71
33.38	56
30.24	49
33.22	50
33.71	20
35.22	27
34.33	37
37.57	42
37.17	31
36.44	26
34.7	33
37.39	40
36.8	34
39.5	26
37.07	2
32.32	22
33.09	25
34.09	33
35.4	12
35.29	26
33.22	37
32.61	50
34	14
33.54	28
34.64	34
35.35	28
30.35	31
31.83	31
32.2	38
32.9	26
33.81	60
32.38	27
34.97	20
33.35	26
32.34	15
35.14	34
33.02	35
33.63	37
35.31	24
35.02	34
33.98	38
33.76	18
37.44	24
33.08	20
37.9	35
33.58	37
31.49	34
33	32
30.67	30
31.02	23
32.2	37
31.6	56
30.86	38
32	59
32.64	67
36.15	29
31.75	33
36.53	20
36.66	32
35.73	39
35.39	46
36.42	30
37.53	35
35.17	17
34.48	27
35.95	37
36.25	35
34.36	27
36.03	29
34.05	26
34.91	48
37.02	20
34.07	16
33.69	18
33.46	32
31.47	28
33.9	35
35.3	29
35.03	46
35.03	46
32.65	57
32.69	37
34.51	37
35.03	46
35.03	46
32.79	43
34.25	39
33.89	37
31.55	40
34.5	46
35.48	28
31.95	25
34.42	14
32.66	4
33.77	31
35.07	27
33.8	38
34.72	22
36.02	29
34.38	40
32.13	71
34	52
36.29	13
32.96	36
30.14	40
33.4	25
36.46	33
36.29	40
32.19	37
35.67	30
38.19	10
35.32	20
35.78	37
33.42	39
33.34	54
37.26	35
35.31	32
37.23	57
37.92	33
36.53	31
36.8	23
36.78	35
36	33
36.1	39
34.97	30
34.48	24
36.92	14
34.43	33
36.57	7
37.23	38
40.51	8
36.41	38
33.92	36
32.61	36
33.18	38
30.64	30
35.73	60
33.43	68
35.5	15
32.2	66
31.82	35
34.97	38
36.24	37
30.9	39
34.62	24
36.61	19
32.24	61
34.44	14
36.08	21
35	23
36.81	27
31.39	46
33.71	35
33.94	64
32.81	28
31.45	65
30.2	48
33.68	22
33.36	41
32.19	30
31.19	33
36.41	37
31.1	69
32.51	46
31.16	64
35.07	39
31.86	67
36.88	15
33.8	70
34.68	32
34	7
34.6	38
36.09	18
33.74	2
35.71	65
39.55	25
38.61	20
38.51	29
36.23	19
34.61	39
35.08	25
35.86	69
34	20
31.52	30
37.7	37
34.41	31
32.77	64
34.27	30
31.27	16
33.17	29
30.62	47
32.53	21
30.95	23
31.6	29
33.53	54
32.72	21
31.89	26
32.1	22
31.08	60
31.93	60
34.17	63
31.76	27
33.53	42
30.66	66
31.31	39
34.5	28
30.78	30
32.96	30
32.3	19
35.38	29
34.14	47
34.39	35
38.91	24
38.44	37
36.67	64
36.83	52
40.14	19
37.64	10
34.66	26
35.22	29
37.54	19
35.53	51
36.22	33
35.58	39
31.71	30
31.79	54
33.7	39
32.02	4
34.41	43
34.68	22
31.26	32
32.53	63
34.55	56
34.9	24
36.09	48
33.89	71
35.11	29
35.09	30
36.7	37
32.68	31
34.77	51
33.65	56
31.88	34
34.53	36
36.56	38
36.14	36
35.06	10
35.51	34
35.86	36
36.13	63
35.5	58
35.2	43
34.53	53
31.73	36
34.08	36
34.52	61
34.31	25
33.49	9
32.92	37
32.66	46
34.96	73
31.36	21
33.83	32
31.68	37
31.78	6
31.12	46
31.55	38
31.18	26
31.11	26
33.39	61
30.81	50
33.86	34
33.2	54
33.24	72
32.93	59
33.82	23
33.61	47
31.95	33
33.12	72
33.08	30
37.4	11
37.12	49
37.61	33
34.18	34
35.81	61
36.11	12
34.19	27
31.51	18
36.31	37
36.81	38
37.05	46
34.62	53
35.73	61
34.16	64
35.33	17
33.08	67
33.45	70
35.1	62
35.12	47
35.35	59
32.47	12
33.6	60
34.66	31
33.82	37
30.88	40
31.79	39
32.44	2
30.7	29
32.52	56
32.82	30
35.88	50
35.59	68
34.56	68
34.79	57
34.17	6
33.68	26
36.42	9
37.28	20
33.92	12
33.05	46
34.69	66
35.6	38
33.39	60
34.18	68
34.15	37
31.92	72
32.11	48
34.93	34
36.48	16
37.67	22
32.1	14
36.77	25
35.1	72
36	36
33.65	0
34.42	70
36.32	34
34.61	11
52.63	35
33.36	12
35.22	57
36.58	45
35.02	58
36.58	8
36.38	8
36.05	66
37.77	11
34.26	47
35.67	56
34.86	14
32.35	49
35.29	30
32.68	33
34.32	32
32.39	29
32.42	26
33.12	51
31.88	35
33.06	50
33.54	28
33.42	38
36.16	22
36.22	31
35.43	40
35.65	37
38.6	12
34.06	57
35.81	24
35.63	4
35.22	62
34.56	18
34.84	10
37.38	58
37.1	55
35.82	38
34.66	24
33.94	58
34	20
31.45	15
35.05	40
35.54	51
33.7	65
36	38
34.19	54
36.82	12
33.85	18
33.74	47
30.79	7
31.76	38
34.11	46
35.29	36
32.46	17
32.04	23
32.48	59
32.4	30
35.9	31
33.92	13
31.87	65
33.13	18
32.83	69
36.3	14
30.99	71
35.36	14
33.08	68
35.31	9
34.41	71
33.5	58
35.13	38
33.66	68
34.96	35
33.47	50
32.67	45
35.66	65
31.46	28
33.02	23
32.33	53
33.33	67
34.8	30
33.3	25
33.35	59
36.77	49
36	3
34.33	40
40.1	20
38.56	17
36.65	72
34.28	35
34.56	37
35.17	20
35.2	31
31.78	37
34.23	37
34.52	28
33.35	8
34.91	20
34.53	68
36.96	12
32.1	38
35.73	31
34.4	39
34.15	23
31.17	37
35.57	36
32.81	51
34.44	45
31.32	35
33.97	56
32.64	21
32.29	55
33.69	39
30.04	40
32.79	35
34.25	41
32.15	65
33.68	33
34.56	60
31.08	38
34.13	33
36.82	25
36.43	29
34.34	22
34.26	28
35.93	7
34.8	62
36.68	5
33.9	62
34.66	24
31.96	31
33.73	64
34.6	39
34.82	50
32.81	45
34.49	38
32.68	15
31.7	28
33.77	37
33.77	37
33.53	39
30.2	31
33.14	56
33.07	38
33.45	52
35.54	60
35.51	44
34.83	60
38.22	42
34.85	27
35.19	54
33.08	55
32.82	0
35	40
33	23
33.19	34
32.82	36
35.56	13
33.7	72
36.88	51
35.57	17
31.76	39
35.57	72
34.19	8
34.56	34
33.32	48
33.18	24
34.56	38
34.1	20
32.89	15
34	34
35.42	43
32.55	55
32.58	59
34.42	26
32.16	34
33.74	33
35.7	38
33.69	35
32.32	22
31.72	18
33.3	60
32.53	12
32.52	14
35.54	62
34.76	24
33.34	66
30.64	28
34.87	40
33.91	55
32.04	37
38.57	10
32.98	30
34.46	35
34.5	25
35.82	42
32.78	33
34.92	58
34.42	15
33.05	26
32.05	60
31.3	39
32.14	38
31.41	52
32.88	58
33.76	33
32.9	36
31.21	40
32.09	28
33.32	33
34.63	16
36.43	49
36.65	16
34.54	61
34.73	16
33.79	28
37.36	44
33.46	39
33.72	32
39.39	15
34.2	68
34.19	49
31.97	36
35.57	14
33.99	42
32.42	22
32.51	12
31.96	40
32.51	12
36.86	35
32.07	61
36.85	29
31.2	33
33.34	17
33.19	20
31.83	22
32.19	24
32.9	16
31.39	39
32.19	49
34.84	60
32.18	27
34.27	7
34.48	34
36.61	38
33.37	72
33.57	35
34.67	64
32.62	9
33.78	53
34.55	36
37.55	18
35.32	39
42.7	19
36.51	35
35.07	37
34.94	40
37.93	39
33.11	33
37.77	29
38.91	20
32.82	25
33.82	72
31.7	25
32.54	69
31.25	62
32.5	66
31.32	27
31.48	41
33.18	39
35.35	37
36.88	17
35.16	7
32.91	32
34.28	40
31.59	8
33.83	30
32.33	33
31.29	3
33.17	30
35.32	27
33.35	14
39.79	15
35.36	17
37.27	27
35.33	29
38.69	32
51.02	23
36.44	33
39.92	17
34.26	72
34.36	24
36.17	71
35.54	20
35.44	10
35.49	61
36.31	26
36.31	26
32.76	47
34.48	7
36.42	9
36.16	28
33.65	58
33.92	57
33.37	54
31.96	26
34.07	59
33.32	55
31.95	38
33.77	35
34.86	31
35.52	59
33.99	30
34.44	72
33.47	73
34.51	15
34.59	50
34.04	33
34.63	61
34.94	28
33.78	20
32.61	26
36.99	20
35.66	43
34.35	53
30.88	35
33.75	48
35.88	15
33.97	33
37.88	32
31.8	33
33.7	50
34.6	27
31.4	71
34.84	52
32.54	49
32.47	65
33.13	30
34.29	55
32.9	36
34.67	22
32.77	37
37.1	57
36.97	58
35.44	21
37.01	38
37.67	65
35.34	68
32.2	3
34.14	7
34.44	65
31.25	22
35.51	24
35.13	30
33.85	35
32.56	68
35.43	38
32.88	30
33.18	53
33.51	26
35.1	48
35.51	34
36.32	24
34.55	32
34.95	20
35.88	35
34.74	55
34.1	13
34.57	15
35.29	69
32.02	33
31.91	24
34.58	37
34.33	12
32.07	36
33.07	38
33.26	32
32.75	39
33.85	24
31.6	32
31.45	63
31.08	36
32.11	42
38.33	18
33.56	24
32	43
31.54	28
33.22	22
32.65	56
32.46	29
35.2	38
33.52	34
33.39	39
35.77	69
34.84	40
32.87	50
36.72	37
32.71	72
36.77	67
33.54	41
32.26	52
34.92	62
34.98	58
32.26	11
33.69	70
34.5	18
34.79	17
34.84	37
33.72	30
35.54	26
34.42	40
34.45	14
30.74	8
34.15	58
33.42	40
30.04	1
35.79	35
32.06	28
33.16	30
32.82	38
34.03	40
35.39	41
31.78	10
35.94	19
33.13	21
33.44	25
32.03	63
35.12	49
34.51	21
34	29
32.67	67
35.53	35
34.84	21
34.64	21
33.08	15
33.44	16
34.81	72
35.66	22
32.98	72
32.24	57
33.08	31
34.34	30
33.02	57
33.74	58
31.89	70
35.58	17
34.46	30
35.17	72
34.37	30
33.71	7
33.85	37
30.8	3
31.6	26
35.77	67
33.63	25
31.76	60
33.4	28
31.97	45
34.13	61
34.34	58
31.58	32
33.68	17
33.97	55
30.48	55
35.28	39
33.46	68
32.81	66
33.54	64
33.15	68
34.93	33
35.48	43
35.65	42
32.67	64
36.71	37
36.55	59
34.87	47
36.59	46
36.08	43
32.35	32
31.32	1
35.66	23
32.1	33
31.21	34
34.31	31
35	43
32.13	27
34.51	37
33.95	2
33.51	37
36.48	24
35.15	22
40.21	22
35.64	27
34.74	60
32.67	32
32.81	60
36.58	2
36.95	22
35.75	37
34.89	57
31.55	21
35.21	19
34.3	32
33.19	38
32.91	66
35.01	29
32.06	63
36.19	64
32.95	52
36.2	32
31.51	72
31.64	27
33.68	39
32.17	35
38.83	17
38.91	20
33.93	27
35.34	36
33.52	31
31.68	34
33.83	49
33.09	39
32.68	40
33.23	37
31.66	30
31.1	27
33.77	20
31.15	34
32.63	59
34.19	45
36.1	5
33.97	73
34.27	36
37.68	21
36.28	19
32.97	29
34.07	35
33.78	37
32.91	71
34.14	16
30.9	24
33.69	2
34.54	70
33.87	54
37.18	36
32.4	31
34.44	37
36.43	17
32.79	49
31.72	58
31.48	58
32.33	68
34.18	4
31.53	3
33.38	22
30.89	49
33.98	46
32.9	62
34.02	63
30.97	49
32.45	29
36.96	29
30.89	17
33.15	52
34.04	31
36.79	27
35.79	15
34.34	28
32.19	35
32	3
35.96	38
32.83	33
36.29	28
32.36	33
33.42	39
34.74	70
36.58	72
36.5	56
35.66	27
36.68	37
35.5	17
33.58	17
37.77	42
35.08	27
34.95	56
34.79	57
35.92	42
33.95	15
34.59	29
34.48	63
35.57	42
35.11	10
32.94	59
35.81	35
35.84	58
35.45	30
34.71	40
33.97	66
36.85	27
34.2	37
34.97	13
34.17	59
36.25	34
32.66	25
34.31	51
31.14	40
36.17	48
31.23	34
32.04	21
32.06	55
35.51	39
34.36	57
32.73	40
34.26	5
31.51	23
33.58	29
33.97	25
33.44	31
33.97	30
33.83	27
32.07	30
32.08	5
32.81	35
31.78	19
34.28	5
32.47	14
35.3	30
33.91	47
33.16	36
38.57	35
35.32	60
33.65	34
35.97	32
35.87	32
34.07	24
36.85	11
35.52	8
33.43	61
34.03	50
34.93	37
32.46	60
33.89	67
31.3	55
35.58	13
34.99	56
36.05	23
34.86	28
33.92	35
35.93	59
35.78	54
34	68
32.8	39
35.58	32
36.58	23
35.05	35
34.26	20
33.07	69
33.68	19
35.33	40
33.25	31
32.83	24
33.48	49
34.79	34
34.14	33
32.16	73
35.94	26
33.57	28
33.7	28
33.98	61
34.26	21
32.14	38
36.19	16
34.7	37
36.26	72
31.55	28
35.44	59
35.26	55
34.96	39
33	31
36.48	35
32.23	4
38.84	16
32.55	37
31.51	38
33.88	15
31.13	39
33.38	37
30.38	47
31.23	38
30.44	28
35.03	40
33.64	34
30.07	35
34.98	21
34.53	1
33.64	55
31.23	47
32.09	34
32.53	36
33.78	35
34.38	73
34.45	3
34.51	37
31.64	36
33.92	23
34.09	60
32.35	72
35.54	54
31.9	55
32.28	71
30.68	10
34.06	38
31.16	36
34.18	25
33.61	37
36.9	19
35.08	38
34.61	30
35.8	40
35.48	36
34.93	39
36.09	53
36.42	47
37.7	25
35.3	45
34	31
34.94	37
37.38	29
34.75	58
36	24
36.21	31
40.86	29
33.11	40
34.78	35
33.52	25
35.2	36
33.27	40
36.06	63
34.79	17
36.51	18
36.43	32
34.39	31
35.93	35
35.44	29
34.94	29
39.85	28
37.39	29
33.7	36
33.91	40
37.54	18
35.65	29
38.73	31
35.1	40
33.9	70
35.44	46
35.18	52
36.65	20
36.21	63
37.72	48
38.29	38
35.51	43
33.78	19
33.51	51
32.84	28
38.83	24
35.55	53
35.72	28
34.48	26
38.47	48
36.27	30
34.55	40
35.34	39
35.27	39
36.23	26
35.93	38
34.47	33
38.09	33
35.89	37
35.28	18
36.4	30
36.25	30
35.52	37
35.15	33
36.36	25
35	17
35.22	30
33.37	9
35.1	64
35.3	22
36.43	44
34.09	39
31.71	38
35.32	28
34.59	72
34.44	32
35.76	68
35.14	50
33.77	40
36.81	63
35.41	48
30.93	55
36	30
37.06	35
31.25	27
32.39	47
34.69	30
36.38	12
31.02	52
36.48	58
32.15	16
33.37	59
34.69	30
31.83	63
35.11	62
34.73	52
32.85	34
34.41	23
33.68	31
33.66	39
34.44	25
35.21	18
33.83	34
32.1	30
35.01	39
32.67	68
31.65	30
33.51	56
35.94	31
34.18	38
32.6	71
31.94	15
34.17	36
33.68	29
32.74	50
33.54	36
34.72	22
34.64	71
33.45	48
32.17	18
35.25	39
40.8	25
32.9	40
33.74	66
37.45	17
36.51	67
38.04	34
33.81	51
38.48	30
34.71	27
38.12	21
35.16	52
33.31	10
36.23	32
36.15	30
35.58	70
32.16	30
36.44	16
35.61	42
37	37
39.21	10
32.81	31
35.16	10
32.16	33
35.97	43
35.8	34
38.18	44
36.19	32
36.08	34
39.56	31
35.15	39
35.82	31
36.26	67
34.58	37
31.87	35
32.44	64
34.28	60
35.93	25
33.1	28
32.77	31
33.17	39
33.83	55
34.86	39
36.87	40
32.76	14
36.15	30
34.83	73
35.28	46
35.51	22
33.32	18
34.91	34
37.69	22
38.09	39
33.41	14
33.78	28
33.77	35
32.03	9
36.51	57
34.14	49
30.42	22
33.57	50
34.01	37
34.69	29
35.28	32
36.06	27
33.66	26
34.91	57
37.47	24
34.05	41
36.68	27
37.06	49
34.11	70
33.32	30
32.02	14
37.53	59
34.06	37
33.25	5
34.54	32
32.91	24
34.54	65
37.11	31
35.29	6
34.64	15
34.68	62
32.93	33
35.66	4
35.09	17
36.71	13
35.7	32
38.16	26
35.01	71
37.59	25
36.76	4
35.09	37
33.13	31
34.81	69
34.64	27
37.2	18
37.46	40
35.03	48
33.85	38
36.64	59
33.38	68
36.45	36
33.18	11
36.28	40
30.85	36
36.28	39
36.11	49
34.23	27
34.41	14
35.64	28
31.23	35
35.71	27
34.48	53
36.77	28
32.97	26
38.34	29
37.44	26
33.04	72
35.38	32
35.45	66
34.98	35
33.92	51
36.3	12
32.4	32
32.31	60
34.09	35
35.32	73
33.04	6
33.34	21
33.91	6
31.09	33
35.7	67
36.39	27
34.78	53
35.72	22
35.1	30
36.5	19
33.04	35
35.73	34
35.57	29
32.38	37
34.82	28
33.48	25
34.93	50
34.94	57
33.89	30
36.32	38
31.35	37
31.35	37
31.79	32
34.82	9
35.13	52
34.68	36
33.2	61
32.12	38
37.4	40
33.81	33
33.5	65
30.98	29
33.41	42
32.69	54
32.65	63
31.95	34
32.46	35
35.57	33
34.84	23
36.94	56
37.88	25
34.91	36
36.89	67
36.35	37
32.43	47
34.5	21
36.88	15
34.29	63
36.01	3
34.93	70
37.03	10
34.25	39
34.65	35
36.66	19
35.59	5
33.08	33
31.94	37
35.38	26
34	64
33.66	37
31.62	47
32.58	29
34.92	17
33.17	35
34.5	31
32.97	65
34.27	32
34.95	39
35.45	29
34.23	37
33.95	51
31.61	32
32.28	8
33.93	29
33.68	28
37.26	31
34.14	38
35.29	35
36.65	37
34.71	36
38.68	19
32.55	32
34.56	40
33.28	38
36.37	43
30.56	23
35.68	61
32.99	68
36.37	43
32.33	18
33.05	36
33.17	63
34.33	30
35.23	52
32.57	68
34.87	36
32.68	16
34.58	21
34.36	37
31.3	39
33.13	60
33.51	43
31.11	14
34.38	67
35.6	6
32.47	72
33.4	20
34.94	65
35.76	39
33.65	57
32.33	42
33.68	7
35	70
36.69	29
32.01	67
32.93	37
33.3	67
34.85	58
30.94	30
35	24
31.66	32
35.03	37
33.79	67
35.04	60
38.68	17
34.17	53
33.79	23
35.39	26
34.83	20
35.12	1
36.45	13
34.98	50
34.91	72
34.67	63
34.67	39
35.38	29
33.09	45
32.34	64
32.51	38
33.52	63
33.47	28
32.66	54
35.75	44
35.08	19
32.61	25
34.41	37
35.08	40
33.56	49
33.18	19
32.76	37
31.95	30
31.78	69
31.09	27
31.07	39
32.11	27
33.25	73
33.19	38
35.52	33
33.03	36
33.64	32
33.39	34
33.17	23
33.39	70
33.59	16
32.65	39
32.92	40
33.07	33
33.01	37
33.92	40
33.27	24
34.29	37
31.16	35
38.63	20
33.55	37
35.76	68
36.76	38
32.27	37
39.43	25
34.63	40
34.62	64
34.41	15
35.83	25
37.16	38
34.48	26
33.9	39
36.32	68
34.05	37
36.64	32
36.09	43
34.78	21
35.69	69
39.32	18
34.17	26
37.22	25
35.79	22
33.22	29
34.6	37
32.96	34
33.35	17
35.57	30
35.06	37
30.67	40
33.97	54
32.77	69
33.75	56
35.72	30
34.63	66
56.03	22
33.85	68
34.73	16
34.05	15
35.62	67
35.64	15
36.64	39
33.51	29
30.62	72
34.12	29
35.26	37
31.08	30
32.97	52
34.11	24
30.88	23
32.52	36
32.89	35
35.44	23
35.98	42
34.32	63
36.07	30
36.36	68
34.87	57
35.96	39
32.96	35
36.72	39
37.75	39
33.96	38
35.72	39
33.58	31
30.36	30
32.88	70
31.73	13
33.72	62
33.13	11
32.15	38
34.69	34
35.35	27
35.16	42
33.16	33
34.42	24
34.93	13
33.59	44
34.98	35
35.35	27
33.44	38
34.34	6
33.68	25
31.26	10
33.87	33
36.05	38
32.19	28
32.03	23
34.36	21
33.67	32
31.43	53
35.68	33
32.84	24
32.9	10
32.76	39
32.18	38
35.36	36
33.33	24
34.21	32
31.93	32
31.36	40
34.98	67
35.07	65
40.08	28
37.93	30
32.8	23
32.5	30
37.32	18
33.01	69
36.96	33
34.67	11
34.84	59
34.68	43
32.48	32
31.95	62
32.48	32
33.92	34
31.27	30
35.09	8
33.7	31
32.21	32
32.48	32
34.2	63
33.7	18
32.75	36
31.75	27
34.58	3
35.1	12
33.55	70
32.82	16
32.03	71
32.72	39
32.97	24
32.77	51
30.39	25
34.93	32
34.39	63
33.91	23
36.4	43
35.09	63
34.83	37
34.5	32
35.7	52
33.6	40
34.86	61
36.79	56
39.66	19
33.58	40
35.49	39
33.21	68
33.51	22
34.45	59
31.97	36
35.46	8
34.86	29
34.44	55
34.68	7
33.34	36
30.66	39
33.68	69
33.21	3
35.54	34
34.64	19
34.32	32
34.32	32
35.15	33
33.54	72
34.32	24
31.59	26
32.87	65
33.24	70
32.98	35
33.7	64
31.02	33
34.71	38
34.86	29
33.99	72
33.29	42
31.28	65
31.95	25
32.98	27
35.28	34
31.43	27
31.42	26
32.36	60
33.05	73
34.47	31
34.39	49
32.62	37
33.85	30
33.64	57
35.94	28
33.07	56
35.79	36
32.03	28
35.16	10
34.55	40
33.85	17
34.42	16
33.03	63
33.53	7
34.2	26
33.82	1
32.19	24
37.73	13
35.46	17
32.89	37
33.74	54
34.93	34
37.2	21
36.82	15
33.93	29
33.51	59
33.75	67
35.23	1
32.56	34
35.43	12
35.52	67
33.65	29
36.42	44
34.61	27
32.89	38
35.43	32
36.16	34
33.26	36
34.43	35
39.37	4
36.24	37
33.59	32
34.76	54
34.01	71
35.64	39
37.33	37
37.51	41
35.14	25
33.98	61
34.67	47
32.59	34
35.74	31
33.57	39
33.94	35
34.36	31
32.58	61
31.21	30
34.13	42
30.73	1
33.7	32
34.58	57
35.46	43
32.16	39
36.42	25
37.22	47
36.11	25
36.65	34
34.04	39
36.19	18
34.8	38
34.19	30
34.12	64
32.85	54
34.2	54
32.76	23
33.55	54
31.2	40
33.56	50
32.69	44
33.34	15
35.25	38
34.59	24
31.42	46
32.86	19
34.59	24
34.59	24
33.27	49
33.25	57
33.41	23
33.7	70
32.69	50
39.22	36
35.85	37
38.18	38
38.35	40
36.6	36
38.06	24
34.77	29
36.16	38
35.95	26
35.98	30
34.07	64
35.51	62
34.6	24
32.59	28
33.73	19
34.42	36
34.29	62
32.2	37
35.29	38
35.62	46
38.07	15
33.83	40
34.98	16
34.63	71
35	34
34.1	72
36.52	15
34.35	8
32.66	51
33.86	70
31.83	62
35.93	37
34.45	64
33.1	63
32.58	25
32.18	21
50.95	17
32.06	3
32.86	32
35.94	67
31.84	72
30.7	33
30.7	33
30.7	33
30.7	33
31.95	23
32.91	45
30.7	33
30.7	33
30.7	33
34	38
31.83	58
30.76	63
33.35	25
35.45	39
32.87	52
34.5	55
34.21	29
31.2	10
34.35	35
32.04	37
38.14	23
33.36	37
33.54	67
34.69	22
33.22	69
34.7	58
34.61	34
33.17	37
33.64	59
31.81	14
31.2	32
30.72	38
32.33	33
33.18	69
32.59	64
35.51	16
33.3	35
33.4	22
35.96	38
31.54	68
32.08	55
32.16	68
32.76	30
34.74	61
32.47	30
32.9	16
31.28	5
34.21	68
34.9	39
31.72	13
33.46	15
37.39	36
33.5	36
32.78	38
33.57	26
33.27	56
32.79	12
34.91	55
31.76	48
38.55	32
35.41	58
33.13	67
32.22	35
34.41	33
34.57	35
35.15	61
34.36	33
37.92	4
32.22	35
33.25	63
34.63	22
33.13	5
33.27	39
33.98	40
31.67	32
35.41	12
38	13
33.7	38
36.72	69
32.76	40
31.75	16
34.65	31
32.4	23
32.73	31
34.59	32
34.85	30
34.3	22
35.32	46
38.6	38
32.54	31
35.17	26
30.51	18
32.11	26
36.14	36
33.35	6
31.72	66
33.91	56
35.01	16
31.09	36
100	0
31.19	28
34.21	40
35.66	25
34.5	6
31	36
33.09	51
36.23	38
34.39	43
37.23	25
35.17	12
34.61	39
36.56	11
35.49	23
33.59	34
32.91	61
32.57	10
39.42	53
30.3	39
34.56	13
34.77	20
30.16	37
31.31	37
33.2	37
34.98	22
37.25	33
31.82	72
33.5	3
36.46	23
34.14	4
30.75	12
36.33	53
33.33	23
32.41	5
32.64	16
35.83	24
31.19	36
34.96	42
32.61	29
37.93	9
33.34	38
30.41	48
33.73	73
31.69	33
32.55	63
32.97	31
33.01	69
34.44	13
31.27	35
32.33	25
30.71	17
32.58	21
34.76	37
32.96	26
32.39	42
37.16	39
33.17	37
32.9	29
33.19	26
31.39	66
31.14	20
31.47	8
35.21	38
32.68	72
35.44	38
31.58	27
31.97	28
34.62	45
32.53	38
32.51	20
34.61	14
31.11	26
35.41	51
37.41	42
30.8	26
34.19	38
34.38	35
32.98	25
33.26	31
33.96	39
32.75	36
31.97	2
32.98	58
37.26	13
32.25	71
32.63	36
32.68	42
33.67	35
31.31	40
34.43	34
30.53	39
31.64	54
35.41	39
33.2	52
31.99	42
32.65	55
34.43	24
33.83	13
32.87	59
33.53	29
34.05	19
34.31	69
32.47	29
34.33	13
30.86	22
34.04	72
33.71	11
30.1	35
35.2	35
30.56	39
33.54	27
31.6	71
32.74	55
33.06	37
34.29	28
32.26	0
32.95	25
39.73	42
34.08	59
34.93	64
34.15	62
34.69	20
34.39	35
35.68	24
33.03	34
39.13	12
36	55
33.5	12
34.32	27
34.98	40
32.52	65
30.77	16
33.32	11
31.88	36
32.45	43
32.39	28
31.29	35
33.08	24
33.7	28
34.85	54
33.39	60
30.22	38
32.04	30
34.16	30
34.06	55
32.72	35
34.65	19
32.78	19
34.81	42
39	16
34.22	14
35.32	15
35.24	24
34.57	21
37.3	13
33.09	67
30.34	23
35.67	32
31.73	18
33.36	30
31.67	27
35.1	38
32.75	28
33.22	34
32.63	40
34.07	19
35	31
33.27	56
32.82	11
31.67	40
35.98	40
35.19	44
36.65	43
32.21	33
34.59	36
32.39	59
33.61	15
34.18	33
36.65	30
31.42	21
33.48	55
32.47	40
35.33	38
33.18	51
32.91	18
30.17	4
35.67	32
31.67	27
33.73	23
31.14	20
35.1	38
32.89	26
33.22	34
32.63	40
30.99	71
34.07	19
35.68	42
33.96	59
33.78	46
34.78	34
33.31	33
32.9	35
34.36	11
37.17	8
35.1	35
37.06	15
32.86	31
33.41	52
34.04	67
34.2	55
38.56	28
34	8
38.91	53
36.04	27
32.53	34
35.14	25
36.93	34
35.13	16
36.55	19
39.48	27
34.13	51
34.41	38
34.3	40
36.29	72
36.49	67
34.09	47
35.28	68
34.66	36
36.36	34
37.53	29
34.09	37
35.32	45
34.79	9
35.09	57
37.69	36
34.51	23
33.9	31
35.29	5
34.34	17
30.52	34
33.44	51
35.6	62
37.44	42
30.3	31
32.16	16
33.94	62
33.1	65
35.07	19
31.75	39
32.2	61
31.18	28
34.93	19
32.94	37
34.41	37
32.33	26
33.25	31
32.32	32
36.96	25
36.81	26
36.36	39
35.86	67
35.06	26
36.19	23
33.43	61
34.66	37
34.91	53
35.13	64
34.58	41
34.35	13
38.04	12
35.4	7
34.23	55
35.01	54
34.11	70
35.58	19
35.04	19
32.37	51
35.56	22
32.93	24
30.62	4
33.6	16
30.62	54
36.76	40
35.5	31
31.66	37
33.09	37
38.82	24
34.17	30
31.88	35
31.67	30
32.07	26
34.9	22
31.59	19
35.83	8
34.16	37
33.09	33
34.5	46
35.96	73
35.39	15
35.09	25
38.32	36
34.87	11
33.76	40
35.29	37
33.94	9
37.54	22
35.28	20
33.33	48
34.48	17
33.85	40
36.82	31
35.36	48
36.37	24
36.63	32
33.16	73
38.01	39
36.72	56
37.78	27
35.3	35
35.7	16
35.97	40
35.65	51
42.26	40
34.66	23
38.38	19
35.03	28
37.15	48
36.95	34
36.54	31
36.6	30
36.99	49
35.95	30
35.01	10
35.89	40
32.59	40
31.02	36
33.67	25
34.2	56
33.65	36
34.65	57
34.56	38
34.69	70
32.73	8
35.59	40
33.38	33
36	28
34.05	65
35.29	65
35.58	33
37.63	27
34.33	65
32.18	29
34.76	11
34.51	3
36.27	65
35.77	29
35.02	42
35.15	58
34.64	53
34.35	58
35.16	18
31.43	54
32.69	26
32.78	73
36.95	54
37.2	2
32.36	24
37.5	73
35.43	39
36.14	35
34.42	36
35.58	57
32.68	33
35.85	62
37.38	43
36.68	27
31.7	30
33.51	33
33.26	1
35.5	44
35.5	44
35.08	39
33.84	36
35.5	44
35.5	44
33.96	28
36.51	35
37.95	21
33.05	0
32.47	39
36.32	42
36.73	18
35.64	18
33.72	18
37.96	21
34.19	38
34.06	37
31.33	30
32.48	71
34.54	27
34.82	31
33.81	33
33.15	8
33.76	50
33.59	38
32.51	38
34.25	47
36.47	41
35.58	73
34.66	34
33.06	23
33.79	25
33.93	29
33.37	66
35.06	70
33.16	32
31.96	32
35.29	62
33.9	54
34.77	58
31.23	34
33.33	35
34.17	34
35.35	33
37.33	27
33.79	37
34.34	40
36.02	34
37.81	41
35.84	32
33.78	34
34.5	5
34.64	38
34.71	37
37.69	29
31.32	65
37.39	39
34.4	34
34	42
34.11	70
34.2	70
31.46	20
34.33	11
34.78	17
33.98	20
32.73	24
30.69	46
33.79	38
32.1	40
30.52	2
33.93	39
32.23	51
32.28	23
33.33	50
34.68	51
34.45	25
36.31	46
34.45	22
34.14	23
33	15
32.97	53
34.16	27
36.57	53
35.86	33
36.36	66
36.21	41
34.31	59
34.52	32
33.72	27
36.63	56
34.49	65
34.68	48
36.84	22
34.01	66
34.34	60
33.52	56
35.52	19
34.72	22
30.81	29
33.55	16
32.25	51
32.82	17
33.23	23
33.42	20
34.55	42
33.28	53
33.26	65
34.09	51
35.82	66
32.82	56
31.73	39
31.75	34
34.97	50
33.98	32
33.51	51
34.89	14
38.25	37
37.68	29
35.31	27
37.42	32
35.35	19
34.44	23
37.56	58
36.02	18
38.21	28
34.67	26
36.15	26
35.08	45
32.85	21
33.13	37
32.97	39
35.48	15
33.34	72
32.55	37
35	61
33.17	49
32.46	33
32.16	34
33.69	35
33.69	9
33.31	26
32.18	36
35.16	24
33.71	31
35.7	38
32.16	34
32.56	33
36.57	37
33.17	49
35.7	38
33.33	32
33.06	31
30.4	40
31.96	27
33.2	11
31.48	27
33.43	48
33.81	28
32.67	35
32.81	37
34.98	30
34.14	33
33.28	66
34.64	20
31.29	34
36.44	32
33.2	32
34.25	56
33.4	50
33.83	8
32.53	6
34.56	24
32.46	55
34.27	31
35.68	54
35.92	40
36.39	35
32.68	34
31.61	34
30.71	39
32.72	63
33.11	19
31.3	62
34.92	29
30.75	65
32.6	35
31.35	62
33.76	25
30.69	22
32.56	32
34.93	56
34.17	39
32.79	69
33.78	25
30.71	4
38.01	37
32.6	54
33.47	59
34.08	33
31.54	26
30.67	57
32.76	37
34	54
34.43	30
31.66	20
32.96	19
32.57	54
35.31	39
31.98	25
33.85	56
33.76	64
35.27	42
36.88	17
32.71	71
32.87	58
31.14	20
32.82	38
32.86	68
31.56	54
32.08	35
34.27	37
31.38	33
32.02	37
32.22	62
35.7	69
33.68	16
34	70
32.78	54
33.44	60
33.65	55
33.29	39
33.44	20
30.99	55
32.12	40
36.5	44
30.03	33
35.65	34
35.76	30
34	34
31.01	39
31.89	35
35.53	52
33.63	33
32.51	32
30.2	21
35.41	59
35.61	57
37.16	28
35.89	49
34.73	26
34.35	70
36.86	31
34.58	56
35.16	30
31.44	66
31.06	39
32.89	24
34.33	37
32.53	31
32.32	11
33.01	48
37.19	25
32.08	41
33.54	35
33.71	31
33.97	33
30.94	38
31.67	33
30.06	36
36.51	37
32.07	32
31.45	38
32.65	25
33.9	26
34.04	70
33.47	21
32.81	43
33.16	23
33.86	21
37.1	46
35.35	28
32.4	28
34.95	5
34.15	32
34.49	30
31.97	28
31.58	27
35.09	38
31.47	8
36.8	41
32.63	26
31.1	66
31.9	15
35.09	73
33.3	33
32.41	32
31.54	29
31.72	61
33.25	37
32.98	31
36.46	60
33.42	25
36.26	31
36.35	52
36.71	36
34.86	37
36.16	38
38.25	14
35.34	34
34.64	37
37.75	19
35.28	37
36.59	39
31.14	64
36.5	33
34.69	41
30.9	69
31.58	44
32.92	32
30.9	7
35.78	41
30.6	9
32.19	34
36.16	7
36.32	9
33.82	28
37.07	55
37.18	20
37.07	28
34.29	15
32.68	38
36	30
35.51	53
34.16	63
31.47	29
33.69	44
32.38	30
32.9	40
32.91	27
34.26	32
36.36	28
30.83	67
33.55	36
33.91	40
33.1	39
34.21	69
33.4	57
33	56
32.66	34
35.59	28
33.32	25
32.22	8
34.23	48
35.33	18
34.42	47
33.78	27
36.91	44
33.86	30
35.79	17
34.92	19
35.34	30
35.75	47
33.98	26
33.27	39
30.36	39
32.09	45
32.34	28
31.17	17
34.34	31
32.09	37
33.22	10
33.97	30
35.21	64
36.42	15
31.77	34
32.44	18
30.13	38
33.7	56
36.72	38
33.26	24
33.47	33
34.38	21
35.45	29
34.52	38
40.45	21
36.97	17
36.29	41
35.81	20
39.21	19
35.16	38
36.82	25
35.9	31
33.13	70
32.46	58
34.92	27
33.49	25
33.07	21
34.63	37
31.45	40
32.54	18
32.54	17
31.85	31
32.11	19
32.02	59
33.26	33
35.43	23
32.9	28
34.79	25
33.69	33
35.6	46
34.06	38
35.08	66
34.32	54
33.98	72
34.11	31
36.63	17
34.71	35
35.24	73
33.15	23
33.1	42
34.98	47
32.13	25
32.54	31
32.09	68
33.87	33
32.27	15
35.56	37
34.06	28
34.31	27
31.7	37
34.04	50
32.26	21
33.13	35
33.61	17
35.14	47
32.51	66
32.46	26
32.1	54
32	43
33.27	54
34	30
35.65	34
30.36	38
32.7	45
30.55	35
32.62	64
31.07	32
33.44	67
34.14	20
32.71	60
33.2	13
34.53	35
32.55	66
35.8	52
33	27
34.2	22
32.21	40
31.42	28
33.87	8
33.69	33
35.98	69
37.2	34
37.27	27
38.03	33
33	58
35.42	40
35.14	56
36.51	33
38.41	18
35.69	28
32.1	23
32.12	66
34.98	39
36.07	31
35.22	16
33.59	18
36.8	15
31.29	21
35.64	23
33.46	11
37.17	34
40.04	9
31.89	38
37.66	24
32.93	72
33.54	16
34.29	32
39.55	15
35.09	22
38.91	24
37.03	44
36.47	38
32.34	32
37.55	22
34.97	40
34.71	29
33.67	3
33.13	34
36.27	41
32.92	34
30.7	38
32.15	60
33.97	47
34.35	34
34.26	71
34.75	35
31.21	35
32.27	19
30.9	26
33.42	30
33.7	19
37.84	30
32.47	40
33.88	67
33.54	52
34.82	37
31.86	37
33.27	52
33.33	25
32.43	54
33.85	62
33.84	63
35.11	53
33.02	25
35.58	10
33.1	69
34.26	72
33.91	24
36.4	41
35	29
35.43	57
33.83	51
33.47	40
37.27	30
32.78	50
34.18	65
32.49	65
32.97	29
30.9	29
31.3	9
32.68	53
36.14	39
32.84	23
34.6	72
35.3	58
30.91	56
36.47	10
33.69	54
33.66	29
35.18	67
34.51	18
35.24	65
35.7	71
34.69	69
34.36	28
35.64	36
34.2	70
34.42	38
31.46	39
32.4	65
33.97	27
32.81	20
34.13	20
34.88	2
33.55	64
34.31	38
33.9	22
32.74	71
34.28	51
38.69	24
33.18	36
34.88	12
33.94	58
33.52	60
33.51	45
36.38	34
36.46	24
34.44	28
31.44	37
36.17	26
34.35	70
32.9	31
36.98	31
34.11	16
33.61	25
33.03	40
34.31	22
32.63	25
34.96	15
33.77	34
34.2	28
33.53	50
34.65	23
35.57	6
33.72	37
33.48	38
34.07	37
35.43	19
33.62	32
35.76	23
33.14	36
33.83	40
32.03	25
35.83	38
33.98	58
37.29	30
32.05	36
32.2	14
39.61	28
35.21	18
34.79	67
32.15	73
34.37	67
30.87	40
32.81	64
33.45	34
33.83	61
37.75	32
31.66	32
32.59	29
35.38	26
33.93	25
36.1	20
33.63	70
33.28	37
31.26	47
34.52	23
35	27
35.06	40
36.61	29
36.09	36
35.05	66
37.58	15
36.48	71
34.44	29
35.83	59
31.39	34
37.04	24
32.34	51
34.67	37
31.95	55
36.67	39
35.47	69
33.8	64
31.79	34
34.82	29
33.07	62
33.63	31
35.07	23
34.36	58
35.75	25
35.6	61
34.36	64
33.69	38
33.61	57
31.43	14
33.47	23
32.41	27
37.53	17
33.43	58
33.86	15
45.65	36
34.65	27
36.18	12
32.47	37
38.27	27
32.6	0
32.83	24
33.55	14
33.48	5
38.78	14
33.49	52
35.67	28
32.33	8
32.47	33
32.67	24
35.11	41
33.71	64
34.44	26
34.18	57
36.64	40
34.22	36
33.64	34
32.91	35
34.47	40
33.71	57
34.42	39
33.41	56
33.48	27
35.64	21
34.39	36
33.84	4
38.56	20
32.13	30
33.77	53
35.45	50
35.91	5
36.01	64
33.78	27
34.68	10
36.2	29
34.27	59
33.84	24
32.56	36
35.71	26
34.92	14
34.06	54
34.11	19
36.98	70
37.5	44
34.61	6
35.51	55
35.88	28
35.46	30
33.61	40
34.35	24
36.05	7
37.69	1
33.28	25
32.59	37
31.89	21
34.1	73
32.77	40
34.5	68
37.39	19
30.81	24
33.05	38
35.64	58
34.13	58
35.06	67
34.47	16
31.4	45
34.05	37
33.84	25
33.05	29
32.97	67
32.88	69
33.84	29
35.63	31
33.34	36
33.38	48
31.25	34
34.08	52
33.43	45
34.41	53
33.89	38
37.1	36
31.09	32
32.53	9
35.9	29
32.26	22
35.06	47
34.84	51
33.77	56
35.81	36
32.78	60
31.15	30
30.88	52
33.52	67
33.6	17
33.81	10
34.99	54
32.43	30
32.4	67
31.7	40
32.53	61
34.5	30
30.38	31
31.3	37
33.95	31
35.39	33
33.43	56
34.29	31
33.09	55
32.98	40
35.97	21
31.59	40
36.53	24
34.71	44
33.69	29
31.27	35
36.16	8
35.22	24
32.89	24
35.71	24
33.21	73
31.42	5
32.72	39
34.04	30
35.58	7
33.73	31
32.69	56
32.69	71
30.75	34
34.33	31
32.02	17
33.9	56
33.06	72
31.1	29
31.89	46
31.55	7
31.1	29
32.71	31
33.7	50
33.01	49
31.17	13
35.38	25
33.68	22
33.97	36
34.13	22
35.19	43
32.32	13
32.53	34
36.66	24
36.14	35
34.71	30
35.73	29
34.8	58
32.81	61
34.92	25
33.19	27
32.53	37
32.52	29
32.84	37
50.65	10
35.87	37
34.98	20
32.84	70
37.36	14
36.54	7
33.34	46
36.2	31
34.59	24
34.2	47
34.72	31
35.29	34
35.14	40
34.97	59
34.85	33
33.18	34
35.64	4
34.84	15
32.82	34
32.75	34
33.79	57
30.42	34
32.01	50
34.56	29
34.41	13
31.75	23
32.69	64
32.67	65
32.31	32
33.62	50
35.95	16
35.52	31
36.82	34
36.2	56
34.84	35
34.97	27
32.77	36
33.25	36
34.36	28
36.45	31
30.77	21
34.71	6
34.61	35
30.05	67
35.54	46
31.22	32
34.15	32
32.35	53
31.36	61
33.87	35
35.88	29
36.8	25
31.84	31
33.86	58
32.4	61
33.39	27
34.64	32
32.58	29
35.31	12
33.51	54
33.33	16
31.88	27
33.84	11
35.41	37
32.66	35
33.04	24
34.92	47
35.24	37
33.05	65
31.56	37
35.3	26
33.75	34
30.57	39
32.8	10
31.45	38
34.08	56
34.35	36
31.17	27
36.06	20
35.46	59
33.71	23
33.57	40
34.13	26
36.48	12
34.79	32
36.49	49
36.15	37
33.92	29
35.95	15
34.71	38
34.35	29
35.74	53
33.51	22
32.09	33
34.14	36
33.61	23
31.02	24
32.26	3
34.89	39
33.85	16
35.78	47
34	32
34.42	50
35.58	14
32.7	32
36.3	43
34.53	46
32.94	33
33.89	29
34.29	52
35.13	10
35.34	37
35.94	30
33.83	34
34.29	27
33.75	28
33.75	16
35.01	41
31.9	26
33.91	38
36.22	20
34.51	36
33.17	36
38.5	26
35.89	39
34.05	39
32.68	36
33.65	61
35.5	31
33.79	17
32.97	56
33.07	39
34.06	20
34.57	47
33.95	53
31.25	23
34.82	17
33.56	39
36.9	24
33.17	25
35	25
35.58	9
33.59	59
35.76	15
34.79	36
34.46	70
35.4	53
33.78	39
34.56	39
32.44	21
33.27	4
35.94	17
30.97	24
34.33	56
34.21	59
32.3	56
33.8	38
35.91	29
32.9	19
35.96	26
38.83	23
35.57	43
34.76	38
35.5	46
32.89	39
36.41	39
35.5	55
30.95	14
34.43	32
30.56	28
33.61	33
33.19	27
33.01	51
34.83	31
32.31	5
30.88	51
32.61	30
30.94	37
34.24	29
34.37	49
34.01	30
31.58	31
33.25	7
34.22	44
34.85	28
34.37	49
35.16	28
35.07	25
33.78	21
33	42
36.09	22
32.27	12
32.03	21
32.09	36
32.41	16
32.69	37
33.34	29
35	24
33.61	17
34.44	58
31.95	40
31.72	37
32.31	32
33.56	29
31.72	38
36.22	37
31.59	38
36.91	27
34.48	40
39.09	24
32.67	38
35.99	54
35.81	28
35.73	35
36.4	23
32.44	27
34.5	24
35.26	27
35.93	29
39.78	12
36.26	22
34.85	38
36.22	32
36.18	12
37.6	35
35.07	38
36.18	34
32.37	37
33.47	36
34.73	6
32.55	69
32.07	31
34.81	35
30.74	5
32.31	57
33.24	59
30.48	33
33.99	37
32.43	55
31.7	41
35.43	40
33.94	64
33.07	49
30.09	13
30.74	72
36.87	70
37.46	33
36.09	26
33.21	35
37.19	39
37.3	24
37.04	36
34.41	38
34.44	23
35.29	35
33.26	58
34.42	63
34.61	34
31.6	25
33.8	34
33.64	73
33.1	68
33.93	30
36.36	13
31.25	25
34.51	70
35.79	63
32.67	29
35.05	37
32.75	27
33.86	58
31.89	26
32.77	33
31.5	31
33.75	53
34.6	40
36.22	29
33.7	39
35.33	3
34.06	62
33.97	27
33.38	57
36.6	25
32.5	42
32.48	34
33.84	20
32.22	14
34.52	45
34.7	23
31.54	30
33.63	62
32.42	66
34.15	18
33.44	19
32.55	30
34.7	14
32.81	39
32.31	50
31.83	29
33.77	32
33.25	36
35.6	38
35.53	39
30.44	0
34.34	31
34.57	37
35.57	57
37.04	12
35.67	33
32.42	55
36.22	31
34.14	33
30.81	38
35.21	72
32.02	25
34.5	36
33.6	44
32.11	40
32.92	55
31.26	54
32.53	25
30.12	58
32	26
35.02	50
33.99	72
33.57	52
31.65	66
31.83	33
37.25	44
31.37	20
33.91	37
30.66	10
34.83	7
30.8	26
33.7	27
33.47	22
33.84	37
35.21	65
34.36	64
32.72	20
30.22	27
34.52	59
31.83	41
35.3	39
31.97	44
32.17	42
36.28	33
33.68	34
31.88	41
32.82	40
34.93	86
32.39	27
33.86	8
34.85	31
34.56	37
32.46	37
37.16	51
31.97	38
35.6	42
31.82	40
33.81	25
36.45	39
37.2	52
34.65	29
32.1	34
33.67	39
33.3	81
33.67	31
39.79	29
36.46	40
31.94	39
35.95	31
34.9	69
33.97	22
35.58	39
32.96	42
32.58	35
31.18	87
37.48	42
35.78	62
37.97	32
34.92	30
32.63	59
32.76	27
32.53	27
32.05	28
36.44	21
35.72	28
33.71	42
30.29	28
40.44	26
32.6	18
34.83	37
35.72	28
32.12	91
34.84	30
32.23	41
34	87
31.96	81
33.63	40
32.39	38
33.9	30
33.26	35
31.09	43
39.14	27
35.71	35
34.01	42
35.84	45
30.71	39
31.44	39
32.67	35
37.08	28
36.27	27
32.81	28
35.3	30
33.88	74
32.26	87
32.77	34
39.25	26
35.93	28
34.4	78
32.89	37
32.96	88
35.16	48
31.33	43
31.39	37
33.72	40
32.84	46
32.34	33
35.07	13
33.76	65
32.02	41
34.88	68
34.86	25
35.34	80
34.98	90
34.48	65
36.15	9
35.07	29
35.72	39
33.33	88
35.36	91
35.22	37
33.7	85
41.02	23
37.92	36
33.39	41
31.95	43
39.75	19
34.21	46
36.31	37
35.82	36
34.25	88
35.13	39
31.15	46
33.5	91
34.37	75
34.21	41
36.88	7
42.54	25
43.25	25
36.52	36
34.55	90
35.37	68
37.94	32
35.22	50
35.08	42
37.05	47
33.85	86
32.02	46
32.51	37
33.84	40
37.46	44
35.8	65
36.96	61
36.02	34
35.38	81
36.15	67
34.97	83
35.3	29
36.52	79
36.33	43
32.84	71
36.39	18
35.18	56
31.11	41
35.19	55
35.7	18
32.77	69
34.41	26
36.7	18
35.35	8
35.14	56
32.77	36
34.84	67
35.06	38
30.81	42
36.68	19
33.01	38
32.96	30
37.18	14
33.48	33
35.71	39
35.5	38
34.46	39
35.09	29
34.08	67
33.08	56
34.19	77
35.4	57
33.94	9
31.51	78
33.77	26
36.22	28
34.1	12
34.83	84
36.02	59
36.72	24
36.47	29
35.89	38
33.91	78
34.54	0
35.26	64
32.78	92
34.29	82
34.6	64
34.11	77
34.76	9
32.96	42
30.16	46
37.51	47
32.75	41
34.23	42
32.67	56
33.71	72
34.49	46
34.61	20
33.52	92
34.83	29
33.88	0
34.54	53
33.47	89
37.4	32
34.79	38
34.48	81
36	30
31.23	23
33.09	45
34.75	44
32.59	45
36.95	36
34.43	79
34.78	41
34.77	61
31.85	77
38.64	31
31.54	75
33.29	11
33.91	39
35.07	20
33.43	24
36.17	59
31.07	45
39.2	12
32.61	44
33.39	76
34.5	85
34.14	59
35.05	20
30	35
30.35	35
31.97	39
33.81	85
33	47
33.85	36
32.96	91
34.28	58
32.4	0
32.38	89
31.82	72
35.79	61
33.85	44
32.26	45
33.19	40
32.66	46
32.72	81
32.18	46
30.97	92
35.84	39
34.4	24
32.78	45
35.43	7
33.75	26
34.63	27
33.54	39
35.51	26
34.8	73
36.15	28
34.52	60
33.38	31
35.05	67
34.02	39
33.69	38
34.89	68
33.1	73
33.98	22
31.22	39
32.98	37
32.98	37
36.25	29
34.65	31
