sim	len_diff
34.05	140
35.11	101
35.19	73
35.59	145
34.41	124
35.02	144
35.42	146
36.08	89
35.51	81
35.25	98
33.63	113
34.19	137
34.81	132
33.15	264
33	146
34.13	148
35.34	128
35.96	95
33.86	86
34.75	146
35.55	121
35.32	48
33.87	104
35.01	120
36.03	52
34.05	144
33.33	148
34.57	141
34.46	142
34.78	138
31.83	113
32.09	135
34.08	116
35.67	112
34.18	141
31.69	141
33.57	144
31.7	147
33.49	149
34.37	128
32.29	103
32.29	103
35.3	112
32.59	148
34.32	149
34.36	109
34.01	144
33.6	139
36.96	148
32.62	120
34.03	118
33.44	132
33.97	102
35.18	136
32.58	127
33.43	87
37.06	141
33.02	128
33.18	143
34.39	141
34.4	141
34.8	98
32.21	140
35.22	86
35.41	90
34.69	100
32.68	67
34.1	111
34.87	140
34.19	244
34.01	144
34.01	144
35.7	88
34.58	126
34.48	129
34.21	108
34.52	81
36.47	43
35.15	280
35.63	219
33.07	147
36.13	82
34.3	118
34.44	94
34.06	131
33.76	113
33.25	133
34.35	146
33.37	4
34.52	146
33.11	55
32.8	88
33.78	287
34.4	126
36.81	105
33.96	138
34.33	117
33.2	142
33.22	145
34.18	238
34	139
33.49	129
34.17	85
37.66	78
34.2	149
34.26	127
36.36	103
35.08	119
34.8	148
34.58	135
33.57	60
34.59	111
33.79	137
33.25	142
33.01	148
34.09	133
35.42	87
37.49	114
33.8	135
33.55	134
35.74	71
35.79	101
36.11	116
35.39	148
35.9	67
32.48	123
34.22	116
35.52	123
33.82	129
33.01	142
33.48	130
36.4	118
33.88	122
34.26	117
33.26	121
35.92	138
33.49	137
33.55	124
36.07	109
34.18	261
32.51	145
32.62	117
34.27	63
32.81	131
34.08	261
34.74	111
34.33	142
31.95	142
38.09	139
32.72	290
33.56	147
33.47	98
34.35	132
34.82	131
35.81	107
34.96	111
32.32	114
34.96	111
35.69	94
33.97	124
33.56	110
38.11	139
33.46	147
34.76	118
33	135
35.96	93
35.18	159
34.82	140
32.9	133
33.71	124
33.33	138
34.2	152
31.86	130
33.43	117
33.53	134
35.9	109
32.96	118
34.39	110
34.25	188
33.97	134
34.2	139
34.7	104
33.85	109
34.76	129
33.82	132
35.46	187
32.91	148
33.32	71
34.7	148
34.6	277
36.13	99
34.47	127
33.1	137
36.55	65
34.54	143
35.17	37
33.65	127
33.54	275
32.6	140
33.49	127
36.2	104
36.69	122
34.44	115
31.87	144
36.2	94
32.7	149
34.55	122
34.65	143
33.72	137
35.97	98
34.64	148
33.8	146
34.34	130
34.84	107
34.38	111
35.11	107
33.71	144
34.33	146
31.33	149
34.33	135
33.56	148
33	143
34.28	129
34.64	191
34.71	152
34.49	131
35.27	86
33.97	126
32.9	139
32.65	145
32.23	127
35.39	128
34.35	134
34.81	129
34.71	111
34.84	121
31.9	143
32.07	129
33.64	145
34.81	129
31.68	140
33.61	137
31.15	143
33.08	130
34.94	138
33.51	64
33.29	60
37.56	136
33.72	94
36.08	144
33.45	141
35.53	130
35.37	108
35.25	101
33.08	105
32.81	149
32.59	109
34.48	144
33	136
32.13	146
34.64	84
32.86	144
33.19	134
34.76	133
36.42	107
33.15	141
33.51	142
33.81	62
33.93	261
36.48	80
33.78	148
35.09	97
33.29	147
36.58	115
34.58	136
33.63	106
36.57	87
34.54	98
34.08	147
34.81	102
34	148
34.64	146
33.43	148
34.29	112
36.06	114
35.57	97
36.21	95
35.93	100
35.09	109
33.84	206
34.95	106
32.91	3
33.63	215
35.14	123
36.17	102
35.16	109
34.67	116
32.9	138
33.43	149
35.08	130
33.35	119
33.83	137
36.03	114
35.12	126
36.04	88
36.54	132
33.84	147
36.24	121
34.61	149
35.41	128
34.38	99
34.21	140
35.25	133
34.27	137
35.57	132
37.69	72
34.42	149
35.93	120
34.49	66
35.47	143
35.99	114
38.07	142
36.28	149
32.36	145
34.49	123
33.76	119
34.1	135
36.36	133
33.69	141
35.37	128
34.6	122
33.97	106
32.28	127
33.73	145
36.49	127
35.19	136
33.64	126
33.38	116
33.76	134
35	132
35.18	112
34.54	130
35.69	120
35	122
34.46	121
34.43	144
33.14	126
34.13	58
34.76	95
33.4	134
34.32	127
34.64	86
34.68	130
32.71	122
33.92	80
31.09	17
32.38	53
32.58	130
33.66	90
34.34	100
38.54	49
41.3	61
37.17	131
35.51	108
35.78	40
34.36	132
35.32	54
36.21	99
35.85	92
36.49	115
33.35	125
33.25	60
34.19	109
34.21	127
34.14	119
30.63	6
35.48	159
34.52	108
34.64	115
34.64	78
32.13	34
33.06	64
32	237
34.07	53
31.83	122
34.37	90
34.55	119
34.63	108
32.59	121
32.71	113
37.89	87
35.26	131
39	45
34.87	97
36.61	120
34.13	124
35.94	64
33.92	124
61.67	5
35.37	94
35.92	75
34.75	132
37.38	96
36.01	115
36.32	130
37.73	75
43.31	31
36.24	129
35.42	102
35.12	124
34.58	44
33.69	122
33.6	131
35.38	127
32.38	122
34.24	92
32.91	66
33.49	90
32.99	84
34.9	96
33.49	101
37.09	157
36.03	109
34.24	128
33.84	68
35.49	85
33.78	124
34.07	105
34.78	68
36.26	111
35.71	51
35.37	123
35.42	89
35.68	126
36.1	116
34.25	129
36.1	116
37.08	121
39.41	2
34.4	113
35.31	121
36.49	108
37.49	92
35.44	98
36.45	90
35.03	118
35.23	111
35.73	103
40.4	23
37.36	98
34.03	68
34.51	122
35.2	90
34.71	81
34.97	79
34.32	100
32.61	64
34.92	179
36.48	125
34.57	82
35.96	129
36.34	124
36.21	118
34.64	194
36.8	62
36.86	86
37.91	127
35.36	115
35.42	112
35.2	121
35.5	65
35.56	125
34.45	102
34.47	169
34.16	47
34.26	101
33.48	110
34.46	189
34.32	218
33.11	75
32.46	97
32.93	109
31.95	17
34.23	95
32.3	119
32.18	129
34.67	130
33.86	131
34.7	42
34.14	166
36.05	92
35.98	103
34.96	75
34.94	107
35.58	49
36.45	103
34.65	120
35.43	108
35.85	74
35.44	113
33.34	114
33.87	88
33.57	114
33.57	114
35.28	57
32.7	126
35.11	97
35.08	88
33.3	77
34.45	222
37.31	105
36.67	98
36.33	128
44.96	14
34	128
37.48	123
37.7	87
37.63	65
36.66	68
36.62	98
32.85	120
34.5	102
34.13	114
33.89	153
32.86	130
35.27	89
34.68	121
33.98	41
35.1	131
34.56	120
33.8	90
31.82	122
32.11	115
33.33	61
32.96	110
33.16	128
33.89	110
33.71	75
34.08	93
33.38	109
34.93	38
37.24	108
37.64	131
36.18	101
35.29	132
37.61	86
38.7	92
34.34	81
36.32	128
36.84	96
34.32	127
35.34	118
36.55	88
35.27	88
35.15	88
36.55	89
36.27	132
35.54	92
34.25	63
35.92	118
35.14	164
35.82	59
34.45	120
32.65	131
33.84	114
33.9	128
34.44	151
33.11	117
34.41	189
34.29	123
35.89	99
36.97	117
32.48	93
36.01	143
35.66	206
35.72	104
35.22	103
35.68	55
36.08	91
45.33	8
34.39	111
33.59	103
35.35	100
35.5	111
33.19	93
35.42	86
34.36	97
33.97	62
33.18	82
34.07	114
35.83	128
43.28	19
36.13	114
34.92	115
34.53	119
37.24	83
34.23	129
35.77	126
34.26	110
34.92	128
35.21	116
34.24	70
33.32	119
34.64	49
33.56	125
34.68	126
33.59	42
33.98	124
33.06	121
34.51	44
37.51	4
36.9	80
35.69	94
37.22	101
34.78	114
36.42	126
37.15	94
34.01	112
35.35	99
33.36	34
34.56	52
33.7	93
34.09	126
33.58	132
33.01	130
35.96	114
34.96	148
34.69	89
34.04	64
35.74	95
36.2	155
35.16	100
34.22	124
33.94	101
33.96	123
34.28	167
36.24	118
34.69	122
34.54	189
36.61	80
41.41	18
37.44	122
35.49	196
35.39	120
37.35	82
33.3	132
35.85	82
35.39	123
37.39	104
36.28	125
35.89	130
35.84	114
36.93	105
35.87	126
35.3	102
34.71	131
37.85	124
42.7	24
36.18	126
35.63	119
36.96	102
34.76	132
37.63	58
35.28	117
35.16	127
35.13	132
36.57	156
42.97	2
36.33	125
35.68	99
34.44	115
34.95	99
32.95	90
34.86	100
33.5	126
34.02	123
34.9	54
33.91	114
34.18	114
36.03	82
35.21	109
33.33	132
33.69	87
34.39	98
35.01	111
33.95	91
36.68	115
35.48	54
34.97	109
35.67	76
32.77	41
33.62	96
32.12	126
33.51	86
33.62	45
33.04	118
34.84	72
31.22	110
32.9	27
32.9	27
35.71	121
35.44	97
35.05	69
36.92	77
35.62	84
34.57	87
35.19	121
35.78	121
36.3	66
36.19	111
36.55	106
36.55	106
34.68	129
37.59	91
34.97	224
35.16	113
34.6	119
36.35	111
35.74	122
35.71	104
35.49	218
34.19	161
33.22	68
34.92	96
34.86	124
34.96	106
33.33	126
34.54	119
33.83	70
32.79	31
34.34	99
33.85	106
34.09	131
34.5	53
33.41	129
32.66	78
34.24	155
34.04	96
34.67	124
33.39	95
32.87	129
37.29	126
34.59	102
32.27	122
34.58	121
35.31	86
32.63	123
33.46	98
32.9	127
33.94	125
36.4	123
36.9	118
36.51	150
34.66	97
36.71	77
37.02	140
35.73	124
37.22	109
36.91	114
36.89	113
33.91	120
34.82	91
32.94	117
34.76	131
35.05	60
34.7	103
33.1	130
33.96	183
34.89	89
33.78	136
33.12	130
36.71	103
48.37	5
35.73	125
36.71	64
33.58	129
35.95	92
35.05	116
35.56	197
35.03	91
35.66	110
34.28	107
33.42	100
35.42	131
36.63	120
35.71	87
34.79	97
35.8	123
36.49	126
34.99	47
37.99	14
34.7	70
38.38	98
34.26	121
36.3	96
35.24	47
35.54	131
34.55	132
34.8	131
34.5	83
33.26	48
32.04	104
33.29	99
33.97	202
34.9	149
31.67	22
34.9	46
33.58	117
32.92	117
33.45	100
34.68	104
35.57	104
35.25	81
35.6	110
35.21	120
36.31	144
34.43	101
33.33	120
37.32	82
45.16	31
35.57	82
38.77	70
36.58	65
36.54	100
36.05	119
35.53	130
36.89	100
35.8	100
36.54	106
35.87	131
34.93	13
34.81	113
35.71	66
34.66	123
36.09	81
47.15	25
32.67	7
35.52	98
36.03	95
36.63	100
35.87	119
33.9	121
34.97	181
35.71	40
35.07	118
35.55	119
35.71	40
32.38	18
32.64	15
33.16	199
33.76	126
35.06	132
36.42	75
36.13	106
34.67	129
35.97	56
35.94	68
35.12	122
35.03	120
37.75	121
36.23	163
36.64	112
35.85	128
35.92	109
39.88	40
38.19	87
34.72	128
36.14	81
36.05	78
37.08	67
36.12	121
34.38	113
36.07	5
35.53	90
35.45	75
34.35	130
36.75	96
62.56	7
34.9	126
37.75	108
36.25	125
35.88	108
35.7	70
37.61	81
34.88	128
36.08	132
35.84	116
33.15	119
35.73	127
35.08	115
34.69	86
35.2	101
36.01	105
34.32	104
34.32	201
37.67	71
36.13	81
33.6	70
34.28	124
34.42	139
35.15	102
34.34	127
36.49	62
33.73	132
35.53	204
36.32	116
34	132
44.62	27
34.86	122
35.5	124
34.83	23
35.92	116
35.22	116
34.21	121
35.98	96
35.3	119
36.07	53
37.1	106
33.99	132
36.01	201
33.93	129
35.5	126
35.23	104
37.41	84
34.13	82
35.53	118
35.95	77
35.52	102
34.71	120
34.55	132
34.55	119
33.38	2
34.8	121
34.33	104
34.88	87
35.97	82
34.44	114
34.72	51
35.13	117
34.02	103
35.03	113
41.56	12
39.79	9
34.66	70
33.68	83
34.75	106
34.66	111
35.57	130
35.63	131
36.56	90
33.36	132
34.86	122
35.18	206
32.64	120
34.06	35
31.94	29
34.04	120
34.56	182
35.15	111
31.21	8
43.54	21
36.26	239
37.19	121
36.83	108
35.25	112
35.91	113
35.2	129
35.9	117
35.16	57
36.16	121
36.26	96
34.42	122
33.76	147
36.34	82
32.87	130
35.32	198
35.15	122
34.93	90
34.48	92
33.67	125
33.67	98
36.01	132
35.14	158
33.97	152
35.06	62
35.02	114
33.66	70
33.63	90
36.29	137
34.78	99
34.19	237
35.31	36
35.54	120
34.74	117
34.24	104
33.68	85
34.49	118
32.89	127
35	81
33.54	129
34.19	91
33.8	132
34.14	125
35.17	72
35.2	109
35.45	132
34.53	98
35.57	128
34.7	112
36.07	91
35.75	92
35.28	107
32.9	127
35.93	86
37.05	99
36.58	119
35.68	76
33.75	126
34.74	110
33.68	186
35.61	83
34.35	114
35.4	126
35.14	101
34.41	110
34.08	127
35.47	65
35.91	102
34.1	50
34.91	101
35.87	100
38.15	78
35.9	106
35.24	102
37.22	88
33.83	98
34.94	103
34.41	113
34.09	80
35.61	116
36.21	80
36.47	66
34.38	99
35.37	99
35.52	132
34.88	75
34.73	113
33.62	114
35.32	92
36.15	87
35.21	94
33.69	98
33.64	105
35.01	189
34.01	131
35.79	65
35.2	145
34.97	91
33.54	123
34.81	126
33.87	127
34.1	40
33.42	78
33.95	72
34.02	187
34.78	118
36	117
35.09	111
34.88	89
34.88	89
34.24	114
36.04	8
35.35	120
36.31	98
34.14	130
35.73	86
35.5	68
35.24	129
34.46	99
34.34	39
33.12	132
35.87	127
34.71	129
37.24	18
34.91	116
34.86	40
34.84	114
34.02	39
34.27	117
34.25	76
36.55	111
34.01	119
35.96	100
33.49	120
34.4	132
34.57	100
36.98	125
41.98	30
34.28	112
33.58	101
35.34	108
36.05	127
38.02	50
35.3	168
35.59	171
35.62	128
36.54	109
35.43	103
37.5	91
34.83	124
35.92	119
35.77	97
34.34	119
37.76	122
33.89	131
33.52	124
33.74	53
33.35	92
33.52	102
34.05	130
35.85	75
33.36	64
35.78	185
33.15	39
34.97	74
35.36	197
34.84	230
44.27	12
34.7	20
34.95	119
34.02	130
36.31	221
35.23	130
35.15	93
35.88	126
34.28	132
35.25	99
35.97	104
35.63	126
35.07	124
34.62	200
33.34	189
35.33	120
31.73	3
33.87	160
32.99	51
36.33	109
35.4	87
35.26	108
34.8	53
34.28	109
34.49	126
36.19	86
34.14	128
33.96	126
34.43	69
33.3	88
34.62	157
33.32	64
33.08	124
36.19	120
37.89	110
36.13	94
32.82	130
35.6	110
34.63	130
60.54	4
34.08	122
35.66	98
35.51	115
37.44	58
37.51	1
35.62	111
35.31	115
36.87	125
34.24	105
35.51	107
37.49	120
37.35	110
36.9	104
34.81	128
33.97	110
36.48	115
35.61	123
34.92	61
34.56	106
35.76	87
33.12	109
34.48	126
34.39	101
33.96	132
34.32	125
35.55	236
34.62	129
35.48	118
34.17	62
34.02	123
35.34	130
35.53	117
35.1	120
33.62	122
35.35	86
35.14	122
33.71	118
35.47	14
33.9	102
35.37	116
35.54	129
33.81	129
34.07	132
36.33	155
34.1	112
33.68	106
35.69	126
35.9	118
34.82	189
34.77	50
33.19	131
33.48	126
34.27	62
35.49	90
36.81	121
34.72	129
36.43	94
34.46	115
36.03	115
35.91	116
37.55	127
42.2	2
36.84	169
35.63	196
36.87	125
34.23	129
34.89	122
36.26	99
35.47	88
35.95	70
35.98	56
33.95	125
34.65	215
35.46	119
34.3	127
35.92	126
34.31	75
54.76	6
36.28	194
34.44	131
35.15	75
34.69	91
34.9	228
34.28	125
34.24	125
34.41	130
34.28	125
34.86	110
35.16	124
34.21	120
34.94	126
34.52	91
35.97	104
36.17	125
34.86	217
34.45	104
34.41	127
32.5	75
34.74	169
33.21	117
34.81	79
34.16	90
34.92	22
36.93	88
34.35	117
36.05	84
34.51	118
34.69	132
52.96	17
35.3	176
35.09	119
34.12	123
33.94	126
37.6	62
34.78	118
34.56	81
34.92	21
36.61	132
35.37	132
35.01	107
43.64	1
36.43	91
35.52	102
34.16	50
35.63	99
33.53	130
36.11	61
35.06	106
34.65	114
35.01	94
36.16	90
35.01	96
36.73	112
35.52	95
33.43	96
34.21	201
34.03	29
35.32	169
34.11	114
34.28	76
32.54	78
35.48	60
34.09	55
35.5	85
35.1	108
35.33	109
35.63	112
35	116
34.42	101
36.92	130
35.4	107
34.23	127
33.48	106
34.42	89
36.63	77
33.94	114
35.05	129
33.43	40
35.06	160
34.83	124
34.44	124
37.58	116
36.45	125
33.17	120
33.52	99
32.78	102
35.79	135
33.28	28
33.82	115
33.44	98
33.53	119
33.79	129
32.79	45
35.16	121
34.17	69
34.4	103
34.54	95
35.48	163
36.61	93
33.08	126
33.41	93
32.98	49
35.07	77
36.69	77
35.81	159
33.33	132
37.11	123
36.4	61
34.59	31
35.53	56
37.85	89
36.46	122
38.93	8
34.24	129
35.24	89
34.61	118
34.88	72
34.12	106
34.68	100
33.57	103
34.35	123
36.08	58
33.22	120
35.21	49
35.37	62
35.16	80
37.25	104
34.39	124
33.52	106
36.35	77
35.62	127
35.39	132
34.08	19
36.03	127
37.22	100
35.86	115
36.2	90
35.19	134
34.97	129
35.4	106
34.86	126
35.97	115
35.37	128
33.59	92
32.78	128
35.16	115
35.58	95
34.04	59
34.91	95
32.75	129
34.3	106
35.03	114
35.38	104
32.44	101
34.56	211
33.73	130
34.4	184
35.08	100
34.57	122
35.13	147
34.17	155
34.21	132
35.84	115
34.28	118
35.38	125
34.98	84
34.59	115
35.89	44
36.69	110
34.75	58
34.84	46
34.44	123
34.51	101
35.25	160
34.45	113
33.83	40
33.66	118
33.59	73
32.88	27
33.24	103
34.16	96
33.52	55
34.09	88
33.16	110
33.22	123
33.77	59
33.68	73
32.46	130
31.89	125
34.82	217
35.16	205
34.19	95
35.8	157
34	127
33.69	144
34.7	92
33.05	118
34.94	104
34.32	133
33.14	120
34.15	69
32.82	130
33.12	75
34.51	115
36.15	57
35.57	121
35.42	80
34.31	123
34.77	116
36.03	130
35.61	100
36.07	73
34.37	126
34.03	131
35.46	124
36.39	121
38.32	67
35.73	120
34.49	125
35.71	49
37.39	63
36.68	120
36.15	104
34.33	115
35.05	125
35.69	61
36.46	43
35.49	123
35.79	52
36	86
33.68	66
35.17	55
35.43	125
35.93	131
34.86	107
34.43	36
34.46	20
34.3	140
34.85	98
34.14	117
34.55	114
35.55	155
35.63	82
32.02	15
35.31	100
34.8	66
34.5	94
33.56	116
34.31	230
34.09	73
33.8	119
36.31	175
35.67	93
32.94	132
34.7	121
35.65	90
35.42	205
33.61	116
32.15	1
35.26	78
33.02	121
35.98	139
34.53	107
36.76	88
34.96	119
36.53	111
36	132
34.67	104
35.68	108
45.33	29
34.06	131
37.44	91
36.33	75
33.96	109
33.85	107
34.55	129
44.77	30
34.32	119
34.35	53
35.9	118
34.76	57
32.89	130
34.6	123
35.07	110
36.59	93
42.96	29
35.53	106
33.54	101
35.71	60
37.06	128
34.48	19
34.47	120
38.35	104
34.6	140
32.84	117
34.14	66
34.14	111
31.41	125
33.31	124
33.65	127
35.08	164
33.4	114
34.94	82
36.13	94
37.5	114
38.65	21
36.23	108
36.71	159
35.82	35
37.5	89
34.61	100
35.01	82
38.41	84
32.96	127
34.98	52
35.02	117
36.12	95
35.81	112
35.43	125
35.1	126
37.11	65
36.15	126
35.59	86
34.26	90
34.74	161
33.57	102
34.54	60
35.19	58
34.02	94
33.83	93
33.99	51
32.97	127
33.92	187
33.93	109
32.31	44
34.8	114
34.53	130
34.67	115
33.88	116
34.98	132
32.9	223
35.18	126
35.25	121
33.22	126
35.72	107
35.63	126
34.65	46
34.25	28
33.88	174
35.45	197
35.68	127
34.42	82
36.51	106
36.3	132
34.68	131
33.44	131
35.04	124
36.87	103
36.01	102
37.05	129
39.55	27
36.19	119
37.13	90
38.04	118
39.83	11
35.43	87
36.46	109
37.24	74
35.92	111
36.9	120
36.14	82
37.32	69
34.65	102
36.77	114
35.41	85
35.08	93
36.54	63
35.89	132
35.97	113
42.67	21
35.29	112
36.16	89
34.45	132
38.99	14
37.43	124
36.61	92
35.62	67
36.05	125
35.36	113
33.18	131
37.05	132
36.32	122
35.12	114
42.91	0
35.04	45
35.74	100
34.4	132
36.59	98
34.54	96
36.19	108
35.68	113
36.36	106
34.37	100
35.87	115
36.16	117
35.15	76
35.04	84
42.33	20
36.62	129
37.32	120
36.46	130
37.78	91
35.76	86
35.15	128
36.26	131
35.97	103
35.9	104
34.33	115
37.9	103
35.18	109
34.99	122
34.73	214
41.82	4
44.92	27
35.7	47
35.07	130
35.25	117
35.55	119
35.12	125
35.49	90
36.91	112
35.02	106
34.67	107
36.01	113
36.46	87
36.39	100
39.53	23
37.04	116
36.96	106
34.59	100
35.6	94
36.61	120
35.61	69
33.78	132
34.87	26
35.61	84
34.57	39
36.04	128
34.95	124
34.66	201
34.52	101
34.57	117
35.37	108
34.35	69
36.3	118
35.28	103
34.72	111
33.06	49
34.32	116
34.29	209
32.91	23
35.35	42
33.91	86
35.52	126
31.7	1
35.46	114
35.25	26
34.79	121
35.34	114
33.61	143
34.78	100
34.82	114
33.58	121
35.19	113
34.63	115
34.29	97
35.16	85
34.6	85
35.26	119
35.3	118
34.71	87
36.26	132
35.38	102
37.28	87
37.47	103
35.96	102
36.3	130
36.83	126
37.44	95
34.62	121
34.61	126
37.18	115
39.6	25
35.27	118
36.14	81
35.43	46
35.95	169
35.86	97
35.88	165
35.88	116
35.67	122
34.33	120
38.61	2
37.33	101
34.77	125
37.26	132
35.24	104
48.84	53
36.27	71
36.49	113
37.44	123
35.51	100
36.43	60
33.07	109
34.48	122
33.23	103
35.86	113
34.5	129
34.36	91
33.36	121
34.41	111
34.51	103
33.4	125
34.68	124
43.49	12
36.28	95
37.09	89
36.85	116
36.4	97
36.44	131
36.54	126
36.47	88
36.19	102
36.02	42
35.73	51
34.52	91
35.22	107
39.94	14
34.63	128
34	123
36.05	127
34.76	132
36.49	168
34.7	111
36.31	128
34.23	48
36.1	107
33.47	126
44.56	0
35.14	121
34.9	44
34.12	119
36.63	100
34.91	132
37.22	82
34.29	53
34.34	203
34.61	100
34.08	34
32.48	124
33.83	58
35.26	86
34.61	89
35.57	122
35.77	114
36.39	95
37.48	96
33.53	116
36.49	86
36.35	78
35.49	102
36.98	84
35.44	92
44.24	38
35.05	128
36.2	81
35.18	111
34.2	118
35.93	100
35.81	68
35.03	125
35.2	109
35.04	128
34.88	119
33.58	130
35.57	89
34.61	120
34.86	124
36.89	72
35.92	128
36.47	122
35.02	82
36.13	101
34.29	121
36.55	117
37.96	102
37.03	76
36.96	98
40.07	33
35.9	110
36.19	130
35.81	115
35.78	126
34.17	209
35.6	103
35.38	108
33.21	129
32.92	132
33.8	118
33.96	162
33.25	96
32.89	109
36.47	54
34.42	116
37.94	80
35.16	108
35.64	66
34.77	101
36.17	70
35.76	104
35.07	127
36.48	92
43.99	18
34.66	55
33.52	124
33.82	130
34.41	108
32.94	127
34.78	46
34.29	131
33.33	128
33.33	128
36.54	169
34.53	80
33.98	176
32.78	73
33.4	110
34.25	45
34.96	61
34	124
34.73	138
34	108
33.52	109
36.17	168
34.58	108
34.07	107
36.64	111
35.39	80
34.93	124
45.98	28
33.57	129
36.31	97
36.79	92
36.63	105
34.12	124
37.92	5
36.05	111
35.02	97
36.73	85
35.65	116
36.64	130
34.61	128
35.18	119
35.03	103
35.19	68
34.47	98
35.61	61
36.28	80
32.21	117
34.26	120
44.12	15
36.27	122
32.83	127
34.83	111
32.87	121
35.85	111
33.72	95
33.22	46
32.94	114
33.55	32
36.15	93
34.74	128
33.19	119
35.27	107
33.71	6
36.64	132
34.51	129
36.78	97
35.45	125
43.56	19
35.05	132
35.72	128
35.19	114
39.18	76
34.53	93
32.45	71
35.01	112
34.28	57
33.34	98
35.91	92
33.39	213
33.84	139
34.2	124
34.99	78
34.03	117
34.79	113
35.42	60
34.36	127
33.14	2
35.03	71
34.54	96
34.69	115
33.34	129
35.08	112
35.08	112
35.08	112
35.1	112
34.66	41
49.2	14
35.01	120
34.37	88
35.92	129
34.68	114
34.88	129
34.31	118
35.94	96
34.86	128
34.82	100
32.92	44
34.94	101
35.12	9
34.18	108
33.88	123
34.85	130
35.98	132
36.15	109
34.79	106
35.19	123
35.49	102
34.67	73
34.98	126
34.59	14
34.91	118
33.77	199
33.61	116
35.73	113
33.74	128
37.44	80
34.47	108
34.5	116
35.02	103
36.16	106
32.6	115
33.62	130
33.26	83
34.23	119
34.22	95
34.93	94
34.47	57
33.45	116
31.94	40
34.25	190
33.04	55
34.62	19
34.48	89
33.98	68
34.58	117
34.48	130
34.63	100
32.96	127
33.55	125
33.19	127
33.69	123
34.78	130
34.95	78
33.44	125
34.31	127
36.75	68
35.26	52
38.13	77
33.49	117
33.79	21
35.27	124
34.73	54
35.73	127
34.32	100
36.34	94
36.12	88
35.68	129
34.54	125
37.8	58
34.45	113
35.64	202
40.92	81
36.46	50
36.02	119
35.76	220
35.81	123
34.84	33
35.52	116
35.93	208
37.54	121
35.63	114
32.38	58
33.49	73
32.52	129
33.62	116
33.45	78
33.07	129
34.38	67
36.61	77
35.6	94
34.61	53
34.53	108
35.83	90
34.28	128
35.08	52
33.56	121
58.53	23
34.38	130
35.31	53
36.98	66
35.97	125
35.19	190
34.52	97
35.37	78
34.05	44
36.27	150
34.01	176
33.71	100
32.78	126
35.31	91
33.77	122
36.8	111
35.75	107
36.21	98
34.92	175
37.52	121
35.67	130
34.09	118
38.08	94
36.09	128
34.6	129
33.67	118
34.52	87
34.48	116
34.17	79
34.25	70
34.16	126
34.2	109
34.78	90
35.89	71
36.2	63
33.8	127
36.33	98
34.78	121
34.65	111
34.85	109
35.55	155
33.62	143
33.1	125
35.16	85
35.25	115
36.96	117
34.43	91
33.4	104
35.44	132
33.16	76
33	132
35.46	119
35.48	119
35.44	119
35.39	115
33.5	114
34.02	86
34.84	106
34.27	113
41.93	30
34.87	132
34.83	118
34.22	120
34.72	126
33.91	109
36.82	118
33.6	65
35.11	132
46.33	13
34.3	107
36.81	88
35.16	113
35.49	100
36.06	96
36.05	109
34.41	114
33.55	126
35.43	95
35.24	113
35.54	132
33.25	120
36.72	47
33.77	130
36	157
35.69	112
34.99	93
44.35	29
34.25	91
35.25	92
33.93	152
33.79	125
32.84	130
35.86	107
35.07	110
34.8	124
34.63	128
45.28	22
35.77	108
37.21	116
36.42	97
34.42	106
35.22	91
35.13	81
33.97	126
35.8	177
37.29	115
35.04	118
39.33	24
35.09	108
33.63	132
36.69	93
35.99	121
34.59	51
35.63	56
36.56	123
34.57	103
33.08	96
35.2	121
34	132
34.55	126
36	118
34.1	214
35.8	111
34.12	126
33.74	125
35.66	59
34.29	87
35.55	56
33.74	61
33.38	130
33.35	126
33.66	128
33.01	92
34.28	102
35.29	54
33.97	78
34.34	105
32.55	127
34.29	78
35.9	46
35.33	112
34.16	132
34.79	168
34.23	81
34.04	53
34.9	102
33.14	128
33.13	117
34.43	94
32.05	34
33.71	127
34.82	120
33.19	85
33.88	128
34.28	106
34.28	113
34.96	98
34.2	70
34.88	104
33.79	87
35.81	120
36.54	162
34.3	103
35.61	197
35.3	132
34.57	101
35.62	125
34.63	89
36.11	116
33.94	131
34.77	82
35.98	134
35.47	124
35.78	89
34.45	106
34.45	127
36.37	162
36.52	36
50.73	64
36.55	94
36.94	122
36.75	102
36.2	116
36.55	205
36.28	105
34.49	32
34.04	119
35.7	84
34.88	85
35.21	121
35.04	108
35.23	51
36.08	53
35.7	101
35.14	127
33.54	128
35.59	118
34.16	112
35.23	111
35.7	93
35.46	115
34.24	126
36.31	126
33.47	102
34.82	79
35.43	100
34.21	82
33.73	91
34.81	140
35.97	87
32.76	102
33.73	118
33.82	122
33.47	82
33.65	184
35.56	123
36.39	68
36.19	120
36.36	118
36.37	51
34.62	129
36.55	81
35.05	125
36.76	70
37.98	97
36.31	107
34.58	87
32.25	121
33.01	35
32.29	23
33.75	34
33.16	32
34.14	85
35.28	113
34.29	63
34.98	147
35.32	100
33.87	70
33.47	62
32.44	49
33.84	105
35.03	41
33.65	109
33.29	114
33.75	48
36.37	53
35.54	106
37.16	84
35.94	120
35.66	130
41.35	22
37.66	129
35.16	105
35.58	159
36.69	149
35.92	114
35.09	122
42.23	14
37.13	74
34.41	127
37.55	106
33.6	119
35.95	78
36.18	86
36.86	74
35	113
35.4	114
35.13	197
34.93	115
35.58	104
34.19	120
35.11	125
35.34	45
35.38	87
35.85	90
33.84	104
33.35	121
35.27	205
34.92	49
34.88	92
33.31	230
33.04	56
33.8	63
34.45	92
34.05	128
33.78	213
33.76	116
33.43	131
33.53	174
33.76	116
33.25	131
33.79	113
33.62	123
33.67	67
33.49	109
34.3	65
34.18	99
34.03	104
34.37	185
35.9	70
33.95	116
35.69	119
35.78	119
35.7	119
33.82	108
33.92	127
35.94	125
36.7	20
35.11	128
35.23	89
34.89	131
35.04	101
34.3	117
33.19	92
36.02	115
35.85	155
34.3	193
35.45	160
33.96	101
35.17	46
35.09	76
32.61	54
34.01	93
33.78	127
34.81	113
34.42	57
35	70
32.67	129
33.76	109
33.31	114
33.46	134
34.51	120
35.65	122
33.05	114
33.12	110
33.23	69
34.19	85
34.87	212
33.95	85
34.61	238
33.86	93
34.14	158
35.49	119
33.46	131
32.34	118
34.01	124
34.27	99
49.82	12
34.77	118
35.2	121
36.42	78
34.98	119
35.69	166
32.88	121
35.05	114
34.09	107
34.96	117
34.76	104
34.17	75
34.57	116
35.66	155
35.18	97
33.66	114
35.78	127
35.57	87
37.49	117
44.8	16
35.73	111
34.18	151
35.14	131
35.27	58
35.61	89
37.39	90
35.91	99
34.42	129
34.3	123
35.03	75
34.55	56
35.11	98
33.61	114
34.59	22
33.73	69
34.78	103
33.52	61
34.44	41
34.83	154
100	0
35.5	120
36.31	116
36.04	102
34.27	20
37.45	114
37.43	130
36.7	100
37	87
35.52	117
33.65	116
34.29	39
33.59	131
34.09	16
35.42	50
33.53	90
34.7	76
35	128
34.23	114
34.36	128
35.31	129
34.87	120
34.2	50
37.39	80
35.48	128
34.39	80
35.28	128
49.19	12
35.48	108
34.13	80
34.78	130
35.51	196
34.91	73
34.49	90
34.26	50
34.85	109
33.86	132
35.66	108
37.29	107
34.82	107
33.11	51
33.72	128
35.48	190
35.1	127
34.02	132
32.17	110
33.2	95
34.47	145
36.2	48
35.31	128
35.73	131
35.38	167
35.31	132
34.16	82
34.69	85
34.49	79
33.8	102
32.06	131
34.43	129
39.23	76
32.99	114
32.33	113
34.37	167
33.59	115
32.73	21
35.65	122
35.05	109
34.22	81
33.77	125
34.54	106
35.1	109
35.13	127
35.3	105
35.61	103
34.26	115
33.77	132
35.55	90
35.23	64
33.96	40
33.21	82
33.14	61
36.23	60
34.34	23
34.39	111
35.75	80
34.92	88
35.95	97
35.61	172
36.04	76
32.85	132
33.95	115
34.58	64
34.17	115
36.03	136
34.42	66
33.56	120
33.41	31
34.74	110
32.14	74
32.66	25
36.64	108
33.33	121
34.2	39
36.1	75
35.41	116
35.83	56
35.74	124
35.5	164
34.3	121
33.95	81
34.77	104
34.71	127
33.3	130
34.9	112
35.27	121
34.86	114
34.75	122
35.22	122
34.1	75
38.02	149
33.35	128
35.31	129
35.44	66
36.17	150
51.51	13
34.57	128
35.59	130
38.02	65
35.56	111
35.19	126
35.07	99
35.45	79
34.71	125
36.07	122
34.12	122
33.67	91
36.06	81
34.63	125
41.55	37
35.33	97
34.98	109
33.72	47
35.33	105
34.15	32
33.69	49
34.69	127
34.81	98
36.7	89
34.09	127
35.85	120
34.47	126
35.72	110
36.13	111
36.96	96
35.22	117
36.89	112
35.96	131
34.94	98
34.01	105
32.91	114
33.51	35
34.04	115
34.78	109
32.45	21
35.69	122
33.21	127
33.68	115
36.08	90
35.31	60
34.39	130
35.4	122
33.96	73
34.2	92
34.18	66
35.51	105
33.07	107
35.36	91
35.36	69
35.03	81
35.79	65
33.55	114
34.32	105
33.5	236
33.27	70
33.41	153
33.14	128
34.17	89
35.44	129
34.43	197
32.91	114
34.32	115
34.26	81
34.78	109
32.56	37
32.73	21
34.06	98
36.14	88
35.22	60
32.83	31
35.04	121
35	110
36.01	126
33.86	47
35.47	77
35.27	130
34.93	102
35.41	118
35.05	57
36.81	100
35.6	108
34.1	120
34.11	216
35.61	44
37.39	122
35.53	127
33.3	128
34.71	67
35.23	55
33.14	128
36.82	91
36.25	108
35.25	115
35.95	76
37.18	97
37.47	125
39.96	14
36.16	102
37.69	63
36.79	123
33.69	119
36.2	117
39.04	12
37.08	110
34.35	102
34.54	125
35.51	127
36.03	106
37.03	88
36.6	226
33.47	66
33.51	115
34.82	41
34.44	109
33.3	117
33.04	176
33.97	114
34.85	83
35.78	51
36.23	141
34.81	94
34.07	114
35.59	115
33.75	113
36.52	87
33.12	125
36	131
34.09	32
36.45	132
32.24	130
35.95	109
35.09	124
35.6	123
34.57	121
34.91	107
34.72	126
34.6	119
34.76	107
33.26	104
47.89	9
34.53	227
36.56	148
35.8	98
33.81	26
35.44	128
35.05	88
36.23	115
35.24	43
36.23	99
33.93	60
35.11	123
33.77	121
34.5	52
32.96	96
33.4	120
35.11	107
33.99	94
34.05	96
35.51	116
34.26	30
34.22	89
35.18	84
35.08	117
35.57	89
35.97	92
34.37	118
35.22	126
34.34	36
34.35	132
34.51	121
35.6	127
34.84	99
35.43	114
35.1	113
43.39	12
36.75	71
35.99	125
36.37	118
33.85	33
35.08	124
34.46	150
36.44	91
35.36	117
34.33	57
33.51	113
36.7	153
35.98	106
36.34	117
37.56	82
34.46	106
37.69	96
34.51	130
36.41	122
34.58	130
34.21	126
55.31	73
34.51	130
35.04	120
34.58	130
34.58	130
37.06	73
37.01	129
37.29	96
36.91	131
37.03	106
35.89	114
38.24	101
37.32	111
35.53	118
40.77	45
34.76	116
36.37	125
35.41	123
35.69	54
34.43	21
34.93	89
35.71	136
38.71	11
35.83	103
35.1	85
37.42	88
36.2	121
35.38	123
36.93	131
37.4	51
36	78
35.92	90
36.97	106
37.18	100
35.75	130
35.91	35
35.42	83
34.36	90
36.42	118
35.04	101
36.28	118
33.9	111
33.71	21
34.89	95
33.57	127
34.88	30
35.26	106
34.78	88
35.68	128
35.93	190
35.74	102
35.02	94
35.33	92
36.07	100
35.52	100
32.92	130
34.36	178
34.65	52
35.47	110
32.89	110
36.09	132
34.48	89
33.59	131
34.85	94
35.6	147
36.8	126
35.64	79
34.61	127
35.11	80
35.62	104
36.16	57
36.57	113
36.65	125
36.58	125
37.17	78
33.51	112
34.04	129
34.02	126
33.09	118
34.43	113
33.51	112
33.51	112
33.37	120
33.51	112
34.34	120
36.22	74
35.67	109
36.04	130
35	124
34.55	99
38.78	3
35.53	129
37.44	113
36.44	71
35.28	119
34.2	132
34.01	104
37.02	118
34.02	30
35.9	124
33.78	113
35.45	119
33.81	42
31.17	11
32.76	26
36.71	54
35.43	95
37.46	127
34.85	124
35.6	90
36.06	41
36.52	78
42.4	33
34.35	99
35.19	63
36.81	90
36.29	72
34.26	53
35.45	130
32.82	131
34.45	123
34.19	42
33.91	25
35.68	129
35.46	128
34.47	116
33.3	42
32.99	89
34.23	107
34.27	94
34.62	190
33.99	99
34.26	130
35.6	75
34.61	212
33.42	126
35.83	83
33.81	115
34.96	131
35.5	104
34.38	106
35.45	131
34.22	91
34.6	117
33.88	131
32.74	27
36.1	97
35.37	98
35.1	155
35.62	46
35.69	111
35.65	68
35.84	123
35.63	131
32.97	29
36.38	115
34.83	121
35.11	113
34.63	128
33.03	88
35.16	127
33.34	43
34.38	87
33.49	118
33.35	225
34.39	100
35.94	110
37.64	93
34.33	113
32.47	47
35.21	211
34.98	98
33.8	15
33.84	121
35.49	98
36.8	111
42.61	32
37.59	114
34.63	116
37.8	108
36.72	108
36.76	125
37.09	76
35.91	51
36.83	112
34.92	118
34.52	101
35.37	73
35.04	116
36.04	86
35.37	125
34.11	105
36.11	92
34.89	99
33.99	125
30.8	9
35.17	116
34.31	129
34.82	132
35.63	65
34.21	131
33.53	115
33.2	106
33.56	78
34.95	126
35.79	65
35.14	132
34.58	129
35.18	125
34.84	189
32.66	114
33.38	69
33.8	127
34.03	108
34.21	131
34.98	131
34.57	129
34.82	128
34.93	70
33.39	132
34.76	81
36.22	62
36.18	118
34.45	126
34.97	122
35.21	103
33.84	132
35.89	72
35.72	86
34.3	78
34.63	84
33.89	109
34.46	124
33.56	124
34.33	101
30.98	3
35.24	102
33.78	118
33.78	129
33.21	119
34.74	117
34.27	81
33.08	85
34.29	119
34.61	113
35.89	48
34.79	51
34.48	108
33.47	55
33.71	130
33.69	130
33.39	129
33.99	75
33.68	74
34.82	134
35.34	95
34.87	77
34.09	119
33.72	120
33.75	88
34.54	93
33.74	116
35.48	108
34.45	106
32.92	125
33.32	116
33.11	62
33.09	123
33.72	44
34.13	120
34.31	108
32.78	115
36.24	68
33.02	3
34.56	69
34.56	107
35.2	116
34.01	114
34.16	130
34.41	112
34.61	74
35.62	79
34.19	100
35.62	79
30.82	1
33.7	116
33.51	114
33.09	73
34.57	117
33.31	124
36.75	65
34.88	128
34.34	201
34.57	55
33.22	132
33.42	110
34.14	127
36.74	87
35.31	139
32.72	128
34.02	42
36.36	63
36.76	43
35.47	128
34.43	104
36.79	144
35.1	111
35.05	101
35.6	116
36.51	113
36.51	124
33.72	132
36.08	80
36.1	56
34.34	114
34.34	106
35.11	114
33.86	99
33.21	113
33.82	79
32.78	25
35.46	108
35.29	79
33.75	104
34.38	104
32.86	16
35.83	103
34.11	224
34.99	51
31.08	13
32.89	61
33.96	110
34.23	103
36.5	98
35.32	116
33.51	105
33.78	192
36.63	110
34.61	204
35.2	124
35.05	69
34.54	88
34.39	129
35.56	86
34.39	175
39.19	76
32.86	114
34.06	81
35.05	109
35.6	122
32.27	17
34.11	115
34.14	167
34.08	181
35.23	60
34.18	129
34.34	190
34.26	131
34.64	124
36.68	95
33.81	129
33.2	132
33.91	98
34.61	101
35.2	132
36.64	77
35.1	109
34.21	126
36.44	78
35.71	91
34.89	117
43.05	25
35.64	130
36.69	103
34.18	25
35.93	68
35.18	159
34.48	26
35.51	99
37.45	92
35.54	134
35.45	65
33.96	100
34.38	132
35.82	89
37.01	93
37.16	80
36.94	72
35.78	103
43.16	24
38.24	111
36.39	109
34.63	121
36.5	125
35.49	129
34.67	56
35.03	68
34.29	212
33.04	20
34	172
34.55	165
33.61	87
33.79	120
31.98	116
32.82	117
33.78	73
36.25	112
34.06	117
36.14	162
33.86	143
34.86	119
34.02	71
35.3	68
35.88	116
35.33	130
35.75	60
32.08	12
36.23	126
34.75	127
35.56	124
35.41	120
36.41	98
35.32	126
34.56	50
34.48	111
33.65	129
33.99	79
33.76	194
35.24	102
36.04	112
50.2	10
31.72	27
33.94	61
34.7	172
32.76	26
34.44	128
34.33	106
34.92	83
33.33	28
34.81	121
34.63	116
34.51	127
34.1	112
32.83	57
34.75	194
36.05	131
45.56	11
36.3	125
36.02	107
35.27	178
38.38	100
35.83	117
37.35	66
35.98	109
36.28	98
34.7	57
34.94	116
33.6	110
35.32	99
33.34	82
35.9	103
36.07	116
33.18	67
34.92	117
34.11	126
33.68	101
32.62	106
35.23	118
35.12	88
34.39	106
33.39	123
33.85	113
35.3	124
35.12	86
34.45	129
33.93	208
36.7	114
33.55	45
33.47	118
33.68	124
37.29	57
33.8	101
33.74	44
34.94	90
33.67	89
34.62	37
34.22	129
35.3	102
33.08	41
35.22	128
34.68	116
34.18	155
35.34	122
34.33	111
36.56	77
33.98	85
33.81	110
34.64	124
34.57	106
33.19	54
34.27	87
34.77	74
33.16	98
33.37	79
35.22	68
33.67	217
32.86	119
33.39	130
35.07	101
34.17	87
33.23	128
34.45	120
33.47	85
33.15	86
33.68	104
33.15	98
33.76	106
32.95	71
34.01	88
35.3	132
34.82	79
34.37	132
33.82	76
33.29	100
35.47	102
36.87	105
35.73	119
36.2	129
36.07	98
39.62	15
36.99	104
33.59	125
34.15	130
37.06	95
36.25	68
32.27	123
34.32	193
33.57	79
35.19	114
35.86	94
32.74	132
35.04	108
32.64	108
34.17	110
35.41	65
35.67	56
35.64	97
37.22	46
36.79	86
37.12	124
37.28	76
36.23	113
36.68	128
33.26	132
35.3	69
39.43	36
33.76	124
34.99	237
36.22	129
35.57	127
36.06	78
37.09	89
35.51	87
33.53	119
36.43	74
34.56	70
32.26	108
35.46	98
33.4	102
32.41	112
33.89	126
35.05	167
35.45	93
33.03	35
34.74	84
34.57	82
35.21	201
35.63	86
34.28	62
34.57	35
34.67	89
35.49	47
36.31	116
33.83	109
34.26	127
35.47	78
34.53	124
35.61	107
35.05	109
34.98	117
34.08	62
37.19	112
34.19	96
36.12	26
36.13	197
35.81	75
34.15	97
35.87	114
34.76	185
35.19	75
36.26	123
35.57	99
34.53	97
36.74	145
36.87	86
33.58	123
33	125
35.59	89
36.96	87
33.4	91
32.94	82
34.02	80
34.02	116
34.41	114
34.63	107
34.37	127
34.66	32
35.69	89
35.31	128
34.9	107
35.71	123
36.63	66
34.54	117
34.83	114
36.39	101
33.52	99
32.84	121
33.17	130
33.37	84
34.14	42
35.06	124
31.63	13
35.47	95
34.95	61
35.07	107
37.6	124
37.61	118
35.77	121
36.96	127
36.33	96
34.84	105
37.24	130
37.49	87
34.61	129
38.43	99
35.67	59
34.76	132
34.28	120
31.82	29
35.2	98
32.89	124
35.91	92
34.51	131
33.12	119
34.59	107
35.71	93
37.13	50
36.13	80
34.4	115
34.64	107
35.62	127
33.99	113
36.58	112
35.33	92
34.43	118
35.37	70
35.53	58
33.77	83
34.74	127
36.17	124
34.01	90
34.22	108
33.98	121
33.79	128
34.83	178
34.5	128
35.07	46
35	128
35.44	130
33.51	71
35.01	126
34.15	50
37.4	74
34.39	131
36.13	88
33.18	33
33.68	151
34.05	35
33.52	119
35.25	117
35.81	154
35.96	122
35.93	88
35.14	74
35.5	122
36.84	131
35.16	124
38.05	83
35.29	121
33.95	112
36.75	2
35.84	130
34.39	126
36.28	104
37.49	74
36.05	40
32.97	129
33.16	32
34.01	104
34.71	79
34.42	104
34.07	124
35.92	156
36.11	78
33.64	121
35.17	123
34.55	83
35.6	60
34.97	67
33.98	81
34.33	128
35.02	114
36.19	95
35.35	122
34.3	86
34.82	121
34.91	111
37.41	116
35.27	129
34	91
35.29	52
36.29	79
37.79	90
35.85	80
33.99	127
35.86	125
35.44	112
35.7	119
34.66	114
34.96	216
37.75	84
36.77	79
34.39	147
34.76	106
34.02	59
33.79	125
32.21	84
35.3	95
34.16	97
34.46	52
34.56	120
37.84	77
36.86	76
35.17	82
35.15	103
34.2	120
34.71	43
50.53	16
34.88	117
35.42	124
34.03	88
35.46	223
35.85	97
35.01	98
36.05	99
34	124
37.13	81
36.86	90
36.75	108
35.67	109
35.84	91
35.65	69
34.87	111
35.87	65
33.25	128
36.64	103
34.29	118
36.72	104
34.84	115
35.87	115
34.4	92
35.22	106
35.46	124
35.94	128
37.51	109
35.49	77
35.06	116
35.23	87
33.42	132
36.46	128
36.7	103
47.23	21
35.33	49
34.65	90
35.33	81
35.46	79
34.03	75
34.65	102
35.09	63
34.74	67
33.87	99
33.33	108
32.28	70
34.77	56
35.86	50
35.3	99
34.97	131
34.01	113
33.31	129
33.94	123
35.55	108
34.65	128
35.7	132
34.97	101
36.13	101
34.56	127
34.96	97
35.06	87
33.22	94
34.45	214
34.81	111
33.72	119
33.87	94
34.66	236
34.1	99
36	70
35.55	126
35.44	89
33.9	127
34.96	91
36.18	132
37.67	77
34.56	110
34.09	132
34.94	91
35.05	120
33.28	117
33.66	92
36.13	77
33.69	114
33.18	125
35.19	118
34.85	114
35.09	160
33.76	85
35.27	141
36.03	118
33.5	108
34.47	126
33.74	109
33.76	117
45.05	10
33.52	129
34.7	200
34.82	95
34.49	120
34.57	120
33.23	129
36.24	116
34.23	90
34.32	114
35.64	130
34.92	114
33.89	121
35.34	123
34.76	62
32.27	36
34.4	206
33.66	83
42.54	28
33.27	94
32.59	129
34.25	100
31.91	13
35.52	117
35.26	89
34.06	44
35.03	94
33.65	61
33.49	132
33.63	104
34.89	76
34.57	123
33.98	132
34.64	132
34.35	107
36.26	117
36.42	117
33.4	80
32.84	129
35.27	132
36.01	68
35	102
35.57	97
34.51	89
35.85	115
36.5	120
59.5	35
35.28	119
35.73	130
34.39	121
34.01	128
35.45	130
34.35	98
35.51	113
34.85	129
36.99	101
35.34	87
35.83	113
40.35	22
35.96	108
35.17	101
34.17	123
35.41	77
33.72	102
34.13	114
36.03	108
33.55	80
33.9	123
34.18	90
34.96	204
32.99	131
34.04	43
31.92	102
34.61	115
35.57	92
34.45	106
35.29	127
36.26	79
35.82	77
36.4	113
36.3	121
42.23	18
36.45	120
34.36	113
33.41	68
35.69	122
34.09	117
33.99	89
32.56	118
34.86	185
33.91	97
33.09	220
33.61	77
35.26	122
33.09	44
33.68	44
33.15	132
34.48	97
35.07	88
34.82	112
36.01	89
34.01	238
33.38	123
35.55	88
33.47	131
33.44	128
34.74	121
32.04	121
34.77	114
33.34	130
36.42	143
33.51	124
35.1	104
35.18	190
33.57	130
34.52	78
33.94	169
34.59	214
33.13	96
35.12	56
35.12	56
34.18	125
34.38	123
34.9	59
35.58	121
36.59	77
33.49	131
34.92	102
34.36	37
34.42	123
36.69	115
35.21	87
35.98	201
35.79	104
34.8	97
34.32	118
33.27	29
35.18	63
35.14	59
35.21	90
33.78	78
32.88	97
33.71	34
36.53	133
35.74	59
34.86	228
35.42	198
32.64	131
36.1	95
35.93	77
35.51	182
35.86	154
33.93	130
34.16	52
35.56	89
35.27	79
35.25	104
34.24	118
34.18	103
32.95	116
33.84	33
33.71	127
35.05	97
35.16	103
35.16	79
33.48	73
33.2	7
36.43	121
34.05	105
33.3	52
33.13	121
33.78	129
35.46	111
34.75	85
33.11	127
34.39	111
35.79	105
33.33	106
32.45	7
34.18	157
34.29	68
32.62	125
35.67	68
34.6	130
35.22	68
33.61	110
33.05	132
35.25	103
37.11	106
33.15	132
33.63	118
34.84	131
34.38	182
35.8	95
33.14	92
32.7	94
34.56	94
33.73	108
34.48	96
33.28	114
33.3	114
35.85	83
35.96	74
35	72
36.07	225
37.49	57
35.72	76
33.9	114
35.3	25
34.25	58
34.68	136
34.71	131
35.72	180
34.39	89
33.02	54
33.79	110
33.88	76
34.64	112
35.48	186
34.09	63
35.13	47
33.18	131
32.41	128
34.01	132
31.89	39
34.78	165
32.63	120
33.69	114
35.21	122
34.57	159
35.05	174
33.84	226
33.36	130
34.9	77
34.16	76
35.42	138
35.16	187
32.92	78
35.47	125
32.46	121
34.88	92
33.4	129
34.51	91
33.57	127
33.43	29
34.39	113
34.72	94
32.91	131
32.87	104
33.93	211
35.78	112
33.62	105
34.98	125
34.93	197
36.83	92
42.62	17
36.89	126
38.59	101
37.66	79
34.64	127
37.09	73
36.69	55
34.01	97
36.08	67
36.15	126
35.55	125
35.44	116
35.91	129
35.56	115
35.4	105
43.06	24
37.17	78
36.99	87
36.76	78
33.4	120
33.02	112
33.54	44
34.8	104
32.86	62
35.17	143
34.92	93
35.29	116
34.68	85
33.23	132
33.22	120
32.61	105
32.91	130
34	114
33.18	60
35.2	185
32.31	23
35.08	102
35.75	122
32.77	116
36.82	80
35.54	124
33.91	129
35.56	126
34.67	124
37.25	81
35.32	131
35.31	95
35.18	125
37.82	73
35.36	101
33.68	128
34.35	84
34.66	124
34.8	22
34.34	48
35.38	61
34.57	126
34.12	129
37.22	85
35.09	89
35.08	85
35.32	92
34.77	77
33.79	119
34.96	160
33.63	130
33.63	130
33.54	49
35.49	125
34.47	1
35.6	83
32.53	17
34.4	93
33.74	116
35.58	78
35.2	106
35.27	69
34.38	123
34.67	168
34.52	127
34.98	105
36.54	115
35.41	159
33.35	123
33.39	128
33.96	130
34.83	96
35.2	132
34.37	91
34.94	161
33.29	75
34.06	115
35.48	127
33.55	75
33.3	132
35.65	106
34.73	120
34.27	129
33.82	115
34.47	119
38.49	95
34.55	119
36.19	67
35.23	127
36.23	107
34.67	93
35.88	79
36.07	121
34.86	118
34.71	237
34.28	117
33.61	92
32.96	84
30.53	29
32.68	39
34.69	51
33.38	62
33.27	52
34.62	55
35.44	142
34.15	68
35.9	114
31.79	4
33.21	115
33.68	43
35.97	77
34.19	112
34.83	92
36.29	127
33.81	121
35.75	109
32.86	121
34.26	114
35.39	121
35.11	93
34.88	82
33.06	108
34.18	60
35.46	166
34.86	119
33.41	119
33.47	146
35.98	84
33.81	148
35.74	134
35.42	66
32.48	142
33.95	147
33.69	133
32.47	145
33.44	149
33.76	147
34.48	133
31.95	134
32.4	139
33.32	142
34.31	130
33.54	148
32	139
35.01	92
35.26	125
34.48	135
33.57	132
33.32	83
33.73	141
34.27	143
33.73	141
33.09	137
34.33	145
33.62	145
33.9	145
38.02	57
35.34	120
35.1	114
34.85	145
32.45	118
32.79	120
32.56	127
33.95	122
35.06	120
33.53	110
32.61	149
33.12	149
35.06	114
32.57	119
33.07	129
36.45	113
35.97	124
33.71	134
34.08	122
33.4	129
34.67	140
34.73	136
33.6	115
31.8	134
32.85	133
33.69	141
33.12	145
32.54	134
33.59	148
34.75	135
33.08	117
34.26	118
35.72	148
34.93	82
34.69	187
35.7	137
35.62	93
35.32	120
36.28	133
33.92	148
38.54	107
34.16	148
37.19	92
37.19	103
33.48	133
36.56	78
33.54	138
34.04	149
34.72	139
32.54	146
33.98	87
33.01	96
35.98	125
34.19	136
33.16	143
32.19	143
34.65	55
32.25	146
33.53	131
36.05	39
34.53	147
34.24	127
34.92	131
34.57	89
33.14	141
35.23	149
33.49	148
33.12	128
36.25	122
36.23	116
33.49	131
35.81	139
35.9	115
36.12	59
34.37	149
34.33	141
37.79	140
34.39	18
36.16	133
34.73	147
34.22	149
32.86	146
32.8	126
36	111
33.81	100
34.87	138
35.02	137
34.92	147
32.95	144
34.3	100
35.47	138
34.34	137
35.26	131
33.23	147
34.83	128
34.1	100
34.08	100
33.85	141
34.73	99
35.36	131
35.85	139
34.13	144
33.69	142
34.87	93
32.55	125
33.55	149
35.95	119
37.1	106
36.36	88
32.05	137
34.44	184
34.22	130
34.1	136
33.52	269
33.48	89
34.78	104
33.24	135
33.28	148
33.23	145
32.6	146
33.23	142
31.89	136
34.72	133
32.6	142
35.76	79
36.25	136
32.68	4
34.36	135
33.01	147
34.9	16
34.18	147
33.8	111
36.28	58
36.76	114
34.87	138
33.78	134
36.23	53
36.19	136
33.51	141
34.95	106
37.39	93
33.84	138
35.03	58
33.84	121
34.17	144
34.85	86
35.33	197
33.45	149
35.78	102
32.26	149
33.72	115
35.84	146
32.64	143
35.15	65
34.08	82
36	98
39.06	41
36.21	135
36.7	115
35.13	94
34.34	121
36.43	173
35.06	135
36.65	77
36.88	139
33.71	123
34.15	141
35.06	94
34.27	149
32.56	64
33.11	148
35.44	141
32.71	135
34.15	98
33.22	110
37.66	134
33.46	138
32.53	143
32.53	143
33.49	75
35.71	262
36.28	199
32.94	135
32.56	137
35.46	94
33.07	142
34.43	112
35.52	95
33.71	136
34.08	139
34.44	154
32.78	116
32.47	25
35.39	51
33.26	124
33.06	132
33.85	111
33.95	114
33.58	125
34.96	148
34.19	134
35.05	148
35.02	151
32.98	142
32.98	142
34.1	226
33.89	261
33.92	118
34.85	126
35.2	129
33.41	64
34.2	147
31.66	148
33.51	121
34.5	121
33.93	115
34.47	124
33.62	116
35.19	135
32.85	145
35.46	47
33.36	120
33.88	103
35.05	148
36.74	101
34.82	1
34.18	134
38.04	100
35.76	59
34.19	142
37.11	112
36.18	86
34.07	120
34.93	131
32.5	136
37.04	100
32.71	130
35.32	94
