sim	len_diff
34.54	68
36.33	56
33.42	120
33.21	39
33.38	98
34.63	55
32.91	62
32.44	24
32.27	164
33.92	69
34.19	97
34.88	146
33.1	143
32.82	84
33.06	81
34.66	61
33.82	76
33.93	144
34.57	42
33.42	43
32.35	83
33	130
34.96	70
32.8	10
35.31	139
32.96	79
33.32	133
33.62	82
32.88	19
33.88	51
31.67	62
31.67	62
34.58	49
32.8	53
35.52	62
34.13	50
33.89	14
31.77	79
33.17	66
33.13	81
33.77	36
33.2	67
32.08	76
32.22	64
32.34	141
32.5	138
32.32	72
34.52	134
33.48	73
33.48	73
33.48	73
32.87	97
31.88	101
31.88	101
32.44	77
32.44	77
34.68	41
36.98	139
36.9	140
33.08	62
33.03	47
34.18	95
31.6	84
31.83	78
30.49	82
30.09	77
33.26	82
33.89	51
33.98	62
32.69	46
32.06	43
33.18	57
34.93	59
31.02	84
34.32	147
35.05	53
32.75	77
33.22	82
34.66	66
31.5	62
33.4	52
33.8	66
33.94	69
34.58	117
34.9	60
32.98	64
34.08	62
33.47	134
33.04	50
31.55	84
33.57	68
35.25	35
32.29	25
33.04	69
34.81	89
35.11	49
32.67	80
33.79	82
33.42	59
33.76	57
34.61	72
30.91	84
33.66	81
34.36	54
34.02	74
33.83	74
34.41	51
33.08	62
33.95	76
33.33	83
33.95	48
34.17	50
34.13	45
34.17	55
33.14	84
35.39	69
34.37	72
33.76	68
34.91	77
33.46	74
33.89	57
34.59	62
33.76	84
35.17	72
34.21	72
32.83	76
33.49	116
33.8	42
33.13	34
34.44	51
31.47	84
32.58	68
34.42	47
34	65
34.2	71
32.38	83
32.69	33
32.73	76
32.5	77
31.78	27
32	83
32	83
35.04	68
33.39	48
33.29	78
32.57	76
32.94	111
34.05	82
39.97	23
31.63	82
37.08	152
33.31	87
31.94	13
32.56	73
34.18	69
32.7	75
34.64	76
33.04	139
32.79	80
32.58	68
33.43	97
31.85	73
32.97	67
32.8	57
34.11	54
34.84	60
32.99	87
32.35	77
33.75	54
32.64	70
35.08	69
33.01	71
32.9	89
33.22	153
33.04	64
33.47	74
34.91	55
34.43	61
30.37	78
36.73	154
34.03	135
33.32	152
35.68	57
35.09	148
34.6	98
32.26	76
34.13	138
33.8	60
33.45	46
34.7	53
34.6	75
33.57	67
31.59	84
33.79	49
33.61	72
32.79	84
32.61	72
34.52	81
32.16	4
32.78	81
32.47	79
35.47	74
34.45	64
32.27	74
34.45	72
33.07	75
33.72	51
34.68	80
35.07	74
34	81
34.77	73
35.08	50
32.52	65
32.84	47
33.42	78
32.26	83
33.13	50
33.48	45
33.36	158
34.14	79
33.94	82
34.03	30
33.62	67
31.54	81
32.89	49
33.98	74
34.03	30
32.86	59
31.3	79
34.86	71
32.57	71
34.13	64
34.14	65
33.46	154
33.76	158
33.46	154
32.61	70
34.97	63
34.4	74
33.43	82
36	84
34.11	55
33.02	81
32.1	66
33.1	67
33.85	32
33.05	67
33.13	77
32.82	72
33.14	72
32.86	72
31.75	83
33.25	80
32.58	76
32.15	75
32.63	73
32.38	77
32.13	58
32.89	49
34.04	77
33.77	32
31.6	83
32.13	73
31.66	81
31.33	71
31.7	83
33.77	32
32.6	79
33.94	71
32.57	71
34.28	72
33.73	51
33.3	143
33.58	45
33.67	52
34.52	37
33.14	76
33.99	85
31.91	84
31.82	83
31.67	66
34.23	53
34.29	110
34.45	51
34.53	42
35.44	28
33.71	84
33.3	79
33.42	52
32.61	50
33.11	141
32.41	77
33.6	74
33.54	63
33.86	78
33.6	112
32.02	165
33.29	51
34.65	71
34.05	84
33.25	73
33.17	151
32.88	80
34.42	59
31.7	75
32.06	62
32.58	13
32.23	76
32.22	79
33.87	119
35.4	56
35.25	68
31.97	73
32.79	45
35.57	70
32.38	76
34.07	26
34.72	75
31.86	75
31.9	76
35.69	68
35.54	28
34.02	60
33.76	84
31.95	69
32.78	152
32.56	47
32.4	64
33.52	83
36.3	19
32.57	65
34.02	64
33.99	39
34.47	78
33.5	81
33.54	34
32.77	80
35.26	109
34.24	62
34.14	71
33.41	67
37.7	153
33.14	79
33.68	106
32.14	77
33.79	47
33.37	90
31.17	21
34.8	69
34.05	78
33.21	108
33.44	58
33.71	53
34.4	101
34.37	75
32.21	25
32.92	67
33.01	111
36.89	42
34.26	51
34.71	127
36.07	51
34.05	68
34.1	77
34.7	99
35.21	131
33.17	121
35.51	44
35.22	36
35.25	50
33.92	43
33.8	59
35.11	76
35.2	45
33.86	40
35.88	113
33.16	44
33.9	100
34	54
33.99	55
34.3	66
34.01	55
33.71	129
35.51	66
33.66	46
33.54	12
33.58	68
34.69	65
32.45	60
34.1	61
55.11	7
35.04	81
34.16	133
35.6	61
33.9	26
33.91	69
33.92	17
34.54	113
35.05	47
32.61	70
34.12	106
35.76	52
36.19	33
33.26	53
35.45	33
34.2	43
35.28	59
34.82	62
34.44	71
33.92	72
36.67	47
34.88	55
33.7	50
35.76	95
33.82	66
31.83	11
33.38	23
33.6	88
33.19	43
34.93	125
34.2	128
34.85	53
31.55	50
33.25	63
32.42	106
31.94	68
34.48	74
33.88	60
32.41	107
32.69	65
35.12	51
33.92	100
35.09	83
36.07	32
35.12	100
34.21	54
34.38	99
33.18	37
33.23	70
32.85	73
36.67	30
33.96	53
34.2	69
40.31	17
35.15	53
34.44	50
34.66	47
34.28	42
33.5	74
35.56	96
34.01	49
33.94	64
33.2	37
34.92	52
33.26	72
33.29	104
34.58	132
34.76	40
33.35	62
34.36	60
34.96	51
31.88	14
33.74	17
35.64	11
34.69	52
33.77	41
35.85	74
34.45	9
35.75	89
36.59	60
32.19	35
32.41	72
35.39	70
33.55	36
33.64	70
33.3	67
34.25	58
33.31	68
34.4	70
33.66	49
34.6	83
35.59	122
42.6	3
43.93	2
34.08	124
33.72	38
35.08	71
34.47	129
32.87	74
32.44	72
33.51	25
34.24	103
33.76	43
33.3	17
32.64	95
35.2	55
34.94	86
31.98	59
33.86	62
35.08	78
35.1	114
34.07	66
32.97	108
33.28	45
33.07	73
32.45	66
32.24	45
33.23	72
33.18	82
31.33	69
35.06	10
34.25	67
33.71	63
33.49	113
33.55	112
35.02	42
34.13	117
35.17	116
34.41	65
35.63	65
35.45	66
35.94	42
33.28	108
33.3	104
36.5	50
35.21	33
34.77	74
33.79	63
35.57	74
32.16	69
34.04	42
34.36	109
33.77	50
33.05	107
33.16	24
35.27	73
32.67	105
35.75	51
33.73	58
34.06	69
34.59	54
35.96	96
34.79	134
33.21	24
32.75	59
34.97	55
34.28	31
33.76	83
33.83	71
33.51	62
35.4	113
32.51	69
35.29	72
32.25	61
33.97	35
35.22	120
33.05	108
34.95	74
34.1	43
35.35	59
34.26	26
33.62	72
34.16	65
32.25	25
33.78	129
33.82	34
34.05	64
33.83	54
33.44	36
34.81	70
36.83	41
34.57	71
37.28	51
37.04	33
32.63	40
35.63	72
34.1	65
34.6	114
36.82	38
34.08	64
34.01	66
34.77	47
33.38	71
34.13	93
32.46	52
32.77	61
33.77	55
33.38	61
30.67	23
33.38	25
31.68	17
34.96	44
34.73	39
34.5	43
34.7	52
33.51	72
33.2	43
35.53	29
33.86	46
33.85	30
35.24	65
33.5	41
32.54	58
33.06	107
34.98	55
34.14	37
35.45	71
34.04	62
34.41	71
34.91	66
33.57	30
34.95	120
33.45	63
36.42	3
34.93	40
33.3	74
34.4	70
34.6	113
33.07	13
33.41	92
33.29	109
32.99	57
33.56	107
34.69	74
32.38	9
33.73	58
33.91	120
33.98	62
34.21	58
33.86	49
37.76	46
33.69	129
36.24	46
34.37	133
33.54	60
35.23	45
32.79	71
33.79	108
37.47	42
32.87	126
34.22	25
33.41	51
33.89	30
36.14	38
33.61	124
34.52	50
35.22	58
33.54	72
33.88	24
34.3	67
34.11	65
34.83	66
34.99	83
35.14	86
33.77	54
36.59	62
34.89	46
34.66	61
34.14	53
32.97	15
33.56	65
36.25	58
33.85	73
33.84	59
34.79	21
33.32	71
34.83	69
33.86	55
34.82	99
37.55	55
36.19	63
34.64	63
34.68	51
35.24	117
33.89	125
32.32	49
34.44	62
33.44	109
35.09	51
34.57	45
34.35	92
34.95	83
35.18	74
34.79	58
33.22	124
34.66	43
35.08	71
33.17	70
35	51
34.71	109
33.52	47
31.79	64
32.65	124
33.49	69
32.51	69
32.39	39
34.35	57
33.11	129
34.07	93
33.87	74
34.06	63
35.32	55
34.6	55
33.18	51
33.63	65
35.03	66
36.97	53
32.32	71
34.47	63
32.76	23
33.69	22
32.97	37
33.5	90
35.7	64
33.73	69
34.79	62
35.95	70
34.35	122
33.32	68
31.91	59
33.59	129
33.87	133
31.59	3
34.74	53
30.38	71
33.54	78
31.93	25
32.44	73
34.57	68
33.62	67
32.65	23
33.75	65
33.28	32
33.25	58
32.79	68
33.33	126
33.76	51
33.17	67
33.71	44
33.43	51
32.81	67
34.27	59
33.64	33
34.8	71
33.63	54
34.32	69
32.55	59
34.32	67
32.71	85
34.43	126
34.03	51
33.73	42
33.78	130
35.44	45
33.83	74
34.79	102
34.57	80
34.43	53
35.08	70
33.02	60
32.91	56
33.84	113
35.32	71
34.69	46
33.03	53
33.77	69
31.6	18
33.86	56
36.41	43
35.4	57
33.44	61
35.11	66
33.3	69
34.05	47
34.1	24
34.38	29
32.86	68
33.82	55
33.41	48
34.48	86
35.06	98
33	74
33.57	73
34.59	106
33.14	24
32.52	71
34.68	48
35.16	130
32.72	60
35.04	79
35.1	86
33.02	42
33.59	101
35.55	116
33.36	68
32.67	115
35.48	65
34.79	110
35.66	77
33.34	25
33.48	68
34.48	69
32.3	14
34.06	51
32.87	64
32.81	59
32.98	8
33.66	88
31.35	26
34.42	30
33.33	72
35.68	45
33.64	7
32.91	96
34.69	23
37.14	14
32.81	71
32.55	56
34.5	79
33.89	100
34.69	72
33.89	60
34.97	128
35.81	115
34.08	64
34.85	115
33.7	90
35.54	65
33.39	57
34.56	114
34.94	66
33.94	129
35.33	77
34.19	71
32.35	70
36.01	64
36.54	106
32.59	50
33.44	29
35.65	69
35.14	78
33.84	134
32.94	58
33.53	66
51.04	4
33.02	63
34.53	62
33.31	61
33.58	69
32.24	73
33.3	66
33.44	69
35.3	59
35.18	73
34.85	80
31.23	53
35.39	60
33.96	61
32.34	50
34.12	118
34.04	17
33.35	62
35.85	68
34.32	116
31.98	74
33.55	64
35.07	89
34.85	78
35.12	87
33.64	73
35.2	103
35.63	65
33.56	72
36.01	56
34.24	73
35.13	64
34.6	70
36.34	107
34.19	57
33.78	62
34.68	64
34.73	7
34.81	74
34.81	66
35.95	50
34.55	61
33.13	19
34.51	73
34.88	86
33.18	31
32.72	105
35.04	26
31.88	14
33.83	68
33.76	92
34.89	74
36.26	34
32.83	42
35.14	26
35.08	75
33.92	78
34.58	124
33.05	68
35.37	64
33.85	38
35.84	43
35.57	61
33.65	66
32.75	58
35.33	55
33.61	133
34.93	111
34.56	87
34.02	53
34.2	81
35.99	64
31.84	14
34.89	69
33.52	55
33.74	120
33.52	72
35.09	77
33.73	73
34.45	41
33.12	57
32.6	61
33.25	72
34.7	37
34.39	73
33.8	117
34.58	124
33.5	116
35.29	59
33.02	72
32.75	73
32.68	122
34.62	38
33.26	40
33.22	66
34.48	64
32.26	67
36.42	69
34.65	57
35.61	72
34.83	74
34.68	63
34.25	127
34.44	45
35.64	64
33.97	63
34.33	77
34.16	83
33.4	123
34.29	56
32.14	18
33.16	52
32.78	11
34.94	133
35.08	61
32.98	129
35.79	38
36.94	58
35.52	25
33.47	37
35.48	53
34.72	51
33.33	68
32.78	64
35.39	52
34.36	44
33.83	108
33.33	50
35.6	82
32.1	66
35.55	50
34.99	68
34.01	68
33.81	69
33.95	40
35.7	44
33.59	42
32.45	0
33.86	37
32.92	109
34.43	50
32.3	74
32.47	60
33.64	60
34.07	101
35.33	60
32.91	93
33.98	66
34.96	59
34.45	24
34.07	70
33.69	67
33.44	120
37.21	48
34.42	63
35.11	83
36.23	35
34.1	50
36.07	46
34.08	72
33.19	74
33.02	93
31.82	46
33.58	44
36.9	53
33.13	105
34.44	66
34.35	44
33.33	74
32.69	72
33.23	53
33.76	68
33.86	5
34.13	48
34.1	45
34.09	72
33.79	97
34.85	65
33.69	41
33.48	45
33.05	72
36.33	61
35.15	65
33.8	23
34.72	132
33.73	49
33.73	39
34.71	60
32.05	24
32.42	65
33.06	81
34.56	63
34	118
32.93	73
35.78	92
32.62	65
34.31	49
34.14	42
33.4	109
33.27	65
34.07	129
33.07	23
34.68	118
33.66	57
34.48	80
33.32	51
35.19	30
31.86	72
35.63	84
32.85	50
33.26	53
35.23	95
33.75	40
35.13	48
35.38	44
33.97	66
35.2	48
41.8	17
33.53	116
35.3	52
33.25	74
33.97	54
33.29	70
35.2	48
35.41	34
36.45	42
33.96	114
37.08	57
34.25	57
34.29	56
36.14	82
34.37	61
34.1	59
34.74	67
35.04	101
33.39	93
33.46	61
34.23	74
35.68	86
32	40
33.82	52
33.88	119
35.11	90
33.55	55
33.38	69
34.3	37
36.02	77
36.08	36
34.49	62
34.17	53
34.87	105
36.01	33
36.11	6
35.46	43
34.51	53
34.8	64
35.11	40
35.71	45
35.86	90
35.46	39
33.99	58
34.42	133
35.46	39
35.04	51
34.88	40
35.16	81
33.67	115
33	72
32.73	114
35.62	52
34.5	42
34.39	57
33.87	72
33.43	32
33.27	125
33.47	60
34.24	69
33.31	134
34.58	59
32.36	72
32.38	72
35.06	48
34.9	28
35.39	74
34.75	47
32.51	56
34.47	73
34.23	73
32.92	126
34.89	63
33.83	46
35.15	62
34.14	42
34.81	61
33.41	71
34.15	58
34.09	52
33.04	60
33.17	84
34.59	108
35.87	65
32.52	7
35.19	56
33.71	47
33.65	29
33	66
36.61	56
33.24	108
33.07	50
34.22	68
33.74	129
34.21	63
33.97	108
33.83	62
34.62	127
31.15	74
32.22	68
33.64	119
33.72	50
34.09	9
33.47	36
34.01	117
62.58	3
33.73	52
34.64	93
33.71	52
32.07	70
34.95	53
35.77	74
34.3	47
34.89	64
34.58	90
33.98	133
33.98	133
36.04	74
35.05	52
34.16	72
35.67	56
34.57	72
34.82	49
35.55	71
33.77	74
34.55	74
33.27	65
37.38	41
35.54	112
35.77	10
34.94	49
32.38	59
34.93	35
34.83	81
34.32	124
34.8	36
34.21	88
34.36	112
35.2	44
34.21	74
34.29	63
34.32	73
32.91	49
34.01	133
33.17	57
34.74	125
33.54	125
34.22	46
32.57	52
37.49	46
34.79	82
36.76	46
33.63	60
33.91	134
32.77	74
33.87	108
37.47	42
32.71	126
32.71	73
35.04	39
34.38	66
34.26	50
32.79	72
34.75	84
35.52	55
34.02	103
33.13	66
34.53	126
34.03	55
34.45	40
35.93	43
35.52	35
31.73	31
33.35	28
32.55	72
34.21	81
35.18	74
34	114
32.35	68
36.75	61
34.05	133
32.79	107
34.86	104
34.29	111
33.01	73
33.64	99
33.94	6
31.39	73
33.83	88
34.62	127
34.52	65
35.08	66
34.16	28
34.15	105
34.61	48
32.74	55
33.79	59
33.49	112
34.18	72
36.7	53
35.54	55
33.92	128
33.07	73
34.39	54
35.76	73
34.81	42
35.99	78
33.95	118
31.23	66
33.41	22
32.04	65
34.24	112
32.75	24
53.62	14
33.91	52
34.13	36
33.86	74
34.35	51
33.03	67
35.51	52
33.14	42
32.06	36
37.34	65
33.4	107
36.76	73
36.34	92
34.13	74
35.08	128
34.33	119
32.67	71
35.42	70
35.41	56
35.42	52
34.87	60
34.14	60
33.34	109
32.5	60
33.37	71
36.19	66
34.04	23
32.9	22
33.52	38
33.81	66
33.77	65
33.46	25
33.73	73
34.74	34
32.74	44
35.72	46
37.13	10
33.44	74
34.58	62
33.96	116
36.01	69
33.7	69
35.01	43
32.94	28
33.74	134
36.07	50
33.32	55
33.53	117
35.32	71
34.53	74
34.58	66
35.14	40
33.61	66
33.76	73
34.84	101
33.18	92
34.19	66
36.17	59
32.55	57
35.14	73
34.72	29
33.26	53
33.52	87
33	16
35.76	67
33.98	64
33.82	134
32.44	88
34.79	113
34.53	107
34.09	113
33	46
33.78	48
35.05	80
30.93	23
32.52	23
33.98	124
36.11	46
33.64	29
34.76	52
34.48	56
34.91	109
33.48	57
34.4	124
32.98	40
31.38	11
35.07	51
35.26	73
35.3	38
32.91	70
34.36	61
33.2	57
34.17	70
35.26	73
35.44	53
35.26	73
35.15	30
35.55	50
34.41	43
34.06	66
35.63	52
34.31	41
33.97	92
35.35	71
33.65	50
35.27	104
34.28	19
39.68	9
35.31	117
33.61	43
34.41	93
35.29	73
33.38	16
35.66	130
34.31	81
34.21	70
35.22	77
31.63	70
35.35	77
33.49	33
34.17	67
31.54	13
34.25	52
33.21	96
35.92	65
34.38	15
32.74	107
32.76	109
33.1	45
33.51	67
32.97	54
34.47	58
34	38
34.54	105
34.23	29
32.24	45
33.86	120
33.77	71
33.97	49
34.76	61
33.65	44
33.29	61
33.45	118
35.05	85
35.25	83
34.05	69
35.19	48
33.63	72
33.21	98
33.85	125
34.89	53
33.16	94
34.39	70
32.85	71
34.13	21
33.2	59
34.41	97
32.26	67
35.41	89
32.52	51
34.03	114
32.57	24
34.26	56
34.25	36
32.78	17
33.31	106
31.85	22
32.8	133
33.34	68
32.28	126
33.26	59
34.64	33
35.03	53
34.51	53
34.14	44
35.17	21
34.95	51
33.42	17
34	119
34.56	54
34.7	51
34.83	96
33.87	69
34.32	56
34.91	56
38.58	49
32.6	1
37.11	36
34.92	64
34.82	56
34.95	62
35.1	47
33.76	56
36.35	55
32.03	15
34.93	62
33.84	73
35.63	72
33.56	74
33.06	119
35.18	50
34.73	51
34.64	68
35.9	74
33.04	22
33.8	44
34.65	124
32.64	58
34.42	56
34.89	66
33.73	46
35.8	57
35.1	77
34.38	67
32.63	59
32.52	73
36.03	77
35.76	65
36.55	11
33.91	66
33.01	29
32.71	40
33.95	52
34.1	107
32.34	61
32.59	45
33.34	108
35.28	82
33.02	65
36.1	63
33.33	104
34.26	72
34.17	70
33.64	59
31.27	69
33.07	34
33.45	68
34.42	23
34.8	48
36.38	44
33.12	131
35.35	53
36.45	45
33.93	94
33.41	126
36.85	38
33.36	25
34.18	92
32.98	52
34.22	61
34.5	70
33.54	71
33.97	68
35.63	64
33.33	71
33.06	41
32.56	73
34.79	72
33.96	39
31.97	65
33.69	117
36.15	42
33.34	16
32.53	63
35.06	94
32.36	74
33.77	50
34.88	32
34.61	53
32.58	49
34.53	45
33.18	62
33.33	132
33.46	73
33.87	52
31.01	35
31.16	61
33.74	68
36.76	55
38.05	14
34.29	74
35.22	68
34.58	40
36.02	54
34.02	52
34.07	26
33.36	118
35.83	50
35.12	84
34.61	39
35.47	74
34.92	59
35.62	132
35.62	74
34.67	96
33.48	56
33.99	59
33.33	43
49.41	5
34.26	65
33.94	60
33.73	62
34.91	66
33.38	19
33.66	132
33.84	72
35.43	125
33.58	68
34.93	121
33.42	55
34.26	77
32.54	47
33.37	109
34.09	101
33.17	108
34.74	56
33.56	16
33.86	54
33.67	90
33.65	54
33.73	42
33.9	123
33.77	80
33.51	77
40.61	17
33.63	30
34.44	59
34.51	62
35.49	54
33.19	65
34.97	55
33.85	65
35.76	85
35.24	93
33.93	44
34.69	54
34.1	4
34.97	113
34.94	64
35.43	85
34.02	110
35.05	126
37.42	57
36.68	105
34.26	73
33.35	134
34.29	133
33.37	126
34.33	61
35	47
35	133
35.1	7
35.96	39
33.82	112
33.96	59
34.52	27
39.08	15
34.36	50
33.44	88
33.53	107
34.05	34
34.44	52
35.05	77
34.95	70
35.93	72
32.76	72
34.97	69
35.39	56
34.72	64
34.63	73
36.18	13
34	115
35.93	9
34.63	60
35.65	61
35.77	35
33.27	73
34.33	71
32.79	65
34.19	49
35.67	6
33.27	70
35.85	123
35.23	91
32.99	5
34.86	96
35.46	62
34.84	132
35.86	53
33.47	59
37.26	45
39.2	17
35.61	66
35.66	55
36.24	68
35.65	55
33.59	28
33.05	58
34.44	133
32.73	67
33.59	28
36.02	54
35.93	116
33.73	22
33.59	28
33.59	28
34.14	130
34.72	78
33.6	62
34.1	70
35.46	56
33.68	2
36.17	52
34.87	74
34.16	38
34.01	118
34.84	77
31.6	9
36.58	39
34.23	20
33.35	54
32.77	62
33.59	4
33.65	35
32.43	13
31.17	16
34.16	27
35.02	48
35.42	55
34.15	122
33.66	52
34.77	107
32.77	9
34.26	63
35.2	86
32.51	13
33.61	36
33.1	73
33.94	131
33.83	39
33.26	62
31.85	2
34.04	13
34.88	56
33.94	72
35.14	9
35.42	59
35.25	49
34.69	101
34.77	82
33.01	113
33.89	132
35.21	52
33.57	70
33.16	88
36.02	56
34.99	44
32.56	18
32.04	108
34.58	59
34.84	97
37.45	36
34.69	116
35.18	61
34.96	62
32.64	34
34.08	28
34.15	63
34.63	53
35.03	111
36.58	33
34.13	69
33.37	41
35.97	66
33.6	26
35.08	80
33.33	127
34.08	51
34.63	54
34.98	128
35	56
34.67	119
34.93	71
34.56	33
34.76	71
36.26	69
33.24	108
34.89	34
34.52	70
34.48	53
37.82	51
34.48	68
34.48	19
34.93	72
34.74	45
34.01	71
33.8	1
35.41	52
33.78	21
34.51	65
34.51	65
34.16	83
34.47	70
34.11	99
34.17	123
34.93	24
35.78	54
33.92	106
33.27	69
32.2	68
34.8	91
35.64	67
34.15	25
34.42	74
33.85	57
32.15	26
33.18	74
35.43	57
35.86	49
36.38	54
34.92	83
35.03	93
34.38	64
34.03	67
32.82	38
33.05	31
35.48	46
34.86	52
35.18	97
34.6	64
34	46
34.18	51
34.16	36
34.2	42
31.59	14
35.42	48
34.86	86
35.82	69
34.69	49
34.37	108
36.32	69
33.45	34
34.66	11
34.01	131
34.5	59
36	46
34.66	118
32.47	72
33.66	73
34.92	96
34.24	104
35.23	120
34.87	66
31.97	39
35.27	59
34.5	96
32.88	108
34.7	60
36.54	66
36.17	99
33.13	66
34.27	85
35.66	72
33.94	128
34.13	50
33.98	100
35.51	116
35.35	32
35.3	5
32.65	60
33.72	67
34.21	52
33.83	17
34.9	104
32.72	32
36.18	67
35.22	40
33.25	63
31.39	64
34.8	37
35.19	96
36.51	83
35.38	62
43.68	7
33.95	123
33.85	72
35.57	54
35.62	70
35.55	63
34.69	69
34.8	54
34.07	117
33.37	115
34.4	9
34.78	93
33.43	54
35.56	73
35.36	63
33.74	68
32.19	72
34.08	70
35.89	66
34.11	35
33.47	65
33.59	6
34.38	129
35.29	14
34.43	80
32.13	61
34.3	55
35.23	74
33.6	131
33.89	18
33.42	49
33.35	50
34.62	73
35.41	61
36.01	26
35.04	65
35	63
33.88	65
34.92	72
32.63	56
33.86	91
32.06	9
33.4	107
35.47	68
36.35	25
34.56	29
34.22	69
33.75	59
36.17	53
32.61	73
34.47	66
35.37	63
32.93	46
34.17	69
34.16	45
34.17	69
34.34	73
34.17	69
32.16	64
34.97	57
31.69	16
34.17	69
34.17	69
33.31	63
35.36	69
32.02	74
34.22	25
34.14	131
34.23	67
33.16	68
36.12	74
34.35	70
36.2	81
35.29	89
33.46	117
31.7	63
35.13	66
35.84	51
33.23	41
33.5	73
33.21	65
33.85	24
34.24	59
35.77	50
35.72	79
33.02	64
33.96	92
32.96	56
33.6	39
34.08	131
33.86	105
34.53	92
33.67	28
35.13	74
32.52	30
35.52	91
30.77	16
33.52	43
34.25	38
33.04	53
32.6	11
33.67	70
34.54	119
34.49	133
34.33	34
34.82	45
33.53	32
34.74	55
33.57	45
32.93	70
33.73	68
33.77	56
34.03	68
35.84	71
34.89	44
33.67	58
33.49	69
31.97	10
34.22	48
33.25	87
32.57	72
34.49	68
32.4	61
34.99	89
33.2	121
36.95	56
35.44	75
34.29	28
34.14	52
33.37	106
33.1	74
31.55	12
33.34	8
34.99	70
35.35	70
34.78	54
35.43	53
34.34	70
33.73	73
32.26	6
34.85	68
34.13	63
33.98	67
33.99	79
34.86	92
34.14	48
34.24	106
33.54	39
36.36	54
32.95	67
32.77	69
32.43	70
34.77	64
34.79	36
34.78	67
33.37	113
34.93	51
34.28	76
33.61	105
33.34	123
35.08	38
33.26	108
33.68	59
34.96	70
35.4	66
34.96	67
34.38	63
32.55	107
34.68	47
35.75	77
32.91	67
33.1	58
33.01	65
36.02	77
35.91	58
31.76	43
34.63	129
34.5	55
34.29	68
32.67	51
36.33	27
31.87	62
34.33	83
36.54	94
36.7	48
33.69	74
33.63	98
35.1	54
34.41	56
33.79	93
33.72	63
34.62	58
35.76	64
35.15	76
33.15	110
33.36	46
34.59	68
34.48	37
32.16	51
34.18	92
34.29	36
32.79	57
32.52	58
32.92	66
34.91	104
34.58	126
33.92	113
36.3	109
57.49	1
34.32	71
32.6	14
34.32	57
34.14	70
33.31	108
32.33	68
33.79	55
31.85	68
33.76	107
33.74	59
33.47	51
34.51	43
35.38	74
32.71	101
33.79	105
36.01	40
33.77	53
34.51	129
33.08	36
33.73	53
34.42	67
32.49	42
35.22	68
32.23	71
34.63	37
35.23	48
32.2	70
33.35	74
35.94	74
34.73	48
33.22	65
35.5	81
35.94	68
36.07	86
34.62	24
33.64	63
34.07	102
33.94	128
34.59	115
34	66
33.17	44
34.53	64
35.27	68
33.79	71
34.21	134
34.22	71
35.08	107
33.09	60
35.22	44
32.68	58
33.27	83
33.61	51
34.02	39
32.34	70
32.1	64
33.6	107
33.64	66
34.19	61
34.52	69
33.37	34
35.3	47
32.69	115
33.07	52
35.46	97
33.54	115
35.79	69
34.23	38
35.51	63
35	75
34.22	47
33.58	57
34.76	59
34.42	120
33.3	108
34.49	55
33.55	128
35.67	43
32.79	67
35.22	51
35.46	29
34.24	115
35.54	51
31.92	40
34.85	73
35.27	63
34.08	52
33.47	115
33.54	104
33.24	116
34.79	59
34.89	59
33.5	74
33.99	71
34.38	117
31.35	8
34.16	71
34.91	79
33.95	117
34.01	99
34.34	129
35.9	44
33.52	67
34.04	126
35.4	90
31.88	73
36.52	39
34.65	34
38.29	14
33.66	67
33.48	69
36.42	32
35.13	62
35.02	123
35.58	44
33.08	72
34.04	70
33.1	72
36.03	81
33.66	122
32.54	74
34.68	83
34.88	51
33.25	132
34.35	8
34.28	88
33.66	95
32.18	107
34.8	105
34.38	22
34.32	111
35.52	57
30.2	7
33.28	62
33.49	132
32.97	51
36.53	54
33.39	88
32.71	33
33.88	69
34.29	69
32.44	66
34.34	60
33.86	70
35.44	69
34.84	130
36.63	63
33.23	109
35.12	106
32.34	109
32.76	58
35.71	70
36.39	55
34.42	55
33.26	68
34.57	73
34.12	53
35.42	75
34.75	102
36.9	26
32.48	69
34.26	61
33.68	129
34.45	78
33.61	86
34.29	80
34.36	57
32.19	102
33.35	120
33.98	70
32.51	5
33.01	12
34.85	99
33.82	68
35.6	83
34.51	32
32.16	41
34.24	73
33.63	64
34.64	98
35.44	100
34.9	67
34.63	106
35.56	46
33.46	34
35.48	68
32.72	21
33.93	48
35.13	41
34.56	54
31.86	72
36.54	59
36.12	104
34.81	106
32.75	57
33.79	26
34.5	55
33.74	55
35.23	88
35.55	132
35.03	63
33.75	40
34.17	60
34.22	74
35.04	67
36.55	68
33.75	91
33.75	91
34.09	41
34.26	43
33.51	133
35.65	110
33.07	129
33.45	65
34.45	122
34.23	74
37.42	57
34.81	36
33.16	67
34.14	37
34.8	55
35.02	122
35.57	61
35.81	36
34.85	25
33.3	32
33.68	82
32.63	46
34.97	21
34.08	51
33.35	43
36.07	11
34.2	77
33.35	43
32.84	73
34.45	114
32.96	72
33.7	63
33.17	63
36.42	42
33.75	112
34.38	51
33.03	61
33.4	59
34.51	66
35.41	70
37.75	15
36.08	58
35.76	62
34.86	57
34.4	24
34.84	18
34.46	130
32.8	8
34.07	48
36.22	102
32.93	37
35.59	55
35.37	38
35.95	65
34.98	43
35.41	74
34.67	117
34.46	62
34.47	65
35.91	43
34.11	71
34.78	106
34.72	45
33.6	47
35.81	106
33.69	66
35	40
33.76	63
34.86	108
34.35	65
34.23	58
33.75	42
34.88	74
32.66	68
34.01	94
31.85	31
34.39	47
34.02	114
34.51	129
33.69	55
32.51	106
33.02	70
33.59	93
33.51	93
33.59	93
33.63	72
35.05	63
34.47	66
34.14	70
34.41	27
33.1	56
32.3	16
32.64	65
32.11	66
32.01	28
32.92	41
33.5	47
32.67	56
33.68	46
36.37	59
35.61	94
34	56
34.74	53
32.85	73
33.82	47
33.14	74
36.36	57
34.55	59
34.72	73
35.08	37
34.69	86
33.49	65
35.16	55
34.22	71
34.35	48
34.43	128
33.26	68
35.19	57
33.55	41
33.9	51
34.28	79
33.55	64
35.32	49
32.25	74
36.54	49
32.2	54
33.56	37
33.55	72
33.91	19
32.96	39
34.57	117
33.94	90
33.41	123
35.29	60
32.85	53
33.09	71
33.52	18
33.73	52
34.11	119
31.75	70
36.49	50
33.7	42
33.26	65
35.13	67
33.65	64
34.98	114
32.5	106
35.87	26
34.55	118
34.9	72
33.61	72
33.66	124
32.15	72
34.82	119
34.08	54
31.82	60
33.69	105
33.54	32
32.31	65
36.14	66
35.55	66
33.63	37
35.19	11
34.77	60
33.01	72
34.89	68
37.21	48
34.4	70
33.68	125
32.31	38
32.84	44
33.7	109
34.5	46
32.95	74
35.52	47
33.68	124
34	38
34.19	125
33.26	71
34.44	95
100	0
34.78	58
35.41	80
36.76	64
34.06	129
33.88	66
34.61	112
36.09	16
35.79	53
34.98	57
35.7	50
33.54	13
33.75	66
33.65	21
34.4	41
35.16	67
34.73	64
35.22	127
32.02	72
33.41	64
33.34	52
33.27	69
34.01	61
35.07	48
34.28	69
34	134
34.39	65
36.03	27
34.84	119
34.55	84
34.27	53
34.96	107
33.91	110
35.3	84
34.98	64
34.44	66
33.44	127
37.61	47
35.01	63
33.91	64
34.48	91
33.44	105
34.2	71
34.21	47
33.39	28
34.19	73
32.45	18
33.84	61
32	22
33.41	68
34.51	113
36.12	74
32.86	95
32.75	60
33.7	64
34.28	129
34.05	50
33.27	47
34.61	86
33.23	74
32.52	116
34.18	102
35.89	46
34.31	87
33.67	55
33.99	133
32.53	107
34.5	57
33.39	49
33.47	89
33.32	22
33.87	130
33.5	69
34.48	121
33.88	71
35.24	51
34.44	69
34.3	121
34.28	81
33.65	111
33.79	112
32.72	110
32.7	72
34.16	46
36.04	59
33.27	66
33.83	42
33.57	50
32.95	52
33.67	43
34.48	43
33.47	38
34.78	111
34.22	63
32.96	64
34.1	48
33.57	50
34.64	53
35.35	29
35.96	42
34.27	67
35.61	72
35.26	25
33.73	128
34.42	109
34.5	28
35.58	12
34.07	72
33.38	55
32	49
34.13	56
33.9	97
33.81	117
32.56	110
33.79	22
31.31	20
35.6	47
34.29	67
33.37	65
35.43	130
33.32	124
34.08	73
34.38	61
34.05	46
32.63	48
34.89	87
32.67	68
32.9	70
33.5	63
33.46	47
36.84	45
33.28	56
33.89	129
33.38	73
32.6	107
34.7	68
33.86	41
32.98	40
35.81	69
34.95	45
36.35	73
34.12	67
32.77	41
33.12	35
34.57	93
33.16	58
35.23	73
34.12	88
33.48	104
34.72	57
34.6	32
32.18	11
33.14	108
33.66	85
35.52	60
32.96	95
34.11	71
34.85	67
33	51
31.02	13
32.74	65
34.28	57
33.22	65
34.34	57
34.42	133
33.23	42
33.23	74
33.74	102
34.18	87
33.65	71
33.04	16
34.21	78
33.97	69
34.76	124
32.82	70
33.27	94
36.32	49
34.7	71
34.41	44
32.7	101
32.82	69
34.92	46
33.81	98
33.62	98
33.61	131
32.28	108
35.78	47
34.55	58
34.7	41
31.02	13
32.74	65
34.62	97
34.07	87
34.34	57
34.28	133
33.3	65
33.23	74
33.71	102
33.21	116
32.57	32
34.63	112
32.71	105
35.8	41
34.67	49
33.78	32
34.19	91
34.88	72
34.67	52
34.42	10
34.46	100
34.76	64
33.52	133
35.2	69
32.26	72
35.41	57
32.74	30
34.24	127
35.71	51
35.27	63
35.11	49
34.69	103
34.9	36
34.54	100
34.19	120
34.12	0
33.86	95
35.12	42
35.91	66
35.63	55
34.09	47
34.76	65
35.58	29
36.94	60
34.47	100
34.36	126
34.62	35
32.57	45
34.76	53
33.6	8
33.84	105
33.3	73
33.39	68
33.42	48
35.12	98
33.18	120
35.29	56
34.07	109
31.27	14
33.74	70
35.29	114
34.26	72
32.71	73
34.01	52
34.47	60
35.14	95
34.35	78
33.15	86
33.36	111
33.04	90
34.45	25
35.54	60
34.62	64
34.2	106
35.9	69
37.36	42
35.79	61
33.74	129
33.6	118
34.47	46
35.29	75
33.1	59
34.44	119
33.92	65
34.86	24
33	11
34.52	74
34.17	38
35.11	49
35.2	66
34.41	72
33.47	31
34.71	110
34.27	38
32.43	72
33.69	123
34.36	32
35.09	40
34.75	60
34.46	45
34.79	61
35.62	102
35.66	44
34.62	68
33.75	132
33.26	46
33.88	128
33.07	32
32.77	50
34.34	70
34.01	62
34.5	116
35.13	52
35.48	65
36.88	53
35.06	70
33.47	72
35.3	108
34.57	53
33.37	71
34.57	60
36.41	71
33.66	68
34.34	40
34.07	63
34.3	90
34.14	58
34.04	43
36.26	71
35.32	78
33.86	72
35.97	62
33.26	25
36.24	87
33.49	58
34.94	93
33.87	107
31.67	69
34.24	93
34.31	63
35.36	51
34.92	37
34.4	70
34.91	49
33.56	82
34.98	44
31.81	71
33.56	73
34.59	122
35.06	80
30.87	9
32.52	68
35.2	63
35.2	63
34.25	62
34.66	62
34.02	39
33.87	108
33.3	38
34.79	27
34.25	114
33.27	60
35.12	65
35.49	31
35.71	75
33.49	73
33.11	73
34.82	67
33.84	99
33.35	73
34.17	57
33.89	64
34.27	88
34.61	20
34.62	91
34.01	65
34.13	62
34.02	88
33.57	67
33.29	130
35.32	48
34.72	122
33.72	134
34.56	53
34.69	51
33.48	52
32.26	63
32.64	106
34.1	71
35.77	76
33.7	24
34.64	67
33.2	71
33.81	65
35.27	60
33.81	65
33.81	65
33.69	55
33.81	65
34.42	74
35.41	45
33.11	70
34.56	107
33.3	32
34.71	58
36.7	35
33.97	66
35.41	108
34.96	74
33.14	69
34.04	53
33.17	74
32.76	47
34.09	72
32.81	68
33.02	58
34.77	72
32.15	59
34.46	21
35.64	83
33.59	14
32.09	25
34.72	55
34.82	71
34.06	133
34.74	90
33.8	68
34.91	71
35.38	68
36.02	118
32.03	21
33.27	63
34.87	61
32.36	39
34.06	89
36.26	62
36.36	64
34.3	65
32.92	117
35.2	56
33.12	20
35.48	37
34.22	32
32.34	15
35.09	50
35.16	67
35.55	66
35.71	69
33.57	42
33.15	41
32.42	19
35.76	67
36.19	44
34.59	104
33.2	49
33.81	87
34.16	74
34.04	105
33.64	26
33.83	59
36.39	28
33.64	114
32.92	72
32.77	32
33.91	43
36.47	73
35.48	37
36.17	56
34.24	82
34.29	59
33.28	25
34.04	45
34.04	88
32.92	60
34.5	69
33.19	51
35.27	61
33.12	123
34.06	127
32.57	74
34.61	62
35.04	68
32.21	67
34.3	116
32.55	10
35.2	46
33.57	45
35.93	68
35.94	73
33.83	109
33.14	60
34.22	44
33.32	56
34.85	34
30.36	61
33.36	106
36.23	44
34.05	120
35.2	65
34.32	129
31.3	60
33.97	28
33.79	112
32.51	42
35.28	92
34.92	89
33.3	92
35.62	37
34.38	116
33.44	62
36.04	67
35.23	126
36.11	41
33.81	106
35.13	39
33.85	132
34.59	27
35.95	66
36.01	60
34.72	46
33.7	71
34.45	59
34.53	74
33.48	92
32.82	107
34.51	106
34.41	74
33.77	64
33.92	53
33.3	55
35.18	95
32.96	30
33.54	40
32.42	61
34.73	66
33.82	44
32.71	61
34.02	56
33.76	68
31.83	72
35.03	49
35.24	62
33.87	50
32.02	72
32.94	65
33.09	71
33.82	40
31.42	65
33.75	82
33.73	30
36.07	49
34.41	24
33.6	69
35.35	60
35.22	55
32.76	53
34.3	56
33.95	99
32.86	64
32.7	71
34.05	68
34.12	66
34.66	73
34.38	113
33.8	58
32.95	16
32.96	106
33.4	52
34.6	46
34.71	58
33.57	58
33.96	62
33.76	121
34.48	69
35.6	37
34.29	35
41.25	13
34.47	118
34.84	69
33.35	74
32.99	36
35.09	85
34.98	42
33.8	107
33.6	69
33.11	56
33.68	129
35.32	64
32.42	107
32.41	41
32.17	127
34.63	56
35.72	43
32.73	94
33.93	97
33.38	39
33.51	132
31.73	21
34.25	55
33.58	73
34.34	118
34.25	49
33.48	55
33.23	72
33.47	61
33.23	112
33.34	82
34.85	74
36.12	69
35.28	52
44.88	18
35.79	67
33.91	130
33.7	130
34.13	55
33.6	63
32.66	69
33.86	21
33.62	55
32.28	62
33.97	43
35.2	58
34.23	110
32.63	70
34.11	51
34.15	108
33.77	130
33.77	82
32.95	59
34.09	98
33.86	69
35.47	58
43.69	11
33.45	47
35.06	47
34.85	41
33.08	71
34.48	120
34.29	44
37.22	36
34.06	32
32.85	60
34.57	59
33.6	44
36.36	70
34.29	10
34.32	50
34.86	119
33.96	66
35	68
34.79	53
33.86	43
30.54	7
33.37	49
33.35	76
33.17	70
32.95	107
33.13	68
35.66	32
33.67	113
34.12	67
34.66	60
32.93	61
33.09	42
35.29	68
35	72
35.09	133
35.12	72
32.86	72
33.09	108
34.42	65
34.24	109
33.32	96
33.18	80
33.03	108
34.21	59
32.63	72
34.89	64
33.39	67
33.52	71
34.22	87
33.01	65
34.2	68
34.5	57
32.45	107
33.23	74
34.13	67
32.17	48
34.15	102
32.99	116
34.49	56
32.98	61
32.7	69
33.91	65
34.07	58
34.1	70
33.18	4
32.11	57
33.68	34
34.69	54
34.25	109
36.31	43
34.59	43
32.38	65
32.78	73
36.16	71
35.36	127
34.28	56
33.14	66
37.12	41
34.33	63
35.45	133
33.4	127
34.51	69
34.35	129
33.16	107
34.94	73
34.91	50
35.01	29
35.28	11
34.92	98
34.11	57
35.31	43
34.72	46
36.25	54
36.3	49
35.19	48
35.03	100
35.76	38
34.95	78
33.55	68
34.65	73
33.17	59
34.53	107
33.41	57
32.98	42
33.4	72
33.97	72
32.5	13
34.16	83
36.29	48
34.73	110
32.77	24
33.69	88
33.19	74
33.57	66
32.19	63
32.31	28
33.3	60
33.92	44
34.21	88
35.02	118
34.11	64
35.07	78
35	54
32.89	72
36.04	53
35.19	63
36.76	68
34.5	77
33.78	72
53.83	5
31.44	14
34	58
34.36	12
31.47	22
32.09	71
35.97	114
34.14	44
33.22	74
32.72	71
33.38	113
35.45	128
34.63	62
35.74	71
33.68	117
36.21	52
31.13	14
32.35	70
35.36	73
35.31	57
33.33	66
34.21	43
31.89	81
33.3	17
36.4	51
35.51	65
34.54	70
35.09	83
34.45	74
34.45	41
34.45	109
33.95	45
34.2	22
34.03	69
35.45	40
36.03	59
33.23	101
34.63	31
36.07	60
35.31	36
33.32	14
34.6	35
32.43	61
33.75	41
35.72	41
34.62	81
33.28	64
37.53	57
36.02	68
33.48	108
37	52
35.26	95
33.28	39
34.49	129
31.47	18
34.84	70
33.2	101
34.33	60
35.19	57
34.18	105
33.81	87
34.43	81
33.74	107
33.8	106
34	38
35.27	133
33.28	114
35.11	48
33.82	47
32.94	70
35.22	52
35.47	73
33.53	114
35.11	54
35.87	1
34.08	64
33.81	132
33.63	61
32.95	107
33.55	124
47.51	7
37.47	11
33.85	64
34.01	132
33.71	128
34.05	13
34.14	64
31.8	8
33.29	109
33.88	120
30.49	8
35.14	71
34.47	57
31.91	67
33.15	130
33.47	33
35.45	76
36.31	79
34.29	86
40.26	9
33.51	70
34.71	97
34.1	98
34.6	72
32.55	47
35.31	119
34.59	73
34.95	42
34.29	8
33.45	74
34.75	69
34.88	53
34.7	73
35.42	43
34.97	65
32.57	35
35.15	93
34.58	64
36.11	49
34.37	69
34.74	99
37.46	45
35.88	101
31.94	73
34.42	28
34.33	68
34.71	132
33.81	130
33.17	130
35.42	102
36.04	61
33.38	74
34.88	59
34.83	61
31.65	37
34.67	105
35.2	63
34.11	67
34.93	75
35.83	61
33.11	129
32.74	63
33.52	76
32.79	62
32.78	67
32.14	68
33.7	71
34.16	58
33.82	74
34.68	66
34.41	41
36.04	73
33.82	47
34.67	72
33.64	65
33.77	64
33.9	129
34.68	82
33.76	80
33.42	9
34.94	68
35.9	97
34.37	67
32.1	7
34.27	63
36.09	53
35.64	110
34.15	48
34.84	60
33.98	74
33.98	74
33.53	46
35.27	60
33.01	83
33.59	119
34.24	67
33.91	49
34.93	111
33.98	74
34.06	57
35.56	57
32.96	73
35.39	92
33.94	69
36.3	75
34.49	125
33.54	34
34.41	55
34.39	9
34.19	43
34.08	64
34.1	45
34.68	79
35.13	68
34.44	59
33.82	68
33.37	120
33.46	70
33.16	62
32.41	52
34	39
33.69	46
33.46	118
34.75	104
35.42	47
33.85	65
34.61	46
34.88	59
35.23	65
34.2	113
34.17	52
37	55
34.53	69
34.39	4
33.34	108
33.36	66
34.63	31
35.36	56
32.94	63
33.09	68
34.86	107
35.08	72
34.04	54
34.88	59
33.47	51
33.69	66
33.37	99
32.55	70
35.39	44
36.29	62
34.52	52
32.65	124
35.61	55
35.98	39
34.85	48
35.52	76
35.58	73
35.16	53
32.73	56
33.51	130
32.52	65
35.79	63
34.56	54
45.45	7
33.81	97
32.52	65
35.42	64
50.81	5
33.14	29
33.03	13
35.18	98
36.04	59
34.87	81
34.09	131
34.13	131
33.2	21
34.23	81
33.42	17
33.32	52
35.16	25
34.44	79
34.37	49
33.41	124
33.16	124
35.23	46
34.85	41
33.77	128
34.81	71
36.51	36
35.65	91
33.63	108
32.45	5
34.52	54
34.99	65
34.5	51
34.27	33
33.91	21
35.05	13
35.31	44
32.42	39
33.9	72
33.07	36
33.94	74
34.12	72
34.02	59
33.5	40
36.14	48
34.4	55
33.88	70
34.4	80
35.55	91
33.44	117
34	22
35.25	51
33.81	68
34.5	49
33.1	112
33.24	57
34.31	87
32.83	12
35.95	33
33.92	54
36.52	67
32.73	35
33.6	74
33.61	66
32.94	59
34.44	130
34.35	74
35.3	107
32.37	68
33.13	56
33.87	70
34.71	95
33.4	60
33.76	68
34.96	70
33.77	127
34.5	60
34.33	43
32.93	134
34.18	53
34.24	95
34.94	37
34.44	64
34.47	46
35.93	34
32.98	68
32.17	72
34.52	96
34.67	31
37.78	47
33.4	106
35.23	47
35.31	15
34.79	120
34.14	74
34.83	44
34.12	133
33.55	73
33.63	68
32.92	71
35.63	90
33.71	115
34.72	59
36.22	78
35.2	70
33.6	87
34.93	66
34.31	67
35.53	73
33.24	56
34.72	40
33.32	114
32.52	34
36.86	53
35.67	70
34.4	122
32.95	65
32.48	106
34.01	18
32.16	34
33.83	68
34.26	38
35.94	34
32.14	74
34.68	43
33.65	98
34.38	52
35.28	67
35.01	60
34.19	66
32.83	73
34.71	62
36.17	59
33.85	61
34.92	29
35.76	79
35.04	79
33.35	72
33.92	133
34.16	60
33.46	71
34.79	120
34.05	39
33.69	43
34.58	63
33.28	22
36.01	42
33.35	26
33.93	60
34.61	71
34.24	102
34.65	84
31.63	70
33	70
34.14	94
33.6	74
34.12	134
33.91	57
33.69	56
35.6	45
34.77	23
33.61	71
33.81	59
33.89	68
33.89	68
34.57	59
47.57	5
35.34	89
33.53	117
35.17	73
34.19	132
34.63	73
33.13	17
33.51	43
35.34	40
38.45	20
33.86	64
35.49	64
33.61	59
35.59	49
34.77	112
34.8	95
34.49	62
34.29	73
33.73	72
33.61	65
35.42	92
34.17	117
33.78	106
32.62	132
35.43	115
33.14	36
35.33	40
33.2	37
34.09	132
32.39	27
34.91	60
33.89	49
33.88	52
33.63	52
32.81	26
34.01	64
34.01	65
31.16	74
34.17	45
32.92	37
33.62	16
41.18	15
35.48	46
32.33	62
33.47	68
35.67	62
34.07	50
33.73	70
33.84	125
34.23	52
33.54	52
34.8	30
34.15	71
34.2	70
41.15	15
33.07	17
34.06	40
35.11	45
34.4	102
34.43	64
35.26	55
35.34	86
32.94	67
32.4	9
56.49	29
34.7	73
33.14	32
33.36	126
34.33	28
35.6	45
33.91	40
34.15	30
35.98	66
37.02	25
33.81	55
34.42	34
33.95	120
35.7	26
34.52	66
34.21	115
34.09	80
32.41	63
32.83	26
35.77	68
33.65	74
33.36	109
34.46	63
31.32	38
31.38	71
32.12	62
36.17	44
34.07	63
33.92	37
32.91	43
35.3	66
35.2	66
32.98	74
34.29	27
34.31	127
33.28	24
35.56	58
33.07	126
33.16	64
32.45	36
33.34	79
33.13	50
35.58	50
31.75	29
32.94	52
32.57	106
35.23	59
32.98	115
34.57	71
33.32	68
33.19	73
39.87	15
34.82	53
34.3	74
33.99	70
34.14	85
35.53	68
34.1	48
33.16	61
32.77	50
34.1	65
33.15	77
34.58	25
34.27	72
33.86	24
33.62	74
34.96	57
34.29	109
32.82	74
33.72	85
33.22	71
34.54	58
33.95	55
32.06	55
34.39	63
34.28	74
34.16	57
34.92	64
33.43	23
33.6	109
33.88	103
33.02	69
34.04	133
32.2	108
33.71	114
33.06	36
36.05	61
33.09	63
34.43	41
34.98	53
34.36	47
32.45	12
32.73	67
34.4	46
33.44	34
31.35	73
32.43	85
31.62	11
33.27	127
36.15	51
34.89	106
33.09	104
34.79	47
34.37	128
32.83	73
33.27	72
34.66	54
34.85	62
33.62	34
35.73	58
33.93	72
34.67	94
33.53	69
31.55	48
33.65	72
33.16	60
33.86	62
33.58	121
33.83	54
34.1	48
35.44	50
34.27	59
34.82	39
32.89	35
33.61	63
34.42	46
34.45	67
35.05	36
33.71	112
34.3	37
31.88	73
34.37	37
33.61	53
33.26	78
32.57	117
34.2	57
32.67	133
33.82	108
32.99	56
33.85	21
34.14	33
36.12	50
34.24	124
33.4	86
34.7	74
33.41	122
33.89	53
35.32	80
33.91	64
33.03	54
35.71	67
33.97	51
33.79	58
32.67	62
33.94	54
38.19	11
34.58	68
34.64	52
38.29	20
33.05	90
34.29	96
34.57	69
33.62	35
34.48	70
36.76	60
34.1	66
32.82	58
31.07	64
33.13	72
33.41	73
32.61	105
33.16	31
34.47	67
34.02	61
32.72	46
34.52	70
32.63	54
34.04	65
32.47	69
34.41	83
47.44	5
34.29	52
45.7	15
33.88	25
34.13	65
32.67	60
35.48	64
34.21	43
34.84	46
34.57	70
34.67	111
35.33	64
33.63	68
33.42	64
33.34	75
31.58	7
34.69	91
33.05	73
33.91	18
35.7	66
36.14	20
32.54	68
32.19	69
31.95	49
35.1	61
35.29	103
34.21	62
34.44	30
34.63	70
34.22	48
36.02	3
33.08	90
33.42	60
34.28	52
34.61	44
33.06	73
33.86	73
34.6	56
36.47	62
34.72	83
35.6	71
33.46	11
35.39	50
35.64	88
35.76	67
35.1	54
32.13	73
32.22	57
34.36	16
33.28	68
33.8	70
33.75	66
34.07	38
32.43	73
35.01	58
31.99	66
34.54	45
34.86	103
33.08	127
33.13	40
34	51
34.3	49
35.65	31
35.3	64
38.35	7
32.45	26
32.93	113
32.88	12
35.2	122
34.44	60
34.12	83
32.12	72
33.58	94
34.78	87
34.3	73
35.39	73
34.11	58
32.11	7
32.16	72
31.32	45
34.65	72
33.35	134
30.97	11
35.35	100
32.22	67
35.01	119
32.89	30
34.3	57
34.77	56
32.9	124
34.33	59
33.48	110
33.76	22
34.45	64
34.45	64
35.89	39
32.6	61
32.36	16
33.6	62
34.56	120
33.93	97
34.51	42
33.96	119
34.59	49
34.87	54
34.09	90
34.9	93
32.63	65
34.32	77
34.26	63
33.01	72
32.27	105
31.9	72
34.05	78
35.36	56
33.71	91
33.01	32
33.14	26
34.19	14
34.79	54
32.9	56
35.12	70
34.98	74
34.85	83
33.42	49
32.95	55
34.87	130
31.84	16
34.38	50
34.67	54
34.16	74
34.71	74
34.69	37
33.41	70
34.54	36
34.25	73
34.19	112
33.78	87
32.99	104
36.26	62
34.13	48
32.28	13
35.52	79
32.81	41
33.64	67
34.04	51
34.27	51
33.41	101
35.22	85
34.19	79
33.19	59
33.47	29
33	31
35.65	59
33.38	58
33.64	39
34.27	57
35.57	50
33.07	114
36.01	63
34.65	54
33.38	110
33.76	114
33.28	70
34.72	41
34.91	72
32.18	74
34.22	69
34.37	66
31.92	51
31.79	84
35.24	26
32.54	73
32.17	75
32.49	84
33.5	72
33.88	72
32.88	48
33.21	73
30.7	84
32.54	36
34.11	76
33.16	84
33.58	65
32.73	70
33.38	67
33.35	81
33.5	72
33.86	84
35.61	68
33.96	81
33.61	64
33.95	133
32.35	53
34.01	76
31.07	83
33.52	79
33.68	80
34.65	62
33.69	80
33.4	73
33.37	158
35.27	65
38.71	119
34.52	58
33.5	60
34.18	35
34.18	35
34.47	64
33.04	62
34.18	35
33.82	58
35.49	40
35.49	40
34.18	35
33.24	63
34.39	58
34.44	76
33.14	77
33.64	124
35.75	52
35.87	81
34.13	67
34.82	76
32.9	66
31.7	84
32.91	79
34.3	66
34.67	66
34.03	60
32.82	47
33.97	101
33.07	65
32.39	67
33.02	65
33.2	77
33.44	76
32.66	79
33.05	72
33.53	65
34.49	55
32.62	74
33.38	69
34.64	68
34.49	58
34.48	60
32.31	52
33.23	68
31.58	59
33.42	166
33.2	158
33.26	38
33.36	18
33.88	83
33.47	46
33.87	82
34.24	55
31.98	78
33.94	57
32.5	74
33.86	80
31.66	82
31.7	73
35.6	37
34.05	57
34.63	46
35.31	102
38.33	150
30.76	78
34.31	121
35.35	70
34.06	73
33.21	73
33.37	46
33.72	78
32.8	72
35.55	80
32.91	147
33.41	77
33.54	47
31.59	83
32.58	75
33.11	146
36.11	56
31.89	58
34.55	67
32.95	76
32.82	67
33.69	79
33.07	103
33.78	150
33.13	94
32.63	51
33.66	77
30.97	74
33.19	80
32.33	156
34.22	58
33.11	74
34.72	38
32.52	110
32.54	81
32.27	79
31.45	107
34.39	69
30.07	84
32.72	139
34.16	121
32.27	84
32.16	166
34.02	51
33.68	74
34.46	58
32.22	134
33.52	68
32.47	81
33.29	74
32.04	56
34.32	71
32.73	50
33.73	80
35.52	60
35.45	53
34.3	56
30.81	69
33.35	59
33.19	80
31.96	11
32.4	81
34.15	88
34.33	65
35.55	63
33.46	155
35.23	34
31.95	59
32.93	114
33.17	82
35.83	111
34.49	35
33.54	55
34.52	76
33.41	76
32.47	79
34.05	151
36.28	36
34.21	56
33.66	73
33.8	80
31.47	75
34.6	62
32.75	54
35.23	66
33.79	69
34.29	53
32.51	49
34.04	121
33.84	149
33.7	62
35.25	52
32.89	111
36.16	34
33.78	42
33.97	162
32.13	76
32.84	64
33.02	57
32.83	54
32.47	83
32.57	27
34.54	112
32.35	80
32.35	80
32.58	80
33.77	141
32.95	33
33.64	54
32.53	147
34.3	30
33.66	79
34.24	76
33.59	134
31.79	73
33.52	42
32.35	62
32.84	65
34.45	60
31.05	78
31.05	78
34.18	114
32.9	77
33.23	147
34.66	27
37.06	152
36.19	58
32.69	71
33.58	44
33.52	75
32.88	168
33.86	80
32.43	53
34.36	35
33.94	55
33.55	69
33.5	94
32.58	77
34.84	121
32.56	48
33.44	56
35.13	53
33.56	67
31.16	18
33.32	62
33.7	21
33.66	43
34.17	46
33.27	83
34.17	84
33.73	77
35.33	51
34.07	66
33.46	76
33.3	68
32.91	156
33.94	131
33.22	121
33.62	46
34.16	66
32.84	67
35.04	48
34.49	15
34.8	31
34.44	79
32.69	64
35.44	77
32.66	76
35.75	35
33.76	83
