sim	len_diff
32.64	57
31.3	221
34.59	101
32.76	138
32.04	124
32.61	111
32.39	134
32.68	124
32.18	79
33.52	51
33.07	93
33.68	91
31.79	111
31.5	105
32.13	244
32.67	76
32.52	70
32.06	79
34.11	49
32.56	63
31.73	105
32.09	103
32.24	93
30.18	120
32.62	87
31.18	124
33.18	91
31.85	48
32.01	241
32.95	120
32.41	88
32.59	175
32.1	109
31.15	119
31.15	119
35.35	90
30.91	63
32.85	110
33.85	81
32.39	115
32.56	110
34	102
32.62	82
33.02	100
32.94	99
33.02	100
31	115
33.71	84
33.18	67
32.32	116
33.42	122
31.85	98
32.04	59
32.44	59
32.01	74
32.52	62
31.06	108
32.4	104
33.17	103
32.03	105
32.31	59
31.23	95
32.87	100
31.91	74
32.32	116
33.02	100
33.2	90
32.69	81
32.4	94
31.97	122
31.89	80
33.84	119
32.13	201
32.2	201
32.79	116
32.87	100
32.87	103
31.47	115
33.21	93
33.62	100
32.79	100
33.97	101
30.92	17
32.56	112
32.67	80
32.35	108
31.73	124
33.04	112
32.24	87
33.27	69
33.5	114
32.85	23
32.22	123
32.64	68
33.89	86
32.34	64
32.07	34
32.56	113
34.04	101
32.69	70
31.74	78
31.66	99
34.03	80
33.31	120
33.15	101
33.04	87
33.2	98
31.66	112
33.66	55
33.23	79
32.44	85
32.11	112
31.38	104
32.97	111
31.81	53
33.19	92
31.58	106
31.6	116
31.35	115
32.83	108
30.87	121
31.96	248
31.95	65
32.28	82
32.4	123
31.07	109
32.15	102
33.78	101
33.68	111
31.94	102
33.39	117
31.28	101
31.91	121
32.93	100
33.46	88
32.34	119
31.62	123
33.37	100
33.41	90
31.92	111
31.85	123
33.69	100
31.14	111
31.25	79
32.17	197
32.85	179
31.33	117
32.29	120
33.06	118
33.15	100
32.67	65
31.58	38
33.66	100
33.62	100
33.7	93
33.7	100
33.68	115
32.83	84
31.95	123
32.83	117
32.07	123
32.67	113
32.56	86
33.25	117
33.29	100
32.13	112
31.87	66
31.05	122
31.58	120
32.18	114
33.93	100
31.87	119
31.89	109
33.15	100
33.33	49
33.4	99
32.68	105
33.74	91
31.19	122
32.97	96
34.15	109
32.15	217
31.16	113
32.5	66
34.49	101
32.6	118
31.54	213
32.07	25
31.72	120
31.65	86
30.96	111
33.81	117
31.81	105
34.6	95
31.37	118
33.03	110
30.53	119
32.53	120
31.27	105
32.41	115
32	110
32.13	84
32.84	98
31.54	122
32.85	109
33.89	111
32.93	85
33.16	121
30.75	105
31.77	116
33.2	78
31.62	105
33.52	93
33.29	112
33.62	141
32.42	186
31.07	119
32.04	104
31.99	95
33.1	76
32.12	80
31.29	111
32.28	122
31.16	114
32.02	115
31.01	122
33.31	100
32.89	68
31.55	117
31.22	230
33.05	91
32.6	120
30.95	124
33.24	119
30.6	226
31.06	115
31.29	118
31.68	108
31.34	107
31.78	121
33.1	116
32.49	111
31	122
33.36	124
32	101
32.35	93
32.54	33
32.88	99
31.37	124
31.97	117
32.03	116
32.69	55
32.33	121
32.35	93
32.65	82
32.49	66
32.45	120
31.95	96
31.11	67
33	107
30.79	94
33.75	91
35	84
32.66	101
32.07	113
31.51	110
32.41	56
32.77	111
32.63	58
32.14	134
33.88	91
31.7	106
30.84	93
31.68	50
33.56	71
33.47	107
32.42	193
33.56	101
30.96	113
31.81	118
32.2	124
32.15	92
33.64	82
32.62	79
32.26	75
31.06	123
32.22	97
33.09	93
34.41	46
31.39	123
32.67	113
35.13	96
32.1	117
31.37	112
33.38	121
31.6	123
31	106
32.23	108
31.45	96
31.93	74
32.14	108
34.61	84
31.1	107
32.47	76
32.78	89
33.46	85
33.22	100
32.69	120
30.08	117
31.34	164
33.17	94
33.29	116
34.87	104
33.84	100
31.23	88
31.82	111
32.06	98
32.18	123
32.81	77
34.12	100
32.06	61
31.66	119
31.27	124
33.25	110
30.24	113
32.61	77
32.25	95
33.85	82
32.98	97
32.39	51
32.7	116
33.21	100
31.47	222
31.32	19
33.22	86
31.14	69
31.75	106
33.08	100
32.59	114
32.93	100
31.29	44
33.14	108
33.14	114
32.62	121
31.02	245
31.41	124
32.6	98
32.07	117
31.77	183
31.35	100
34	70
31.69	100
33.14	68
31.2	30
31.22	72
30.49	45
31.66	153
32.5	99
32.13	54
32.26	86
33.38	72
33.44	86
32.31	48
32.78	50
33.64	81
33.06	68
31.69	84
32.66	52
33.51	105
31.55	162
32.6	92
31.91	104
33.47	63
33.43	90
32.34	36
32.63	66
33.27	92
33.87	88
33.57	85
31.36	181
32.89	105
32.15	86
33.93	80
32.95	99
31.42	81
32.71	95
32.95	50
31.81	110
33.16	84
33.12	88
32.6	48
33.37	104
31.79	62
32.68	98
33.42	69
32.77	72
32.87	93
33.25	95
33.72	99
33.08	110
33.23	100
32.23	101
33.82	92
33.14	106
32.8	85
31.27	33
32.62	88
31.7	109
32.4	97
31.43	98
33.18	96
31.97	95
31.7	109
33.6	83
32.09	103
33.12	95
32.27	105
34.31	72
32.2	99
32.83	50
32.62	137
31.93	110
34.48	92
32.71	183
32.54	71
32.47	80
33.66	82
31.95	92
31.48	73
33.85	52
32.59	88
33.17	50
31.85	81
32.6	63
33.62	103
32.35	98
33.78	72
34.21	104
31.64	102
33.76	87
32.27	67
33.19	29
31.75	88
31.79	57
30.27	38
33.2	80
32.08	106
31.47	53
32.87	51
32.55	50
31.95	86
33.28	97
31.96	88
31.75	110
34.42	92
32.68	89
33.2	66
32.78	94
34.66	79
32.51	93
32.71	73
33.2	107
32.77	95
33.84	100
32.96	108
34.11	85
31.37	44
32.39	106
31.8	110
33.42	90
34.09	110
33.17	94
32.09	50
33.12	107
32.94	107
32.72	109
32.73	105
31.83	35
31.52	110
32.58	73
33.58	97
32.93	90
32.37	102
32.84	106
31.89	110
31.69	109
32.97	115
32.58	139
32.99	94
33.25	75
32.95	98
34.41	95
32.95	61
33	64
33.07	31
33.29	57
32.77	104
33.39	79
33.96	109
32.91	109
33.52	136
30.11	110
32.47	90
33.2	108
32.06	160
32.52	90
32.49	104
31.68	86
32.77	84
32.75	109
32.71	63
33.98	51
31.92	50
32.4	53
31.97	48
31.82	82
32.97	46
31.81	98
32.48	97
31.9	103
32.11	55
32.6	108
32.7	82
33.5	96
32.01	47
32.41	87
32.3	74
32.3	74
32.95	90
31.48	89
32.47	138
31.37	52
32.31	91
31.77	53
31.72	104
33.06	106
30.17	16
32.6	53
32.82	107
31.97	23
30.47	69
33.39	89
31.88	100
32.24	170
31.93	59
33.54	85
31.69	51
30.62	25
31.9	65
33.53	80
33.72	101
32.6	69
31.94	102
32.53	98
31.61	62
32.6	149
31.36	77
31.87	115
33.09	101
33.17	97
30.98	97
32.19	193
32.51	96
34.53	74
31.99	46
31.83	101
32.09	86
31.49	69
33.77	72
32.96	94
34.62	84
33.21	158
31.78	101
33.66	86
32.78	105
32.49	61
32.51	76
34.18	124
30.77	48
32.06	196
34.03	86
33.28	98
34.17	86
32.04	194
31.81	106
32.41	95
33.72	85
32.39	97
33.58	84
31.51	149
31.58	108
34.54	105
34.36	25
33.03	72
32.43	106
33.46	79
31.99	73
32.88	95
33.48	80
31.77	103
32.51	103
31.7	104
33.65	83
31.9	106
32.79	100
32.74	103
32.74	103
33.84	101
34	60
32.74	103
32.74	103
31.93	99
32.25	91
33.67	110
33.53	98
33.6	83
32.4	52
33.11	106
33.82	96
32.66	110
32.91	108
33.99	92
31.89	62
32.26	79
34.77	104
33.97	90
32.81	126
33.27	81
32.16	42
32.48	167
32.27	83
32.09	100
34.37	101
32.95	62
33.36	98
32.7	98
32.96	108
33.12	68
33.65	68
33.97	77
33.41	68
32.32	45
32.44	108
31.85	109
31.71	30
33.49	102
33.62	74
32.2	99
33.19	98
33.39	109
33.14	108
32.71	191
32.92	58
32.17	12
33.49	100
32.46	96
32.38	107
32.79	104
32.8	110
33.63	106
33.41	108
33.63	106
32.63	82
33.39	109
33.4	65
33	59
31.58	67
34.08	75
32.25	72
32.33	76
32.8	100
32.85	75
32.35	108
33.04	89
32.33	94
32.36	89
32.31	74
31.6	69
30.56	43
33.82	97
31.88	21
33.39	133
32.81	16
32.31	82
32.39	110
31.69	96
30.92	106
32.64	103
30.66	105
32.39	84
31.46	89
32.03	185
32.34	83
31.69	96
32.85	60
30.97	100
33.04	101
32.95	103
32.68	198
32.07	71
31.23	103
34.96	102
33.04	90
32.58	93
32.69	110
32.43	91
33.5	58
31.36	19
31.08	95
32.52	85
33.1	100
32.15	40
32.23	105
32.87	100
33.12	67
33.85	50
32.64	79
32.21	63
31.57	108
30.84	35
31.87	87
32.21	36
33.19	99
32.38	139
33.68	56
31.86	151
32.27	90
30.53	38
33.26	113
32.12	63
32.63	113
32.01	96
32.8	57
33.41	108
32.25	102
31.45	92
30.46	18
33.21	108
32.04	109
32.24	103
32.99	98
31.6	99
32.54	74
33.22	89
32.52	48
32.19	107
33.01	75
32.8	182
32.25	85
32.16	52
31.79	74
34.09	80
33.01	101
32.93	50
31.39	104
33.82	94
31.16	122
32.96	116
32.23	84
32.89	153
32.38	127
32.52	101
32.73	76
33.8	102
34.05	104
31.31	11
35.26	69
33.11	170
32.42	99
31.18	104
32.5	64
32.29	103
34.1	90
32.98	119
32.12	81
34.2	99
32.13	161
33.42	102
32.7	49
31.72	106
32.59	25
32.68	71
32.94	189
31.59	197
33.64	107
32.35	105
32.67	73
33.06	105
31.84	95
33.59	95
31.39	75
31.1	42
33.23	107
32.18	64
31.72	91
31.61	171
32.31	40
32	66
32.48	99
31.86	86
31.58	192
34.27	103
33.09	79
32.18	105
32.11	101
33.48	158
31.71	104
33.36	138
31.63	56
32.18	103
31.8	77
33.81	84
34.06	67
33.66	56
32.02	98
33.23	106
33.59	51
34.05	86
32.71	97
32.23	107
33.11	97
32.91	68
32.09	100
33.83	70
33.14	61
31.7	28
32.42	195
31.57	144
33.11	78
31.31	54
32.02	29
32.1	107
32.24	65
34.38	80
34.16	93
32	105
31.61	99
32.49	195
32.11	101
33.04	69
32.06	108
32.97	90
32.56	102
32.21	64
32.12	53
33.7	107
33.72	71
33.1	40
33.22	110
31.36	43
32.46	92
32.53	193
32.59	108
32.43	91
34.03	114
33.28	81
34.39	52
33.22	63
33.52	106
32.95	108
32.39	97
33.35	92
31.09	105
32.8	70
32.37	76
30.81	7
31.66	106
32.44	68
33.18	105
31.57	198
32.85	101
33	64
32.88	90
33.34	75
33.1	58
32.86	98
33.57	98
33.43	97
32.62	87
32.34	78
32.37	100
31.88	98
31.84	26
32.56	71
31.16	51
32.87	82
33.5	81
32.39	102
33.16	133
32.11	112
31.49	87
31.61	89
33.45	110
32.65	43
31.88	172
33	133
32.95	91
33.36	105
33.74	92
32.13	89
32.64	98
32.16	103
33.32	153
33.08	109
32.98	136
32.44	65
33.43	109
33.81	95
31.28	5
31.97	68
32.06	39
32.6	138
33.73	160
31.37	85
33.47	105
32.44	90
32.82	86
31.98	168
33.97	97
32.23	95
35.59	62
32.22	106
33.4	150
33.54	97
31.08	30
32.22	34
31.96	95
34.53	79
33.35	85
31.65	35
31.49	48
33.34	103
31.74	96
32.14	67
33.19	83
32.11	60
32.5	102
32.16	90
32.66	179
31.79	35
33.13	104
32.57	70
33.16	96
34.04	81
31.25	97
32.35	106
31.33	182
34.3	88
32.04	79
33.45	91
32.38	90
32.53	79
32.26	99
33.77	63
31.81	94
32.58	50
32.53	80
33.74	108
32.43	96
31.84	108
33.33	82
32.95	96
33.29	82
31.64	98
32.36	59
32.73	84
32.4	153
32.25	64
32.1	109
33.31	78
31.65	108
32.07	90
34.4	104
32.63	67
32.93	102
32.8	104
32.01	109
32.81	109
32.52	105
31.12	95
30.87	83
31.92	168
33.56	58
32.78	179
31.63	74
33.55	94
34	95
32.77	34
31.84	107
32.79	81
31.64	92
32.02	153
32.57	92
32.1	101
33.9	101
32	56
32.79	74
32.05	101
32.87	108
32.06	108
31.73	99
32.04	190
32.43	84
30.97	94
32.39	100
32.29	66
31.47	79
33	43
32.16	100
32.21	51
32.3	100
31.94	102
32.32	103
33.62	81
32.09	189
32.18	110
31.5	63
33.01	76
33.47	73
31.29	83
32.96	101
32.02	109
32.34	90
32.21	102
32.73	28
32.58	105
32.72	105
31.09	78
32.65	62
31.49	50
32.95	88
32.62	90
32.68	98
33.04	94
32.54	106
33.6	97
32.12	180
32.87	107
32.34	100
32.41	55
33.2	108
32.79	85
32.14	96
33.41	69
33.6	97
32.61	103
33.22	76
33.11	173
31.7	59
33.74	99
31.62	87
32.37	100
32.11	156
30.4	46
33.42	73
32.43	61
32.71	104
32.34	106
32.96	102
32.31	105
33.72	84
32.6	62
33.37	104
31.39	105
32.94	91
33.16	93
33.14	53
33.57	124
35.17	67
31.58	105
31.72	49
31.89	90
32.98	96
32.76	50
31.78	99
31.83	98
33.01	107
30.47	40
31.71	81
31.33	21
31.72	105
32.02	87
32.36	186
32.28	45
33.74	89
31.96	119
34.54	69
33.9	73
33.45	100
31.33	48
31.79	85
32.38	100
33.5	103
32.8	81
33.12	67
31.53	108
30.94	105
33.54	88
34.76	78
32.02	77
32.22	95
32.32	92
31.87	69
31.83	79
31.33	97
31.97	100
32.3	84
32.6	101
31.85	63
32.21	79
33.17	95
32.22	97
33.09	97
32.46	87
30.98	103
31.26	99
30.89	37
34.7	49
33.57	101
32.31	75
34.54	96
33.03	101
32.25	94
32.21	37
31.73	46
32.89	101
32.32	80
32.87	108
32.31	109
32.14	116
33.85	85
33.43	80
33.18	104
31.38	42
30.25	99
32.2	81
32.56	28
33.24	189
32	179
32.92	97
32.58	44
34.57	102
33.91	82
33.02	108
32.38	106
31.8	108
31.82	78
33.11	97
32.54	58
31.57	45
33.21	109
33.08	106
32.76	90
31.48	110
33.8	106
32.83	107
33.35	52
34.11	97
32.55	82
63.05	4
34.52	104
30.1	107
31.98	197
31.43	107
32.74	73
32.38	109
31.81	183
32.36	68
32.62	69
32.88	109
33.26	105
33.21	74
32.32	98
34.14	159
33.92	134
33.28	97
33.27	113
33.21	74
33.1	83
33.03	103
30.97	26
33.27	181
33.65	92
32.74	95
33.46	95
33.68	85
32.46	104
33.41	176
31.98	72
33.55	86
33.5	48
34.16	84
34.22	51
33.07	127
31.23	20
32.47	92
31.22	58
32.16	80
32.95	126
34.12	64
32.82	83
32.52	78
32.68	28
31.64	101
33.82	106
33.28	98
32.47	83
31.54	51
31.14	24
34.7	68
33.2	88
31.74	71
32.85	86
31.83	46
32.34	100
32.94	103
32.61	87
32.73	73
32.93	90
32.4	98
34.57	73
34.72	90
32.79	182
33.8	137
34.55	67
32.96	99
31.82	102
33.24	80
33.79	92
32.96	109
32.82	79
32.28	39
31.41	102
31.92	105
33.19	105
33.07	122
32.71	90
32.17	100
31.32	110
32.81	102
33.71	96
31.62	18
34.07	78
31.92	184
33.29	104
30.98	18
33.96	57
32.05	106
33.56	60
32.84	107
33.54	98
34.31	70
32.05	79
31.67	97
33.75	101
31.81	32
32.03	21
31.18	104
31.66	108
32.61	98
33.14	100
34.1	102
30.35	5
32.87	77
32.49	106
33.03	79
31.54	190
34.3	109
32.39	98
32.11	95
31.78	91
32.68	58
32.6	105
33.02	80
33.74	100
30.67	38
32.45	83
33.89	99
31.64	55
31.65	85
31.31	53
33.06	134
32.58	109
32.2	47
32.37	91
33.4	55
32.77	86
31.91	70
31.79	51
31.58	48
33.8	62
32.45	108
32.8	104
32.85	91
31.65	85
31.78	77
32.03	99
32.3	102
32.34	120
33.24	88
32.18	80
33.2	104
31.57	51
31.21	95
31.64	91
30.96	109
32.16	69
32.1	87
35.75	77
33.09	180
32.06	95
32.26	55
33.43	91
32.24	178
33.83	103
30.63	47
33.31	70
33	102
33.53	90
33.62	85
33.52	99
32.77	99
32.22	53
32.29	62
32.7	76
33.02	53
32.56	73
33.64	90
31.79	51
33.39	106
32.19	127
33.43	125
34.61	102
31.44	43
32.85	154
30.7	35
31.19	87
32.11	91
30.86	11
32.46	96
32.1	100
31.58	39
33.01	67
32.79	83
32.26	108
32.23	98
32.34	159
31.85	90
32.41	175
32.29	109
33.47	80
32.38	68
31.8	106
33.65	63
31.95	88
32.05	77
32.28	171
32.84	90
32.36	98
30.17	2
32.22	95
33.11	156
33.2	67
32.3	167
34.24	67
32.27	100
32.44	197
32.71	85
32.53	66
33.79	108
32.02	80
32.36	91
33.49	82
32.81	91
34.13	108
33.25	108
32.28	46
33.48	100
31.4	96
32.49	87
32.3	99
33.08	162
33.5	66
31.23	75
32.35	52
31.36	44
32.24	97
32.49	103
30.75	102
32.25	149
32.87	73
32.88	98
32.9	86
31.79	110
32.44	169
32.83	106
33.45	99
32.13	73
32.37	108
31.69	106
33.4	89
33.12	110
32.42	102
30.84	28
33.15	85
32.2	128
31.75	92
32.42	82
32.14	41
31.84	70
31.65	107
31.74	76
32.72	108
32.76	71
31.98	58
32.19	101
32.41	98
34.22	92
32.65	153
32.34	92
32.98	54
33.1	97
33.24	103
30.52	54
33.43	67
33.29	90
32.25	105
32.71	68
32.64	83
32.87	77
32	99
31.78	69
32.16	52
31.93	99
32.26	102
33.28	102
32.5	96
32.6	100
32	76
32.37	50
33.22	98
33.72	110
32.95	74
32.37	100
33.8	100
32.79	98
32.5	67
31.68	106
32.47	78
34.25	110
31.52	12
32.9	79
32.93	100
33.26	105
33.38	167
32.06	110
31.93	72
31.8	104
31.41	55
32.6	53
32.75	108
31.1	25
30.76	47
33.57	64
31.47	71
30.88	53
32.75	102
33.5	91
33.56	148
32.22	84
32.29	85
31.83	55
31.61	65
32.98	175
32.58	92
32.84	177
31.77	107
34.06	92
30.36	25
33.29	96
32.44	137
32.02	80
32.98	87
32.88	101
30.99	38
32.45	90
32.34	183
32.32	63
32.53	107
32.65	74
33.38	98
31.02	17
33.03	108
32.5	56
32.47	55
33.54	109
32.27	105
32.47	49
33.26	85
31.68	76
33.35	33
34.37	48
31.88	110
31.73	23
32.1	106
32.52	54
34.06	42
31.52	107
33.09	107
33.04	75
33.18	56
32.75	91
32.97	39
33.33	85
32.99	86
31.51	104
34.07	85
32.47	109
32.52	98
31.46	59
33.11	105
32.77	104
33.45	44
32.77	104
33.45	44
32.15	83
33.74	104
33.07	109
33.17	102
33.32	99
31.47	109
34.54	95
32.48	98
31.41	92
32.38	77
32.95	74
33	99
32.91	76
32.38	73
31.9	61
32.15	124
33.27	167
33.14	84
33.38	88
33.57	86
33.78	106
31.85	104
31.77	106
32.68	72
33.26	96
33.2	83
32.7	63
31.59	84
31.5	100
32.87	99
31.28	193
31.67	106
34.06	79
32.26	92
33.21	95
33.29	77
31.34	91
32.86	103
32.27	100
32.23	107
33.5	102
31.46	48
33.86	105
32	106
33.6	92
31.79	101
31.8	102
33.09	197
33.05	90
32.45	107
32.59	115
31.28	28
31.47	91
32.49	121
32.54	107
33.53	99
31.78	60
33.04	110
32.04	105
32.95	104
33.54	108
32.05	82
31.66	97
31.11	69
33.51	36
32.5	58
32.84	85
33.17	89
33.47	105
33.09	107
33.53	84
32.86	99
32.85	92
32.16	103
30.18	27
32.1	104
33	80
32.88	54
33.55	71
32.68	94
32.11	107
33.17	26
30.55	16
33.37	102
33.35	85
33.05	170
33.97	95
30.9	95
32.16	29
33.02	110
31.96	106
32.74	99
33.34	27
32.63	107
32.71	92
32.12	23
32.15	98
31.81	40
31.98	109
32.79	79
33.27	109
31.35	105
34.44	140
31.66	91
32.25	86
32.88	98
34.79	99
31	22
32.6	107
33.11	97
32.66	95
34.11	70
32.37	153
32.61	104
33.83	93
33.97	96
32.79	110
32.53	104
34.21	101
31.95	81
33.16	81
32.08	98
32.47	96
31.2	106
33.12	103
33.16	103
31.67	96
32.2	108
32.76	135
31.43	71
32.53	62
33.62	65
33.14	76
32.08	83
32.21	84
32.67	102
33.53	114
32.81	106
34.19	56
32.72	98
32.2	88
33.61	92
33.95	81
32.04	40
31.55	77
32.16	100
33.54	142
32.69	109
33.2	105
33.34	77
32.17	50
32.56	71
32.48	41
32.24	73
32.87	53
31.2	51
33.18	108
32.91	98
33.62	75
31.9	59
32.22	104
32.61	83
32.16	99
32.9	51
33.59	80
33.88	96
31.57	109
33.06	132
32.27	88
32.13	77
33.99	81
31.11	105
31.72	80
32.06	101
32.11	76
31.35	106
32.75	108
32.76	77
31.87	49
33.22	55
33.36	83
34.23	106
32.75	77
32.84	183
32.23	98
32.25	51
32.15	90
32.68	78
32.46	100
32.41	95
35.22	92
34.6	42
32.4	94
33.17	108
32.2	97
32.77	82
32.02	71
32.06	105
31.77	28
32.71	85
34.57	81
33.02	98
33.28	58
32.48	87
33.51	109
32.5	78
31.34	191
31.98	24
33.11	100
32.28	104
31.12	98
32.46	107
32.18	27
33.2	82
32.88	103
33.15	108
31.64	105
32.27	39
33.04	109
33.1	105
32.26	67
33.62	33
32.93	91
33.62	80
32.64	103
32.99	97
33.04	84
32.7	90
32.76	97
34.3	107
32.63	108
31.76	103
33.23	100
32.72	149
30.64	29
31.81	87
33.34	49
33.14	99
31.3	107
33.19	106
32.06	84
32.57	99
33.43	79
32.48	62
33.86	81
32.79	83
32.73	99
34.55	77
32.45	75
32.25	110
33.72	99
32.24	46
32.15	88
32.22	183
32.02	41
34.89	35
33	102
32.95	100
32.34	117
32.69	83
32.84	89
33.66	87
32.74	159
33.25	86
31.18	105
33.32	100
33.32	119
31.93	66
30.59	26
31.18	86
33.46	104
33.23	89
32.25	90
32.1	75
32.65	107
33.16	67
33.15	83
31.83	94
32.95	99
31.91	92
32.12	94
32.87	92
30.21	4
32.22	52
33.49	107
33.33	77
33.11	141
33.58	107
32.26	83
31.99	132
33.63	75
32.19	32
32.52	109
33.31	74
32.85	106
31.68	7
32.52	83
33.6	79
32.15	106
32.39	86
32.67	97
32.04	97
33.39	50
32.56	57
32.26	83
32.06	142
32.27	163
33.58	80
32.55	186
32.76	175
31.81	77
32.94	105
31.89	108
32.43	61
32.85	98
34.24	104
31.58	41
32.75	107
32.87	94
31.5	40
31.1	41
32.5	100
32.68	86
30.23	16
33.92	89
32.48	37
32.48	37
34.12	94
32.48	37
33	86
32.31	40
33.33	85
31.96	36
32.68	99
33.56	106
32.88	101
32.68	83
33.2	78
33.44	100
32.35	105
34.26	77
31.26	62
32.2	107
31.81	100
32.68	98
32.6	78
32.55	86
33.85	118
31.96	95
33.64	95
31.72	123
32.24	102
31.7	102
31.56	159
32.23	99
33.07	47
34.83	85
32.52	98
31.25	22
32.65	66
34.25	83
33.2	75
32.25	108
32.21	72
34.04	104
33.29	83
31.46	68
33.01	101
32.11	119
30.6	23
32.41	100
32.21	108
33.85	53
31.77	137
32.23	105
31.96	99
31.41	109
31.95	48
32.18	108
31.7	97
30.84	98
34.09	92
33.31	102
32.59	100
31.09	13
32.46	170
32.14	104
32.69	100
32.68	106
32.79	100
32.69	100
32.77	83
32.62	92
34.15	102
32.85	108
31.87	94
33.12	66
30.15	26
34.17	110
30.72	35
32.04	57
34.44	64
30.37	80
31.44	30
30.19	6
32.22	98
33.72	91
33.18	110
31.61	51
31.57	198
33.05	105
32.39	102
32.39	61
32.3	96
31.67	198
32.72	107
32.85	95
32.72	107
32.29	95
32.66	147
33.31	75
33.04	125
32.29	172
32.18	83
32.82	166
32.91	91
33.07	73
31.6	95
33.21	81
33.01	100
31.39	26
32.59	137
32.77	72
31.32	96
33.32	92
32.09	161
33.39	75
32.85	77
32.31	107
34.25	75
31	108
31.69	33
32.41	94
32.24	73
31.61	108
33.91	72
33.03	108
32.27	76
32.39	101
32.24	106
32.01	77
31.02	97
33.71	87
33.3	85
31.92	103
32.9	92
33.15	81
32.45	150
32.03	101
31.94	48
31.69	71
33.06	118
34.11	95
32.53	69
33.21	96
32.83	66
31.83	109
33.3	96
33.31	83
31.16	83
31.29	11
33.46	56
32.46	94
32.5	139
31.67	96
33.55	100
31.41	77
32.08	82
32.4	77
32.54	95
32.47	107
32.78	26
32.22	66
33.22	86
31.8	76
33.05	103
32.7	92
32.75	87
32.91	66
32.52	105
32.53	105
33.97	108
32.76	110
33.33	100
33.1	109
33.32	57
33.11	47
34.28	102
32.94	87
34.06	102
32.34	110
31.08	43
32.73	70
32.73	76
33.68	96
31.87	55
32.7	95
31.77	98
31.34	69
31.97	100
31.8	108
32.13	110
33.1	50
32.2	108
32.46	93
32.01	73
33.63	103
33.6	110
32.24	81
31.73	143
32.76	92
32.49	109
33.35	85
32.76	79
33.49	104
32.8	98
32.63	108
32.39	20
32.2	99
32.68	107
33.83	84
33.16	149
32.05	112
32.41	107
32.76	110
33.97	108
33.6	64
32.31	107
32.08	123
31.68	60
32.51	108
32.54	64
31.18	35
32.34	94
32.08	123
32.08	123
31.47	77
32.08	123
32.16	43
31.54	108
31.71	102
33.17	161
32.48	96
31.87	102
32.16	110
33.28	88
33.2	78
32.5	78
32.1	105
31.76	90
31.95	107
32.26	93
31.03	38
32.06	68
32.03	71
31.14	97
31.68	58
33.05	131
31.96	68
33.72	82
31.87	51
31.75	91
32.1	88
32.9	87
31.86	103
33.09	98
32.33	100
31.72	53
33.33	99
32.79	90
33.45	97
33.77	102
32.88	110
32.69	87
32.28	95
31.46	5
32.15	110
33.17	109
33.15	105
30.85	12
31.78	173
33.16	139
32.12	114
32.33	150
32.97	71
31.46	45
33.81	51
33.16	142
32.41	62
32.72	104
32.05	136
32.01	169
32.68	94
33.03	85
32.29	80
31.21	28
32.23	76
33.21	101
34.48	86
33.47	46
32.87	192
32.02	97
32.83	194
35.61	117
33.42	83
31.41	104
31.87	72
33.04	186
31.77	74
33.53	107
32.8	103
31.77	105
32.25	99
32.18	96
32.06	104
32.19	50
32.7	85
33.62	98
33.34	88
34.16	83
32.65	37
32.94	81
32.7	95
32.35	79
32.84	101
34.4	62
32.4	104
33.2	87
32.3	65
31.76	63
33.18	195
32.56	107
32.66	119
32.07	37
33.19	62
32.11	44
32	78
33.18	109
33.05	81
33.39	147
33.68	104
33.07	109
34.18	91
33.33	108
31.75	91
32.58	99
30.82	41
32.38	98
31.45	104
32.37	59
32.23	98
32.04	61
31.02	109
33.35	107
32.2	186
31.88	87
31.59	108
31.72	108
33.96	77
32.89	136
32.02	82
33.02	103
32.48	56
30.29	34
33.64	98
32.73	163
32.25	156
32.42	105
33.91	96
33.3	65
33.57	106
33.12	86
31.91	62
32.67	59
33.38	134
32.35	99
30.63	26
32.32	149
32.33	81
30.11	19
30.93	69
32.74	79
33.25	105
32.95	110
32.61	94
30.36	8
33.13	85
31.51	195
33.75	107
31.82	89
32.87	106
33.03	64
32.5	73
32.52	86
34.71	76
33.02	87
32.77	99
33.14	106
30.82	78
32.58	76
30.83	103
32.14	87
32.02	172
32.81	196
33.25	144
32.39	107
31.77	81
31.95	34
32	92
33.19	78
30.84	165
31.18	198
32.15	164
31.9	91
32.27	104
32.01	101
33.43	53
32.05	79
31.39	39
31.67	53
31.55	24
33.76	100
33.97	57
32.74	92
33.53	90
30.97	107
31.86	105
32.74	93
31.47	12
33.07	89
31.41	69
34.83	104
32.54	87
30.4	18
32.64	108
31.6	109
31.7	106
30.92	18
32.73	62
31.57	98
31.33	101
31.13	110
32.4	82
32.86	110
31.83	167
33.98	73
31.99	64
32.06	107
32.63	91
33.84	147
32.5	110
33.16	72
31.74	61
34.35	104
34.25	84
31.97	98
33.43	94
32.06	173
32.66	110
31.77	191
34.43	64
34.06	75
32.52	99
31.68	105
33.38	96
32.97	191
32.07	96
33.43	148
31.59	107
33.14	97
31.03	96
31.86	154
32.66	101
33.91	98
32.41	156
32.23	50
32.85	62
31.55	40
31.74	99
32.75	96
31.84	67
32.1	107
32.71	91
31.74	148
33.37	94
32.84	84
31.27	138
31.25	63
32.39	106
33.58	80
31.45	89
32.95	96
32.56	85
32.49	60
32.2	165
32.17	63
31.76	19
32.42	106
30.56	18
33.02	50
32.25	22
32.35	77
32.42	107
33.78	96
32.84	107
32.73	172
32.73	172
32.33	164
32.01	90
32.75	102
33.44	98
32.33	164
32.33	164
32.33	164
33.79	99
31.4	74
34.32	65
32.84	176
32.44	65
32.2	108
33.22	95
33.79	98
31.93	109
31.7	56
32.37	92
32.12	97
32.2	102
32.04	79
33.33	70
33.22	101
31.27	102
32.11	97
32.32	108
31	92
32.93	34
33.31	110
32	34
32.54	116
32.01	98
33.22	78
32.68	76
31.89	96
31.94	65
33.52	109
32.24	92
34.62	106
32.16	102
31.61	104
32.92	68
32.22	105
32.7	107
32.32	105
32.83	92
32.12	97
32.79	78
33.52	94
33.3	109
32.93	107
32.31	101
32.35	90
34.47	83
33.23	110
32.93	100
32.65	100
33.56	98
31.86	71
33.02	98
33.42	102
32.81	46
30.6	47
32.16	62
32.41	168
31.88	143
34.06	76
31.97	106
32.96	148
33.17	142
31.75	53
32.76	74
33.04	80
31.54	102
33.84	136
31.67	55
32.5	111
32.83	52
100	0
32.11	109
48.48	36
32.48	79
30.87	96
32.35	109
33.06	81
33.13	94
33.28	109
31.91	109
32.45	88
31.9	86
33.56	106
31.8	92
35.17	45
31.61	82
32.37	100
31.76	102
33.16	89
32.01	171
32.74	42
32.73	107
33.79	106
31.68	153
32.28	69
32.37	114
32.41	106
31.94	190
33.87	75
33.55	56
31.85	184
31.97	149
33.63	88
32.7	81
30.77	77
33.04	92
33.32	92
33.7	129
33.5	108
32.19	109
34.43	102
32.3	80
30.61	55
31.02	68
31.63	131
33.17	104
33.47	102
31.61	42
31.08	109
32.98	77
31.94	14
33.7	74
31.62	134
32.18	78
34.02	109
31.87	107
32.13	157
33.56	169
32.37	102
30.28	36
33.41	95
31.65	75
32.08	107
33.2	94
32.13	177
32.58	87
31.23	40
33.04	125
32.25	93
33.01	81
32.41	105
33.67	72
31.81	68
32	91
33.93	65
32.05	62
31.55	99
32	107
32.82	99
31.7	77
32.29	54
32.77	31
32.52	174
32.07	145
32.31	105
32.44	146
32.47	99
31.65	109
32.95	108
32.39	107
31.97	97
32.31	151
33.07	108
31.77	107
33.3	110
32.2	176
32.88	137
32.53	159
33.86	103
32.23	110
32.33	90
33.32	96
30.2	7
33.28	76
32.02	110
33.37	89
31.79	105
33	102
30.52	127
32.46	115
32.67	109
33.11	105
33.03	71
31.94	73
31.31	128
32.42	169
31.44	92
32.42	109
32.72	97
33.07	61
31.07	50
32.32	88
32.72	102
32.38	102
32.72	135
32.03	71
31.35	92
32.95	74
32.83	74
34.53	114
32.96	90
32.38	95
33.69	163
31.46	24
33.14	95
33.92	37
32.55	102
33.27	102
32	103
33.16	90
33	98
33.67	79
32.9	79
31.93	87
32.79	180
30.42	29
33.06	76
33.33	138
31.89	149
32.43	77
34.07	67
31.84	110
33.38	81
31.36	38
32	101
32.63	87
31.33	99
32.21	177
32.87	108
33.7	77
32.86	86
31.2	90
32.13	102
32.43	47
32.42	70
33.59	85
32.71	63
33.5	94
31.58	164
31.56	41
33.07	172
32.7	76
31.91	106
32.77	190
33.03	36
32.64	86
31.77	99
33.76	108
31.6	73
32.17	102
32.37	107
31.5	97
34.32	73
33.62	96
32.92	96
32	101
32.16	102
32.63	87
31.3	99
32.15	177
33.7	77
32.91	86
32.13	102
32.12	47
34.79	92
33	100
34.32	110
32.99	57
31.96	75
33.66	93
32.37	107
32.68	78
31.72	47
33	108
33.18	102
32.73	99
34.24	72
31.36	103
32.96	95
30.39	35
32.7	92
31.92	88
32.92	97
32.51	105
32.13	139
34.25	79
32.98	105
31.85	29
32.87	52
32.81	66
32.21	99
33.06	79
32.37	190
32.87	105
32.97	81
32.77	75
33.04	68
33.04	52
33.66	65
32.59	99
33.04	84
33.54	80
32.95	100
33.77	98
31.77	68
32.58	194
32.78	112
32.59	144
32.15	94
31.21	184
32.69	189
31.77	57
32.63	109
32.22	92
32.24	91
31.73	193
32.28	93
33.98	95
32.34	104
33.28	100
30.49	109
30.87	36
32.54	78
33.04	74
33.82	72
32.33	71
31.88	102
33.68	76
34.2	75
33.09	110
32.07	70
33.1	198
32.3	96
32.5	171
32.93	95
33.56	70
32.06	54
32.62	46
32.43	103
31.78	150
30.82	16
31.64	183
32.14	102
32.62	44
33.02	140
32.69	69
32.04	104
32.29	25
31.77	196
31.36	100
34.2	108
33.3	95
32.31	186
33.1	81
32.7	75
34.33	103
31.97	108
30.07	6
32.54	71
31.58	189
32.07	81
34.14	67
33.61	106
32.2	127
31.91	73
32.81	133
32.62	72
33.14	83
32.78	75
33.23	67
34.64	66
33.4	72
31.82	102
32.88	92
30.64	0
31.02	91
32.75	100
32.02	32
32.31	107
33.82	97
33.62	81
30.5	21
32.69	75
33.72	53
32.54	77
32.39	120
33.15	108
32.25	109
31.44	106
33.1	86
32.68	84
32.24	162
33.49	95
32.55	104
32.86	93
32.86	40
32.69	100
32.54	103
32.45	107
34.35	105
33.48	97
32.32	64
33.46	109
31.07	110
33.65	83
33.73	96
33.35	55
33.02	93
33.21	94
32.1	100
33.78	97
32.05	99
32	58
32.02	96
31.82	9
32.81	97
32.15	82
32.55	97
32.94	109
33.29	105
31.49	20
31.65	95
33.92	97
32.98	127
32.47	61
33.16	80
31.41	86
34.06	90
34.46	64
33.31	99
33.62	35
33.06	104
32.15	178
32.53	90
32.6	55
31.63	93
32.52	74
35.44	83
32.89	186
32.6	73
32.68	188
32.69	170
33.03	184
31.22	46
31.94	109
32.25	102
32.06	104
32.06	104
32.06	104
31.85	107
33.04	105
32.06	104
32.79	98
31.36	43
32.86	167
32.4	106
32.03	189
32.32	79
33.37	62
33.62	87
33.27	95
32.41	64
33.58	111
30.63	26
31.57	99
31.2	20
34.1	82
33.67	83
32.63	96
32.27	109
31.92	69
33.67	81
32.46	106
33.03	75
32.83	49
32.62	56
31.63	109
32.31	110
33.01	69
33.31	75
31.78	194
31.79	107
32.82	104
32.42	46
32.45	101
32.51	108
32.62	97
32.93	94
32.68	90
32.29	90
34.14	102
31.74	30
31.7	150
33.74	173
33.6	104
33.45	76
33.58	65
33.42	92
32.41	98
32.93	109
33.43	91
32.1	83
31.66	72
31.64	23
32.52	92
32.31	81
33.68	79
33.31	101
32.96	105
33.66	69
31.66	132
32.26	101
32.04	81
33.11	71
33.85	98
33.33	51
32.52	75
32.97	77
33.16	59
32.96	130
32.51	89
32.86	95
34.47	107
33.32	158
32.73	106
32.67	102
31.76	63
33.24	141
31.89	102
34.03	91
32.86	67
32.71	151
32.43	103
32.41	110
32.95	79
32.41	101
33.2	114
32.03	177
31.92	178
32.56	90
32.81	102
33.28	139
33.47	94
32.28	196
33.27	92
32.83	94
32.49	108
32.13	106
33.84	77
33.08	98
32.5	87
33.5	104
33.28	48
32	53
32.7	107
32.29	102
32.71	162
32.83	100
33.7	97
34.07	83
31.32	63
33.28	80
32.49	101
31.94	83
31.87	24
33.48	50
31.81	191
33.03	160
32.02	88
31.71	105
32.01	105
32.44	53
33.22	103
33.27	89
32.6	85
32.22	80
32.85	90
33.23	95
32.49	71
32.15	24
32.33	98
32.52	103
34.15	103
33.31	116
32.14	96
32.24	64
32.74	85
32.45	57
33.57	85
33.14	173
32.03	62
32.45	98
31.88	99
33.33	102
32.71	140
32.11	99
31.92	23
32.09	105
32.81	174
33.15	187
33.46	86
32.13	64
32.14	96
32.92	67
31.21	100
34.89	76
30.34	17
33.72	88
32.79	108
33.27	107
33.85	52
33.03	80
32.66	63
32.43	107
33.6	79
31.65	106
31.78	106
31.6	105
32.57	96
32.34	73
32.97	99
31.81	66
32.06	89
32.7	95
31.88	98
31.8	109
32.98	79
32.35	53
32.41	72
33.63	70
31.62	48
32.22	71
30.92	78
32.69	97
34.4	85
33.65	58
31.43	95
32.55	77
31.63	101
32.66	100
33.1	105
32.22	93
31.62	60
32.38	173
32.7	96
31.46	97
32.86	101
32.45	74
32.31	51
31.6	63
33.15	117
32.24	102
32.41	73
31.49	181
32.44	177
32.29	84
31.43	109
33.08	74
33.73	107
30.42	44
31.98	58
32.37	51
33.14	164
32.7	79
31.96	45
32.53	179
32.45	95
32.35	106
32.81	119
32.92	106
33.16	110
32.04	43
32.62	110
32.33	104
32.94	81
31.45	94
32.01	98
33.5	91
32.06	181
31.57	56
32.68	101
32.37	96
32.26	66
33.33	97
32.29	132
32.89	74
32.65	89
32.91	96
33.3	100
32.64	93
33.09	100
32.14	58
31.77	88
32	81
32.25	97
33.49	79
33.36	125
32.14	80
32.43	99
32.39	68
31.93	34
31.98	143
32.81	95
32.97	79
34.48	52
33.9	133
32.66	87
32.36	101
30.6	9
32.12	77
30.71	50
32.79	100
31.45	66
32.07	60
32.85	144
34.62	87
32.73	102
32.03	79
32.99	92
32.01	183
31.58	163
32.91	90
31.74	104
32.68	84
32.05	47
32.55	89
31.45	72
31.89	110
31.73	18
32.64	84
30.62	109
31.32	101
33.04	105
33.7	64
32.58	87
32.11	177
33.49	170
32.02	107
31.8	99
31.62	75
30.57	41
32.48	57
32.18	134
32.52	97
32.15	31
32.59	44
33.66	97
31.3	37
33.02	85
32.85	154
32.85	154
32.91	107
33.61	102
32.17	104
32.7	103
31.73	120
34.2	73
32.02	102
32.92	91
33.11	91
32.6	88
32.7	79
33.29	100
32.23	100
31.21	88
31.75	93
32.3	63
32.34	80
32.92	137
31.31	87
32.89	79
32.62	104
32.47	110
31.57	191
30.19	5
32.1	54
32.36	35
33.54	78
31.26	21
34.03	101
33.2	100
31.5	176
32.05	86
30.56	6
32.61	178
32.98	155
32.88	103
31.54	109
32.43	58
32.91	36
32.29	81
31.04	61
33.09	102
32.52	103
32.37	100
33.22	145
34.88	76
32.43	63
31.74	110
33.16	61
31.68	158
34.62	102
31.7	166
32.15	58
33.01	103
32.29	103
30.96	13
33.83	68
33.26	57
32.44	108
33.39	89
33.22	74
32.54	174
31.97	79
32.73	80
31.8	46
33.27	61
30.75	91
32.69	86
30.55	34
32.39	71
31.04	104
30.43	40
31.43	108
32.58	98
32.75	98
31.64	105
30.67	39
33.07	97
32.7	56
34.2	106
31.76	188
32.96	82
32.47	73
31.56	51
31.61	60
33.98	100
33.45	109
31.89	37
33.13	84
33.1	84
32.92	65
31.94	110
33.07	103
31.85	77
33.94	88
32.61	90
31.82	42
33.51	57
32.35	92
31.84	64
31.2	110
33.44	80
31.51	103
32.72	45
32.5	99
31.51	181
33.74	76
32.17	100
32.75	63
31.88	85
32.44	96
32.64	80
33.05	53
32.39	107
32.25	59
32.75	128
32.35	81
32.14	176
32.05	85
32.94	93
32.03	40
32.53	87
30.25	46
32.36	68
33.72	77
32.93	52
30.98	106
32.46	100
30.52	9
34.11	105
32.64	60
32.54	93
33.47	100
32.48	94
31.47	69
32.18	101
31.95	46
32.56	106
32.19	79
34.35	102
33.69	91
32.06	171
31.96	56
33.37	104
31.49	40
32.91	101
32	97
32.37	99
31.67	29
32.56	109
33.34	109
32.49	99
33.06	120
31.87	75
33.12	99
33.06	120
33.06	120
32.01	37
33.06	120
33.06	120
31.49	63
32.81	103
33.26	109
32.33	69
31.56	36
32.39	89
33.26	91
32.52	101
31.12	23
33.83	109
31.72	56
34.03	78
32.96	79
32.2	197
31.71	110
32.39	82
32.05	109
33.12	107
33.34	68
31.04	26
31.88	109
31.2	69
33.4	90
33.13	85
32.24	168
33.16	95
33.56	76
34.35	67
32.21	34
32.76	167
31.92	59
32.74	109
32.02	87
32.2	99
32.61	94
32.33	173
32.38	196
32.67	132
31.55	95
32.8	70
32.56	99
32.15	56
32.69	113
31.66	100
33.14	62
30.34	26
32.41	114
33.24	99
33.61	78
31.59	41
32.82	105
33.96	86
33.5	89
32.22	103
32.27	99
33.51	76
32.75	69
32.7	63
31.52	87
32.97	70
31.1	100
33.62	98
33.5	42
33.79	91
32.56	109
33.5	106
32.85	100
33.27	90
32.86	150
32.71	188
32.47	62
33.07	87
31.12	46
30.99	110
32.89	93
32.73	105
32.37	52
33.55	103
31.72	68
30.7	48
32.1	74
32.16	108
32.52	170
33.52	79
31.94	95
31.73	55
32.36	94
33.54	56
31.8	91
33.49	93
32.28	113
31.54	47
33.09	107
31.98	196
33.82	90
32.47	110
33.34	74
32.03	104
31.89	58
32.13	62
32.81	74
32.33	177
34.72	107
31.76	71
31.18	126
33.05	93
33.23	106
32.38	48
33.16	98
34.35	72
31.73	47
33.56	104
33.18	82
33.28	165
33.42	92
32.54	80
31.89	61
35.09	90
32.21	68
32.56	104
32.14	43
33.79	172
32.81	107
33.49	106
31.61	90
32.75	104
32.47	88
32.7	105
33.1	90
31.94	102
32.27	130
33.09	86
31.82	51
32.7	21
32.29	110
32.18	104
31.82	51
33.81	107
32.47	109
32.45	105
31.06	56
32.78	101
33.01	110
32.92	143
33.31	57
31.53	93
33.05	79
30.7	35
33.06	68
32.87	95
32.19	78
31.62	55
32.39	108
33.02	100
33.14	82
31.45	23
33.61	103
32.37	97
31.33	51
32.95	52
33.43	109
31.87	97
30.88	27
32.2	87
32.71	77
31.99	184
32.17	95
33.52	96
32.97	77
33.15	96
35.1	79
33.35	107
32.8	110
32.25	108
31.59	63
33.29	79
33.43	67
33.6	81
32.2	76
32.35	110
32.56	109
32.73	83
30.74	13
33.51	47
32.29	99
34.72	86
31.06	60
32.6	108
32.64	109
32.43	76
33.52	106
33.32	168
31.74	37
32.79	105
30.84	69
32.31	99
32.79	106
33.78	63
34.14	90
31.01	44
33.01	91
32.79	71
33.25	76
31.45	69
32.15	102
34.02	79
30.99	23
32.02	108
32.44	93
30.12	26
32.42	109
31.83	96
31.58	22
31.81	125
33.95	101
32.96	71
31.7	109
32.22	136
31.98	92
33.11	195
32.72	100
34.52	99
33.12	58
31.45	82
30.47	23
32.77	101
33.34	108
30.73	49
32.74	84
33.79	72
32.16	43
32.09	174
33.17	63
32.71	85
33.98	109
33.02	105
33.08	65
30.61	29
33.2	100
33.33	100
33.55	95
33.54	110
33.07	98
32.86	106
32.16	88
32.72	78
32.04	98
32.65	92
33.27	81
33.62	97
32.44	71
31.7	97
32.74	156
31.9	185
32.54	105
33.84	106
32.85	101
33.54	89
32.84	64
33.49	151
32.81	109
33.5	61
32.93	60
32	65
34.45	94
32.69	109
32.45	75
32.41	70
32.25	89
31.58	47
31.77	104
31	80
33.32	58
32.3	107
31.64	121
32.88	100
32.62	71
33.49	103
32.3	102
34.02	138
32.5	98
32.25	59
33.82	103
31.4	24
33.37	95
34.41	99
30.23	16
30.22	22
33.97	91
32.37	88
30.95	49
32.98	105
33.76	108
32.95	98
30.6	30
31.55	32
33.55	88
31.94	101
32.21	71
32.11	102
32.61	82
32.3	152
32.54	93
33.85	73
32.65	97
31.56	85
32.17	109
33.43	105
32.93	66
32.37	95
31.79	185
33.47	73
32.77	75
32.52	163
32.19	130
32.16	95
33.83	103
33.22	69
30.78	27
31.14	95
32.45	107
31.79	84
33.31	80
32.3	103
31.75	148
32.58	60
33.31	75
33.58	104
32.79	81
33.32	166
33.34	74
32.54	80
32.84	96
33.24	70
31.88	93
33.81	105
32.42	96
31.01	37
32.5	93
32.01	70
31.93	110
32.02	132
31.01	96
32.87	83
31.41	106
30	5
32.31	109
32.1	104
32.61	75
32.28	106
32.81	107
31.33	86
32.97	104
31.29	38
33.48	63
32.74	73
31.75	185
31.83	86
33.52	88
31.43	103
32.15	106
32.27	85
32.02	80
32.59	107
31.95	87
34.35	61
32.98	91
34.59	100
34.27	94
32.41	95
31.44	194
32.6	136
33.52	106
33.2	70
33.02	107
32.21	79
32.29	103
31.97	107
31.58	33
33.36	69
33.29	77
32.94	82
33.71	100
34.01	75
32.72	48
32.71	92
32.41	108
32.76	174
30.79	106
32.02	103
33.15	82
33.15	78
34.22	89
31.97	84
34.24	109
32.69	89
33.53	81
32.42	98
32.73	70
32.5	107
33.92	90
33.09	92
33.47	103
33.05	86
32.39	78
32.54	70
33.48	83
32.96	93
32.82	96
33.34	88
31.74	198
31.71	65
31.79	102
32.63	110
32.84	79
33.37	62
31.05	60
31.75	85
32.77	78
32.97	108
31.78	83
32.7	80
32.78	81
32.31	86
34.54	96
32.31	185
32.91	98
33.42	88
32.54	76
32.87	106
33.03	62
33.64	101
32.7	122
32.2	60
31.62	105
32.64	161
32.51	57
33.55	151
31.93	87
33.39	153
34.5	80
32.5	191
32.18	108
32.17	98
31.8	91
31.33	92
32.9	57
31.46	107
31.07	43
34.23	100
34.26	127
32.57	155
32.99	109
34.63	90
33.79	31
31.53	100
32.47	107
32.12	70
33.27	46
31.54	157
31.18	56
32.03	110
32.29	88
33.08	68
30.82	61
32.41	108
31.59	58
31.38	82
30.23	19
33.82	96
32.16	66
32.26	125
33.79	63
32.93	101
32.9	103
32.88	96
32.53	84
32.5	108
33.16	101
34.04	107
33.1	156
32.79	80
33.4	87
30.98	102
32.39	91
32.71	93
33.7	105
33.53	95
32.7	102
32.99	106
33.07	108
30.91	91
31.57	48
32.31	100
31.49	69
32.93	81
31.79	80
31.43	110
32.43	69
31.88	186
32.98	91
32.08	73
32.44	161
32.35	108
31.86	105
31.37	110
32.46	108
33.05	90
32.06	53
32.14	103
31.35	40
30.71	34
31.99	110
32.04	110
32.98	103
32.09	107
32.79	70
31.27	31
33.14	57
32.76	88
32.6	84
32.57	107
31.51	75
31.73	84
31.76	97
32.04	126
31.3	38
32.69	82
32.62	105
32.22	101
31.43	96
32.8	173
32.41	105
32.34	59
32.91	102
33.33	31
32.64	101
32.54	94
32.8	75
30.68	30
33.58	107
31.98	99
31.16	66
31.75	36
33.83	108
32.52	97
32.12	104
30.17	25
32.17	105
32.41	102
30.99	33
31.49	150
32.51	78
31.81	86
32.81	82
30.88	109
32.32	107
33.18	105
33.15	99
31.51	20
32.35	108
32.7	37
31.7	32
33.15	105
33.18	69
32.77	126
31.76	89
33.31	63
32.56	110
32.83	59
32.45	91
31.59	123
32.61	102
31.4	110
32.92	98
33.66	108
31.39	103
33.05	80
32.09	31
32.84	105
32.26	106
31.13	40
33.42	81
32.95	110
33.5	108
33.37	102
32.92	107
31.8	189
33.7	63
31.8	109
31.75	49
31.87	41
33.2	103
33.25	88
32.76	96
30.58	13
32.99	159
31.82	193
32.68	186
32.37	82
31.83	106
32.39	100
33.04	47
31.15	110
32.95	103
31.51	106
31.85	85
31.67	106
31.6	30
32.81	146
32.25	128
33.15	88
30.32	93
33.4	91
32.45	136
31.45	71
33.14	87
47.85	13
33.11	105
33.21	164
31.73	105
32.05	91
32.69	106
32.06	106
32.01	95
33.51	96
32.39	79
32.18	108
34.16	103
32.69	76
33.1	114
32.87	65
31.85	58
32.48	140
34.18	102
32.1	105
32.84	75
30.37	37
33.33	72
32.9	102
32.06	126
32.91	76
31.46	40
33.21	127
32.59	89
32.85	142
32.96	98
33.36	158
31.91	107
34.41	67
32.18	97
31.37	89
33.47	107
30.64	32
33.88	110
32.65	87
33.9	94
33.46	109
33.2	108
32.58	90
30.29	27
30.78	37
31.83	105
32.54	163
33.09	69
32.7	102
31.52	68
31.28	69
32.93	116
31.43	22
32.59	100
31.81	36
34.82	100
32.85	51
33.04	58
32.56	90
32.76	107
32.58	66
33.74	127
34.02	77
32.46	87
32.7	96
30.48	53
30.25	22
31.44	109
32.21	92
32.04	198
32.39	90
31.95	102
33.52	84
31.34	103
32.24	110
31.58	67
31.3	28
30.83	40
34.09	66
32.58	36
31.39	108
32.37	91
30.64	83
32.77	126
30.8	79
32.37	104
32.19	55
32.86	145
33.38	103
31.18	186
33.01	57
30.08	13
32.69	51
32.58	118
31.58	123
32.2	194
32.09	105
32.22	112
31.47	119
33.68	95
33.97	111
31.97	99
31.13	122
32.6	107
34.42	100
33.65	56
31.06	122
31.52	90
31.82	117
32.98	109
32.83	124
34.1	61
32.12	242
32.33	124
31.96	104
33.18	87
33.2	115
33.2	115
33.08	80
32.81	106
31.51	123
32.25	124
31.33	120
32.81	106
34.3	97
31.16	114
32.16	111
30.91	117
32.2	173
32.55	239
33.15	123
31.47	119
31.43	87
33.04	109
31.63	114
33.34	100
32.62	100
33.15	100
34.77	84
33.12	87
32.21	90
34.28	90
32.1	73
30.6	50
31.94	122
32.25	115
30.85	22
32.49	114
33.1	120
33.07	75
33.33	106
32.51	88
32.52	124
33.32	100
31.59	112
31.7	111
32.56	110
32	118
32.67	121
32.27	122
32.34	114
32.29	124
31.29	108
32.25	122
33.54	157
32.62	210
32.08	160
32.64	121
32.51	75
33.31	99
33.52	65
32.89	96
32.51	99
31.69	109
32.16	148
34.19	78
32.27	117
32.68	124
33.35	57
32.12	118
31.51	120
31.27	122
33.85	111
31.78	115
32.19	153
31.12	112
30.55	176
32.24	95
33.51	100
32.17	94
32.79	100
33.31	74
32.87	116
32.58	155
32.83	112
32.24	101
31.5	113
33.24	100
31.48	92
31.16	123
31	82
31.25	60
31.14	79
31.72	105
32.75	81
32.62	116
31.56	116
32.23	105
32.77	118
31.15	138
32.44	104
32.09	104
31.54	123
33.55	176
31.63	78
32.56	114
32.47	105
31.69	229
32.97	111
32.1	121
33.89	100
31.57	112
31.33	102
33.45	106
33.21	80
33.24	123
32.85	61
31.99	190
32.22	90
31.59	219
32.55	124
33.71	94
31.97	226
32.23	147
32.25	84
32.79	67
31.57	119
32.24	105
32.97	122
32.83	61
32.31	113
31.99	75
31.33	118
32.85	128
31.36	227
33.22	69
33.97	101
31.73	116
31.95	92
32.58	130
33.1	105
31.98	117
32.47	142
31.9	121
32.05	116
31.78	124
31.47	95
33.27	107
32.04	118
32.44	123
32.25	102
32.48	106
31.4	114
35.03	91
32.27	108
31.47	114
33.86	101
32.26	114
33.41	76
31.64	112
31.97	232
33.93	105
33.81	73
33	94
34.25	63
32.03	170
32.83	84
32.96	107
32.56	124
32.11	104
34.53	58
31.59	103
33.28	109
30.26	111
30.64	110
32.35	32
32.25	113
33	123
32.81	117
31.09	116
31.89	117
32.91	69
31.83	121
32.07	87
33.5	115
30.81	119
30.76	117
32.53	78
31.29	114
35.44	84
31.85	77
33.55	37
32.68	155
31.64	106
34.02	88
32.44	136
33.11	70
32.29	114
31.84	122
32.31	172
31.9	108
31.75	54
33.54	84
33.14	93
31.16	35
33.62	93
32.03	43
31.7	112
33	82
32.9	82
32.67	96
32.29	92
31	94
31.61	117
32.46	151
33.18	97
33.18	97
33.87	75
34.1	80
31.71	87
33.28	100
33.28	100
31.64	106
32.24	150
31.19	120
31.19	120
31.19	120
31.19	120
31.62	19
31.71	106
33.61	93
34.14	98
31.73	227
31.7	105
32.32	153
32.89	109
30.54	117
33.72	102
32.82	122
32.61	87
33.42	61
32.68	108
33.62	82
32.44	183
35.1	74
33.8	101
33.73	95
33.69	103
31.36	121
35.52	94
32.42	54
