sim	len_diff
34.02	106
32.07	59
31.47	64
34.45	109
35.43	95
31.18	44
31.65	52
33.04	37
36.16	69
32.52	63
34.19	107
33.71	58
33.58	33
31.69	46
33.8	49
33.88	41
33.75	109
33	46
33.08	108
33.67	120
36.17	6
36.02	46
33.79	39
34.35	31
31.52	53
33.06	57
33.63	42
34.45	27
31.97	61
33.67	118
33.71	55
31.5	58
33.28	64
32.73	43
30.88	89
34.97	31
31.76	5
33.35	42
32.88	56
31.67	117
33.1	61
30.77	46
33.79	59
32.95	113
33.75	60
33.84	63
34.21	47
36.07	46
36.07	46
33.39	40
33.96	38
33.96	38
33.83	128
32.5	47
33.43	49
33.26	51
31.37	53
32.44	54
30.61	58
30.79	62
33.85	58
33.32	57
31.37	53
34.39	38
33.87	46
34.2	44
32.61	123
31.41	109
33.38	64
34.48	38
34.48	38
31.88	62
35.85	121
30.73	2
33	31
31.4	120
34.01	62
34.42	58
34.89	57
32.86	123
31.82	25
33.68	3
31.63	61
32.86	47
32.21	35
32.03	41
32.35	61
33.28	100
32.39	26
32.34	54
34.1	25
32.39	64
33.08	116
31.51	54
32.09	94
31.67	47
33.96	53
32.33	111
30.85	11
33.43	19
33.51	55
33.49	62
33.27	83
39.41	0
34.09	55
34.52	99
36.65	47
34.42	41
32.74	58
33.12	54
32.71	85
33.39	30
33.12	53
34.72	39
32.92	37
33.98	125
35.78	37
32.52	129
34.27	82
33.42	106
32.92	49
34	41
35.05	46
34.84	63
32.73	81
33.34	57
31.97	58
34.58	60
34.67	56
35.57	98
33.14	46
36.03	43
35.13	50
33.67	44
34.27	63
32.21	28
33.8	55
34.17	61
34.12	56
34	1
32.82	53
35.3	57
32.31	38
31.07	53
33.03	60
34.17	50
34.58	53
31.27	43
32.86	35
35.15	55
31.28	59
32.82	55
34.65	53
34.15	47
33.2	76
33.2	76
33.25	93
34.85	38
33.1	60
32.96	59
31.51	59
33.72	48
32.82	63
33.24	63
33.26	58
30.82	46
33.55	43
33.49	35
32.66	126
31.38	23
32.81	124
33.44	35
34.68	6
32.84	31
34.9	38
31.57	96
33.29	44
32.45	35
31.2	57
33.31	79
35.37	45
30.44	117
31.48	120
34.39	71
32.43	73
33.22	92
32.45	54
30.81	4
32.86	25
32.61	58
34.85	16
32.72	62
34.3	55
31.68	56
33.87	70
36.09	45
33.45	57
34.8	16
32.98	62
32.2	59
32.7	58
34.31	56
35.19	57
32.87	125
41.93	2
32.76	59
32.84	62
33.78	41
34.58	53
34.61	62
32.38	118
34.2	10
34.08	64
32.53	50
32.47	65
33.2	37
33.95	50
34.56	56
31.37	56
32.95	112
32.69	108
34.69	42
32.4	47
32.97	56
34.1	60
34.75	51
35.01	57
32.93	55
33.24	54
34.33	38
31.77	60
34.69	59
31.47	58
31.93	50
33.33	63
33.79	61
30.48	57
35.46	48
32.98	50
31.51	59
32.97	56
30.86	43
32.36	61
32.36	64
33.34	62
32.98	56
35.41	63
32.41	53
32.98	62
32.98	62
32.02	59
32.83	51
34	47
32.4	51
31.58	46
33.06	63
31.4	63
31.56	62
32.41	53
32.19	64
32.83	51
32.97	56
34.3	40
30.88	46
32.69	38
35.68	45
32.49	55
31.91	50
33.32	34
33.05	26
34.11	60
32.83	11
31.97	66
32.34	46
33.48	78
33.03	62
32.46	73
36.63	12
31.95	101
32.06	57
34.49	69
33.11	118
36.55	3
33.83	89
34.13	107
34.22	89
31.42	57
33.48	120
33.49	71
34.4	35
32.96	64
31.1	47
32.24	60
33.72	59
32.55	57
32.46	51
36.24	46
34.31	51
39.03	48
33.42	40
35.14	28
32.95	35
34.29	46
34.31	51
34.02	48
36.78	23
31.82	61
32.19	47
36.08	64
33.21	32
35.58	46
35.28	34
35.41	43
33.52	57
30.58	39
32.4	64
33.2	64
36.55	61
35.03	49
32.67	64
36.09	55
33.79	48
34.17	53
31.59	123
34.96	36
33.69	59
34.2	33
31.29	38
33.56	64
37.27	17
31.6	28
35.11	47
33.65	110
39.8	30
40.36	30
30.82	46
35.34	60
34.28	63
35.09	33
33.73	12
31.97	56
34.67	40
34.17	28
32.9	101
34.92	93
33.71	46
34.41	103
32.91	77
31.53	59
32.29	84
31.1	48
34.74	34
31.83	51
32.99	90
32.69	47
33.55	44
33.2	81
34.8	52
35.53	25
34.16	68
36.03	42
35.12	25
36.6	47
34.05	49
33.67	41
31.67	47
33.79	2
31.82	10
32	27
34.61	66
32.98	29
33.55	97
33.52	18
31.1	53
33.65	90
31.71	55
32.64	100
32.35	74
33.19	50
32.62	76
31.89	33
30.29	46
32.85	33
30.38	42
32.84	73
34.63	49
36.23	54
34.93	20
48.57	4
35.17	45
35.41	17
35.83	56
40.17	49
32.86	89
33.55	72
42.95	1
34.07	28
35.78	42
35.1	42
38.82	36
35.13	90
35.58	53
35.01	36
34.45	99
34.89	76
35.67	53
35.69	39
31.81	81
32.17	69
32.47	38
31.71	29
33.23	53
32.11	77
32.62	81
30.68	32
36.28	49
31.83	23
32.68	93
31.57	20
32.82	46
34.81	25
33.2	49
34.21	75
32.68	93
32.8	21
34.35	99
33.9	44
33.95	40
35.35	31
34.18	91
34.15	94
31.59	98
32.76	41
34.04	77
34.78	94
35.93	34
36.86	58
36.97	41
34.11	35
33.8	38
34.99	1
37.46	43
33.24	52
36.07	32
35.44	58
33.34	53
37.71	9
34.72	4
32.4	53
33.27	54
35.09	35
35.08	54
34.41	56
33.06	45
33.2	51
33.31	41
34.42	56
34.95	60
36.75	60
33.8	73
34.79	92
35.09	41
36.53	36
33.24	47
35.21	50
31.67	38
33.33	54
31.69	97
30.35	8
34.39	84
32.07	71
33.89	32
31.82	86
30.9	49
33.55	54
34.17	84
33.92	33
32.43	48
33.14	77
32.48	56
32.59	50
32.83	24
32.67	33
32.38	86
32.77	44
32.75	82
36.17	17
34.93	79
33.99	77
31.63	19
33.29	83
34.48	22
34.18	50
35.37	34
32.03	26
31.13	74
32.29	70
31.71	76
32.9	100
33.75	78
34.36	69
32	49
31.11	53
32.57	99
33.77	35
33.68	31
33.01	38
36.27	90
35.48	47
33.73	33
35.22	58
32.74	39
33.18	31
32.36	88
33.58	84
35.08	52
34.33	40
32.13	56
34.19	81
32.8	81
33.59	39
31.75	11
32.2	56
31.47	89
30.18	57
33.44	34
35.06	43
30.55	43
32.75	56
30.29	38
33.27	57
30.72	15
36.27	53
34.47	48
35.28	101
35.54	103
36.77	32
34.89	58
33.86	53
36.9	53
33.79	74
33.97	29
34.53	33
33.03	47
32.59	50
34.03	81
30.84	53
34.52	42
32.91	33
33.77	82
32.18	34
34.83	50
31.6	29
34.04	46
34.86	36
34.03	30
32.53	36
32	57
33.5	99
33.38	94
32.35	47
33.66	85
33.89	34
33.59	61
34.84	46
35.95	92
34.63	102
33.79	83
36.75	41
33.78	54
33.44	55
34.3	86
32.08	43
31.02	51
32	65
31.72	92
34.1	73
32.97	101
31.37	51
31.96	65
32.66	88
32.31	39
36.27	54
31.11	6
33.43	79
36.11	92
35.03	23
34.69	48
35.16	91
34.54	101
34.24	91
32.95	89
32.66	24
35.44	52
35.29	75
34.27	49
35.5	83
34.16	101
35.95	53
34.84	14
34.03	103
36.24	39
34.93	36
33.22	56
35.46	17
34.66	45
34.26	92
33.96	43
37.05	10
33.07	57
36.8	11
32.75	57
32.58	51
32.02	24
34.57	93
32.96	89
33.23	9
32.82	55
32.85	80
35.41	52
31.15	43
32.34	53
34.21	40
33.13	64
33.04	50
32.61	39
32.28	48
32.1	50
32.82	37
35.91	49
32.51	42
33.09	33
34.8	6
34.93	42
32.77	52
37	53
35.67	33
36.12	50
35.88	21
33.61	31
36.57	42
35.52	47
37	15
34.15	98
34.45	51
34.89	8
33.82	34
33.59	50
35.51	42
36.62	45
35.22	77
35.34	89
34.87	44
34.8	34
34.64	52
35	56
34.94	88
32.56	38
34.52	94
36.72	39
33.96	53
36.58	45
34.79	27
32.71	43
32.76	56
31.87	52
33.03	57
31.86	57
32.09	24
33.46	3
33.02	82
32.55	49
32.91	57
32.7	103
32.09	53
33.54	82
32.55	72
34.86	38
32.51	44
33.96	41
34.65	39
31.77	31
34.67	48
30.96	39
32.56	54
31.67	43
32.01	40
30.18	103
31.23	46
35.63	28
33.07	30
33	7
33.96	45
32.68	48
36.14	45
36.54	55
33.62	34
34.76	65
32.5	57
34.84	100
32.65	82
34.07	50
32.71	46
34.35	57
34.66	37
34.88	100
33.2	56
34.46	84
33.86	32
35.38	40
35.22	51
35.3	76
30.27	57
32.94	53
30.95	30
30.57	27
32.71	38
31.45	89
31.42	85
31.32	32
32.8	37
31.83	29
31.81	14
30.86	59
32.89	34
32.1	46
30.68	8
34.69	30
30.36	84
32.35	102
34.17	56
30.75	53
31.34	33
33.07	25
30.82	83
32.45	53
33.94	59
33.52	23
32.95	50
34.13	55
33.03	55
34.17	96
34.12	49
36.79	33
34.09	100
34.72	52
35.88	14
32.83	43
33.07	49
35.49	44
32.36	103
32.39	45
31.28	56
33.66	72
33.75	31
32.85	92
32.2	69
34.19	41
32.99	71
34.49	29
33.59	47
44.3	1
34.88	50
33.74	91
33.56	10
36.02	41
32.73	95
30.99	15
36.09	50
34.14	50
33.05	35
32.01	57
33.59	35
34.58	34
33.53	76
34.6	51
32.86	97
34.43	47
31.53	31
35.1	37
34.79	87
33.46	90
32.55	56
32.07	44
33.96	9
35.2	52
33.59	53
34.55	72
31.77	53
32.01	50
32.57	43
31.03	38
30.37	28
31.2	48
31.37	6
32.15	103
31.5	34
32.43	57
32.3	103
33.96	42
34.37	41
32.86	28
35.32	98
34.08	89
34	46
32.55	43
33.58	34
32.48	67
34.34	30
35.27	47
38.22	32
34.31	0
35.51	51
34.79	48
36.86	96
36.51	51
34.76	70
35.26	96
35.24	32
32.97	39
33.31	48
34.66	90
36.86	45
36.65	98
33.5	91
33.75	97
34.04	22
35.13	76
32.74	33
32.57	43
30.63	57
31.5	89
34.66	98
31.2	38
34.24	1
33.44	45
32.17	56
33.7	12
34.27	47
32.37	33
34	79
34.68	46
33.37	98
34.32	25
34.27	48
32.68	41
34.22	89
32.17	41
33.51	24
33	23
33.19	20
34.53	67
34.76	83
35.28	71
35.71	82
34.74	36
33.97	96
34.54	83
35.39	54
33.56	39
34.66	48
34.15	89
36.26	65
45.91	0
50.11	9
33.96	11
35.4	36
33.43	7
35.86	51
35.52	28
35.8	74
33.5	57
36.3	56
36.15	9
34.6	96
35.34	26
34.58	57
36.11	88
34.6	103
31.83	8
33.94	42
30.49	47
32.96	52
33.34	18
33.48	37
34.05	37
33.26	28
35.67	42
32.12	98
33.15	73
39.27	17
33.78	19
33.72	52
34.84	52
42.49	0
33.52	17
33.56	55
36.4	50
34.52	54
34.73	33
33.33	49
35.65	39
33.34	18
32.76	17
33.06	38
35.55	32
32.99	32
35.87	34
35.28	102
31.58	50
30.62	56
35.3	92
33.38	16
34.82	49
34.7	55
35.23	41
33.13	37
31.85	48
31.5	45
32.33	4
31.2	39
32.35	85
31.65	44
33.84	65
34.83	49
34.75	47
32.16	20
34.02	60
34.68	55
33.82	96
32.59	98
33.17	53
33.15	103
31	28
34.49	46
33.88	56
35.51	48
31.88	88
33.96	82
32.41	13
31.48	50
30.95	36
32.18	87
32.96	86
32.93	92
31.68	50
31.72	55
32.44	28
32.66	66
32.83	88
38.55	48
34.17	36
35.81	44
36	21
34.43	86
36.84	66
32.87	49
33.78	1
33.95	62
34.21	55
34.5	42
32.82	17
31.75	54
35.89	36
33.11	78
32.74	92
33.79	42
31.16	48
34.76	63
34.34	45
32.62	66
33.14	101
32.62	64
32.18	88
32.05	54
33.32	51
33.17	49
30.48	27
33.03	57
33.45	50
33.58	38
33.12	89
33.03	50
32.91	73
33.53	4
33.59	52
32.6	11
31.54	50
34.6	103
32.75	37
33.83	32
33.21	52
34.59	49
33.06	17
31.81	26
35.15	40
32.04	54
32.32	93
35.82	53
32.93	39
32.9	51
32.13	36
32.19	53
32.03	47
33.29	81
31.68	23
33.14	49
33.75	47
33	26
32.56	57
34.41	39
35.12	35
33.07	26
34.11	44
34.15	21
32	42
31.48	53
33.86	39
33.82	77
31.33	46
33.93	93
32.4	50
32	56
33.24	56
33.35	103
35.72	32
33.77	46
33.46	38
32.61	94
32.25	98
32.94	82
32.58	48
30.51	6
32.95	51
34.67	48
33.07	90
34.02	51
31.78	85
32.05	55
33.16	95
31.77	55
30.75	26
32.8	86
31.75	48
32	48
33.08	22
32.25	56
32.76	41
32.98	49
32.29	44
32.96	56
34.32	49
32.43	52
32.76	41
33.59	57
33.59	35
34.78	49
31.9	21
33.1	76
31.97	20
34.6	90
31.37	41
32.2	57
34.2	22
32.58	79
35.78	42
32.53	36
33.34	57
31.7	34
34.93	47
32.72	56
34.32	47
32.76	11
35.47	46
33.39	53
32.31	48
34.79	40
33.96	37
34.27	44
32.27	46
32.65	46
37.17	45
34.37	45
34.7	88
32.81	24
35.39	38
31.93	11
31.25	52
33.49	29
34.12	76
33.17	37
34.03	29
32.27	53
34.36	44
34.97	56
34.35	98
31.46	27
31.13	28
31.84	103
30.3	36
35.31	54
32.26	57
31.42	94
31.41	79
33.07	72
33.96	48
33.01	56
32.25	9
34.67	44
34.67	72
33.71	82
34.61	48
32.94	53
31.94	53
33.12	31
34.53	20
33.1	38
35.43	50
31.34	29
32.62	101
32.37	30
34.16	15
33.89	39
33.35	43
34.51	74
32.43	32
33.52	42
32.9	43
36.29	43
32.2	38
31.38	17
32.92	40
32.41	73
30.52	33
32.78	81
30.79	31
34.25	83
34.12	35
32.04	53
32.17	57
30.74	57
32.72	39
34.86	12
31.87	53
33.84	57
33.73	50
35.24	42
32.43	28
35.22	45
51.17	7
52.66	8
35.47	53
34.52	53
33.65	44
46.99	4
35.27	56
40.44	13
36.06	29
35.62	40
35.53	70
35.16	41
32.96	103
33.4	14
34.96	31
36.92	28
33.88	47
31.93	53
35.35	56
33.16	48
32.92	57
32.34	55
33.44	50
32.37	95
33.89	35
35.28	81
36.68	12
34	42
35.59	31
35.46	41
35.61	54
32.24	36
33.46	34
32.33	47
33.66	36
35.43	45
34.2	101
35.5	52
34.55	101
34.08	90
32.48	55
32.78	98
32.1	50
30.09	51
37.68	13
33.81	43
32	45
33.44	57
35.04	34
33.07	39
33.15	35
32.24	48
34.24	39
35.96	46
32	42
33.09	33
30.82	5
35.45	37
34.68	20
34.38	103
34.81	84
31.84	20
34.31	34
35.03	83
34.01	30
33.77	51
35.33	43
30.71	9
33.36	36
31.23	28
36.18	34
33.64	100
32.07	48
36.08	46
34.5	32
34.45	51
33.39	58
33.9	55
31.75	15
38.43	7
34.68	41
34.52	46
34.1	75
34.16	55
35.51	62
33.09	37
35.76	102
33.38	51
32.7	47
33.63	88
34.89	44
33.43	60
34.51	49
31.14	4
34.59	33
32.81	30
35.33	45
33	56
34.1	29
35.58	46
31.64	62
31.18	27
31.6	5
33.05	79
33.86	44
34.07	73
32.29	31
32.13	38
33.67	78
36.11	19
32.74	60
35.88	1
36.24	25
34.01	44
35.47	44
33.99	93
32.55	97
36.55	32
33.18	50
34.51	98
32.61	55
35.92	43
35.53	60
35.24	2
34.41	21
35.39	76
33.59	93
32.76	42
33.72	38
32.81	28
33.04	57
33.26	76
31.88	49
33.68	51
34.18	100
33.16	26
34	51
31.12	7
30.39	12
31.92	74
32.43	53
33.66	83
35.12	46
35.37	44
32.96	16
33.17	34
33.31	56
30.46	5
37.42	17
32.29	48
35.04	71
31.67	52
32.87	41
32.63	37
31.38	29
34	81
34.19	3
31.55	45
32.26	91
34.33	1
33.49	56
31.95	43
32.54	99
31.01	49
33.46	39
31.93	57
32.93	102
31.31	28
32.5	39
33.47	53
32.69	87
31.64	41
34.23	41
32.62	50
32.57	18
32.59	51
33.32	16
31.1	20
33.02	47
31.38	85
33.75	84
32.11	82
33.39	42
31.71	59
32.04	63
33.66	11
35.03	33
34.46	73
33.89	96
34.71	64
34.35	78
33.77	76
35.13	28
35	70
34.82	66
34.92	56
32.68	55
33.17	35
31.9	75
33.71	31
33.34	34
33.43	85
33.56	39
33.71	40
33.59	83
33.17	41
36.42	86
35.88	41
35.72	48
35.65	56
34.92	81
33.35	34
35.06	38
33.39	97
36.17	23
34.82	82
33.49	70
34.46	86
34.42	40
34.26	87
33.95	101
36.19	55
34.27	31
34.1	98
34.53	55
36.35	49
32.01	89
35.1	44
32.05	44
32.66	16
32.82	101
31.93	50
31.42	91
32.97	96
32.55	46
33.39	50
35.3	38
31.15	34
33.12	38
34.66	53
33.57	46
32.73	54
31.04	68
32.12	48
32.64	102
33.25	103
32.56	37
32.13	38
32.92	57
33.81	88
35.51	47
33.5	81
34.12	96
33.92	41
34.08	67
31.61	28
33.18	52
30.63	19
32.91	68
35.4	28
33.21	23
33.21	38
32.59	38
32.17	98
32.02	69
30.83	35
33.79	80
31.19	47
31.86	77
31.98	83
32.1	88
30.86	40
34.19	61
33.24	44
32.69	91
33.41	83
33.47	61
34.06	55
32.48	80
30.16	21
31.35	51
33.32	51
33.79	8
30.25	6
33.34	57
34.35	59
30.72	39
33.26	70
33.44	97
33.96	49
35.45	85
34.2	34
33.9	45
32.25	54
34.73	50
35.17	43
35.36	43
35.81	23
36.11	34
35.96	57
33.5	97
36.13	53
34.76	66
35.2	94
34.64	33
34.86	16
33	36
35.01	51
32.65	40
36.49	37
35.21	33
35.19	35
35.06	103
32.23	48
31.65	38
31.74	37
35.2	40
34.33	37
37.16	46
35.82	28
33.13	24
33.73	38
35	92
35.83	62
31.11	41
32.74	56
30.35	51
31.11	18
34.59	62
32.4	45
31.73	39
32.74	22
33.58	60
36.36	33
32.06	39
32.35	39
34.2	29
34.43	19
33.29	58
30.68	55
31.78	56
31.52	51
31.62	53
32.68	15
36.57	39
36.42	6
33.46	55
33.15	25
36.04	98
35.37	74
35.99	41
35.19	39
34.95	56
35.91	3
34.05	51
32.27	48
32.03	25
33.44	55
34	37
33.67	52
32.71	47
32.78	13
31.53	55
35.61	31
36.87	3
36.31	87
34.51	88
35.75	103
33.72	36
33.58	56
35.87	42
35.32	102
35.34	95
35.13	48
30.08	54
30.73	33
30.73	33
32.5	52
31.64	96
32.87	100
31.47	52
31.23	52
31.92	88
33.94	47
34.05	56
33.93	31
34.22	38
37.06	35
36.82	56
35.95	46
35.79	43
34	47
33.61	47
33.34	27
33.78	4
33.27	32
33.48	18
33.37	74
32.27	54
33.92	43
35.75	35
31.92	29
32.84	55
34.98	47
31.3	52
30.49	56
33.69	91
32.45	51
31.32	65
30.41	51
30.79	31
30.65	37
30.53	57
33.08	52
31.83	48
32.58	42
32.5	54
35.65	33
34.94	44
34.78	55
30.9	48
33.21	11
33.65	49
34.25	42
33.86	36
31.73	23
33.09	90
32.93	69
31.63	52
34.41	54
33.19	29
33.23	36
33.07	26
35.53	30
34.54	33
35	77
36.94	49
34.93	101
34.22	43
36.37	42
34.28	82
34.59	3
32.82	35
33.89	50
34.92	51
34.63	92
36.16	6
34.48	102
35.33	93
35.98	77
36.95	35
35.2	52
35.2	55
37.04	31
35.03	8
35.25	44
32.92	47
35.14	38
34.72	42
34.25	91
33.64	88
35.53	48
33.39	34
36.85	1
35.03	46
33.17	50
33.73	94
33.51	47
34.86	32
34.03	45
35.91	67
35.3	56
35.03	33
34.04	32
32.07	53
35.63	48
35.89	92
39.2	15
35.01	31
31.92	3
34.13	20
35.97	48
36.5	19
33.76	50
35.64	97
36.2	45
34.93	42
32.66	48
34.54	50
36.18	76
34.09	9
34.2	57
33.62	31
33.99	100
36.05	34
35.89	36
33.88	81
36.48	46
34.1	45
34.73	55
36.93	26
40.79	8
33.66	97
34.88	55
34.27	73
34.39	77
35.04	73
35.45	63
34.14	79
33.26	15
33.94	44
33.69	32
33.99	74
33.53	51
35.46	55
33.89	81
33.57	56
34.59	99
33.81	26
33.43	101
35.44	54
34.44	75
34.92	39
33.85	38
34.73	91
32	47
34.1	53
32.65	40
33.35	88
33.61	60
34.75	22
34.31	68
32.64	21
31.9	44
32.69	27
34.42	52
30.75	10
34.39	57
32.92	28
32.94	34
32.62	48
34.09	36
35.03	52
31.62	39
32.51	53
32.32	16
31.47	9
33.7	56
35.49	69
33.28	48
33.24	52
30.16	25
32	38
34.28	4
35.45	48
33.57	76
32.84	48
32.2	49
32.64	39
32.9	38
33.09	14
36.75	4
33.79	17
33.42	79
33.87	87
33.74	14
34.95	65
35.14	34
32.92	54
32.29	50
34.64	45
34.23	43
36.33	38
34.51	34
34.1	21
34.74	88
32.95	83
32.17	35
34.34	103
35.08	56
34.09	42
34.18	93
33.78	19
35.25	54
34.54	21
39.48	6
34.35	51
34.66	47
36.37	13
35.35	101
32.96	11
43.93	10
36.42	39
34.77	32
34.08	18
32.23	37
34.69	14
33.33	57
33.62	81
34.03	47
34.55	35
32.24	43
33.59	37
35.28	48
33.93	55
38.02	50
36.11	53
33.38	56
34.82	53
37	49
34.8	58
31.84	51
35.87	13
33.34	93
33.54	42
35.78	57
34.53	27
31.89	36
33.36	30
35.48	32
33.83	89
33.17	42
32.38	50
31.54	35
33.22	89
32.95	51
34.28	56
33.34	11
32.93	83
34.06	54
34.08	69
33.2	32
32.61	53
34.16	54
34.4	51
32.55	44
34.17	84
34.02	74
33	56
31.84	96
32.45	63
32.27	44
32.57	53
34.74	52
33.68	81
36.33	44
35.83	22
34.89	52
31.44	47
34.06	78
34.72	14
33.92	38
34.62	75
35.38	77
34.75	54
33.23	77
32.53	63
35.64	80
36.23	30
35.23	51
33.4	51
33.55	96
35.68	34
34.61	55
35.11	41
35.3	92
35.61	35
34.11	31
35.39	47
34.21	55
34.79	52
34.16	46
36.04	61
36.02	52
34.29	57
35.12	8
33.52	101
32.16	54
31	7
33.67	60
35.94	55
34.45	52
32.81	40
33.28	9
35.61	36
32.62	57
33.32	26
32.51	87
33.52	30
32.46	15
33.05	71
33.54	84
30.82	14
32.3	11
35.52	48
34.04	32
33.47	31
35.37	54
35.06	69
34.48	39
37.48	83
33.97	44
35.1	51
33.44	45
30.67	51
32.72	53
35.85	38
34.19	77
34.04	57
33.54	93
33.24	81
31.69	49
33.35	25
32.41	89
32.7	87
31.13	38
32.07	72
32.6	59
34	29
32.15	51
33.99	78
32.44	63
34.13	49
34.41	30
32.11	22
33.29	37
34.03	57
34.77	48
34.77	48
34.18	39
35.67	21
34.56	30
32.81	54
34.75	73
34.48	55
33.48	78
34.06	29
35.48	55
33.22	52
32.98	50
35.69	45
34.49	37
34.93	26
33.12	32
35.45	32
34.09	33
34.79	19
33.62	35
34.72	49
36.94	16
32.51	55
32.04	53
33.37	39
33.49	50
31.69	40
32.05	45
32.51	56
32.76	50
34.43	53
36.98	45
35.15	35
32.49	29
34.21	57
37.05	7
34.37	79
35.65	82
36.06	65
34.79	1
36.92	12
34.52	56
34.32	57
36.58	54
34.86	49
31.78	56
30.41	24
33.58	56
30.58	54
32.3	38
32.29	47
33.23	26
30.98	23
33.48	53
32.73	48
31.79	52
33.18	40
31.66	99
34.75	42
34.02	52
33.73	27
34.1	75
32.08	84
34.24	35
31.76	17
32.51	38
33.56	58
33.84	30
34.37	45
32.51	38
33.25	103
32.18	24
34.16	74
34.69	38
32.44	57
34.31	94
35.47	35
32.82	52
33.55	34
34.64	52
32.62	57
32.19	30
31.81	77
33.81	82
34.43	72
34.26	24
34.95	39
34.31	57
34.37	81
37.27	19
38.78	11
34.49	97
34.41	49
35.66	31
33.81	48
33.52	3
34.64	54
33.93	31
32.87	35
32.77	56
33.82	43
34.1	66
33.04	98
31.59	54
30.98	100
31.97	96
35.65	41
31.52	41
35.4	39
33.09	51
34.84	44
30.84	17
32.33	33
30.83	56
32.36	16
31.54	38
33.47	39
33.75	37
34.42	18
34.24	36
33.07	48
34.82	6
32.35	5
34.22	33
33.28	52
32.82	54
32.25	55
32.13	37
32.74	33
32.34	51
31.61	57
33.3	29
33.22	45
33.43	95
34.96	34
32.02	17
33.55	39
34.31	72
33.87	93
34.2	23
33.82	23
32.45	44
35.13	49
34.67	24
34.91	45
36.75	31
34.39	69
41.55	13
37.16	2
35.12	62
39.14	41
35.34	89
32.96	51
34.93	54
33.78	71
34.56	33
31.81	65
34.39	35
34.58	56
32.06	25
30.07	23
35.06	35
31.37	29
31.77	77
34.65	7
32.66	28
35.76	23
32.09	6
48.34	5
34.61	48
33.38	47
33.44	28
34.19	75
32.99	6
31.67	55
31.83	39
30.96	14
32.44	56
35.05	52
31.51	33
34.12	56
32.09	12
32.91	37
32.07	49
33.92	48
35.48	28
35.97	18
36.5	32
34.47	46
35.79	93
37.19	13
34.65	48
33.81	40
33.52	33
34.04	39
32.54	101
33.64	70
31.87	55
33.21	99
31.02	49
32.12	51
32.48	5
34.45	49
33.91	32
32.83	26
34.44	54
31.59	57
35.49	72
31.25	52
31.23	55
36.26	11
32.63	39
34.24	86
33.05	55
33.19	51
32.78	43
31.44	55
31.58	54
30.63	57
33.93	51
33.24	52
33.28	45
31.12	12
30.48	97
34.1	75
33.12	40
32.08	55
31.85	53
32.8	57
32.06	50
31.97	91
32.93	28
32	31
31.65	13
36.13	51
35.35	99
35.72	26
34.05	44
32.38	26
34.92	57
34.09	23
35.65	34
34.16	42
33.41	94
34.91	51
33.62	65
35.98	80
34	38
33.28	50
33.69	80
33.55	47
32.55	39
34.76	33
33.34	27
33.15	46
34.17	41
38.51	52
32.48	67
35.44	41
34.78	34
33.63	53
31.82	37
35.8	43
32.63	36
33.69	75
35.08	58
33.31	53
31.93	26
33.94	100
33.94	43
33.76	102
34.47	89
35.58	81
34.57	54
35.89	37
33.99	48
34.68	55
32.89	47
33.74	56
36.19	77
37.17	49
33.06	56
34.25	21
34.39	32
35.61	46
31.83	54
32.97	48
33.83	82
32.62	44
32.76	73
35.87	33
33.5	53
34.05	47
31.62	53
32.06	56
32.62	56
34.17	46
32.02	100
32.14	80
32.68	46
32.68	49
35.07	40
34.16	56
34.83	28
32.51	54
32.24	96
33.85	55
33.37	23
33.43	46
32.57	100
33.35	54
31.42	54
32.35	46
33.9	36
33.88	56
33.01	33
32.72	39
33.39	98
32.9	47
32.53	31
34.3	39
34.72	6
32.34	4
35.84	38
34.22	81
31.6	54
34.34	54
34.68	38
35.31	96
33.67	96
32.77	37
35.81	88
33.55	55
33.4	67
33.94	43
33.26	44
31.39	32
33.48	51
35.71	8
33.24	42
33.48	51
34.57	7
37.34	26
32.61	93
33.4	49
35.18	71
34.92	26
33.43	100
34.79	40
34	54
34.81	21
34.32	78
34.59	94
35.25	49
33.79	75
32.25	88
34.1	80
36.64	36
34.98	42
35.69	67
37.17	11
34.61	79
33.11	64
34.17	75
35.36	51
33.84	15
33.52	33
32.97	31
32.61	54
33.79	25
34.57	79
33.52	41
34.94	82
32.94	12
31.65	49
32.36	70
32.79	2
32.8	7
31.8	48
33.1	41
32.41	53
34.17	41
31.18	34
32.45	79
33.55	55
35.34	42
36.4	4
35.22	68
34.16	15
33.85	91
33.44	53
35.82	5
36.07	57
37.73	12
33.89	37
32.54	24
37.01	51
33.45	43
35.93	51
32.27	41
31.27	39
31	2
35.15	16
32.58	34
32.07	53
31.37	45
33.3	71
31.59	33
30.43	51
32.82	25
32.95	90
32.52	101
32.04	94
32.37	98
34.83	51
33.55	19
36.26	19
35.78	56
34.3	37
35.26	34
36.32	35
34.15	54
33.96	25
36.6	53
36.2	36
34.14	42
35.45	56
34.83	41
35.14	43
32.96	100
34.64	33
33.22	56
34.51	33
35.33	23
34.79	24
32.51	47
34.53	62
33.47	47
34.49	38
34.15	57
33.67	72
33.68	33
34.42	30
33.49	47
32.06	53
31.77	44
35.58	49
36.15	48
32.11	28
32.66	41
32.91	32
30.39	18
32.65	51
33.2	38
34.02	62
31.56	39
31.56	39
32.04	18
32.7	88
30.69	31
30.9	40
33.88	90
31.47	57
32.67	23
31.75	43
34.08	37
33.28	41
30.65	26
33.39	55
31.28	21
31.48	28
33.17	92
36.13	52
32.58	88
34.89	42
35.27	93
33.6	64
33.8	52
33.14	82
32.43	30
35.7	34
32.88	40
32.02	68
33.41	52
33.88	47
33.94	51
32.61	88
32.38	89
33.3	27
34.51	31
31.92	63
32.89	16
33.02	46
33	37
31.02	91
33.37	67
32.71	57
30.81	51
35.57	42
32.21	18
33.43	33
32.25	48
32.82	23
33.45	25
31.14	18
32.45	50
31.29	67
32.04	95
32.26	51
33.62	39
34.75	61
32.68	80
34.08	87
39.33	5
33.33	94
33.39	43
34.11	88
33.49	46
34.54	5
38.93	36
33.34	19
39.33	5
33.13	56
35.55	7
33.5	45
33.12	44
33.62	42
35.71	54
33.63	63
33.76	39
33.58	27
34.54	56
33.69	48
35.85	32
34.77	28
34.15	22
35.77	88
32.81	48
34.16	91
34.71	45
33.33	54
35.61	66
32.37	56
31.89	30
34.52	35
33.01	54
31.81	38
31.81	32
32.67	23
35.03	8
33.07	32
32.44	95
53.61	20
100	0
30.62	51
69.05	6
33.02	37
34.48	55
32.61	15
49.57	4
34.5	49
34.95	51
34.85	32
34.63	69
31.14	41
33.76	57
32.79	82
33.24	35
34.52	47
32.78	93
31.52	57
36.48	40
33.75	49
35.05	96
33.4	27
30.93	27
36.29	26
34.09	73
32.66	53
33.07	92
36.8	54
37.76	56
34.93	101
30.36	3
35.03	46
33.16	28
33.09	33
34.27	52
35.07	47
32.93	55
35.31	49
34.35	40
34.47	44
31.5	19
33.29	54
33.63	45
32.73	42
33.23	41
31.44	57
31.46	102
34.21	41
31.37	54
30.37	6
32.24	90
34.65	81
31.3	64
34.18	55
31.71	27
34.19	42
31.14	57
33.03	78
31.03	56
33.77	53
31.48	54
30.3	24
32.77	47
33.75	46
33.45	46
32.5	41
33.63	56
34.43	48
32.98	96
33.26	43
33.16	49
32.45	56
32.22	97
32.52	98
33.76	55
34.4	38
33.8	33
34.38	57
32.77	33
34.59	53
32.14	33
33.84	99
34.64	50
31.95	72
35.22	44
33.22	50
33.91	50
32.06	43
32.89	57
33.72	40
32.15	54
32.24	49
32.59	53
34.37	43
33.96	51
31	81
33.1	57
32.25	98
32.82	89
32.1	42
32.37	42
34.17	45
35.13	68
33.77	77
33.07	34
32.7	85
32.59	55
35.5	80
32.77	19
33.21	78
32.84	62
31.87	53
34.46	51
30.55	41
34.32	95
33.28	32
32.51	33
32.47	34
32.77	80
33.13	49
34.68	31
37.43	22
34.5	55
34.03	98
33.2	95
35.36	8
36.06	49
33.24	40
32.95	101
31.51	49
33.03	34
31.97	48
32.7	39
34.85	84
32.96	47
34.46	92
42.23	4
34.66	89
34.53	49
33.43	39
34.21	100
32.4	48
33	12
34.26	29
32.35	51
31.51	57
32.34	7
33.7	96
35.18	100
32.5	70
33.25	89
33.34	36
34.21	54
33.26	69
32.89	28
33.95	36
32.54	46
34.79	80
31.84	48
34.33	48
33.63	56
32.03	41
32.68	39
30.41	24
33.48	33
32.93	47
31.96	44
33.87	53
33.39	72
33.41	43
34.88	59
33.4	97
35.3	44
34.41	33
33.28	36
32.27	33
34.97	34
32.39	85
30.08	41
31.27	26
32.42	90
33.59	56
34.04	35
33.04	83
32.4	96
32.86	47
30.71	55
33.34	53
31.84	48
33.96	48
33.63	56
32.03	41
32.88	57
30.45	24
32.93	47
32.22	23
30.33	40
33.99	53
33.63	24
35.49	54
34.26	46
34.27	39
31.77	65
34.34	55
30.89	31
34.08	83
34.9	96
33.61	36
34.14	52
33.19	86
35.28	78
34.97	28
33.17	61
33.62	103
31.52	57
34.65	40
32.58	47
34.33	56
34.92	97
33.89	50
34.35	78
32.85	52
35.13	32
35.48	56
33.84	50
36.3	25
38.17	7
35.27	21
35.6	73
34.73	50
31.85	53
35.56	86
32.84	9
33.47	46
34.64	49
34.24	51
35.52	1
33.62	31
31.16	33
33.62	29
33.81	92
32.05	56
31.77	30
33.03	53
33.08	28
32.32	24
33.32	76
34.52	52
33.31	81
34.23	43
33.95	25
36.37	71
33.41	46
33.52	58
34.46	61
30.98	55
31.89	27
31.51	20
33.48	84
33.19	93
33.88	1
33.96	43
34.89	39
34.95	35
33.89	67
32.93	53
34.71	51
36.24	28
35.72	64
32.2	81
35.6	30
34.73	63
35.14	82
34.63	59
33.27	54
33.03	48
35.08	17
34.38	100
33.24	93
30.61	57
34.45	11
32.48	39
34.96	31
30.46	27
33.17	76
34.48	43
33.03	37
32.57	84
33.46	84
33	18
34.28	77
34.08	15
34.05	50
34.16	32
31.83	56
31.91	56
34.57	52
33.95	44
35.04	33
35.21	25
33.84	31
35.1	80
33.61	30
33.84	92
37.05	38
35.34	23
35.87	53
33.48	103
34.53	59
35.62	48
35.82	35
33.39	7
34.6	10
34.45	32
35.24	88
33.96	79
33.45	34
32.45	72
33.06	44
32.88	102
34.74	84
34.58	81
32.68	43
35.04	82
39.05	5
38	21
33.23	97
33.4	91
33.77	45
36.59	44
36.42	63
36.67	24
33.24	51
34.9	30
34.51	87
34.74	100
34.45	57
34.43	91
34.22	56
33.31	31
32.24	52
33.74	92
33.39	94
34.28	34
31.62	51
34.84	65
37.27	41
34.03	51
32.77	89
34.67	68
35.99	30
34.16	97
36.39	19
34.1	89
33.2	19
35.87	28
35.61	70
34.52	56
32.94	91
34.98	73
34.27	52
34.83	87
33.48	13
32.25	31
33.7	49
32.65	5
32.68	15
32.73	101
33.77	74
33.44	4
33.33	40
33.01	56
33.62	61
33.81	53
35.03	41
35.3	55
34.16	53
36.95	54
32.52	50
32.2	34
33.39	39
31.55	53
32.93	94
33.13	48
31.31	54
32.28	7
32.33	68
31.15	0
34.93	52
34.38	38
34.24	59
33.51	31
33.67	39
35.48	48
34.1	56
34.41	34
34.03	55
35.16	66
32.52	51
30.73	54
31.47	49
33.65	54
34.1	42
33.1	76
34.2	60
35.65	23
33.57	38
33.24	55
34.88	102
33.48	90
33.8	82
35.76	35
34.7	87
33.94	49
34.84	45
35.34	84
35.69	29
41.91	3
32.56	38
34.25	13
35.06	4
34.62	43
33.88	24
30.45	15
33.31	51
31.44	51
34.14	80
33.01	86
34.68	22
34.04	100
35.89	53
34.29	74
35.83	13
34.17	44
37	23
36.68	48
33.58	35
36.92	56
35.1	59
33.06	75
34.49	48
34.03	102
33.44	30
33.07	96
32.19	19
33.65	50
31.88	42
33.93	101
32.57	44
32.75	35
33.86	57
32.06	63
33.24	8
31.56	23
31.42	55
32.49	83
32.88	48
35.5	42
33.9	13
32.15	36
33.25	47
35.65	37
34.58	66
33.83	101
35.68	44
32.29	53
34.52	90
33.77	89
31.91	52
31.62	4
32.01	26
34.5	72
33.54	102
34.66	17
34.21	46
34.39	4
32.27	40
32.88	14
32.82	55
32.77	32
32.89	34
33.57	40
33.45	29
34.98	63
32.99	83
32.13	46
35.15	44
33.1	46
33.4	24
31.14	70
30.86	22
30.85	103
32.33	101
33.79	78
31.95	66
33.14	48
34.6	69
32.64	53
34.65	43
33.6	90
39.49	7
35.35	77
40.52	5
38.09	39
36.97	6
34.85	31
34.16	42
34.99	93
31.96	47
34.69	82
34.02	52
35.11	31
31.01	46
32.68	52
34.17	60
32.62	20
34.08	53
35.07	103
32.3	97
33.19	93
34.76	81
32.57	102
33.39	55
32.94	51
32.91	39
31.94	21
33.46	94
31.12	26
32.73	94
31.44	26
31.16	30
34.03	94
33.35	51
33.34	40
31.31	101
31.04	39
32.36	49
32.74	54
30.8	51
36.68	47
31.82	44
32.68	40
33.04	56
30.62	57
34.61	53
32.74	57
32.45	52
31.88	54
34.53	34
33.03	39
34.82	44
32.2	43
33.63	98
33.37	85
32.16	50
35.57	30
34.59	34
33.24	35
30.45	48
32.74	33
32.6	52
33.23	47
32.96	35
33.82	51
33.12	88
32.96	98
33.68	84
33.08	48
32.17	39
33.36	80
33.1	73
30.86	45
34.48	85
35.17	44
34	29
33.1	31
33.3	46
34.24	57
31.96	44
34.23	88
36.08	42
34.59	27
33.57	4
31.72	39
35.63	95
33.47	32
30.77	31
30.69	2
32.84	33
31.55	54
33.04	65
33.5	49
32.73	101
33.06	31
32.96	57
32.13	57
31.03	56
31.41	69
34.68	41
31.76	29
31.37	47
33.5	93
34.27	51
32.39	57
32.83	38
33.9	16
32.98	88
32.84	30
33.18	33
32.72	55
33.6	98
32.41	44
32.89	30
32.95	47
34.6	80
33.58	38
33.54	27
33.25	31
32.13	54
31.68	40
32.24	12
34.17	44
31.68	40
31.53	40
35.31	38
34.89	24
31.63	40
31.68	40
33.41	79
35.54	44
34.11	43
34.89	34
36.91	71
32.23	91
33.35	37
34.37	49
34.6	44
33.21	94
33.11	72
35.14	57
33.72	71
35.09	10
34.51	88
30.34	48
34.89	102
34.16	54
32.04	24
30.59	49
30.55	10
32.22	51
33.96	32
33.14	97
35.26	54
33.33	8
32.23	25
32.76	34
31.17	45
32.31	37
32.86	25
35.06	36
31.78	46
32.92	42
33.03	4
32.03	51
32.07	80
35.9	45
31.79	57
36.15	48
34.87	9
34.43	48
34.2	56
30.71	36
32.48	47
31.41	38
31.17	54
33.28	29
34.14	53
31.73	46
34.9	38
34.85	69
34.79	19
34.5	12
32.42	48
33.33	43
33.53	30
34.42	33
31.69	41
34.35	102
36.56	35
34.95	57
34.97	59
30.39	14
33.93	42
33.58	81
37.03	2
34.68	83
34.14	41
32.58	92
34.52	34
34.95	35
34.15	31
31.88	7
34.47	42
34.46	78
34.15	39
34.25	68
31.56	44
34.38	55
37.83	31
33.8	98
33.74	54
35.59	37
36.23	35
34.26	36
34.12	52
38.07	47
34.12	94
31.89	99
34.42	48
34.34	55
31.34	9
34.59	80
35.27	52
31.55	56
34.16	28
33.48	57
31.29	102
32.16	67
35.86	15
37.62	33
33.55	46
34.75	42
32.79	43
32.19	23
31.68	52
31.53	22
33.18	52
34	50
34.39	102
34.27	34
33.09	78
34.49	100
35.2	45
33.37	38
33.51	50
32.41	42
33.94	21
43.82	3
34.38	41
33.27	73
31.6	35
30.96	21
31.72	100
32.35	55
31.6	74
34.89	54
32.1	56
32.74	90
31.35	35
32.82	41
32.89	22
33.69	92
32.39	55
32.55	55
32.55	43
32.71	33
32.39	54
35.86	51
36.57	89
34.86	80
35.16	43
34.2	82
34.32	76
33.72	87
36.82	51
35.82	40
34.84	36
33.53	87
32.62	86
31.92	54
32.15	32
34.56	102
31.41	57
34.46	92
36.97	17
33.1	89
34.63	48
32.5	94
34.04	68
35.1	51
33.93	37
32.06	53
32.59	54
30.23	42
34.96	51
34.79	82
33.34	56
32.5	70
31.07	29
36.07	58
32.48	54
32.51	13
34.53	66
31.11	52
34.69	36
33.25	34
32.35	85
33.62	83
33.7	76
35.47	77
33.27	71
34.36	54
33.05	71
35.25	46
32.21	61
31.93	5
33.39	51
31.13	13
35.78	79
35.78	79
31.79	49
32.45	92
33.6	52
32.06	33
32.91	102
33.11	85
32.47	89
31.06	34
32.54	51
33.5	45
33.6	89
34.47	33
32.76	42
32.62	99
34.59	35
31.89	100
32.48	53
32.6	39
31.04	85
33.17	54
32.8	49
32.3	99
33.83	32
31.53	53
31.28	43
33.86	42
35.36	30
34.28	33
34.62	50
35.09	87
35.36	70
36.12	18
34.03	91
34.3	56
33.14	99
34.22	55
35.12	103
35.09	13
33.03	34
31.48	49
32.66	24
31.63	45
32.71	45
32.69	47
34.53	37
33.22	47
32.43	34
36.22	87
34.91	77
34.44	76
35.52	46
33.95	55
33.55	37
34.15	62
34.93	68
34.13	42
32.14	48
31.94	8
35.34	57
34.27	62
33.47	44
33.75	52
35.6	69
35.73	55
31.48	12
34.44	4
32.72	36
30.72	54
33.08	44
31.88	77
31.58	17
32.32	38
32.8	35
32.54	63
32.07	86
32.46	55
33.44	52
33.4	86
32.6	82
34.52	80
33.23	56
34.09	92
31.41	57
33.28	16
33.31	35
33.72	54
33.75	99
33.19	102
35.81	63
33.06	43
34.01	47
35.48	46
33.7	58
34.55	45
35.32	59
35.57	27
32.75	102
34.08	42
32.68	53
32.24	46
34.06	92
34.39	96
33.74	100
32.75	23
32.68	53
30.52	56
33.09	53
32.18	37
34.43	44
32.91	55
34.74	51
31.86	50
34.63	35
31.17	56
30.81	15
32.12	49
33.48	42
33.32	91
32.99	20
33.21	81
35.41	45
34.87	53
33.45	35
34.4	36
33.87	37
33.12	103
33.97	27
31.74	5
31.93	45
33.52	24
33.32	38
32.04	88
30.81	87
35.03	33
31.63	65
34.68	42
35.32	53
35.04	45
33.43	101
35.2	93
35.17	10
33.48	56
35.77	30
34.26	32
31.82	56
33.61	4
32.26	84
36.03	62
35.48	12
34.94	35
33.35	35
31.89	52
32.56	41
33.47	44
34.94	39
34.83	68
33.41	12
35.25	54
33.01	17
33.26	55
32.57	18
33.75	55
37.72	57
35.96	77
35.84	23
34.09	35
34.48	46
33.16	86
33.58	37
32.37	57
31.13	49
34.48	46
31.85	56
33.76	79
34.27	57
34.31	93
35.42	55
32.47	49
34.87	33
32.95	55
32.06	48
31.57	54
34.8	51
33.93	51
36.95	21
33.51	102
33.35	52
34.42	43
32.95	93
35.6	33
34.97	72
33.34	102
33.07	32
33.4	72
32.37	50
35.81	46
33.45	50
35.17	100
33.92	85
34.29	42
34.22	40
36.94	39
35.1	47
35.07	57
34.79	90
30.79	50
35.31	38
38.74	9
33.15	97
30.74	25
32.84	97
31.63	103
31.88	34
34.01	56
34.17	52
31.75	38
33.86	45
30.54	50
31.76	101
33.92	93
33.58	33
33.55	49
33.32	34
31.73	56
32.71	56
32.44	54
35.42	69
33.65	30
33.88	90
34.26	30
32.72	52
32.12	50
34.27	38
34.96	34
32.73	101
33.93	36
32.32	56
32.56	56
33.87	54
34.49	51
33.17	53
33.7	83
35.54	29
31.6	43
31.74	48
32.03	49
31.91	84
33.55	39
31.2	54
31.93	30
34.31	25
32.89	54
34.28	99
34.28	99
32.91	98
31.28	12
34.27	44
33.7	51
33.68	41
32.56	51
31.43	26
35.91	31
35.02	35
33.31	37
34.48	72
34.18	57
41.34	0
31.06	9
36.01	29
37.89	45
33.32	36
33.34	50
33.67	56
36.27	42
36.73	42
33.71	36
33.69	57
34.24	44
34.95	44
34.62	37
33.4	60
38.68	0
36.06	29
33.95	32
34.81	39
32.47	41
33.55	23
33.44	48
35.16	53
33.05	102
35.51	32
34.9	27
33.51	95
34.32	48
33.58	80
32.63	85
31.92	26
33.22	91
32.4	66
32.49	87
33.31	42
36	39
32.5	39
32.5	39
34.12	36
31.61	54
32.82	34
32.12	39
32.66	79
31.36	23
31.81	55
31.64	48
34.95	54
33.75	35
35.15	35
33.12	83
32.19	36
32.07	88
34.78	37
35.32	17
34.17	77
33.62	57
33.55	39
33.85	60
31.66	13
32.41	24
33.13	35
34.72	69
33.03	48
33.04	80
35.25	39
33.9	87
34.65	86
33.22	55
32.81	47
32.45	51
33.42	13
34.44	16
31.82	39
33.31	54
32.99	55
31.93	57
31.24	24
32.59	53
32.35	50
38	12
32.74	55
33.82	38
34.65	94
36.13	43
33.4	40
35.04	16
32.34	56
30.9	21
32.47	37
33.19	45
30.48	4
32.97	19
33.81	54
34.01	47
31.93	57
33.84	92
31.54	53
31	32
33.08	43
32.41	19
32.7	23
32.31	36
32.97	12
33.24	91
34.12	6
32.66	81
31.95	52
30.82	50
31.51	10
32.3	57
33.55	48
34.35	39
32.13	36
33.23	42
33.92	56
33.6	47
32.14	57
32.51	9
33.82	32
32.17	97
31.68	57
33.39	6
31.67	91
33.81	62
31.39	12
35.45	86
32.74	47
37.05	40
35.77	40
36.94	41
34.12	45
37.4	13
35.62	48
35.47	52
34.3	21
34.92	92
36.52	65
33.76	78
33.99	43
34.06	57
36.63	15
34.77	55
33.1	57
33.07	97
36.51	98
32.97	27
34.14	52
32.25	39
34.1	35
30.91	55
33.27	53
32.07	100
37.26	11
33.27	51
31.5	49
31.34	57
31.33	57
34.8	80
34.15	47
33.46	11
35.1	77
34.82	46
37.53	54
35.38	26
35.18	48
33.19	45
34.06	101
32.28	51
36.62	31
32.28	38
35.04	50
32	34
30.58	12
33.49	87
33.49	45
31.17	53
31.18	38
32.94	9
31.68	57
33.34	6
33.95	74
32.87	34
34.01	46
34.31	43
33.31	47
33.3	41
33.1	101
31.95	73
33.17	53
32.31	48
32.92	52
30.49	57
32.84	88
33.03	73
33.2	27
32.2	30
31.94	69
34.77	56
32.16	49
32.65	55
35.41	82
33.72	16
32.6	101
33.82	38
33.07	97
32.81	57
33.96	35
32.92	48
32.8	25
33.44	43
33.5	46
32.13	46
34.35	67
33.49	56
33.51	23
34.76	86
35.6	47
33.05	37
33.25	97
33.81	73
33.03	36
30.24	5
35.19	74
34.22	80
33	34
34.37	92
34.95	25
34.67	57
32.79	57
33.67	37
32.85	12
35.72	31
34.55	67
31.55	24
36.87	8
39.88	13
31.55	57
33.89	53
35.48	5
32.44	85
33.07	51
35.27	35
30.69	52
33.53	52
33.86	47
33.69	98
32.95	47
32.08	31
32.18	62
31.88	68
31.67	44
31.68	53
31.33	91
33.15	56
35.06	57
32.24	28
31.03	54
31.89	1
34.1	51
34.01	9
32.76	49
33.33	81
32.26	87
32.74	101
32.81	57
32.2	57
31.96	14
31.76	54
33.33	83
35.16	41
33.52	52
33.11	48
32.73	98
33.71	35
32.87	47
32.77	77
32.28	102
34.01	44
32.82	14
33.33	51
34.5	77
34.09	94
33.5	47
33.95	3
30.6	25
33.89	40
31.82	45
35.02	84
33.2	51
33.48	39
35.93	69
37.63	9
33.22	57
35.68	57
34.27	41
35.33	2
32.83	80
32.79	46
31.2	38
35.2	10
32.22	58
32.21	59
31.9	17
32.93	48
33.08	53
32.21	13
32.47	56
34.21	36
34.61	75
31.23	95
31.82	42
33.79	26
35.28	56
30.72	44
31.75	49
33.54	38
36.5	28
33.72	38
34.11	11
33.14	44
33.59	39
34.24	9
34.82	40
32.94	55
32.58	14
32.66	31
32.96	30
32.34	88
31.21	67
35.03	17
31.92	56
32.82	86
30.95	55
32.14	42
32.47	95
34.32	57
35.17	103
37.93	1
35.54	95
33.01	1
34.98	65
35.33	41
35	49
36.16	20
33.33	42
35.67	88
38.2	31
32.31	54
35.91	22
35.14	41
33.75	54
34.76	96
34.21	28
37.79	36
38.21	5
33.5	54
31.84	53
32.9	33
34.43	55
31.16	49
30.85	56
34.67	65
32.82	45
31.15	99
34.39	42
34.34	43
30.65	9
32.58	89
32.59	9
33.35	45
32.21	77
34.52	80
34.45	43
35.79	39
31.17	21
32.59	71
36.27	16
35	79
32.88	48
35.51	46
33.49	50
34.72	51
34.67	50
41.2	15
33.42	57
35.73	12
33.61	70
33.47	60
33.44	45
33.79	20
35.83	36
31.75	38
32.67	37
34.58	33
30.67	28
32.93	44
33.23	99
33.27	56
34.31	61
32.68	98
32.73	46
34.85	55
32.86	51
34.18	26
32.53	98
33.08	83
31.54	97
34.42	32
33.08	98
33.39	56
34.75	77
33.56	78
33.31	19
33.89	54
34.19	44
33.11	3
31.99	53
33.84	98
32.39	9
32.24	47
30.34	41
33.65	27
33.48	19
31.29	56
33.03	37
31.13	56
32.18	46
32.92	21
34.53	24
31.15	51
32.18	46
32.79	96
32.13	74
31.56	85
30.86	8
30.96	2
35.92	43
45.73	4
35.21	52
35.23	41
33.16	48
32.85	79
34.39	33
33.71	37
32.7	101
34.42	55
31.17	51
32.06	7
30.39	65
31.42	96
30.61	74
32.26	51
31.36	55
31.65	83
30.87	53
31.88	48
32.64	39
34.12	38
32.6	33
31.5	4
33.06	87
34.27	94
32.51	43
33.22	37
32.33	65
33.14	83
31.71	93
32.07	97
33.89	34
30.98	25
33.17	18
32.4	28
34.77	53
33.47	67
34.19	23
32.2	57
32.5	55
34.43	62
33.27	43
32.77	57
37.58	18
33.17	62
32.75	63
33.65	58
32.75	32
32.96	103
33.74	82
32.18	49
33.17	56
32.7	35
33.2	28
32.55	22
31.91	64
31.16	64
32.74	60
34.9	57
31.16	64
31.58	61
32.39	51
32.65	56
32.72	55
32.61	61
34.29	48
36.3	56
34.37	57
34.16	60
35	17
33.65	82
31.84	31
33.69	52
34.68	54
31.11	64
31.92	8
33.03	56
33.04	63
33.86	52
36.72	48
34	48
34	48
31.63	39
35.68	61
30.77	46
32.6	129
32.68	48
33.6	86
35.48	47
34.38	38
31.54	62
34.72	40
33.65	63
32.14	52
32.5	27
31.68	63
34.17	47
34.46	9
34.36	30
33.34	50
32.6	91
34.9	49
33.59	46
32.66	79
33.7	59
34.32	35
33.67	55
31.96	29
34.93	49
32.91	3
31.68	63
32.72	43
33.19	63
32.58	90
33.38	59
32.32	75
32.01	56
32.62	18
31.77	67
31.75	117
32.59	117
34.46	55
36.03	54
33.05	95
31	122
31.34	59
31.23	25
34.99	38
33.62	112
33.72	43
36.55	45
32.79	39
34.58	45
33.91	47
37.98	50
34.17	26
34.77	62
33.02	94
32	61
32.84	76
33.03	64
35.1	11
34.51	96
33.55	63
34.53	23
33.26	73
30.79	49
30.77	62
35.32	49
34.51	64
33.88	46
35.55	45
34.22	56
32.87	67
32.75	60
35.05	64
32.51	64
33.83	101
34.27	59
32	115
33.81	51
34.41	33
33.45	45
33.88	30
32.12	108
33.2	105
34.91	32
36.27	43
33.3	55
34.31	111
30.86	64
34.47	59
30.48	64
32.13	61
30.82	46
34.83	48
34.99	29
31.36	61
33.05	19
33.34	70
32.93	37
31.98	42
30.73	80
30.71	57
31.75	44
33.44	116
30.58	34
30.03	62
32.61	64
32.94	5
33.2	33
34.16	46
35.69	34
32.34	31
34.68	94
32.93	46
34.2	51
33.36	44
33.38	51
31.75	64
34.15	117
34.14	61
32.78	112
34.41	27
33.81	49
35.99	48
37.49	34
31.58	53
32.66	112
33.27	45
32.7	114
32.98	88
37.36	1
35.46	37
33.75	46
34.04	60
35.13	72
37.35	33
33.12	63
33.17	45
34.55	34
31.65	57
33.5	13
30.66	61
31.68	52
33.42	60
32.7	47
34.99	58
36.19	24
32.02	95
32.89	62
30.03	3
33.53	98
34.32	128
33.01	69
33.09	124
32.34	53
34.93	19
33.46	31
33.39	64
31.27	33
33.87	79
32.2	37
32.8	96
31.6	59
33.17	62
34.72	57
35.3	60
32.75	60
31.98	129
33.99	49
32.7	97
35.72	62
31.68	60
34.33	76
34.59	58
31.03	97
31.62	63
32.1	49
32.36	100
32.66	120
32.64	58
34.48	50
30.77	46
34.69	49
34.55	54
33.17	63
33.19	92
31.87	58
34.38	38
34.58	62
33.91	57
32.46	52
36.59	49
32.68	77
35.03	49
33.98	79
31.84	75
32.75	66
33.4	88
33.62	52
33.88	90
33.73	54
33.25	37
32.5	57
32.27	61
32.86	123
33.09	63
31.79	59
32.52	63
33.05	91
34.24	37
32.38	124
33.18	77
32.2	98
33.79	54
34.46	40
32.97	54
31.93	54
33.87	47
35.71	31
34.22	55
35.25	49
35.14	21
31.24	45
