sim	len_diff
34.83	216
34.41	198
33.45	220
33.93	167
33.41	221
33.93	200
33.35	216
33.43	204
34.09	176
34.55	212
34.75	147
34.32	220
35.37	190
34.49	190
35.02	181
34.54	170
35.07	196
34.94	186
32.69	203
34.64	211
34.93	171
33.43	222
33.87	217
34.17	215
35.17	180
33.94	222
34.65	211
34.22	131
33.99	84
35.32	202
33.47	102
33.13	85
33.89	102
35.12	134
33.32	212
34.3	175
33.39	171
33.27	185
33.85	189
34.85	177
33.79	196
34.39	147
33.95	201
34.22	157
34.61	189
32.91	206
34.71	150
34.75	158
32.74	200
34.81	91
35.64	171
35.18	143
34.42	29
33.91	191
35	172
35.03	171
35.2	170
35.08	149
33.3	222
32.35	200
34.39	147
33.04	179
35.05	164
35.35	166
33.32	217
34.94	126
33.83	201
32.87	222
33.89	189
33.79	198
32.59	223
34.24	147
33.37	190
35.38	168
35.38	168
35.38	168
35.14	188
33.27	31
33.38	175
34.17	101
34	181
33.66	221
34.4	176
34.09	220
34.2	220
34.95	193
32.26	217
35.45	149
35.5	154
33.75	187
35.16	195
34.96	142
34.27	197
34.22	207
35.16	223
33.83	70
33.68	137
35.11	98
35.96	167
33.66	222
35.54	197
32.81	216
35.04	144
34.77	146
34.94	170
32.85	215
35.22	117
33.07	206
33.51	185
34.41	156
34.19	183
35.64	115
34.01	198
34.42	165
33.64	205
32.76	223
34.07	222
34.87	147
34.17	155
34.04	180
34.03	177
34.03	209
35.31	150
34.01	155
36.96	124
32.54	215
34.7	164
34.84	184
33.7	224
34.21	208
33.71	85
33.37	53
33.47	169
33.78	108
33.17	209
32.93	148
33.69	210
32.5	217
33.56	199
34.54	178
33.95	213
32.71	212
31.77	218
33.47	210
34.25	171
35.57	178
33.49	208
33.39	197
32.48	215
33.98	180
35.59	165
32.25	212
34.31	219
33.19	203
34.34	129
34.72	133
35.09	167
35.18	170
35.06	212
34.5	155
32.34	224
33.88	140
33.45	200
34.87	130
34.14	190
34.08	167
34.69	182
34.25	208
35.08	175
35.06	212
33.66	85
34.72	164
33.3	180
34.6	180
33.08	207
35.09	184
33.41	219
34.27	132
34.22	209
32.75	196
34.83	160
33.29	216
34.84	145
34.63	175
34.44	214
34.29	218
34.34	129
33.95	200
34.6	203
34.56	191
32.41	204
33.63	351
32.83	201
34.03	137
35.93	106
35.13	186
34.73	178
32.92	211
37.7	134
33.12	31
35.07	213
35.24	200
34.85	194
35.37	144
34.54	149
33.32	204
34.62	201
34.08	156
35.93	177
34.52	151
34.37	160
33.44	201
34.45	216
33.24	99
33.25	170
32.85	223
33.38	216
34.91	192
32.83	221
34.07	195
34.31	143
33.9	380
33.33	169
36.52	70
32.88	218
34.33	206
33.78	174
32.71	217
34.23	202
34.14	167
33.92	113
34.08	191
32.83	211
34.8	191
32.11	196
33.74	146
32.85	217
31.27	219
33.06	182
33.22	215
33.27	192
33.08	216
33.31	209
33.47	213
33.09	202
35.27	183
34.72	181
33.43	160
34.06	221
34.33	133
31.69	223
33.32	215
33.13	205
34.57	124
34.02	184
32.88	208
33.59	224
32.85	217
35.75	116
33.2	77
34.33	173
33.24	224
34.43	171
35.48	171
32.56	209
32.02	214
34.58	139
35.96	167
33.55	222
34.43	253
32.85	41
35.05	102
33.1	193
33.55	212
34.27	198
33.66	168
33.12	220
34.7	206
33.49	180
33.57	188
34.28	175
35.04	186
33.95	184
33.93	108
34.54	170
35.52	152
36.14	142
34.82	135
32.89	216
34.97	190
34.2	207
34.66	237
33.82	188
33.18	212
34.36	73
33.39	217
33.05	214
33.91	156
33.3	204
35.28	172
33.34	181
34.46	212
33.88	190
35.37	179
33.8	188
33.02	222
33.54	122
33.86	63
34.13	176
33.54	188
34.31	187
33.75	180
34.44	210
34.21	223
32.83	173
32.98	199
33.28	219
33.8	215
34.68	358
34.18	174
34.92	214
33.4	129
35.11	207
35.92	124
33.26	155
35.74	97
35.95	144
32.84	221
33.48	184
33.88	223
32.45	220
33.95	213
34.51	218
34.94	138
35.17	151
34.34	156
34.41	209
35.04	142
33.58	220
35.04	150
34.42	213
33.58	161
32.44	166
34.73	205
35.05	159
34.99	195
34.48	171
33.35	212
35.64	78
34.69	172
34.43	173
57.08	7
32.37	182
34.26	151
34.5	192
40.28	9
33.36	43
34.25	179
33.86	99
34.93	138
33.8	196
34.51	196
34.21	181
43.65	8
35.47	180
35.75	149
34.83	98
35.08	186
34.7	171
34.73	190
60.13	3
33.5	185
34.78	163
33.31	181
32.41	65
34.06	155
33.95	156
34.88	154
34.48	111
34.06	142
34.4	147
54	1
35.14	154
33.7	133
34.76	195
34.56	179
33.23	191
34.9	113
34.1	176
34.17	186
34.86	197
35.6	155
35.77	183
35.84	189
37.76	51
34.3	53
36.78	137
34.92	111
35.79	182
73.2	1
42.43	17
55.4	6
35.18	155
35.17	198
36.26	132
36.34	184
35.33	192
36.95	180
37.15	166
39.24	9
33.97	137
33.71	165
33.7	191
34.05	177
33.87	185
34.21	242
57.66	0
34.18	87
34.65	132
34.86	161
35.34	146
36.27	118
34.35	97
34.35	97
51.57	2
33.69	193
33.94	36
34.32	129
34.49	192
34.1	158
33.97	196
34.29	194
34.7	188
35.2	190
34.78	115
33.83	33
38.92	119
35.41	174
35.72	182
56.29	3
35.7	193
36.04	131
35.22	178
36.39	93
35.18	194
35.67	181
35.76	133
36.74	181
36.82	154
58.49	2
36.18	184
34.12	186
58.37	0
35.64	132
35.08	192
35.5	112
34.52	194
35.07	114
34.73	196
33.35	171
36.63	167
35.46	195
34.87	190
62.77	2
36.7	148
36.34	103
35.07	189
34.84	180
35.01	192
36.14	162
34.06	197
35.41	173
34.5	199
34.45	195
33.3	81
33.96	162
34.25	190
33.99	220
40.17	26
62.05	5
33.94	175
53.95	8
34.49	177
34.13	164
35.1	187
34.52	111
33.4	189
33.89	177
33.32	193
32.6	62
35.69	94
36.34	242
35.81	137
33.65	192
36	156
36.18	185
41.11	30
34.03	171
57.6	4
35.13	80
35.46	155
38.51	126
32.14	196
34.6	146
34.44	182
34.04	172
34.53	186
34.93	117
57.27	6
34.58	180
35.72	196
35.75	145
36.87	129
34.4	124
35.58	188
34.76	180
35.05	194
34.77	191
35.08	175
56.91	3
35.8	216
35.22	114
34.84	183
33.93	199
34.25	195
57.82	2
36.06	142
34.83	168
34.64	161
34.68	167
34.09	196
32.45	195
32.61	61
33.69	187
53.9	3
34.6	170
34.72	129
33.35	160
34.39	119
37.87	127
36.47	182
36.58	152
36.51	160
34.21	194
34.42	183
34.75	168
43.43	16
35.49	161
36.32	174
34.37	182
33.89	180
34.52	157
35.88	163
34.89	199
35.5	149
36	69
35.01	189
31.63	0
35.83	149
36.52	151
35.23	163
40.93	25
34.59	137
35.71	189
34.87	132
58.38	7
34.44	129
35.19	160
35.66	193
35.03	163
35.6	178
36.72	170
34.68	186
35.17	177
35.24	190
35.98	163
35.58	156
36.05	120
34.41	34
61.34	4
34.34	180
35.78	103
35.22	124
35.4	164
34.07	165
35.44	164
34.16	170
35.12	148
34.63	121
41.98	19
36	182
35.96	170
34.86	189
56.4	21
35.28	144
41.87	6
35.38	184
35.55	76
35.94	152
35.56	198
35.94	100
35.36	190
34.82	132
34.74	162
36.28	156
34.73	175
63.24	1
35.13	179
34.55	198
35.92	169
34.63	159
34.2	170
35.64	196
56.85	0
35.91	168
35.56	168
35.78	168
42.11	26
33.75	176
35.35	199
32.95	192
59.44	2
35.88	97
33.92	192
35.89	122
34.34	172
33.87	185
36.3	125
34.5	144
33.17	199
35.67	116
35.39	149
34.09	193
37.22	135
33.45	160
33.12	176
34.99	100
33.51	171
33.59	114
60.91	2
39.13	54
35.58	112
34.6	171
35.66	156
34.89	195
34.37	195
36.06	194
36.29	100
34.77	182
58.07	9
35.08	184
36.17	145
35.84	137
35.66	192
42.3	11
35.72	198
56.89	1
36.38	143
35.03	104
35.58	175
36.62	166
35.06	109
36.81	172
35.1	189
35.37	199
36.03	183
39	100
57.43	1
35.72	177
36.21	147
33.67	151
34.87	175
34.31	194
34.81	168
34.23	74
33.62	196
34.92	106
34.65	136
34.56	263
57.3	4
34.01	176
34.85	185
34.3	198
61.38	1
34.89	140
34.07	171
35.66	167
34.99	122
35.17	240
34.92	171
32.76	166
33.48	196
33.27	170
32.92	256
32.36	162
32.55	187
34.9	174
35.45	131
32.91	225
34.52	165
35.71	102
34.87	168
34.52	167
34.7	65
34.35	196
35.69	157
41.91	23
60.32	4
35.65	158
37.14	196
41.96	24
34.83	175
55.44	4
34.83	175
34.83	175
34.83	175
37.45	102
34.83	175
35.73	193
35.78	194
34.58	191
34.44	205
34.5	163
35.97	118
35.26	160
33.09	159
33.18	152
34.15	144
32.83	102
32.83	192
34.19	162
35.07	114
36.28	134
35.43	144
33.33	178
33.06	158
33.95	196
35.12	156
34.28	153
35.2	102
34.8	183
34.16	157
34.38	162
33.5	174
34.58	135
33.81	165
34.67	195
34.48	108
40.78	12
34.49	165
36	52
36.08	168
55.34	6
35.91	121
38.98	116
35.61	151
35.96	144
35.55	312
36.35	161
35.02	93
33.88	188
59.44	39
33.04	38
30.88	29
34.61	183
35.74	198
32.93	199
32.47	72
35.18	180
32.92	185
34.15	160
35.18	172
33.41	179
35.38	101
35	166
35.11	109
35.42	59
40.2	11
34.66	195
73.41	3
35.62	109
34.07	188
34.34	196
41.12	18
33.37	56
57.96	11
35.04	152
47.49	32
36.9	147
34.13	40
34.37	190
35.84	179
34.3	193
34.89	184
55.5	2
34.96	177
35.58	120
33.56	54
35.57	341
34.89	186
34.26	197
33.65	170
37.45	147
32.92	63
33.89	186
34.67	265
33.08	100
34.94	117
34.3	159
34.91	121
34.87	160
34.45	129
36.45	138
42.04	12
34.35	199
40.04	26
33.94	74
35.37	133
34.76	155
35.46	182
37.59	111
36.84	155
64.08	10
36.83	147
36.18	184
36.22	174
37.12	173
35.36	186
36.37	141
35.82	176
34.27	190
34.84	181
35.49	167
36.17	131
34.31	181
35.86	171
61.45	5
35.89	151
34.73	199
35.17	125
35.02	192
34.08	187
56.16	0
33.13	199
33.08	197
34.07	187
33.47	50
34.46	194
33.97	178
35.12	88
34.71	161
35.22	196
34.69	184
54.47	2
35.18	192
36.01	152
35.06	197
35.57	178
35.52	135
35.26	143
35.36	170
35.76	196
35.14	90
36.05	171
35.87	173
57.23	4
35.05	181
35.58	137
35.66	202
35.34	196
34.76	196
35.78	159
35.73	182
35.99	116
36	144
35.04	156
70.87	1
36.09	119
34.03	158
35.2	195
35.2	166
35.53	164
35.51	87
35.8	179
35.14	193
35.2	196
36.23	190
35.07	116
34.99	199
57.54	0
34.14	185
63.33	2
35.01	142
35.19	185
35.6	130
35.3	149
34.47	157
40.51	29
35.24	174
35.64	122
34.97	179
34.97	193
35.59	188
35.26	109
59.62	1
36.25	165
36.01	103
35.08	182
35.2	132
36.24	152
35.3	194
34.79	194
60.18	1
35.27	132
34.82	199
35.1	49
40.06	138
35.88	180
35.81	164
35.81	192
35.44	192
35.31	164
35.5	182
59.05	1
35.03	103
36.25	180
34.25	186
34.58	183
34.02	187
35.33	142
34.24	193
35.54	143
34.58	99
34.86	193
35.14	284
58.3	2
35.13	168
34.27	45
35.49	148
34.19	195
34.49	152
36.47	178
34.39	146
41.05	9
33.85	191
34.25	163
35.04	115
34.97	88
33.94	31
61.2	4
34.37	98
33.96	147
33.68	199
60.27	2
35.3	166
34.38	182
34.28	178
33.86	123
34.14	74
34.86	81
36.33	123
35.24	177
36.21	141
35.36	193
35.97	160
34.48	171
35.3	185
34.33	184
57.6	10
40	57
60.5	1
35.42	169
35.62	149
34.44	138
35.42	144
41.83	21
40.33	137
34.71	184
34.78	161
35.73	260
33.82	179
57.25	2
39.38	127
31.64	4
34.38	181
33.51	193
34.62	196
33.74	88
35.21	142
34.77	167
34.6	198
35.76	136
39.68	131
35.81	146
34.85	174
59.12	2
34.44	83
34.28	187
35.12	84
35.16	170
64.3	9
34.41	172
35.39	176
34.84	157
33.38	196
33.04	8
33.69	119
35.06	119
35.04	166
35.93	187
35.28	190
34.95	147
34.02	198
35.1	157
38.99	129
35.87	123
35.2	269
58.18	5
34.56	143
33.96	186
35.83	197
34.67	151
64.42	5
35.08	99
35.43	119
33.58	192
35.08	190
35.33	182
41.36	30
34.99	137
34.26	44
60.2	11
36.09	175
34.58	199
34.89	167
35.87	186
42.46	16
34.86	197
42.25	27
36.05	101
34.37	179
34.56	161
34.14	160
34.6	194
55.19	2
33.59	187
32.97	189
34.12	130
38.87	126
34.47	170
34.43	67
34.07	130
33.64	41
41.79	15
34.02	189
33.9	181
33.55	195
33.53	161
58.42	1
34.62	137
34.63	175
35.25	192
34.64	148
34.64	148
34.32	179
39.08	127
34.22	92
56.65	1
34.68	122
32.88	198
34.7	188
35.2	177
35.07	173
34.7	172
35.69	85
34.58	169
34.75	178
57.87	1
34.63	188
34.86	148
33.92	166
33.49	195
34.33	153
33.39	198
31.53	15
34.81	198
34.13	194
35.25	96
34.74	192
34.88	127
35.75	182
36.16	175
34.01	83
36.25	162
34.12	191
35.77	143
36.14	174
34.78	179
55.08	7
41.34	4
35.91	128
42.77	10
57.78	1
33.38	177
35.74	190
36.13	142
34.24	199
36.17	142
35.04	199
34.64	197
38.59	36
34.65	109
32.46	188
33.98	207
34.93	106
33.75	87
35.05	112
33.91	180
62.78	5
34.81	138
34.52	194
35.43	111
34.01	66
33.76	26
30.87	4
34.24	156
59.42	3
34.48	195
34.54	191
34.45	188
36.17	158
35.18	195
35.52	190
34.83	182
64.92	10
34.36	155
34.97	199
35.42	120
37.07	162
36.29	171
34.5	192
33.29	194
34	168
35.58	218
33.34	193
35.07	186
34.21	145
53.11	10
34.02	194
35.54	183
34.48	117
58.35	2
34.33	162
35.45	125
35.91	144
34.96	172
33.79	191
33.74	186
34.82	179
38.44	133
33.78	188
35.75	197
33.48	195
35.12	186
63.65	1
34.43	199
39.64	57
34.89	187
35.02	108
34.75	196
35.06	185
35.24	148
35.6	180
35.32	196
36.66	89
35.3	195
34.71	171
36.18	177
36.39	161
57.84	3
34.5	191
35.78	149
64.77	6
35.79	164
34.65	165
35.1	166
34.78	172
33.24	172
34.02	197
35.62	337
34.45	188
33.82	164
34.86	178
53.52	15
34.6	185
35.45	143
34.14	198
34.26	151
35.2	93
35.89	186
54.18	12
33.52	187
35.04	167
34.72	190
34.58	189
34.91	46
34.92	121
35.04	190
34.72	251
40.76	53
35.47	149
35.18	171
33.55	81
35.24	94
33.43	171
35.55	172
33.83	183
61.04	2
35.31	124
35.33	254
35.08	194
34.43	196
36.14	164
36.12	151
36.27	125
57.26	13
36.5	161
35	163
34.97	128
35.77	170
35.38	175
34.96	155
34.83	188
35.19	190
35.03	196
35.86	180
34.99	174
35.2	190
35.05	189
34.24	183
34.41	191
34.4	138
34.81	191
36.54	185
41.81	21
35.39	176
34.47	91
36.21	160
34.14	170
35.23	131
40.49	2
35.22	176
35.29	165
33.35	192
35.45	120
35.18	175
35.08	148
34.09	186
60.57	1
34.41	164
40.14	7
35.07	181
35.32	142
63.36	8
34.81	121
34.24	192
34.51	117
34.93	170
35.69	147
33.73	191
36.06	135
34.37	167
34.16	184
34.14	161
34.62	156
34.94	184
34.79	188
68.5	5
34.75	128
41.93	30
34.92	193
34.79	191
35.61	154
35.83	185
36.04	175
58.51	3
34.92	195
35.22	195
35.41	194
38.77	120
35.65	185
33.95	179
34.75	158
37.57	119
35.37	158
35.3	158
35.19	91
34.98	112
33.9	165
57.53	3
36.25	116
57.34	1
35.17	181
38.98	133
35.37	176
35.14	142
34.96	164
35.02	164
33.46	191
34.18	140
34.68	177
34.96	137
35.03	122
35.37	194
33.97	191
35.64	173
33	197
35.87	153
36.12	181
34.64	198
35.29	195
34.97	158
34.8	81
35.44	152
34.94	95
34.76	165
32.72	49
33.84	184
59.8	3
35.85	152
35.29	158
34.69	101
34.63	134
35.66	155
33.41	140
34.43	168
33.71	178
53.54	16
34	132
37.83	126
34	139
34.67	183
34.06	148
34.15	187
57	1
34.29	195
35.56	134
34.71	198
33.6	39
37.86	132
36.04	191
38.77	89
57.1	10
34.98	184
35.53	143
35.01	190
35.72	189
36.27	148
34.41	197
34.53	181
34.16	191
34.38	194
58.29	10
34.75	194
36.14	168
35.13	126
35.84	160
35.85	163
35.45	156
35.94	198
34.32	90
35.16	167
34.53	184
34.12	183
34.25	197
36.29	160
34.91	155
36.53	79
55.64	24
35.97	145
36.62	101
34.39	182
36.3	133
35.87	60
39.87	144
35.73	155
55.03	0
34.64	147
36.04	120
35.87	120
33.83	174
34.65	194
34.58	151
34.45	102
35.61	193
34.55	195
34.46	113
35.9	178
55.06	19
34.72	168
33.82	143
33.54	62
34.33	176
33.69	180
52.97	20
33.6	83
35.73	136
34.41	176
34.4	151
35.91	132
33.94	75
35.68	170
35.96	127
35.3	101
35.43	182
65.66	4
31.77	12
35.1	172
36.31	160
35.33	171
33.72	188
35.28	135
34.12	189
33.28	132
63.51	3
34.29	176
34.64	124
33.36	160
32.87	187
33.93	144
34.26	135
35.39	189
34.75	123
35.58	154
33.43	193
35.06	193
35.42	128
35.05	174
52.64	8
34.04	154
33.64	169
33.51	178
33.81	356
33.43	164
34.96	139
34.51	183
34.37	72
31.44	22
34.25	116
33.35	176
33.79	192
34.84	98
34.11	198
35.18	143
35.02	178
36.58	132
35.62	150
65.19	6
34.49	183
35.32	193
35.48	181
36.62	136
63.66	21
37.77	107
35.2	347
36.48	132
36.59	157
34.29	178
35.54	194
36.06	160
41.56	21
35.1	197
35.59	144
64.47	3
34.7	126
34.95	176
34.85	182
35.22	134
35.6	177
35.01	150
34.94	191
33.87	171
32.99	197
57.9	6
34.47	188
35.17	123
34.43	145
36.14	121
34.18	181
35.22	147
55.25	1
34.78	193
35.54	181
36.53	95
33.95	197
34.98	121
35.26	150
33.72	154
34.23	156
35.19	173
34.6	99
60.88	0
34.55	180
32.52	37
33.53	132
32.99	191
34.78	167
36.03	125
34.08	27
35.16	190
35.72	165
35.94	154
35.63	193
37.16	151
56.29	1
35.87	182
36.23	169
35.74	166
34.86	184
35.78	190
34.4	193
34.77	163
34.86	160
33.85	193
34	188
34.72	189
34.02	129
33.7	131
33.5	190
35.33	135
36.78	147
35.34	178
35.07	193
35.4	197
57.38	4
35.42	172
34.9	192
36.05	163
34.85	198
35.44	193
34.59	159
34.75	288
35.34	173
55.75	1
33.91	179
33.43	161
35.04	196
34.09	166
34.67	96
34.27	177
35.58	132
57.41	2
35.06	118
35	194
35.38	192
36.18	76
38.3	138
35.67	172
34.61	169
35.62	170
34.25	156
64.71	3
35.04	193
35.67	184
35.85	159
34.81	197
41.39	21
34.63	156
35.66	134
36.24	123
34.27	162
34.24	167
34.67	156
34.86	167
34.33	192
33.28	190
55.71	1
33.02	164
34.07	189
33.29	192
33.69	195
34.04	173
34.83	115
34.74	157
34.15	127
34.29	190
32.47	29
34.78	67
58.38	2
34.64	125
39.96	19
38.77	70
51.87	4
33.32	167
35.74	160
34.58	199
33.8	171
34.43	121
36.18	93
33.46	160
35.57	107
35.61	176
35.57	163
36.39	121
35.28	72
37.22	176
36.05	149
35.94	165
39.17	94
58.79	4
36.82	94
36.23	99
35.89	97
34.71	197
34.89	38
58.32	0
34.63	196
35.26	160
44.09	31
35.72	191
36.7	164
34.71	193
35.38	197
35.89	193
36.47	126
34.77	169
36.4	107
39.34	108
36.03	142
34.74	199
38.72	174
35	127
57.92	4
35.28	183
35.72	155
35.34	124
36.28	167
35.75	181
36.29	152
42.5	81
35.01	199
35.81	174
34.26	192
36.04	182
35.51	144
34.45	190
36.47	133
35.22	143
34.49	175
58.6	9
37.41	172
36.75	170
35.7	168
36.03	127
36.26	187
44.76	40
34.19	189
35.76	193
34.95	188
55.94	6
35.35	174
34.43	175
35.32	195
36.54	108
34.68	161
36.25	107
35.12	194
35.26	52
34.73	195
57.51	2
34.88	192
35.35	173
35.14	134
34.92	188
35.56	130
55.32	19
35.47	174
34.62	181
34.71	193
34.16	124
35.31	193
35.32	125
35.45	170
34.5	186
35.19	157
35.34	173
35.14	185
55.86	12
34.89	199
35.72	188
34.84	159
34.41	170
35.2	139
33.96	189
32.19	15
35.23	186
33.86	187
35.22	149
35.07	103
34.78	108
35.28	132
33.56	192
35.05	185
34.06	129
34.07	199
34.76	96
56.21	6
34.22	188
34.75	138
35.47	96
34.54	157
59.26	0
35.39	173
34.51	166
35.77	165
34.27	192
35.71	108
34.76	241
35.01	148
39.32	133
36.4	151
35.3	154
36.02	117
35.35	167
35.64	189
35.35	185
59.89	2
35.5	191
34.41	183
35.59	196
35.77	180
35.95	125
56.52	0
35.89	105
34.56	193
35.02	192
36.31	112
35.2	110
39.5	125
35.67	147
34.99	161
35.95	194
35.37	156
35.36	188
34.67	191
36.81	106
35.34	154
35.15	159
58.59	3
41.69	3
36.43	199
54.16	2
35.03	186
36.97	173
37.2	134
36.43	130
37.22	192
35.47	174
35.46	189
35.89	170
60.29	0
36.19	99
34.88	144
34.51	167
41.84	26
34.14	228
35.46	199
39.9	134
35.93	193
34.7	161
35.83	149
34.64	65
35.74	198
35.6	155
35.39	199
39	143
35.68	197
58.15	4
35.64	182
36.02	124
35.88	148
34.3	156
35.16	184
42.15	54
35.08	153
32.76	53
34.43	178
34.95	40
56.71	2
38.15	152
35.46	99
36.6	125
35.04	198
35.91	81
43.44	3
34.84	190
35.37	186
35.21	198
59.9	4
34.52	185
33.24	195
56.3	15
35.13	199
35.49	158
34.39	166
35.11	189
34.94	190
41.43	3
35.15	165
34.44	197
35.5	194
36.3	154
36.11	126
55.69	14
37.59	173
36.62	176
36.81	120
38.64	125
35.19	148
35.23	180
34.42	199
34.44	192
35.52	141
35.5	190
35.79	117
34.59	190
36.18	147
35.78	129
34.71	140
57.54	1
34.91	176
34.62	184
34.68	195
35.67	136
35.58	188
35	196
36.45	156
35.69	192
35.05	199
35.22	199
36.49	167
42.78	14
37.33	143
34.65	191
35.28	181
35.7	151
35.39	191
58.09	0
35.29	191
36.11	143
33.88	58
57.73	2
35	171
35.35	195
35.39	170
33.76	199
35.25	114
34.02	195
35.25	135
33.61	199
35.36	166
55.08	5
35.2	196
36.59	143
35.52	195
41.7	27
36.03	146
36.41	116
35.91	181
34	172
35.48	169
35.44	146
35.14	151
35.7	192
35.13	190
35.06	132
34.44	165
34.31	194
34.31	194
35.67	184
33.93	186
34.96	163
35.28	160
35.16	137
35.06	88
34.58	145
35.56	138
38.86	51
35.35	120
34.72	167
34.08	61
36.78	171
61.83	1
35.76	157
33.37	194
34.7	194
35.5	178
32.99	18
35.28	145
35.37	182
36.67	142
35.15	163
35.23	143
34.96	196
58.2	0
35.17	194
35.56	186
35.34	136
35.15	185
35.31	185
34.88	212
34.46	196
34.34	193
33.84	184
35.33	102
33.58	197
63.62	3
35.99	136
35.38	178
35.74	148
34.27	198
35.48	178
35.24	150
34.79	165
35.06	176
33.85	197
34.44	174
59.72	1
34.17	69
35.86	131
35.83	151
35.98	177
35.98	196
35.31	75
34.06	173
35.12	177
35.93	151
35.75	161
35.14	196
56.58	4
34.67	102
34.37	71
34.9	193
34.05	197
33.89	166
58.64	1
36.05	150
33.65	101
33.65	182
35.67	196
35.74	199
35.5	191
34.24	171
36.13	181
61.16	5
34.12	179
34.24	195
33.82	197
35.09	177
35.12	161
35.57	138
36.38	114
31.38	9
35.05	196
35.05	118
65.32	35
35.77	178
36.51	121
35.06	174
34.65	181
34.47	77
35.12	174
35.9	113
34.52	150
34.4	193
35.02	117
57.03	2
34.56	179
35.13	161
34.16	173
35.43	177
36.09	182
34.69	153
35.93	178
36.07	202
34.29	187
34.98	167
35.2	188
34.9	181
65.97	2
35.05	115
35.37	185
57.9	4
35.12	106
34.78	115
36.22	140
34.19	198
35.28	94
34.06	195
34.41	163
38.03	124
33.85	168
33.51	189
34.09	91
53.93	18
34.54	157
34.77	164
32.47	43
35.72	138
34.13	194
34.9	181
33.54	198
33.72	199
34.93	195
35.18	191
34.48	196
34.9	152
35.82	150
61.1	2
34.56	191
34.71	180
34.51	199
34.93	186
35.04	167
59.25	3
34.67	61
35.01	117
42.17	8
35.08	177
34.13	173
36.2	164
33.8	199
34.91	167
34.31	169
35.77	121
34.39	195
34	172
34.96	180
35.97	149
59.24	1
35.1	188
36.25	199
35.14	172
35.79	126
35.46	184
35.61	167
61.59	32
35.43	172
35.85	133
35.08	179
34.49	113
60.12	1
33.89	187
34.89	196
35.1	193
39.13	140
34.49	144
35.95	72
34.6	219
35.04	136
36.15	153
35.27	182
35.5	151
34.73	140
74.37	2
37.17	116
35.37	188
35.93	187
34.05	191
34.76	196
34.84	178
58.34	2
34.75	190
34.29	109
35.59	124
33.49	57
35.13	108
32.33	47
32.95	98
35.37	121
35.67	171
36.23	81
32.73	18
35.92	160
35.51	175
62.64	6
43.17	31
35.06	197
35.25	149
35.72	166
34.08	182
59.61	1
33.38	46
35.7	157
33.76	84
33.72	136
35.25	158
34.74	165
39.27	130
33.86	199
34.57	149
54.94	12
35.95	146
35.86	69
36.21	249
35.38	193
35.44	155
35.1	192
35.31	68
33.96	193
34.66	109
33.67	171
35.5	131
57.6	1
35.06	156
35.24	140
33.93	188
34.7	175
34.45	184
34.7	135
34.97	126
34.97	189
34.46	195
34.41	127
55.26	9
36.35	175
34.88	185
33.84	130
33.38	194
35.21	187
35.14	165
33.67	187
35.68	178
34.37	172
36.05	132
34.58	177
35.52	165
34.34	162
34.9	143
62.47	3
34.53	196
35.91	156
34.53	196
34.79	193
34.53	196
34.36	196
62.48	2
34.07	142
34.9	74
35.5	173
40.2	32
35.24	185
35.03	188
34.89	181
35.1	138
34.84	196
34.83	162
34.3	29
35.64	120
35.38	169
34.73	64
34.84	196
33.66	192
35.22	167
43.28	10
35.87	196
34.46	183
34.79	135
35	179
36.73	86
35.23	160
34.8	174
35.35	192
35.44	133
36.1	148
35.05	194
36.2	196
35.5	158
58.53	4
39.06	93
41.74	2
34.1	179
35.3	177
34.35	197
35	189
34.41	147
35.02	197
35.93	197
35.94	135
35.07	126
33.66	164
33.07	148
34.56	155
33.98	169
34.56	172
35.48	163
52.82	11
35.02	183
34.03	166
34.59	158
61.96	6
33.91	197
35.03	166
35.51	158
34.26	179
40.81	2
33.97	193
34.32	195
34.41	155
41.15	37
34.24	160
35.7	169
34.46	132
34.39	109
33.83	71
35.61	358
33.82	123
61.91	5
34.9	181
34.18	199
34.79	151
66.39	2
36.56	138
35.24	198
35.26	89
35.79	181
35.82	186
35.31	193
34.95	163
35.43	152
34.97	169
34.83	176
34.41	198
35.49	163
35.95	147
35.51	167
35.18	145
35.75	184
36.54	138
34.29	199
37.08	129
34.68	193
42.52	3
36.27	169
36.18	142
36.64	174
53.03	6
36.49	100
35.37	185
36.82	139
34.59	166
35.93	169
34.2	153
63.84	1
34.7	176
35.5	166
35.44	136
33.63	188
34.24	188
33.85	199
34.64	185
35.01	183
35.82	169
37.34	143
36.56	176
36.21	124
34.18	181
54.45	1
34.51	198
35.25	128
53.39	0
34.51	91
34.82	169
34.96	142
34.88	189
34.33	185
33.5	198
33.47	157
34.78	113
32.43	48
57.17	15
36.16	121
35.52	119
33.91	197
35.84	92
35.15	197
36.36	173
35.24	174
35.83	194
35.45	53
33.74	145
57.44	5
34.39	171
35.45	157
34.56	193
34.79	171
34.45	165
34.37	161
33.78	187
34.99	183
34.6	120
33.81	78
35.52	126
32.38	12
34.43	180
35.1	184
39.41	30
33.33	79
34.79	131
33.05	85
35.31	182
35.74	157
35.5	330
36.55	138
35.37	175
56.89	1
35.58	190
37.28	102
36.68	163
35.14	171
56.62	1
39.09	114
35.33	119
36.41	134
36.43	131
34.5	153
34.52	191
34.94	195
34.87	192
34.97	187
36.21	142
35.12	198
40.56	15
55.48	7
35.43	144
33.79	39
34.75	183
34.44	198
35.35	190
35.52	113
33.94	88
34.44	144
33.91	196
34.72	331
34.54	183
34.57	113
33.72	70
67.24	0
35.47	134
38.35	94
33.27	12
38.78	4
34.04	159
34.1	105
34.37	154
34.05	151
34.74	310
34.2	176
35.49	134
34.55	142
32.48	35
35.07	139
34.68	179
34.33	126
55.95	0
33.63	40
34.1	180
33.7	164
35.24	182
34.04	184
35.07	197
35.79	75
33.5	190
35.2	189
34.59	166
34.55	199
34.24	195
56.54	14
34.05	158
34.82	107
50.85	0
34.75	98
40.4	10
34.83	176
34.7	158
33.97	187
36.25	123
33.99	179
35.07	197
32.72	62
35	189
35.42	102
35.15	110
34.15	168
34.74	189
41.52	26
34.94	191
34.66	114
34.12	199
51.17	10
34.11	187
35.37	193
35.14	123
34.78	143
35.35	136
36.25	94
60.92	3
34.25	62
35.22	147
33.6	64
34.99	158
35.36	172
34.71	197
33.96	177
60.45	2
35.86	133
35.15	177
35.55	142
35.2	103
35.35	166
35.25	198
39.72	136
35.91	181
36.17	198
35.23	176
57.36	13
34.82	155
34.24	198
34.3	197
34.87	191
35.32	165
36.14	117
35.14	190
34.84	154
35.64	84
35.05	162
35.15	174
35.47	166
54.08	47
34.88	96
34.64	119
34.57	186
58.31	7
34.03	171
36.51	134
34.44	195
34.3	147
34.05	152
33.08	193
34.6	190
100	0
34.86	123
32.6	23
35.99	198
35.66	152
35.52	154
36.05	125
35.61	148
35.82	145
34.94	170
35.56	125
35.48	141
34.63	169
39.69	6
34.12	171
35.49	153
35.62	154
35.51	144
57.69	2
34.99	184
35.96	128
60.39	4
35.79	157
33.7	28
34.31	171
35.18	194
34.46	166
34.99	198
35	178
35.7	154
36.06	115
35.5	168
34.71	50
35.94	167
34.88	156
35.03	160
34.13	24
35.94	238
35.22	91
35.19	167
33.21	187
35.9	156
60.2	8
33.79	118
35.68	145
34.03	155
35.24	118
34.13	137
35.37	156
33.61	184
32.25	5
35.35	155
34.51	171
34.28	169
34.56	157
33.24	102
57.99	3
34.36	189
34.21	199
35.63	134
33.67	178
34.15	192
35.91	156
33.97	199
35.16	139
35.67	150
58.44	1
35.88	163
33.66	172
35.8	153
35.13	186
35.62	178
34.48	144
36.04	114
34.6	125
35.1	177
34.06	189
51.09	10
35.15	199
34.64	75
35.68	139
34.47	183
35.05	141
35.32	156
56.55	2
38.55	137
35.96	172
33.28	68
33.79	198
35.48	133
34.99	234
34.87	139
34.27	150
34.19	82
55.49	1
34.28	180
36.31	132
36.32	137
34.32	192
34.46	171
41.65	4
34.55	190
35.39	186
34.1	190
34.09	140
34.89	102
33.33	190
33.39	190
35.69	140
35.36	159
35.34	150
35	133
57.95	2
34.12	187
35.29	135
40.36	18
33.49	190
35.18	162
35.01	115
34.04	175
39.12	168
35.46	91
33.9	194
34.95	187
35.66	128
36.17	56
35.1	131
34.43	187
41.44	51
35.68	142
36.34	134
34.93	162
34.42	126
35.33	173
34.18	189
35	157
34.05	174
34.91	189
34.23	187
55.67	13
63.92	2
35	177
33.51	195
34.94	198
35.25	123
35.14	113
35.39	183
35.64	166
34.62	160
33.63	45
34.73	176
35.72	143
34.83	104
34.75	199
64.61	2
33.93	184
34.12	139
35.4	166
36.03	171
34.99	190
33.87	182
33.52	177
36.06	156
35.04	182
58.45	1
35.73	150
33.23	197
34.14	171
32.97	144
34.78	174
34.54	154
34.95	106
34.26	188
36.24	131
34.94	92
35.66	156
35.23	180
53.08	9
34.96	139
34.83	195
35.75	134
35.01	194
34.66	196
32.6	179
33.62	182
34.87	182
34.16	191
56.68	1
34	160
33.93	162
33.87	182
33.49	177
36.06	156
34.17	195
58.44	1
35.78	150
35.11	182
33.41	197
34.23	171
34.78	174
34.44	185
43.29	15
34.9	114
35.06	135
34.54	199
35.91	131
34.36	183
34.23	198
34.95	151
65.76	1
34.53	177
34.4	191
40.72	6
35.24	65
33.11	199
34.7	172
35.65	176
35.25	99
56.98	1
34.02	198
57.38	1
35.38	168
36.47	114
36.85	141
36.39	161
35.68	50
34.67	172
43.68	42
35.69	180
36.58	168
43.36	39
35.26	53
35.45	318
35.58	176
36.55	178
36.48	146
56.68	0
35.81	99
36.12	198
35.9	186
34.28	159
33.93	191
33.15	193
32.61	58
33.85	162
34.6	157
60.77	10
33.1	111
35.06	98
34.4	155
34.22	119
34.52	143
35.15	124
33.55	72
34.18	120
33.7	163
36.42	132
34.12	189
57.01	3
35.04	172
35.38	178
35.25	199
37.39	139
34.95	158
35.61	195
60.24	1
36.6	165
36.17	196
34.81	192
35.41	168
34.77	180
34.78	124
34.78	170
54.66	3
34.84	197
35.16	90
34.74	181
35.34	108
35.13	180
36.6	113
34.8	332
35.84	87
35.64	155
35.95	177
35.14	162
35.36	117
35.41	181
40.97	12
34.24	151
34.05	178
34.2	196
34.96	127
34.82	145
34.19	197
35.45	164
35.36	189
34.75	85
58.54	1
37.36	130
35.24	199
36.63	102
36.12	143
35.34	118
38.95	110
35.02	192
54.81	5
35.95	112
35.17	181
42.52	17
36.07	127
32.99	38
34.85	140
35.34	160
34.96	132
35.65	148
35.35	153
37.13	99
35.73	198
35.92	189
64.94	2
35.37	187
35.25	188
36.46	91
33.64	195
35.56	119
38.71	42
34.42	60
34.39	192
71.78	4
34.7	196
34.94	190
36.31	183
35.39	196
35.44	189
34.55	173
37.68	172
57	12
35.53	141
34.75	199
34.85	199
34.93	195
34.22	166
55.72	5
35.21	159
35.34	163
35.5	193
33.88	58
35.67	167
34.26	179
34.53	197
35.16	181
34.27	193
35.94	166
33.96	197
36.29	109
33.97	187
34.55	155
64.29	8
35.15	176
34.47	198
34.51	162
34.37	134
33.99	182
35.46	137
57.74	1
35.08	130
35.58	192
34.08	152
35.04	177
34.06	33
34.88	184
37.01	134
35.61	103
35.96	128
39.91	117
36.64	136
35.44	198
56.82	40
35.64	179
36.44	191
34.19	59
33.65	186
34.4	87
33.85	195
32.73	18
34.76	187
34.76	177
36.03	70
59.37	1
34.52	182
34.66	83
35.5	180
35.27	179
35.48	122
35.07	195
56.79	0
35.12	183
41.46	25
36.37	142
34.88	190
33.79	199
34.94	153
34.2	172
59.48	5
35.26	179
33.23	199
34.76	129
38.69	130
34.2	193
34.22	115
35.2	195
57.47	5
36.22	190
36.27	138
35.97	188
34.73	179
35.69	166
36.09	153
36.25	121
34.16	179
34.21	174
33.73	185
35.33	126
33.87	185
35.75	153
40.18	2
64.28	7
36.14	191
35.21	181
34.51	192
34.21	180
34.45	22
35.58	163
36.43	169
35.21	139
33.98	193
56.75	0
35.48	182
34.43	198
42.49	8
34.7	189
35.23	40
42.26	52
38.26	98
57.6	1
33.92	196
34.81	140
35.58	196
33.63	35
35.09	187
34.58	162
34.04	175
33.85	75
33.86	171
34.29	124
34.54	181
35.65	195
35.06	136
39.48	10
33.77	191
35.44	148
34.85	192
34.27	73
35.13	196
35.85	141
35.73	190
35.3	174
35.79	105
35.44	158
57.04	2
34.88	187
34.55	177
34.59	196
35.59	165
34.6	177
35.65	119
35.07	174
34.24	198
34.41	219
35.85	161
35.6	157
33.74	168
34.07	142
35.72	109
34.37	125
34.9	113
40.01	14
33.27	135
34.94	143
35.13	191
35.46	189
35.15	133
36.1	111
35.5	148
35.1	194
64.41	1
34.88	182
34.73	155
36.2	139
34.64	182
35.39	196
35.54	154
35.13	199
34.6	193
36.14	182
35.3	195
36.89	147
43.31	3
58.53	3
35.26	191
35.79	158
34.71	187
35.46	175
33.52	187
53.05	4
35.86	188
35	190
33.64	39
34.67	195
35.85	154
34.61	176
36.34	154
34.97	195
34.29	41
34.42	141
59.32	1
35.1	119
34.3	184
33.63	189
41.67	15
36.22	154
41.69	15
33.97	182
58.99	1
33.56	195
34.74	181
34.37	141
34.37	177
34.97	135
33.81	39
34.66	197
34.62	171
35.31	187
34.06	198
34.33	151
34.46	193
35.06	198
36.07	143
41.67	32
35.31	180
35.4	106
34.43	102
35.27	155
41.11	18
35.25	135
35.49	124
59.88	1
35.87	168
34.35	199
35.22	170
35.19	151
35.32	164
34.54	196
34.88	108
35.81	134
55.57	2
33.55	198
32.58	185
33.79	142
35.45	157
33.7	86
34.23	167
34.76	171
35.15	186
35.18	154
34.65	178
54.43	13
34.27	195
34.43	90
35.02	195
34.43	178
33.64	59
40.1	12
34.96	77
35.5	132
34.19	199
34.25	193
34.67	186
34.12	169
33.37	192
57.54	1
33.57	123
34.62	193
35.3	144
34.66	192
34.05	141
32.91	189
35.12	197
37.88	130
34.7	152
57.83	4
33.76	171
35.02	176
38.54	127
35.7	155
35.89	156
39.53	71
33.68	168
34.79	131
33.89	85
35.34	153
33.34	194
34.02	188
33.81	195
34.9	195
34.45	139
33.92	171
56.88	13
34.76	114
34.97	138
34.68	182
35.29	166
34.54	124
55.41	3
35.81	138
34.32	189
34.58	197
34.39	188
34.6	173
34	198
34.91	336
36.56	188
35.55	164
34.73	174
36.3	150
35.45	125
35.61	183
57.28	3
35.99	97
35.61	129
36.04	181
61.2	2
34.45	90
36.03	156
34.88	160
41.27	23
34.28	191
34.57	151
34.1	183
34.09	181
33.94	157
34.74	173
34.39	194
34.28	193
33.88	183
35.48	125
65.57	1
34.34	60
37.99	19
34.88	167
35.74	137
34.76	196
35.11	63
34.51	142
33.81	187
34.6	192
33.13	193
35.23	170
59.16	0
34.25	159
34.07	184
33.87	178
33.67	172
35.78	146
58.26	1
34.77	152
35.73	150
35.74	196
33.94	171
35.88	156
34.61	135
35.53	153
34.17	171
57.19	1
33.77	71
35.09	149
33.9	198
36.14	155
34.49	190
34.44	169
35.21	172
43.41	18
35.59	181
57.36	4
34.54	191
35.17	139
35.14	191
35.06	155
34.44	183
34.49	195
33.86	173
35.88	127
34.81	194
55.34	4
34.6	77
33.68	181
34.56	191
32.73	30
33.98	148
33.53	54
36.37	166
39.14	114
35.68	141
36.02	188
35.66	145
43.68	38
55.7	0
34.88	183
35.17	183
35.67	198
34.18	185
34.78	127
34.67	63
35.14	187
34.52	191
33.93	115
35.48	134
33.87	194
34.47	177
34.43	185
34.57	96
34.12	191
35.43	145
34.06	192
35.53	157
34.57	273
35.64	80
38.45	124
34.75	183
34.63	156
35.27	168
34.08	193
35.72	162
35.49	162
34.27	199
35.91	136
36.23	143
35.55	191
35.05	199
56.97	15
33.66	158
35.12	158
33.4	183
33.23	192
35.13	88
54.33	2
35.26	130
34.95	195
33.84	196
33.85	184
34.51	198
36.3	139
34.8	134
35.08	141
34.84	158
59.71	4
34.8	193
35.22	198
33.82	199
33.56	187
35.76	147
35.79	166
34.84	194
33.82	194
57.4	4
35.23	174
35.24	98
35.09	94
35.03	187
35.19	195
35.77	140
34.71	164
31.37	18
34.36	169
33.65	194
61.19	4
34.39	181
34.75	70
35.33	119
34.31	169
34.31	194
34.6	114
39.91	3
36.66	115
35.16	197
34.38	169
34.94	153
35.86	172
34.92	170
34.41	197
34.35	198
35.29	170
34.35	155
34.22	170
35.05	175
41.85	2
34.95	172
39.17	57
34.33	170
35.18	79
34.45	195
34.75	129
34.9	140
34.93	159
34.11	59
36.29	140
35.34	114
35.27	179
36.42	131
40.31	2
52.37	10
33.46	41
38.55	128
34.91	146
34.14	175
35.24	166
34.77	174
34.09	197
36.17	134
34.94	134
34.45	255
35.93	98
34.16	174
39.31	127
33.36	163
35.09	162
57.95	4
35.01	115
34.43	197
34.75	173
33.62	154
42.52	25
33.68	181
62.25	2
34.4	101
35.35	107
33.11	68
33.12	166
35.18	192
33.78	196
35.57	197
34.97	198
36.18	180
44.24	30
35.14	355
35.55	197
34.81	188
35.7	131
35.31	116
57.47	6
34.43	91
33.51	143
35.89	152
32.48	196
33.57	194
38.15	139
33.49	194
35.29	189
34.82	188
32.79	195
34.36	181
38.89	78
35.56	63
56.33	0
34.89	183
35.54	168
36.17	232
35.12	149
34.1	193
35.09	179
36.07	167
34.93	198
36.37	194
56.35	0
35.59	179
34.99	199
34.91	183
35.37	187
34.94	193
36.01	180
35.42	151
34.97	193
34.33	63
34.05	197
34.91	164
59.86	0
34.82	158
33.91	197
35.14	170
35.06	195
35.75	139
34.69	165
35.74	154
35.78	121
36.34	142
61.83	4
34.67	195
34.58	193
34.94	182
34.22	192
36.03	195
58.39	12
36.2	61
35.13	175
35.41	167
35.87	97
35.01	140
36.03	124
35.65	154
35.46	123
34.25	56
34.93	172
35.64	158
32.89	25
34.15	82
34.07	195
35.27	151
58.73	3
34.91	85
35.39	140
34.18	164
34.65	178
34.86	135
33.58	181
35.7	117
34.38	165
34.56	191
35.02	117
56.58	7
34.06	155
34.39	135
34.33	59
60.65	1
34.91	99
34.79	182
34.68	159
36.02	173
42.49	2
35.8	90
36.02	198
41.63	12
34.47	127
36.49	124
34.7	145
33.91	178
56.44	2
34.31	184
34.75	308
34.71	184
34.5	95
35.2	181
34.57	62
36.77	120
35.3	172
43.66	12
39.32	88
58.59	5
34.82	168
34.71	196
36.01	148
41.56	24
35.78	80
33.24	111
35.86	179
62.36	4
35.32	94
35.03	160
34.22	154
33.91	108
34.39	198
33.96	199
65.47	2
35.28	150
34.51	188
36.42	90
35.45	127
34.55	193
35.76	191
35.09	151
34.6	187
34.14	185
35.23	130
33.5	170
55.36	4
34.86	180
34.19	175
34.53	190
33.91	181
34.71	144
34.72	321
33.53	28
41.1	16
35.85	146
36.62	122
35.51	139
65.06	2
35.54	173
34.05	197
35.04	164
34.5	162
34.43	182
35.06	182
35.36	145
33.26	178
35.29	175
34.13	128
34.64	190
34.74	149
35.45	90
39.66	143
58.35	3
36.38	107
35.04	183
34.19	185
36	138
34.8	198
35.03	149
35.82	177
35.3	194
35.82	198
33.56	172
32.41	29
59.07	2
33.24	189
34.17	191
33.9	56
34.32	170
36.16	123
39.6	133
34.58	98
35.21	127
34.16	170
35.8	173
35.22	88
34.77	178
34.42	38
35.02	168
52.53	11
36.11	165
35.18	193
34.6	148
34.57	148
34.57	148
35.13	195
34.06	180
62.37	4
40.21	32
35.64	110
34.57	148
34.87	184
35.28	97
34.2	187
35	134
35.25	130
35.41	103
35.12	177
62.33	2
34.88	181
35.71	157
36.1	174
35.12	112
36.09	114
36.84	105
36.12	164
34.15	197
34.26	164
35.57	157
35.32	105
34.91	156
61.07	4
34.56	180
43.2	11
36.05	147
34.58	199
35.47	171
36.28	159
35.06	186
35.08	143
35.45	187
35.08	147
35.57	126
34.93	185
36.06	185
34.82	177
35.08	195
36.22	143
35.62	107
36.14	83
57.35	3
34.42	181
35.48	183
34.93	180
57.53	3
41.84	13
34.13	185
36.26	82
36.49	173
35.58	176
35.62	135
35.21	184
32.74	36
35.17	80
42.13	25
32.49	31
35.18	131
34.43	144
33.9	182
34.85	194
34.7	197
34.74	176
34.26	198
34.58	184
33.93	199
54.47	14
35.32	172
35.65	146
35.58	137
34.42	190
34.17	189
34.1	189
33.46	198
34.51	154
41.82	2
33.33	100
35.97	183
33.79	194
35.38	181
34.85	187
33.99	195
59.55	1
34.72	164
34.51	273
34.6	187
34.06	151
33.29	160
33.13	196
57.13	4
35.02	277
34.26	190
34.03	197
35	170
32.92	196
35.42	136
35.5	169
56.4	3
34.3	159
35.4	174
35.8	174
40.85	46
34.57	181
32.68	47
35.03	184
35.24	195
36.25	156
34.54	181
34.84	164
34.37	185
34.7	162
58.95	3
35.11	157
34.51	186
34.66	197
36.2	73
35.39	165
34.47	146
61.51	6
34.99	179
34.06	198
36.23	165
35.02	165
34.67	192
34.5	164
33.26	199
34.11	189
35.32	129
34.78	151
34.44	86
59.63	3
34.67	154
35.88	152
34.74	186
40.88	1
32.61	24
36.09	123
34.95	106
33.19	14
33.91	164
33.77	135
39.47	0
34.34	142
34.03	154
33.87	167
35.57	150
35.82	165
34.98	145
35.05	154
35.51	126
34.7	161
58.93	3
35.13	189
35.85	148
33.81	195
34	118
34.43	198
34.95	177
36.03	167
59.02	3
34.55	87
34.38	156
35.28	168
35.78	167
36.87	134
36.76	154
36.07	173
35.89	174
37.1	170
36.28	164
36.04	173
35.21	175
75.21	6
34.76	195
34.32	185
33.56	198
34.6	194
39.75	81
58.13	17
35.29	100
34.46	189
35.43	147
34.51	185
35.65	114
34.29	133
34.82	194
33	61
33.96	146
34.24	199
58.46	3
33.56	118
36.12	149
33.92	144
36.58	165
56.07	21
35.72	95
36.76	159
39.46	115
35.54	159
33.77	199
36.48	149
35.57	197
34.91	190
34.15	104
34.45	182
33.35	197
35.41	111
54.34	10
34.19	167
34.17	196
34.72	165
34.51	263
34.45	193
34.33	196
34.5	157
35.05	154
35.06	178
31.91	29
59.01	3
33.72	160
34.79	114
35.32	164
35.15	182
62.13	4
32.57	195
35.77	135
35	78
33.56	68
33.83	198
34.58	155
34.83	176
34.81	144
35.24	133
34.04	86
34.46	159
59.46	9
36.17	180
34.47	189
33.36	193
33.6	195
34.22	54
35	181
41.58	19
33.41	199
35.47	154
34.52	173
35.87	191
35.2	156
35.55	113
59.96	3
35.52	135
34.85	191
34.53	131
34.86	170
34.98	98
36.22	120
31.65	19
35.35	144
35.01	107
35.33	115
33.85	195
34.99	251
34.94	71
33.72	160
38.94	7
34.86	199
64.74	9
34.16	170
34.82	106
36.09	98
34.92	189
34.37	196
33.62	182
33.86	173
34.16	177
39.69	126
35.83	134
34.97	177
34.7	163
35.33	142
41.24	54
34.95	134
34.21	85
33.45	191
35.52	195
38.96	134
34.43	120
34.75	130
35.79	193
40.25	136
34.72	175
35.39	108
34	193
35.02	157
37.94	132
33.26	180
35.14	178
57.32	16
34.28	58
34.51	184
33.98	164
33.83	189
34.26	141
36.11	125
34.85	198
58.15	3
34.23	194
34.98	117
33.41	179
34.62	107
40.32	130
35.35	160
34.95	146
33.87	134
34.46	191
34.21	193
33.93	134
59.63	0
35.28	99
35.01	154
34.79	193
35.26	155
40.09	133
34.53	178
34.63	178
35.57	144
35.39	167
34.98	147
34.66	199
33.89	198
35.38	143
35.28	188
35.79	104
33.88	194
34.44	151
34.37	115
34.89	198
33.46	154
33.84	60
34.77	187
56.33	0
34.78	196
36.61	114
34.42	188
35.5	139
57.99	0
34.76	181
35.49	181
34.73	143
34.15	165
34.58	181
33.55	198
34.72	131
34.45	167
34.98	195
35.49	137
34.46	172
57.77	0
34.53	185
34.35	169
33.79	181
34.93	169
34.83	163
35.17	175
35.13	175
33.51	184
34.26	154
35.72	199
34.47	194
32.98	195
55.16	8
34.66	144
35.23	62
34.63	194
33.68	98
36.05	159
35.45	194
35.47	146
36	143
34.76	176
34.92	195
34.76	193
58.12	10
35.85	91
35.08	195
41.62	6
35.91	187
57.26	4
35.89	170
35.78	197
35.69	50
36.16	170
35.01	195
38.4	128
36.14	146
33.68	155
33.94	78
56.65	1
33.9	190
34.38	193
35.82	113
34.05	358
34.61	173
35.17	173
35.81	183
34.56	170
55.81	0
34.37	146
34.64	183
34.61	142
34.27	155
34.57	172
35.1	93
36.31	181
34.41	181
35.55	186
36.27	169
35.66	196
39.97	79
58.12	4
34.77	188
34.48	148
35.7	197
34.68	168
34.28	130
34.71	132
35.29	171
34.43	187
35.82	299
34.53	160
35.45	170
33.1	198
60.08	1
34.84	154
35.97	165
55.33	3
33.68	166
33.65	82
34.93	188
35.04	142
34.24	162
34.24	162
33.89	198
34.58	179
35.76	115
36.94	150
35.51	295
38.62	102
34.9	174
34.27	197
34.94	176
56.44	1
35.34	199
35.69	183
34.98	166
34.54	185
64.47	1
36.05	175
37.22	144
33.1	195
34.96	147
34.82	179
34.24	175
54.97	5
37.55	102
35.17	161
36.17	126
33.45	148
35	185
34.65	145
34.27	163
34.02	140
33.78	189
36.05	170
34.67	189
34.92	88
36.74	162
34.9	153
34.27	170
35.02	174
34.16	192
34.54	193
35.64	131
35.16	88
33.98	196
33.41	163
33.22	185
33.35	178
33.35	178
34.27	222
33.83	118
33.95	126
33.49	172
34.58	180
33.71	86
59.38	7
34.54	151
33.25	119
33.74	183
33.66	176
34.8	139
35.69	188
34.9	174
35.23	156
35.42	142
34.12	191
33.25	158
34.18	199
34.67	187
53.92	5
34.59	195
34.75	176
34.69	126
34.78	147
34.02	212
33.82	203
34.29	187
34.33	224
34.72	193
34.98	173
34.1	203
35.27	110
35.25	149
33.74	137
32.88	216
34.95	176
34.75	317
33.27	214
33.77	187
34.06	207
34.22	150
34.35	207
32.16	219
33.47	209
35.47	159
34.7	166
32.73	204
34.03	204
32.56	191
34.41	136
34.53	198
34.48	169
33.23	163
34.82	158
35.18	125
33.43	206
33.99	210
32.12	221
33.5	220
35.79	113
46.3	186
33.55	163
33.29	201
32.91	193
33.62	211
34.33	160
34.49	191
34.66	102
34.62	167
34.51	336
32.83	211
33.1	200
32.92	204
35.1	82
33.47	222
33.91	132
32.37	215
34.81	97
33.8	200
33.55	224
32.69	220
34.84	80
33.58	217
33.64	203
33.16	211
33.3	223
32.57	224
33.91	82
33.94	176
32.94	218
33.75	135
32.99	218
33.68	185
34.02	219
35.56	186
35.3	115
36.1	150
33.23	208
34.27	211
34.23	167
35.17	147
33.84	201
33.49	201
32.08	223
34.01	163
33.73	139
35.44	160
34.22	196
32.8	70
34.99	181
34.27	197
33.1	218
32.47	205
35.38	183
35.43	166
34.2	219
35.11	179
34.26	210
35.53	144
34.16	217
33.75	196
34.17	219
34.5	195
33.92	180
33.64	210
33.63	223
34.71	194
35.44	106
33.73	205
33.63	219
33.88	218
34.99	224
33.82	218
34.67	176
34.13	215
33.8	215
32.69	205
32.97	222
32.72	222
33.58	206
34.08	205
33.4	213
35.82	165
34.68	217
33.95	254
34.68	179
34.44	203
34.53	209
34.22	156
34.5	179
35.1	149
33.94	222
34.94	192
33.63	446
34.34	209
33.95	222
34.75	209
34.3	154
34.76	197
34.61	116
35.77	163
33.97	205
34.71	222
34.07	112
35.36	152
35.09	85
35.06	159
33.75	196
33.79	208
33.52	215
33.95	187
33.27	174
34.49	131
33.99	216
33.94	218
32.84	69
33.88	195
34.36	193
36.14	181
34.72	152
33.17	207
32.69	214
33.54	217
35.26	146
35.12	203
35.17	209
33.74	223
32.81	224
34.47	158
33.41	441
34.75	199
32.86	217
34.47	101
34.1	210
33.77	215
33.81	224
33.96	211
35.06	191
33.58	186
34.05	185
33.96	200
34.75	207
34.41	204
32.77	145
32.8	159
33.86	200
34.28	211
34.93	189
33.93	223
34.55	201
34.63	201
33.55	212
33.78	214
32.76	287
33.18	224
34.35	220
34.97	107
34.48	165
34.39	98
33.01	214
34.81	134
33.82	169
35.31	197
34.57	218
34.74	100
32.58	204
33	209
34.9	70
32.85	223
34.94	189
33.61	222
34.22	251
33.53	162
33.78	215
33.49	213
35.23	167
34.3	198
33.54	217
34.02	216
32.8	172
34.01	147
31.99	208
34.02	188
33.71	224
33.68	216
32.33	219
36.33	110
34.64	102
33.79	224
32.56	208
34.53	211
34.85	183
34.48	178
37.46	135
33.01	190
33.77	144
35.3	189
34.55	180
34.06	137
33.52	174
33.61	174
34.45	174
32.5	216
32.79	217
33.23	206
34.33	210
35.39	141
34.59	207
33.81	204
32.51	218
33.12	338
32.99	183
32.25	54
34.19	170
34.46	200
35.54	174
34.92	124
34.65	184
34.12	208
35.32	195
33.97	180
34.63	159
33.43	217
35.57	122
34.25	224
33.88	213
34.13	219
35.79	92
33.19	224
34.17	125
34.92	194
34.55	132
34.18	194
