sim	len_diff
34.05	278
36.14	240
32.85	268
34.69	262
34.23	302
50.16	100
33.99	273
34.42	221
34.68	231
33.72	277
33.64	273
34.11	275
32.78	100
33.58	297
33.5	273
49.59	88
33.64	265
35.49	238
33.55	287
33.69	295
33.53	267
35.04	238
33.44	285
33.7	293
34.31	276
33.44	300
49.36	88
33.76	263
32.85	292
35.32	264
34.48	225
34.44	247
34.91	253
34.87	208
34.34	301
33.91	237
33.2	296
34.55	262
33.86	278
33.57	285
33.57	297
34.39	146
33.93	263
34.25	233
34.71	193
33.57	259
33.24	277
34.33	237
33.99	284
34.12	296
32.97	286
34.97	170
33.57	290
34.01	299
33.66	85
34.02	227
33.05	271
32.4	296
34.51	263
33.53	276
34.77	242
34.93	274
34.22	281
35.3	208
33.99	216
34.42	259
34.49	258
33.59	273
34.75	263
33.06	295
33.84	86
32.12	18
33.38	251
50.62	71
34.93	243
33.42	295
32.99	277
34.98	132
49.54	95
34.48	260
33.75	263
32.94	303
33.72	276
32.11	301
32.29	283
33.78	277
33.42	294
33.44	276
33.66	202
50.11	100
50.11	100
33.42	299
34.48	283
34.73	195
33.47	292
33.9	245
33.3	269
33.36	293
34.7	247
49.6	101
34.52	286
33.97	300
34.08	274
34.68	285
34.12	287
34.29	296
34.32	295
34.69	252
34.28	276
34.87	265
33.97	294
49.83	93
33.97	287
34.16	299
32.77	263
33.15	269
34.33	272
33.16	297
34.67	300
33.87	238
35.26	253
33.76	239
34.91	259
34.78	188
34.32	301
33.95	302
50.01	93
33.79	300
34.63	261
33.97	268
33.41	302
34.47	266
32.5	299
34.39	177
33.24	258
50.93	71
34.66	265
34.37	219
34.92	231
34.56	253
33.1	261
34.56	256
34.91	275
33.45	262
32.79	270
33.49	284
34.8	300
32.79	303
33.19	288
34.74	223
32.56	280
35.99	221
32.99	198
35.26	273
33.89	79
50.75	78
34.9	156
33.56	234
33.93	284
34.4	295
34.44	203
33.47	266
33.77	273
33.35	261
34.31	277
33.48	272
35.42	209
33.67	229
34.59	284
33.32	294
34.35	295
33.32	285
33.02	301
34.78	260
34.9	275
34.28	279
33.44	269
34.57	259
34.18	258
33.15	292
34.29	151
33.68	290
35.33	190
34.04	264
33.67	207
50.09	90
35.08	276
34.55	185
34.16	230
33.8	271
34.03	303
32.99	302
34.02	168
33.46	288
33.05	292
33.68	283
34.32	271
34.93	167
34.1	282
34.02	302
33.39	291
33.54	295
33.65	293
33.3	296
34.01	273
34.08	179
33.45	303
49.47	100
33.56	297
36.41	211
34.61	298
33.86	251
50.12	98
33.47	276
33.69	236
33.79	241
34.09	185
32.52	300
34.13	275
33.76	261
34.22	266
33.33	281
33.91	240
32.67	294
33.65	249
33.73	283
32.39	299
34.56	230
34.35	251
34.24	240
34.42	251
34.4	256
33.18	111
34.67	114
33.26	71
34.4	239
33.99	251
33.78	227
33.48	300
33.09	296
33.66	191
34.9	154
33.55	303
33.45	149
33.69	239
32.74	287
32.35	277
34.44	269
34.8	255
34.11	241
50.57	81
41.71	11
33.76	245
33.24	285
33.14	287
34.64	217
33.24	266
33.42	257
34.14	185
33.29	285
32.9	227
33.49	269
33.29	281
32.59	115
34.7	208
34.85	206
33.84	236
34	256
35.07	258
34.48	201
33.71	282
34.08	260
35.67	208
43.32	289
35.03	260
33.53	284
35.65	281
33.97	296
33.37	287
34.53	219
34.35	275
34.88	245
34.06	276
49.59	88
34.65	215
34.57	291
33.96	265
33.27	294
33.78	177
34.17	230
32.94	285
34.77	283
33.65	229
33.8	282
33.49	260
48.54	84
33.25	294
34.67	269
34.8	234
33.48	303
34.25	299
34.91	244
33.73	277
34.3	273
33.33	294
35.18	270
35.4	193
33.11	284
33.97	252
34.5	262
34.91	294
34.13	266
35.71	157
35	120
34.36	288
34.42	297
35.21	266
33.87	278
33.87	301
34.78	259
35.3	187
33.94	295
34.91	292
36.21	186
33.81	267
34.01	282
33.12	275
33.76	289
33.36	300
34.04	211
34.39	295
36.12	131
33.38	302
39.31	286
33.78	296
34.1	269
35.12	150
34.08	279
34.12	245
34.74	248
34.14	300
34.88	302
33.22	294
34.18	246
33.35	296
35.11	274
36.39	190
33.8	272
34.57	250
34.94	291
34.58	332
33.57	83
33.63	231
34.07	266
34.64	183
34.99	126
56.4	9
34.8	218
36.5	268
34.72	245
34.65	268
59.81	2
35.59	202
35.78	216
36.09	245
35.18	256
34.28	236
34.5	264
33.27	256
34.1	152
34.5	154
37.41	160
35.32	207
52.17	15
34.62	163
34.51	250
35.85	242
35.2	205
56.67	0
37.6	158
34.64	153
33.83	260
34.99	154
33.24	244
35.08	185
34.95	230
34.65	175
34.65	209
36.3	210
36.2	222
35.2	244
66.11	1
35.23	262
35.64	134
35.35	225
34.89	269
35.88	139
35.26	246
35.52	259
35.4	115
55.62	4
35.93	251
35.62	264
37.56	254
35.71	229
35.74	242
36.47	239
56.83	7
33.9	262
35.36	235
34.54	266
35.95	210
35.4	152
34.78	214
34.01	257
55.8	6
34.66	266
33.81	249
58.89	5
33.58	268
34.06	246
34.68	229
34.69	179
34.79	217
34.01	191
34.68	229
33.72	267
34.92	185
35.57	258
35.73	150
34.92	255
34.94	93
35.83	232
36.5	201
56.98	21
36.39	225
35.45	233
35.37	252
35.74	199
35.91	187
36.18	216
35.29	241
35.69	238
56.91	21
35.34	263
57.86	3
38	262
35.34	195
35.36	187
57.1	4
34.98	52
35.85	178
58.72	4
34.49	136
35.63	135
35.41	219
34.91	250
37.07	134
34.46	215
35.93	212
34.55	250
33.47	248
36.18	225
35.27	152
35.4	182
59.33	1
35.11	223
34.48	229
34.95	179
35.01	164
33.57	246
35.3	214
36.58	143
34.32	142
59.69	2
34.49	229
33.2	254
33.35	96
34.72	240
34.11	242
34.29	175
34.99	255
34.25	91
33.59	203
53.81	3
34.11	196
33.76	211
34.5	229
36.28	196
35.46	170
35.91	182
34.74	191
35.48	219
34.77	213
35.06	202
56.15	21
35.34	249
36.35	233
34.44	266
34.82	257
33.95	233
33.41	102
34.76	262
33.91	248
34.52	234
34.65	151
34.36	211
52.96	4
35.55	210
36.16	259
35.99	157
34.43	211
35.69	412
34.93	268
36.5	268
35.78	268
58.74	10
35.61	265
34.21	267
35.02	221
34.23	246
34.73	268
56.18	7
34.34	233
34.19	264
35.67	215
34.72	112
34.83	135
54.51	2
32.87	246
34.23	198
34.56	208
33.69	248
33.53	257
34.44	249
34.32	196
34.36	253
33.31	262
55.5	54
35.79	252
35.95	202
36.47	305
35.14	225
35.92	153
35.56	205
37.19	143
35.43	186
35.09	255
35.76	218
35.01	117
57.23	13
34.01	269
34.05	257
34.7	268
34.2	257
35.96	260
34.39	267
38.07	257
34.53	263
34.36	84
34.66	224
34.17	219
33.79	231
35.17	242
32.98	266
34.71	221
54.74	6
34.5	220
35.89	248
35.19	200
34.74	269
36.15	163
35.57	162
35.64	267
37.11	257
36.25	176
57.59	14
36.08	255
33.83	366
34.86	268
33.34	217
35.21	261
33.59	247
35.41	212
34.85	183
33.51	134
34.41	210
57.27	5
35.31	422
34.61	245
57.72	9
35.73	247
35.53	188
36.34	144
54.68	1
35.83	212
36.32	223
35.53	262
34.93	134
34.2	247
35.09	224
34.79	261
34.92	246
35.81	202
61.01	4
34.63	259
34.55	257
35.58	298
34.92	269
35.17	111
57.21	17
35.76	152
35.84	257
35.3	257
35.29	248
36.45	148
34.69	251
35.08	31
34.48	265
54.2	6
34.96	259
35.56	231
33.79	41
34.74	211
35.03	211
35.3	220
35.29	257
36.59	136
34.93	248
35.5	195
33.69	266
34.91	181
34.97	205
34.58	208
34.17	229
35.05	229
35.12	202
57.45	4
36.7	231
34.84	253
37.17	152
36.13	227
35.15	139
35.73	139
35.52	233
36.51	212
36.04	247
56.75	21
35.69	87
35.3	264
36.18	205
35.84	242
35.64	157
56.89	10
34.67	265
35.91	246
37.26	172
34.42	268
35.21	101
37.2	214
35.53	162
35.12	267
35.57	269
35.82	207
35.27	261
35.79	155
36.95	152
57.75	14
34.52	269
34.23	259
35.78	222
34.91	229
35.76	222
34.63	269
34.03	110
55.34	4
34.11	266
33.97	259
34.25	218
34.17	237
33.55	269
35.59	229
34.41	259
35.1	216
35.29	209
34.87	142
58.19	1
34.58	247
33.73	68
34.53	198
35.26	211
34.14	155
34.43	243
34.07	135
33.83	241
34.36	228
34.12	159
35.29	131
35.4	216
57.49	0
36.67	207
34.76	230
34.96	249
35.23	223
35.29	258
36.24	182
34.45	242
35.4	201
36.17	193
36.42	163
35.76	265
36.17	213
35.23	248
36.39	228
35.79	258
36.77	216
35.11	238
58.28	6
34.27	250
33.87	119
32.51	31
35.03	154
34.77	259
34.34	191
34.18	261
34.79	147
34.64	129
33.1	56
34.19	262
34.9	208
35.64	164
34.73	257
34	265
34.63	230
34.62	413
33.59	245
34.76	161
35.02	260
34.03	221
34.11	232
34.14	219
34.6	178
33.8	256
34.64	249
34.18	235
34.43	212
35.71	213
55.95	4
34.6	257
35.69	265
38.11	257
57.37	16
36.25	264
35.91	223
34.78	267
35.89	229
36.29	242
36.73	222
55.58	1
34.87	243
34.23	264
36.28	137
34.25	213
34.78	120
34.46	173
34.7	222
34.45	231
34.68	263
34.7	267
34.34	258
67.84	1
35.18	202
35.13	257
34.17	254
35.78	169
35.9	130
33.77	231
35.33	122
34.86	269
36.07	180
34.59	260
35.36	258
34.91	234
34.85	108
59.5	0
36.17	170
35.3	259
35.41	214
34.86	152
34.69	240
34.05	237
35.58	160
55.27	31
35.49	242
34.42	251
35.36	254
34.9	268
35.8	267
33.36	160
34.48	254
34.93	158
33.47	207
34.3	269
32.43	259
34.43	262
33.24	261
34.12	223
33.53	138
58.24	8
34.19	265
35.98	201
35.71	178
35.66	165
35.37	213
34.87	135
34.72	197
35.21	236
35.4	185
36.81	230
35.14	230
35.83	252
35.58	211
36.11	363
36.75	160
61.96	5
35.05	269
34.82	258
36.5	234
35.32	186
35.7	127
36.61	100
36	179
35.94	258
35.57	185
35.46	236
60.43	4
34.1	265
36.2	183
33.92	187
33.85	99
57.95	2
34.39	235
32.83	258
35.52	176
35.48	254
35.95	213
34.75	156
33.77	255
37.34	259
34.24	219
34.84	260
35.86	229
34.54	197
36.81	134
35.12	225
57.87	11
35.02	246
35.78	242
35.14	129
35.29	230
57.05	25
35.33	264
36.44	166
57.77	24
34.96	260
35.05	233
34.93	242
34.96	245
35.5	225
37.06	263
34.83	264
34.4	268
35.16	133
35.11	258
65.26	4
34.52	246
34.85	244
35.25	213
35.39	264
35.73	203
36	207
35.57	220
35.57	224
35.43	217
36.62	179
53.37	4
35.58	225
57.56	8
35.23	240
34.29	239
34.66	208
35.48	260
35.54	226
34.29	233
54.87	85
35.1	277
34.3	101
35.27	253
34.39	267
35.62	238
35.38	242
34.99	239
35.54	259
34.59	260
37.03	264
36.36	204
57.68	49
35.81	249
35.75	240
35.51	218
34.85	259
58.87	3
35.6	212
36.09	189
35.43	264
34.89	245
33.94	261
35.97	238
34.41	246
35.13	253
59.58	4
35.3	414
34.75	183
34.1	230
35.39	138
35.41	232
34.84	250
34.94	198
35.49	159
34.68	234
33.85	42
34.48	181
42.85	239
35.3	187
36.23	205
34.37	250
34.2	256
34.43	255
36.22	181
35.09	230
59.31	11
34.31	261
35.1	233
34.53	262
34.39	238
36.72	103
34.12	228
34.27	265
34.58	219
53.51	2
32.82	264
36.05	155
34	255
33.83	256
34.45	234
34.08	243
34.84	313
34.31	207
36.18	242
36.26	221
34.86	261
35.7	202
35.07	241
34.58	249
36.14	239
35.29	244
56.76	20
36.81	245
34.3	268
34.83	226
56.5	6
35.6	255
35.81	209
36.03	264
36.83	136
35.76	235
34.72	256
33.22	242
35.77	209
33.21	236
35.36	275
54.39	1
35.34	226
35.14	143
34.23	201
33.3	265
34.13	262
35.43	213
35.36	189
35.18	257
54.86	6
33.95	260
34.4	244
35.89	214
33.88	260
36.29	169
35.84	212
34.5	242
33.45	263
35.3	173
35.74	235
61.15	3
35.45	79
35.57	213
34.7	250
34.22	260
62.83	3
34.76	256
33.88	256
35.67	133
34.32	217
34.49	218
34.88	250
34.38	209
35.14	254
55.29	5
33.79	259
36.14	132
34.73	253
35.06	390
35.5	265
34.78	238
34.6	249
33.53	210
34.3	245
34.56	218
34.45	251
61.09	3
34.99	268
34.75	260
55.77	49
34.96	265
35.04	173
35.27	188
34.16	251
35.2	257
34.92	263
36.33	221
34.3	264
35.71	194
34.69	140
54.68	2
35.44	219
33.1	269
34.21	93
34.04	268
34.62	264
34.14	166
34.9	229
34.29	268
33.49	172
33.38	242
34.31	268
35.24	214
34.42	142
33.93	267
57.42	5
34.89	219
33.98	261
34.08	269
33.48	251
35.44	254
35.13	240
34.69	240
34.88	226
32.71	36
57.12	2
34.85	193
35.47	235
35.31	177
36.52	96
35.95	164
57.73	19
35.63	246
33.6	267
34.69	246
36.4	146
35.16	264
35.89	175
34.18	219
35.35	237
54.69	28
35.38	189
35.56	205
34.47	205
36.67	121
35.01	242
34.9	251
36.14	187
36.08	267
34.82	239
34.14	268
35.81	241
35.66	269
36.47	211
56.27	34
36.07	230
35.59	223
34.41	247
34.92	224
35.81	215
56.09	14
34.85	192
34.52	247
35.17	254
34.28	262
34.97	246
34.84	246
34.46	269
57.92	0
33.78	147
34.68	261
33.79	235
34.74	203
33.58	180
33.03	231
33.98	218
34.42	165
35.02	217
35.6	222
34.16	468
36.74	103
35.25	250
35.37	232
35.43	236
34.93	261
35.28	214
60.1	5
36.68	145
60.38	5
35.39	225
33.59	231
35.95	143
58.45	30
35.92	186
34.71	265
35.79	138
36.49	186
34.23	170
34.36	266
33.82	260
55.61	1
34.3	135
35.5	219
35.26	202
35.05	155
35	231
34.18	257
56.57	6
34.59	249
34.6	269
36.5	132
35.28	164
35.41	205
34.77	212
34.88	261
34.57	262
53.47	5
34.65	264
35.15	258
35.71	208
35.67	228
34.85	260
34.71	251
34.59	265
35.73	233
34.3	148
65.97	2
35.37	217
36.12	198
35.17	263
36.36	191
35.76	229
35.62	95
36.33	207
36.44	207
56.91	18
34.43	249
35.05	244
61.89	3
34.57	268
34.95	238
34.35	253
35.47	187
35.47	220
35.29	220
36.14	221
36.02	195
34.02	255
41.23	221
34.51	259
35.82	206
35.75	203
35.97	253
35.78	257
35.08	168
36.37	198
58.59	14
34.27	235
36.04	202
35.17	265
33.79	252
34.88	206
34.98	246
35.53	205
35.35	251
56.06	6
34.81	206
35.02	205
34.67	208
34	234
34.17	229
35.06	229
35.14	200
57.49	4
35.32	137
36.14	175
34.46	256
35.97	194
36.2	210
35.2	219
35.31	127
36.58	204
56.41	42
36.27	196
35.6	225
37.8	261
36.28	161
34.49	215
57.12	41
35.88	116
35.26	227
34.8	194
34.68	79
35.43	199
34.81	208
33.23	42
35.01	255
35.55	215
34.01	251
34.81	235
37.83	259
35.26	265
35.77	187
35.82	213
57.57	8
35.32	266
34.84	243
36.15	203
34.74	223
35.66	197
34.97	256
35.25	104
34.62	244
34.53	252
35.33	222
34.11	266
34.32	196
33.51	215
34.31	110
33.87	123
58.54	8
35.28	180
34.98	138
34.1	262
34.49	262
34.22	218
35.5	206
35.55	262
34.04	250
35.15	223
35.06	260
35.17	200
35.44	192
64.3	3
35.3	235
35.04	107
34.89	227
33.95	54
35.84	207
37.3	210
34.96	211
36.86	194
37.38	263
55.89	31
35.22	214
36.26	193
36.34	219
53.31	2
35.44	106
35.17	154
34.33	265
34.38	269
34.61	210
35.13	244
34.72	217
34.84	257
34.66	155
34.35	117
58.18	2
35.39	212
33.94	223
34.16	264
34.76	219
34.56	225
35.83	226
33.27	250
32.88	22
37.15	258
34.89	264
35.96	227
34.54	249
36.58	213
35.33	188
35.07	195
35.24	262
56.31	8
34.43	264
34.46	237
35.02	267
35.98	177
34.25	240
34.44	176
34.56	176
35.36	239
34.54	195
56.94	1
34.12	214
34.37	247
34.46	227
34.96	155
34.04	131
34.53	230
34.26	252
56.26	3
34.13	236
34.66	244
33.35	230
34.1	160
34.01	163
34.55	150
34.21	119
34.71	263
58.11	2
35.36	258
35.16	227
34.66	268
33.72	254
34.7	258
35.96	258
36.14	148
37.01	269
56.81	15
35.46	191
36.5	203
36.07	202
35.27	151
36.02	224
36.18	199
35.09	214
34.69	257
58.43	2
36.45	216
35.19	228
34.74	180
34.8	232
34.74	223
35.49	242
35.55	248
35.87	249
36.42	217
36.1	253
35.45	235
36.41	223
35.95	202
36.37	187
56.5	19
34.95	222
36.21	192
35.09	248
55.67	16
35.11	227
35.81	232
36.25	255
35.93	217
34.81	164
35.94	199
36.75	204
34.04	191
37.87	175
35.87	198
34.2	198
34.65	262
35.76	212
34.32	240
34.69	180
34.6	254
55.55	0
35.67	172
34.85	269
34.47	251
33.76	217
56.82	5
33.91	234
35.27	219
34.08	250
32.7	242
34.89	189
60.39	3
34.66	107
35.24	194
33.88	151
34.24	268
35.57	164
34.45	218
35.73	206
60.51	3
35.61	203
34.08	221
35.45	196
35.29	398
34.92	211
34.64	183
35.09	247
34.26	204
55.25	3
33.6	254
34.04	180
34.81	252
34.01	203
34.16	243
34.13	269
34.33	197
54.19	6
35.14	224
34.26	230
34.05	259
34.93	159
33.88	405
33.94	163
35.02	156
34.69	231
33.92	228
34.29	216
34.23	218
34.63	223
33.66	180
33.91	239
35.36	220
34.57	229
34.23	265
33.19	38
34.81	264
34.91	239
33.76	62
35.47	226
61	3
35.34	174
36.31	159
35.37	265
36.34	197
35.56	268
35.68	230
36.14	229
35.81	252
61.17	5
36.36	239
35.87	228
61	3
35.25	236
35.11	232
62.22	3
34.48	246
36.61	202
35.04	260
36.43	236
35.77	272
35.43	237
33.81	261
35.96	139
35.94	179
35.13	249
34.93	133
34.09	222
34.96	129
36.53	172
35.44	213
36.03	172
34.99	186
34.85	253
34.61	204
54.92	3
35.04	261
35.61	173
34.08	254
34.41	257
34.9	266
34.13	261
35.59	136
54.67	6
35.94	129
35.32	209
35.56	227
35.25	246
34	140
34.96	148
34.38	238
33.72	210
35.55	249
36.93	216
36	170
34.59	265
35.77	220
35.93	193
58.42	10
36.58	188
35.25	117
36.12	201
34.88	261
37.39	140
35.08	266
58.72	2
33.84	200
34.66	193
34.43	267
34.69	250
33.92	62
31.67	42
36.2	214
35.37	249
34.25	256
34.7	265
35.69	246
35.56	176
36.22	245
57.94	9
54.84	1
35.57	225
34.83	91
33.91	258
34.24	197
34.56	255
57.54	2
34.97	180
32.77	232
34.63	234
33.56	62
35.43	129
36.59	166
36.03	225
35.58	224
36.66	198
37.44	132
54.91	46
36.01	148
35.94	220
35.14	255
36.96	155
34.81	268
35.57	112
33.41	265
34.79	256
34.75	248
35.42	220
61.33	3
35.33	233
35.45	249
34.89	198
34.71	262
34.06	180
35.73	229
33.76	245
33.41	252
34.02	265
33.41	248
34.63	176
57	2
35.12	260
34.54	188
35.86	186
34.32	261
34.73	205
34.03	249
35.77	182
34.35	138
55.42	6
34.64	267
35.27	240
34.85	254
56.96	8
34.58	259
34.96	133
33.91	248
34.72	225
33.95	248
35.37	183
31.77	24
35.76	251
36.36	261
35.78	235
34.98	451
36.62	235
36.84	183
37.26	259
36.13	70
35.71	253
36.11	233
57.45	14
35.15	255
37.74	166
36.15	252
35.59	237
36.2	242
35.88	232
57.62	12
35.58	241
35.72	221
34.7	258
34.72	252
35.76	254
35.53	217
34.7	255
35.86	246
35.13	264
37.88	259
35.82	251
35.65	236
57.27	9
35.48	252
35.56	225
35.76	232
35.52	229
57.43	15
35.9	236
36	256
36.07	207
35.75	269
36.18	176
56.59	10
36.35	191
36.46	207
34.94	264
36.23	259
35.85	234
35.49	73
37.68	237
36.76	202
34.57	249
36.05	257
35.31	222
35.77	261
35.34	268
35.64	223
35.61	220
55.79	25
35.33	232
36.53	262
36.38	234
35.91	196
35.83	259
35.84	243
35.42	269
35.73	228
37.26	214
37.63	255
35.85	258
35.56	238
55.95	18
34.64	265
34.95	222
35.45	263
34.93	254
35.16	250
57.83	11
35.69	202
36.2	258
37.32	175
35.01	240
35.68	269
34.02	27
35.54	246
35.3	256
34.67	269
35.61	204
35.74	243
36.34	207
36.18	217
35.13	125
35.06	152
36.12	182
35.22	228
33.68	269
35.28	212
35.46	265
35.47	206
35.36	106
33.81	249
33.71	148
34.11	198
34.97	243
34.09	258
34	245
34.89	254
35.74	168
58.01	1
34.8	164
34.39	269
34.32	217
34.15	252
35.18	249
34.18	267
55.61	6
34.76	261
35	234
35.51	197
34.81	261
34.34	256
34.46	229
34.98	267
34.26	240
35.71	258
35.63	196
34.13	268
34.78	214
35.66	231
56.66	4
34.98	255
33.86	246
35.94	245
35.78	260
36.98	206
37.02	187
56.64	6
35.73	157
35.6	255
36.68	263
35.94	222
35.93	248
35.56	222
34.93	255
34.96	91
35.75	188
35.51	239
35.57	264
35.11	264
34.87	256
37.17	262
35.63	129
54.84	4
57.46	17
57.86	23
37.45	180
36.78	192
37.57	261
38.56	251
36.42	244
38.15	259
35.07	255
35.9	255
33.99	268
56.22	6
34.73	258
35.03	216
34.83	86
35.08	235
36.51	136
33.89	210
35.47	202
36.21	246
35.14	164
36.66	247
36.11	228
57.34	9
35.25	247
35.19	265
35.45	137
36.07	224
35.94	163
35.57	123
35.09	263
34.33	267
35.89	161
35.72	167
34.86	262
36.96	226
34.85	186
56.54	15
35.39	199
34.31	203
36.64	234
36.14	225
35.52	174
34.75	264
34.87	269
37.25	247
57.62	14
36.19	262
36.09	219
34.05	257
35.23	147
35.25	226
34.88	184
33.44	255
35.29	135
34.11	222
34.17	192
35.93	219
35.29	250
35.88	240
36.83	241
34.3	247
35.59	249
35.24	97
35.95	269
36.32	213
35.25	258
56.65	7
36	212
34.38	258
36.01	151
37.09	188
35.29	188
36.19	214
36.04	217
35.45	228
37.39	258
35.12	236
56.61	23
35.05	221
52.06	15
35.1	211
38.18	256
35.32	188
35.16	214
34.9	222
34.46	77
35.52	182
35.88	171
35.82	262
36.3	265
34.96	252
35.96	229
36.02	240
36.31	187
36.15	202
55.55	0
35.27	264
36.66	267
35.39	237
34.8	224
34.2	261
35.46	233
34.81	421
55.74	4
37.52	134
34.36	258
35.03	174
34.8	213
34.79	237
34.79	237
57.36	10
35.55	206
34.79	237
35.6	234
35.21	263
34.79	237
36.16	185
35.93	110
34.7	216
35.25	247
35.1	69
34.05	266
34.94	249
35.38	181
55.01	13
35.49	226
36.78	237
36.59	138
34.01	262
33.65	267
58.49	14
34.08	235
35.11	182
34.95	227
34.54	269
34.57	250
35.4	191
36.66	141
35.75	139
60.86	4
35.3	145
37.45	104
35.57	222
35.42	217
35.87	124
35.5	197
35.01	217
33.43	255
35.69	215
34.56	251
36	234
36.3	205
35.75	257
36.08	224
35.59	213
57.12	18
35.09	248
35.16	253
34.36	233
35.09	206
35.33	224
34.85	108
35.49	225
34.77	251
35.08	239
59.43	3
36.47	239
35.54	166
34.4	181
34.59	119
35.09	150
34.32	240
35.24	228
34.74	205
55.13	6
34.5	224
36.02	182
34.15	167
35.21	264
35.35	210
35.92	255
55.18	1
35.26	264
36.34	226
35.35	220
57.61	9
34.93	218
34.96	257
35.5	255
34.6	251
56.72	2
34.81	206
34.93	260
35.31	211
33.53	200
34.5	239
36.32	141
34.1	268
34.93	228
34.15	268
34.86	251
35.54	242
35.14	257
34.51	251
58.52	3
35.07	162
34.66	222
35.28	244
34.4	227
34.39	213
35.41	151
34.14	237
34.14	237
34.36	221
63.55	4
35.31	235
35.13	182
34.91	144
34.95	234
34.51	251
34.94	256
34.97	258
34.89	259
34.88	189
34.17	210
33.97	245
55.28	5
34.91	114
35.31	82
35.5	207
58.93	1
35.43	248
34.89	260
34.99	258
35.07	250
35.5	223
36.03	277
35.03	264
55.04	8
35.13	226
54.74	8
35.16	224
35.22	182
34.4	261
35.18	244
34.16	254
34.44	141
35.72	176
35.12	219
34.37	96
34.8	249
35.12	172
34.82	241
34.13	266
34.37	232
34.69	264
34.09	269
56.13	5
34.64	259
33.64	43
35.2	188
34.55	199
34.41	216
34.64	203
56.63	4
34.13	252
34.95	239
35.01	259
35.9	261
35.69	148
34.92	253
34.37	244
34.67	203
34.56	266
34.96	261
34.99	269
58.54	2
34.43	219
35.28	264
35.14	260
34.62	269
35.74	261
34.64	255
35.39	269
37.06	100
35.2	209
35.72	195
60.05	4
35.65	240
35.45	249
35.42	258
36.18	179
37.89	127
35.51	109
35.3	73
60.97	5
35.89	216
36.29	260
35.54	252
35.27	179
34.38	236
34.81	256
35.45	216
56.8	6
33.93	56
34.77	112
35.39	260
35.26	237
35.86	264
67.42	2
34.91	238
35.58	213
37.8	266
36.14	207
35.18	252
33.89	268
35.4	269
34.41	246
33.53	248
35.01	259
34.63	254
53.93	6
34.97	178
34.07	257
34.8	240
33.27	269
34.63	255
37.14	138
37.62	258
36.89	234
35.72	253
35.57	256
36.35	212
36.46	167
59.12	3
35.22	245
35.77	265
36.15	162
36.04	199
54.98	6
33.83	238
34.69	219
33.71	246
35.32	228
35.53	242
37.1	136
35.76	201
34.72	208
34.99	221
35.11	256
35.08	199
34.53	207
33.45	264
35.1	255
35.72	152
59.34	2
37.98	259
36.72	281
34.83	155
35.31	160
35.16	263
35.3	218
57.9	2
35.07	192
34.93	153
33.81	249
34.2	263
33.73	172
33.7	263
55.93	11
34.47	255
35.44	200
33.76	28
34.27	266
34.71	93
33.94	265
34.98	175
34.76	268
35.93	197
36.39	168
35.7	194
34.98	233
34.61	248
36.17	194
35.78	214
36	229
36.34	145
60.35	2
35.17	219
58.97	1
35.65	187
34.75	235
34.29	109
35.25	204
34.92	266
34.79	216
34.13	95
34.69	242
34.43	252
34.68	206
35.88	189
34.52	252
33.72	263
33.92	268
34.4	154
35.84	228
59.3	4
35.23	141
35.4	262
35.75	167
34.65	211
34.69	268
34.14	267
35.15	119
35.29	233
60.86	5
36.15	244
36.13	209
35.24	226
36.89	208
35.9	200
35.99	164
35.65	189
36.02	232
35.73	254
36.51	214
57.13	0
36.36	154
35.45	245
58.37	14
33.68	267
35.17	321
34.73	75
35.21	215
33.02	44
35.46	210
34.62	241
35.02	225
34.38	183
34.38	183
34.35	183
35.05	206
57.41	2
35.01	191
33.63	236
34.51	269
35.54	267
34.02	240
35.7	202
34.65	190
34.39	229
34.18	87
38.02	152
35.18	153
59.17	1
33.32	74
33.21	228
34.3	254
37.81	100
34.8	208
33.44	266
34	236
34.45	130
34.92	177
35.56	232
35.25	186
59.11	3
34.63	153
34.82	225
34.53	250
35.3	230
34	247
34.87	260
35.16	223
57.78	2
35.36	217
35.31	245
34.43	470
34.99	260
34.54	238
34.7	222
36.09	198
35.15	253
34.74	261
34.72	251
38.15	260
51.33	13
33.49	261
35.91	265
35.84	236
34.73	263
35.88	254
35.41	240
53.2	7
35.87	229
35.6	134
36.55	184
35.97	234
36.03	224
34.84	70
35.78	216
35.6	136
34.75	242
34.5	263
34.44	241
57.3	1
36.5	211
34.65	257
35.26	237
34.05	87
35.94	195
35.85	156
34.78	247
34.39	244
35.32	200
38.49	152
55.37	2
34.51	231
34.35	267
34.32	207
33.72	175
35.81	165
35.28	236
55.8	1
33.74	263
34.29	160
33.39	234
34.49	229
56.77	16
35.37	263
35.18	228
36.31	208
34.49	179
35.08	186
36.57	218
34.55	268
36.13	163
36.19	260
33.75	257
34.32	250
56.95	3
34.89	253
34.95	182
34.21	207
34.73	169
36.25	144
34.54	248
35.09	235
34.33	238
34.81	103
35.3	215
34.83	248
55.64	1
34.01	206
33.72	266
33.99	246
34.95	221
31.94	263
36	125
35.4	102
35.84	239
36.04	218
35.21	95
35.49	255
35	243
57.49	16
35.26	243
36.23	120
56.24	14
34.8	265
35.22	262
34.69	250
34.1	259
34.39	261
33.9	253
35.92	230
36.98	261
35.97	233
60.5	2
34.95	133
34.89	225
33.31	45
34.63	242
37.93	259
35.15	254
35.23	221
35.13	245
34.14	264
33.84	263
34.88	218
34.72	137
35.03	278
34.73	154
33.33	263
35.18	113
61.97	2
34.72	140
33.99	259
54.15	3
34.28	194
34.37	198
33.92	156
35.38	208
34.62	186
33.29	266
34.46	223
34.55	159
34.14	235
35.64	171
34.55	193
34.87	240
34.46	264
33.83	266
57.03	4
34.32	266
34.83	210
34.92	256
34.45	182
34.92	265
34.85	233
35.24	175
57.65	17
34.06	260
36.28	185
36.09	240
35.01	241
34.95	247
35.68	266
56.5	0
34.7	265
35.7	199
36.52	266
35.05	200
34.75	147
34.77	159
34.19	256
34.46	253
34.24	263
34.43	236
33.79	250
33.74	266
33.96	255
35.95	262
33.66	238
34.33	239
34.58	182
34.02	269
53.12	1
34.18	243
35.15	198
35.51	146
33.74	169
34.84	261
34.14	269
60.04	3
35.23	248
34.9	210
34.29	253
37.33	100
61.14	7
35.95	199
34.71	256
34.5	253
36.07	200
35.15	140
33.61	260
35.77	206
33.74	261
34.36	259
35.66	263
56.93	2
34.14	252
34.42	54
35.99	197
35.48	180
35.58	145
34.53	218
35.1	246
35.6	251
36.85	163
34.26	228
35.05	217
53.79	63
34.77	202
34.82	207
35.52	245
34.79	268
34.53	264
34.38	265
35.77	209
36.19	201
34.87	249
35.24	247
34.7	223
33.44	240
52.02	5
33.97	52
34.8	186
100	0
35.05	259
35.99	368
36.46	236
34.36	264
36.13	230
39.21	243
35.87	183
38.74	248
35.51	243
35.38	224
56.4	3
34.34	257
35.19	240
35.18	167
34.61	250
35.47	250
35.2	172
34.12	195
34.73	264
36.5	204
34.75	255
34.03	216
54.08	2
35.07	267
35.36	141
61.37	4
36.16	241
35.46	149
37.03	102
36.42	258
34.94	188
35.32	267
35.35	111
36.16	260
34.87	258
35.52	140
35.4	230
50.49	3
35.76	214
35.3	265
34.2	267
37.44	161
54.91	16
33.03	257
34.84	178
34.99	185
33.28	50
33.74	263
34.11	148
34	261
34.23	209
56.34	2
35.71	199
34.16	268
34.62	131
33.85	257
35.74	193
34.14	229
34.84	180
34.34	253
36.49	141
35.07	260
34.49	252
57.48	2
34.59	179
34.87	266
34.93	268
33.86	268
35.96	195
35.18	152
33.96	258
34.6	229
34.63	215
34.77	170
35.45	212
35.02	207
35.01	232
58.81	4
35.08	206
35.41	230
56.26	4
34.96	219
34.6	199
33.77	236
35.29	226
34.91	224
34.94	213
33.79	253
34.58	269
34.79	188
34.24	257
57.58	3
34.96	187
58.41	4
33.31	241
34.46	218
35.68	209
35.46	238
34.51	176
34.5	219
34.9	230
33.99	269
34.98	244
34.49	220
34.93	225
35.46	267
57.98	2
35.34	220
34.75	210
34.78	269
34.46	254
34.4	248
57.11	4
35.04	255
35.24	131
34.24	217
34.65	170
35.13	258
34.73	253
36.4	225
35.95	191
35	241
35.57	183
35.16	251
35.71	135
34.99	161
57.16	9
35.64	210
34.17	238
35.52	82
35.34	262
35.2	199
34.92	158
35.21	252
35.93	211
35.08	156
33.49	92
35.41	261
56.32	24
34.75	59
35.72	221
58.9	7
35.64	194
35.71	147
33.68	266
34.7	228
35.08	177
34.68	162
34.73	229
34.26	269
35.99	181
35.06	247
35.55	138
35.63	214
34.67	187
35.55	257
58.65	1
34.92	130
35.67	199
34.18	253
34.31	252
34.8	268
34.95	266
57.2	2
35.49	189
34.53	200
34.89	260
37	141
33.89	268
35.69	229
34.24	268
35.03	206
34.56	247
35.06	181
35.68	168
35.41	217
34.24	220
35.3	210
56.6	4
34.41	243
34.8	183
34.37	251
37.01	141
34.7	255
34.27	257
34.66	437
34.9	255
33.79	251
58.07	2
34.26	253
35.02	268
34.71	179
57.35	2
34.26	252
35.38	189
34.71	239
34.62	200
36.99	141
33.89	268
35.49	233
35.56	153
34.4	223
35.71	226
35.11	185
35.33	178
35.6	239
35.91	204
58.18	12
34.8	269
34.32	244
34.82	251
34.11	268
34.85	269
33.72	178
35.45	115
35.08	195
35.28	188
34.6	240
56.73	3
56.6	12
36.09	232
36.21	163
35.88	245
35.8	239
36.07	129
35.65	264
35.56	264
35.89	258
36.49	223
35.63	266
36.61	239
35.83	268
37.22	166
35.45	237
36.59	230
35.5	238
36.57	238
33.87	33
57.2	12
34.09	127
34.47	115
33.81	245
34.43	269
35.04	214
34.21	240
34.99	180
53.73	3
34.57	250
35.99	166
34.74	128
35.55	194
36.01	201
35.58	226
34.47	223
35.76	218
33.88	252
53.03	1
34.12	113
34.45	244
35.68	188
34.93	255
34.75	114
35.15	89
34.98	268
37.24	104
33.87	261
36.19	250
61.02	5
34.34	262
34.69	80
55.72	9
35.63	229
35.04	222
34.56	265
35.1	473
35.46	225
34.69	215
35.33	207
34.84	267
34.89	195
33.38	266
34.27	253
34.78	224
57.72	14
34.52	203
35.38	189
35.36	235
34.83	190
34.43	267
34.35	268
35.9	212
35.2	176
34.98	180
35.74	168
34.23	228
34.8	253
36.01	221
56.42	27
35.53	238
35.29	97
35.2	136
35.87	217
37.08	163
57.17	10
36.6	267
36.16	206
36.07	249
35.42	252
35.15	204
34.83	235
34.17	142
35.55	233
35.44	234
35.03	208
34.51	246
35.16	234
34.6	251
34.48	264
37.34	136
34.53	261
36.68	133
66.29	1
36.67	182
34.35	267
35.56	253
36.37	210
36	239
35.87	194
35.81	227
35.48	266
35.99	192
36.82	188
36.51	191
35.74	240
56.26	2
35.76	246
36.01	198
56.76	34
35.45	264
35.12	230
35.89	238
56.5	12
34.69	238
34.53	263
34.93	196
35.76	214
35.78	191
35.99	209
35.75	268
36.11	242
36.25	200
35.97	128
35.83	201
35.92	214
62.11	6
35.63	220
33.99	34
34.8	261
35.72	174
35.02	255
34.53	250
35.81	188
35.99	268
34.52	212
54.68	32
35.31	263
34.04	209
33.91	266
34.78	120
35.76	203
35.37	233
35.66	249
35.15	261
59.12	3
33.79	42
34.22	216
35.76	200
34.8	236
35.56	264
33.54	256
34.56	251
34.41	142
35.67	181
35.81	267
34.65	255
34.32	240
56.02	1
33.33	265
34.04	252
35.47	245
37.47	189
59.63	4
36.83	185
34.61	240
35.98	249
37.66	254
35.71	193
36.6	184
35.11	187
34.02	227
33.72	255
54.75	6
34.56	224
33.75	249
34.29	213
34.37	260
34.98	179
34.88	241
34.18	267
56.42	22
36.17	211
35.79	176
34.05	266
35.91	165
35.96	260
33.38	262
52.84	11
36.22	269
52.46	11
35.98	303
34.29	266
33.68	252
34.56	220
34.27	264
35.77	215
34.85	266
35.9	323
33.91	221
59.45	4
36.25	187
36.42	172
35.54	268
35.66	175
35.74	197
35.04	256
56.6	30
35.94	149
35.51	267
34.86	250
34.3	247
54.76	32
34.58	202
34.38	265
34.8	192
35.41	228
36.05	146
34.71	260
35.2	250
34.51	254
34.8	205
34.29	129
34.95	147
35.2	247
35.29	162
34.71	199
33.98	258
57.11	5
33.83	265
34.99	236
35.53	177
35.49	191
34.13	154
35.65	203
35.83	231
56.82	5
34.26	212
34.41	255
35.1	167
34.56	232
34.67	251
34.51	125
34.31	236
34.54	261
35.57	231
34.38	83
57.73	1
35.53	168
35.13	235
35.01	186
33.84	254
34.66	149
34.47	171
35.82	257
33.07	255
34.58	206
34.52	227
34.78	266
58.9	8
34.82	184
37.37	149
34.8	247
60.3	9
35.56	197
34.6	129
34.51	221
34.84	268
35.15	243
33.89	257
34.71	260
36.26	186
36.02	207
36.73	229
35.23	231
35.12	258
56.55	5
34.81	268
35.29	195
36.05	168
35.62	231
34.59	252
34.83	171
34.56	269
58.5	2
35.21	247
35.71	211
34.69	211
35.54	192
33.58	86
35.66	257
35.51	132
33.76	172
34.29	258
34.37	237
57.41	5
34.9	162
34.48	247
34.36	268
37.09	261
34.77	249
33.69	172
35.59	132
35.05	169
34.38	216
34.82	249
34.53	266
57.43	5
34.93	191
34.57	255
34.34	237
35.43	205
34.7	180
36.08	224
36.24	174
34.42	263
34.41	259
34.5	237
35.55	132
53.68	12
34.44	234
34.82	202
34.38	251
33.95	261
35.41	180
33.28	269
35	264
34.85	262
58.78	3
35.08	180
34.86	268
34.9	193
34.69	199
34.58	159
57.78	3
34.26	243
36.51	173
33.68	254
35.28	133
33.75	263
34.29	202
34.78	253
35.2	211
36.2	263
34.59	197
45.48	8
34.27	268
54.4	4
35.02	220
34.17	269
35.14	186
34.78	143
33.31	225
34.92	185
37.17	143
34.5	269
35.84	181
57.94	14
34.57	74
34.42	262
34.99	177
57.58	1
33.94	255
34.86	237
34.93	266
34.36	216
34.44	266
36.12	205
34.28	178
34.75	215
34.29	167
34.84	156
34.18	259
33.55	266
53.35	3
34.48	168
35.1	213
35.1	117
34.94	218
35.22	259
34.23	213
35.18	234
34.49	232
33.82	253
34.27	196
34.75	143
56.42	0
33.83	252
34.64	185
34.43	199
34.34	214
33.91	269
34.73	134
55.04	6
34.5	261
34.19	222
34.79	145
35.81	238
36.42	149
34.11	263
33.43	261
35.44	235
35.11	108
35.03	178
35.85	257
60.29	0
34.96	262
35.33	259
35.9	212
35.27	212
36.42	168
33.95	234
34.93	202
58.42	5
34.39	239
34.6	192
34.2	216
34.27	225
33.81	253
33.33	223
34.92	226
34.61	244
33.97	108
35.67	221
33.32	58
35.26	254
34.92	236
52.54	33
34.52	220
35.17	172
32.85	268
34.8	92
37.18	255
34.71	268
35.79	213
34.85	200
34.99	190
34.99	188
58.86	0
35.41	123
34.36	267
33.89	268
34.28	253
35.05	268
34.34	252
34.74	179
57.6	2
33.97	219
34.55	257
36	141
34.92	260
35.33	151
55.97	6
33.3	252
34.64	203
34.44	204
34.11	211
34.77	216
34.3	251
33.64	80
36.42	150
36.4	243
35.7	270
56	1
35.43	250
36.52	241
34.21	252
35.28	261
35.95	191
36.92	269
33.42	268
35.57	211
34.3	103
34.53	267
35.17	244
35.25	315
35.8	212
34.63	211
34.93	103
35.24	257
33.86	237
36.46	201
35.61	230
35.11	239
35.55	176
35.1	260
36.19	175
36.28	163
35	188
35.24	238
56.66	13
33.82	69
33.78	53
33.94	160
35.37	202
33.73	191
33.63	243
34.72	142
34.37	175
34.39	113
34.68	264
33.45	269
33.82	263
34.19	232
35.46	219
35.09	209
57.24	1
34.66	224
34.91	251
33.71	265
34.66	231
36.01	227
35	224
36.12	180
38.66	257
35.33	231
35.73	201
59.2	2
35.83	183
35.23	233
36.39	132
35.18	215
34.07	199
33.88	127
33.15	157
50.67	6
34.59	224
34.8	136
33.76	169
34.88	172
34.63	260
35.38	194
35.09	265
34.06	159
35.39	162
34.7	245
58.36	1
34.95	249
35.82	172
34.27	263
34.68	243
34.29	247
35.06	245
37.55	250
36.06	140
35.91	240
57.59	9
35.6	232
53.14	5
36.6	126
35.65	267
34.82	256
35.41	235
34.96	221
34.91	242
35.04	245
34.89	260
35.46	236
34.86	250
57.44	3
34.32	265
54.96	7
34.76	263
36.82	140
35.29	269
33.7	265
33.93	235
35.15	205
35.46	228
33.85	227
35.5	211
34.41	258
33.85	151
61.67	3
34.12	256
34.07	139
35.91	201
34.1	430
34.89	210
36.84	145
35.23	243
33.53	250
34.63	263
34	256
35.21	188
35.46	164
35.17	211
34.96	179
35.06	173
34.38	226
35.28	269
34.21	212
34.69	255
34.32	202
34.32	202
34.68	247
54.72	2
34.95	175
33.62	255
34.49	264
35.4	195
34.77	257
34.14	267
34.86	186
33.14	265
34.77	224
55.36	4
33.99	227
35.59	210
34.29	263
34.6	246
36.61	146
34.84	203
34.51	216
34.88	253
60.12	1
33.97	198
34.1	261
34.86	237
34.57	252
33.95	198
34.37	266
36.3	168
36.33	264
35.85	256
35.1	266
36.23	242
56.51	30
35.82	232
36.81	217
34.88	264
34.35	170
33.76	220
33.52	105
34.89	184
35.13	233
34.38	260
34.42	226
34.32	194
35.82	238
32.9	268
34.65	254
35.43	256
35.2	206
36.5	204
55.98	21
34.9	242
35.28	245
35.18	203
35.09	251
35.05	154
34.18	260
35.95	207
55.38	7
35.5	190
36.34	184
35.48	269
35.7	255
35.63	268
35.94	249
35.71	268
34.95	251
33.47	250
34.81	213
34.16	244
35.12	182
35.62	147
34.4	217
34.34	263
33.96	249
35	251
35.48	269
35.26	88
35.13	245
34.86	268
34.46	237
33.76	254
35.46	253
34.92	252
34.71	250
58.1	3
36.22	247
36.51	149
35.41	198
60.68	2
35.49	210
35.61	263
34.03	259
34.91	265
35.96	238
35.77	180
35.47	214
34.6	261
34.75	256
34.7	273
34.07	249
56.18	1
37	101
35.21	200
35.53	173
36.03	221
53.74	4
34.3	144
35.07	263
34.49	215
35.65	246
34.64	256
33.79	245
34.59	233
34.88	274
35.32	220
34.61	209
34.72	252
35.71	166
33.34	268
35.35	90
35.11	159
34.5	110
37.26	133
35.09	263
56.88	3
34.5	248
34.63	251
34.3	262
59.44	3
34.94	184
34.95	194
34.78	209
33.26	247
35.01	179
34.51	269
36.6	191
35.6	248
35.1	232
35.77	220
35.5	227
35.41	213
36.76	253
35.63	241
36.71	227
57.24	16
35.55	225
34.51	141
35.02	221
34.67	212
34.87	255
34.53	267
36.13	203
59.81	3
34.44	267
34.55	84
35.25	200
35.76	254
34.64	217
35.57	170
35.14	218
36.31	220
59.48	1
35.44	152
35.38	265
35.14	228
34.59	206
35.27	224
34.6	259
34.59	206
35.26	242
34.88	218
34.89	182
35.07	241
35.5	235
57.04	2
34.93	262
35.24	266
59.03	2
35.08	243
34.36	215
34.73	243
34.69	260
36.37	232
34.83	259
36.04	193
34.95	257
35.08	303
35.06	237
34.7	249
33.85	239
35.3	212
57.57	1
35.1	268
33.89	247
34.68	240
57.47	16
36.18	260
35.41	138
36.43	205
35.65	116
35.19	267
50.97	11
53.33	16
35.22	203
34.4	246
55.27	6
35.49	224
34.09	243
35.71	136
34.91	179
34.81	263
35.08	254
36.1	173
34.99	193
35.79	60
34.37	211
34.26	192
35.99	238
35.32	207
35.92	143
34.72	237
34.66	205
35.71	176
34.66	205
57.98	2
35.97	205
34.75	251
35.6	125
34.12	267
34.49	264
34.35	269
59.63	3
37.54	107
36.08	216
36.05	203
35.98	222
35.93	209
34.41	232
34.32	264
35.08	264
34.91	196
35.85	141
36.73	215
57.62	4
35.23	259
33.83	247
35.07	227
35.2	237
35.29	122
34.98	236
35.17	216
35.94	212
34.74	263
57.05	3
34.95	224
37.92	262
35.22	257
35.4	208
35.09	194
36.54	143
36.84	159
35.96	89
35.16	217
55.88	14
35.91	136
36.17	255
35.86	179
35.78	252
35.01	227
35.12	198
37.41	186
35.95	257
35	231
56.66	16
35.47	218
57.35	15
35.46	228
36.01	229
35.13	242
35.93	231
36.46	178
35.82	201
37.32	266
35.63	180
51.13	11
34.85	259
34.94	244
58.12	7
35.76	247
35.13	248
35.21	264
34.19	263
36.91	262
34.25	191
34.58	268
32.98	195
33.89	216
34.45	185
34.63	172
34.04	80
34.32	258
35.07	159
34.63	190
34.63	161
56.66	3
34.47	266
35.08	239
33.82	213
34.51	132
34.98	232
33.85	73
34.85	221
33.88	256
33.81	226
57.16	3
52.98	4
34.69	195
35.01	220
33.83	213
35.47	200
34.26	219
34.99	268
34.54	194
34.72	254
34.7	269
35	244
35	197
35.23	218
36.71	144
35.44	224
35.01	225
56.64	1
32.87	269
34.25	248
35.29	258
35.4	168
35.19	226
34.92	91
34.95	221
34.54	269
34.21	237
35.09	186
34.91	260
34.81	202
56.77	1
35.06	217
35.01	178
35.59	166
34.23	196
35.3	408
34.94	235
36.28	142
56.84	8
34.69	248
35.98	166
34.9	247
34.44	259
35.33	187
34.82	259
33.97	268
34.51	239
34.88	221
34.43	134
57.06	1
34.2	258
57.73	4
32.91	264
34.2	228
33.82	252
35.08	191
34.92	240
33.41	230
35.46	165
34.77	184
33.87	219
35.2	228
35.16	198
34.15	135
35.86	153
35.34	190
34.11	266
58.26	1
34.23	138
35.86	217
34.74	217
34	222
33.72	266
33.17	27
57.77	1
35.21	209
34.13	159
35.4	113
35.34	204
36.9	135
36.07	163
35.48	266
35.46	234
35.51	201
67.13	2
35.74	228
35.1	254
36.5	203
36.03	204
36.37	180
35.78	183
34.33	269
34.67	251
35.66	239
36.03	155
36.05	208
36.67	199
35.83	85
54.22	61
34.82	260
35.01	124
33.53	242
33.95	250
33.49	177
35.61	187
56.24	5
34.31	251
34.22	257
34.97	210
34.65	263
33.87	108
55.68	2
35.85	218
34.92	209
57.84	9
37.8	250
35.47	269
36.02	194
35.91	264
35.37	245
35.9	212
34.47	193
34.65	243
33.01	174
34.09	215
55.59	2
35	236
33.67	102
34.63	203
35.14	253
33.89	258
34.14	139
35.51	160
35.22	197
35.04	197
57.52	1
33.88	261
34.69	247
33.73	198
34.98	157
35.63	179
33.47	121
34.43	218
57.44	8
34.11	173
33.67	248
35.23	207
33.75	263
37.93	148
35.23	207
34.79	206
35.57	243
34.54	227
36.05	102
53.27	1
34.51	228
34.11	265
35.56	210
34.63	244
34.99	219
54.94	9
36.63	192
35.36	156
36.51	178
35.68	223
34.77	267
35.38	173
36.02	195
54.19	67
34.94	175
35.27	261
33.86	138
34.39	240
35.43	167
35.19	475
35.45	215
35.32	92
35.59	195
34.67	248
34.65	241
33.87	51
34.92	265
34.59	259
33.75	210
34.19	252
35.87	136
35.41	188
35.31	232
35.12	144
56.13	5
34.47	246
34.57	263
33.89	248
54.17	4
33.89	235
35.14	255
33.84	141
34.33	138
34.23	264
34.08	250
34.24	259
34.92	261
35.26	231
35.11	261
36.05	228
35.96	173
34.51	196
33.04	261
35.22	229
55.82	6
35.95	196
35.34	205
34.6	221
34.39	214
34.49	254
34.14	255
34.07	253
34.77	241
35.12	176
57.75	1
34.32	251
56.27	8
35.19	162
34.89	251
34.33	254
36.31	171
35.28	194
35.57	258
36.3	137
34.93	125
35.68	237
34.64	257
33.12	264
55.64	6
33.96	262
34.27	266
34.48	262
35.28	209
35.46	166
35.62	140
35.17	185
34.89	256
34.23	201
36.26	254
34.48	260
36.13	204
34.6	259
35.49	254
36.16	260
57.38	3
35.9	223
56.58	2
34.3	207
35.03	215
33.51	269
34	261
35.1	261
34.8	167
35.25	242
33.4	209
34.66	229
35.78	219
58.84	4
37.81	151
34.31	156
35.91	222
33.59	269
34.02	255
31.67	14
35.33	229
35.62	209
36.22	217
33.29	268
35.2	210
57.06	3
35.32	211
34.68	219
35.06	268
35.08	208
34.64	205
34.56	235
56.69	3
34.52	217
34.88	269
34.82	249
34.18	257
34.77	230
34.05	262
34.96	193
34.13	226
35.6	224
35.35	246
35.87	119
35.37	247
35.72	247
38	257
35.6	213
34.58	269
35.46	206
35.73	77
56.68	21
34.05	269
36.6	158
35.73	199
35.99	238
35.37	204
54.81	1
36.05	222
34.48	260
57.57	9
35.6	232
35.34	192
35.17	190
35.39	224
57.35	2
35.29	247
35.82	257
34.61	238
33.89	256
33.36	269
34.72	231
35.04	267
34.98	258
34.82	148
35.47	199
34.91	266
57.23	4
34.93	191
34.95	474
34.05	267
33.83	249
33.61	25
35.91	217
35.01	265
36.62	238
36.96	162
36.51	217
35.4	253
56.69	15
35.93	149
34.23	259
36.17	197
32.54	51
58.47	26
35.95	210
35.05	264
34.09	238
34.48	253
34.94	233
34.21	268
34.61	235
34.15	211
35.24	263
34.84	210
35.17	242
34.26	151
34.92	223
53.41	6
34.55	265
34.58	183
34.41	254
34.89	259
35.21	195
57.76	19
35.89	164
33.88	220
34.57	262
34.08	260
37.1	141
35.27	266
34.59	216
36.03	133
34.47	240
35.32	166
35.06	234
34.99	264
35.62	246
35.13	230
33.46	261
59.03	7
34.44	268
34.46	146
35.04	216
35.14	132
34.49	240
35.43	152
34.8	186
54.97	10
35.93	262
34.95	102
34.39	269
36.11	186
34.6	244
36.7	241
34.6	262
58.3	3
35.57	157
35.1	180
35.53	170
34.62	246
34.21	259
34.01	159
33.74	213
33.69	261
33.3	245
32.62	268
34.07	193
33.93	264
34.87	242
33.07	264
34.2	184
36.74	95
34.74	208
34.21	239
33.99	203
33.85	259
33.55	265
58.93	8
33.79	265
33.36	265
34.4	236
34.28	263
34.19	265
34.66	190
36.38	110
33.18	261
34.91	189
35.28	151
57.31	6
33.56	256
35.68	264
33.86	245
35.88	211
33.45	226
33	273
33.73	261
34.26	275
33.66	248
47.57	138
33.72	302
34.87	174
33.94	170
33.96	265
33.37	257
34.71	281
34.13	144
31.89	299
33.78	247
34.66	282
33.92	278
32.99	297
33.12	302
33.17	67
34.62	200
33.04	296
33.22	296
33.21	276
34.07	267
33.1	279
33.31	275
34.22	258
34.47	249
35.13	238
33.23	286
34	263
34.07	263
34.87	199
34.5	222
35.01	261
33.53	143
33.94	263
33.97	263
34.11	278
33.6	63
33.55	298
34.94	242
31.78	8
33.69	266
51.29	70
34.75	268
34.4	285
34.83	252
34.61	258
34.13	282
34.37	273
33.25	302
35.3	238
34.64	198
34.41	225
32.26	299
33.55	261
35.36	211
33.98	238
32.78	302
33.97	266
35.1	283
33.52	232
49.87	98
33.13	295
33.88	266
32.96	291
35.51	421
35.33	255
35.11	291
49.41	87
33.15	297
31.99	245
35.67	189
33.5	241
35.35	243
33.7	300
34.88	266
31.17	10
34.24	286
34.49	212
33.71	157
35.25	247
49.34	111
39.61	174
35.11	240
33.29	260
35.5	185
36.42	151
49.9	69
33.58	292
34.41	290
35.7	177
34.56	263
34.01	265
34.34	227
34.25	266
33.32	293
32.92	285
34.13	255
34.11	302
35.2	266
34.11	262
35.33	254
34.33	268
34.65	252
34.05	276
34.02	272
34.65	225
33.92	261
34.79	261
34.71	215
34.68	240
34.72	292
33.78	198
33.97	260
34.61	297
35.02	268
35.36	262
34.13	297
35.5	290
34.99	222
34.09	259
34.83	293
34.83	293
33.31	277
34.88	245
33.82	249
35.09	241
35.15	262
33.94	189
33.7	284
34.16	239
35.31	220
33.55	303
34.62	256
34.95	247
34.67	233
33.51	275
33	258
33.03	289
49.45	90
34.19	283
34.42	265
33.14	260
33.07	271
33.72	276
34.1	227
34.42	241
33.23	271
32.05	294
49.58	95
34.49	276
34.18	159
34.49	215
33	284
35.21	222
33.7	292
34.83	279
34.52	288
34.02	193
34.3	283
50.15	93
34.92	219
35.77	188
34.37	262
32.24	278
35.02	242
34.28	248
49.99	94
35.24	224
34.58	290
34.67	236
35.4	254
34.02	274
33.62	288
34.85	286
32.8	302
33.82	245
34.43	257
33.8	81
34.56	242
33.11	289
34.15	295
46.93	142
32.57	294
34.59	247
34	250
33.79	251
34.64	276
35.31	237
34.1	278
50.19	93
35.38	161
33.65	289
34.14	278
33.69	285
33.47	256
33.26	285
33.99	259
34.35	231
34.61	261
34	259
50.73	78
34.19	155
33.81	249
33.97	286
32.83	294
33.59	291
34.43	276
34.14	85
33.63	246
32.5	292
33.43	300
33.43	300
34.43	284
35.16	248
33.47	284
34.7	241
34.82	265
34.44	277
35.08	209
34.47	255
34.69	235
32.06	303
34.24	271
34.62	271
33.58	261
34.19	275
34.32	297
34.6	233
33.81	282
34.65	170
35.76	223
34.44	261
33.12	274
33.29	267
32.99	303
34.41	290
33.22	264
33.91	291
34.31	291
33.85	247
34.61	207
34.43	233
33.61	245
34.5	282
34.63	264
35.07	208
35.83	105
33.43	57
35.18	216
33.34	285
50.96	88
33.43	297
33.46	288
34.35	298
34.7	219
32.94	288
33.16	297
49.48	92
33.69	192
34.06	292
33.91	292
36.61	202
33.73	286
