sim	len_diff
33.58	74
31.58	86
34.33	105
33.29	117
34.27	150
33.04	46
34.12	158
35.35	57
31.75	57
33.68	71
33.57	71
32.56	52
33.35	71
32.87	31
33.64	164
33.05	33
34.63	56
32.61	149
30.81	85
32.48	74
33.37	76
34.72	56
32.71	36
33.79	126
33.74	63
34.43	46
31.72	160
35.18	66
33.81	64
30.13	85
33.37	151
33.14	118
31.99	84
31.68	84
32.24	105
31	85
32.7	150
31.58	74
31.58	74
32.67	156
33.3	49
32.09	64
35.09	45
33.3	49
32.05	24
32.69	41
33.62	86
32.63	79
33.83	81
33.09	170
33.21	82
32.17	29
31.7	61
31.91	74
31.91	74
33.12	52
32.49	163
31.58	31
31.69	63
31.06	19
32.4	82
32.88	74
33.42	161
32.63	84
31.8	101
33.3	63
32.43	80
34.53	138
31.25	65
32.67	147
33.41	83
38.27	34
32.13	69
31.98	57
33.03	76
36.44	57
34.42	45
34.55	131
35.08	134
33.9	120
33.04	155
33.95	85
32.64	167
32.78	155
32.73	158
33.62	99
32.83	40
32.89	37
35.47	55
31.1	68
34.27	70
35.63	46
32.68	32
33.4	43
33.66	121
34.8	71
33.57	60
32.88	32
34.81	81
32.22	171
34.27	64
34.18	79
33.46	62
33.34	82
36.56	44
35.13	52
33.58	86
34.44	42
33.06	43
31.11	83
35.15	81
32.75	98
33.16	65
36.51	38
31.97	78
31.45	72
33.04	71
33.33	117
33.97	85
34.44	57
33.54	154
32.72	85
34.27	165
33.8	138
33.39	83
34.29	66
34.23	69
34.96	76
33.04	54
33.75	44
32.77	82
32.87	80
33.86	63
32.01	79
31.55	79
32.77	85
32.01	86
31.98	54
32.38	172
32.37	49
34.31	86
34.21	55
31.97	67
32.37	48
31.22	73
31.95	84
31.54	67
32.28	142
33.27	58
32.89	85
31.5	74
31.99	84
32.54	81
34.26	31
32.84	16
34.09	28
30.86	86
32.82	168
35.27	39
32.63	68
31.52	75
32.2	27
32.65	64
32.6	71
33.15	49
33.15	49
34.85	51
33.01	133
30.03	80
33.84	86
32.15	100
32.87	80
32.28	81
32.26	84
33.63	69
32.51	85
31.52	79
35.56	19
33.15	84
32.26	84
33.3	77
32.22	157
32.22	69
33.81	121
31.48	22
33.35	132
32.15	84
32.94	71
31.93	71
33.07	77
34.19	67
33.69	79
34.73	32
35.2	72
32.11	83
32.92	117
34.59	65
34.3	79
35.71	63
33.13	77
34.65	53
32.19	81
32.66	67
32.5	65
35.58	84
32.55	71
31.93	80
33.76	63
34.13	57
33.65	139
31.68	85
31.64	79
32.52	47
32.19	64
34.95	72
32.19	80
32.48	69
32.72	66
31.66	82
32.75	58
34.06	86
32.2	81
32.02	83
34.47	79
31.7	80
31.33	80
32.11	78
31.66	84
31.8	85
33.72	37
32.13	73
34.06	84
31.98	71
31.91	84
33.65	75
34.1	53
30.73	82
31.35	84
34.15	86
31.77	86
34.81	52
32.25	82
32.24	106
30.71	77
34.61	68
31.01	73
32.06	81
33.36	57
32.17	61
30.34	84
32.02	83
32.13	82
33.66	80
32.45	79
31.95	84
34.09	44
33.05	78
32.9	79
31.65	82
32.55	46
32.91	76
31.74	107
33.8	28
33.11	86
31.91	84
30.35	77
31.92	81
32.69	79
30.85	85
33.92	75
32.18	80
33.5	134
33.64	72
31.12	79
34.91	5
33.13	157
33.64	148
34.76	90
32.93	61
35.69	106
32.34	29
32.19	80
33.48	70
35.29	74
33.31	63
33.17	143
34.25	153
34.63	56
34.34	67
34.19	64
31.74	67
33.22	69
35.3	56
34.65	83
37.09	59
33.01	80
34.06	79
33.05	43
33.3	80
31.97	73
34.26	75
32.1	85
36.28	25
34.51	80
34	147
33.28	83
34.3	70
32.86	82
33.8	135
33.88	145
33.13	74
33.72	58
32.71	80
33.22	77
30.75	77
33.73	83
32.13	66
33.18	76
35.06	60
34.53	66
31.29	77
32.72	55
34.04	76
34.03	71
33.36	85
35.69	78
35.34	80
33.26	62
35.44	49
34.56	69
32.04	84
32.85	4
33.79	68
36.98	57
35.28	68
34.29	83
33.03	52
32.29	59
34.24	41
36.24	49
35.5	85
33.46	84
31.83	164
33.47	84
34.91	59
33.99	79
33.11	77
32.97	56
32.23	78
34.5	78
33.45	65
33.8	84
33.26	59
33.4	76
32.33	120
33.91	53
31.4	45
31.96	104
30.88	18
33.91	39
36.17	69
33.39	28
34.73	97
35.26	56
34.11	64
34.81	86
34.76	40
33.09	75
36.02	43
34.74	134
32.47	21
32.4	42
32.7	64
33.37	52
32.94	51
33.1	72
33.06	137
31.63	73
30.57	6
33.46	64
32.66	131
33.09	116
32.81	70
33.84	60
32.22	112
31.29	71
32.55	82
31.54	120
33.39	70
34.47	71
34.51	35
34.77	11
35.04	91
33.53	23
35.89	126
33.48	18
34.37	41
34.5	52
35.09	52
35.13	127
35.83	102
33.25	60
36.57	75
35.23	119
35.21	126
36.44	137
35.38	59
37.43	31
34.34	74
32.32	69
32.33	111
32.29	37
33.18	55
36.66	21
33.97	98
31.59	34
34.19	53
32.17	27
33.78	131
33.76	57
34.06	109
32.33	36
32.13	109
32.8	102
32.65	107
33.78	102
30.04	22
31.22	35
33.61	53
34.12	117
34.07	129
35.68	50
34.58	133
37.37	96
38.22	42
36.94	8
33.19	22
34.27	74
35.95	49
34.09	137
36.94	72
34.11	73
34.24	90
33.29	67
33.41	41
35.26	54
35.55	59
36	21
34.83	96
32.61	74
32.85	110
33.59	74
35.01	21
34.86	127
33.62	90
30.79	3
32.33	8
33.13	86
44.02	8
35.07	69
34.68	71
34.89	8
34.28	41
33.89	56
33.98	61
35.91	64
35.15	34
36.05	68
35.14	89
31.78	125
30.44	67
34.63	60
35.56	66
33.17	46
31.68	59
34.46	82
32.77	22
32.75	31
34.79	67
31.36	70
32.98	103
32.12	75
34.32	119
33.03	66
32.3	134
32.83	48
32.62	123
30.42	25
34.06	50
32.17	126
33.26	53
33.93	64
32.73	3
32.03	32
31.5	48
36.15	53
33.4	78
32.34	71
33.85	124
33.14	55
32.61	68
32.95	42
33.52	33
32.33	47
33.25	91
32.79	57
32.66	33
33.61	57
32.8	67
36.52	81
35.55	76
36.5	73
36.15	65
36.67	100
36.23	69
33.65	57
35.89	66
35.2	133
32.29	68
30.16	49
33.24	102
41.78	10
33.92	115
31.15	3
33	56
32.27	59
32.89	75
30.95	58
33.54	53
31.78	126
31.11	117
34.03	53
32.03	36
34.88	58
33.45	55
32.76	59
33.44	48
33.97	52
37.38	54
35.12	59
35.57	68
35.67	55
34.75	102
35.35	105
35.1	101
33.15	68
35.8	71
34.61	76
32.7	70
33.83	120
34.22	65
34.12	136
33.69	65
33.35	130
34.01	79
35.04	128
32.58	22
35.21	100
34.09	73
33.5	70
33.85	49
34.13	114
33.6	58
32.66	18
34.87	133
33.88	53
33.65	66
34.41	51
36.17	60
36.13	3
36.95	86
35.81	64
36.03	109
35.26	64
35.56	60
36.26	126
34	10
34.45	129
32.6	33
30.8	76
31.72	52
33.85	68
33.09	22
34.73	45
31.73	121
32.87	109
31.96	27
32.89	77
35.54	33
35.07	76
34.34	37
34.82	43
32.44	31
33.72	73
36.34	78
33.78	54
35.29	67
35.75	40
34.05	66
34.62	68
34.35	59
33.21	51
34.37	50
35.22	72
34.4	66
32.4	71
33.27	71
34.94	123
34.1	113
33.5	66
32.34	75
34.84	64
31.62	75
31.58	75
35.15	60
35.33	69
37.95	21
33.07	46
32.2	75
33.09	34
35.18	74
33.47	129
33.96	68
32.31	113
33.29	76
34.85	68
32.34	68
33.84	70
32.93	70
33.74	67
32.79	66
45.31	3
32.04	102
31.94	64
33.98	9
32.48	19
33.78	92
32.81	43
34.33	68
32.53	76
35.18	118
33.69	11
35.79	61
33.34	46
34.62	30
35.44	108
34.15	64
32.18	3
36.53	57
34.45	43
35.38	63
34.63	39
35.5	48
35.02	61
34.92	111
35	62
36.37	67
34.31	120
35.6	70
34.93	124
36.18	42
34.46	50
36.79	70
34.16	17
33.54	73
34.45	122
33.84	73
36.09	70
30.93	35
32.56	68
31.91	59
33.66	78
33.11	50
33.45	71
35.73	51
32.01	70
31.44	37
33.91	73
32.71	135
35.92	57
33.61	65
34.1	132
32.12	120
33.77	71
32.9	76
32.24	67
32.64	16
32.98	119
32.07	105
30.5	73
34.62	42
33.15	72
32.37	66
31.69	97
34.73	40
33.43	53
32.25	73
32.69	54
33.51	69
31.84	16
35.52	73
35.81	71
35.81	111
35.55	46
34.41	38
34.34	56
34.13	34
36.66	52
34.3	76
35.02	57
36.29	35
33.92	55
35.26	108
35.5	42
34.92	75
35.53	111
35	44
34.58	112
31.11	113
31.5	10
32	52
33.92	122
33.47	76
35.47	55
34.01	54
32.07	96
33.76	67
31.05	72
30.33	27
32.56	24
33.57	83
33.51	71
32.77	101
33.61	67
32.59	123
32.62	133
33.61	67
32.74	107
32	38
32.87	75
33.02	64
34.32	52
31.78	136
33.73	36
31.43	18
32.8	74
35.56	28
32.61	73
34.48	21
33.23	4
36.31	75
35.83	40
35.32	73
36.12	26
34.96	136
35.25	19
35.06	7
37.56	43
32.83	75
34.06	41
32.6	98
34.04	61
33.04	108
32.72	57
32.26	68
32.52	54
34.43	73
32.7	67
33.87	42
32.06	47
34.76	60
32.36	36
33.46	52
30.53	76
34.69	39
34.28	69
33.97	33
33.03	24
35.1	30
34.19	116
34.43	69
33.54	50
33.68	65
35.05	104
34.49	107
35.35	98
33.22	121
35.75	33
35.66	67
31.52	66
34.56	85
35.01	32
32.43	69
34.54	112
33.6	72
36.39	75
34.48	84
34.11	5
31.7	76
31.89	47
33.37	59
32.63	80
30.53	5
31.62	10
30.61	29
32.3	73
33.33	46
33.22	69
33.17	75
35.28	49
32.85	103
33.02	37
31.37	44
35.19	53
34.29	71
34.19	60
32.48	28
33.76	103
34.37	20
36.46	42
35.28	48
34.44	137
35.39	107
35.54	69
35.46	135
34.51	67
35.19	70
33.44	45
34.43	136
34.08	68
34.6	81
34.05	64
33.08	76
36.2	40
34.6	61
35.19	53
33.94	32
34.53	74
35.06	51
32.93	26
34.16	79
33.29	60
32.06	88
34.49	67
33.39	111
32.08	55
33.71	114
33.19	69
32.47	67
32.39	17
45.13	12
33.5	62
32.68	55
34.52	31
32.21	74
33.16	40
36.02	76
33.81	72
34.45	79
33.94	49
36.02	101
36.12	63
34.89	101
34.96	71
35.8	137
33.57	135
34.9	29
37.36	73
34.9	60
35.69	48
34.24	82
32.55	115
33.82	118
34.65	62
33.36	16
36.17	59
34.85	62
35.81	135
35.91	30
35.16	117
35.05	74
35.67	32
34.68	74
36.22	51
35.39	84
33.7	35
35.37	64
37.06	55
35.22	41
34.28	41
32.78	89
33.65	75
33.61	46
32.64	85
33.56	94
33.48	70
34.34	69
34.37	52
35.08	93
35.68	48
34.33	48
34.03	55
35.26	55
35.26	45
37.2	64
34.51	102
35.11	29
34.5	72
35.04	96
34.55	125
34.25	42
36.08	76
35.46	49
37.5	35
34.54	121
34.73	75
33.45	40
36.37	67
33.11	60
31.73	62
36.61	53
33.59	72
34.69	125
33.24	137
33	64
35.59	63
34.06	111
32.78	21
33.54	77
33.61	47
33.8	63
32.55	116
33.6	79
34.37	49
33.3	63
33.21	39
31.84	91
32.62	76
32.42	74
30.79	30
32.53	71
33.63	62
33.91	126
33.77	104
31.52	6
31.37	0
33.75	120
32.62	52
32.48	65
33.38	70
32.63	108
32.68	76
33.37	21
34.15	48
32.58	56
33.26	68
31.22	72
34.06	68
34.61	62
35.99	62
35.82	44
35.32	136
34.14	70
35.45	46
36.62	29
33.63	72
34.66	68
33.15	52
33.97	120
34.8	127
32.39	73
31.85	76
34.48	59
34.56	71
32.22	14
34.18	57
34.53	76
32.75	115
34.47	51
32.47	70
30.52	132
33.24	59
32.48	71
33.78	133
32.4	60
32.84	122
33.68	51
33.58	74
33.37	21
32.89	72
35.09	84
33.09	57
37.1	39
31.98	44
34.16	42
32.62	74
35.9	72
33.88	95
33.03	69
33.36	19
33.55	75
31.1	20
33.04	53
33.26	76
33.64	41
34.05	50
32.63	93
33.11	69
32.83	75
33.66	61
34.81	59
33.88	54
34.06	38
32.72	119
34.7	49
35.89	57
33.32	76
34.28	43
35.88	61
34.03	48
32.04	72
33.04	72
32.96	112
33.04	72
32.75	40
33.04	72
32.02	63
34.77	80
33.9	41
33.71	62
33.05	75
32.35	136
34.1	117
34.41	65
34.72	111
34.11	52
33.93	66
32.15	78
34.19	54
30.25	30
32.55	125
32.83	80
32.93	22
33.52	122
34.55	57
33.31	70
31.2	30
31.55	37
31.71	117
33.09	4
32.54	47
34.14	50
34.5	99
32.63	66
31.99	38
33.56	136
34.58	59
33.56	40
32.4	73
31.72	50
32.86	66
32.31	101
31.44	68
31.83	73
33.09	136
31.66	59
30.79	11
32.89	136
33.48	66
32.77	21
33.96	129
33.07	122
33.48	63
32.58	1
34.63	46
35.13	45
32.52	75
32.41	133
33.97	42
32.67	68
33.27	60
30.78	125
32.27	109
32.16	46
33.18	51
31.91	72
35.17	28
34.21	18
34.63	64
36.9	48
37.67	46
34.7	68
34.38	53
33.47	58
34.3	71
35.97	110
33.45	66
34.55	71
33.48	36
34.79	100
33.64	14
32.7	134
34.34	38
33.14	68
34.21	128
33.17	130
33.97	50
31.62	75
30.77	16
31.09	60
33.22	111
32.92	53
31.07	123
32.68	67
33.62	76
32.96	56
34.09	69
34.37	134
34.12	68
33.79	73
31.31	65
35.24	62
33.61	105
35.48	106
33.77	75
30.94	76
35.19	106
34.89	21
34.18	72
34.11	47
35.66	43
35.56	60
33.96	60
44.07	2
31.84	75
34.79	60
32.35	61
32.92	60
32.26	106
31.87	62
34.19	95
32.8	122
33.35	129
34.55	67
34.63	37
33.54	44
34.03	63
36.58	55
31.83	42
34.48	92
34.13	76
32.78	137
31.76	65
34.96	84
31.5	62
33.39	62
35.02	70
33.83	134
36.05	97
36.66	53
33.14	65
31.89	73
34.03	64
34.34	17
35.28	113
33.33	82
35.26	64
35.43	63
34.56	64
33.8	117
33.8	137
35.15	43
35.34	96
35.38	70
32.1	7
33.85	67
33.06	58
34.73	68
34.46	61
33.4	55
34.16	49
33.72	45
34.81	75
34.92	56
32.41	8
34.62	56
34.57	62
33.36	124
35.31	59
34.03	79
33.95	73
34.5	104
34.79	75
33.09	53
33.48	47
34.08	44
34.42	30
31.76	12
32.57	119
33.47	60
33.95	78
33.43	38
34.93	38
34.41	90
31.98	59
33.51	37
32.93	70
33.74	67
32.17	102
33.74	77
45.22	3
31.49	68
34.98	87
32.79	69
32.48	19
33.78	99
33.51	76
35.06	135
34.84	112
33.11	64
33.26	27
34.5	103
36.02	102
35.13	71
34.37	55
32.75	40
32.77	56
34.6	59
32.91	76
35.44	56
33.56	23
36.24	66
34.58	71
34.33	93
33.45	66
33.84	113
35.12	65
34.91	88
35.21	69
35.53	32
32.79	76
35.15	72
34.96	47
33.05	74
33.43	52
32.19	65
30.97	74
32.63	58
34.94	42
33.18	78
34.67	92
31.13	2
33.84	76
33.85	45
33	105
34.44	112
34.26	39
33.66	70
33.22	66
33.87	53
33.24	125
33.07	65
33.34	98
33.48	63
34.15	89
33.75	32
33.64	83
33.02	54
34.86	51
35.69	47
32.26	74
33.35	70
35.37	70
36.05	16
33.36	73
34.4	26
36.6	71
33.39	4
34.33	68
34.68	51
38.26	41
34.62	52
35.82	86
34.78	113
35.38	65
35.22	52
33.79	111
33.26	73
32.85	11
31.36	76
33.6	132
34.64	83
32.55	126
32.29	54
32.62	74
33.24	120
33.51	42
34.95	100
34.59	69
34.23	116
32.51	39
33.47	42
32.91	121
32.85	56
34.35	67
31.78	107
35.16	25
41.66	17
32.29	40
34.84	73
34.05	86
34.05	33
32.79	21
33.52	40
34.86	67
33.52	56
34.61	87
33.83	118
33	67
32.86	85
33.57	111
33.86	10
32.76	75
34.39	112
33.83	118
34.68	130
32.34	73
33.06	42
32.92	35
31.05	9
31.29	26
31.83	66
33.57	113
33.78	36
33.15	87
31.48	49
34	75
32.36	120
33.32	69
31.36	65
31.66	76
33.75	67
34.71	78
33.22	137
33.36	98
32.67	98
35.3	109
35.71	55
34.53	116
35.23	53
35.28	77
35.65	124
35.84	106
33.99	137
34.27	45
34.11	36
32.81	93
33.13	53
34.18	84
34.73	37
32.8	115
35.04	42
36.5	29
34.82	33
33.8	71
31.62	59
33.7	39
35.16	73
34.1	46
34.95	33
35.69	96
33.19	38
36.64	109
36.3	73
33.32	49
32.76	33
35.41	72
35.47	123
35.29	16
35.05	58
35.21	103
35.43	129
33.48	36
35.54	100
34.37	14
35.11	63
32.85	97
33.01	64
33.63	37
33.06	50
33.51	32
33.69	81
34.44	58
32.3	29
33.79	58
34.07	131
33.83	105
31.58	86
32.48	75
33.33	28
31.32	113
31.97	68
33.41	53
31.16	75
32.74	37
33.51	43
34.15	124
33.48	55
32.92	65
31.98	67
35.29	59
34.49	70
34.44	69
34.07	79
34.62	48
32.97	60
32.37	26
36.37	26
32.53	109
33.01	71
34.94	39
33.93	78
32.65	88
32.76	120
34.02	66
32.58	49
32.92	110
32.41	55
34.24	53
33.8	40
32.59	28
32.54	105
32.81	86
32.09	137
34.58	43
34.11	93
31.84	66
37.86	12
31.92	29
32.44	72
32.22	75
32.37	13
32.88	112
32.33	87
31.17	57
31.93	59
34.26	56
34.58	55
35.6	60
34.39	130
35.2	105
32.81	8
36	61
33.87	77
34.62	59
35.43	55
35.57	84
33.91	60
36.35	58
36.85	88
35.62	68
35.37	63
36.13	68
34.33	132
35.74	74
35.31	63
32.2	11
34.05	53
34.61	42
33.69	122
35.76	35
34.9	74
33.23	58
34.34	94
34.36	105
34.09	62
35.39	62
33.02	137
34.71	17
32.7	52
33.63	107
35.01	49
33.69	129
32.17	133
33.63	76
34.58	58
33.57	32
32.82	104
34.36	56
32.78	43
34	53
33.23	69
34.23	88
32.65	110
31.76	19
32.62	98
32.22	41
33.24	122
32.11	101
32.75	62
34.47	131
32.63	86
33.03	62
32.81	136
33.43	125
33.61	71
34.85	68
36.09	50
35.26	108
35.43	52
33.81	13
37.09	76
34.78	87
35.39	101
33.29	61
35.99	90
32.68	57
33.33	75
32.88	76
33.06	65
30.78	15
32.93	109
32.55	75
30.5	13
33.97	62
32.8	56
34.3	37
37.08	56
34.24	36
35.59	55
36.34	116
35.55	61
36.47	94
35.5	113
35.57	82
33.21	69
33.72	128
32.36	49
31.99	94
34.34	65
35.24	57
31.9	45
32.06	99
30.93	72
32.22	53
31.57	50
35.11	69
34.57	72
34.22	75
34.56	133
34.01	106
36.13	71
34.01	72
34.5	97
33.13	76
35.25	53
33.7	70
32.88	75
34.62	37
33.1	66
32.68	61
33.3	70
33.68	53
33.65	131
34.56	94
35.14	41
33.51	76
33.15	125
31.05	49
32.55	87
34.1	33
34.39	72
32.41	95
31.63	39
32.63	70
33.1	33
30.72	21
34.29	61
32.92	126
32.6	137
34.68	76
34.38	39
32.69	76
31.58	47
32.12	23
33.82	91
33.67	87
30.94	59
33.93	121
31.14	29
30.79	29
34.59	49
32.47	62
33.94	32
31.63	58
31.92	37
34.13	33
34.32	111
33.2	74
35.53	65
36.15	55
35.93	100
35.62	132
34.39	72
35.35	118
34	60
36.23	61
34.85	71
34.89	47
35.23	25
35.33	57
34.63	45
34.72	72
35	75
34.74	22
35.05	67
36.63	73
34.46	133
34.42	69
32.89	63
38.47	52
35.62	44
36.58	64
37.32	114
33.77	28
34.77	104
34.19	135
33.44	12
35.43	6
35.4	52
34.13	97
33.98	3
35.26	54
34.99	90
36.38	109
33.67	68
34.87	136
36.56	53
35.18	29
34.82	53
35.64	72
35.96	48
34.99	64
32.83	3
33.88	88
33.45	63
33.28	38
36.56	35
35.95	70
35.17	67
33.42	46
34.94	72
35.73	73
36.12	61
35.86	129
34.01	62
36.3	65
34.08	68
34.73	72
36.45	46
37.12	75
33.72	50
35.35	57
34.88	59
35.13	75
35.87	61
34.91	105
33.05	75
35.77	28
35.11	91
33.43	55
35.22	52
35.78	63
35.54	73
34.94	58
34.58	73
36.27	72
33.98	64
33.86	57
34.85	62
34.08	31
34.54	51
35.76	33
33.45	120
34.04	61
34.45	65
34	107
32.44	36
35.22	45
32.57	50
34.03	86
33.49	28
36.95	25
32.24	58
30.2	16
34.36	54
34.12	29
32.37	84
33.98	122
33.74	63
33.45	57
32.75	118
32.36	31
34.18	62
32.48	63
31.63	54
33.31	34
33.95	91
31.93	50
34.64	65
33.31	87
33.68	70
32.74	75
33.93	25
32.53	68
32.17	137
34.18	95
31.25	75
34.16	126
36.08	20
32.3	63
33.26	119
41.7	1
33.82	7
33.8	34
34.05	41
35.93	53
35.52	14
35.64	89
35.89	23
34.52	73
33.54	28
33.88	39
35.07	86
35.99	72
35.86	34
33.71	48
36.36	86
34.7	57
35.03	124
35.07	38
37.91	73
34.85	72
36.85	48
34.41	30
32.72	69
34.94	64
36.62	69
36.37	60
35.66	58
33.93	33
34.1	115
36.25	110
34.45	67
35.24	91
35.36	67
32.81	70
30.73	26
31.9	50
32.07	64
32.75	76
33.67	58
34.81	50
34.36	76
33.58	66
32.8	29
36.63	61
34.89	42
33.52	38
35.04	101
35.05	49
36.7	68
34.51	76
35.81	77
35.12	128
36.74	20
34.37	57
34.85	47
34.53	63
35.19	60
33.96	91
35.55	108
36.09	99
35.07	42
34.78	70
36.4	68
34.95	55
34.86	41
34.75	75
34.25	43
35.2	75
34.18	72
33.63	42
33.14	61
36.94	58
32.73	7
31.84	102
34.17	56
32.41	56
33.69	62
33.62	97
32.53	89
33.59	49
34.04	46
33.41	53
34.33	84
35.26	56
36.82	76
36.88	64
33.3	73
33.3	73
36.56	67
38.62	29
37.43	106
36.68	100
36.7	89
36.34	70
33.04	51
36.02	63
35.54	73
37.26	20
33.78	39
34.77	48
34.13	59
35.1	43
36.53	82
35.52	47
34.61	71
33.26	65
36.29	58
33.87	54
33.34	74
35.48	58
36.3	22
35.87	106
34.5	40
34.69	74
36.7	58
36.26	59
33	52
34.67	13
34.61	70
34.89	97
34.9	73
33.81	73
35.22	43
32.87	41
33.38	129
32.55	58
32.25	64
35.08	52
32.53	40
32.3	74
30.06	35
34.5	76
36.62	50
34.13	70
35.19	58
33.64	116
36.07	49
33.95	48
33.58	75
35.7	120
33.57	3
35.11	35
34.36	45
32.31	21
33.93	71
33.86	35
34.58	95
33.01	75
34.96	79
32.77	48
33.01	71
33.59	92
33.37	47
31.65	44
32.93	73
33.03	127
31.65	44
31.5	62
33.26	132
32.12	137
32.43	70
31.73	74
34.54	52
33.51	40
34.03	54
35.01	71
32.91	74
33.01	120
33.84	42
35.93	67
36.29	68
35.48	48
37.08	50
34.64	53
35.31	73
35.22	58
34.73	134
36.02	42
37.66	69
35.45	42
31.6	6
35.09	104
33.37	71
32.85	134
33.07	89
31.86	72
34.04	103
33.81	114
32.05	7
34.06	59
32.76	40
34.6	71
32.53	26
33.53	99
32.33	70
34.21	124
33.38	56
34.12	71
31.91	62
32.05	47
33.36	105
33.98	74
38.6	38
36.61	40
34.66	64
35.24	61
34.65	67
34.31	25
35.69	47
34.59	47
34.87	68
37.16	49
34.03	68
33.39	129
32.43	58
32.41	37
31.95	72
32.63	51
33.48	67
32.96	91
32.38	74
33.07	61
32.5	121
34.63	54
33.42	75
32.31	14
33.5	59
33.15	51
31.59	49
33.69	22
32.27	74
32.76	46
32.94	48
35.59	42
35	56
34.25	110
34.93	136
32.8	56
35.89	42
34.08	76
30.72	10
31.47	19
31.71	70
32.9	73
34.06	107
32.83	41
33.05	131
33.38	107
32.26	68
32.68	72
35.2	50
34.05	61
34.58	70
35.04	41
33.86	27
35.42	80
33.8	126
34.08	53
33.74	38
33.32	74
34.73	60
33.85	102
32.98	80
34.01	74
35.7	70
35.51	53
34.19	89
32.43	53
33.79	35
34.08	74
33.06	133
33.21	118
31.22	37
33.17	37
32.99	43
33.61	59
33.72	59
33.64	66
31.05	73
32.91	122
34.28	58
34.95	57
31.44	75
45.37	5
41.98	6
41.52	12
34.76	69
42.77	10
32.99	48
32.15	131
33.87	87
33.65	9
35.25	68
34.51	55
32.18	71
33.13	60
33.49	91
33.61	56
35.61	122
31.18	71
34.12	135
31.99	3
33.73	70
35.22	61
34.66	108
34.29	109
34.7	90
34.79	70
34.35	49
34.4	51
36.73	63
33.22	86
47.42	4
34.01	55
36.22	102
32.88	72
32.87	19
32.87	73
33.13	68
35.45	16
37.47	83
36.66	60
34.75	120
34	46
33.24	114
33.94	109
32.54	49
33.27	34
32.75	72
33.46	41
33.58	73
34.82	62
34.67	136
33.87	73
34.27	102
35.17	89
34.26	89
34.24	102
34.87	75
34.74	48
33.19	65
31.9	26
31.23	76
33.25	32
32.25	123
33.49	96
30.88	72
33.97	38
34.72	41
31.09	74
33.6	110
38.16	7
32.67	63
34.09	27
33.83	127
34.52	53
34.26	31
36	60
34.25	34
33.71	70
38.4	27
34.59	43
33.72	32
35.08	52
33.97	104
33.73	70
34.93	58
31.6	60
32.4	65
33.04	64
30.75	22
33.39	76
35.23	51
34.59	120
34.33	62
36.75	45
32.99	76
35.83	66
35	124
35.9	65
34.45	50
34.33	62
33.67	111
32.44	72
32.49	76
30.58	59
34.9	53
34.4	80
33.25	132
32.48	110
32.37	75
33.13	66
34.3	23
33.55	37
33.33	3
34.43	29
32.27	33
32.98	3
34.2	71
33.45	3
33.33	3
33.3	3
35.31	16
35.19	29
33.85	34
34.5	69
35.22	96
33.7	123
32.16	9
34.23	53
33.44	39
35.62	104
34.45	114
35.49	54
34.64	71
32.88	20
33.25	44
32.39	68
33.99	38
33.14	134
36.61	32
34.54	46
32.31	69
33.52	31
33.95	118
34.19	57
33.03	56
34.01	36
34.96	55
32.75	7
31.85	76
33.3	104
34.64	36
35.12	101
32.7	76
35.5	43
36.41	57
35.21	74
35.64	39
34.53	41
35.31	66
33.96	131
33.63	55
34.75	131
34.32	38
36.02	61
33.51	71
32.87	71
36.75	68
34.58	73
34.06	52
36.4	4
34.06	66
34.57	114
33.87	39
31.29	29
31.95	76
33.55	77
36.39	70
34.11	131
33.81	114
34.41	54
33.45	135
34.34	27
34.64	48
31.72	7
32.45	76
33.42	111
33.06	106
33.77	67
34.86	66
33.48	120
34.33	76
34.33	76
35.12	95
34.45	76
34.45	76
35.06	76
34.61	76
33.99	59
34.33	76
31.12	74
31.87	74
32.79	23
32.36	40
33.51	71
33.13	30
34.19	126
33.76	57
35.44	55
33.62	50
32.24	72
34.12	107
34.09	66
34.13	57
31.06	72
35.38	92
33.95	41
34.11	69
32.43	71
33.09	76
31.65	9
38	27
33.23	112
33.45	76
33.63	57
34.7	34
35.46	53
36.03	92
32.43	47
32.3	52
33.86	38
35.33	69
35.51	59
34.7	72
35.02	68
35.38	35
34.94	75
35.2	53
34.94	39
35.08	53
33.4	131
32.51	59
32.98	67
31.98	68
34.75	58
34.17	41
35.6	102
34.02	84
33.33	102
32.72	29
33.5	32
34.76	109
35.27	111
36.03	60
35.69	69
35.52	124
33.77	104
34.78	109
32.87	58
35.66	133
35.55	63
33.62	73
32.84	49
32.34	66
32.01	107
33.13	70
33.72	26
33.03	87
31.07	71
34.36	47
32.83	78
33.77	75
35	73
36.05	45
35.51	63
35.13	102
35.32	80
37.48	68
33.52	27
36.62	49
35.62	66
31.95	61
31.84	31
33.94	111
31.37	57
30.19	10
32.86	25
32.1	21
32.27	134
32.25	35
33.83	73
33.8	106
32.46	48
31.76	75
33.52	121
32.78	88
33.71	103
32.28	72
32.94	40
35.05	54
31.73	63
37.79	84
38.18	34
36.74	73
34.7	133
33.15	119
34.91	122
36.25	16
36.67	50
34.19	73
33.18	73
35.26	51
35.99	49
33.82	15
37.36	65
35.86	13
36.15	70
34.72	96
33.88	75
34.58	71
33.79	35
35.25	75
34.03	85
33.77	53
35.23	61
35.12	113
34.97	133
35.65	49
35	46
33.8	34
35.94	40
34.96	55
33.75	62
30.71	38
34.8	66
32.4	45
34.16	109
32.94	72
31.78	12
32.6	33
32.61	51
31.65	56
34.58	49
32.51	4
33.5	114
33.8	49
33.8	49
34.81	49
32.51	4
31.18	17
34.31	70
34.19	53
34.85	82
31.96	13
31.43	72
31.72	17
31.1	10
30.4	49
33.5	18
33.02	100
33.08	123
33.73	47
35.5	74
34.58	48
34.51	118
33.48	66
33.79	132
34.99	78
31.12	17
33.47	52
33.47	76
34.72	108
33.35	137
30.95	54
33.03	64
33.05	117
34.54	81
33.03	75
32.6	64
34.11	125
33.7	66
32.65	15
32.28	67
32.92	97
33.15	84
31.85	123
32.92	106
32.27	51
32.13	64
33.86	50
34.41	38
33.79	71
31.5	75
32.75	111
32.75	111
33.14	48
33.86	50
33.69	70
32.43	85
36.25	76
33	32
34.12	63
33.56	33
34.25	23
33.02	52
33.33	76
33.88	77
33.84	45
33.59	48
36.2	55
31.2	76
35.56	66
34.92	27
32.98	76
37.44	17
32.05	67
35.03	89
32.8	76
32.51	69
36.89	85
35.27	78
34.73	73
30.91	12
31.69	75
33.65	60
35.61	52
33.69	134
34.36	80
34.5	49
32.59	76
35.19	34
32.53	38
34.69	41
32.35	53
31.4	8
31.62	53
35.72	51
32.69	70
32.5	67
32.28	71
33.37	66
100	0
34.75	70
34.2	10
33.8	126
36.31	124
34.52	64
33.96	123
34.83	52
33.97	72
35.09	53
34.23	89
32.86	74
33.95	64
34.8	69
32.62	61
36.1	45
31.95	76
34.1	71
34.64	94
31.95	137
34.62	119
35.02	76
33.33	61
33.16	73
34.2	41
34.48	58
34.23	77
34.38	25
33.47	69
32.7	44
33.33	18
35.17	21
35.32	31
35.47	74
34.5	53
34.69	67
35.44	54
35.56	42
34.84	56
36.19	71
32.31	1
33.03	44
32.72	34
33.34	66
30.23	0
34.58	46
33.69	67
32.76	120
32.76	37
33.48	28
31.75	54
33.16	65
32.59	74
33.58	86
32.14	75
32.15	50
31.91	131
32.33	35
33.09	69
34.22	60
30.62	37
34.46	49
33.96	132
31.9	30
33.3	94
34.2	67
32.61	62
31.99	34
34.37	58
33.31	69
34.23	94
33.74	75
35.92	98
34.68	43
32.37	19
33.53	123
33.14	47
32.97	76
33.41	136
33.02	62
32.8	74
33.45	74
33.1	63
32.24	39
33.23	63
31.93	136
33.19	132
32.59	105
32.83	30
33.86	54
32.54	51
43.72	5
33.66	25
31.18	52
31.82	76
32.06	30
33.41	67
34.83	53
32.33	49
33.09	112
33.41	114
33.62	56
33.29	71
32.85	70
33.7	124
34.31	42
35.65	86
35.09	39
32.95	76
31.96	73
34.11	81
34.44	71
33.33	50
33.02	76
33.25	75
34.52	15
33.22	48
31.05	29
32.84	73
34.9	72
33.88	136
33.79	49
34.99	113
34.59	70
35.05	40
34.68	123
34.96	137
34.41	61
33.4	134
34.27	55
35.26	116
34	53
34.38	94
35.24	72
34.52	68
33.91	95
34.25	74
33.93	33
34.2	43
34.26	120
32.12	69
34.56	66
34.96	62
35.19	78
34.96	62
33.15	45
34.79	39
32.93	68
32.66	42
33.67	92
35.3	82
33.44	32
32.18	73
33.59	74
33.02	66
33.9	38
32.52	5
34.29	73
34.68	66
32.88	65
34.81	49
33.59	69
33.53	94
30.81	74
34.13	58
32.98	115
34.13	68
33.48	125
32.98	63
33.11	125
33.99	115
35.04	35
35.01	63
34.98	72
33.52	82
32.45	119
33.46	121
33.91	104
33.39	82
31.02	76
32.01	74
33.51	94
31.18	76
33.36	61
32.95	83
34.4	57
33.02	32
34.34	49
33.59	69
34.13	58
33.45	94
33.78	53
31.71	65
34.13	68
32.07	73
33.48	125
34.76	79
34.95	108
34.97	119
36.18	85
35.4	50
32.13	24
33.71	107
36.06	83
34.67	85
35.44	64
33.18	72
34.71	69
33.71	125
37.83	21
33.31	39
34.12	69
36	52
33.66	85
34.05	89
35.11	55
35.78	136
34.11	75
36.5	61
35.62	60
35.82	68
36.78	35
35.93	59
33.77	69
34.13	12
35.58	105
34.93	66
35.8	133
34.07	72
35.21	59
36.77	35
33.92	75
35.4	74
33.2	31
35.53	47
35.18	29
32.09	70
33.88	72
32.64	74
33.68	95
31.01	56
33.86	89
31.93	56
32.45	92
33.58	62
31.72	61
33.5	126
33.06	73
34.59	25
32.36	62
33.58	57
32.16	52
33.45	69
32.4	122
33.31	121
33.51	120
34.52	58
34.43	29
34.22	71
32.18	51
33	77
33.19	26
35.73	71
31.86	70
32.84	41
33.95	16
34.95	105
31.73	66
33.57	70
34.76	125
33.69	58
35.88	60
34.11	80
36.31	39
34.38	29
34.31	59
32.47	81
35.45	70
31.79	32
33.85	85
33.4	24
34.04	33
33.57	58
33.73	20
34.17	62
33.78	70
35.15	73
34.49	25
33.45	38
33.53	72
34.04	58
34.89	103
36.31	97
33.19	68
34.59	39
33.34	136
35.34	48
34.02	108
35.75	35
35.09	123
35.61	38
34.2	61
34.53	71
34.07	73
34.66	124
36.97	66
34.31	58
33.32	74
33.88	132
35.54	119
35.37	55
35.05	70
33.26	70
34.57	89
35.38	74
34.99	64
37.41	63
35.56	57
34.42	20
35.92	122
33.95	68
35.65	42
34.45	106
34.62	90
36.91	49
35.43	85
34.13	60
35.47	52
35.07	115
34.19	115
34.47	35
35.74	75
34.42	65
35.11	135
35.22	33
36.51	74
35.01	71
35.44	94
35.42	81
34	131
35.21	54
34.58	68
36.46	103
35.48	99
34.62	59
34.62	119
33.88	46
36.33	81
35.25	67
35	86
32.59	60
36.09	93
33.77	132
34.11	37
35.37	47
35.28	64
33.9	101
36	65
33.15	39
34.61	83
32.84	59
34.08	75
32.54	68
34.32	52
32.72	49
33.7	94
35.39	50
34.71	129
37.48	19
34.6	60
34	50
34.52	132
35.27	74
35.12	67
34.45	42
34.15	16
32.99	71
33.36	90
32.05	71
32.99	76
33.83	66
36.01	36
32.92	62
33.29	73
32	36
35.3	64
35	105
35.6	98
36.71	51
34.7	40
35.39	38
37.31	60
34.65	64
34.17	86
37.45	69
33.5	68
33.72	48
31.05	12
32.96	81
33.37	43
33.56	72
32.99	37
34.38	48
31.12	69
31.76	67
34.61	13
33.3	65
34.73	38
33.87	47
35.68	64
34.29	28
33.51	25
34.51	123
33.38	68
33.25	70
34.16	48
33.18	101
34.75	56
33.94	37
33.75	21
35.92	91
33.73	23
35.77	59
34	75
34.31	27
36.7	65
38.76	30
36.63	59
33.78	80
34.81	101
35.7	74
36.69	32
35.9	69
34.29	63
36.58	42
34.62	53
34.88	36
32.47	134
34.04	52
33.32	2
33.18	49
34.13	66
33.76	63
34.4	110
35.33	91
34.25	60
31.7	50
32.27	34
32.93	49
32.01	82
33.63	126
31.75	49
32.49	79
31.91	74
32.6	88
35	117
33.41	76
33.52	117
33.48	61
33.06	67
34.02	71
34.01	72
35.04	83
34.22	119
31.73	71
32.33	68
35.45	119
34.77	135
33.87	39
35.9	53
35.07	120
33.36	42
36.96	78
34.4	124
34.01	52
31.21	24
34.1	75
33.83	71
33.36	123
34.45	118
32.99	51
32.28	21
31.68	60
34.44	67
32.06	31
33.04	67
33.48	57
32.46	32
32.36	110
32.44	21
35.75	54
32.98	73
34.31	118
34.68	4
34.37	112
35.14	26
36.25	59
33.31	104
34.72	88
37.95	51
37.16	53
34.44	73
35.3	37
36.33	88
35.83	53
34.4	128
34.89	69
33.54	75
32.76	71
33.97	83
33.92	128
35.72	53
34.48	68
34.48	75
33.45	130
31.94	3
34.16	54
34.77	25
32.41	121
33.41	68
34.16	44
32.5	50
33.68	35
33.74	135
32.96	137
34.37	69
30.95	64
33.72	135
33.95	35
32.2	106
32.72	66
32.48	75
33.83	62
32.72	67
32.52	3
34.77	75
32.97	73
36.75	31
33.27	28
34.26	50
33.25	75
34.33	131
34.11	68
35.34	73
34.42	57
32.25	54
33.53	124
33.02	77
32.46	92
33.34	24
34.77	72
33.4	28
32.98	55
34.84	70
32.92	84
32.65	76
33.01	57
34.62	54
32.73	37
33.22	58
34.26	48
33.16	69
32.52	73
32.55	117
32.63	94
34.3	110
33.61	45
34.02	53
34.17	54
35.12	52
32.74	73
33.13	114
35.57	96
32.21	71
34.65	37
33.78	65
33.72	67
33.62	75
33.32	76
31.01	76
33.14	92
34.63	70
32.63	64
33.73	59
33.82	69
34.77	55
32.59	126
33.38	79
33.32	75
33.2	74
36.77	14
33.06	100
31.69	46
33.09	44
31.57	14
33.68	63
32.67	66
32.77	105
33.39	54
34.48	41
33.41	31
34.66	43
33.54	64
34.4	61
33.71	70
33.24	132
34.28	123
32.8	54
32.27	32
31.18	55
33.38	113
33.42	112
31.97	129
31.52	69
31.61	113
34.55	75
33.59	121
33.46	114
34.17	75
32.5	73
34.42	75
32.19	76
31.98	67
32.22	28
32.39	75
34.95	106
33.74	105
33.36	55
34.86	23
35.23	28
34.08	94
33.97	74
32.98	64
36.2	109
35	69
32.43	95
33.66	53
34.62	74
33.33	71
34.02	86
31.66	73
33.53	72
33.33	118
34.06	102
33.11	67
33.06	57
32.92	54
33.89	39
32.81	104
33.41	71
34.4	40
32.91	73
31.7	54
33.12	81
34.88	51
32.82	119
34.57	78
32.92	112
33.8	72
33.79	109
33.26	64
31.77	62
31.68	24
33.94	112
34.66	59
34.86	49
33.55	69
31.36	76
33.25	94
33.15	94
34.45	58
32.01	34
33.2	60
32.93	122
33.11	116
32.92	129
31.48	69
34.09	87
32.47	38
33.12	121
33.39	64
35.78	72
32.64	58
32.34	96
32.48	17
36.85	94
34.99	67
35.56	46
34.93	125
35.12	136
33.66	28
34.43	41
35	76
35.82	71
35.21	99
33.31	122
32.36	93
31.51	59
33	109
33.97	136
35.22	54
33.82	54
32.41	44
31.77	65
32.88	70
36.24	72
35.82	71
34.99	75
36.51	47
34.42	120
34.83	84
34.44	55
34.97	50
37.41	109
36.9	18
32.86	70
33.8	62
33.01	74
31.56	76
34.54	61
32.74	55
35.43	29
34.14	56
32.34	72
33.94	49
32.39	16
32.25	36
31.74	18
32.67	71
32.55	67
33.38	69
31.4	46
33.75	69
32.45	120
35.54	64
34.13	110
32.79	74
33.68	41
35.02	49
35.94	72
33.67	136
35.2	64
34.32	119
34.45	16
32.77	35
32.99	71
30.12	75
31.28	72
33.65	65
33.19	69
34.31	68
31.51	68
32.22	39
32.13	78
34.01	108
33.61	21
32.18	65
33.06	48
32.37	36
33.51	49
34.5	50
34.46	68
33.32	33
32.26	80
34.46	76
34.65	76
37.3	75
36.15	96
35.02	45
34.14	72
34.82	64
35.58	33
34	74
34.07	92
34.53	67
33.25	76
33.51	52
33.27	72
33.45	133
31.85	76
33.87	40
33.44	113
31.98	70
34.94	49
32.62	71
33.33	95
31.94	74
40.3	11
32.04	80
34.62	119
32.34	50
32.87	70
32.61	105
32.84	46
32	44
35.23	78
36.21	62
32.05	21
33.13	40
34.61	111
32.09	69
35.27	60
35.98	12
33.93	105
35.69	68
32.81	124
32.98	113
33.56	136
34.2	34
34.96	129
33.45	39
34.38	38
32.77	104
32.31	61
33.76	102
33.76	102
32.24	130
32.42	112
33.34	34
32.88	50
34.04	69
33.83	135
32.77	44
33.33	70
33.15	75
32.28	68
33.14	22
32.82	127
32.16	62
32.57	17
35.59	55
34.19	57
32.45	66
31.72	68
33.7	57
33.44	49
33.63	91
33.27	62
31.39	28
32.47	69
33.82	58
31.92	73
30.27	18
32.93	74
38.38	56
36.93	54
37.04	50
35.97	56
35.72	11
33.31	64
36.45	126
36.71	65
37.57	71
34.76	76
32.81	48
32.83	68
32.44	47
32.5	25
33	135
34	53
34.35	67
33.84	73
32.33	69
31.44	56
33.95	136
33.9	71
32.81	66
34.24	71
33.91	67
35.44	60
35.12	28
35.28	72
34.5	75
35.35	126
35.81	48
34.61	60
35.88	125
34.36	29
33.47	76
33.52	29
35.23	60
34.64	125
35.39	54
36.57	98
33.61	31
33.68	100
32.69	129
33.96	120
33.55	18
34.95	50
30.01	19
31.44	64
33.05	14
32.05	73
33.54	67
32.55	70
34.35	39
33.72	55
33.37	67
35.1	40
32.45	9
32.15	31
33.26	48
33.94	83
32.48	75
33.56	37
35.64	77
35.26	41
36.26	48
35.13	128
34.73	70
35.11	122
36.62	53
35.09	64
32.83	76
34.42	59
35.61	79
33.1	99
32.19	134
31.51	76
33.8	68
32.08	114
34.96	64
34.04	83
31.53	24
33.74	22
32.49	25
33	38
34.52	72
32.51	30
33.62	56
32.26	65
30.67	64
32.01	68
32.93	129
32.24	91
32.59	35
34.42	31
31.89	11
32.64	43
36.07	45
33.51	66
33.64	110
33.71	36
32.83	25
33.45	26
31.87	73
32.73	71
33.51	93
31.87	30
32.33	69
33.02	118
34.2	90
33.29	92
34.21	128
36.27	66
33.4	69
34.37	70
34.95	73
34.19	72
34.45	49
35.56	56
35.15	28
35.54	87
36.01	67
34.03	84
34.53	135
33.01	91
33.87	86
32.41	67
33.75	30
34.49	60
34.15	38
35.9	64
35.23	62
35.01	63
32	24
35.61	114
36.52	39
35.82	54
34.63	36
33.38	67
33.91	28
34.62	38
33.56	57
32.6	59
33.85	76
34.63	22
32.5	64
32.98	57
34.35	69
33.77	117
33.13	111
34.14	68
32.06	53
34.83	36
33.46	27
32.74	15
34.01	117
34.49	68
35.04	44
33.64	74
35.5	62
33.7	39
35.76	54
34.32	23
36.27	72
33.32	30
34.89	124
34.27	53
34.43	60
32.44	71
32.75	76
35.82	61
34.08	75
36.36	65
34.06	67
34.79	58
33.77	21
35.93	68
32.8	65
35.98	44
31.55	4
31.41	61
32.73	89
32.82	83
35.35	85
32.52	66
33.4	26
32.5	50
32.65	38
34.21	58
32.78	133
32.47	48
34.03	71
32.01	133
33.69	70
32.95	125
32.97	51
32.75	70
35.77	15
33.65	64
34.77	91
33.59	76
35.47	44
35.21	56
31.98	11
35.17	51
34.68	53
32.95	80
34.34	75
32.04	74
32.43	47
34.46	106
44.71	8
35.08	128
32.47	59
34.15	49
36.4	40
32.27	72
34.95	74
35.11	67
35.23	7
34.13	55
33.47	57
33.04	122
32.8	62
34.72	67
33.91	37
31.52	75
32.98	64
34.4	85
32.86	110
32.62	73
35.85	84
36	47
35.46	73
33.59	57
31.64	76
33.31	17
32.41	71
31.85	16
32.91	75
33.98	34
35.1	70
31.87	19
33.87	47
34.83	115
35.13	50
34.61	75
35.42	54
35.84	98
34.91	57
35.87	123
34.52	110
36.33	35
35.33	89
34.76	48
35.97	112
36.38	80
35.14	84
32.77	40
36	52
35.01	60
36.84	73
34.23	110
33.2	17
33.73	42
34.85	132
35.14	101
34.81	38
32.73	57
34.83	85
32.6	79
33.26	43
34.04	38
31.55	56
33.05	61
30.8	34
36.24	53
32.33	76
33.61	112
34.75	55
34.14	119
33.45	42
32.27	51
34.38	56
31.98	72
34.5	79
32.16	53
32.51	25
32.49	50
31.79	69
32.58	129
32.78	113
33.39	124
30.54	2
33.29	106
32.78	74
33.97	69
33.67	108
32.19	120
36.4	33
33.61	58
33.56	129
33.3	52
33.65	83
31.55	25
32.73	112
32.97	36
33.45	110
31.38	23
32.56	67
33.41	110
34.03	74
34.4	58
32.62	76
32.49	85
33.07	76
34.22	69
33.02	116
32.15	57
36	76
33.45	75
34.08	93
35.07	79
34.69	67
35.26	69
33.22	54
34.86	27
37.43	32
35.44	53
34.06	34
34.41	74
32.13	2
33.68	104
33.53	75
33.84	69
32.1	83
31.93	39
34.11	112
34.54	100
32.08	67
31.91	48
32.9	72
31.79	67
33.91	67
32.52	63
32.7	58
31.54	52
34.23	38
32.23	64
33.66	61
32.26	56
33.8	72
33.08	76
33.81	52
34.7	41
32.19	32
33.42	115
34.15	37
33.52	73
32.54	65
33.73	18
33.83	95
33.53	111
33	70
30.95	72
34.43	63
33.99	45
33.01	124
31.94	73
35.59	74
34.52	68
33.64	34
35.22	104
33.28	62
34.88	73
34.89	67
35.57	55
35.05	63
36.18	71
33.55	125
34.28	137
34.9	62
34.26	59
34.69	74
37.12	50
33.77	37
34.33	31
33.89	65
32.4	68
33.98	54
32.3	118
32.52	70
32.5	66
34.14	63
33.17	113
33.41	53
34.71	99
33.91	75
33.38	68
35.61	87
35.36	82
33.2	54
32.59	61
35.72	37
35.04	70
33.99	28
36.22	45
36.26	71
36.27	55
34.19	41
33.56	103
34.62	74
34.64	85
33.28	25
32.03	136
31.72	69
34.43	58
31.69	41
33.16	45
35.24	69
33.65	95
32.56	44
34.81	67
33.17	94
35.39	71
33.36	71
32.59	75
32.64	124
32.8	33
32.34	75
33.93	30
32.74	106
32.2	75
32.8	43
35.12	53
32.86	120
32.72	135
33.2	38
35.86	49
33.73	67
35.75	70
33.29	60
33.67	123
33.29	77
33.13	70
31.95	117
32.91	65
33.88	56
33.12	71
34.44	34
33.73	131
31.21	19
34.33	59
34.61	65
35.53	87
35.31	112
35.72	73
34.58	61
34.45	68
32.94	48
33.09	75
35.13	44
34.93	31
36.16	49
34.48	51
33.9	50
33.51	38
34.16	75
34.27	67
32.71	137
33.24	76
36.26	51
34.18	78
33.67	60
33.3	61
33	77
32.67	90
35.75	104
35.71	61
33.82	50
32.41	136
33.49	56
33.55	91
31.4	72
35.03	88
33.64	39
34.22	33
32.02	36
31.55	16
33.24	69
32.52	68
32.13	17
31.79	38
33.32	70
34.38	73
33.45	71
32.88	76
34.02	59
32.12	71
33.34	109
32.66	25
33.68	55
33.91	45
32.33	71
33.9	103
35.28	44
32.25	72
34.12	60
32.68	64
34.68	56
34.54	63
32.72	55
32.52	69
34.1	92
35.33	41
34.66	107
34	36
33.94	38
34.27	42
31.27	71
34.04	22
33.49	76
35.71	49
33.9	64
33.28	41
31.76	9
33.12	124
32.57	100
34.33	109
33.31	43
34.05	93
33.94	49
32.95	48
34.38	74
32.69	76
33.15	70
33.17	100
34.08	46
30.99	73
32.56	55
33.74	45
36.04	58
31.63	76
32.8	73
32.06	116
35.06	39
33.74	95
32.54	128
33.8	59
33.45	27
33.37	86
32.81	38
33.8	133
33.72	37
31.31	72
31.87	31
32.04	110
33.15	69
32.47	70
33.58	31
32.38	36
32.66	70
32.13	75
34.82	116
34.05	94
35.32	39
31.84	3
32.86	58
32.69	92
33.81	61
30.96	15
30.16	75
33.22	61
31.44	71
34.15	52
31.95	110
32.41	69
34.22	73
34.97	61
37.66	57
34.69	55
34.71	68
36.18	82
34.2	42
34.48	63
36.45	69
34.31	92
35.87	46
41.39	2
37.09	71
34.06	7
35.85	71
34.45	67
34.98	67
35	64
34.87	69
32.85	128
34.63	70
31.29	54
31.12	55
34.15	120
32.66	114
30.74	64
30.81	64
33.17	60
33.55	37
32.69	59
31.18	71
32.57	106
31.9	63
34.34	53
33.57	98
32.51	135
33.98	50
33.12	118
32.84	107
30.6	69
36.52	51
34.06	33
34	72
38.47	19
34.82	67
38.01	59
35.91	41
34.28	134
35.53	104
35	80
35.72	62
33.24	53
33.8	74
33.56	82
33.94	55
34.43	62
33.73	55
32.71	71
32.78	62
31.94	129
32.83	100
33.41	52
33.89	127
34.25	63
31.91	69
34.52	53
33.26	61
30.73	74
33.61	41
35.17	45
33.06	65
34.57	49
34.88	10
34.93	10
32.59	1
34.84	67
32.83	73
33.59	49
35.22	113
34.91	100
32.62	73
32.62	73
35.2	134
33.83	71
34.23	75
36.3	64
33.34	72
32.55	73
32.66	62
34.83	67
34.41	133
32.51	72
34.14	70
35.32	101
35.72	57
34.03	35
33.41	115
34.82	116
32.1	48
33.9	124
35.4	74
33.15	60
35.9	40
35.5	70
35.6	59
34.68	53
34.01	135
31.5	7
34.47	76
35.02	66
32.02	62
32.67	102
32.38	46
32.73	54
30.31	16
31.21	55
31.17	33
30.26	16
31.3	55
32.29	134
33.04	22
34.53	104
32.79	64
33.43	70
33.59	109
32.84	32
32.01	132
33.59	73
34.07	34
32.35	104
31.93	135
33.73	62
33.55	71
32.38	117
32.13	103
34.12	71
31.98	76
32.86	47
32.17	46
32.64	66
31.83	77
34.58	81
33.88	65
32.21	89
35.25	73
32.34	82
35	80
35.87	55
33.38	28
33.2	75
34.68	62
32.59	86
34.73	66
32.91	70
36.05	33
32.38	60
31.51	84
31.06	80
31.49	82
33.63	79
33.28	73
35.13	55
34.75	55
34.68	70
32.93	52
34.29	69
35.74	64
32.71	77
32.08	81
34.69	72
33.22	84
33.31	72
32.11	37
34.18	72
32.72	49
32.72	49
33.43	46
34.19	70
32.73	54
32.51	81
32.73	54
34.68	62
35.75	62
33.59	70
33.29	83
32.62	97
31.62	7
33.76	86
34.09	162
33.61	30
32.09	45
31.48	84
32.01	57
31.7	78
30.74	81
34.15	72
31.67	79
32.36	85
34.36	55
31.9	84
34.62	73
33.27	55
33.33	48
32.49	76
32.75	79
33.4	100
32.29	84
33.73	68
30.84	85
33.88	80
34.19	67
33.45	83
35.76	54
32.45	84
31.93	59
32.6	69
33.46	70
32.15	80
32.61	75
34.51	59
32.1	62
31.9	42
34.04	32
31.22	78
33.82	51
33.86	51
32.92	73
32.27	82
34.23	39
32.08	79
34.84	121
34.81	40
32.56	79
35.12	75
35.58	64
33.65	82
34.57	76
32.05	64
33.64	154
35	93
33.4	117
33.09	48
30.51	79
34.34	80
35.52	60
37.54	53
33	61
35.35	65
33.48	64
31.12	4
34.25	74
34.52	72
32.5	73
35.71	57
33.54	77
34.84	145
32.1	56
33.91	50
33.15	85
34.37	39
33.45	130
35.79	62
33.61	132
31.87	79
33.75	71
35.25	47
36.12	58
34.92	73
37.38	62
33.8	65
35.3	85
34.63	46
31.48	84
33.79	69
32.28	82
34.29	46
32.81	73
31.11	83
35.22	64
34.59	49
36.47	67
31.63	22
33.06	80
34.18	58
32.9	102
32.01	82
35.01	73
31.72	76
32.74	151
30.88	81
32.52	48
31.2	81
33.65	85
32.98	75
30.36	68
34.51	63
32.36	84
32.37	52
33.72	80
31.6	81
35.81	62
34.02	93
32.87	117
33.29	73
35.02	77
32.88	160
34.22	80
33.97	13
33.07	171
34.22	76
33.33	85
34.1	64
33.01	162
31.65	75
34.79	58
32.26	80
33.05	80
34.18	82
35.3	56
33.41	80
34.79	68
34.72	50
32.53	84
33.41	81
32.59	77
30.52	13
34.25	130
34.7	62
34.7	35
33.54	79
32.13	124
35.62	13
35.1	100
33.42	137
38.38	27
31.13	8
33.03	80
32.79	85
33.84	93
33.62	56
33.03	118
32.36	70
31.37	85
31.72	39
34.19	137
33.72	58
32.5	61
34.28	57
33.43	122
33.2	150
32.87	80
34.17	76
33.53	83
31.87	84
34.38	140
31.97	75
32.44	80
32.8	75
31.77	70
32.25	74
33.11	11
31.37	13
31.98	81
33.38	76
35.42	115
35.05	122
33.52	78
32.7	77
33.9	23
33.4	73
33.68	49
33.68	49
33.39	83
33.39	83
34.29	152
33.29	121
33.38	78
33.5	55
33.5	55
33.77	63
32.29	82
33.04	171
34.83	90
31.13	11
32.24	141
32.74	150
31.87	67
33.33	58
33.89	93
32.7	100
33.38	53
34.03	49
34.91	93
33.13	22
32.94	75
31.95	120
32.84	32
31.76	73
33.93	141
33.3	82
32.98	76
33.54	70
34.6	35
34.83	53
33.18	82
34.51	76
33.1	156
35.77	76
35.7	34
32.39	111
