sim	len_diff
34.92	5
32.68	106
32.37	61
35.47	76
32.39	39
35.27	69
34.52	51
34.99	57
32.66	115
39.64	42
33.73	111
34.41	36
35.28	81
35.4	35
35.47	134
33.71	93
35.13	39
34.55	47
32.02	128
33.44	38
32.6	58
35.25	46
34.36	116
32.15	69
33.25	53
33.99	15
35.36	64
35.18	33
34.1	58
32.4	114
33.21	67
31.79	38
31.79	38
31.57	67
34.67	83
32.93	68
31.45	64
33.18	117
35.52	87
33.97	64
34.68	66
32.47	66
34.96	3
32.63	67
34.46	33
33.09	62
33.38	62
32.06	52
34.16	49
35.33	69
34.91	79
34.69	47
33.61	30
33.15	30
37.32	32
35.44	109
31.19	62
31.08	62
35.87	105
33.14	66
33.91	44
35.51	114
33.89	112
32.51	120
33.38	53
31.87	59
33	16
33.77	44
32.09	46
35.91	43
34.2	47
33.24	68
33	67
35.22	58
34.17	80
33.68	69
33.09	64
36.51	47
34.9	38
32.59	68
33.15	91
35.88	49
33.56	58
33.14	97
32.98	67
34.66	34
32.9	41
33.1	98
34.5	45
36.23	69
32.45	54
33.82	116
32.27	115
32.99	72
37.09	58
34.01	85
33.52	133
34.2	54
32.95	60
35.39	104
32.19	62
32.59	57
35.06	67
35.38	0
33.14	63
35.3	65
34.21	101
32.68	53
33.18	66
34.85	62
32.76	136
35.75	62
33.95	77
33.62	100
33.77	63
33.31	93
36.6	30
33.78	69
35.64	68
34.13	56
33.13	57
35.45	94
34.22	17
35.69	65
30.48	64
34.92	62
35.19	59
35.18	55
34.07	123
35.52	12
32.47	33
34.03	122
34.03	122
35.15	124
32.94	67
33.98	122
35.49	57
32.87	60
35.54	75
34.5	55
32.63	134
33.13	64
34.11	41
35.04	49
34.82	80
32.94	67
33.96	54
36.45	85
32.16	64
33.5	57
32.94	67
33.53	52
32.41	106
31.87	66
32.07	56
38.62	26
34.01	130
33.32	62
32.16	66
33.55	52
34.05	114
35.61	78
33.11	61
34.54	56
33.9	53
35	69
34.59	46
35.3	70
37.52	31
32.74	133
38.27	26
33.18	103
37.69	26
36.19	41
33.68	86
33.73	89
34.64	83
32.94	67
36.02	65
33.61	93
32.75	93
34.12	4
33.72	63
35.4	16
35.25	39
34.18	117
31.88	36
34.97	71
34.95	65
33	121
32.06	68
31.08	49
34.57	57
36.24	20
35.51	48
34.48	100
33.92	107
35.63	57
32.33	66
31.75	65
34.85	28
31.88	63
32.72	135
36.22	58
34.27	59
32.23	63
33.82	56
33.79	47
33.84	128
35.12	128
33.58	68
32.15	64
31.81	64
31.64	107
35.97	60
32.59	67
34.38	36
34.36	63
32.5	53
32.12	4
32.39	50
31.66	66
33.38	55
33.68	68
31.11	67
35.81	42
32.3	64
32.3	64
32.72	57
32.83	95
34.65	55
33.32	68
31.02	49
32.93	61
32.73	60
32.69	68
32.66	66
32.84	65
32.21	22
33.24	66
33.52	55
34.41	52
34.67	67
34.94	54
33.63	51
35.66	64
33.18	65
34.21	52
33.73	67
36.29	55
34.8	59
32.13	65
33.88	50
32.58	62
32.01	61
32.39	50
31.89	58
32.1	62
33.09	57
35.58	56
32.49	61
33.19	65
30.77	68
33.8	44
32.59	51
33.94	63
35.63	56
32.35	55
33.33	41
33.34	50
33.87	48
33.14	20
36.12	58
33.77	60
32.55	89
33.31	60
32.19	62
36.81	34
36.5	56
34.72	118
34.64	48
34.04	45
32.26	24
33.25	117
35.65	78
36.27	63
34.63	39
31.75	64
35.1	134
33.92	19
33.44	47
36.13	46
34.64	66
34.69	55
34.3	106
35.78	62
34.7	63
33.4	111
33.19	51
34.88	54
35.77	51
31.13	55
34.8	39
35.01	7
36.55	68
32.13	63
33.76	54
34.8	74
33.91	124
34.61	46
35.8	106
39.15	45
37.58	28
35.49	65
35.51	56
34.64	57
33.39	68
34.78	59
35.77	56
34.43	26
35.78	62
32.35	57
34.69	55
32.76	61
33.72	128
32.79	56
35.93	68
33.71	57
36.8	28
35.33	18
35.9	103
33.29	40
35.9	66
33.77	60
33.43	126
33.79	62
32.89	90
36.18	40
35.39	71
34.92	43
33.88	18
33.15	39
35.66	51
35.25	79
37.19	48
35.19	53
36.31	39
32	66
32.58	68
32	74
34.24	55
33.83	33
33.04	56
33.55	69
32.51	43
32.15	50
35.26	41
34.41	45
31.56	3
34.05	21
35.71	79
36.22	43
35.48	20
36.01	50
37.53	40
36.72	26
36.29	22
34.12	60
35.96	95
34.99	69
32.8	105
35.08	50
33.52	85
34.18	37
36.02	33
33.58	24
34.23	103
33.28	93
32.63	57
34.85	58
33.94	78
32.18	99
38.65	21
35	20
33.65	60
34.82	66
34.61	42
33.99	56
33.06	90
36.58	67
35.14	59
35.51	58
36	70
34.36	45
35.91	13
34.81	86
35.77	58
35.06	54
53.04	7
36.32	83
36.27	58
35.19	57
36.88	39
37.77	75
35.7	46
37.82	38
35.1	97
35.25	46
36.21	99
31.37	42
33.05	84
33.91	50
32.3	17
34.08	31
34.3	9
33.19	103
34.46	29
36.38	12
37.17	37
34.86	60
33.94	102
32.29	70
31.96	56
34.46	89
36.02	40
34.85	81
34.09	58
33.71	23
34.42	83
36.54	94
37.34	26
34.12	72
36.07	70
36.35	78
36.04	88
34.75	93
35.77	54
36.7	38
31.93	23
36.42	45
35.1	86
35.57	57
34.66	31
33.96	73
35.73	31
34.46	40
34.29	20
36.22	50
36.55	33
34.59	82
34.05	11
33.32	29
31.8	38
37.11	6
37.73	30
34.37	78
34.57	51
32.93	60
31.97	46
35.5	45
34.74	27
35.39	60
35.35	53
34.11	51
34.51	59
34.14	57
34.05	53
33.03	58
35.82	46
34.17	19
36.08	29
31.74	9
32.59	48
35.46	101
34.18	44
37.42	78
33.06	40
35.14	51
34.37	56
34.43	107
32	56
37.85	48
31.13	8
35.51	56
31.38	10
33.95	57
34.07	56
33.02	54
34.8	64
34.01	30
36.05	23
34.75	43
35.47	56
35.49	89
35.33	53
36.36	44
38.13	55
34.92	89
32.9	58
34.58	46
34.75	34
33.66	65
34.27	56
34.15	70
35.87	42
33	34
35.48	11
34.54	106
35.09	45
37.44	17
35.78	48
37.97	43
36.61	19
36.44	41
35.79	56
35.33	56
36.5	47
37.3	54
35.02	107
38.33	54
34.95	28
35.04	74
32.68	102
33.4	46
35.6	50
39.61	9
32.91	27
33.32	69
34.31	40
31.43	58
31.02	105
32.13	58
32.72	17
34.55	58
34.96	58
32.32	60
33.86	74
32.26	60
35.44	50
35.96	88
34.56	108
35.11	41
36.28	56
35.92	90
35.05	88
35.84	101
39.91	31
38.05	54
37.47	23
33.82	46
34.35	42
35.08	49
34.21	40
33.72	54
34.73	108
34.38	86
37.57	46
36.46	45
33.23	13
33.83	54
33.82	38
34.47	88
33.88	98
35.43	32
32.44	73
33.92	26
35.3	59
35.08	59
32.2	17
35.05	57
34.85	53
34.5	34
36.02	59
33.79	48
35.95	68
36.64	92
35.69	43
33.18	47
34.44	30
34.3	26
33.18	53
34.33	60
33.88	71
34.36	105
35.29	45
33.68	59
35.84	20
38.44	39
34.94	46
33.97	81
38.38	45
34.36	63
35.01	83
38.06	41
34.67	51
34.05	47
36.4	103
37.1	48
37.88	37
33.08	40
33.61	32
32.83	4
33.31	55
34.29	86
32.62	58
33.99	53
35.74	41
37.87	52
35.35	47
36.84	59
35.86	50
35.33	43
36.54	47
37.83	12
36.08	59
35.8	56
33.69	44
34.45	41
35.13	38
31.25	58
37.7	33
33.67	48
34.6	20
38.07	28
33.4	77
31.74	100
34.99	82
33.48	42
41.99	17
34.28	85
34.46	60
33.42	44
36.33	41
34.8	91
33.51	62
32.43	101
36.76	23
35.13	45
34.32	42
37.44	78
34.27	83
35.37	29
37.59	26
35.25	49
35.35	46
36.06	36
36.08	31
34.88	59
33.48	57
34.98	96
33.78	102
34.35	56
39.39	36
36.02	52
36.87	63
37.88	47
34.17	87
36.54	31
33.85	24
36.12	41
36.46	58
37	37
34.44	97
36.52	58
38.73	21
35.37	58
35.89	60
33.76	34
34.92	60
33.17	74
34.27	51
35.06	102
33.49	92
33.45	28
33.51	67
31.79	33
32.42	43
32.52	58
34.46	22
35.93	54
33.5	78
34.14	100
34.07	55
34.17	36
35.16	9
31.97	58
34.35	46
33.83	60
34.66	59
33.06	19
32.71	94
34.2	21
34.57	37
34.98	36
32.81	36
33.44	47
32.12	31
33.89	35
33.28	32
33.78	105
33.9	52
34.36	52
34.51	39
37.44	31
36.07	45
34.57	59
35.5	74
34.93	47
33.82	60
35.76	28
32.5	47
35.82	97
36.98	23
35.35	101
35.83	26
36.51	33
36.02	100
35.44	64
36.63	84
33.7	89
33.59	63
35.01	54
32.26	53
33.05	38
35.22	30
31.72	7
31.24	40
34.24	63
36.76	57
34.85	82
32.66	99
32.96	34
32.37	106
33.52	47
33.53	101
33.16	19
33.29	54
33.61	26
34.4	104
32.61	56
33.35	32
34.5	51
34.87	36
34.69	25
31.83	12
32.36	59
50.47	16
32.09	95
34.16	44
34.8	85
33.58	53
36.63	22
35.42	68
35.34	105
36.79	71
33.65	84
36.88	54
40.91	16
35.05	92
35.65	58
36.61	40
34.56	50
37.07	38
34.37	83
35.32	36
32.94	13
33.27	35
34.21	104
33.88	50
35.74	68
35.24	39
31.08	53
36.32	30
35.84	42
33.97	12
31.81	24
36.69	57
34.13	76
34.5	40
35.33	53
35.54	58
34.03	61
34.83	25
34.25	56
34.6	46
35.97	51
33.8	31
34.26	51
33.13	57
35.38	48
37	60
34.6	51
33.08	57
38.96	51
33.82	21
33.62	16
33.99	86
36.61	74
35.42	45
34.08	51
31.3	7
32.86	107
33.52	48
33.86	49
34.22	52
33.61	33
33.13	19
31.88	27
33.1	26
35.01	42
35.49	52
34.47	39
34.46	105
35.54	69
39.14	8
34.48	49
34.16	64
35.47	33
35.08	44
38.42	41
35.2	46
34.71	58
34.72	37
36.55	60
34.76	58
33.88	51
38.05	19
34.56	50
37.69	87
45.16	4
36.26	48
35.96	93
40.37	26
34.52	101
35.2	38
35.12	103
35.15	107
35.92	106
33.27	56
33.43	34
34.97	52
34.8	56
31.81	16
34.24	27
33.56	51
34.29	30
33.53	74
31.94	94
34.38	6
34.51	12
34.3	59
35.69	60
33.86	18
35	64
37.44	59
34.51	39
35.39	17
35.86	24
35.94	23
34.31	37
34.96	50
37.02	45
33.09	51
35.81	89
34.71	33
35.85	60
36.36	83
33.88	7
35.28	66
37.34	97
35.8	60
36.3	29
35.09	43
35.33	57
35.19	45
35.31	36
37.16	37
35	36
34.79	35
35.68	86
37.27	44
37.38	41
35.08	19
33.88	96
38.58	36
35.66	100
35.3	104
35.16	9
34.69	52
35.79	58
36.1	70
34.94	36
34.19	54
32.5	27
33.88	55
36.25	56
34.55	44
34.19	44
35.45	14
32.86	59
34.86	42
34.75	45
35.28	89
35.67	17
34.32	47
35.5	24
35.19	45
36.02	57
34.55	8
37.33	26
35.38	108
35.13	75
35.88	34
36.09	27
36.29	51
38.52	38
35.85	67
35.95	53
37.29	43
35.59	53
34.3	46
35.37	49
33.08	49
34.77	59
32.88	54
34.77	59
32.88	54
35.85	55
32.99	58
35.34	64
34.85	62
35.85	15
36.45	36
35.59	27
34.77	38
34.59	94
34.64	32
33.61	107
32.88	60
33.52	108
35.13	52
35.39	33
32.49	49
34.27	13
34.73	58
35.75	59
36	43
33.66	35
35.2	25
34.71	31
35.38	26
34.86	48
34.1	31
36.27	32
33.59	81
34	33
32.99	36
33.93	36
34.37	35
34.36	50
34.5	51
35.9	32
35.64	85
36.42	54
39.2	38
37.11	39
36.31	85
40.16	50
36.42	59
34.59	59
37.25	40
34.97	96
34.77	29
34.48	105
35.73	38
35.53	49
34.6	4
37.61	46
35.88	55
33.6	61
35.17	51
36.2	29
36.27	48
34.94	37
32.77	22
35.72	40
34.88	70
33.2	92
33.5	13
35	33
34.71	45
32.77	4
35.05	43
32.88	77
35.41	44
37.11	22
34.82	19
38.43	30
33.59	86
34.05	49
33.52	56
36.94	28
35.58	82
34.62	66
34.05	41
37.65	45
33.59	10
40.23	13
35.23	104
35.3	58
33.09	42
34.37	63
33.84	60
31.94	46
35.76	27
34.34	44
35.16	27
35.62	62
37.19	70
34.36	60
35.32	44
36.89	40
35.74	45
33.88	105
38.97	45
35.77	58
35.16	69
37.99	38
35.17	60
37.18	40
35.41	64
34.5	34
35.47	50
37.3	49
33.61	54
35.55	60
34.44	50
33.46	96
35.03	35
34.02	45
33.97	97
35.37	34
34.73	64
33.93	29
35.7	53
32.43	6
34.7	34
33.79	89
33.34	97
34.36	58
35.11	47
35.3	11
32.26	7
32.52	50
33.64	14
34.74	69
34.25	25
33.76	21
34.5	37
33.47	50
32.3	66
33.75	51
34.21	14
33.63	16
32.94	105
32.94	105
32.75	57
34.07	34
32.84	51
34.84	54
34.13	100
33.52	69
34.57	58
35.7	42
35.72	44
33.5	96
36.23	57
34.66	50
34.13	100
35.07	34
36.11	54
32.02	46
33.47	6
32.9	53
35.7	55
42.35	15
34	106
34.94	20
33.81	47
37.17	36
35.2	54
32.86	57
35.74	41
35.01	95
33.38	27
37.54	43
35.67	95
36.38	77
35.16	39
35.58	31
36.86	56
35.29	29
31	51
34.67	70
37.7	27
32.94	2
36.86	56
35.86	100
36.1	39
33.14	106
34.26	27
33.39	25
33.33	97
33.71	93
34.53	50
33.03	55
33.8	74
33.5	33
35.12	92
35.32	48
32.68	24
34.39	103
42.5	24
35.17	40
34.11	101
37.09	41
34.51	59
34.39	79
34.8	35
38.78	42
35.5	57
35.77	10
36.75	26
34.47	87
35.96	49
34.84	26
34.11	45
35.7	10
37.89	24
33.19	57
34.66	83
36.45	50
32.63	94
34.71	82
35.71	16
35.93	75
32.66	21
33.81	88
36.71	49
35.97	54
34.56	44
33.25	60
35.08	38
32.28	48
33.8	21
36.2	4
34.61	37
32.22	56
33.85	59
34.59	93
36.62	69
36.97	91
37.58	17
36.46	11
51.92	3
36.71	101
34.32	52
36.33	16
36.72	91
32.31	56
34.77	97
36.21	46
34.29	63
36.9	39
35.98	54
35.38	57
35.75	38
36.22	52
35.44	52
37	38
32.19	43
33.83	60
36.29	53
34.8	25
35.73	49
35.71	77
34.47	49
34.66	60
35.58	33
35.53	54
36.29	38
34.93	79
35.39	54
33.63	57
32.98	99
34.36	56
33.19	11
33.89	51
33.25	53
32.18	55
34.12	67
33.72	50
32.81	29
34.22	58
37.03	74
32.11	51
35.32	12
32.52	57
35.14	67
34.69	60
36.27	104
33.86	51
33.41	44
33.59	59
35.17	41
53.79	22
35.62	23
34.11	33
34.31	34
36.53	36
33.8	103
36.17	50
35.12	84
35.4	39
34.22	59
33.47	59
36.53	61
34.95	98
34.55	55
36.65	89
34.31	56
33.64	45
42.28	18
36.56	33
36.42	38
33.38	41
34.94	84
35.06	28
33.85	91
35.98	8
36.32	54
35.94	82
35.25	61
34.88	98
33.41	44
33.91	27
34.8	58
35.91	14
35.16	50
34.94	81
34.34	39
34.34	47
35.6	55
34.24	55
34.31	21
35.89	82
37.55	55
37.1	102
33.02	102
34.6	35
40.84	14
33.23	47
34.02	93
33.77	89
34.92	95
34.74	70
36.45	51
34.57	12
33.12	55
36.95	41
35.45	54
35.35	73
35.58	48
36.57	35
35.44	50
35.75	34
37.1	19
35.53	29
36.27	23
35.11	65
35.53	101
39.13	55
36.31	26
33.22	43
36.11	85
33.69	59
35.88	51
35.7	11
37.2	39
34.63	54
36.17	53
34.57	53
35.26	54
34.86	54
34.87	61
34.41	56
34.02	34
33.73	96
36.03	56
33.76	79
34.1	25
33.68	63
34.78	47
32.35	43
36.26	53
35.24	42
32.45	38
33.28	103
34.19	105
38.1	22
33.19	40
36.71	54
35.99	36
35.78	33
38.94	38
35.29	29
35.57	72
33.07	60
34.54	55
33.91	35
35.39	35
32.53	9
32.13	56
36.09	71
31.69	43
34.98	26
32.38	54
36.13	15
34.32	35
34.2	88
35.93	50
32.32	57
34.26	43
35.39	81
34	78
36.62	52
32.91	97
34.33	57
35.14	25
35.26	50
33.91	50
36.83	48
34.47	80
34.46	52
33.86	34
31.68	15
33.81	53
32.68	88
34.31	81
35.04	94
35.37	104
37.29	34
36.75	24
35.11	53
31.98	14
35.75	71
36.99	66
39.05	34
37.61	74
34.99	50
35.66	48
33.96	17
32.69	31
35.64	58
31.69	2
34.02	48
34.56	103
35.78	46
32.69	31
37.12	57
35.19	12
36.61	51
34.55	91
34.52	41
34.61	75
34.6	39
34.33	56
37.3	70
36.39	66
33.77	24
36.21	61
35.86	97
37.26	40
36.38	57
35.33	31
36.39	65
35.31	83
35.1	20
37.22	56
33.74	27
35.01	52
33.57	34
32.9	60
34.03	61
34.18	56
37.08	49
35.27	49
32.6	78
35.85	40
32.45	33
34.55	51
36.12	14
32.13	45
33.84	48
33.23	82
34.15	108
33.8	58
32.93	55
34.27	84
33.64	66
35.62	48
34.41	51
34.94	44
35.29	56
34.69	60
34.63	40
36.46	12
33.39	37
34.47	60
33.42	56
34.81	57
35.1	55
33.86	90
34.4	54
33.41	98
34.67	59
32.96	94
35.1	30
31.88	74
31.46	22
32.48	10
35.22	54
32.57	13
34.93	51
33.22	67
34.47	108
33.39	59
33.3	36
31.16	43
33.19	108
31.34	59
35.61	42
35.41	42
31.92	2
33.71	58
32.52	60
35.43	18
34.1	57
33.72	42
36.69	59
34.71	59
34.66	60
37.74	43
35.13	60
34.72	60
35.69	90
35.39	56
35.24	86
33.97	43
34.5	87
35.84	55
35.97	25
36.02	80
34.24	49
36.56	41
39.3	32
35.93	27
35.09	48
38.44	18
32.29	10
34.88	81
35.29	22
34.75	60
35.48	57
36.62	43
33.2	35
37.69	58
35.97	57
35.69	51
33.9	24
32.9	58
36.81	58
34.05	108
34.13	58
37.84	48
33.1	95
37.31	38
35.56	86
38.33	27
34.67	56
35.16	87
34.77	30
33.25	12
34.02	78
35.77	55
33.31	13
30.94	3
32.99	60
35.08	97
34.61	50
34.62	48
32.72	72
32.12	102
35.26	36
31.17	4
33.86	80
33.32	95
33.72	29
35.92	15
38.21	86
35.39	49
36.37	49
37.03	97
35.08	40
33.59	48
37.39	80
36.96	49
37.15	48
36.49	62
37.92	57
34.57	53
33.23	67
33.85	75
34.91	19
34.63	57
34.27	17
36.48	42
37.11	51
36.38	18
35.11	43
38.61	34
35.92	81
36.31	56
34.27	56
34.08	58
35.79	50
35.73	55
35.86	102
35.1	38
34.05	45
32.36	52
32.73	90
33.79	57
34.07	34
33.36	82
33.44	35
32.64	52
35.3	26
33.35	104
33.44	55
34.8	38
39.65	36
37.13	38
35.94	54
35.71	58
36.58	50
35.25	99
33.36	58
33.72	57
34.95	88
34.61	42
36.19	76
35.4	55
36.95	38
36.14	32
36.56	28
35.56	88
34.53	98
36.26	34
32.81	45
34.28	103
34.24	105
34.97	47
34.13	28
33.67	101
33.81	84
34.64	89
35.14	64
33.59	49
32.69	17
32.83	48
35.74	32
34.22	26
31.61	60
32.77	58
35.67	37
36.6	54
34.61	46
34.86	52
35.01	43
34.45	50
34.98	23
34.19	59
34.43	29
36.92	48
36.14	35
33.91	44
33.17	98
33.44	53
36.07	50
36.21	43
37.13	42
34.27	57
36.3	47
34.66	73
37.24	22
38.38	46
36.98	89
36.25	42
35.68	44
35.78	86
38.47	85
36.96	47
34.72	43
39.45	48
35.49	7
34.95	67
37.13	28
35.66	39
36.03	55
35.75	18
36.77	74
36.34	90
33.92	45
34.36	51
35.11	59
34.73	74
36.41	49
37.72	49
35.19	106
36.68	49
35.46	6
36.12	83
37.22	83
36.31	54
36.99	83
35.5	60
33.91	48
37.45	37
37.83	55
33.04	48
33.99	98
37.38	3
34.46	27
35.03	18
38.03	26
35.93	56
37.19	3
35.77	1
36.02	56
35.18	97
35.39	75
35.73	9
35.78	83
35.36	60
36.14	92
36.36	31
36.61	76
37.78	26
34.52	51
36.92	53
37.56	39
34.98	51
35.36	46
39.27	15
37.71	71
37	39
35.54	48
33.38	59
36.18	104
35.22	33
34.55	93
33.88	74
35.03	102
35.75	99
35.68	39
33.85	92
34.38	51
34.84	59
37.69	42
34.79	108
35.62	43
35.97	71
35.13	71
33.97	105
35.61	84
31.84	10
35.71	24
35.88	21
34.64	58
32.95	50
37.51	41
36.37	33
36.96	46
34.22	42
34.66	20
35.56	99
33.63	56
36.46	59
38.68	30
33.86	101
31.36	25
32.93	34
35.11	59
33.58	57
33.48	50
36.07	43
34.29	21
32.61	33
33.01	6
32.01	53
33.11	104
33.87	85
36.28	3
34.14	82
31.47	23
35.02	50
34.9	42
36.97	54
35.38	27
35.72	58
35.95	37
33.67	56
32.88	16
42.6	44
32.6	50
35.79	56
34.86	60
33.82	64
37.91	42
34.93	76
36.88	75
36.46	96
35.27	49
33.79	57
36.12	96
36.19	66
36.25	40
33.97	60
34.59	106
35.47	73
36.51	59
35.43	28
37.3	33
34.64	46
38.13	43
32.94	2
35.93	41
36.82	70
40.36	37
35.63	81
35.31	96
37.42	93
35.99	49
36.22	87
35.82	19
34.45	24
36.91	84
36.4	54
36.22	40
33.33	35
33.57	60
33.93	86
35.7	86
34	33
35.26	42
34.28	26
34.25	31
31.88	18
35.84	85
36.19	104
40.69	20
36.33	43
35.66	70
36	48
36.19	34
37.04	84
40.92	53
36.35	52
35.06	89
37.47	59
35.15	23
37.19	51
34.7	105
32.75	21
34.59	100
35.01	43
36.04	44
34.64	60
37.48	43
33.95	39
36.54	60
35.96	40
33.62	95
35.51	54
36.31	45
35.73	49
35.16	88
34.53	39
34.52	44
34.85	52
35.79	23
33.11	42
35.4	49
33.77	53
35.33	29
33.59	60
33.37	38
33.36	47
36.61	66
36.74	99
37.13	71
33.75	57
35.83	54
36.68	7
34.57	55
36.51	74
38	20
38.02	3
35.95	100
35.22	100
35.81	61
36.07	43
37.27	32
32.94	59
34.07	98
34.83	54
35.72	71
36.07	28
36.49	6
35.34	54
35.55	57
35.29	57
33.94	54
36.22	56
35.12	73
34.44	54
36.42	39
37.44	57
35.27	98
33.71	64
34.78	97
34.31	9
35.62	82
33.76	106
39.98	24
34.58	59
34.13	54
33.43	60
34.31	9
35.53	28
35.08	14
33.87	51
33.74	95
36.03	23
35.19	58
42.69	22
34.22	49
32.81	69
36.56	43
36.54	70
34.11	103
36.16	67
34.82	87
37.22	31
34.98	74
36.07	54
36.08	65
33.7	100
32.98	56
34.57	28
36.62	48
34.45	60
33.31	15
33.77	54
34.66	58
33.77	48
34.51	69
35.35	57
33.68	76
34.33	58
34.58	54
31.77	25
33.97	17
35.55	17
34.98	23
33.14	75
35.31	98
36.63	57
34.4	89
39.41	9
34.05	35
32.24	8
37.98	32
34.33	35
34.96	31
33.86	23
36.04	71
34.45	44
36.53	92
34.71	91
36.53	46
39.01	55
36.61	34
36.26	78
37.38	32
35.05	52
35.65	42
36.57	37
34.48	86
34.76	53
36.62	70
33.67	45
33.89	77
35.58	43
34.33	37
34.54	66
33.96	105
35.69	55
32.38	71
31.8	28
35.06	74
34.44	43
32.51	48
34.37	86
33.29	59
35.8	88
34.96	91
34.27	19
36.63	42
35.84	74
37.47	25
34.16	60
35.83	70
36.08	60
37.29	34
34.33	46
36.43	91
36.05	51
37.68	56
32.95	48
33.56	59
32.09	18
34.71	96
33.34	106
34.19	15
34.42	98
33.35	33
32.33	59
34.21	38
33.09	58
35.08	40
34.82	47
33.94	49
34.56	9
31.07	43
31.08	57
33.15	48
33.9	100
33.55	23
34.39	45
33.22	43
35.74	48
33.66	50
37.01	50
33.4	45
34.48	36
35.55	86
37.86	47
32.93	54
36.1	24
35.09	55
34.8	59
34.43	63
33.24	102
34.91	53
36.32	82
33.28	18
32.26	58
35	43
35.89	59
34.6	51
34.54	5
35.8	74
34.76	59
35.78	49
34.51	60
35.66	73
35.41	28
34.03	43
34.25	103
34.15	94
35.66	30
34.19	106
34.94	29
32.92	102
35.17	88
32.67	8
37.11	50
33.77	54
33.73	83
35.05	22
35.39	72
33.1	81
34.72	68
34.46	47
34.34	43
36.05	40
32.05	81
33.59	65
36.81	52
35	60
34.27	57
36.73	85
33.95	49
35.49	23
33.49	33
32.71	52
36.3	79
34.67	23
34.22	59
32.55	17
33.77	51
34.27	108
34.83	43
31.88	57
34.72	86
35.62	86
33.7	54
34.42	24
35.9	37
34.08	77
32.96	20
34	108
35.46	96
34.9	64
33.8	80
35.47	105
33.39	72
36.39	60
34.55	27
35.61	87
37.46	53
34.65	101
36.17	23
35.8	76
33.93	58
36.08	54
34.38	37
33.53	39
33.28	31
31.97	18
35.38	54
33.05	35
32.91	55
33.47	24
34.52	37
32.22	54
36.05	54
35.73	58
35.74	45
35.89	54
38.07	36
33.72	100
37.08	33
34.94	39
56.57	10
35.4	60
35.62	39
34.34	44
34.02	59
34.46	92
33.39	102
34.15	94
33.34	59
34.16	46
35.42	24
33.77	26
31.06	11
35.64	78
35.13	53
32.69	54
36.48	44
35.63	30
34.41	39
33.51	79
35.9	59
34.29	81
35.69	58
34.86	54
32.7	102
34.05	48
30.97	60
35.79	60
32.69	46
33.8	60
34.61	14
33.15	108
32.43	51
32.59	52
36.05	40
34.29	30
35	92
34.22	58
41.23	10
34.49	45
33.04	59
35.29	59
34.78	56
33.88	16
33.72	19
34.82	65
34.91	53
33.43	34
32.77	23
34.52	51
35.88	50
34.3	104
32.17	103
33.47	21
32.63	102
32.22	57
36.89	31
32.41	57
32.44	54
33.31	95
33.75	106
35.07	56
34.2	91
34.95	31
35.05	100
36.05	86
33.61	58
36.11	29
35.79	29
35.07	33
32.66	58
36.97	38
36.05	25
34.74	29
37.14	81
34.89	3
35.03	69
34.47	88
34.01	80
34.08	44
36.13	59
31.3	35
35.63	52
32.25	46
33.83	57
34.39	63
35.03	86
35.45	34
35.3	91
33.25	70
33.76	23
32.89	105
39.17	38
35.41	68
34.17	34
35.69	58
36.02	35
34.69	44
32.53	58
32.9	35
35.84	103
35.05	53
40.93	18
35.12	68
33.2	59
33.2	59
33.2	59
33.2	59
35.62	100
35.81	95
39.39	20
37.02	7
35.85	8
37.2	47
37.76	55
34.92	24
36.41	27
33.25	41
37.35	34
36.36	55
36.37	60
35.16	19
35.05	50
35.22	17
33.97	105
32.97	17
34.79	56
35.44	24
32.35	17
33.55	44
33.55	44
34.22	57
35.69	60
34.5	16
32.19	48
32.19	48
32.87	92
34.59	105
36.34	43
34.27	58
34.38	58
37.55	4
32.35	48
33.75	43
33.76	28
35.75	50
35.66	31
35.66	31
32.9	4
33.22	16
34.57	74
36.28	27
34.42	96
34.77	49
35.04	59
33.89	36
33.92	49
33.43	87
34.27	33
38.07	29
34.81	27
34.72	60
35.34	45
33.94	25
36.16	83
35.19	57
37.5	52
34.87	93
36.28	104
35	44
35.63	69
36.36	38
35.69	46
35.76	86
35.51	95
36.97	54
36.88	77
34.46	59
34.1	66
36.55	9
35.55	87
37.12	37
35.55	47
35.22	68
41.17	20
36.77	79
32.44	43
34.55	39
34.72	9
33.29	55
34.22	59
34.16	60
34.73	78
34.31	73
33.33	47
32.79	47
35.55	34
35.11	78
35.2	96
35.07	93
34.84	61
35.32	49
34.74	59
33.44	27
36.43	9
35.17	42
34.61	79
34.76	48
39.77	49
31.06	7
34.16	97
36.16	28
34.99	47
35.27	86
34.88	40
33.81	4
35.61	60
33.5	78
36.23	85
34.41	100
35.81	48
35.67	11
35.67	55
33.9	56
31.86	60
33.92	11
32.19	57
33.11	43
31.95	35
32.04	55
34.04	58
33.36	106
33.69	59
32.19	35
34.7	54
36.12	23
33.51	60
35.64	29
33.19	106
33.8	43
32.14	39
35.25	58
34.8	40
36.26	43
37.2	86
35.34	99
35.35	106
37.69	70
34.04	55
36.68	79
34.75	97
34.2	58
34.68	27
36.55	34
33.91	40
35.1	53
36.72	39
36.06	57
35.09	55
35.15	24
31.09	28
36.4	26
37.13	45
35.25	99
35.19	83
37.92	25
35.73	96
34.75	56
35.1	50
38.47	2
35.05	49
35.59	74
35.52	94
34.02	51
35.74	56
34.19	82
33.14	63
32.3	33
33.71	45
32.32	35
34.2	100
32.08	96
34.44	45
34.01	54
36.15	34
33.3	98
33.54	20
37.85	32
33.22	58
35.98	22
36.78	40
33.51	50
33.43	61
40.98	14
31.26	48
33.06	92
34.62	67
33.34	48
32.65	98
34.4	72
32.97	73
34.9	81
33.34	107
35	71
33.76	62
34.48	66
36.94	28
34.37	100
34.06	55
36.92	17
35.04	47
36.41	16
34.72	73
34.34	53
34.32	86
35.43	36
33.83	54
31.7	30
35.08	19
34.4	55
35.04	52
33.28	60
35.03	20
33.88	51
36.3	43
36.5	47
35.22	59
37.86	52
33.83	44
33.21	99
34.31	90
32.32	14
36.64	18
34.85	58
32.24	56
33.96	31
35.72	46
34.48	62
34.77	96
34.96	101
33.77	56
35.35	58
33.21	107
33.37	60
33.56	58
36.19	40
33.91	83
35.46	85
34.17	57
36.91	46
34.81	67
33.52	53
34.66	42
34.69	56
35.78	81
33.43	15
36.63	46
37.83	44
34.57	87
33.32	38
32.4	44
33.55	60
35.53	25
36.4	28
34.47	16
34.29	61
32.02	14
36.45	66
35.86	77
34.29	60
35.95	73
35.11	60
36.33	50
35.71	24
34.46	56
32.41	7
33.77	52
37.49	14
32.57	5
35.22	15
32.89	106
34.42	54
33.62	59
35.8	24
100	0
39.16	34
34.36	48
35.67	49
37.37	88
39.3	42
36.31	57
36.95	65
34.53	107
34.36	39
36.86	50
37.07	49
34.28	105
35.22	61
33.24	47
37.22	58
36.52	49
34.3	51
33.57	18
36.42	76
36.26	44
32.25	24
34.44	79
35.24	70
36.79	16
34.57	9
36.19	31
35.01	44
35	91
33.63	85
33.85	14
35.69	56
36.13	17
37.11	77
35.08	46
36.18	86
33.98	40
34.92	31
35.03	36
34.92	46
33.9	97
33.91	53
33.59	57
34.5	59
32.53	19
32.37	59
33.18	45
33.84	39
34.62	35
34.13	25
35.21	74
33.97	57
35.45	44
34.39	72
35.24	47
32.93	108
34.62	26
35.52	57
32.7	72
34.5	48
32.24	18
34.22	39
35.11	60
35.64	17
34.36	45
33.8	51
37.35	14
34.65	33
33.45	104
34.18	97
37.38	76
34.58	65
32.51	60
33.59	88
33.83	83
33.52	44
33.44	28
34.35	53
34.08	50
34.47	80
37.43	3
34.65	66
36.01	31
36.04	26
33.07	39
36.55	51
35.15	51
37.44	39
34.38	29
32.64	52
31.97	55
35.17	60
35.55	0
34.11	32
32.44	58
30.93	13
33.65	13
34.96	51
32.72	27
32.31	10
34.13	49
34.19	58
33.86	22
34.56	65
34.93	52
33.98	45
32.41	57
33.19	11
35.37	10
32.22	80
34.08	46
35.44	46
34.45	17
34.05	47
34.98	30
32.4	39
33.94	25
31.47	52
36.11	73
35.9	73
34.95	36
32.72	50
36.22	34
35.23	75
32.86	5
36.27	57
38.57	33
34.47	104
33.89	33
36.42	15
33.62	101
34.65	38
33.02	43
32.11	9
33.24	51
35.67	61
33.59	54
36.36	42
34.01	17
34.31	95
33.6	30
31.43	57
32.62	91
35	14
34.67	43
35.28	22
37.55	48
32.31	60
35.66	52
35.17	43
34.41	60
34.41	60
36.19	41
35.48	35
35.12	88
35.35	19
35.56	31
36.33	97
33.63	57
32.47	57
34.48	41
33.15	104
34.41	57
33.56	46
33.42	59
33.94	45
35.42	17
34.11	48
34.16	48
33.83	58
32.89	13
34.63	86
32.67	9
35.14	28
35.95	44
34.86	81
36.97	39
35.22	94
34.54	45
35.03	48
32.93	45
35.17	46
32.27	18
35.12	101
33.09	103
32.02	50
33.97	49
33.66	59
34.93	10
34.16	48
34.48	41
33.16	104
34.69	36
34.16	57
32.4	57
33.6	83
34.38	45
35.42	17
34.19	48
34.33	50
33.47	1
35.67	64
34.07	78
38.21	53
35.28	42
36.55	51
34.4	101
32.46	7
33.5	79
35.34	49
35	45
33.65	108
35.27	40
36.82	51
34.05	25
35	49
34.32	20
37.8	15
33.58	46
36.33	54
38.5	47
40.05	40
37.2	55
35.95	39
36.17	71
36.45	87
37.95	53
36.25	59
34.51	108
36.97	39
36.28	57
37.09	83
37.88	107
35.98	60
37.55	40
36.87	84
34.36	108
36.71	50
36.21	78
33.64	13
34	49
35.02	36
35.35	18
36.3	72
36.19	72
33.08	2
34.02	55
33.25	78
34.52	69
33.6	89
33.26	3
32.52	93
34.78	48
34.71	40
34.42	50
32.99	10
37.3	38
33.74	104
35.4	51
35.25	32
37.88	26
36.51	52
33.16	58
35.97	53
32.41	25
32.55	41
34.41	57
32.86	3
35.21	39
34.54	107
34.08	53
35.73	90
36.61	51
34.79	75
35.02	98
34.25	14
37.21	17
35.09	35
35.95	49
36.15	51
33.31	12
35.49	57
33.81	60
34.16	43
34.09	45
33.3	61
34.85	37
32.97	59
38.1	16
31.98	4
35.08	90
33.79	40
34.85	53
34.16	59
37.52	16
33.97	26
34.27	12
36.62	8
35.64	19
35.59	26
36.52	64
33.84	95
33.48	60
35.65	50
35.78	46
36.45	33
36.38	48
33.47	21
36.52	39
36.08	48
33.63	33
33.43	51
34.23	88
35.31	91
34.68	11
34.31	59
33.58	52
34.33	99
33.24	44
34.2	38
34.38	97
35.28	22
36.06	66
37.16	37
37.94	47
35.19	96
35.08	34
35.28	96
35.99	54
36.35	26
34.49	78
36.07	108
34.22	52
34.94	51
34.6	55
35.85	21
37.47	37
35.55	91
34.26	42
36.1	71
37.13	46
34.62	53
33.32	58
34.74	69
33.38	87
35.34	54
34.87	90
36.04	56
33.59	5
37.3	54
36.46	89
34.86	49
35.03	64
33.61	58
34.18	60
35.63	60
34.78	43
34.68	42
35.26	11
35.06	47
35.53	58
35.65	25
33.81	82
36.07	85
36.79	42
34.46	0
33.74	16
35.3	58
36.26	56
35.08	16
33.64	101
36.66	86
36.38	19
35.99	85
34.38	101
34.56	9
37.25	37
36.41	49
33.22	40
34.31	82
31.72	3
35.52	64
35.91	60
34.58	49
35.08	47
35.05	60
36.58	56
35.06	92
33.22	51
35.04	38
36.15	90
36.27	59
36.54	45
35.47	75
34.11	55
34.75	32
34.09	83
35.11	57
35.01	71
33.77	51
33.77	51
34.21	48
34.11	42
32.36	54
32.8	58
36.08	58
33.77	51
33.77	51
33.77	51
35.97	22
35.36	83
34.7	46
36.55	10
35.55	22
35.61	60
36.12	39
35.83	86
36.25	60
33.79	55
34.66	29
32.3	49
35.86	25
32.3	49
34.66	38
35	55
32.53	15
39.92	15
35.88	31
35.98	15
35.88	72
35.16	13
34.26	12
36.03	41
37.03	23
34.85	106
35.15	32
35.17	55
37.11	44
34.89	53
34.91	53
34.19	100
34.19	100
37.3	18
33.87	44
34.29	100
33.02	25
35.95	30
33.91	53
35.16	38
35.77	57
31.69	20
31.06	10
33.66	55
33.46	39
32.75	85
35.3	36
34.59	21
35.52	36
34.98	46
36.95	44
35.8	59
34.08	26
34.58	45
35.49	50
35.69	51
34.02	48
33.97	40
36.4	89
33.93	31
36.42	65
36.58	43
35.43	36
36.07	101
33.93	104
35.13	39
37.08	23
34.37	8
34.58	90
32.08	47
35.33	42
33.04	60
34.3	65
33.22	58
33.44	45
32.94	56
33.08	40
34.34	58
31.62	76
35.11	51
34.92	83
34.81	57
34.15	24
37.73	15
36.6	105
34.03	104
35.11	57
35.29	48
32.88	7
34.02	54
34.52	51
34.77	103
36.81	52
36.59	41
37.57	32
36.39	50
34.66	39
36.22	79
35.34	108
36.03	59
32.61	60
35.28	77
34.16	39
35.36	58
36.01	18
32.91	49
34.65	56
34.11	60
34.55	91
34.45	52
35.35	52
35.5	50
33.63	55
33.91	25
33.25	24
33.43	58
33.92	46
34.84	37
33.32	103
36.63	44
37.27	42
33.35	103
34.84	37
35.22	69
33.87	58
34.27	77
33.58	39
33.54	21
34.67	51
35.5	50
34.2	60
34.34	45
33.07	23
36.47	46
36.06	34
33.71	64
37.52	74
37.02	55
35.45	37
35.19	85
34.05	45
34.53	20
34.95	60
33.59	103
34.91	59
32.13	57
34.69	28
35.26	25
35.1	55
33.24	58
36.36	49
33.44	37
33.42	94
34.2	42
34.16	77
33.87	36
34	91
33.24	52
32.35	22
33.57	58
35.03	45
37.64	58
34.13	66
37.64	58
34.34	54
34.19	36
35.25	38
34.61	40
33.85	108
34.17	49
34.55	54
33.74	45
35.24	57
32.74	56
34.3	34
35.5	11
35.19	106
34.24	95
35.57	63
33.44	58
33.4	2
33.87	106
32.31	8
31.88	47
35.36	84
35.32	21
33.63	45
32.98	58
32.35	50
34.22	43
35.28	34
34.28	45
33.7	30
32.63	60
35.9	25
35.08	63
34.04	56
35.34	59
31.83	52
33.19	60
31.63	7
32.82	34
35.01	25
32.24	55
34.1	56
33.79	14
36.43	51
33.82	46
33.78	55
34.25	57
37.22	48
34.54	100
36.17	72
33.91	37
36.08	45
35	99
35	99
32.98	60
34.77	60
35.7	47
34.62	68
36.19	45
37.34	35
36.14	45
34.91	87
34.51	68
34.47	51
34.65	72
39.16	48
33.41	11
32.89	9
33.12	13
36.16	24
32.83	38
33.86	53
33.97	55
35.49	48
36.17	68
33.77	47
35.44	29
33.91	27
32.59	28
35.08	59
34.02	57
34.19	50
35.58	33
35.96	47
35.86	50
33.34	16
33.29	26
32.89	63
32.1	9
33.51	55
37.1	54
35.41	102
35.38	48
32.89	60
35.02	55
34.5	54
35.4	44
34.8	48
32.24	18
34.22	39
33.44	104
35.72	52
33.69	19
33.88	52
33.93	45
34.36	18
35.68	44
33.39	55
34.83	49
34.37	97
34.56	24
36.13	52
34.66	46
30.56	14
33.27	56
34	58
30.72	11
33.93	102
32.39	53
34.08	47
34.35	78
35.88	70
35.25	51
35.13	56
35.72	53
35.84	51
35.19	46
36.67	42
32.79	107
35.14	83
33.42	37
35.41	64
33.3	55
34.41	98
34.85	72
34.41	42
35.58	74
36	101
35.05	56
37.13	82
36.14	56
35.73	41
37.05	34
35.94	41
34.7	35
35.23	31
35.63	100
34	78
35	55
33.65	3
34.84	47
33.06	80
38.01	48
32.62	74
32.61	57
34.6	95
33.19	48
34.91	50
31.96	58
34.55	36
33.36	86
33.08	60
34.35	39
35.11	54
36.86	94
35.01	49
35.3	43
34.51	28
34.28	60
33.64	57
35.43	89
34.48	17
34.95	56
36.74	17
36.39	35
37.67	63
34.57	107
32.12	102
33.35	38
32.37	17
32.51	92
33.89	90
32.91	39
32.47	8
35.54	63
33.86	17
35.64	27
37.88	1
34.46	29
34.05	13
33.35	83
34.69	6
34.2	50
34.34	33
35.83	36
34.28	18
34.18	38
35.73	57
34.41	54
36.11	72
34.89	101
36.28	99
37.69	55
33.55	42
35.66	35
35.59	54
38.43	32
35.63	27
34.18	48
30.14	8
36.34	46
35.8	42
34.87	39
37.08	30
34	95
33.87	18
32.66	35
35.5	57
34.54	18
34.62	57
34.23	50
33.42	106
34.37	43
32.6	58
33.52	37
34.68	66
32.75	58
34.06	69
35.15	17
34.22	108
34.56	106
37.27	27
36.28	88
35.14	73
36.04	50
32.86	27
34.41	37
34.72	48
34.46	87
33.17	38
34.01	93
36.17	74
36.75	57
35.4	53
35.49	48
35.55	53
34.5	6
32.87	9
35.17	28
38.08	56
38.08	56
34.44	97
34.73	17
34.26	58
34.85	15
34.19	49
37.72	34
34.76	40
34.79	31
31.54	42
34.01	92
33.79	10
34.25	46
36.62	54
32.98	52
32.8	30
34.73	85
32.61	93
35.56	49
32.5	10
36.3	24
34.14	50
34.69	19
31.48	106
35.3	27
33.99	76
33.93	104
34.96	25
36.22	60
35.98	50
36.32	38
35.79	104
36.03	91
35.47	49
34.24	58
37.3	40
35.22	44
34.3	55
33.03	90
34.98	43
35.54	47
36.96	42
36.37	52
35.61	49
34.95	62
34.3	64
34.69	59
35.04	62
34.98	36
34.78	18
36.17	7
35.9	20
35.13	101
32.7	25
34.87	72
33.44	83
34.23	42
35.14	68
34.37	54
35.61	36
35.39	53
34.95	29
34.12	99
36.34	77
35.89	48
36.87	21
35.15	43
34.64	28
34.07	41
33.59	92
34.23	46
33.63	30
36.5	43
35.4	7
32.75	80
37.24	47
34.45	22
35.72	83
36.44	46
34.6	83
32.69	58
35.53	9
34.85	99
33.2	39
34.8	49
36.15	45
31.69	56
38.14	27
33.61	87
33.41	100
35.69	54
35.92	58
35.02	29
36.21	84
34.44	108
34.43	50
33.95	39
32.65	16
34.91	14
35.18	38
33.97	21
36.22	63
34.38	44
35.16	24
32.78	89
33.2	93
34.76	85
37.88	59
34.06	55
34.46	39
34.07	93
34.4	47
34.23	39
34.81	75
33.75	34
35.13	94
35.85	79
35.22	60
35.17	6
36.92	52
35.57	13
33.04	14
37.27	104
37.79	4
32.13	2
35.82	8
37.88	27
34.89	41
34.04	106
35.57	42
31.25	43
36.1	49
32.97	41
35.8	56
33.47	5
32.02	49
33.11	106
37.01	37
34.44	9
35.69	37
34.04	96
36.66	37
35.7	88
36.05	28
37.08	38
36.9	53
34.38	55
34.98	76
34.52	60
35.69	23
37.29	49
35.2	78
36.18	45
37.06	39
34.39	47
33.63	60
35.54	51
34.6	60
35.01	96
35.01	26
34.46	89
33.64	94
34.19	57
32.7	58
35.48	95
37.58	50
34.22	59
35.55	31
34.22	48
33.69	57
35.06	51
33.94	46
33.22	101
34.86	33
35.73	20
35.52	57
35.66	75
36.15	90
36.81	45
32.91	108
35.58	41
36.61	13
35.84	54
35.22	104
34.3	43
36.41	25
33.37	96
33.2	40
34.67	9
34.64	78
35.84	35
34.38	92
34.29	94
34.94	35
34.47	9
36.38	59
34.65	51
37.14	9
35.31	80
36.04	35
35.75	60
34.31	59
37.28	66
34.8	24
36.68	50
36.63	54
35.83	21
32.38	40
35.05	51
32.97	63
39.95	35
33.43	29
35.8	59
33.49	96
37.46	51
33.91	6
34.25	85
35.43	15
35.58	44
35.69	81
35.2	30
35.22	35
33.76	100
33.93	60
34.17	58
33.23	72
33.91	51
34.73	31
35.27	60
34.8	49
37.02	42
33.58	25
35.96	57
36.98	25
34.7	62
35.55	59
36.17	42
33.85	106
35.04	79
33.14	59
33.52	57
34.85	34
35.95	26
34.13	60
35.23	82
34.82	49
34.15	36
33	68
35.2	42
35.12	60
35.55	39
36.58	49
32.15	104
34.61	36
34.36	36
35.04	58
34.61	54
34.95	54
33.77	49
35.03	81
36.01	47
34.76	43
34.21	27
37.11	44
34.29	49
34.27	94
35.3	84
35.49	48
36.67	40
35.5	36
33.13	36
37.11	33
31.68	60
38.03	96
36.42	92
38.8	58
37.06	51
34.44	49
36.69	40
33.94	95
33	53
36.64	56
35.08	43
36.08	33
34.49	51
36.33	34
34.42	31
37.01	88
34.3	36
35.6	102
34.3	59
34.28	35
35.51	82
34.17	59
35.23	14
35.06	47
36.23	80
32.16	71
33.75	43
34.96	41
36.65	17
34.21	43
34.7	41
34.56	103
35.88	48
37.02	11
36.23	50
34.42	33
36.51	67
33.13	37
34.17	66
33.68	51
34.07	36
32.28	94
34.92	100
36.38	53
32.96	14
32.52	2
33.57	35
34.68	40
33.68	68
32.77	20
34.13	97
36.42	42
32.9	47
35.55	93
34.86	56
33.27	67
33.67	67
35.4	57
35.04	59
35.3	55
34.82	38
33.26	60
34.04	57
32.82	17
34.95	44
35.36	83
33.71	57
35.63	59
33.47	36
32.84	59
35.66	40
36.63	10
35.24	53
35.33	53
33.36	39
34.17	33
33.45	55
35.97	45
33.54	21
34.74	42
37.88	47
38.19	42
35.53	91
35.41	81
33.33	92
34.82	89
35.66	49
35.49	49
35.63	2
34.47	10
34.81	53
31.53	21
33.25	36
35.43	53
36.46	30
34.81	80
34.91	44
33.63	48
32.49	58
42.61	2
34.58	42
33.74	23
35.45	16
33.33	60
34.47	19
33.38	52
34.64	51
35.1	38
37.14	39
36.22	46
36.47	40
31.16	60
33.82	100
33.17	87
33.73	85
32.52	41
34.01	80
37.1	5
35.33	28
35.87	60
35.75	46
33.05	49
34.45	20
32.89	53
34.27	64
33.97	49
35.69	48
37.95	48
38.45	36
38.22	37
35.43	58
37.11	50
34.85	79
37.45	60
51.63	13
35.95	49
36.08	71
37.48	54
34.13	46
35.83	31
35.75	30
33.24	54
35.11	55
34.58	7
36.21	56
32.82	105
32.86	100
32.66	97
33.08	31
34.38	50
34.57	68
32.91	73
33.68	83
34.34	45
33.02	83
36.82	60
37.55	54
34.82	88
35.14	35
38.71	46
34.53	59
35.92	52
36.15	20
36.64	74
38.48	57
32.97	54
33.51	30
33.26	5
33.72	33
32.8	18
34.41	18
33.14	81
34.59	14
33.83	56
34.09	95
32.52	60
37.57	0
34.21	28
37.6	57
33.67	53
35.67	19
35.87	60
36.58	46
35.25	60
34.36	63
34.77	60
36.01	49
33.44	57
33.66	14
36.97	29
33.51	60
32.84	47
33.02	11
34.55	50
34.72	77
36.82	52
36	41
35.01	79
34.55	84
33.64	50
34.36	56
34.66	54
37.87	72
35.61	40
33.63	29
34.9	19
33.19	20
36.01	39
36.02	40
35.9	103
36.88	54
33.48	52
32.51	98
35.42	87
33.32	56
31.47	21
33.05	45
34.1	80
30.55	5
34.28	60
34.58	67
33.79	69
33.16	20
30.63	2
34.21	64
35.3	97
34.6	59
36.43	77
36.11	33
33.93	57
35.03	25
33.03	45
34.3	82
35.55	59
35.28	48
35.16	36
33.82	56
34.91	46
34.68	98
34.84	35
33.11	38
33.59	56
34.12	47
35.07	56
35.03	30
32.8	59
33.13	46
32.6	77
33.04	103
39.52	4
36.24	86
33.97	60
34.29	93
34.95	45
36	48
35.33	60
33.84	50
35.58	49
34.63	72
37.19	35
30.33	48
32.99	60
34.5	102
34.46	56
34.22	43
30.44	60
34.47	91
35.49	41
34.82	67
33.08	105
34.75	59
35.88	50
36.57	8
33.34	52
33.35	102
34.76	58
39.97	30
33.2	63
35.53	49
34.65	49
32.6	104
35.06	51
35.31	30
34.26	40
34.52	42
35.19	26
35.19	49
34.89	43
33.02	30
33.23	56
35.02	52
35.75	53
34.61	48
33.19	54
35.73	53
34.88	51
33.62	50
32.24	64
34	80
35.38	49
32.2	88
34.41	55
33.94	34
34.19	57
33.77	26
33.43	33
33.38	46
33.43	83
35.42	81
33.65	42
32.22	78
35.27	34
32.61	28
35.55	44
33.25	87
32.54	58
32.94	32
35.72	57
38.02	9
35.63	36
34.66	59
36.1	77
32.43	28
37.02	57
33.04	60
33.84	72
35.09	14
33.52	59
35.39	11
34.76	41
31.59	26
33.77	40
32.69	44
34.46	34
31.38	57
34	59
36.97	47
35.26	37
36.5	41
35.77	47
34.57	18
35.91	60
37.55	33
36.37	51
37.06	45
34.8	55
35.26	91
36.1	85
36.8	35
34.43	60
37.44	34
36.53	57
37.17	34
40.14	41
36.66	67
30.94	27
36.3	45
35.19	70
34.07	71
34.33	56
33.43	45
32.25	15
35.2	45
30.15	15
32.83	19
33.38	81
34.17	53
33.56	61
33.74	33
31.2	23
33.93	84
34.39	38
31.65	27
33.6	28
35.64	64
36.22	78
36.47	31
34.67	100
36.42	58
36.28	59
35.15	9
37.09	58
36.52	80
36.35	41
36.92	20
36.65	52
35.09	26
33.58	25
35.12	45
35.48	93
34.37	45
31.97	51
35.01	30
35.79	62
33.25	52
33.42	49
33.6	59
32.83	57
34.41	94
34.05	51
32.53	7
34.44	55
36.28	56
35.4	38
33.55	45
35.21	37
36.25	43
35.19	85
35.69	38
34.47	41
33.3	8
36.31	48
36.18	30
34.55	103
35.95	11
32.83	105
35.63	105
36.57	52
33.73	49
34.88	42
35.68	21
33.94	55
37.78	60
34.94	40
33.47	40
33.46	53
34.57	39
37.36	36
33.85	46
33.61	54
35.35	41
34.57	39
36.55	36
36.91	16
34.57	66
38.05	20
34.29	96
36.11	45
35.69	54
35.38	55
36.27	41
36.16	38
34.05	31
37	42
36.09	71
34.82	97
35.8	44
34.37	51
33.71	48
35.21	36
33.41	58
32.84	19
33.44	56
32.14	25
32.18	25
33.14	55
31.53	59
34.81	46
36.32	48
34.95	13
33.27	21
34.67	1
32.02	52
34.8	31
32.72	12
36.19	54
31.38	43
32.66	54
35.23	56
35.59	62
33.14	19
35.37	26
32	5
38.29	35
36.81	25
31.27	51
36.13	34
36.52	34
37.21	14
31.46	103
33.58	65
35.11	54
32.34	67
34.12	55
32.88	59
32.32	67
34	57
33.22	67
33.53	57
32.11	41
35.05	68
33.79	134
36.65	67
34.26	36
38.24	42
31.69	60
34.83	55
35.59	52
32.36	119
33.92	58
35.17	24
35.19	62
33.99	15
35.82	65
35.08	21
34.91	55
34.91	55
32.59	56
32.91	66
35.03	66
35.92	59
33.77	106
32.41	67
35.86	63
33.12	67
32.32	28
32.05	60
32.8	64
31.38	61
32.37	64
33.86	61
35.67	57
32.48	68
33.09	67
34.22	68
35.66	47
32.06	67
35.96	40
33.71	67
34.88	57
32.9	66
35.43	58
31.96	55
33.64	58
34.97	63
34.89	73
32.53	65
33.17	56
33.5	61
32.62	62
34.19	65
34.27	65
33.16	65
31.41	65
35.41	32
34	48
37.38	56
30.98	126
33.63	61
33.38	11
34.36	96
34.32	113
34.86	41
34.07	131
33.77	62
31.91	66
32.68	50
33.05	61
31.14	133
33.52	98
30.87	42
32.82	51
31.52	68
32.58	115
32.09	36
32.99	65
33.63	39
36.06	31
35.04	86
35.51	102
35.66	56
35.15	91
35.77	40
33	89
33.63	67
35.92	49
35.74	37
34.97	97
36.16	96
35.03	45
33.53	61
36.74	57
31.78	56
35.04	41
34.03	53
34.99	58
36.2	47
34.98	61
36.18	59
37.63	60
31.32	61
34.89	96
34.96	19
35.98	34
34.37	23
38.25	60
30.5	66
34.95	123
36.75	34
32.95	59
37.69	32
36.94	52
35.39	81
34.53	125
32.35	63
36.29	92
33.81	43
33.92	125
34.72	104
33.21	36
37.59	37
33.28	49
39.21	37
33.99	61
36.07	46
33.09	41
35.38	56
33.82	68
34.36	51
34	50
33.78	103
33.98	19
33.83	59
34.33	51
32.11	43
38.89	35
33.8	24
35.05	64
31.86	67
33.38	82
32.96	58
33.67	54
35.88	45
33.88	64
34.85	51
35.97	92
32.25	66
33.81	101
33.38	95
33.95	107
38.11	22
33.72	33
34.24	55
37.05	58
36.24	16
34.02	58
37.11	15
32.6	102
33.81	117
33.08	56
35.55	54
33.91	131
33.89	46
35.39	126
33.97	50
34.15	62
34.55	53
34.8	63
35.17	22
31.58	65
33.9	39
32.78	68
33.13	32
33.72	67
36.53	48
36.36	38
33.7	42
36.51	27
38.58	30
35.09	76
34.01	100
35.74	43
35.05	33
33.23	8
32.9	109
36.48	40
36.48	40
33.72	44
34.31	6
34.35	64
33.71	101
34.6	115
33.78	8
32.9	133
33.89	47
35.45	86
35.63	127
35.69	61
35.29	51
34.41	54
32.28	66
35.81	57
32.3	59
33.36	10
33.45	136
35.4	33
33.57	88
36.25	39
32.28	59
35.14	33
34.37	59
33.22	41
32.22	64
34.8	42
34.94	42
34.02	48
33.58	45
37.94	26
34.14	45
32.66	132
33.63	55
34.11	49
32.79	99
33.73	27
32.5	78
34.34	66
34.61	41
35.32	39
34.61	58
31.75	65
33.1	129
35.24	66
33.82	111
34.13	44
34.23	76
33.08	55
35.02	57
32.53	54
33.4	110
34.79	110
35.92	78
32.48	129
35.33	46
34.84	101
33.19	60
34.01	67
35.61	108
35.34	57
35.05	34
32.99	119
34.41	66
36.72	34
34.32	122
32.81	53
