sim	len_diff
33.32	176
33.67	144
33.03	188
56.42	6
33.42	314
34.88	106
34.06	127
33.64	156
33.24	156
32.25	34
33.21	177
57.83	8
34.29	137
33	197
34.36	166
33.43	196
32.45	200
35.09	153
33.33	49
36.05	92
33.91	195
34.85	175
57.24	8
34.34	168
32.71	181
32.86	49
34.4	172
33.21	187
33.15	95
34.44	142
33.52	196
34.11	150
34.85	133
33.34	170
33.42	313
33.62	102
33.62	102
47.45	42
56.63	86
33.77	176
33.7	201
34.5	134
33.72	194
32.98	194
33.11	157
33.73	178
33.74	328
34.3	171
33.86	160
33.7	186
33.41	198
33.41	198
33.41	198
32.93	202
34.65	174
33.71	113
33.75	199
33.38	199
34.58	86
32.52	202
34.26	154
33.42	131
33.77	273
34.18	164
33.34	171
33.62	102
32.7	200
34.18	176
32.56	192
34.92	182
33.09	382
33.6	141
32.46	198
33.22	200
33.07	385
33.13	108
32.23	182
33.98	159
33.73	191
33.34	174
33.93	202
35.79	227
34.95	182
32.91	194
33	204
33.76	171
33.15	202
33.59	187
33.13	184
33.03	189
34.18	158
33.18	182
58.79	21
34.26	200
34.33	189
34.57	179
34.1	190
34.11	194
33.16	190
35	166
34.91	181
34.28	172
56.71	8
33.99	196
32.99	203
34.13	168
32.86	54
32.29	200
33.44	51
34.46	176
33.38	200
33.97	172
35	172
33.5	171
55.17	6
33.81	179
34.94	182
34.18	168
34.93	166
53.92	3
35.38	175
33.18	203
33.67	166
34.76	149
33.35	189
33.16	200
55.72	4
35.37	148
33.56	192
33.99	60
33.51	201
34.81	118
33.88	182
33.06	204
55.05	86
32.61	41
33.13	173
34.26	176
33.43	160
34.03	146
31.97	77
33.71	159
33.88	194
34.86	118
48.53	25
33.54	195
32.34	197
32.94	162
33.62	201
35.12	98
34	178
33.54	318
34.68	177
33.81	158
32.66	198
33.11	199
33.62	201
33.81	197
33.4	159
33.34	195
33.89	88
34.04	182
33.36	191
33.43	194
34.55	162
32.98	197
34.76	187
34	190
34.02	201
34.95	187
34.48	186
33.56	186
33.56	186
33.36	194
33.86	176
33.58	126
33.59	126
58.07	75
58.4	68
63.31	15
32.4	203
34.35	150
33.63	171
35.04	119
32.9	192
57.37	7
32.74	184
33.93	125
33.26	267
34.01	169
33.05	202
34.66	201
33.18	147
57.22	7
35.04	174
33.48	182
34.28	187
33.55	163
34.28	203
33.42	317
33.99	182
34.15	168
33.75	194
34.01	152
56.46	7
33.55	132
34.37	169
34.97	180
34.17	150
34.38	203
33.12	179
33.55	199
32.41	204
31.28	185
32.39	182
33.83	153
33.09	202
34.3	174
55.29	28
34.42	187
32.23	56
58.17	69
33.93	202
32.27	187
33.88	110
33.1	200
34.93	173
32.55	175
33.36	148
32.77	198
32.47	202
32.76	101
33.49	204
58.05	70
34	185
33.21	185
57.87	72
33.5	185
33	61
33.44	154
33.5	186
34.06	182
33.71	182
34.44	163
33.4	203
33.28	200
33.93	179
33.73	186
33.96	123
34.29	174
32.52	182
33.12	202
33.7	199
33.89	186
33.4	204
33.5	200
34.19	153
32.1	191
33.47	197
31.46	192
33.08	196
34.52	184
32.31	204
33.06	178
33.35	170
33.6	194
33.49	190
33.2	193
34.66	89
33.42	171
34.84	197
49.9	8
34.3	190
33.67	311
35.07	181
34.96	150
34.63	120
54.28	6
34.39	186
34.37	132
33.92	68
31.18	29
33.32	201
31.9	200
34.34	144
33.5	191
33.43	196
58.31	8
35.14	199
34.11	137
54.78	0
34.17	194
33.85	164
34.08	161
33.67	172
34.44	168
31.76	201
32.67	190
32.71	196
34.56	172
34.03	133
33.96	147
35.65	140
33.18	194
32.7	203
32.8	192
33.14	160
32.78	194
33.08	168
34.52	187
33.44	187
34.54	182
33.25	181
34.17	204
32.86	167
34.4	159
32.25	144
33.6	172
33.94	170
33.64	194
33.61	181
32.86	195
35.72	163
33.57	161
32.9	202
32.68	194
33.54	197
32.27	204
33.63	169
34	208
33.89	186
34.14	203
32.59	195
57.76	73
33.8	183
34.17	132
31.59	26
32.88	200
34.75	139
32.11	204
33.49	172
34.3	180
35.15	101
33.66	197
33.45	199
32.86	90
33.4	274
34.41	188
33.43	203
33.12	189
73.09	5
33.62	146
34.48	83
35.02	78
34.23	158
35.3	151
34.24	207
34.54	113
33.11	135
34.27	118
35.05	179
33.78	134
34.88	161
34.38	257
34.86	170
34.53	252
31.85	3
35.26	138
33.64	177
34.12	159
33.01	54
35.06	124
33.93	156
34.74	321
33.64	168
34.16	135
32.53	35
35.12	89
30.77	13
76.7	3
34.44	118
35.14	141
34.21	108
34.87	141
34.45	179
34.06	53
33.1	119
34.14	157
33.83	156
34.4	122
35.31	151
35.32	199
35.14	155
33.94	159
34.65	142
34.66	170
34.41	169
34.3	169
33.63	172
87.55	0
34.93	177
54.17	7
34	164
35.08	142
33.53	156
35.11	105
34.39	178
35.51	157
33.6	171
34.15	62
34.79	107
34.14	163
35.33	133
35.27	115
35.98	139
33.41	180
34.25	170
55.82	6
34.33	151
34.66	154
34.24	112
34.48	147
32.73	87
33.93	127
33.91	148
35.44	146
62	5
34.46	151
34.13	130
33.79	170
35.46	127
33.89	177
35.36	97
53.93	7
34.67	296
34.67	154
36.03	129
34.09	86
35.18	172
34.77	142
34.79	145
35.02	173
33.66	166
35.15	163
34.02	149
34.48	172
34.31	163
45.03	4
35.19	161
34.24	176
35.22	163
35.85	136
36.16	146
34.17	167
35.06	138
34.22	177
34.41	146
55.41	11
35.53	177
35.45	143
35.63	109
35.37	171
68.76	11
34.48	137
34.5	124
34.62	119
36.4	119
34.78	171
34.45	152
35.18	143
34.81	174
34.84	78
34.29	137
65.47	5
34.86	159
35	159
34.42	155
35.15	156
32.8	282
35.2	135
34.58	176
34.5	152
36.29	125
34.55	118
34.57	140
33.92	172
34.22	99
33.22	174
34.68	67
33.97	65
33.12	132
35.23	110
34.26	152
35.2	198
34.1	135
34.41	180
34.91	96
33.31	176
35.52	79
35.16	156
34.21	178
34.75	117
33.57	179
34.17	112
33.44	180
33.96	181
34.06	154
33.64	175
34.35	166
35.14	152
34.38	163
34.95	162
34.6	164
33.98	170
33.6	164
34.58	140
34.48	180
35.52	145
36.64	146
34.19	146
33.94	115
34.18	134
32.13	50
57.19	4
34.55	159
34.63	194
34.34	151
35.07	134
34.98	136
34.74	169
33.43	170
35.28	146
34.41	145
33.71	82
34.39	181
34.41	167
34.83	122
34.43	171
34.7	142
32.6	55
34.09	174
35.25	153
34.81	88
34.28	84
60.41	8
34.9	94
35.5	157
34.5	148
34.7	167
34.8	157
34	176
35.04	153
35.34	95
35.11	119
35.72	148
59.14	10
35.45	177
33.6	156
31.64	6
34.1	165
31.66	31
34.1	168
31.8	29
66.37	0
34.37	177
33.81	124
32	32
34.76	165
34.12	120
34.45	138
35.02	171
34.17	179
33.75	177
35.11	133
35.02	143
35.13	160
34.08	164
34.91	168
35.48	174
34.73	142
34.37	161
33.3	67
35.15	119
34.44	86
33.52	175
34.76	112
34.62	159
33.99	107
33.69	171
33.18	31
35.05	162
34.82	158
34.73	139
34.56	180
34.88	175
34.11	178
33.83	167
36.22	153
34.37	167
35.07	99
34.77	134
35.2	124
34.21	152
34.12	168
33.93	145
34.52	158
34.94	151
34.87	148
71.08	3
34.9	150
34.02	179
33.62	73
34.08	168
35.17	135
34.4	152
34.75	125
35.81	151
35.76	150
35.01	156
34.26	181
34.27	168
35.21	167
34.32	214
34.01	149
35.05	157
33.94	171
33.84	115
34.72	156
33.96	158
56.51	3
34.75	181
35.62	109
35.15	116
34.58	159
33.94	175
34.03	150
33.29	85
34.9	161
66.1	3
33.8	155
56.32	8
34.02	168
34.89	143
34.73	173
33.69	177
33.95	177
34.65	177
34.25	131
34.73	42
35.14	124
35.78	102
34.11	153
34.14	181
40.29	74
34.59	130
34.35	169
31.9	15
34.62	129
34.46	170
34.33	167
34.37	157
35.93	127
35.06	173
35.09	91
35.4	102
35.24	160
40.79	77
33.71	178
34.12	59
35.02	130
34.57	78
34.3	111
34.91	167
34.53	169
57.51	11
34.83	140
35.62	154
34.6	181
35.65	125
33.89	175
34.75	171
32.1	31
68.8	2
33.12	180
33.67	169
34.76	178
35.17	169
34.32	141
34.72	165
33.73	158
34.44	130
33.77	78
35.22	90
34.05	99
34.37	113
34.72	183
34.73	98
32.71	176
34.87	98
34.66	107
34.11	174
34.47	148
35.54	133
34.27	135
34.75	100
34.55	164
64.95	0
34.3	144
34.7	164
34.56	168
34.51	105
34.81	175
35.93	72
34.43	178
35.23	97
34.47	141
57.09	1
34.48	87
34.67	174
34.19	176
32.8	45
33.32	177
34.27	71
33.16	173
34.21	230
35.08	161
34.8	114
33.77	112
34.39	69
32.36	14
34.65	169
35.22	146
34.52	150
34.43	145
33.44	166
32.54	11
34.96	257
34.49	181
34.19	149
31.55	21
34.3	176
33.37	179
34.41	163
33.79	159
33.5	148
34.69	55
35.59	161
34.64	156
34.55	172
63.87	5
35.14	176
41.48	62
34.25	137
34.6	137
34.67	149
34.87	60
34.55	129
35.3	111
34.62	179
35.22	147
32.72	153
34.33	135
33.71	144
33.43	141
35.08	180
34.38	156
34.89	140
33.94	153
35.42	148
35.12	144
34.09	171
34.46	263
34.33	101
34.57	147
34.44	137
35.16	158
33.07	178
34.11	173
33.98	72
81.06	0
34.32	119
34.96	160
34.35	180
35.25	177
33.66	147
65.61	9
34.5	93
34.89	165
34.76	180
34.24	138
31.02	14
34.07	136
35.56	181
33.06	49
36.06	124
34.85	176
34.34	101
35.03	175
35.48	152
33.99	173
34.28	174
34.08	118
34.71	135
34.79	102
34.36	165
33.62	44
33.47	307
34.23	93
34.24	71
32.97	146
33.36	181
34.3	181
34.04	62
35.78	148
34.93	143
34.49	99
34.34	151
34.34	181
59.98	8
35.09	180
35.01	114
35.24	159
34.13	177
42.87	42
34.33	159
34.07	168
34.33	170
34.1	174
36.15	161
35.37	157
34.93	162
74.74	2
34.47	160
34.43	162
35.81	134
34.32	142
34.4	166
34.32	161
35.13	85
34.28	270
35.49	138
34.63	132
34.62	118
34.5	173
33.31	181
35.58	97
59.86	1
34.14	153
33.89	177
33.44	180
33.83	179
34	172
34.14	159
34.82	136
34.67	115
35.36	131
35.02	144
34.04	155
34.97	179
34.18	164
35.28	145
33.93	175
54.56	7
35.39	169
36.68	91
34.63	160
34.78	159
34.53	163
33.97	138
34.05	115
34.6	142
33.68	177
34.66	132
34.87	180
34.16	178
33.04	166
35.06	133
34.46	179
35.57	155
77.16	1
34.93	147
33.87	180
34.58	170
35.13	160
35.19	171
36.35	147
33.95	159
34.27	177
34.41	149
35	142
34.9	54
34.68	262
34.12	181
34.56	152
34.76	86
33.77	165
33.88	179
67.37	10
34.74	168
34.21	165
34.25	60
33.62	181
34.85	153
44.64	5
35.11	159
33.37	92
34.91	163
33.47	254
33.57	239
34.55	107
34.36	149
35.08	89
59.78	7
34.34	161
35.27	172
35.66	179
34.9	124
33.89	176
35.94	108
33.87	179
35.87	183
34.44	161
34.04	161
34.39	134
35.22	121
34.13	156
34.71	104
34.57	125
70.18	7
34.54	159
34.12	105
34.08	94
35.13	153
34.04	178
36.42	92
34.79	89
34.25	153
33.99	177
35.23	138
34.66	77
33.92	169
33.08	155
34.58	132
31.5	0
34.64	117
33.74	106
34.08	123
33.91	74
35.11	136
75.89	6
32.95	181
75.26	4
34.01	101
34.45	171
33.32	174
34.48	137
37.36	67
34.78	121
34.49	181
35.99	160
35.45	168
34.16	151
34.9	128
56.03	8
34.23	165
33.96	160
34.09	177
34.15	106
34.62	160
33.32	23
34.91	170
33.76	174
32.47	28
33.84	151
58.5	2
33.58	160
34.41	149
33.95	156
34.81	135
34.99	112
34.23	122
34.57	78
34.61	117
34.2	133
35.52	118
34.09	175
34.48	154
56.42	5
35.09	141
33.28	180
33.96	156
33.95	175
36	154
34.76	113
33.9	172
34.28	149
57.14	5
34.4	249
34.58	167
34.24	157
36.12	158
34.79	102
35.4	127
33.59	116
34.75	158
69.93	2
33.88	73
34.88	177
35.28	166
33.87	170
35.28	155
34.61	159
32.89	179
56.91	2
34.14	69
34.91	156
35.07	82
34.54	163
33.36	322
33.95	171
34.26	123
35.01	169
35.37	137
35.15	166
34.43	181
69.72	0
33.97	150
36.04	142
34.14	137
34.84	126
64.72	5
35.08	137
33.65	67
35.61	156
33.86	156
35.49	166
33.05	171
35.63	134
34.56	175
35.34	176
34.23	148
33.81	64
34.47	75
33.26	167
34.2	170
34.19	245
34.31	162
33.55	272
34.19	165
34.25	155
33.63	90
34.65	164
34.86	157
35.19	138
34.91	155
60.77	3
34.17	118
34.08	177
34.13	120
33.83	167
33.55	181
34.82	157
35.09	160
33.19	176
34.51	181
33.63	167
34.48	136
35.58	153
35.09	160
59.67	7
53.3	7
34.67	135
35.4	157
34.36	158
34.35	163
36.18	97
34.5	159
34.61	94
34.74	90
33.32	169
34.43	109
34.95	163
35.46	84
34.66	121
33.85	79
59.07	8
32.97	56
34.19	179
33.44	178
33.48	176
33.99	88
55.61	8
34.74	101
35.02	156
34.44	56
35.81	145
34.43	112
34.31	170
33.67	171
35.53	130
35.58	157
33.59	121
34.37	179
34.31	176
35.54	155
34	105
33.68	90
34.58	160
56.2	10
34.1	163
34.26	172
34.14	159
33.54	176
34.45	117
34.74	88
34.4	103
67.27	13
34.44	168
34.09	175
33.33	173
33.74	172
72.65	3
35.61	78
33.13	146
34.38	165
34.64	177
35.43	232
33.85	152
34.16	108
34.07	139
34.1	174
35.05	136
34.72	153
48.11	12
32.4	12
33.22	165
33.84	170
36.22	126
35.09	117
33.41	69
34.99	161
34.74	133
33.97	130
34.59	159
35.33	114
33.66	179
58.95	17
34.18	164
35.05	157
34.65	167
34.52	123
34.99	170
33.42	181
34.17	178
34.84	134
32.6	28
57.29	4
34.41	161
33.62	104
33.91	194
34.67	151
34.88	167
34.64	150
34.66	158
35.14	114
34.78	172
36.32	109
84.18	5
35	131
35.19	159
35.03	160
35.18	164
35.15	161
34.88	152
34.09	181
54.24	8
35.13	180
35.46	145
34.18	172
34.11	141
34.85	159
34.24	170
72.06	2
34.74	133
32.55	171
34.25	162
34.03	181
34.82	111
34.84	151
34.42	145
34.87	156
34.28	180
34.9	126
34.23	303
33.27	147
34.16	176
34.73	94
33.17	8
34.11	157
61.46	3
34.52	134
35.02	158
35.4	92
33.57	174
34.94	171
33.76	181
35.02	144
60.94	8
33.94	175
34.04	175
35.34	181
34.64	178
35.44	109
34.71	168
35.09	115
33.77	141
35.48	124
33.94	175
33.19	85
66.3	3
35.07	163
55.4	7
34.75	156
35.95	106
34.01	96
34.18	117
35.69	121
33.14	34
34.66	121
34.25	158
34.07	171
34.27	160
35.3	137
32.67	175
47.56	5
33.83	173
34.71	171
34.48	140
33.31	50
35.63	146
35.16	160
34.98	180
35.01	136
34.82	140
34.82	172
33.6	177
33.66	139
34.66	142
35.31	147
62.87	1
36.5	109
71.12	7
34.1	152
35.28	177
34.31	325
35.12	117
35.74	176
34.68	152
35.52	117
33.22	50
34.2	151
34.06	98
35.59	114
34.5	120
33.67	126
34.96	172
33.94	108
34.2	96
34.11	68
33.35	93
34.38	171
33.15	172
34.41	168
33.45	165
33.16	180
33.94	140
34.33	176
35.04	174
34.25	181
34.22	161
35.93	111
54.82	6
33.92	126
34.45	148
35.27	136
34.63	163
33.52	177
61.89	0
35.1	100
35.16	117
33.41	113
33.16	176
34.08	156
34.23	223
35.1	174
34.78	152
34.96	160
32.75	74
35.3	126
31.43	7
33.4	180
33.88	236
34.24	111
34.73	158
34.67	155
60.69	5
33.48	174
34.92	128
35.56	136
35.36	150
35	129
34.35	295
34.71	122
34.37	170
34.01	180
35.15	131
34.71	172
34.29	154
63.52	5
34.8	158
35.17	180
34.49	84
34.09	155
34.14	180
34.72	93
34.62	166
34.24	169
34.67	169
64.5	1
33.84	133
35.65	156
35.42	98
33.65	165
33.75	121
34.24	100
35.84	123
35.03	159
34.05	179
34.13	167
34.97	158
35	138
34.97	76
33.45	158
34.47	169
61.36	6
34.95	138
34.2	170
34.98	127
34.58	171
33.22	176
54.93	4
34.56	158
35.88	157
34.51	125
34.46	117
34.87	165
34.11	104
35.46	131
34.95	100
35.69	130
34.47	154
34.58	181
34.61	107
34.72	118
34.86	169
64.02	8
34.35	62
34.7	71
34.55	169
33.55	177
34.93	127
34.07	133
54.59	9
35.29	158
34.32	171
34.29	172
34.81	147
34.77	128
34.29	104
34.5	147
33.87	173
35.21	113
34.44	131
34.1	167
33.76	157
34.63	136
34.59	179
51.75	4
34.09	153
34.41	126
62.59	1
34.62	142
33.5	175
34.7	146
34.07	170
35.01	154
34.46	155
35.64	169
33.27	53
35.1	134
33.88	155
34.22	158
34.01	172
34.19	161
34.57	164
34.64	138
34.24	177
34.91	144
33.9	131
34.23	98
34.44	105
34.06	170
34.63	133
34.03	181
34.58	160
70.49	3
34.28	147
33.91	177
35.41	155
34.89	139
34.96	152
34.42	113
33.48	179
34.66	136
34.24	149
32.24	19
33.96	166
34.25	175
65.82	11
32.87	40
33.93	161
34.45	155
34.62	131
34.83	152
35.12	117
33.59	78
33.29	164
34.43	159
33.9	59
33.87	159
33.71	107
34.01	158
34.95	98
34.63	122
31.55	22
34.02	165
32.65	180
34.45	102
34.69	213
35.07	93
34.57	169
35.2	149
34.38	127
35.35	163
35.27	88
33.78	170
32.81	166
71.28	2
35	137
33.76	181
34.55	131
34.48	176
35.14	63
42.75	43
33.89	113
34.24	38
33.96	180
34.67	172
35.24	170
35.78	61
33.87	144
34.8	163
34.76	92
34.27	170
69.82	2
34.83	141
35.39	128
34.88	121
35.05	145
34.9	112
34.95	133
34.62	150
70.14	9
35.53	117
34.64	151
34.18	160
34.85	135
35.11	180
33.86	87
34.25	75
63.7	1
34.39	122
35.29	151
35.61	98
34.31	157
33.76	181
34.07	176
35.08	150
34.32	138
35.55	142
34.49	133
35.57	195
33.53	174
34.76	159
34.17	239
34.32	162
33.62	157
34.38	149
56.51	3
33.65	178
35.52	153
52.38	9
34.89	179
35.6	90
33.97	175
35.69	109
33.99	175
34.31	142
35.34	165
35.13	164
35.92	105
34.36	167
62.11	9
34.66	154
33.98	151
34.87	78
34.36	151
34.29	74
34.86	155
34.08	107
34.94	80
34.22	152
35.2	175
35.35	131
35.17	162
33.87	176
35.44	170
33.27	178
34.51	174
53.68	4
34.58	170
33.49	168
34.37	75
34.88	159
34.53	155
33	176
34.68	175
34.77	178
32.62	178
61.38	7
34.86	111
34.93	116
34.98	160
34.74	162
35	161
33.3	289
35.53	114
33.97	162
35.15	164
53.01	12
34.81	152
34.9	237
35.13	141
69.8	2
34.69	166
33.76	170
35.11	123
35.08	136
35.37	171
34.42	139
35.41	137
34.65	177
60.22	11
33.42	158
35.2	164
34.66	140
33.76	161
33	172
34.04	124
34.32	171
32.95	53
34.52	118
33.66	154
35.31	131
34.29	177
34.04	166
34.69	119
57.06	5
34.44	179
35.69	151
34	115
35.2	181
33.32	110
33.3	163
34.22	129
33.67	59
33.67	168
35.77	96
33.32	170
33.83	172
35.05	134
34.37	170
34.31	174
40.89	93
33.99	179
34.99	177
33.66	178
35.2	114
34.87	180
34.87	128
35.01	110
35.36	86
35.61	97
52.86	4
33.78	171
35.25	163
33.47	161
34.4	129
33.85	137
35.12	127
34.64	157
34.97	179
34.3	172
35.53	149
34.63	105
34.99	172
33.36	174
35.02	175
34.99	159
35.33	166
33.31	131
34.5	150
35.94	126
35	137
52.91	6
35.99	97
35.68	161
34.58	175
34.59	169
35.41	142
35.07	161
35.74	139
54.72	6
35.31	167
35.06	209
35.01	165
34.49	125
35.23	176
35.8	128
34.99	160
35.65	107
35.04	165
35.09	168
35.38	75
33.9	153
34.62	68
34.62	166
35.84	134
35.26	132
34.93	187
34.74	143
34.51	170
34.84	116
34.59	133
34.67	92
36.87	117
34.12	160
44.64	6
35.54	131
34.04	170
34.69	121
34.34	50
34.26	180
33.21	40
34.35	111
33.22	181
34.55	103
34.1	161
63.5	0
34.31	167
35.22	150
34.35	123
54.51	7
35.52	138
35.59	164
34.5	171
34.1	110
34.03	141
34.88	176
33.95	175
34.68	96
33.52	152
33.52	159
33.82	167
33.44	145
34.83	99
34.97	148
34.3	85
61.19	22
34.53	244
34.49	153
33.28	179
34.19	76
34.13	146
33.61	149
33.89	157
34.63	134
34.08	86
34.78	135
62.21	4
34.99	109
34.74	118
34.17	164
33.64	168
33.4	155
34.46	154
59.05	5
32.57	97
35.08	116
34.3	161
34.38	118
34.56	181
34.28	109
33.85	136
35.5	162
34.27	176
35.71	127
66.48	3
34.42	110
35.38	156
36.23	126
35.02	176
52.87	5
33.42	36
34.17	177
34.32	124
34.67	160
35.35	156
35.02	126
35.62	103
34.67	132
35.3	180
32.89	161
55.72	9
34.08	137
34.04	164
34.5	151
35.09	138
35.53	114
34.12	126
34.17	179
34.99	108
52.87	23
36.11	124
35.05	164
35.39	177
35.32	181
35.26	91
34.68	177
35.25	104
34.86	146
34.69	132
34.29	113
34.04	174
33.98	162
34.56	145
57.91	6
34.09	149
33.62	154
34	175
35.18	146
35.71	111
35.12	176
53.24	5
36.18	97
34.54	157
34.44	130
34.93	98
35.09	107
33.46	54
52.56	5
34.2	158
34.94	160
33.8	178
35.26	160
34.25	164
35.32	155
33.87	170
35.53	167
35.39	97
34.12	180
35.5	159
33.66	82
33.61	153
33.51	176
54.92	6
33.02	157
34.43	131
34.43	136
34.31	178
34.48	152
33.62	174
35.08	139
34.57	165
33.77	150
34.12	63
71.51	5
34.37	153
34.58	151
34.12	169
35.23	157
34.8	82
35.14	157
33.74	110
35.49	173
34.72	176
35.16	159
35.36	170
34.63	142
41.63	69
34.1	176
35.24	139
33.7	180
35.57	171
34.05	172
35.83	98
34.19	117
34.57	168
34.04	175
36.02	148
35.39	169
35.38	148
33.88	181
50.57	12
33.75	160
33.31	181
33.95	145
65.16	1
34.27	117
34.75	99
34.56	150
34.12	178
34.81	162
34.76	98
34.57	135
33.64	176
34.95	174
34.54	139
33.65	180
35.17	147
34.11	177
34.83	115
35.87	146
34.21	72
63.93	5
33.88	117
34.11	165
34.6	263
33.96	105
35.46	166
34.3	135
35.11	175
34.04	168
35.06	109
34.3	157
33.98	88
33.97	138
34.22	176
34.39	161
35.21	164
35.28	181
33.67	177
56.42	2
34.74	67
34.52	135
33.49	178
34.09	177
36	128
34.06	154
33.64	99
35.27	116
34.36	181
35.01	92
34.14	179
34.91	129
34.42	110
35.03	110
34.82	141
34.76	153
59.96	7
74.81	0
34.42	150
33	32
34.47	104
35.1	233
33.97	175
34.32	176
33.87	153
34.03	172
34.6	108
35.33	158
34.74	146
54.25	10
35.64	159
35.28	157
34.31	163
35.21	173
34.6	169
34.9	170
34.84	155
33.84	164
33.5	179
34.43	149
34.92	110
34.64	109
34.2	78
33.98	176
34.79	177
35.17	149
33.9	178
36.45	105
34.75	159
35.14	151
33.11	77
33.75	159
34.59	149
56.72	1
35.38	153
34.44	174
34.07	178
35.73	137
33.67	150
35.15	97
34.82	146
33.22	176
35.1	117
34.4	178
34.17	179
33.48	169
34.12	63
34.86	177
35.15	152
33.32	175
32.89	102
34.68	155
62.97	2
34.36	174
33.89	130
34.4	147
34.54	164
35.55	133
34.85	168
34.63	141
34.75	151
69.05	7
33.66	162
34.07	126
33.28	11
35.16	117
34.75	154
34.78	153
33.98	179
34.09	175
35.39	181
34.99	122
32.83	168
75.39	1
33.84	165
34.48	177
35.35	172
35.13	97
34.45	142
34.23	113
33.99	161
56.47	4
34.02	156
32.76	57
34.77	102
34.09	179
34.01	158
34.76	284
33.89	178
34.72	165
34.22	178
33.71	165
34.16	197
34.97	163
69.09	7
34.46	319
34.9	129
34.15	153
34.28	168
34.13	65
35.2	154
33.49	179
33.07	178
33.55	158
34.48	167
56.42	5
36.08	110
33.66	179
34.69	161
34.73	151
34.57	148
34.65	168
34.28	176
34.5	93
34.36	150
33.31	79
33.96	169
33.18	180
34.17	175
36.31	134
34.25	176
35.73	142
34.04	143
34.26	115
34.93	148
34.56	162
66.74	2
34.53	142
33.28	83
33.46	173
33.93	176
34.57	164
34.22	155
34.42	121
33.81	173
35.12	175
66.95	7
34.71	181
34.07	179
34	61
34.65	166
34.47	176
35	153
33.79	162
34.67	102
34.54	128
35.12	119
35.03	86
34.68	145
34.91	106
34.18	167
35.69	98
33.62	174
34.87	151
41.4	42
35.1	116
34.29	83
33.29	149
35.05	106
35.58	144
34.99	200
34.75	119
31.3	42
34.37	294
58.4	6
35.27	151
34.77	154
34.46	171
34.58	179
34.03	176
82.7	1
33.34	179
33.96	169
35.2	177
35	151
34.98	124
33.67	20
33.9	60
34.53	168
34.26	164
34.28	71
56.48	9
35.05	152
35.56	148
35.55	114
32.56	17
34.77	115
35.92	136
67.22	11
33.32	65
34.18	167
33.62	180
35.18	143
33.98	180
34.68	168
33.65	180
33.9	131
33.87	172
32.61	48
33.69	166
34.41	167
34.64	153
34.63	147
57	5
33.74	157
35.02	93
34.86	151
34.77	139
35.45	144
34.76	306
34.86	138
34.82	172
34.51	133
35.04	92
34.06	158
35.11	146
69.48	11
34.39	76
34.61	156
32.96	51
34.68	157
34.18	117
60.57	1
33.96	271
34.34	154
34.2	170
36.03	85
68.27	9
34.67	94
35.02	154
35.71	138
35.5	105
33.91	111
34.4	145
34.66	94
33.87	177
33.5	175
34.52	173
34.88	162
35.89	109
35.19	156
75.96	4
34	145
33.04	20
34.44	52
35.78	125
34.22	156
34.13	166
33.93	159
34.42	148
33.74	66
69	1
34.66	123
33.84	175
34.73	82
35.15	127
35.65	128
33.95	180
34.02	181
34.37	172
34.33	166
34.51	157
34.82	147
58.04	16
34.6	146
34.28	169
34.77	115
33.5	59
35.04	175
35.44	156
35.14	163
34.67	173
34.69	176
34.13	162
34.27	148
34.86	136
49.96	0
34.71	140
33.99	113
34.11	134
35.57	157
34.82	165
34.32	147
35.05	159
35.22	106
34.2	141
35.63	134
33.47	144
34.25	157
35.52	151
34.28	147
34.49	176
35.41	141
33.22	177
57.69	4
34.34	175
35.07	163
35.05	82
33.23	79
35.65	156
33.25	170
34.62	52
34.5	162
34.47	155
34.6	181
34.96	178
60.06	20
34.67	154
35.25	111
36.05	141
34.5	36
34.13	36
35.06	148
35.05	155
34.59	159
63.97	5
33.56	123
32.76	34
33.95	221
34.53	153
35.05	141
44.94	5
34.26	179
33.73	176
34.14	179
34.48	170
33.74	303
67.21	7
35.35	173
32.92	69
34.12	161
34.17	158
33.94	177
34.4	159
35.15	164
34.31	163
34.72	144
34.43	147
34.03	165
35.67	101
31.71	176
34.56	177
34.02	31
47.44	9
69.8	5
34.42	163
34.27	161
34.74	169
34.69	158
35.25	121
34.72	99
56.84	10
35.07	178
33.84	63
32.89	54
34.62	155
35.19	125
34.24	176
35.66	165
32.82	171
34.92	181
69.05	5
34.29	175
33.55	147
34.76	181
35.01	166
32.97	43
34.85	139
34.61	116
34.43	216
33.97	160
35.5	110
35.24	108
34.28	192
57.39	2
34.01	135
34.57	180
33.72	136
33.8	105
33.94	155
34.26	143
54.6	2
34.39	145
33.54	167
34.43	177
33.88	169
35.09	117
34.82	89
34.48	163
34.75	169
34.65	170
34.9	148
34.42	136
41.42	67
34.62	140
34.92	170
34.54	176
35.14	154
33.37	81
36.45	141
60.73	9
34.07	166
33.54	132
33.74	135
33.04	34
33.66	176
33.33	47
59.93	1
34.54	130
34.52	161
34.65	155
34.2	113
32.51	60
33.14	172
33.76	173
34.77	102
34.53	162
35.17	155
34.2	85
34.57	165
34.08	124
33.76	50
35.77	139
35.47	179
34.28	171
35.78	150
34.94	155
34.9	176
34.33	177
35.15	178
35.28	137
55.81	9
35.29	152
34.81	178
34.01	108
34.65	161
35.46	178
34.24	146
34.26	135
34.45	156
70.57	11
34.84	90
33.9	69
35.63	136
33.71	65
34.79	174
35.23	181
75.88	4
35.1	159
33.48	70
34.1	112
33.2	177
33.72	87
33.64	143
34.21	80
32.63	42
33.6	134
33.61	69
34.67	105
34.3	283
32.92	173
34.24	51
34.32	113
35.28	164
32.92	177
34.22	118
34.09	178
34.44	142
33.71	179
33.73	75
34.16	169
36.2	137
34.82	131
33.15	177
34.57	142
60.4	5
33.18	91
33.71	181
34.37	142
54.39	7
34.98	144
34.12	160
32.71	51
34.12	163
33.74	63
35.16	135
33.5	179
34.88	180
34.65	178
34.12	166
33.66	124
34.11	162
34.31	136
34.2	179
35.42	165
34.55	64
34.81	256
34.2	179
35.12	162
34.21	140
58.46	11
34.69	175
33.57	83
36.23	63
34.19	169
35.46	151
35.31	86
68.72	13
35.14	164
34.43	86
33.37	80
34.39	117
34.56	147
34.92	113
33.36	144
35.01	121
35.95	134
33.92	141
34.05	158
35.08	86
33.19	181
34.15	148
33.94	171
34.24	92
73.25	0
35.44	160
33.48	46
36	137
35.03	147
33.82	177
55.76	17
34.59	174
34.21	176
32.13	12
34.78	163
34.89	158
35.01	146
34.3	108
34.91	153
34.24	250
33.88	180
52.13	2
34.06	174
33.82	147
33.57	176
34.56	67
34.9	134
34.3	75
32.72	86
54.52	0
33.33	60
34.02	161
35.1	163
32.82	25
34.91	127
34.21	131
34.34	117
35.75	77
100	0
34.13	166
35.39	137
34.48	133
34.6	119
34.85	141
34.12	172
35.06	151
34.35	163
35.17	144
35.16	156
33.62	121
33.43	153
34.16	146
33.98	165
64.06	1
35.98	159
34.76	244
35.1	113
34.39	68
34.56	163
75.71	2
35.07	149
35.44	155
34.09	181
34.82	124
34.03	163
33.28	158
34.78	158
34.4	104
34.52	160
33.92	170
34.76	64
34.33	168
33.65	169
35.28	136
33.27	162
35.01	129
35.69	99
76.41	8
33.62	177
34.55	114
34.42	280
34.66	175
33.97	60
34.67	162
33.51	153
34.05	163
33.53	171
33.84	109
34.88	150
34.35	126
34.37	176
34.02	159
35.64	140
34.59	171
60.25	10
33.56	117
35.08	142
33.92	76
34.52	131
33.8	132
35.19	178
34.78	101
35.23	88
63.49	2
35.52	110
33.71	155
32.74	49
34.77	124
34.69	97
57.7	2
34.38	176
34.21	115
34.08	162
32.28	25
34.69	171
35.35	127
34.6	138
34.66	230
34.61	156
34.98	133
34.77	159
34.97	155
34.84	98
35.42	126
63.35	5
36.12	76
34.46	179
34.95	110
63.06	3
33.27	128
33.28	109
34.2	178
33.95	174
34.79	134
34.4	175
34.51	47
33.96	175
34.87	77
36.25	119
33.92	170
34.26	127
33.52	176
34.28	164
34	169
58.17	15
34.66	162
33.29	178
34.19	252
34.32	142
34.68	137
34.37	129
61.96	6
34.53	181
33.96	167
33.94	173
33.87	179
34.5	70
33.82	85
35.01	155
34.47	99
33.3	165
33.99	170
50.86	11
35.04	164
33.38	56
34.7	74
34.24	170
34	164
35.47	150
34.12	174
34.51	170
34.92	261
33.72	168
34.58	135
34.08	176
52.06	4
34.76	132
35.26	152
34.47	162
34.37	140
34.73	166
34.3	64
70.36	9
32.14	14
35.7	144
34.46	173
33.5	155
33.75	164
34.73	111
34.43	135
32.74	51
69.79	8
34.78	157
34.45	142
35.09	151
33.13	47
35.04	168
34	78
35.23	152
33.71	155
35.54	110
63	2
35.47	100
35.02	88
34.65	101
34.36	120
33.91	132
34.39	93
34.24	169
56.25	5
34.48	162
34.58	148
34.7	140
35.92	108
34.62	140
34.97	155
34.88	132
34.45	80
34.21	181
35.05	166
33.69	165
34.71	166
62.14	4
34.11	164
33.65	171
33.65	160
34.23	171
34	78
35.23	152
33.69	155
35.67	110
62.82	2
34.47	132
35.02	88
34.57	101
34.84	87
33.6	132
35.1	127
34.2	167
34.18	110
34.51	134
34.01	174
34.16	151
69.5	8
33.79	145
34.52	138
35.53	116
34.65	151
33.92	140
34.7	75
34.87	174
35.05	158
35.89	121
34.23	168
64.37	2
36.12	100
33.79	98
35.35	134
35.08	178
34.31	103
53	5
34.07	175
35.52	126
35.15	179
35.13	166
34.68	175
34.44	177
34.36	113
52.69	4
35.95	103
35.69	164
34.17	101
34.14	136
34.2	75
35.35	169
34.42	173
35.43	57
34.8	146
35	251
34.54	180
33.87	160
34.32	141
32.5	40
33.28	159
34.68	158
33.81	156
34.2	124
33.97	103
35.09	147
33.99	137
34.1	149
34.09	122
35.99	141
34.51	163
35.29	133
55.39	3
35.12	113
34.64	174
35.32	102
34.71	130
32.96	51
35.21	136
75.32	3
34.16	79
33.93	87
33.95	157
34.14	150
33.77	179
35.38	180
34.57	86
34.85	141
34.81	173
33.6	109
52.79	26
34.36	93
34.69	83
33.65	78
33.58	175
34.72	115
33.84	162
33.91	198
33.9	135
35.42	137
34.15	173
34.39	108
61.35	10
34.65	153
34.83	150
53.27	4
35.16	157
33.81	146
33.69	172
35.67	97
34.92	140
34.8	157
32.95	132
33.59	165
35.41	120
34.54	150
34.88	110
35.15	157
53.33	11
34.52	162
35.1	148
34.55	174
35.74	180
35.05	146
33.01	38
34.62	172
35.38	171
34.95	171
34.74	148
33.53	177
34.37	109
34.29	138
33.72	173
69.45	2
35.74	123
35.98	97
34.87	173
81.26	1
34.73	151
34.85	146
35.47	117
33.83	135
34.21	146
35.11	169
35.22	173
33.83	154
48.2	11
33.46	169
35.13	127
35.12	145
34.82	144
35.71	112
30.98	8
35.45	109
33.91	156
60.03	5
34.83	155
34.5	179
34.92	138
31.47	7
33.92	151
34.8	156
34.36	134
34.5	176
35.75	180
34.08	100
70.57	4
34.43	158
35.17	179
34.39	155
33.62	110
32.78	175
33.34	56
34.51	135
34.64	104
34.14	157
33.47	161
33.94	172
32.68	44
33.11	181
34.77	143
54.67	10
35.17	178
33.99	108
33.76	47
33.5	73
33.86	95
34.38	157
34.99	145
35.22	170
34.46	134
34.16	67
55.34	29
35.14	86
33.73	146
35.58	109
33.67	168
34.84	105
34.27	180
65.6	6
34.22	169
34.95	116
33.74	69
33.36	174
34.15	118
66.34	22
32.77	89
34.11	297
34.3	113
34.14	177
35.19	159
35.63	96
35.65	132
33.49	179
34.31	113
34.43	175
34.26	150
34.39	106
34.38	149
34.26	156
54.73	13
34.33	155
34.63	155
34.41	110
35.47	145
36.35	131
34.84	152
34.91	177
55.11	9
34.65	171
32.32	31
34.4	172
33.39	164
35.97	121
34.15	150
34.5	161
34.36	92
69.54	1
34.09	82
34.6	144
34.32	147
33.63	139
32.39	28
34.83	171
34.72	156
34.27	178
40.72	19
34.48	129
33.93	168
35.24	135
56.54	8
33.84	166
33.43	148
35.58	179
34.25	165
35.61	92
34.75	111
34.06	174
33.88	171
32.09	13
33.65	84
33.08	139
56.23	10
33.89	175
33.41	157
34.87	147
34.76	169
34.5	151
33.61	178
34.78	143
34.34	151
58.87	9
35.75	167
34.15	174
34.29	160
34.5	137
65.62	4
33.54	163
34.21	99
33.88	143
34.13	147
34.6	177
34.91	169
34.4	168
34.24	162
35.42	119
35.15	125
34.38	79
34.65	147
34.51	167
34.98	72
62.86	13
34.09	175
34.04	118
32.87	160
33.78	166
33.09	34
35.05	165
34.8	151
44.1	6
34.19	175
34.93	159
34.73	167
33.95	64
32.6	178
35.17	141
34.04	180
34.25	179
31.46	2
35.01	158
33.29	173
68.52	7
34.54	162
35.86	124
33.73	157
35.07	179
34.87	81
34.42	154
35.01	144
35.11	108
34.84	169
34.76	123
34.36	153
34.68	164
34.8	158
35.77	149
35.49	123
33.27	66
33.26	162
35.24	118
34.48	168
33.93	167
34.94	162
54.21	6
34.4	155
34.8	122
35.49	76
34.83	139
61.29	3
33.63	162
34.44	158
34.82	115
34.9	170
34.44	168
35.05	139
35.82	76
34.28	155
34.03	180
34.26	154
35.31	145
35.14	178
34.82	115
33.37	33
61.17	3
33.86	165
34.42	60
34.35	172
34.22	239
34.22	176
55.24	36
34.59	142
33.5	145
34.94	163
35.84	149
35.46	137
35.59	164
36.05	50
35.08	174
33.79	169
34.18	321
33.84	180
35.5	160
65.87	5
34.12	179
34.5	172
35.38	156
34.83	154
61.62	6
34.67	151
34.92	176
35.12	123
34.59	168
35.41	124
34.2	193
33.99	154
34.66	168
34.18	179
34.7	161
62.04	11
34.62	111
34.89	169
34.88	189
34.5	141
34.99	153
33.42	177
35.1	137
34.61	48
34.43	161
35.35	115
32.21	18
60.47	7
34.18	216
34.55	173
35.46	106
33.99	163
34.23	172
64.33	3
34.43	139
34.66	174
36.21	122
35.12	171
34.87	48
34.43	150
34.52	200
35.01	121
53.94	4
33.88	126
34.51	71
34.35	141
33.53	180
33.72	173
33.25	66
33.73	130
35.28	179
34.25	124
33.39	171
35.65	81
33.98	157
60.11	18
34.5	178
34.04	145
33.96	165
35.1	158
34.96	165
32.57	30
34.49	178
35.63	95
34.37	153
34.26	170
62.84	1
33.82	48
34.29	149
33.94	170
33.98	86
33.68	63
35.59	143
34.11	176
35.37	138
35.01	159
33.39	179
35.81	104
67.35	12
35.13	162
35.23	152
34.78	248
34.32	164
34.59	118
34.5	167
35	172
35.73	118
35.31	113
34.16	176
33.48	156
34.41	275
34.43	175
34.11	158
33.42	162
33.12	163
34.68	165
32.87	25
34.42	80
31.48	5
33.89	123
34.92	151
34.32	144
33.49	95
33.05	111
34.78	178
64.99	5
34.6	157
34.45	124
35.19	113
34.58	105
34.02	136
34.12	76
35.3	134
33.87	155
35.41	110
63.57	2
33.97	303
35.04	88
34.58	181
33.74	132
34.61	168
34.69	115
33.8	164
33.15	177
63.92	1
34.22	143
33.94	162
34.77	169
33.71	91
36.24	99
34.16	29
35.3	131
35.67	108
33.04	32
33.83	178
33.97	98
34.04	180
35.43	173
34.54	161
53.91	4
34.2	150
35.34	243
34.5	85
34.7	107
35.19	130
33.44	181
35.51	111
34.13	167
34.73	159
33.96	168
34.5	205
34.25	110
33.27	173
34.93	191
33.8	179
34.26	151
34.85	161
35.69	181
34.13	171
34.8	174
34.41	153
34.14	160
34.08	145
34.64	138
33.91	138
34.55	195
33.43	169
33.94	239
34.48	148
34.62	96
34.59	95
34.71	153
61.83	0
35.06	97
33.84	176
34.77	157
35.27	99
31.97	23
35.27	207
34.07	87
33.88	179
34.77	91
33.44	21
35.17	103
34.98	58
35.52	159
35.43	158
70.75	8
34.65	68
34.77	149
35.58	164
34.19	138
33.85	72
33.89	180
34.16	120
34.28	168
74.82	11
33.33	49
33.88	129
34.38	93
33.93	174
35.57	154
61.82	7
36.43	94
35.24	134
34.68	171
34.56	101
34.73	139
35.08	101
35.32	165
35.05	158
33.55	86
35.37	171
54.04	9
33.93	76
34.9	113
37.41	129
35.09	175
33.55	175
34.65	175
34.64	150
34.72	166
34.82	161
34.11	165
34.02	155
34.71	229
34.98	161
33.47	166
34.99	146
65.98	7
34.94	115
60.67	2
33.03	177
33.41	160
34.24	99
34.01	137
34.11	177
34.7	98
34.88	97
35.32	140
35.54	154
34.2	180
34.42	119
35.35	107
33.47	132
33.59	147
33.86	103
35.63	150
34.12	134
33.2	179
59.67	14
34.46	120
34.32	174
34.18	141
34.63	161
60.84	5
34.26	177
34.65	128
32.67	25
34.94	161
34.64	76
34.08	52
34.62	178
32.8	51
35	188
35.13	109
34.91	170
34.91	170
34.26	157
34.11	122
34.33	59
34.47	126
34.8	124
34.25	164
34.5	154
34	140
35.74	180
34.07	176
35.83	170
34.65	174
35.06	173
34.73	161
34.63	166
34.88	159
34.9	175
34.25	172
34.72	93
34.33	155
35.3	154
62.32	2
35.66	150
53.48	1
34.78	119
33.12	177
35.34	134
35.63	135
36.07	157
33.94	177
34.32	121
35.77	130
34	174
34.5	161
33.82	153
34.23	134
33.73	165
34.72	136
34.84	169
34.24	130
34.72	73
35.1	167
33.98	254
54.12	8
33.54	173
33.92	117
33.42	175
35.33	141
34.52	159
35.11	138
35.3	180
35.09	118
34.87	144
33.86	126
34.68	178
34.01	171
34.58	179
34.44	85
34.71	126
35.7	122
34.51	173
55.28	9
34.69	110
35.5	151
34.57	205
33.86	113
34.69	145
31.62	9
34.07	98
34.12	107
34.26	182
34.87	114
33.77	112
35.03	74
34.58	226
34.74	135
36.07	153
34.81	162
65.9	7
35.51	134
33.88	152
33.79	158
33.97	181
34.08	175
34.44	49
34.18	145
33.58	159
34.42	173
33.66	60
34.08	164
34.55	165
70.78	10
34.8	118
33.21	170
34.95	112
32.81	31
31.67	5
35.15	89
32.49	27
34.75	116
34.07	179
33.84	43
34.38	136
35.11	173
32.74	154
34.82	173
34.71	149
35.37	117
62.09	15
34.26	140
33.79	173
34.26	283
34.21	197
64.52	2
33.39	41
34.82	179
33.52	165
34.33	179
35.08	140
34.84	170
34.18	168
34.6	79
34.15	103
59.61	6
33.86	182
34.5	84
35.93	175
34.47	128
36.46	81
34.53	109
34.66	127
33.62	172
34.42	168
34.08	141
35.03	152
54.87	9
35.07	79
34.14	181
33.83	180
36.18	145
34.98	146
33.64	79
34.73	144
34.64	148
34.42	177
35.02	268
34.79	153
34.33	173
34.78	136
35.22	135
36.39	149
34.95	168
68.95	8
68.26	12
35.26	177
34.64	151
34.53	116
34.56	136
33.56	160
34.79	138
34.12	289
34.93	141
35.3	135
34.45	100
34.94	155
34.44	130
60.49	5
34.07	145
34.87	131
34.02	174
35.53	98
34.75	175
34.56	162
34.51	126
33.51	175
35.46	117
34.61	129
34.78	159
34.26	172
34.85	157
33.51	95
70.17	10
35.17	153
34.11	173
34.69	85
34.33	127
34.85	161
60.24	17
33.93	86
34.4	97
32.41	25
35.72	144
34.51	80
35.87	170
35.55	145
54.26	8
35.17	162
34.76	138
35.5	90
35.66	158
35.24	181
35.2	154
34.04	133
34.93	145
35.43	168
34.07	173
34.25	108
33.03	50
57.86	7
35.36	99
35.19	118
34.96	178
33.65	177
33.67	91
55.45	11
33.56	179
33.31	181
34.33	176
34.53	149
34.59	173
34.7	156
34.04	170
35.09	173
35.68	157
34.77	111
74.06	6
33.89	128
34.51	124
35.32	126
34.69	141
34.1	157
34.28	160
35.62	172
34.52	178
35.07	153
35.47	144
67.28	3
34	175
35.39	115
34.15	94
34.8	149
35.82	137
33.71	181
33.35	176
34.29	154
36.45	97
32.84	48
34.21	150
35.26	96
35.21	122
34.54	147
34.7	118
65.21	6
35.18	123
34.24	148
35.24	159
34.49	175
35.5	172
33.9	95
34.39	142
35.51	136
33.82	64
34.89	147
34.9	100
34.25	175
34.02	152
33.88	147
35.17	90
54.1	4
35.3	130
35.48	157
35.36	145
33.58	156
35.36	157
54.46	8
34.35	160
35.14	153
33.95	167
33.93	174
34.59	159
34.12	169
34.78	148
34.41	160
63.62	16
34.52	173
34.66	170
35.2	135
34.27	177
34.04	180
33.95	141
34.65	154
35.31	130
34.47	177
34.42	149
34.4	154
33.6	162
34.58	153
35.43	120
34.76	177
33.75	121
33.75	121
33.9	120
33.01	77
34.32	165
34.64	129
64.3	4
33.32	169
33.8	179
34.77	167
34.37	140
33.51	156
34.24	248
35.25	98
55.81	4
33.82	167
34.01	109
34.97	144
35.05	140
35	154
34.17	255
35.37	82
33.84	171
34.2	155
33.7	98
34.77	171
61.27	3
34.06	176
32.33	26
34.84	179
34.02	151
33.8	177
33.78	98
34.7	172
33.8	69
34.52	177
35.13	93
34.63	181
34.72	172
35.05	232
35.07	76
34.68	169
34.86	180
64.38	7
35.14	147
34.34	171
34.75	159
33.5	80
74.16	9
34.34	133
34.38	167
33.53	166
33.83	175
34.66	177
35.27	84
34.02	174
33.94	143
34.74	162
34.37	93
34.63	169
34.21	168
34.81	180
64.22	7
33.43	69
34.48	172
33.98	260
35.32	231
35.03	178
34.11	170
34.65	142
33.93	176
34.58	163
34.31	168
34.87	154
33.74	180
34.77	141
34.5	178
33.56	166
34.48	92
36.87	115
34.37	169
34.19	174
64.51	6
33.03	176
34.18	124
35.11	141
64.66	6
35.18	129
35.13	90
35.21	163
34.61	181
34.03	180
34.61	74
34.8	120
34.89	174
34.75	158
35.21	158
35.54	155
34.56	130
35.29	173
83.8	2
33.62	171
33.27	181
35.22	160
56.58	9
34.78	156
34.2	164
35.31	173
34.72	142
35.92	110
35.59	153
35.3	152
35.29	140
34.21	131
34.24	167
33.86	155
33.82	157
34.49	115
33.86	175
33.95	173
33.45	180
35.82	161
54.71	7
34.38	100
34.62	157
35.32	87
34.34	165
33.52	175
34.37	157
34.05	169
33.07	180
34.17	96
34.5	156
34.88	103
34.11	121
34.46	143
35.06	247
34.49	177
33.79	168
34.25	246
34.14	90
34.62	167
34.23	156
35.46	121
34.7	150
35.11	124
35.06	103
65.16	6
34.7	153
35.99	144
34.79	90
34.26	163
35.08	104
34.12	74
33.85	114
34.17	154
32.9	155
34.79	153
34.62	156
33.87	157
66.7	7
34.19	168
34.32	159
31.67	5
34.22	165
34.51	152
34.66	81
34.98	119
33.83	177
34.08	121
65.91	0
34.54	147
34	165
34	165
56.27	12
34.58	161
35.86	85
34.99	166
33.75	112
34.65	105
34.09	147
33.64	158
34.98	92
33.73	147
41.97	31
32.21	30
34.84	226
35.29	134
34.17	100
30.54	3
33.75	104
33.63	165
34.23	291
36.33	84
33.85	172
35.87	202
35.03	149
34.71	177
34.49	169
34.49	148
34.88	134
33.94	180
33.91	125
33.69	180
33.27	154
34.76	126
35.5	112
34.3	139
35.39	89
34.72	172
35.51	165
34.68	170
34.77	57
34.8	98
34.75	164
34.78	127
33.91	173
34.68	121
34.22	151
34.24	136
34.84	147
55.38	6
35.14	117
33.45	166
33.34	181
63.74	3
34.46	146
33.14	78
34.25	117
34.34	140
36.19	119
35.04	136
35.04	136
33.64	176
33.95	163
34.38	165
33.14	168
33.93	176
33.37	119
33.16	19
35.34	137
34.3	118
58.13	7
35.37	103
34.84	181
34.84	120
33.72	157
34.49	168
33.84	173
34.59	123
58.65	5
33.83	155
33.73	92
33.9	159
34.19	143
67.07	5
34.59	167
35.21	165
35.82	176
34.15	57
34.93	176
41.84	24
34.74	116
31.75	11
34.94	207
34.52	165
34.36	162
34.47	153
34.29	125
34.58	133
35.1	152
35.08	180
34.58	170
60.23	8
34.82	178
33.58	161
35.38	152
60.84	9
31.67	4
33.59	79
34.35	77
33.2	170
33.39	159
33.49	155
33.23	173
35.09	157
34.21	137
65.48	7
34.39	148
34.48	135
34.58	163
34.66	90
35.17	168
34.24	150
34.94	126
34.08	76
34.5	170
62.4	7
35.2	135
33.76	125
33.86	169
33.49	179
33.23	169
33.63	138
34.33	169
35.54	122
55.84	8
35.26	157
35	137
33.92	174
34.82	135
33	132
34.87	152
34.36	167
35.35	179
34.42	115
36.14	113
54.13	11
35.35	140
35.94	175
34.86	148
34.65	156
34.62	173
34.92	170
34.07	126
34.98	208
34.47	180
34.48	139
34.85	141
35.36	98
32.68	86
33.31	178
34.77	151
62.68	4
34.43	69
34.49	151
34.15	92
33.49	181
33.94	146
33.96	252
62.16	10
34.81	168
34.24	128
33.55	169
34.71	146
34.46	179
34	172
35.87	155
34.11	170
53.5	3
35.4	159
35.07	159
34.06	152
35.13	103
34.49	126
73.64	6
33.39	180
33.27	181
33.49	166
33.85	181
34.96	130
35.26	158
34.41	162
33.22	172
33.48	169
34.24	172
35.53	136
35.81	143
34.97	111
33.91	167
34.25	101
35.73	117
34.38	113
35.19	67
36.05	135
54.54	9
34.4	167
33.8	166
35.31	138
34.46	139
32.92	163
35.48	110
34.83	110
34.95	111
34.82	103
33.64	167
34.99	148
34.08	128
34.39	179
34.49	156
33.95	93
33.87	176
33.94	142
69.31	10
34.13	107
34.31	125
35.33	114
35.12	150
34.41	88
33.76	169
34.59	121
34.45	131
34.16	138
34.58	297
34.32	165
32.99	20
35.11	140
34.63	157
60.98	10
34.86	180
34.15	177
33.3	148
34.01	76
34.24	200
34.75	167
33.91	307
33.83	117
34.65	138
34.65	138
33.42	164
34.3	263
32.5	14
33.7	181
33.22	140
34.63	171
72.9	4
33.84	141
35.02	145
34.29	165
33.72	143
35.19	141
34.62	178
33.65	177
34.51	134
34.18	168
33.69	161
34.82	134
33.59	126
34.1	101
34.53	168
34.64	168
34.21	104
34.8	59
34.04	138
34.58	200
34.33	169
33.29	170
34.03	144
35.04	157
35.16	162
34.53	173
33.3	204
33.05	156
56.96	7
33.78	176
33.77	203
34.37	180
34.23	169
34.12	193
34.42	154
34	110
33.51	175
35.49	130
33.57	172
32.5	124
33.56	174
34.83	159
33.97	120
32.9	151
34.61	124
33.59	91
35.78	119
34.19	122
33.79	150
33.19	252
33.71	83
33	168
61.71	16
33.22	200
34.62	137
33.68	204
32.87	178
34.14	178
32.85	187
31.68	204
32.86	187
33.17	353
32.56	202
33.53	171
34.56	141
33.31	149
32.55	139
34.95	175
33.77	85
58.98	62
34.74	284
34.02	196
33.59	190
33.61	197
34.13	164
34.11	179
34.23	182
33.53	186
33.88	215
34.3	138
32.48	197
33.99	163
31.86	193
55.93	24
33.12	173
34.38	104
34.07	143
33.82	184
38.28	182
34.19	144
35.24	99
33.4	194
34.07	58
33.35	182
33.87	171
33.21	202
32.21	203
32.8	199
57.3	7
34.3	122
32.35	195
32.23	197
34.09	168
34.51	111
33.75	123
34.23	168
55.49	12
36.06	133
33.68	117
33.82	159
32.85	186
34.61	148
34.72	142
33.08	192
33.58	185
33.7	178
33.87	92
33.26	189
33.33	201
34.3	215
33.53	199
35.02	151
33.28	188
33.77	194
33.76	175
33.64	198
33.52	178
32.91	182
32.88	178
32.98	164
34.05	189
32.75	203
32.77	164
32.54	193
34.64	163
34.02	190
33.82	194
33.64	166
33.75	197
33.36	164
33.88	196
33.53	280
34.07	103
35.56	111
57.23	76
33.51	173
32.64	192
33.55	181
32.24	73
36.46	119
33	204
33.92	181
33.05	204
32.55	200
33.72	167
32.82	203
34.4	191
34.85	158
34.46	138
34.33	198
33.4	159
33.87	168
33.87	78
34.57	193
32.91	201
58.88	2
32.47	191
33.47	183
33.95	164
32.98	191
33.1	177
31.77	167
33.08	187
33.76	190
57.7	4
33.49	197
33.76	127
33.46	197
33.78	337
33.91	163
34.43	182
32.89	161
33.6	167
58.47	18
33.34	174
32.84	196
32.11	349
33.1	194
34.93	179
33.12	197
35.16	176
59.12	9
35.43	182
34.62	145
34.13	144
33.71	190
33.83	170
56.2	7
34.32	178
33.73	180
33.12	160
57.54	6
34.6	149
34.04	200
32.66	200
33.18	196
35.12	152
34	198
34.29	190
58.45	18
35.18	182
34.04	149
33.23	176
32.19	172
32.96	204
34.25	192
32.65	184
34.64	143
32.5	182
34.28	219
32.8	200
34.11	140
32.16	45
34.63	181
32.14	187
32.78	187
35.21	161
33.49	202
33.77	166
33.77	166
34.19	186
35.2	96
34.42	122
34.37	142
34.08	191
33.51	200
33.81	182
33.58	178
33.02	203
56.83	89
34.44	103
34.79	191
33.75	124
34.22	202
32.17	120
34.92	148
34.29	64
33.36	200
33.16	164
32.4	164
33.88	153
34.69	156
34.38	143
34.43	143
34.35	143
33.3	196
33.65	177
33.26	390
34.85	123
34.93	110
33.7	204
33.29	178
33.74	149
34.12	181
32.96	46
34.63	230
33.47	190
34.07	192
34.12	164
35.12	147
34.38	187
33.4	183
32.76	202
34.91	189
34.15	197
32.55	193
34.14	123
33.83	216
33.15	198
33.54	188
58.48	8
34.17	67
33.84	183
33.95	131
34.54	142
33.37	166
33.65	144
34.74	162
33.97	185
