sim	len_diff
37.05	63
35.74	56
35.21	77
39.91	15
39.1	16
33.96	106
32.92	109
33.22	98
34.07	120
37.11	85
40.42	21
37.2	47
36.07	0
39.74	23
36.16	4
35.01	105
33.82	3
34.47	124
38.23	16
40.15	5
35.5	20
39.14	28
40.23	13
36.8	66
38.27	12
36.65	100
37.17	98
36.59	4
34.39	17
39.46	19
35.84	123
31.93	131
35.63	135
35.63	135
35.06	82
36.86	2
38.77	13
35.25	89
34.35	126
35.61	33
37.39	83
35.61	33
37.39	83
36.23	76
35.42	139
34.03	71
36	59
36.29	6
35.56	53
33.31	129
31.57	125
36.69	20
33.56	157
34.21	118
33.59	104
38.11	55
34.3	118
36.22	2
36.93	4
34.67	3
34.01	3
35.92	64
34.18	41
35.08	3
35.03	107
39.75	60
32.98	125
33.6	128
32.15	129
37.46	40
34.45	125
32.98	109
37.96	42
37.37	43
37.68	6
38.6	14
38.66	13
38.04	13
34.04	36
36.71	48
36.66	92
35.89	4
37.32	40
36.28	89
34.12	94
35.9	1
35.8	62
39.81	22
33.11	28
36.32	72
42.62	16
37.53	2
33.73	203
34.28	49
33.88	117
34.34	72
35.49	23
33.9	102
34.08	7
33.36	115
34.65	132
34.1	115
37.72	64
40.33	23
34.01	127
38.96	38
35.11	2
36.1	101
35.62	115
32.8	133
37.48	18
38.23	12
36.32	5
35.5	104
36.97	26
35.57	35
37.02	6
40.04	22
40.19	20
33.67	24
33.8	84
38.63	7
36.55	92
37.01	104
38.94	21
38.88	29
32.18	105
35.83	105
37.36	58
37.17	67
35.73	133
35.36	52
33.62	78
36.13	120
34.03	107
34.05	33
36.74	51
34.28	190
34.5	11
37.5	95
35.77	84
38.62	20
34.94	54
32.94	129
35.6	7
34.81	1
33.56	119
35.26	133
37.13	5
38.91	60
39.16	63
38.25	16
33.5	116
39.06	63
37	3
35.29	54
34.81	9
35.18	199
34.79	81
34.06	100
35.48	84
33.48	104
35	81
34.37	0
33.16	107
36.17	111
36.04	57
33.86	98
34.53	3
36.68	5
37.02	89
37.44	30
33.8	104
37.95	21
33.94	190
36.28	48
33.72	113
33.72	113
39.94	14
36.18	48
33.05	82
33.24	89
35.27	2
34.31	57
36.77	70
33.43	86
39	21
38.75	14
34.13	133
34.25	130
37.11	75
39.3	23
35.1	118
33.37	123
35.76	4
31.04	10
36.72	50
36.99	23
35.56	2
34.11	129
40.83	51
34.48	60
39.76	39
35.01	60
35.87	15
34.08	97
35.99	92
33.5	113
32.22	128
36.21	4
40.87	4
34.29	115
32.27	101
33.66	123
31.89	131
32.01	130
32.95	117
34.06	133
33.56	80
32.33	132
33.72	72
38.38	18
33.99	83
32.78	110
37.9	32
33.32	132
36.86	40
31.93	123
30.82	122
38.05	32
37.33	34
34.98	97
31.81	119
35.25	54
31.78	132
31.92	131
32.03	110
36.32	86
33.32	105
33.69	110
33.7	61
34.67	31
32.99	103
34.87	2
35.96	116
32.22	118
35.28	1
33.69	81
35.82	56
35.24	87
35.45	100
36.59	36
36.95	0
32.16	133
33.6	122
33.97	99
31.54	130
38.17	52
33.59	98
33.78	46
34.65	105
32.87	117
37.33	34
36.77	34
38.05	32
34.12	121
32.66	63
34.15	82
31.85	117
32.65	127
37.82	8
35.06	85
39.52	7
38.34	19
38.27	13
36.39	14
36.42	6
38.23	70
37.81	6
39.86	22
40.29	5
33.34	5
37.45	41
33.55	3
40.29	23
37.74	47
36.07	0
38.23	10
36.44	4
40.42	21
38.93	60
34.59	132
34.9	26
39.34	30
34.05	124
35.24	91
31.89	253
38.99	23
32.71	131
36.39	89
35.56	103
35.81	89
35.65	98
38.22	102
37.49	95
36.48	41
34.96	109
35.33	91
34.63	81
33.65	118
34.59	51
35.89	105
35.34	109
40.66	63
31.45	123
34.74	111
35.96	111
34.94	111
37.15	34
36.81	100
36.03	99
35.97	43
37.84	36
36.74	41
39.2	87
35	59
39.52	18
34.26	128
34.92	108
34.01	81
35.56	98
37.91	88
32.36	119
36.97	2
34.84	38
34.58	56
35.41	127
34.08	112
33.88	171
37.7	129
37.82	32
33.31	131
39.74	61
36.19	55
39.27	66
35.13	53
33.6	124
33.21	130
34.74	104
33.87	100
30.91	9
34.44	94
34.55	41
32.92	117
34.56	113
32.87	53
34.25	89
42.17	18
31.25	10
32.56	118
34.41	110
41.23	14
41.07	15
40.39	7
36.78	16
44.76	14
40.35	21
43.63	4
43.26	4
43.28	31
34.33	94
33.24	82
34.28	112
32.6	114
32.15	108
41.84	19
34.51	114
33.89	106
33.22	91
36.83	12
34.72	109
34.11	61
33.48	104
30.02	1
33.55	127
31.91	28
32.18	116
34.24	104
32.96	46
38.62	21
42.75	62
39.45	4
37.86	0
42.54	26
41.77	1
43.52	7
42.9	18
43.48	21
43.04	20
40.18	24
42.4	6
41.35	18
41.43	16
39.09	4
42.19	12
49.8	4
53.93	9
39.01	4
39.45	12
41.9	10
32.89	109
32.61	109
38.76	11
34.44	105
38.9	5
40.95	28
36.57	57
40.39	7
33.52	23
39.11	18
33.95	117
33.26	180
34.74	78
35.8	113
34.84	88
33.32	108
33.69	100
39.87	19
33.02	206
35.17	72
35.84	6
35.18	113
46.86	15
36.69	87
46.49	6
41.69	16
35.24	203
38.67	16
34.96	111
39.31	8
37.18	9
46.95	2
39.59	20
41.6	23
42.85	27
44.74	21
42.75	10
41.49	2
41.1	21
43.99	15
36.93	14
40.74	18
42.9	11
43.05	27
39.87	4
38.25	27
41.26	21
39.97	20
33.95	98
42.33	12
34.38	114
40.36	11
34.56	11
35.09	106
35.81	177
34.38	112
39.34	7
44.84	24
36.74	81
35.81	97
35.25	111
32.03	105
42.87	29
33.33	31
40.43	17
34.78	108
33.95	91
37.92	32
36.11	4
34.19	146
38.55	2
34.53	148
34.45	56
34.13	49
34.33	60
33.95	160
34.82	75
35.16	198
33.11	106
34.55	141
36.45	19
35.75	33
33.75	15
42.1	11
34.53	118
34.8	57
35.24	176
34.74	92
35.12	69
34.83	49
34.12	97
41.81	3
38.38	5
34.72	96
33.77	92
42.66	21
33.45	56
34.52	182
33.74	56
39.08	12
44.22	25
41.4	17
39.87	5
38.87	43
40.4	30
41.42	15
39.9	7
52.09	16
42.81	1
38.39	12
39.83	19
40.47	22
41.61	11
43.4	21
40.75	18
39.71	17
39.95	10
42.81	23
42.54	22
39.66	4
33.47	86
33.51	83
33.53	72
31.77	78
32.73	89
34.79	90
34.78	91
40.74	20
34.75	98
33.5	118
39.5	41
39.63	6
43.33	17
40.03	12
38.68	10
42.01	1
35.12	54
39.3	6
39.89	1
35.49	166
43.43	18
40.04	10
38.71	15
40.16	7
43.46	6
41.5	3
43.9	13
47.59	27
39.67	10
37.77	6
41.6	32
45.46	19
39.57	7
33.78	49
33.92	114
34.15	116
33.2	118
35.15	53
35.54	84
34.8	148
41.11	3
36.89	1
40.46	14
44.21	15
41.74	20
41.6	20
38.86	1
38.99	0
41.2	11
51.36	9
34.76	95
33.47	71
34	141
32.92	99
37.7	64
39.96	17
33.8	57
33.39	118
34.06	140
36.76	25
42.24	9
41.31	11
40.18	4
49.46	8
39.88	13
38.57	6
40.89	20
40.03	13
40.44	8
39.4	9
41.36	27
42.89	14
37.66	15
33.92	113
41.34	22
34.23	108
42.51	13
34.13	6
42.84	19
34.52	118
35.45	57
38.65	17
39.58	19
44.46	12
35.68	89
40.48	35
33.66	116
38.59	7
34.72	187
34.22	115
40.61	25
41.54	13
37.44	11
38.92	8
43.21	20
42.95	20
43.84	2
40.33	19
39.36	7
48.42	10
37.92	3
39.98	17
37.55	4
38.74	10
39.49	4
43.16	21
47.26	5
45.19	7
43.09	27
40.5	20
43.08	13
38.72	9
34.73	110
40.9	20
40	3
38.35	25
42.92	10
42.57	3
41.61	17
40.87	58
42.63	27
40.37	7
42.46	14
42.13	19
46.73	23
37.62	5
39.97	3
40.6	15
39.38	36
44.4	15
43.02	39
41.13	2
42.19	62
43.66	15
39.93	33
40.18	3
40.66	2
43.75	30
41.4	15
36.89	111
34.63	92
31.83	104
35.16	108
39.59	12
41.69	1
40.21	21
38.32	22
32.41	95
34.62	55
40.39	18
43.74	26
35.35	95
33.74	65
39.92	32
33.14	115
35.16	74
37.09	84
34.68	63
40.81	19
34.58	98
36.11	14
34.54	162
33.17	129
40.71	26
41.67	27
32.37	29
35.01	87
34.99	72
33.07	115
33.06	68
34.89	92
42.06	20
34.62	117
34.84	40
41.45	13
35.36	128
34.29	45
35.42	158
43.05	17
36.62	98
43.99	18
39.09	1
46.26	12
43.64	19
39.45	25
43.24	23
41.18	14
40.46	15
39.85	4
39.88	24
33.95	67
34.65	97
33.43	99
31.81	111
35.32	101
33.84	93
32.64	118
32.95	211
32.78	108
34.25	72
32.87	105
33.94	78
33.27	110
33.9	67
34.03	74
40.65	25
33.99	111
33.09	62
34.62	149
39.21	25
48.22	5
33.31	116
35.93	8
42.16	15
39.57	10
32.99	118
39.96	12
32.93	92
39.59	4
38.31	7
46.65	10
40.95	7
40.55	13
45.74	2
39.94	22
40.55	7
42.38	6
43.62	18
41.67	22
46.3	17
38.5	31
41.03	11
32.71	101
40.66	3
33.89	116
34.45	195
35.75	133
40.46	15
34.67	95
36.18	65
43.63	21
35.84	62
39.39	32
42.26	18
36.42	4
39.36	19
35.37	155
42.19	19
44.92	17
42.77	15
33.62	94
34.91	72
34.67	115
45.4	13
34.43	108
34.52	93
37.95	102
35.98	102
34.95	111
42.63	19
37.28	0
35.08	70
41.31	27
39.74	13
34.75	39
40.53	3
46.19	2
43.6	21
36.41	76
34.36	183
33.57	73
32.15	40
34.8	84
33.72	147
33.23	89
33.7	188
33.95	78
33.19	94
32.17	90
33.62	103
40.46	32
35.17	191
34.21	56
39.63	23
33.51	114
33.72	114
47.09	9
33.31	92
43.6	21
35.52	82
42.04	30
43.13	41
43.07	5
41.76	20
41.63	16
39.85	10
40.5	74
40.73	20
44.72	18
42.69	17
40.08	12
35.73	92
40.99	13
40.43	20
39.83	8
40.63	25
42.49	20
38.87	17
39.16	40
38.37	20
41.45	20
33.99	86
32.56	22
41.02	19
33.76	86
44.3	7
36.9	27
37.77	1
40.22	20
32.91	30
38.71	10
36.75	11
41.21	80
41.74	24
44.78	22
42.6	23
43.97	23
39.37	3
38.01	11
53.44	5
42.83	4
41.02	11
39.88	13
35.36	1
38.26	13
42.03	13
43.51	11
50.43	8
41.06	9
39.19	11
46.11	21
36.03	129
40.57	22
36.21	103
40.1	22
37.21	38
37.51	9
40.75	37
41.83	26
41.75	20
40.81	11
52.1	13
38.61	7
41.82	36
41.38	10
40.62	14
44.78	18
37.9	4
40.54	69
41.79	20
35.58	62
33.75	115
38.52	28
38.02	20
37.05	8
33.8	113
33.98	99
38.79	12
32.86	51
36.21	174
34.59	2
40.01	14
40.48	14
56.85	23
34.53	104
37.07	104
35.78	115
35.41	100
35.89	15
37.48	19
41.39	18
40.52	15
42.2	12
38	12
35.1	141
35.26	112
34.63	116
42.48	18
41.86	20
42.51	28
39.83	3
42.34	19
36.82	1
34.87	118
41.03	28
32.78	41
35.08	67
34.85	183
32.95	117
42.5	12
34.78	60
40.51	11
34.54	104
42.36	13
34.7	97
34.83	72
34.98	105
42.6	14
34.28	110
33.92	198
36.3	81
33.34	39
33.15	101
32.33	118
34.81	109
41.37	20
33.53	114
38.85	15
33.83	82
40.13	34
40.8	23
40.29	5
39.99	18
34.19	98
43.2	24
34.53	154
35.04	111
34.32	45
34.53	112
32.33	79
39.3	12
38.48	15
44.31	17
41.24	29
40.13	20
42.76	13
42.51	20
41.82	19
38.02	9
42.16	25
40.02	5
40.01	11
42.05	19
40.99	27
40.59	9
40.46	10
37.55	104
43.81	4
39.98	17
38.61	25
35.06	94
41.79	3
37.01	2
38.58	2
37.52	14
34.84	63
32.53	117
35.35	157
42.07	16
40.96	23
38.69	17
37.34	3
43.39	19
39.61	24
40.44	15
40.54	28
41.96	9
40.39	18
37.47	9
42.59	28
41.26	13
34.63	0
44.81	21
34.78	112
33.62	103
34.4	107
42	19
34.36	64
35.03	97
38.38	3
41.89	20
33.63	66
34.92	86
44.2	2
40.1	17
43.74	32
40.49	14
38.34	4
39.02	15
42.19	1
40.4	20
42.43	21
40.11	14
36.51	99
34.03	114
46.69	13
36.94	17
34.48	86
34.56	27
40.09	27
36.1	115
34.6	106
35.81	77
41.87	15
34.4	104
34.69	107
35.77	107
35.99	127
33.62	118
34.77	114
35.12	109
42.09	3
35.53	93
34.83	186
42.08	23
45.27	18
40.9	10
38.91	20
41.33	18
34.42	85
42.85	18
32.98	104
33.27	117
33.25	61
33.7	88
35.62	13
35.65	13
34.83	94
33.16	64
37.34	10
34.64	65
32.66	75
34.37	99
33.06	22
43.76	4
39.37	19
32.82	33
41.67	16
33.67	115
40.96	18
35.6	104
37.8	20
35.53	10
46.03	0
37.68	8
34.41	25
35.32	73
40.34	18
32.14	107
32.14	107
34.84	154
34.37	115
34.45	95
34.57	99
32.43	105
34.12	72
32.81	106
41.81	16
42.15	26
34.16	143
41	7
40.55	80
38.31	9
39.28	21
47.32	25
42.12	13
36.16	11
38.8	9
44.18	12
39.33	12
39.05	13
35.23	69
35.75	105
37.4	6
33.98	87
34.36	91
35.83	2
35.84	93
47.02	0
34.09	109
33.69	118
37.57	7
38.99	21
37.8	18
34.9	13
38.32	19
35.98	16
38.09	17
37.29	14
37.92	18
44.72	19
38.57	20
34.5	194
35.57	115
33.34	16
37.24	34
36.66	85
38.75	62
35.06	110
39.06	7
42.25	82
36.65	108
42.99	9
33.92	117
42.13	18
43.78	17
41.66	22
40.51	10
42.47	21
50.09	6
38.25	10
35.1	11
45.63	10
33.66	115
34.1	114
35.11	87
41.27	15
36.22	88
32.84	113
33.6	104
38.97	4
40.41	17
38.26	6
40.07	5
36.88	41
43.69	1
41.24	13
40.23	10
38.15	91
40.4	19
42.64	11
43.43	16
39.14	4
45.03	25
41.77	21
38.99	3
65.47	6
44.07	25
38.41	28
39.57	28
38.14	12
35.43	3
37.62	25
41.19	5
51.15	8
42.33	33
37.34	18
48.9	7
42.57	3
40.83	24
47.98	6
42.57	20
35.17	111
36.91	63
36.92	11
33.43	104
35.56	112
41.62	20
33.53	103
34.33	108
39.39	10
46.06	4
40.25	22
41.61	17
43.71	18
35.26	7
42.45	4
38.1	11
40.9	10
38.84	100
34.5	146
35.98	115
34.26	108
50.58	1
32.95	116
42.3	9
38.91	27
36.73	90
43.68	19
46.54	3
39.43	16
37.65	4
39.83	4
42.88	21
47.5	3
45.24	7
40.73	4
43.17	27
41.06	0
37.23	3
44.22	32
37.25	96
39.3	14
34.6	185
41.4	11
35.33	104
51.56	17
34.94	87
35.38	121
36.68	99
43.91	18
36.88	79
34.11	23
40.65	32
40.83	12
41.98	17
42.91	34
41.39	17
41.19	25
37.95	1
43.22	27
40.51	17
43.34	15
41.48	3
39.75	8
40.81	18
42.55	26
42.66	19
41.3	18
41.8	16
37.43	7
34.01	181
33.67	188
33.51	117
39.54	20
37.86	15
35.55	116
35.16	139
35.09	187
35.06	100
38.92	33
34.35	111
40.76	21
39.62	15
38.74	44
34.19	160
39.9	8
36.12	89
33.69	110
33.5	51
34.98	90
35.82	105
40.22	13
36.75	20
36.46	42
40.17	24
41.27	30
37.65	16
35.82	107
43.44	25
42.5	5
42.06	24
41.18	55
35.99	3
43.35	20
39.37	5
43.86	12
36.88	14
35.42	185
37.84	18
34.89	85
39.52	14
33.74	197
43.02	22
34.87	46
34.46	79
33.42	70
38.59	2
35.36	3
42.05	12
33.54	68
42.71	16
33.28	104
32.66	118
34.88	85
34.08	77
33.17	67
34.57	99
32.3	117
34.05	115
43.75	8
39.87	17
37.83	20
40.82	14
40.17	9
40.95	6
44.4	17
44.04	15
38.45	18
41.22	12
45.23	13
32.86	23
41.21	14
34.01	114
39.29	21
35.75	103
40.94	19
33.82	84
35.45	27
36.88	2
33.77	110
34.27	91
32.8	21
33.63	109
40.51	27
35.16	49
34.14	113
45.01	11
35.65	74
40.83	34
33.5	118
33.77	68
34.24	93
44.38	1
39.64	20
32.61	83
34.22	81
41.47	16
34.58	103
32.54	115
40.86	10
41.35	28
39.8	47
51.56	3
39.95	55
38.96	21
37.33	4
38.89	8
42.91	9
38.86	99
34.79	192
40.86	23
35.99	37
33.69	106
35.13	62
34.81	76
35.21	76
32.22	113
35.96	38
35.49	106
39.01	6
40.28	13
42.19	25
36.65	27
45.89	0
40.34	59
34.9	25
39.18	14
39.15	11
38.24	14
38.81	15
44.96	25
45.12	16
47.46	8
38.74	5
35.89	113
42.45	9
37.78	5
39.95	11
39.65	6
40.46	20
33.61	109
40.05	29
37.77	14
41.66	15
38.85	9
33.73	66
38.24	10
33.89	90
32.07	106
33.95	27
34.27	116
34.95	138
32.73	104
32.39	105
34.78	62
34.17	211
34.64	99
33.72	111
34.53	111
34.35	159
34.4	111
46.07	14
34.09	103
42.56	21
35.71	91
34.42	110
35.35	111
40.89	45
37.67	101
33.8	144
35.39	130
34.07	14
40.39	19
34.17	75
32.54	83
35.57	113
34	105
33.13	109
34.4	164
38.87	18
34.01	191
34.98	62
35.08	119
35.05	57
35.28	88
38.69	19
35.42	88
40.51	15
35.38	62
32.31	22
32.88	25
33.74	82
34.95	155
33.12	75
32.79	106
34.54	49
34.37	44
32.46	118
35.75	96
40.23	29
34.54	114
35.11	157
45.85	12
36.76	82
41.83	23
40	68
42.56	20
35.62	102
35.53	52
45	12
41.91	5
43.89	42
40.74	10
40.64	76
38.29	16
41.51	10
43.01	18
46.15	2
41.37	39
40.81	18
39.78	17
42.27	20
41.37	19
39.71	5
36.25	0
38.24	6
36.08	104
41.11	22
39.74	7
41.79	7
43.59	13
37.82	9
39.61	14
40.83	16
43.74	14
34.67	117
35.26	8
38.33	0
39.2	26
41.11	21
32.68	186
32.19	17
34.88	74
36.21	115
36.32	11
33.17	114
34.57	70
35.66	13
35.23	140
42.06	19
42.27	24
37.85	31
38.48	8
40.9	25
41.26	29
41.97	20
39.63	4
43.04	1
38.06	3
38.86	1
41.4	15
36.04	7
39.16	43
35.21	99
34.91	117
43.98	1
36.74	19
41.32	16
41	10
33.01	104
36.22	96
34.17	138
43.15	20
34.35	87
33.7	200
36.69	7
33.3	100
34.54	68
38.63	25
41.47	37
40.59	53
42.87	33
35.99	47
36.87	5
35.16	84
51.85	9
43.69	27
38.4	3
40.76	29
40.09	16
33.04	118
40.64	35
39.17	3
34.56	75
34.97	126
32.5	25
38.41	19
34.56	69
41.27	18
39.13	67
39.88	14
38.77	19
41.01	26
38.2	37
43.65	19
40.16	17
52.72	14
37.66	4
34.65	7
35.71	138
43.41	20
35.25	111
36.38	99
44.9	12
35	152
35.33	113
35.06	79
41.56	20
36.53	158
33.02	28
32.65	84
33.3	33
35.09	30
33.61	85
34.47	79
37.28	5
41.72	18
39.8	19
34.87	104
37.9	11
38.29	6
40.37	18
40.22	14
40.87	46
38.81	16
41.42	16
42.15	21
37.92	18
33.29	110
35.25	150
34.46	88
33.36	86
33.73	14
35.77	70
34.75	74
33.14	41
42.28	21
33.07	114
34.59	108
38.09	82
41.44	12
38.59	22
40.14	75
38.53	42
41.24	26
43.56	32
38.67	57
41.78	29
53.26	7
36.78	0
36.77	27
43.51	13
40.86	35
39.56	41
45.42	3
45.31	5
35.28	114
35.48	116
35.59	181
39.71	16
41.19	23
33.88	14
38.59	15
39.37	42
41.33	12
40.89	23
38.8	84
38.77	8
41.77	21
42.77	21
40.1	45
40.98	24
35.76	153
36.58	90
35.6	107
38.99	45
47.61	17
38.58	14
36.38	89
39.58	13
42	16
38.98	8
43.05	17
40.54	18
37.06	19
40.22	18
44.93	16
51.36	7
45.54	14
36.48	22
34.6	20
41.91	24
35.8	204
36.46	114
36.59	97
35.8	105
45.4	7
37.07	147
34.64	25
41.29	9
42.6	20
42.64	18
43.33	19
38.43	3
37.85	68
41.25	21
42.64	7
44.34	9
42.42	13
39.9	18
43.66	3
35.4	79
45.63	23
38.56	9
36.73	60
36.89	21
42.68	17
37.85	11
42.35	24
45.19	17
35.66	2
37.46	12
39.57	11
38.36	3
34.05	103
33.34	116
41.43	9
51.97	6
40.62	59
38.71	50
35.37	116
36.52	148
34.58	110
43.41	15
35.45	98
34.53	91
33.82	111
34.78	80
42.74	18
40.52	23
33.91	117
33.17	100
38.23	19
34.55	171
35.46	157
34.44	87
34.59	109
40.01	7
36.03	102
38.45	5
39.27	12
40.71	19
37.02	5
38.79	14
40.31	18
40.53	13
33.23	90
40.63	13
37.69	16
37.58	1
42.12	40
44.33	28
41.87	6
39.1	19
38.05	13
40.84	18
40.36	17
40.02	19
39.39	8
40.39	18
36.29	14
36.59	93
35.34	102
36.44	69
37.12	94
35.26	81
35.98	95
42.83	31
40.04	2
42.02	25
37.4	51
40.79	15
36.37	3
34.94	115
51.41	16
42.35	2
44.59	16
34.73	115
36.33	99
39.47	11
40.13	18
41.47	16
43.97	15
39.03	6
42.77	4
44.05	21
42.88	19
44.54	2
40.58	3
41.98	20
41.98	12
35.09	115
41.59	4
38.41	13
35	59
39.38	17
38.79	5
38.23	12
42.95	20
40.55	14
38.94	11
35.1	118
38.56	13
40.72	13
43.31	20
49.71	11
39.62	6
40.87	4
41.16	5
36.28	99
36.33	74
40.13	28
33.87	5
34.91	123
35.17	187
40.66	4
35.3	206
45.62	3
34.39	116
35.18	118
42.48	13
38.24	15
39.82	22
40.4	11
40.74	18
37.66	4
43.5	19
51.89	13
41.54	16
34.18	75
34.76	115
38.32	7
38.63	3
40.52	14
39.63	14
33.56	95
33.9	210
36.11	18
35.26	163
39.52	4
33	7
42.79	29
36.92	10
35.29	85
44.55	6
36.46	109
39.46	63
36.46	62
45.96	30
37.32	16
37.85	30
39.46	30
39.35	42
42.5	51
41.52	11
37.67	15
43.15	18
40.54	13
54.01	12
38.6	13
42.28	20
40	12
41.48	12
41.68	6
39.19	4
37.9	9
44.33	15
39.84	8
40.2	70
40.79	21
39.89	22
43.63	11
40.43	64
41.66	5
40.84	23
40.88	20
51.33	12
41.34	19
44.2	19
35.76	80
32.29	19
34.09	118
34.67	47
33.27	118
34.96	67
42.31	19
43.09	14
33.21	107
36.93	113
42.45	16
35.35	102
36.76	96
36.6	128
33.23	19
34.83	209
36.93	10
35.5	104
42.04	30
34.54	34
34.84	111
42.83	19
34.22	46
34.96	92
33.98	115
34.69	99
35.42	110
37.67	2
34.81	56
34.83	170
35.84	112
32.52	76
34.18	85
33.12	103
42.27	18
34.63	102
33.44	117
35.11	79
33.75	98
34.76	97
32.78	201
34.91	99
34.62	195
44.68	21
33.8	118
35.44	116
35.06	85
40.5	21
36.03	114
42.86	27
43.03	35
37.5	11
40.77	10
39.84	51
46.49	2
40.81	21
41.24	10
36.98	4
33.89	105
43.89	9
43.93	22
39.53	13
42.69	3
37.4	13
41.98	19
34.18	111
35	110
38.65	29
35.84	84
39.79	18
46.54	7
39.98	23
32.59	21
37.59	19
38.62	9
40.79	16
41.51	22
45.35	20
33.81	33
38.63	17
40.85	9
35.39	113
40.74	33
36.44	164
51.91	9
41.35	14
43.66	5
41.76	10
44.96	10
38.43	3
34.19	89
33.59	41
41.93	19
38.22	2
34.74	65
33.39	49
33.36	112
38.15	4
38.4	21
39.66	11
40.19	18
41.34	19
34.86	113
34.83	106
32.95	116
33.43	179
34.1	116
34.14	59
33.16	113
36.11	101
34.32	114
38.48	22
40.72	19
34.51	107
44.43	21
35.09	97
36.45	94
40.06	23
37.65	19
34.69	109
38.18	18
33.19	94
40.69	19
43.12	3
37.65	13
33.45	34
33	117
37.1	23
41.1	18
34.44	167
36.47	114
34.42	59
35.05	139
34.49	114
39.11	21
35.25	103
42.94	19
33.97	114
36.3	136
35.11	81
39.97	14
39.38	49
40.95	17
39.96	1
40.99	6
34.37	91
42.73	20
35.46	20
47.93	2
38.86	12
33.86	111
38.99	19
37.28	50
34.73	87
31.68	105
36.3	87
41.38	12
33.27	113
33.14	60
35.41	65
43.68	27
38.77	9
39.4	6
41.04	14
41.75	11
36.75	3
40.39	14
40.42	17
36.98	23
40.78	19
43.72	19
33.26	115
33.55	117
33.45	29
35.55	24
34.33	108
36.23	99
33.68	101
34.39	110
35.39	134
40.09	16
40.69	21
42.1	17
35.02	104
42.15	17
37.31	5
42.22	6
43.8	4
41.42	5
35.42	105
42.76	26
43.92	13
41.77	20
47.1	13
40.69	18
43.45	8
41.2	13
38.81	11
42.97	20
42.03	38
39.05	50
34.39	70
34.45	125
42.67	21
38.72	15
38.82	11
36.56	7
40.25	41
34.98	101
42.37	5
45.9	21
42.67	17
40.48	8
40.53	5
41.28	20
44.41	25
39.34	23
38.52	5
40.79	17
40.67	4
40.08	6
39.85	20
40.74	1
39.89	12
38.44	3
37.28	10
39.94	22
43.22	22
40.03	9
39.21	13
40.99	12
43.86	20
49.87	3
49.11	6
36.41	7
36.44	19
39.11	10
44.03	18
43.82	8
39.36	12
42.45	1
39.19	19
39.34	16
39.84	26
43.32	19
40.09	4
40.48	23
43.2	33
39.8	15
38.68	17
43.35	14
34.96	118
43.04	11
38.79	16
40.57	29
38.29	33
36.01	5
41.77	25
43.07	12
39.83	10
41.84	20
37.95	0
33.6	87
39.48	23
32.48	111
33.31	86
43.46	10
31.72	22
34.27	114
40.18	19
33.49	106
35.11	4
35.09	134
35.34	152
37.33	24
35.34	99
31.3	17
34.81	82
38.28	29
44.09	19
40.72	18
34.97	196
40.81	17
43.33	19
34.31	108
43.16	19
40.66	16
39.27	12
33.4	118
38.02	8
34	47
35.13	67
41.16	18
32.52	17
35.01	99
34.74	105
35.6	89
33.62	80
35.33	103
34.85	111
48.64	11
39.68	21
35.07	20
36.93	14
35.72	4
36.26	51
40.12	23
42.41	17
34.77	114
42.06	18
41.51	14
43.38	5
49.38	3
43.87	33
41.74	8
39.54	0
41.35	17
40.13	35
43.63	28
43.63	17
39.99	9
39.94	25
38.56	15
40.69	43
39	5
34.03	4
41.98	13
38.48	13
42.4	23
36.52	99
35.46	105
46.49	5
36.69	12
39.8	2
41.26	11
34.83	106
41.89	15
34.47	6
39.47	15
32.84	115
39.66	10
35.19	89
34.71	164
34	99
39.74	3
45.48	10
33.21	101
32.29	105
30.63	2
36.54	158
34.56	95
34.1	104
34.83	180
38.62	48
33.12	116
34.44	112
44.71	17
34.66	88
37.74	18
34.13	108
42.9	18
41.52	15
34.73	89
35.29	94
33.92	70
38.75	3
38.25	28
39.88	25
38.74	3
35.91	90
35.06	56
35.37	104
39.84	13
36.17	85
34.04	26
34.29	113
34.57	94
32.42	47
35.15	76
34.99	85
41.5	18
38.37	4
36.36	21
37.72	9
41.49	1
39.74	8
41.83	9
41.89	16
42.27	13
40.97	73
38.29	20
43.07	27
37.2	99
44.88	16
36.32	105
34.51	80
35.27	113
41.96	18
36.79	34
37.4	14
36.76	22
36.82	117
33.32	108
34.5	105
34	108
36.48	55
36	48
36.63	38
35.22	110
41.59	19
44.19	19
36.54	103
35.92	76
45.18	6
35.98	73
32.73	118
35.09	58
35.43	114
34.35	112
34.22	171
35.88	102
35.76	167
34.27	69
35	112
34.42	111
33.33	86
34.27	110
32.59	117
40.14	24
35.46	95
39.53	51
41.93	13
38.41	48
38.84	69
38.09	18
38.76	7
43.08	25
50.77	8
47.71	2
41.35	15
37.4	8
48.59	10
46.98	9
42.4	13
38.03	11
40.42	4
39.15	2
39.72	30
36.89	7
32.99	118
43.19	8
33.09	71
33.21	96
32.77	75
33.37	102
35	112
40.03	17
38.37	24
36.82	1
34.87	146
42.25	13
38.44	64
40.73	23
42.8	33
43.63	4
45.28	3
40.96	2
37.5	94
41.46	21
43.04	32
44.8	19
41.91	15
38.87	16
40.99	17
39.65	52
41.53	5
41.59	19
41.98	19
39.14	3
36.57	59
43.68	28
32.98	114
42.27	14
38.76	19
42.72	21
36.24	85
42.56	12
40.35	31
35.51	85
37.6	34
34.31	89
33.04	114
33.72	199
33.36	49
33.84	166
34.13	172
42.65	19
32.98	107
33.5	109
33.67	41
34.42	170
33.94	111
37.9	28
40.75	22
32.42	22
32.9	74
33.5	123
33.76	102
37.36	20
34.5	87
40.46	20
38.57	18
47.93	9
32.48	30
34.13	86
39.34	6
34.88	8
33.56	86
34.2	86
38.79	9
35.1	99
35.31	113
38.12	20
35.35	98
35.53	10
46.2	9
34.92	21
41.19	17
38.03	6
36.1	100
34.38	140
35.24	90
40.05	13
34.33	40
35.28	66
35.01	126
43.21	18
41.19	17
33.29	107
34.62	110
34.81	37
34.15	76
37.31	109
40.3	14
34.15	57
37.98	1
32.54	106
36.82	63
41.75	20
32.46	118
34.28	110
44.74	22
34.11	180
35.48	101
34.43	108
33.61	114
34.57	134
33.36	76
32.74	25
41.78	21
34.35	105
35.78	103
42.97	16
35.5	50
34.97	101
43.8	26
33.8	100
35.39	0
33.65	79
35.44	100
39.23	16
41.66	16
40.06	16
40.26	9
43.16	13
39.36	5
39.38	12
40.96	13
41.8	21
42.15	7
38.79	20
39.33	17
35.5	95
33.62	106
34.74	96
34.5	59
35.72	152
46.15	17
37.95	11
35.82	162
40.65	19
37.22	13
41.18	8
41.82	23
34.84	118
35.46	161
41.32	7
38.12	11
39.43	21
39.32	8
100	0
38.65	11
37.12	15
43.32	20
36.21	104
43.97	9
42.32	12
39.4	1
35.89	41
43.67	26
32.08	98
42.34	19
40.39	10
34.49	170
42.89	20
36.76	37
34.23	93
35.09	113
34.3	128
33.98	29
34.02	78
36.12	192
35.4	92
43.33	20
36.72	21
40.31	29
35.5	66
41.48	20
35.84	99
34.01	68
36.01	109
46.7	17
40.52	30
35.27	124
41.61	16
40.74	5
34.56	99
40.29	5
34.28	176
33.75	31
33.71	117
35.02	65
31.46	22
35.36	94
33.21	109
33.3	34
42.03	19
34.53	110
34.65	113
33.89	38
34.49	94
34.25	107
39.9	8
41.85	17
33.33	87
35.12	73
35.34	67
44.6	10
49.56	9
31.82	13
33.05	95
41.61	19
35.13	146
34.37	66
38.49	11
38.59	21
36.28	106
33.03	118
34.07	93
35.32	91
43.44	20
33.95	112
33.59	81
35.53	53
34.72	81
38.72	3
35.57	90
32.61	110
36.27	64
35.83	169
39.93	2
34.25	100
34.95	103
33.48	61
34.23	116
33.13	13
34.53	152
33.26	157
39.73	18
32.83	117
41.19	20
37.5	1
39.56	32
34.49	85
42.67	10
41.25	20
42.08	11
34.57	73
41.03	15
39.57	47
42.02	15
37.05	14
38.38	23
40.96	1
36.96	4
35.85	120
39.96	14
36.13	9
34.34	16
35.82	11
31.24	110
34.21	114
33.99	110
33.38	48
34.41	83
34.54	82
34.57	106
34.63	96
35.03	120
40.83	17
35.98	136
43.42	72
35.19	82
37.93	6
38.53	13
32.93	117
34.78	105
41.95	11
34.46	66
41.22	11
34.85	118
37.36	86
35.86	1
34.53	95
33.89	90
34.31	117
34.77	81
36.92	58
35.06	117
36.83	20
40.07	10
36.16	107
33.49	114
32.86	113
39.54	17
35.76	73
38.09	9
39.87	20
35.24	120
38.9	16
35.35	83
46.46	16
34.51	83
42.31	19
33.75	112
37.87	15
35.17	169
33.63	111
36.16	39
33.74	78
42.49	19
35.52	91
34.47	6
34.79	64
32.2	118
34.2	94
36.28	106
33.01	118
39.4	21
38.49	11
43.48	18
33.89	85
37.51	12
34.24	3
32.97	118
34.66	90
36.45	109
35.84	104
35.76	174
34.27	144
42.9	19
33.19	112
37.21	33
32.88	93
36	7
33.91	116
32.87	115
35.82	87
39	21
39.57	11
39.3	21
38.49	11
34.89	75
42.51	19
33.43	112
34.72	64
32.22	118
33.93	94
36.28	106
33	118
40.48	24
34.66	77
41.43	18
36.31	105
34.67	85
33.27	114
31.92	114
39.93	21
33.83	117
35.3	111
33.02	20
32.65	58
35.88	99
43.28	19
36.71	62
41.14	10
35.94	61
33.78	12
33.01	106
34.86	61
43.51	12
33.44	31
42.03	23
40.03	46
47.01	1
47.49	5
41.18	15
41.4	7
34.79	20
38.13	84
34.23	172
36.23	122
35.41	73
36	114
42.27	15
47.9	6
36.51	100
35.59	118
34.44	19
39.26	14
34.37	98
33.87	114
35.76	178
40.63	18
33.09	63
33.62	3
35.04	112
33.82	61
33.95	174
34.41	60
39.89	24
35.05	31
33.75	44
42.56	3
39.79	18
41.22	19
42.65	19
43.06	18
37.8	13
40.93	33
39.89	6
39.66	17
38.21	12
37.83	0
40.87	9
42.18	19
44.32	17
48.75	5
41.73	24
48.71	8
34.01	48
40.7	9
36.94	88
34.92	117
38.84	1
33.46	111
37.87	6
45.53	6
34.15	211
37.93	15
34.51	173
34.17	103
35.47	95
38.62	33
35.83	93
34.81	97
33.36	106
42.38	21
33.28	112
35.61	130
33.94	93
35.12	100
34.84	102
37.32	10
40.59	42
46.5	4
35.36	75
34.67	62
36.22	100
35.01	186
41.74	9
35.61	8
50.57	10
39.56	34
39.68	25
39.05	15
44.83	5
41.57	22
40.57	23
36.75	117
34.33	104
42.2	19
35.08	111
34.28	109
34.43	106
36.35	66
36.11	193
33.74	114
35.23	84
33.85	104
42.72	2
42.3	23
37.12	0
41.5	16
41.66	9
45.74	17
39.41	12
39.2	27
41.92	4
40.09	27
42.28	7
41	22
41.37	14
41.86	7
39.43	24
40.95	6
40.3	12
39.74	18
44.67	20
42.2	17
35.58	103
35.06	31
36.8	92
44.9	23
34.69	118
48.47	11
35.95	52
33.91	74
35.57	84
33.92	76
41.26	7
38.3	11
36.18	210
42.82	3
34.45	25
44.45	6
35.87	153
37.23	115
36.2	107
34.78	93
35.05	188
35.35	169
40.86	11
34.44	111
34.12	79
35.91	181
35.08	52
35.61	116
40.68	26
35.04	148
34.5	118
36.8	114
38.9	8
35.15	153
36.03	111
35.57	203
41.2	19
39.2	1
41.98	28
43.07	17
33.21	38
33.05	59
38.47	20
33.63	91
32.75	23
33.69	23
39.16	4
34.8	64
42.97	20
34.22	92
38.28	28
39.98	26
40.1	30
40.15	14
41.21	2
41.06	15
39.09	26
43.22	17
41.23	8
41.91	24
34.54	100
43.04	3
34.44	162
36.53	8
40.6	13
42.62	27
34.52	83
43.28	21
32.33	33
38.39	15
37.79	3
41.13	21
41.5	8
44.2	4
39.34	14
39.45	33
42.44	18
51.28	8
37.29	3
41.13	21
35.95	20
37.45	11
34.45	38
33.75	202
40.13	46
36.37	95
34.15	116
42.04	19
36.02	70
43.6	5
37.34	7
40.52	20
40.13	17
43.03	14
37.86	35
41.07	11
38.56	39
42.98	9
42.39	7
39.76	7
34.47	140
36.86	115
38.77	13
34.69	28
37.24	46
38.76	25
36.97	3
34.61	162
35.03	51
36.08	152
33.83	95
35.35	79
33.73	115
34.4	106
34.39	77
34.13	97
32.76	118
44.42	21
34	209
39.38	22
32.86	102
33.34	33
37.44	21
34.8	150
33.98	93
41.06	14
34.7	93
43.16	19
43.22	27
42.99	11
35.06	95
39.69	3
34.35	13
37.54	50
41.43	19
36.97	38
38.7	13
41.42	20
34.75	72
35.04	121
35.52	113
33.65	93
34.34	112
39.72	7
34.08	111
40.89	26
34.19	118
41.11	18
44.88	10
38.77	3
34.78	58
35.77	79
35.08	101
43.75	19
33.71	18
36.89	157
34.04	158
34.04	183
35.31	78
35	133
41.58	21
41.24	15
43.01	20
39.71	15
43.71	23
42.81	29
40	60
39.6	65
39.36	12
48.96	9
38.89	5
40.31	13
34.07	83
36.13	32
43.42	20
34.8	113
40.79	20
40.82	24
37.57	21
43.22	18
33.56	116
35.72	13
42.35	18
34.28	85
32.71	64
37.01	2
35.18	2
33.69	88
35.6	6
40.88	11
34.84	156
34.97	2
35.6	13
33.34	116
42.71	22
32.86	64
35.03	90
34.07	115
33.59	88
42.33	18
37.86	30
38.95	2
39.03	4
38.66	7
35.57	16
39.2	21
34.66	1
33.83	117
42.13	37
40.56	73
33.84	116
34.79	112
33.52	34
33.78	117
42.22	19
33.42	104
32.59	114
33.47	144
33.38	113
36.65	84
37.25	13
47.84	13
33.31	22
33.75	87
40.43	19
33.6	195
40.83	19
46.15	16
35.88	11
35.11	80
39.91	18
32.02	3
34.91	81
44.43	10
34.26	105
38.42	13
39.17	13
34.42	108
34.53	104
39.95	13
34.04	76
33.65	117
34.02	106
41.25	17
34.9	48
34.06	111
34.47	97
35.33	96
33.32	50
34.33	53
34.65	83
41.17	19
32.77	48
34.48	84
34.29	184
33.4	94
33.34	89
32.67	15
41.74	9
35.16	166
38.14	19
41.34	4
38.11	5
43.26	21
35.25	105
36.09	3
33.86	73
33.42	89
36.6	9
35.63	101
37.51	4
33.57	54
37.25	2
39.67	15
33.8	89
34.37	197
32.52	77
38.4	22
33.76	72
33.88	99
36.17	106
38.97	2
33.2	12
36.07	80
41.62	16
41.53	19
44.29	21
34.8	111
32.74	118
37.62	2
33	114
49.58	14
38.44	18
42.58	17
39.21	64
40.39	9
35.24	105
39.53	16
35.66	72
34.74	139
38.42	2
42.76	8
35.46	92
34.01	45
40.41	17
41.87	17
34.05	71
35.67	85
44.43	15
36.01	34
41.92	21
34.18	195
35.76	165
34.1	108
33.65	67
35.39	167
35.3	56
34.55	155
35.47	66
32.93	116
42.71	17
35.23	150
35.37	101
41.31	20
31.82	4
39.94	11
37.34	9
33.29	195
32.29	117
33.89	111
33.03	95
35.24	75
41.36	19
35.36	91
34.68	91
34.23	43
33.18	118
33.96	112
38.63	21
38.74	11
34.57	86
35.33	107
34.06	116
35.66	15
33.63	37
41.93	20
35.15	76
33.86	115
42.06	22
35.26	81
34.18	6
38.72	55
38.8	9
39.59	2
50.18	8
44.59	18
38.93	11
38.59	13
39.18	6
37.07	4
34.41	117
34.18	68
33.06	100
35.81	68
33.46	110
36.12	31
35.59	85
35.03	72
35.91	117
37.15	117
38.71	19
39.58	11
34.02	86
41.67	2
41.3	10
37.83	9
49.13	10
35.8	97
42.08	18
35.71	70
40.21	3
40.53	18
34.5	82
30.57	0
30.88	4
33.62	97
33.6	80
35.52	83
35.27	46
40.73	19
43.5	32
45.82	10
40.45	15
35.1	102
42.17	22
33.34	107
34.58	134
34.5	102
34.37	108
34.28	109
38.18	1
40.62	21
36.28	82
40.92	32
34.75	118
42.77	10
35.22	107
42.63	21
38.86	23
42.54	17
37.72	30
42.09	26
37.93	10
32.11	116
33.92	78
39.43	10
35.01	1
32.22	94
32.25	106
33.22	104
32.75	108
41.03	17
33.95	93
39.62	13
33.86	99
33.52	112
41.24	40
36.02	59
33.84	111
33.15	67
41.29	18
39.48	14
43.71	21
38.88	92
48.02	6
43.3	21
41.85	14
42.62	24
45.39	7
38.45	3
35.07	97
41.72	19
33.3	118
32.47	33
33.43	114
35.44	62
33.31	95
34.99	93
34.96	3
42.26	11
33.86	105
33.94	91
37.92	1
33.9	178
37.72	52
33.94	67
35.32	6
39.84	33
38.46	16
38.46	25
35.51	102
33.7	113
43.53	24
36.26	89
38.65	18
33.17	21
33.26	111
35.52	179
33.87	87
37.98	2
35.25	200
41.01	12
37.6	5
36.21	9
34.74	133
37.89	1
35.53	83
32.72	38
37.97	2
34.29	132
39.2	13
47.71	14
39.89	18
39.22	13
39.22	13
39.52	2
33.68	69
36.74	57
35.55	83
34.61	188
34.94	80
32.66	112
35.27	97
34.41	209
39.08	2
38.84	5
44.8	4
34.24	144
43.9	21
31.62	95
34.56	94
40.41	19
38.95	14
39.12	4
34.94	109
36.04	6
33	102
33.18	115
34.96	170
33.26	104
42.47	8
35.84	107
42.64	14
42.83	53
37.6	74
38.92	14
35.6	67
39.63	7
46.46	9
40.59	16
33.4	19
34.13	65
34.36	71
33.53	109
33.9	112
35.42	83
34.41	160
42.24	19
34.8	59
34.46	172
33.28	112
34.21	116
40.2	8
34.43	113
36.27	99
35.6	103
40.09	0
41.56	24
35.51	172
35.11	162
39.58	14
56.22	0
41.35	41
41.77	4
40.04	30
41.39	14
54.15	5
38.04	16
41.67	18
45.04	23
39.92	20
35.73	79
34.24	114
34.43	64
37.39	11
45.61	15
34.25	71
34.55	160
36.54	102
34.5	81
35.4	52
36.04	76
42.2	19
34.15	16
35.68	81
35.94	106
32.86	115
35.37	135
35.38	95
34.18	79
42.98	4
35.56	109
44.24	31
44.95	4
43.4	13
34.79	104
38.65	33
40.86	29
45.12	21
39.33	16
35.22	42
34.72	126
35.96	106
34.25	103
44.12	22
34.23	78
35.07	95
34.32	46
43.67	14
32.02	112
33.49	40
34.18	136
43.12	14
40.76	14
34.46	186
32.11	114
34.38	55
34.14	118
34.06	93
42.72	21
36.59	65
35.28	44
35.09	105
45.36	19
33.35	113
36.59	83
37.71	109
34.58	28
45.16	20
42.06	16
35.43	89
34.49	98
33.92	59
34.38	114
32.67	32
33.04	21
33.62	74
36.25	85
33.4	113
34	71
42.2	24
42.95	22
40.97	38
42.89	10
34.71	0
42.58	10
40.51	7
37.89	14
43.42	9
40.29	35
33.2	98
36.14	83
35.55	70
34.44	118
33.38	110
34.96	110
34.71	113
34.21	82
40.19	18
33.16	110
42.95	19
35.14	93
46.46	13
34.26	104
36.32	19
36.32	123
39.25	8
34.68	60
36.1	96
35.24	100
39.56	8
35.5	111
41.3	21
33.32	28
40.34	14
37.85	8
41.7	11
44.29	10
36.2	1
33.74	20
36.01	73
33.88	13
34.18	99
35.75	110
41.86	19
35.91	107
42.33	2
32.91	21
38.37	19
36.69	6
35.47	158
38.41	13
33.7	179
39.7	7
39.07	12
44.96	7
34.29	56
40.81	13
35.01	161
34.85	114
42.41	21
40.09	16
37.97	18
39.52	3
42.89	33
46.76	2
51.1	8
36.63	3
42	20
44.91	36
41.82	19
40.82	12
38.45	6
41.18	32
36.58	5
35.91	4
42.34	1
39.97	34
38.59	17
41.38	20
33.82	162
35	174
40.58	6
34.87	130
35.35	77
40.94	22
38.65	3
35.38	81
43.57	18
35.01	163
42.8	24
35.24	89
34.41	118
34.83	94
42.37	24
35.93	108
36.18	167
38.77	3
41.57	20
33.47	102
37.25	5
40.94	14
42.7	18
41.54	16
34.37	66
41.45	20
43.47	4
41.46	14
36.63	29
38.27	9
39.76	19
39.89	18
42.55	19
40.08	14
34.12	117
41.43	15
40.22	18
41.5	15
40.27	18
38.57	8
42.96	19
41.01	14
41.81	10
43.55	18
41.95	17
40.45	17
42.06	27
43.68	14
41.28	5
41.9	16
40.47	29
50.86	8
40.05	2
36.36	4
41.94	9
43.56	18
39.98	13
46.12	7
42.21	10
39.34	26
40.41	22
50.89	8
40.14	14
38.69	11
38.85	35
41.42	20
44.88	1
43.68	19
39.28	8
46.77	10
34.82	62
42.17	29
33.99	112
34.96	5
35.01	52
39.84	3
39.25	2
37.28	43
40.62	12
38.22	49
36.25	60
33.64	108
36.41	52
33.86	107
33.15	112
32.72	113
36.52	21
34.97	53
32.36	106
34.33	74
37.06	3
36.18	104
33.19	85
35.87	90
34.86	158
43.08	18
38.14	8
32.74	106
34.82	85
45	19
41.93	3
41.88	21
32.9	89
32.18	23
39.8	5
36.15	49
36.67	7
37.54	5
35.48	106
35.2	188
39.92	13
33.6	18
38.92	14
40.11	16
33.96	28
40.77	19
37.84	11
33.96	164
42.21	15
33.56	101
45.3	13
33.86	93
40.46	14
39.27	21
36.51	83
40.69	19
33.63	24
33.92	85
34.51	107
32.96	111
41.95	17
36.02	85
36.13	85
43.69	18
44.68	26
40.76	21
38.94	5
43.78	24
35.13	104
33.98	109
33.4	112
43.74	13
32.77	100
38.4	20
34.49	52
40.83	19
39.5	19
41.87	20
40.3	19
33.68	85
33.13	111
40.85	3
33.93	111
40.87	13
41.32	15
38.43	17
43.15	13
41.59	19
44.66	9
33.86	90
31.41	23
40.75	21
41.53	18
39.11	19
37.19	17
33.89	113
41.47	19
37.54	15
35.06	107
34.54	138
32.58	21
38.68	12
39.85	22
42.66	18
36.06	103
42.01	19
39.49	18
34.15	107
40.56	21
34.07	111
39.3	17
39.88	12
43.65	24
45.15	21
38.1	17
39.11	10
41.73	6
43.3	11
41.69	10
36.33	109
40.58	12
39.25	5
38.26	4
39.63	26
39.38	86
40.32	34
42.96	22
39.2	25
41.15	14
35.13	6
32.26	89
32.94	110
36.81	3
32.6	116
32.38	114
33.3	23
38.81	4
38.09	9
36.75	11
43.99	22
39.13	14
40.24	30
43.01	54
35.74	111
35.81	103
52.59	9
39.98	3
38.21	5
41.66	1
39.27	12
34	209
35.64	89
33.9	55
34.02	110
33.59	75
37	23
34.63	109
32.43	106
40.18	21
38.65	17
41.31	21
38.31	3
46.8	5
41.51	15
42.21	18
34.4	114
42.26	19
39.15	18
34.09	107
38.95	12
33.75	108
34.34	102
32.31	87
32.24	97
33.18	111
42.54	17
32.24	46
33.2	97
34.23	195
33.15	78
41.83	19
43.43	22
34.52	49
34.33	151
34.46	57
45.01	31
32.2	115
33.74	116
35.96	103
33.84	112
43.8	16
39.99	17
43.33	25
38.86	14
43.77	25
38.14	7
41.27	6
43.16	3
43.37	17
44.35	15
35.35	32
36.55	125
35.25	194
35.16	96
35.84	139
35.83	92
34.14	23
34.74	63
35.43	67
34.89	42
35.16	26
45.09	11
42.34	18
35.67	90
35.2	85
37.39	17
39.59	15
42.57	8
34.71	118
39.27	2
44.23	4
40.45	12
33.11	47
36.49	7
34.55	100
42.44	21
40.87	21
35.44	82
36.4	51
33.14	113
41.43	20
37.7	9
38.03	8
37.63	5
38.49	6
39.82	86
43.3	19
38.04	5
39.56	5
41.9	2
34.78	64
40.43	19
33.12	103
34.53	95
40.28	11
34.33	90
33.16	116
33.3	109
35.75	102
38.37	1
34.09	25
40.86	14
43.1	24
43.21	23
39.75	5
41.75	6
34.4	39
39.73	17
47.29	4
38.32	33
37.5	12
40.63	20
43.99	28
44.72	7
38.16	8
39.51	3
37.37	5
43.48	9
37.28	90
37.74	16
40.24	2
48.71	5
37.41	3
40.67	14
38.94	6
38.98	11
39.73	20
36.88	6
38.6	54
42.85	27
32.43	33
31.42	19
40.74	18
33.1	116
45.51	4
34.32	98
34.58	49
40.41	4
39.59	17
35.16	114
41.04	17
35.58	88
34.83	85
35.42	85
34.11	108
38.78	21
40.58	8
33.84	136
34.4	96
38.7	9
34.81	69
33.39	111
34.88	95
35.57	103
33.01	109
43.21	20
32.74	93
47.46	16
41.42	29
33.89	107
46.56	9
40.83	15
39.4	18
33.48	23
34.13	210
40.51	12
41.25	19
40.69	15
34.37	85
41.19	15
41.8	57
42.69	10
46.28	4
44.55	5
43.21	13
41.2	20
40.68	22
41.73	19
40.17	6
38.92	8
37.71	2
42.85	15
42.77	21
41	17
43.1	16
50.83	9
42.75	24
41.92	1
42.63	11
41.64	11
33.59	105
41.77	12
39.77	21
34.33	95
33.59	107
33.22	116
40.5	20
32.81	33
40.24	15
41.27	11
35.61	84
34.21	27
32.06	52
43.28	39
34.33	113
34.56	47
35.74	98
39.36	15
39.65	17
33.9	85
41.83	20
42.4	15
40.22	47
39.31	36
41.1	18
43.06	6
37.52	25
37.18	4
38.39	3
43.24	33
43.5	13
36.59	18
38.06	4
41.33	19
33.06	98
33.19	115
37.7	3
34.1	117
35.12	106
34.54	113
32.84	112
33.11	107
32.92	113
35.6	49
33.3	210
34.65	165
33.45	59
33.9	187
43.89	2
34.09	209
37.01	78
34.76	109
47.03	0
35.62	152
36.55	85
35.54	68
35.07	165
34.39	99
32.9	8
35.17	162
39.56	21
34.01	162
34.61	117
40.07	19
35.22	119
38.95	20
34.46	83
43.45	15
33.46	101
38	18
34.75	207
35.41	116
40.12	28
34.82	144
34.07	151
35.42	132
36.19	85
33.89	176
34.89	82
35.35	118
38.33	4
42.6	27
35.97	94
45.96	48
38.68	85
39.68	17
35.97	94
43.3	18
41.11	20
40.61	35
34.17	78
33.85	117
32.19	117
32.19	117
31.61	82
31.75	96
33.01	93
34.14	54
34.28	59
34.11	56
35.57	0
36.3	3
43.75	16
36.52	1
34.66	80
35.27	90
34.69	66
36.13	43
42.29	24
34.69	133
43.55	26
34.93	88
41.4	19
34.21	112
37.77	8
33.69	127
33.96	84
33.37	4
34.43	108
33.62	155
35.12	120
37.53	75
35.26	4
38.98	19
40.13	21
38.35	41
38.22	33
35.71	113
35.54	2
36.18	18
34.43	48
32.44	131
33.68	131
33.32	108
34.8	58
33.99	72
34.31	120
34.62	119
36.04	45
38.45	45
38.17	67
34.06	122
38.53	13
33.05	129
38.48	25
34.82	89
37.78	107
34.32	94
38.57	40
35.9	49
40.59	25
37.14	40
34.86	127
37.02	106
37.03	86
33.45	119
37.03	45
38.1	43
32.55	132
35.1	56
37.35	60
36.74	39
33.31	131
38.93	12
36.85	6
35.55	0
36.2	1
37.07	28
34.09	107
34.54	1
32.77	103
36.48	41
35.27	133
35.93	133
35.76	82
34.8	135
38.11	36
32.86	132
33.33	88
33	118
33.64	126
33.13	130
37.29	91
34.36	117
39.65	20
36.11	42
36.11	42
36.98	14
36.08	26
33.1	109
38.89	24
36.39	4
38.1	17
34.83	116
35.57	5
37.24	75
35.37	2
35.57	5
34.23	135
37.06	92
36.07	106
33.64	120
34.21	118
33.58	110
34.76	133
36.1	81
33.47	118
34.42	97
33.56	122
33.12	123
33.06	126
35.12	128
34.34	124
35.56	50
34.32	130
36.07	140
36.82	82
35.22	72
35.93	50
35.49	115
36.92	35
33.08	126
37.87	82
37.81	10
38.07	16
34.24	40
38.14	95
37.81	90
39.02	42
37.55	30
36.61	35
37.35	42
34.79	131
35.75	145
36.04	68
34.68	123
36.6	78
41.1	20
36.82	98
35.63	108
37.42	10
35.71	49
32.97	124
40.63	38
34.45	127
33.61	99
37.39	43
33.47	91
33.82	5
35.57	124
35.92	112
37.85	83
33.81	114
35.22	192
34.88	92
33.71	132
34.47	114
40.9	53
36.08	77
34.68	62
32.43	122
32.62	26
40.31	7
34.76	88
33.95	73
33.73	109
34.04	73
34.6	44
32.58	264
36.41	75
32.94	123
33.43	128
35.89	57
33.08	28
34.61	58
34.62	121
32.18	127
33.33	128
35.76	4
35.1	43
35.53	110
40.35	5
34.6	94
34.24	140
35.48	145
35.16	177
33.81	5
35.8	34
37.04	6
34.03	158
33.87	22
36.46	71
31.34	10
39.51	19
36.07	34
37.44	17
36.15	27
39.39	28
35.59	131
39.26	31
33.93	124
35.18	3
39.21	51
33.59	133
39.59	14
38.28	27
35.95	2
33.22	130
43.2	1
38.73	36
36.01	141
35.82	58
37.62	56
32.16	123
34.26	232
36.05	3
35.95	44
37.04	5
35.26	201
31.56	8
36.43	83
33.07	124
33.07	124
33.95	98
35.07	79
35.6	64
34.04	125
34.3	38
34.36	72
34.65	56
34.6	110
37.36	60
34.74	184
35.36	133
35.44	131
33.36	97
34.02	2
35.62	40
33.61	131
33.5	121
38.71	31
38.53	31
35.9	47
34.33	183
35.18	61
36.67	87
32.99	117
32.86	131
32.86	131
33.56	133
34.86	77
35.77	130
39.3	13
36.34	88
32.89	103
33.58	111
41.38	57
35.68	60
37.84	28
38.07	53
34.64	164
34.88	102
38.27	42
35.42	174
36.1	81
37.7	37
37.62	16
38.06	16
37	10
36	59
34.2	138
31.95	118
32.63	119
35.67	84
32.8	129
40.08	2
32.27	126
37.71	34
36.41	75
33.82	116
37.86	32
35.35	33
38.75	3
30.84	8
41.25	26
37.21	15
37.91	86
37.92	65
34.42	1
36.36	29
