sim	len_diff
36.11	141
34.26	188
33.07	198
33.83	129
35.56	121
34.82	178
34.07	185
35.36	145
33.9	164
33.37	184
34.16	124
33.54	181
33.11	191
33.02	165
34.65	177
34.74	172
32.85	198
33.64	199
34.08	180
34.16	86
35.48	210
33.95	162
33.82	202
33	171
33.96	195
31.84	201
34.3	73
33.31	176
34.02	197
34.72	177
34.69	174
34.18	193
35.52	141
34.62	185
35.1	96
35.43	128
34.77	181
34.82	127
33.15	167
33.15	174
33.93	191
33.68	201
33.87	183
35.1	61
33.87	129
33.95	188
33.28	189
34.15	183
33.64	151
34.7	159
33.93	198
46.62	54
34.25	158
32.64	181
34.11	196
34.5	137
33.48	185
35.26	143
34.11	196
33.59	190
33.77	180
33.66	166
33.41	143
34.37	133
32.82	192
46.6	24
46.44	27
34.15	143
34.13	115
34.64	94
32.36	188
34.74	133
44.45	32
33.16	182
34.1	121
33.44	188
33.51	184
32.96	196
32.8	174
34.24	161
33.4	60
33.49	164
34.35	95
34.22	94
33.32	197
33.71	198
34.43	135
33.6	195
33.79	189
35.57	97
34.11	153
34.2	108
34.12	184
34.66	157
34.09	37
34.09	37
34.17	75
33.59	375
35.64	123
33.49	165
34.32	125
33.84	164
33.43	196
34.83	169
33.19	196
34.68	115
34.64	178
34.51	153
34.59	162
32.37	26
35.28	139
34.33	102
33.43	201
32.79	199
32.94	199
34.25	147
33.21	192
34.55	179
35.29	135
33.77	194
35.06	126
34.15	194
33.05	80
34.11	141
33.1	200
35.16	136
33.39	162
33.64	175
34.61	147
35.63	177
34.5	159
34.77	219
33.47	181
47.74	41
33.66	176
34.77	217
33.12	185
33.48	194
33.28	201
32.82	189
34.25	191
42.98	26
32.56	193
34	151
35.57	182
34.29	160
46.53	12
33.86	70
47.01	12
33.85	198
33.08	202
33.62	174
34.17	154
33.27	185
33.79	164
33.54	193
34.01	254
34.97	61
33.15	202
34.1	180
33.93	198
34.83	130
32.27	200
34.52	145
34.04	71
33.28	202
33.79	70
35.24	109
32.61	159
33.33	193
33.17	197
34.7	144
33.72	190
34.56	176
34.86	130
42.47	88
33.2	162
33.92	109
35.62	109
31.91	198
33.91	192
33.99	198
32.39	197
34.57	95
33.14	175
34.97	111
33.1	194
33.48	192
33.14	179
35.65	85
35.15	90
33.99	50
34.18	193
33.82	197
33.76	186
33.84	169
33.04	182
33.78	257
33.69	182
33.45	174
33.98	130
33.21	199
34.54	187
33.42	160
34.25	199
34.34	119
32.9	3
33.55	186
34.71	139
33.43	152
32.74	180
34.18	201
34.72	178
34.5	148
34.55	146
35.66	151
33.71	182
34.17	176
34.1	202
33.05	197
33.29	295
33.84	176
32.99	186
35.26	95
33.5	195
32.51	196
33.19	133
32.23	201
33.92	113
33.11	188
34.12	112
34.81	180
32.9	184
33.48	190
33.03	112
34.05	163
33.51	190
35.14	116
33.47	146
34.67	94
34.48	173
32.63	195
32.75	202
33.43	189
34.27	158
47.17	27
35.02	255
33.11	200
33.98	136
34.5	157
33.02	196
33.12	193
32.76	188
34.96	130
33.81	173
33.29	198
33.92	162
33.23	176
33.06	123
33.48	173
34.05	155
34.05	155
32.9	184
33.17	200
33.51	190
33.9	212
33.73	67
34.32	165
33.8	181
33.32	186
32.97	195
34.1	160
34.01	187
33.1	161
32.85	178
33.47	200
34	197
33.53	202
33.86	199
33.51	162
34.21	178
33.31	199
35.09	178
33.95	182
33.75	86
34.26	186
33.36	191
34.54	177
34	303
33.39	200
33.26	190
32.53	195
33.95	155
34.51	153
33.14	48
33.4	180
34.52	192
33.45	141
33.93	176
34.52	151
33.24	195
33.3	154
32.8	202
34.72	87
33.28	195
33.64	170
34.29	153
32.61	202
35.32	209
34.06	132
33.84	199
33.37	189
34.73	168
35.06	155
36.29	153
33.16	195
33.59	181
34	185
33.55	200
34.2	159
33.57	188
33.67	198
34.7	180
34.8	256
33.32	188
33.53	196
46.62	7
33.66	86
33.92	200
34.22	190
47.22	1
33.27	175
33.91	202
34.38	132
32.91	175
34.04	98
34.04	129
35.15	200
34.91	102
33.59	336
32.85	187
32.77	154
33.5	179
33.98	143
33.9	160
44.31	16
32.01	64
34.47	178
34.42	195
34.06	197
33.71	179
34.36	236
34.13	128
52.59	48
33.11	157
33.37	139
34.1	141
33.48	156
33.21	164
34.77	96
34.75	158
36.42	112
34.83	165
52.59	44
35.33	121
35.36	128
34.09	165
35.4	223
35.29	175
34.26	57
32.88	168
34.03	112
33.48	108
33.35	33
35.09	166
34.67	165
34.29	167
51.59	49
34.55	144
33.39	159
34.3	167
33.3	173
34.69	124
33.6	176
34.74	168
34.9	135
33.92	97
33.78	147
33.71	127
45.2	55
34.44	150
35.23	90
36.37	143
34.8	289
34.21	126
35.45	173
34.79	141
34.26	175
68.17	2
35.25	140
35.19	153
34.49	145
35.32	112
48.32	38
36.44	153
35.32	116
34.81	159
34.45	61
34.74	150
35.31	140
33.79	143
33.71	174
33.8	178
33.79	166
34.53	155
34.13	82
34.68	151
33.92	173
49.46	41
34.44	257
35.18	117
34.28	111
33.98	130
34.11	143
44.71	54
34.33	165
35.35	153
34.56	125
35.02	142
33.97	166
34.58	161
34.68	102
35.29	174
34.1	53
35.22	137
31.37	12
34.73	157
44.79	22
34.89	139
35.05	107
35.57	169
35.9	151
35.33	164
35.48	95
34.17	156
35.03	145
35.09	167
34.01	174
50.87	12
35.69	152
34.32	280
34.35	104
34.06	276
34.55	158
50.3	48
34.09	174
34.07	157
35.62	164
34.2	176
34.16	165
34.47	139
34.73	275
35.75	119
34.43	133
35.39	316
34.64	167
34.8	161
34.87	169
36.06	118
50.3	53
33.04	125
34.68	119
34.16	164
34.21	109
36.05	123
34.39	159
33.75	178
34.48	146
34.37	166
49.72	44
33.54	148
49.03	57
33.19	131
35.01	178
34.02	149
33.33	179
34.09	167
33.74	179
34.55	214
34.6	90
33.29	86
34.41	176
34.97	154
34.7	132
34.74	76
35.05	150
43	15
35.41	150
34.13	81
34.56	268
34.37	143
34.32	125
33.34	138
33.99	174
33.75	275
34.69	162
35.24	116
49.29	47
33.82	99
34.78	136
31	8
34.73	156
36.07	162
34.63	174
44.67	38
35.78	119
35.2	152
35.58	146
35.98	161
34.68	124
34.8	145
34.4	116
34.04	82
33.42	162
33.08	166
33.9	105
48.03	22
34.39	167
35.24	150
35.26	163
33.01	108
32.49	174
34.03	160
33.59	79
33.42	170
33.54	296
45.78	68
33.62	168
33.54	158
32.91	51
36.55	122
34.95	89
43.84	23
34.54	171
34.9	167
35.26	135
34.05	169
35.2	103
34.17	161
34.34	161
35.54	145
34.11	65
34.91	166
32.73	171
35.57	149
48.97	18
34.61	134
35.41	115
34.8	157
35.56	129
34.28	170
33.93	144
34.6	168
33.9	51
34.38	170
33.6	168
33.6	177
32.43	130
34.61	84
50.28	32
35.15	161
35.87	170
35.77	145
36.37	156
35.43	112
34.76	155
34.85	170
47.95	35
34.81	176
36.05	87
33.93	178
33.7	161
46.87	54
34.26	110
35.71	92
34.8	149
33.98	175
33.67	101
34.38	149
32.68	178
33.88	174
48.63	36
34.38	168
34.92	161
34.4	56
35.29	152
35.1	148
36.08	104
35.06	65
33.22	146
34.83	64
32.01	4
34.28	111
33.67	177
34.81	174
53.34	38
34.11	154
35.59	158
35.82	165
34.26	169
34.47	169
36.69	124
35.86	123
47.61	27
33.84	175
34.76	110
34.94	157
35.21	146
35.21	171
35.41	77
32.9	165
49.44	43
34.26	146
34.2	111
33.46	174
34.9	152
33.78	106
34.46	172
33.13	55
34.28	99
33.6	134
34.11	179
34.79	162
35.33	155
34.16	157
33.46	162
48.2	58
34.96	205
32.66	179
49.7	39
35.31	59
34.3	178
34.58	87
35.16	153
34.03	154
35.24	100
35.65	179
35.75	145
49.05	35
34.53	314
35.09	149
34.07	139
35.22	201
35.29	174
35.8	153
33.16	31
50.29	8
33.86	167
34.63	45
34.75	159
34.86	169
34.19	175
33.7	165
35.27	86
35.7	136
33.72	21
50.43	9
36.04	148
35.44	101
36.53	132
34.06	176
34.77	157
34.74	168
34.4	151
34.74	152
49.8	49
34.72	171
34.03	160
35.05	177
34.49	137
33.49	153
34.98	111
33.97	105
33.89	137
33.42	145
33.46	78
35	95
33.22	146
35.05	179
49.69	59
34.36	118
34.35	118
34.21	167
33.05	172
34.54	149
33.58	178
34.88	163
33.79	65
33.84	177
34.29	118
35.4	102
34.65	237
35.11	171
34.81	152
34.81	152
34.81	152
34.81	152
34.12	161
52.38	50
35.1	137
36.67	161
34.87	280
34.79	153
36.08	85
35.35	151
34.7	178
35.25	146
45.66	49
34.97	152
33.62	177
33.36	128
33.43	89
34.31	235
34.45	165
34.6	107
35.52	112
33.39	173
34.27	79
34.12	107
33.95	173
33.7	89
33.98	164
35.24	201
32.38	172
33.99	158
34.11	112
34.36	83
34.74	116
34.05	174
33.69	163
34.45	110
33.38	163
33.94	161
33.3	172
35.45	153
45.48	51
33.42	169
34.12	179
35.28	151
33.52	177
34.82	319
36.25	130
34.31	136
34.85	161
35.7	140
35.52	164
34.42	156
33.68	65
47.7	13
35.24	129
33.94	291
33.39	179
33.49	175
33.4	179
34.12	245
47.58	46
33.83	122
34.29	153
46.4	74
33.8	161
34.42	258
32.79	40
34.56	152
34.44	169
34.13	165
34.64	175
34.69	155
35.65	123
34.34	132
62.51	13
34.81	168
49.39	44
34.35	158
34.93	175
35.21	151
33.65	112
34.38	124
34.11	140
34.73	157
34.77	167
34.35	135
33.91	148
44.35	1
34.88	82
35.71	147
35.34	73
34.18	174
35.51	157
33.88	174
35.05	125
32.7	90
33.4	76
34.75	102
32.46	9
34.39	98
34.68	144
33.4	158
33.93	162
33.08	63
33.12	122
34.49	126
34.1	171
33.98	58
33.76	56
34.44	174
35.43	286
34.6	94
33.91	163
48.44	31
35.2	134
35.66	161
35.14	111
55.05	32
34.57	71
33.91	179
35.27	153
34.08	319
33.73	163
44.63	95
34.74	169
34.9	158
35.19	91
34.19	177
35.53	176
55.87	29
34.52	147
34.59	174
34.43	167
35.89	142
34.63	161
48.3	51
33.59	172
32.26	32
34.56	108
33.8	177
33.52	175
33.99	149
35.46	128
33.98	160
33.77	173
33.92	175
34.26	161
34.77	93
34.55	167
35.46	146
35.61	135
33.83	174
35.13	179
50.77	48
34.93	153
34.47	169
35.25	165
34.52	166
34.24	315
36.06	125
36.13	135
35.49	147
34.14	65
34.55	174
34.17	151
35.57	171
34.27	93
35.3	143
65.63	6
35.02	147
35.33	169
34.12	149
34.99	156
34.71	172
34.68	168
34.73	174
35.51	148
34.75	167
35.69	147
35.09	166
35.12	77
46.67	28
34.19	168
35.3	143
34.93	138
32.96	96
34.13	164
33.77	114
35.52	147
53.2	42
33.36	143
33.78	161
34.22	158
35.91	164
34.45	156
35.45	159
55.43	3
34.74	141
35.71	90
34.63	132
34.47	147
35.61	160
34.13	160
35.95	171
34.91	178
34.15	172
49.66	33
34.59	152
35.46	145
33.81	173
35.38	162
35.24	152
35.23	109
35.35	210
35.76	74
35.93	128
35.03	195
33.76	172
34.26	311
34.41	107
33.18	179
35.53	123
34.57	178
52.83	62
33.26	140
33.93	177
49.35	47
34.59	138
34.94	124
33.93	106
33.59	158
34.56	177
34.2	146
33.95	147
34.27	179
34.1	89
34.79	157
34.3	38
35.51	153
34.36	145
34.07	163
34.28	74
54.76	34
33.63	113
35.83	106
33.3	168
34.16	139
34.28	128
33.47	127
34.14	150
48.08	48
33.94	259
33.19	169
33.59	165
35.62	91
34.28	127
35.35	164
35.19	139
35.92	137
35.94	110
34.93	167
48.96	35
36.9	67
34.31	173
35.48	117
33.62	165
51.67	39
34.83	157
34.05	84
33.92	164
35.32	112
34.68	170
34.41	152
34.76	148
34.02	241
33.88	94
33.4	74
34.53	236
34.12	173
35.33	200
33.62	163
33.81	128
32.41	47
35.12	134
33.28	176
43.67	54
35.21	130
33.94	169
34.32	157
34.53	277
33.2	167
34.31	145
34.75	147
33.91	139
50.45	48
54.55	33
33.66	173
34.01	138
34	177
34.33	111
34.13	54
32.66	49
35.09	146
35.21	146
35.05	177
34.12	152
34.79	140
48.54	46
34.38	123
33.97	173
34.7	300
33.6	116
35.33	197
33.75	178
35.59	133
35.25	152
33.65	157
35.69	148
35.9	107
35.18	75
33.87	145
35.71	146
54.3	57
35.04	99
33.73	155
35.43	116
35.49	120
33.64	169
49.21	19
34.98	200
34.46	276
34	179
33.9	161
34.64	138
34.82	172
34.1	139
34.97	149
33.89	163
34.19	158
34.44	108
34.97	131
33.26	55
33.88	46
34.73	121
35.16	170
34.04	134
34.74	91
48.06	60
34.63	110
33.83	124
33.9	148
35.14	149
34.68	117
34.11	174
33.84	158
46.16	59
34.6	142
35.41	260
34.57	160
34.38	154
34.23	142
34.55	133
32.96	167
34.5	168
34.54	169
34.25	161
35.64	146
34.37	78
33.94	83
35.42	177
34.76	156
47.88	38
34.6	114
34.06	164
34.74	140
35.44	170
34.07	163
46.69	45
33.76	123
35.44	117
36.02	145
35.21	138
33.34	179
34.52	167
35.75	89
33.54	100
35.17	160
35.42	124
34.83	177
35.1	127
34.13	165
49.53	17
33.38	209
35.79	128
35.02	117
48.15	39
34.29	102
34.31	178
34.41	164
35.27	138
33.51	168
34.82	168
33.16	43
34.5	177
35.36	148
33.85	165
34.93	288
33.44	145
32.99	156
33.92	156
34.74	113
32.42	123
34.63	158
34.35	147
33.82	179
34.6	167
33.26	179
33.33	52
34.81	55
33.87	169
33.95	171
35.02	161
33.93	146
34.84	126
56.48	32
48.15	45
34.38	162
34.56	176
34.59	90
54.44	26
34.97	155
34.47	153
34.32	174
34.43	319
44.29	46
34.24	153
34.49	262
33.91	162
35.11	88
34.77	112
49.49	61
34.91	175
34.51	139
34.62	276
33.28	179
34.46	163
35.17	109
33.21	165
33.89	152
35.43	145
49.95	49
33.39	141
33.71	157
33.98	135
34.44	157
34.91	170
35.08	109
33.88	159
34.66	163
34.62	176
34.57	158
34.63	168
74.31	17
35.12	168
35.1	132
33.98	179
35.61	147
35.76	136
34.69	178
47.65	39
34.81	104
34.34	160
34.89	179
36.23	109
34.11	179
53.91	61
34.05	160
33.93	164
33.99	158
34.51	176
34.19	166
35.34	211
35.21	129
35.42	152
34.44	177
48.26	58
34.02	169
34.42	178
33.79	158
34.61	150
34.02	141
34.14	167
33.94	175
34.75	145
35.49	121
33.74	169
34.57	155
35.65	109
33.25	177
50.24	50
34.73	53
34.41	140
34.69	176
34.92	160
35.13	166
35.06	175
35.18	154
34.38	300
33.63	166
48.51	58
33.78	153
34.84	205
32.8	179
49.87	39
34.72	153
35.5	167
35.5	160
35.16	156
34.45	150
35.73	137
49.22	26
34.48	74
35.29	179
35.82	106
33.7	177
34.84	122
34.27	143
35.12	120
35.35	132
47.88	35
33.94	175
33.27	163
34.25	82
33.03	150
34.22	171
43.17	5
35.04	141
34.5	153
35.72	143
35.35	162
32.86	19
35.11	122
33.55	177
34.21	179
35.29	155
33.98	143
34.14	146
34.2	160
34.23	115
52.53	56
34.01	88
33.03	161
30.59	8
34.63	149
34.23	165
33.73	281
33.06	151
34.76	142
34.9	139
34.47	174
34.83	137
49.48	50
33.67	169
52.74	26
33.69	177
34.08	177
35.15	148
34.58	118
34.07	156
34.97	165
62.97	22
35.43	162
32.85	37
34.29	157
34.67	166
48.32	51
35.13	171
33.79	177
35.87	115
33.99	166
36.04	116
35.97	92
36.42	150
35.28	123
35.09	141
47.77	45
34.58	152
31.11	6
34.98	114
35	138
34.42	125
34.13	313
33.82	122
34.55	64
33.86	177
33.87	142
34.43	133
34.92	132
33.24	178
34.68	141
34.33	167
34.91	171
34.22	167
34.66	95
52.67	55
36.53	68
35.25	140
34.62	302
33.08	40
33.93	171
34.2	254
47.81	41
33.61	176
35.08	153
34.03	179
32.57	175
34.87	131
34.27	78
34.35	144
48.8	47
34.29	110
34.69	113
34.64	158
34.25	174
33.85	153
34.11	154
35.31	152
33.93	178
33.99	115
35.57	200
47.75	56
33.85	162
33.59	171
34.38	70
33.93	149
49.73	61
33.94	132
33.24	159
33.21	169
34.68	143
33.8	174
33.83	156
34.04	177
33.61	162
32.39	47
34.66	152
48.52	31
34.32	99
35.03	226
36.83	105
35.94	166
35.25	123
34.57	167
35.72	128
34.4	174
34.33	135
34.73	135
34.1	150
34.22	153
34.27	174
33.41	178
35.07	171
35.82	272
33.82	176
35.27	143
34.6	164
36.18	138
34.04	172
48.41	39
34.75	151
35.64	105
33.14	176
34.84	137
33.59	178
35.41	169
36.17	135
35.38	158
35.38	157
34.5	177
36.07	186
35.06	149
36.15	141
47.15	25
35.36	122
34.28	76
48.62	61
32.94	175
33.6	163
33.99	241
34.5	142
32.63	168
35.49	149
33.97	173
35.67	105
34.27	145
35.05	260
34.75	132
35.32	141
49.83	64
34.98	161
34.23	95
35.05	260
34.49	146
33.67	163
34.37	166
34.53	151
34.63	160
33.58	152
35.01	167
34.45	155
34.7	140
55.9	53
34.58	120
34.84	174
34.87	163
34.11	169
33.78	152
34.15	73
33.11	170
33.49	164
35.25	87
51.24	46
33.63	140
34.42	160
35.5	181
32.37	172
32.63	174
33.82	200
34.04	136
32.14	108
49.41	57
32.75	154
32.35	102
34.13	226
35.38	135
34.03	151
33.02	222
32.7	122
34.93	84
34.03	151
33.76	105
33.86	151
46.77	52
34.03	151
34.03	151
33.13	164
34.07	307
54.17	53
34.96	152
35.69	222
33.36	175
34.52	141
33.6	39
33.96	111
34.58	72
34.31	318
34.18	178
35.71	119
54.89	27
34.75	128
35.16	152
35	169
35.45	234
33.77	176
46.13	68
31.89	14
35.48	123
54.72	58
35.48	133
34.26	167
35.45	144
35.19	174
34.29	167
34.49	174
34.85	126
32.74	65
33.94	126
33.76	178
34.08	105
53.82	33
34.72	146
35.9	137
34.02	118
34.55	123
33.9	170
33.89	169
35.22	88
34.39	176
33.25	164
34.19	306
47.93	56
33.73	174
33.67	173
35.74	135
34.51	170
35.12	165
34.11	144
33.7	171
34.35	164
34.18	158
49.69	42
33.04	156
34.98	116
34.91	154
34.92	170
35.5	171
34.56	162
36.09	97
36.76	135
34.61	165
34.47	179
35.25	168
34.58	165
34.06	171
36.68	113
48.12	50
34.73	143
33.03	72
34.29	204
34.64	162
33.25	137
38.41	135
34.48	130
32.78	164
33.33	125
35.92	170
34.37	178
48.29	36
35.41	177
34.4	177
35.56	142
34.78	108
35.25	177
34.58	158
36.66	89
47.03	45
33.83	175
34.83	163
34.78	176
34.12	137
34.91	88
33.72	176
33.54	165
33.4	139
33.64	103
35.89	151
33.55	272
35.07	179
34.98	106
35.16	153
34.51	164
36.14	154
36.11	136
34.56	143
35.51	167
55.74	44
34.65	131
34.69	74
34.92	156
34.8	155
34.39	137
34.47	161
34.99	166
34.84	174
34.42	170
34.31	263
34.59	78
34.55	132
34.34	139
47.78	62
33.65	169
34.04	148
44.01	60
33.78	175
33.73	171
48.44	24
34.76	108
34.29	159
34.56	154
34.94	112
35.05	102
34.03	176
34.81	150
32.65	54
34.62	149
34.37	113
34.3	107
45.23	61
33.89	179
35.13	151
34.59	106
34.5	146
34.57	179
33.99	154
34.43	146
34.29	55
34.56	151
34.37	177
34.75	159
35.25	159
35.73	122
48.02	36
34.56	146
34.33	174
35.64	110
32.82	3
34.22	163
35.75	116
48.29	29
35.52	134
35.04	162
34.25	126
34.34	92
35.82	169
35.37	125
35.23	163
35.32	116
35.69	146
48.96	39
34.54	94
34.91	159
35.02	179
34.78	73
35.95	141
34.62	157
34.49	164
35.17	177
35.7	179
47.31	40
35.06	170
34.4	144
33.6	154
35.81	102
35.12	172
35.54	162
35.17	153
50.19	16
35.44	150
34.96	175
34.63	159
35.34	120
34.52	78
34.36	170
34.34	161
35.1	68
35.56	101
46.05	15
35.33	118
34.89	70
35.31	122
34.83	297
35.16	170
35.06	136
34.77	161
35.73	163
34.09	165
35	155
33.41	142
33.79	109
35.66	162
35.02	171
34.67	162
49.29	12
33.85	178
36.33	152
36.32	88
34.06	143
34.39	146
46.49	49
34.95	55
34.35	108
47.77	30
35.12	273
34.09	170
44.52	24
34.77	93
35.21	140
35.56	116
36.25	125
35.09	118
34.27	165
34.47	158
34.66	174
34.78	172
34.19	170
33.63	90
34.92	126
32.65	88
33.79	123
35.62	123
34.21	249
50.02	45
34	177
33.02	53
34.44	173
34.62	109
33.94	171
46.91	53
33.57	149
34.71	166
34.25	155
33.57	173
32.18	36
34.77	131
34.1	105
34.67	171
32.68	165
49.1	44
34.41	157
34.68	129
34.72	163
34.29	152
34.81	161
34.88	157
32.84	169
34.05	132
35.52	141
48.9	56
34.66	172
35.08	171
34.73	148
34.41	155
35.42	146
48.9	48
33.98	94
35.4	148
33.5	26
35.1	169
36.19	153
34.86	177
34.39	260
33	170
41.65	61
35.6	144
35.17	76
33.79	71
36.4	146
35.72	118
34.4	178
34.89	167
35.53	164
33.73	123
34.12	170
36.39	135
48.91	16
33.91	67
34.76	143
34.26	176
34.63	149
35.24	146
35.07	70
47.43	75
35.3	148
35.83	122
35.62	128
33.5	97
34.24	158
35.55	144
35.07	168
33.3	164
33.38	52
34.35	152
33.13	165
34.86	113
50.84	40
35.04	124
36.5	132
35.4	160
46.25	21
36.13	174
34.48	179
35	169
35.43	150
36.31	154
35.86	153
34.62	172
35.98	99
35.72	119
34.16	166
35.03	151
34.48	105
31.57	15
35.24	177
46.4	28
33.37	50
34.54	47
35.86	169
34.19	160
34.93	118
36.96	128
34.49	170
34.62	161
34.56	170
34.83	126
47.45	34
32.95	173
34.4	150
33.9	174
34.36	174
34.29	173
34.29	123
50.48	59
34.62	165
32.51	17
46.23	62
42.29	22
34.6	213
35.42	111
34.78	156
35.88	153
34.67	163
35.61	159
36.32	127
35.5	136
35.4	160
45.38	9
34.2	177
35.62	175
35.8	130
34.25	154
33.97	174
35.31	108
34.33	163
33.72	167
35.54	136
34.62	157
51.91	57
35.36	126
34.98	166
34.91	156
35.68	113
35.19	153
34.83	124
35.32	177
34.61	150
34.64	164
34.69	170
35.06	149
35.38	165
34.16	152
34.49	149
34.53	160
35.89	88
47.7	32
34.7	150
34.22	136
33.99	148
34.8	139
33.11	38
34.94	76
34.43	172
34.22	161
34.04	87
34.85	86
46.7	56
34.52	33
35.91	132
34.74	172
34.93	171
35.72	96
35.62	157
33.78	39
34.61	167
36.61	102
34.47	172
35.41	157
34.59	127
34.25	165
33.43	171
33.73	174
35.34	126
34.24	156
34.69	64
35.05	141
34.07	133
39.65	134
33.63	142
34.48	156
33.1	106
33.41	148
49	56
32.99	165
33.52	77
34.17	168
35.05	170
34.34	168
36.96	152
34.02	159
34.52	150
32.33	28
58.46	38
35.1	114
34.39	135
33.19	20
33.96	134
35.01	96
35.1	157
35.63	132
32.98	176
33.67	165
35.37	163
38.51	129
35.42	115
33.64	107
34.24	95
34.62	91
33.96	171
32.55	38
34.32	149
34.71	138
55.89	20
33.55	126
34.95	149
34.14	141
35.02	105
33.96	81
33.73	165
34.05	158
50.3	42
33.99	155
34.18	172
32.85	168
33.58	172
33.82	151
34.3	142
34.67	165
35.56	166
34.98	70
36.1	153
34.94	177
34.54	138
34.82	177
48.41	36
36.93	142
34.51	178
49.15	62
32.36	169
33.11	163
34.32	149
33.4	175
33.68	136
34.67	131
35	141
33.82	167
35.07	112
34.33	150
35.26	147
34.48	157
46.47	62
35.37	164
34.69	137
34.67	139
34.57	165
34.71	112
35.59	133
34.5	97
35.11	179
35.21	143
35.12	183
33.64	67
35.52	155
57.96	48
35.41	148
34.47	176
34.63	90
35.15	147
34.7	171
35.17	109
33.61	175
34.45	104
34.82	178
33.49	160
34.24	84
34.06	153
49.75	37
52.66	37
34.43	175
34.58	164
33.48	165
36.78	83
34.19	159
34.76	156
34.11	129
34.24	145
34.13	297
34.55	175
34.45	170
33.93	150
34.35	167
34.8	120
49.44	43
33.58	163
48.09	51
33.42	169
33.88	145
33.88	179
33.47	134
49.83	63
34.26	126
34.89	79
33.46	150
32.83	174
33.85	175
33.53	157
33.96	150
48.86	58
33.98	161
33.23	118
34.35	163
35.29	135
35.41	141
35.78	105
50.7	51
34.08	148
34.08	148
33.52	177
34.01	98
34.56	166
48.73	55
34.55	158
35.29	165
34.47	162
34.09	178
35.24	163
33.48	163
34.6	163
35.29	174
45.23	53
34.95	175
54.25	22
34.87	148
33.27	178
34.83	159
34.8	137
34.98	139
45.94	6
35.24	84
46.91	15
33.53	176
34.69	179
35.83	93
34.98	87
34.9	169
35.39	179
36.01	122
35.04	120
50.7	55
33.19	165
35.58	143
35.06	255
34.78	159
34.5	125
34.07	92
33.66	155
33.54	155
35.12	108
34.55	140
65.41	14
34.75	195
35.32	121
35.21	167
34.81	169
35.11	183
34.92	122
34.05	235
33.3	165
33.75	176
33.76	166
33.33	45
33.73	61
36.51	120
34.44	173
47.56	49
33.25	79
32.62	51
34.56	148
35.23	135
35.26	208
36.58	155
35.17	68
33.33	163
34.56	121
35.64	173
33.26	142
54.76	26
33.64	173
34.74	157
33.24	167
35.04	142
34.51	92
33.16	66
34.59	60
35.42	157
48.88	44
34.87	171
34.39	157
34.2	166
31.66	8
34.41	102
35.09	169
35.35	149
36.16	100
35.45	143
49.95	62
34.48	173
48.77	57
33.38	152
33.86	151
33.71	177
33.94	163
33.99	149
34.03	144
33.89	74
33.29	163
33.56	166
34.38	128
35.32	174
33.46	171
33.79	172
33.97	150
34.69	213
33.88	84
34.66	125
33.98	142
45.19	90
34.59	247
33.92	157
34.6	157
34.65	162
57.34	28
35.53	208
34.93	179
35.87	160
34.77	175
34.7	135
34.7	177
35.3	177
34.46	112
34.69	179
33.96	44
34.68	136
52.79	45
34.44	254
35.69	90
34.92	106
33.78	154
33.57	177
34.87	98
48.14	35
34.24	154
34.03	172
35.03	76
34.01	179
34.31	168
33.47	178
34.69	171
34.98	173
32.7	23
34.91	160
34.04	168
33.98	174
34.1	167
34.43	156
34.35	169
35.37	133
49.83	33
34.07	166
34.57	174
34.84	174
34.54	17
34.95	168
34.31	57
35.23	115
35.35	135
33.56	101
34.77	143
33.88	167
33.86	169
45.25	4
34.54	164
35.75	153
34.12	160
35.44	140
34.68	140
34.31	169
34.23	163
34.41	152
34.16	283
49.09	61
34.27	90
33.98	168
34.13	121
35.38	124
34.09	148
35.22	93
35.51	150
34.25	245
34.91	133
48.59	47
34.27	86
34.38	124
33.2	148
34.87	146
34.32	174
34.78	124
35.26	213
56.3	30
34.39	171
32.67	6
34.63	174
34.12	152
34.23	163
34.77	145
34.02	133
33.57	152
34.55	143
35.04	152
35.41	197
35.16	176
35.03	156
34.81	109
35.08	179
51.41	18
35.15	160
36.02	141
35.06	156
35.18	86
49.72	33
35.59	122
34.53	165
36.09	101
34.23	153
34.66	130
34.2	61
33.55	171
36.05	102
35.56	169
34.47	156
35.49	152
34.79	143
47.65	51
35.55	91
35.34	152
35.25	139
33.96	58
34.64	138
34.74	137
35.05	124
34.97	179
34.74	97
34.81	87
34.65	152
35.49	141
52.09	44
34.69	167
35.29	139
39.73	58
34.6	124
34.92	94
35.17	160
32.9	7
33.68	168
35.87	155
34.98	110
35.19	98
33.99	168
33.86	73
33.28	169
34.4	124
33.64	177
35.35	114
34.4	293
35.22	156
46.89	63
33.36	118
34.08	178
48.61	32
34.5	140
35.67	165
35.52	152
34.76	169
34.76	178
33.23	173
35.02	120
34.39	161
48.34	47
34.39	113
34.02	172
34.56	104
33.43	111
34.46	121
34.14	170
34.39	156
34.14	158
34.74	162
34.39	173
35.11	80
33.57	142
33.9	142
34.5	146
34.36	165
47.75	62
33.4	174
34.18	167
33.81	213
35.01	169
37.03	151
36.64	128
34.34	172
36.49	153
34.67	175
50.15	9
35.34	129
35.64	160
34.94	56
34.71	91
48.71	36
34.83	177
34.78	160
35.88	104
35.66	176
34.86	55
34.53	135
34.55	155
34.89	177
34.38	176
35.08	177
34.5	41
36.23	140
34.5	41
34.42	170
34.5	41
52.1	60
34.1	152
34.94	134
60.2	20
33.67	152
33.51	177
34	278
33.88	65
34.53	161
32.99	40
33.65	174
34	177
33.27	179
33.26	143
32.83	42
33.79	240
33.68	142
34.29	164
33.75	172
34.99	111
34.83	111
34.98	124
33.87	171
33.66	176
33.99	178
34.28	61
48.41	57
33.04	64
35.03	145
34.17	120
33.82	170
34.67	125
33.78	138
34.66	157
33.92	166
34.22	76
48.36	35
32.76	41
33.93	179
34.91	118
34.17	164
33.91	164
35.55	171
35.47	137
34.25	81
35.23	143
34.34	157
34.06	165
34.18	178
34.43	132
34.65	267
33.67	158
34.19	161
33.82	153
49.3	56
34.91	175
34.81	155
34.18	177
34.42	163
34.57	125
34.38	105
35.39	121
33.49	161
33.09	158
51.99	62
35.74	107
34.16	143
33.78	70
34.71	155
34.77	147
35.01	171
33.59	156
31.11	11
35.7	152
34.66	159
57.02	12
35.54	169
34.47	146
34	179
34.42	64
34.69	145
33.94	128
34.35	127
34.87	95
50.77	44
34.25	163
34.94	170
31.45	28
33.53	154
34.97	149
34.59	87
34.89	168
34.83	142
36	157
35.58	172
34.42	76
34.06	159
34.74	85
34.87	141
33.95	177
34.6	69
34.11	150
34.14	97
33.9	157
33.1	165
33.94	74
35	119
33.83	175
32.91	160
33.11	174
34.1	174
33.91	69
35.22	117
100	0
34.85	156
35.47	164
35.71	133
34.82	160
36.42	155
34.25	155
35.17	179
34.79	179
35.3	91
35.38	118
35.93	143
34.85	177
33.39	175
35.27	164
34.82	117
49.06	52
34.37	161
34.31	117
35.48	130
34.45	173
34.34	297
53.54	39
34.26	85
35.55	103
34.12	130
33.39	37
34.8	96
32.91	11
34.91	107
34.84	226
31.94	22
34.7	144
35.03	58
35.69	116
35.93	154
50.78	25
34.82	156
35.6	162
34.91	259
35	63
33.87	111
49.72	50
34.67	123
33.46	174
34.22	143
34.66	271
33.61	38
34.91	145
34.42	165
35.26	111
35	95
34.83	161
34.16	175
33.29	146
34.18	170
34.11	145
34.48	144
34.29	160
48.67	55
33.58	168
49.3	62
33.15	173
35.32	112
34.68	140
33.38	166
33.68	159
33.87	131
34.61	166
33.16	163
34.67	113
35.04	116
34.64	168
35.03	109
33.63	136
33.3	175
49.18	57
34.4	111
33.93	123
34.77	177
34.57	88
34.51	116
33.59	171
34.72	257
35.69	137
34.47	177
34.13	165
33.85	141
34.43	109
50.11	57
33.55	131
33.72	168
33.7	163
48.33	53
33.58	176
33.96	148
35.24	164
33.56	173
34.43	95
34.49	137
34.37	149
34.39	118
34.22	172
34.98	139
33.87	179
47.26	48
33.76	178
34.08	141
34.02	179
34.88	177
50.09	54
33.65	148
34.16	164
33.94	134
34.78	151
33.62	178
34.6	91
33.73	174
33.8	110
33.86	140
35.13	137
35.36	136
47.55	4
34.25	154
35.17	147
34.26	153
35.01	168
34.99	104
35.02	96
35.49	88
34.32	167
35.06	165
34.74	138
34.66	68
34.68	125
34.25	179
34.81	142
46.21	15
33.83	141
35.34	142
33.8	52
35.22	126
55.13	33
34.17	155
34.22	63
32.84	174
33.96	134
33.95	77
35.83	148
34.75	179
35.32	107
35.08	107
34.71	107
33.5	170
32.76	176
34.64	129
51.21	46
34.72	165
33.83	170
34.98	171
33.66	168
34.77	212
48.26	62
34.35	131
33.22	163
34.26	89
33.5	175
34.26	179
34.75	140
34.23	89
33.43	167
35.11	141
34.06	149
34.92	319
35.65	159
34.08	156
35.32	137
34.47	158
35.13	174
33.13	64
48.42	61
33.87	113
35.12	167
34.04	163
34.31	274
33.43	161
33.52	179
33.63	96
32.98	172
34.4	179
33.97	159
35.34	112
48.08	62
33.33	163
34.6	179
33.9	131
33.37	175
34.61	140
34.09	158
34.23	89
34.28	151
35.17	82
34.98	171
35.58	152
33.7	171
33.95	163
34.26	253
34.31	109
54.64	50
34.83	84
33.14	163
34.44	165
33.93	153
50.67	51
34.95	117
34.26	67
34.49	169
33.68	134
35.05	101
33.39	157
35.68	185
47.44	30
35.08	131
35.43	166
35.49	147
35.96	158
34.9	139
35.06	159
35.92	149
36.63	127
34.37	179
33.48	141
34.59	43
35.54	149
34.44	140
47.03	29
35.24	148
34.07	166
35.25	127
34.49	225
33.99	77
33.99	166
34.35	84
33.5	168
34.14	121
34.49	136
34.23	142
32.33	17
34.4	127
33.61	167
34.75	148
34.96	71
35.22	144
33.04	92
34.43	171
34.37	165
34.48	122
36.42	155
34.27	59
32.66	55
55.76	22
34.18	171
35.6	158
34.71	155
34.76	121
35.98	135
33.71	166
35.31	148
35.2	174
34.01	132
35.52	83
33.55	117
35.31	212
34.31	94
34.88	107
49.56	45
33.65	163
34.97	131
35.69	145
34.87	99
33.82	178
33.85	131
35.33	122
32.39	29
34.36	134
34.78	159
39.01	134
33.91	156
34.34	70
34.1	161
34.72	172
34.26	164
34.09	174
34.29	156
48.35	36
34.36	153
32.65	17
35.9	168
34.64	136
35.42	96
35.89	86
35.94	115
35.13	130
34.21	175
34.31	79
35.42	157
35.25	162
34.38	229
49.43	36
35.32	138
34.39	244
34.59	136
34.26	116
34.74	126
35.17	111
49.32	56
34.54	156
34.29	283
34.33	160
33.55	46
35.12	130
34.6	169
61.1	0
35.69	111
36.12	144
34.91	166
33.99	61
35.43	155
35.28	118
34.34	179
48.72	7
36.39	94
35.28	179
33.47	131
34.14	78
34.98	173
36.13	142
35.79	55
35.53	121
36.21	122
33.94	169
34.37	112
34.51	168
33.61	83
33.87	88
34.55	146
34.26	161
36.45	151
48.45	22
33.39	91
35.3	168
34.49	290
35.87	147
35.47	172
35.37	146
34.24	233
51.94	45
36.05	164
34.17	165
35.57	170
44.87	10
35.09	90
32.93	68
35.02	167
34.21	136
33.29	138
35.24	129
33.42	41
34.9	105
35.07	176
36.26	142
34.91	176
34.8	169
35.76	224
34.24	141
34.77	83
35.26	84
34.81	80
34.91	134
45.68	44
35.31	192
33.94	145
34.9	171
49.63	53
35.12	154
33.09	179
33.88	125
34.44	106
33.44	154
34.5	152
35	174
34.27	129
35.29	163
34.97	144
36.15	89
35.09	142
34.69	172
49.38	55
32.75	20
35.36	128
35.41	157
33.66	171
34.26	170
33.87	107
50.07	42
33.73	166
34.81	152
33.88	59
34.15	124
34.32	152
34.76	163
34.57	130
35.63	114
34.35	70
34.88	144
33.87	166
35.67	162
34.43	115
35.73	138
34.26	177
35.88	154
33.65	78
34.34	168
35.55	143
35.03	162
35.11	154
34.08	169
33.42	173
35.17	147
47.42	62
34.84	178
34.54	74
35.27	171
35.89	165
33.69	171
32.77	5
36.04	145
48.47	9
34.48	172
35.03	88
34.94	154
48.53	33
35.51	147
33.98	176
35.55	137
36.39	176
34.95	146
34.57	121
34.06	34
34.01	149
34.2	127
34.69	122
34.08	150
34.41	129
33.5	83
34.56	165
34.8	181
33.99	161
33.45	70
34.6	138
34.42	174
33.87	148
46.52	62
33.74	145
35.22	124
34.54	123
34.74	125
34.5	176
33.08	169
34.57	164
35.21	227
34.37	278
34.33	155
34.48	167
34.55	121
35.17	231
33.7	141
36.27	113
34.27	92
46.17	50
34.05	157
34.64	175
33.17	177
34.97	130
33.54	158
34.46	207
34.05	32
33.35	149
49.29	59
32.79	54
35.17	95
34.54	62
34.97	171
35.36	106
34.09	154
32.78	173
35.09	146
33.75	139
55.23	55
35.48	136
34.74	175
33.28	6
34.71	141
33.41	21
47.65	36
34.62	178
34.19	101
35.8	150
33.34	93
35.04	78
34.1	153
34.27	170
48.5	51
34.47	144
34.31	216
34.82	170
35.25	158
34.56	104
35.76	108
35.23	158
34.25	164
34.86	93
49.02	60
34.43	96
33.67	160
33.52	174
34.81	142
33.74	150
34.37	152
34.59	176
34.21	162
33.97	168
32.34	22
34.57	164
34.43	110
34.28	133
33.89	141
33.74	174
33.61	160
48.37	60
33.73	77
34.59	172
34.75	93
46.03	25
34.14	231
35.27	159
34.09	153
34.7	170
51.3	33
34.08	111
33.44	172
32.93	64
34.9	106
35.8	133
50.17	48
34.04	162
34.82	91
34.87	176
35.14	128
33.03	178
34.33	176
34.16	129
48.59	59
34.48	169
33.94	122
34.48	295
35.36	134
33.13	173
33.92	193
34.05	149
34.72	170
33.85	113
34.51	84
34.51	175
34.81	127
48.24	61
35.05	95
33.8	160
34.43	134
33.88	174
34.8	107
32.66	28
34.28	111
35.44	149
33.9	282
33.59	152
32.56	78
38.53	140
47.34	44
33.26	65
34.43	144
48.86	55
34.45	124
34.39	93
33.78	158
33.45	149
35.17	131
34.08	122
33.03	172
33.74	178
34.75	149
34.06	173
33.9	165
32.98	179
34.41	109
35.03	112
34.33	173
33.38	161
34.13	86
34.13	171
34.72	111
34.05	112
35.01	109
35.02	162
33.04	177
34.4	102
33.3	105
46.93	55
32.85	120
34.22	138
33.35	68
33.98	159
47.74	61
35.28	157
34.16	149
33.47	175
35.94	148
34.89	157
34.99	179
34.42	172
35.11	143
35.1	155
35.75	165
34	64
37.09	129
47.53	54
34.16	175
34.11	165
35.31	165
35.19	167
34.34	172
54.11	34
35.21	151
35	150
34.3	139
33.53	165
34.66	167
35.11	163
34.65	176
34.09	171
32.97	160
35.05	134
34.35	166
35.25	131
34.1	159
33.2	169
34.58	164
33.87	178
34.67	274
35.3	145
34.31	173
35.2	138
33.7	177
34.87	143
35.14	137
34.29	133
33.95	76
34.15	140
32.96	70
48.62	60
33.53	168
48.58	62
35.82	114
33.16	163
34	174
35.64	165
33.66	167
33.84	159
34.63	140
34.16	177
35.36	94
46.53	56
33.74	171
34.5	149
34.06	135
34.04	125
34.25	175
35.86	93
32.92	171
33.54	144
34.57	177
34.4	165
34.61	155
48.5	36
34.06	172
35.19	160
34.99	169
33.83	172
34.99	146
33.98	150
33.96	130
33.81	160
34.01	123
34.47	81
35.02	72
47.63	59
32.79	55
34.93	116
34	130
34.23	185
34.26	118
35.44	144
34.95	153
33.92	179
34.21	179
35.75	125
45.68	11
34.21	178
32.57	170
35.57	122
34.26	112
33.37	115
32.92	178
34.4	146
34.01	159
32.95	160
34.28	176
34.8	90
34.68	150
34.16	101
44.21	76
45.82	66
34.3	143
35.25	113
34.47	172
35.81	139
34.5	94
33.35	175
45.33	59
32.51	39
34.43	177
34.4	116
35.15	136
33.84	144
34.14	142
50.92	55
34.81	139
34.95	174
34.2	170
33.84	60
33.77	73
33.01	146
33.95	116
34.12	140
34.73	164
33.6	66
33.83	154
34.5	137
33.35	119
34.33	163
34.78	133
34.73	212
34.7	124
34.95	42
34.53	71
34.39	147
34.29	91
34.75	111
34.38	159
50.87	61
33.86	169
35.82	149
49.26	36
33.85	178
34.26	100
36.01	161
34.93	56
34.91	166
33.81	144
35.57	108
34.76	168
33.76	83
33.86	163
34.56	170
51.61	44
35.22	144
33.01	160
34.68	170
34.83	119
34.11	172
35.21	76
35.02	171
34.38	119
47.13	43
32.38	43
33.05	130
33.56	178
35.14	157
34.31	179
35.45	96
34.69	177
33.4	81
34.38	172
33.98	238
34.27	175
34.48	112
46.75	47
33.86	172
33.38	172
33.93	176
34.25	194
33.91	174
48.38	45
34.17	188
33.65	173
31.98	22
34.54	155
33.9	58
34.7	143
33.44	144
34.16	66
34.27	161
34.08	174
32.76	159
34.67	85
34.17	175
49.04	65
34.23	92
34.34	129
34.31	179
35.76	136
33.46	163
34.64	179
33.93	166
33.2	72
48.39	47
34.75	164
33.76	303
33.71	125
33	173
33.75	115
34.53	68
33.33	157
34.23	167
50.13	54
35.19	87
34.94	150
33.78	162
32.87	172
34.11	173
36.92	148
45.53	13
34.55	161
36.07	117
34.94	136
35.55	177
35.73	126
34.63	140
34.34	171
36.1	77
34.7	173
34.01	169
31.24	11
47.26	57
35.33	141
33.08	178
34.48	193
34.31	138
33.62	151
33.9	162
34.82	178
35.23	72
34.26	176
48.6	34
36.04	137
36.05	130
35.47	114
35.39	97
34.75	166
35.17	138
34.26	177
47.94	36
35.52	148
36.14	127
35.2	81
34.55	82
34.63	178
36.41	155
35.07	161
35.64	178
32.98	165
34.18	163
34.43	159
47.51	61
34.44	140
33.01	84
34.79	137
34.36	129
35.37	149
35.43	128
50.51	52
34.5	169
34.16	150
33.54	177
35.7	61
34.21	159
35.75	144
33.3	161
33.7	153
34.28	121
34.84	174
35.53	123
34.3	118
35.72	53
49.51	51
35.83	159
35.56	165
36.56	130
34.34	178
35.48	165
33.64	107
33.95	144
34.47	63
34.7	172
34.23	70
32.81	180
33.47	166
53.95	40
34.76	108
33.53	19
34.61	198
34.89	111
33.39	174
33.21	168
34.85	157
34.16	161
35.07	104
34.09	179
34.83	113
34.54	110
46.39	54
35.37	189
34.56	134
34.36	99
34.81	128
35.64	130
32.09	21
34.86	168
35.02	175
33.06	159
34.47	47
32.63	160
34.08	164
35.12	104
34.36	132
53.32	59
34.11	83
38.14	134
34.05	115
34.61	163
35.14	149
34.47	183
35.07	144
34.1	175
36.29	112
47.85	35
36.33	104
35.67	125
35.5	122
35.76	126
33.95	145
34.44	172
52.24	54
35.06	111
34.15	105
34.61	137
36.19	156
35.26	113
33.08	121
33.94	116
32.96	177
34.93	156
34.49	128
34.13	174
35.28	132
35.01	185
34.66	112
34.61	152
35.37	143
52.48	40
33.79	171
33.59	177
34.37	173
34.13	98
46.53	64
33.89	170
35.37	207
35.12	149
34.13	136
34.83	129
35.29	142
50.75	42
36.05	155
35.54	105
35.18	157
33.89	108
34.77	97
34.43	144
34.78	157
34.03	92
34.92	177
34.93	68
33.53	177
33.99	135
34.53	178
49.84	45
35.69	136
33.73	134
34.11	173
35.19	100
34.4	172
47.83	39
34.89	178
34.44	115
34.86	173
35.22	104
34.16	172
35.22	150
34.88	84
35.98	158
33.55	165
49.9	42
34.53	157
33.25	142
49.24	56
34.21	178
34.19	161
34.91	119
34.89	143
34.37	172
35.25	140
50.54	60
34.5	140
34.07	133
34.73	172
35.13	111
34.06	163
34.22	63
33.77	143
34.32	151
34.61	103
33.96	83
35.34	160
48.75	27
34	146
57.01	33
34.17	162
33.8	163
32.95	16
34.21	175
35.39	122
35.76	144
36.2	111
34.18	158
50.04	57
33.16	164
35.31	168
34.29	118
33.95	149
34.7	110
34.03	149
33.24	89
33.84	149
50	56
33.91	150
33.87	149
33.64	177
33.29	150
36.43	132
33.66	99
35.42	159
34.51	158
34.13	46
34.74	247
35.25	114
48.91	28
35.34	154
34.66	120
34.24	171
36.21	96
33.58	175
33.87	148
33.78	93
34.94	177
34.83	79
34.43	168
34.35	170
34.4	154
35.31	119
35.27	137
35.17	146
34.75	171
33.7	173
34.78	159
33.72	82
35.31	170
34.33	172
35.25	141
34.98	135
35.35	178
34.24	177
35.15	109
33.81	98
48.77	47
34.4	146
33.72	165
33.67	174
35.89	113
34.75	175
34.49	169
33.99	123
34.34	154
33.63	167
35.09	131
49.18	51
34.75	154
33.73	171
33.18	135
34.4	155
34.66	166
34.34	150
33.63	154
48.11	56
34.87	85
34.96	282
33.15	178
34.59	159
33.98	159
34.27	94
33.84	149
34.8	168
34.66	191
33.71	176
33.13	175
34.6	176
34.12	164
33.85	152
34.89	115
34.24	149
34.82	101
33.53	155
33.83	141
46.81	61
33.59	175
34.15	125
34.65	166
33.14	178
33.88	149
34.69	146
35.06	114
34.79	151
33.48	154
34.38	159
33.29	154
34.95	95
49.08	41
33.5	162
35.1	166
35.65	119
34.8	113
34.83	285
35.58	113
58.22	41
33.39	39
34.14	50
34.51	168
34.11	176
35.56	158
34.6	162
35.5	103
34.59	151
32.05	12
47.48	47
33.36	162
34.44	113
33.97	166
34.65	115
32.15	11
34.51	174
34.64	110
34.9	151
35.18	62
46.01	53
33.72	152
32.82	147
32.94	87
33.46	254
34.21	129
34.02	132
33.65	174
49.15	47
34.96	144
33.54	163
33.96	151
34.56	157
48.88	49
33.15	164
34.69	174
32.33	11
34.82	116
33.65	179
34.62	144
35.54	156
47.86	50
33.54	175
35.47	144
34.99	135
50.12	50
34.32	154
34.99	142
35.86	107
34.52	156
65.63	10
36.16	106
34.1	142
35.12	144
34.43	166
34.87	152
35.6	154
36.38	163
35.23	116
45.71	19
34.4	157
34.61	149
35.34	77
34.58	161
34.45	152
35.17	139
33.99	176
34.54	78
34.21	174
34.57	132
33.97	289
33.66	175
34.61	109
33.29	174
33.86	126
34.57	118
49.1	40
34.06	122
35.14	67
35.03	99
35.33	153
35.22	251
35.18	166
49.15	36
34.65	145
34.55	169
35.9	150
35.73	125
32.63	70
34.37	155
34.04	55
33.95	319
35.16	148
34.81	153
33.79	177
47.5	58
33.66	164
34.16	179
33.81	170
48.29	52
34.32	178
35.17	144
34.04	159
35.37	135
48.91	50
34.75	141
36.15	101
34.22	154
35.11	118
33.7	171
35.23	119
32.31	178
33.2	174
34.18	165
50.79	42
34.26	220
35.11	132
34.73	165
34.09	176
33.8	150
33.72	103
50.82	25
34.4	143
34.47	170
33.28	64
34.93	162
33.64	56
32.84	176
35.18	158
49.41	56
35.25	163
35.23	83
34.43	157
35.09	171
33.92	142
34.07	176
35.61	142
35.25	143
34.84	170
34.96	230
32.84	13
31.68	7
31.7	0
41.09	100
33.45	46
33.83	71
33.58	151
35.03	295
35.23	145
33.64	284
32.64	178
35.23	117
34.26	118
35.09	138
34.05	160
34.98	147
51.72	5
34.25	105
33.97	160
49.32	47
32.64	169
35.02	139
34.7	164
34.34	125
34.5	222
34.01	157
32.5	31
33.77	169
34.6	144
34.46	159
34.97	136
33.73	149
33.79	161
35.12	107
34.75	145
35.14	176
33.46	165
50.63	41
33.54	89
35.16	130
34.57	148
34.67	113
34.49	157
48.89	56
34.1	140
33.75	118
35.24	88
34.06	123
34.63	153
35.5	101
35.73	149
35.02	144
48.42	47
33.92	168
34.02	156
33	178
33.84	192
34.68	130
34.69	173
33.35	165
49.13	41
33.84	150
34.19	166
34.74	157
33.52	162
34.1	145
33.44	158
34.72	140
33.6	172
34.44	148
35.08	170
35.54	168
48.76	46
32.93	164
34.42	108
34.74	134
50.1	44
34.97	111
35.65	121
34.87	204
48	59
34.09	148
34.59	260
34.37	274
34.36	174
32.89	161
33.72	171
34.19	264
35.06	139
34.22	167
34.52	116
34.61	116
32.43	178
35.13	142
47.41	61
33	172
34.02	153
33.84	109
33.35	178
50.28	44
34.7	149
33.74	126
34.63	86
34.9	176
34.22	134
33.82	177
33.5	179
35.15	138
34.1	147
34	176
48.44	58
34.81	140
34.42	123
34.11	121
34.69	87
34.67	131
33.63	176
33.63	144
35.45	112
34.44	163
35.21	147
36.57	136
34.75	175
35.65	163
34.97	170
49	35
35.34	116
35.75	77
36.1	153
35.2	148
36.54	134
33.93	147
35.23	140
34.25	177
48.36	36
35.51	156
35.35	161
34.39	120
34.37	161
33.9	153
48.74	55
33.95	128
33.89	161
32.87	163
35.06	135
33.68	87
32.87	163
34.34	175
47.5	55
34.48	159
34.36	74
34.26	178
34.5	283
34.7	132
34.17	148
34.45	117
34.06	153
34.68	109
34.95	152
34.7	175
35.93	137
35.15	126
35.17	122
48.49	37
35.44	161
33.91	160
35.28	138
35.91	117
33.7	145
34.01	125
33.64	143
57.14	36
34.81	144
33.69	155
34.61	137
33.05	176
33.57	114
33.6	148
34.43	161
33.95	86
33.74	92
34.36	106
33.31	174
33.54	136
33.15	176
34.07	165
33.96	148
34.08	88
34.72	179
33.86	153
34.45	156
47.44	36
33.55	76
34.13	160
32.11	17
36.4	134
34.27	164
34.02	162
33.61	136
32.98	31
33.47	175
53.7	47
34.5	158
35.26	211
34.46	175
34.23	99
33.8	171
33.64	172
34.95	294
33.38	179
35.18	117
34.56	169
35.11	155
34.41	225
34.03	128
33.36	120
35.23	108
36.1	141
33.87	155
34.84	166
34	175
50.51	56
35.21	159
34.44	46
34.66	152
34.45	165
36.25	155
34.15	178
32.57	157
34.4	149
30.36	12
34.61	98
33.13	134
34.96	128
34.31	171
33.47	53
33.75	166
33.55	170
33.64	79
34.85	120
34.25	166
34.25	171
33.82	143
33.36	178
33.95	304
34.16	175
33.81	173
53.83	5
34.15	150
34.15	176
33.69	111
33.71	108
33.73	167
33.81	176
34.49	290
34.29	169
34.02	122
54.52	34
32.88	197
33.93	155
34.56	177
33.51	135
32.89	201
32.87	22
34.22	127
32.82	188
33.79	183
32.87	198
33.12	201
35.12	94
42.96	31
33.6	196
32.1	201
33.2	163
34.04	197
33.6	153
33.53	185
33.37	197
33.35	193
47.51	37
33.35	155
32.84	198
33.69	195
33.51	192
32.6	187
34.19	158
33.18	82
47.1	35
34.5	183
34.45	150
35.09	186
33.73	196
32.66	160
33.46	174
32.69	177
33.82	197
32.25	150
33.9	160
33.99	181
32.36	150
33.61	195
33.58	187
32.89	198
33.79	202
32.58	189
32.88	185
33.85	187
32.55	197
33.22	190
33.72	190
34.56	134
33.58	147
33.16	173
33.4	193
33.91	95
33.21	168
34.36	174
33.15	66
35.54	127
34.19	166
32.88	199
34.27	158
33.38	134
32.84	200
35.04	164
33.49	165
34.2	187
32.35	136
32.83	171
32.96	198
33.05	197
35.34	99
33.21	199
34.22	185
33.49	168
34.03	168
33.35	197
34.32	162
33.93	172
34.79	146
32.99	198
33.55	184
34.76	153
33.98	147
34.05	190
35.13	143
31.93	194
34.51	179
34.05	213
33.01	187
33.82	89
34.83	187
35.05	139
36.24	209
34.43	75
32.51	199
33.61	282
33.62	188
33.61	188
34.26	142
31.6	194
33.54	190
33.61	199
33.45	197
34	191
33.91	198
36.08	170
35.11	146
35.22	216
32.92	196
33.9	161
44.21	23
33.42	197
35.06	94
34.42	190
34.93	179
33.01	197
35.25	136
33.31	197
35.26	110
33.99	152
33.72	166
33.63	190
33.13	187
33.69	198
46.65	3
33.28	177
35.07	91
33.45	121
32.44	195
35.05	139
33.37	171
34.83	184
33.76	201
34.12	129
33.8	199
34.18	177
33.96	180
34.33	145
33.16	164
34.45	199
34.23	189
33.98	187
33.28	41
33.57	174
33.23	199
33.71	197
34.07	157
33.01	177
33.17	201
34.06	172
34.12	128
34.6	121
32.53	199
35.13	146
34.07	138
34.97	144
33.65	201
32.5	192
35.46	143
35.44	106
33.68	361
34.57	155
33.58	176
33.66	357
33.32	379
35.37	119
34.79	188
33.76	119
33.73	146
34.12	188
35.15	168
33.45	167
35.4	151
33.62	202
34.31	149
33.87	198
33.67	197
34.02	133
34.5	165
34.03	155
34.38	141
34.25	145
33.07	160
32.73	202
33.34	200
34.31	191
34.55	147
35.85	141
33.67	124
35.83	153
35.14	142
36.14	128
35.08	155
34.15	164
34.66	166
33.79	193
32.54	15
33.47	198
34.15	184
34.42	64
33.41	181
33.57	189
33.74	189
33.8	189
32.47	199
35.69	74
33.52	184
34.39	119
34.53	169
46.82	3
33.83	188
33.24	196
34.13	89
33.4	202
33.4	202
32.64	193
39.89	164
34.1	195
33.47	199
32.71	190
31.87	198
33.41	189
33.18	185
34.93	103
33.57	189
34.4	190
33.62	201
33.75	149
33.75	149
43.66	32
34.22	188
33.89	195
34.02	200
33.15	188
35.6	135
32.6	202
33.15	184
33.78	102
35.29	131
33.66	193
33.77	189
32.38	180
33.41	141
33.91	163
35.56	234
33.33	139
33.76	201
35.05	111
34.28	131
34.97	144
33.27	199
33.85	290
34.93	175
34.57	183
34.31	145
33.01	86
33.15	189
33.55	178
33.94	87
33.96	199
34.94	106
33.81	199
34.05	178
34.97	172
34.24	166
33.43	45
33.74	197
