sim	len_diff
32.13	69
34.83	31
36.09	78
33.92	77
37.09	62
34.12	58
33.27	119
33.95	125
35.37	133
35.65	66
38.15	23
34.85	62
32.61	55
36.41	61
35.71	111
35.8	9
33.68	52
37.62	19
37.71	72
33.34	122
31.35	71
32.99	61
34.24	36
35.82	34
33.33	70
33.98	121
33.63	68
32.15	69
36.11	9
34.45	62
33.71	68
36.15	55
33.25	64
34.54	62
34.28	41
33.6	83
33.6	83
33.6	83
36.63	61
33.2	126
34.3	134
35.13	95
37	35
34.24	118
35.46	45
33.76	58
33.11	133
33.01	113
33.18	115
32.62	136
33.95	68
36.35	48
33.11	67
32.72	62
30.9	56
31.97	59
34.22	63
32.09	67
32.62	66
32.35	68
34.5	23
34.38	108
34.43	135
33.83	100
36.26	115
34.07	86
33.51	118
34.6	49
33.8	50
35.69	94
35.4	71
34.08	64
34.4	69
34.15	68
34.9	55
34.64	56
34.61	59
34.85	127
33.33	71
32.88	70
36.06	32
36.08	8
35.5	46
34.6	65
36.64	45
35.79	87
34.45	128
35.33	130
36.08	52
34.15	22
34.73	55
36.63	66
34.31	66
35.1	80
34.75	53
33.76	71
35.71	72
34.23	138
36.84	94
35.44	9
32.64	68
34.43	58
33.95	71
33.26	67
34.47	41
33.74	62
36.52	53
35.53	69
36.54	65
35.29	24
34.06	117
35.38	32
36.24	8
33.27	141
35.74	44
34.48	35
34.24	131
35.42	64
32.75	65
35.27	95
35.45	66
35.49	95
33.95	58
33.83	14
36.12	44
32.74	92
34.88	34
34.77	57
36.33	61
34.93	52
34.63	130
37.39	34
33.9	80
32.3	58
35.15	71
34.07	49
36.21	100
36.06	88
35.05	71
33.34	71
35.14	140
33.42	66
35.59	53
33.39	70
33.02	70
34.19	86
35.23	52
32.49	61
33.76	52
34.46	67
31.56	71
34.52	66
32.43	69
34.46	120
33.52	126
33.19	51
33.01	71
33.43	94
34.49	68
35.29	80
33.18	59
32.9	51
35.47	50
37.13	51
36.26	61
33.23	78
32.76	63
34.01	48
35.56	107
33.46	44
33.68	48
35.74	52
33	51
33.71	60
33.29	71
36.16	118
35.57	105
35.82	110
34.79	41
35.86	118
36.7	40
35.1	22
32.52	133
34.92	52
34.74	127
33.35	42
35.89	19
34.19	47
34.61	141
33.48	35
35.52	49
33.57	71
36.83	82
33.23	64
32.61	60
35.42	93
33.6	70
32.07	59
32.89	65
32.78	58
35.46	66
33.27	63
32.85	66
36.4	69
32.92	59
33.6	67
34.83	59
34.09	131
34.27	66
33.39	70
34.02	35
35.71	70
34.97	39
33.85	109
32.87	69
32.44	66
33.99	111
35.83	80
34.29	88
34.92	39
35.62	122
33.24	69
35.17	67
33.7	68
35.32	56
33.58	68
32.76	68
34.28	60
32.11	69
34.46	67
33.86	62
33.95	59
34.65	70
33.18	66
35.59	19
32.48	56
33.53	71
33	70
32.99	62
34.58	58
33.86	68
32.5	69
33.32	61
34.5	67
34.07	46
33.16	69
33.27	54
38.39	25
34.47	43
31.66	65
35.25	66
34.58	58
34.84	70
34.04	71
34.54	67
34.63	122
33.47	62
34.69	48
36.19	65
33.47	66
34.82	67
30.68	62
36.3	61
34.42	67
32.14	66
32.81	71
33.66	69
33.66	69
33.42	66
33.66	69
35.96	75
35.48	68
36.65	78
33.71	50
35.43	125
34.04	37
35.74	38
35.61	69
35.19	31
35.76	8
35.84	9
35.85	122
37.52	19
34.86	54
35	128
35.78	69
32.64	69
34.56	61
37.31	36
34.33	56
33.37	48
34.45	65
34.82	64
35.09	12
32.8	71
35.87	62
37.14	59
31.34	65
36.64	64
35.1	42
36.66	69
34.03	50
34.32	71
37.33	30
32.64	61
33.95	70
35.47	64
34.15	91
37.37	51
34.55	68
35.21	59
37.05	110
33.69	61
34.16	30
33.15	69
35.02	59
32.09	51
34.58	47
33.84	54
34.63	60
34.64	64
34.9	71
33.32	70
33.09	70
33.21	71
35.98	68
39.61	34
32.25	51
36.06	35
36.26	84
32.62	65
32.7	70
32.7	127
32.01	71
35.68	76
33.08	49
36.92	34
35.32	36
35.72	46
34.1	97
35.96	57
35.89	109
33.71	60
34.61	51
33.8	61
34.73	59
35.3	57
33.57	48
35.39	134
34.77	48
34.52	96
35.67	50
36.27	101
34.35	33
35.5	51
35.36	48
33.57	44
35.83	25
35.4	44
34.66	29
36.14	62
38.04	49
36.78	102
34.52	18
33.76	59
36.87	57
35.53	62
35.3	59
33.4	43
38.02	42
34.32	54
34.26	63
36.38	60
36.84	16
34.82	109
35.63	97
31.28	59
35.3	40
32.73	61
31.33	27
33.33	85
35.35	45
35.43	108
36.91	23
33.22	43
32.57	22
36.83	24
36.96	91
34.32	36
32.61	99
38.17	78
33.99	51
37.04	7
38.24	40
34.54	58
37.11	17
33.24	59
33.67	60
36	17
36.99	32
36.4	42
36.73	72
36.75	68
35.98	63
36.15	90
37.1	56
34.66	90
38.08	46
37	47
35.62	91
33.39	106
33.07	103
35.54	88
33.8	53
37.47	25
36.58	81
37.29	79
34.72	79
33.37	56
34.88	67
34.54	44
36.38	49
34.38	69
31.26	4
32.1	47
33.11	79
35.39	86
34.64	51
33.66	84
35.71	35
37.86	32
33.74	85
36.5	95
37.19	53
35.84	76
38.76	31
36.4	63
37.54	108
36.59	53
36.1	17
35.46	67
36	58
39.05	5
37.24	43
37.07	37
37.49	84
35.76	56
39.49	72
34.78	60
35.32	103
35.33	24
35.58	47
35.27	49
36.59	44
41.51	3
36.12	62
36.59	20
35.58	47
36	78
35.35	33
36.98	94
34.11	61
36.81	67
38.13	89
33.98	48
37	57
35.43	113
37.35	106
34.13	8
36.14	91
33.05	96
34.65	30
36.08	103
34.89	51
35.19	113
35.11	55
31.35	60
33.08	62
35.22	68
34.85	35
34	41
31.63	2
34.02	63
33.97	31
35.11	36
36.2	42
36.38	47
33.92	54
34.88	113
35.99	55
37.14	57
36.48	65
36.42	97
37.05	89
35.05	25
35.49	21
35.57	75
35.15	112
34.82	50
34.6	63
34	46
33.52	52
35.73	50
31.54	62
34.63	87
35.01	46
35.82	68
33.12	42
37.03	30
36.64	29
39.46	16
37.25	90
36.01	59
37.64	54
39.09	13
36.49	58
36.72	60
38.46	62
33.76	9
36.52	57
39.53	5
32.26	63
35.52	59
36.11	38
36.19	50
47.63	10
37.04	34
34.97	106
33.58	91
35.66	77
34.62	57
32.33	94
36.23	72
34.02	36
31.45	23
35.73	56
33.85	75
31.04	32
34.69	58
33.58	54
37.56	56
37.41	101
37.36	57
35.11	51
35.74	38
35.16	100
35.71	64
35.84	60
36.82	24
33.87	96
35.91	38
36.37	55
37.51	35
35.69	34
39.32	29
36.54	66
34.64	56
36.11	8
33.23	52
34.33	12
34.84	53
34.17	43
37.09	45
34.69	63
33.71	59
31.82	39
33.37	64
36.51	86
34.27	91
34.69	63
35.21	46
36.75	41
34.41	9
36.6	91
38.02	70
36.07	100
35.74	12
42.14	34
37.3	100
35.35	58
34.36	70
34.57	81
35.81	22
32.46	42
31.44	31
36.1	68
35.49	15
34.53	39
33.46	108
35.85	49
35.31	56
34.69	43
35.46	12
37.81	83
36.19	23
34.82	106
36.66	53
34.31	59
34.9	108
35.37	56
36.11	41
35.07	59
36.01	33
32.32	63
36.3	59
33.64	40
35.51	45
35.43	102
32.97	53
33.52	49
36.17	21
38.14	59
35.42	37
35.85	11
34.82	55
34.42	62
35.76	56
36.44	61
33.29	24
32.96	47
33.99	60
34.32	20
35	50
37.57	7
41.44	11
37.83	42
34.35	61
37.7	55
37.38	17
33.09	61
34.92	109
38.68	5
37.85	53
34.44	81
36.9	52
35.89	80
34.64	37
37.9	83
43.68	5
39.06	47
35.26	22
37.54	4
36.32	6
36.52	45
31.99	62
40.28	7
36.73	80
35.54	49
33.19	55
37.01	41
38.14	80
37.67	22
38.17	21
34.93	51
35.22	81
38.77	25
37.42	22
38.06	41
37.3	39
34.42	57
39.26	73
36.2	47
35.18	56
36.42	96
36	104
37.67	47
36.63	29
39.61	51
37.3	51
34.5	46
35.16	37
36.08	50
35.18	102
34.69	16
35.86	52
37.1	22
35.19	56
35.57	49
36.97	34
36.42	63
35.31	90
36.68	65
36.4	31
37.51	83
36.5	50
34.69	38
39.28	40
35.34	15
34.51	55
37.21	49
33.92	11
35.17	55
33.15	66
34.05	113
34.13	72
35.92	53
32.64	54
37.11	41
34.71	43
36.16	46
34.42	13
39.05	26
33.73	82
35.29	52
34.28	48
33.67	46
37	32
36.52	30
37.38	29
34.97	27
39.76	67
38.74	51
35.53	42
37.42	56
37.44	75
38.47	43
35.53	41
38.63	100
33.97	53
36.76	102
36.05	45
34.94	110
32.59	61
38.21	31
33.95	21
30.69	10
33.88	55
34.88	66
32.21	53
35.56	87
35.03	100
34.12	99
34.87	14
31.79	62
33.61	110
35.92	48
31.79	57
34.56	113
34.11	37
33.07	99
34.32	105
35.55	68
34.47	55
32.63	99
35.13	89
34.5	90
36.14	39
34.14	48
33.19	6
34.55	111
36.03	84
35.87	62
36.52	27
36.52	90
36.88	91
38.57	16
38.28	79
40.54	41
36.63	59
36.73	53
31.4	31
35.27	37
32.95	50
34.64	107
34.14	53
35.68	45
34.71	60
32.97	44
39.21	28
34.12	13
37.16	25
37.24	40
35.08	46
37.04	35
34.35	73
35.6	107
35.92	51
35.61	13
35.87	19
33.47	52
33.91	62
38.01	48
33.24	62
36.61	39
34.88	58
34.57	59
35.61	9
35.02	55
35.94	113
36.55	39
36.31	75
35.89	64
34.78	60
36.18	56
34.55	1
35.32	43
37.7	82
36.91	82
35.59	92
36.4	36
33.8	50
35.19	55
34.31	112
32.14	21
31.16	12
35.81	56
36.57	38
33.85	60
33.67	44
33.51	57
35.66	9
34.57	104
32.5	3
34.71	107
33.86	108
35.95	51
35.1	93
36.11	55
35.57	47
35.21	63
38.35	89
36.77	109
37.07	99
35.75	44
35.58	94
37.32	94
35.66	20
35.59	82
36.66	111
39.15	75
35.41	62
36.94	34
34.94	111
35.07	94
34.9	52
37.17	49
37.01	89
36.13	93
34.23	62
35.87	63
35.33	36
31.4	54
34.58	93
35.86	85
32.5	50
34.98	16
33.73	16
33.26	54
35.5	70
31.92	47
33.75	59
33.83	60
35.68	37
34.13	44
38.43	38
37.99	35
35.39	102
36.67	45
33.85	46
34.73	62
36.58	19
37.46	101
35.88	57
34.78	56
37.8	20
34.78	57
37.26	35
38.53	47
34.39	53
36.86	27
37.39	98
37.22	54
36.78	104
37.06	71
34.14	48
36.9	86
34.45	51
39.11	29
35.9	106
37.16	24
37.03	110
39.33	17
39.07	59
36.61	88
34.23	50
36.21	65
37.19	25
36.44	108
33.49	59
35.02	9
36.6	98
37.47	50
36.36	46
35.38	47
34.54	43
35.3	106
35.68	71
38.23	27
33.91	75
34.97	100
47.96	15
34.72	113
38.88	63
36.62	45
36.25	57
36.92	25
37.56	35
33.9	62
34.48	112
37.7	56
35.88	108
35.87	91
36.7	68
34.85	44
33.14	52
36.53	63
41.54	45
35.28	25
34.23	35
35.04	19
36.41	52
33.64	62
35.01	61
35.33	25
33.76	62
34.62	103
35.98	113
34.43	97
36.34	54
35.19	51
35.11	57
37.11	33
37.01	83
34.88	27
36.06	37
34.65	17
36.91	95
35.72	61
35.26	92
35.08	110
35.89	61
34.85	63
35.3	27
33.56	58
33.57	5
33.85	6
33.72	106
36.58	59
34.71	36
36.76	55
36.38	85
35.38	91
31.69	63
36.43	48
33.95	23
35.68	54
31.76	61
33.85	84
34.27	40
38.84	38
37.09	104
36.95	35
34.95	60
35.9	28
35.99	60
37.71	47
39.44	27
35.64	53
36.61	60
36.85	29
36.33	32
35.8	9
34.55	47
35.54	50
36.8	63
32.54	45
36.51	54
34.39	36
38.29	5
35.23	43
32.74	61
35.64	53
32.08	66
32.63	60
36.65	44
34.38	59
35.15	51
33.14	60
36.8	36
35.28	11
34.33	81
36.6	29
39.31	50
42.19	6
37.61	92
36.61	79
33.82	63
37.57	48
37.97	55
36.41	55
35.03	54
35.46	20
35.35	54
35.46	47
35.78	57
34.27	80
38.37	59
31.46	58
37.46	49
36.4	27
33.99	110
32.42	56
41.5	4
35.81	50
33.93	53
33.87	89
32.71	56
36.64	60
34.5	58
36.58	85
35.01	5
36.07	28
38.04	16
38.26	52
33.98	58
35.83	38
34.41	63
36.51	46
35.26	51
35.54	46
35	84
35.06	59
33.81	59
36.96	110
35.66	61
34.12	54
34.33	63
32.93	62
36.45	17
38.13	71
36.4	14
33.28	18
36.15	90
35.26	79
35.9	13
36.23	52
32.48	3
34.56	41
36.68	71
34.21	97
34.42	40
35.31	18
32.73	62
36.44	89
34.49	45
34.18	112
34.57	51
33.42	22
36.07	25
36.89	78
36.12	53
34.88	56
31.97	61
36.87	61
34.23	53
33.3	23
34.41	111
33.51	63
35.32	76
32.64	59
37.14	62
36.15	63
38.32	41
36.09	27
36.28	52
31.18	60
35.97	51
37.61	55
36.26	14
34	41
34.59	54
32.68	42
35.88	45
36.63	10
38.17	22
34.05	60
34.53	40
32.43	38
34.57	61
33.88	55
32.53	50
35.89	39
37.41	46
34.97	39
33.29	63
38.14	36
40.39	39
37.7	32
34.04	38
35.2	75
34.4	50
35.43	75
35.81	102
37.22	107
35.35	50
33.76	62
36.47	100
35.74	56
34.98	109
33.76	62
33.13	18
35.09	33
33.76	34
33.74	97
33.1	61
32.63	103
34.65	79
32.59	82
33.83	61
33.8	48
34.28	58
37.68	25
35.57	62
38.82	17
34.36	55
35.92	39
35.13	62
36.15	40
33.48	54
35.09	108
36.3	54
35.43	24
36.65	59
34.32	34
36.42	45
37.56	32
34.89	6
36.05	66
37.06	74
36.28	75
35.77	101
36.8	28
35.04	32
33.54	15
34.88	83
32.93	8
35.02	96
36.21	36
34.86	100
34.78	88
35.73	77
32.4	50
35.11	56
39.28	30
37.59	50
34.14	56
34.97	111
32.53	57
35.27	50
36.54	33
35.92	31
55.34	2
34.04	43
37.5	32
36.95	63
40.05	38
35.87	60
35.06	63
33.39	58
36.37	58
36.77	23
37.24	75
34.05	53
36.92	54
38.96	40
37.98	51
36.85	24
35.54	15
36.83	47
34.77	48
36.22	59
37.82	59
36.32	57
34.47	61
37.27	47
34.69	52
33.22	62
35.07	60
39.11	46
36.09	37
37.85	58
36.97	36
34.35	6
36.52	22
35.07	37
35.91	21
36.06	38
35.77	14
34.8	49
30.67	3
34.3	23
35.54	46
37.65	60
37.03	62
41.01	42
34.52	61
36.77	64
35.87	107
34.16	95
34.73	17
38.72	5
37.85	53
35.92	80
34.31	61
36.38	41
35.54	70
37.63	83
44.1	5
34.68	58
34.27	48
34.42	49
36.8	49
36.38	85
35.74	26
33.85	23
37.66	48
35.08	55
39.75	49
34.71	43
36.01	30
36.9	78
33.83	57
34.85	65
31.98	2
38.19	36
35.21	41
37.27	50
35.59	59
36.37	40
35.59	104
33.45	56
38.85	71
36.06	56
34.2	47
36.67	40
35.78	59
37.26	60
35.91	0
35.31	106
36.4	57
32.82	63
33.71	61
37.61	46
33.54	63
34.82	73
35.56	2
34.13	15
32.19	57
33.19	46
35.69	36
34.34	51
34.32	70
36.01	92
34.18	112
37.25	57
36.21	90
32.53	11
33.37	80
32.45	26
37.57	57
35.84	27
34.75	25
35.06	85
34.3	101
36.33	27
35.53	29
36.25	46
35.16	60
33.69	48
34.21	53
37.3	53
36.69	100
37.25	57
39.32	57
39.11	17
35.15	47
35.93	94
36.18	58
35.16	62
35.02	46
36.33	51
34.89	77
33.26	98
34.98	63
34.74	60
33.78	62
31.69	56
34.93	96
31.66	63
33.87	80
35.73	56
35.59	43
35.04	62
36.28	57
37.6	54
35.95	48
35.54	48
35.81	74
34.32	56
36.3	18
35.11	28
36.92	22
36.49	76
35.94	43
35.92	27
37.35	57
34.19	78
37.09	39
36.44	44
33.1	55
35.4	50
33.9	58
37.03	49
34.2	52
35.76	99
38.49	88
35.12	61
34.97	18
35.64	87
34.81	39
36.43	32
31.61	46
35.16	99
35.01	13
36.04	39
35.9	56
32.98	39
34.68	69
32.71	56
35.59	73
35.68	53
35.33	108
34.82	58
33.46	110
33.52	62
35.11	42
35.22	39
37.04	58
34.4	62
33.67	104
38.16	40
35.48	85
37.42	71
36.46	47
35.2	98
38.02	40
37.61	34
37.65	40
35.81	83
35.51	16
35.6	39
35.74	25
34.58	77
36.15	4
37.45	94
35.66	27
36.76	88
37.33	98
34.61	54
36.91	56
34.6	42
36.69	61
35.96	33
36.09	110
37.51	29
35.57	96
37.3	112
35.83	30
37.75	80
34.18	43
38.49	51
38.61	83
36.3	48
36.51	91
36.17	48
36.93	79
38.27	75
38.6	74
35.86	49
36.41	113
36.54	52
35.64	57
37.07	66
35.31	5
34.35	28
33.36	51
36.41	58
33.39	12
35.68	58
33.15	13
33.12	47
33.8	34
36.56	63
34.66	101
36.9	88
31.74	62
33.33	18
35.38	61
33.67	51
33.93	95
34.58	94
47.81	5
35.63	102
35.71	40
38.14	53
35.72	41
34.92	111
37.92	48
33.02	98
35.32	111
32.33	10
34.88	82
34.73	50
35.02	61
33.29	112
33.35	41
35.82	53
36.58	47
35.44	80
32.12	63
33.5	71
36.12	70
33.96	111
33.33	88
32.36	9
33.89	18
34.74	93
35.14	64
33.44	105
33.56	109
33.22	63
32.54	1
33.42	60
33.23	92
34.67	37
33.92	50
34.58	49
32.18	58
32.08	45
33.37	88
33.62	50
35.19	109
36.1	56
37.12	62
35.44	80
34.64	42
35.25	52
35.3	53
34.21	55
35.17	21
35.74	112
38.37	74
37.8	59
35.14	63
37.68	90
36.95	90
35.88	27
36.05	19
37.38	63
38.99	75
36.25	98
37.82	97
34.07	38
39.3	31
37.09	46
33.62	3
34.96	13
35.85	63
34.3	35
36.68	86
33.83	63
33.8	47
33.53	34
36.46	59
36.85	92
36.1	113
34.19	38
33.51	62
36.56	65
34.18	14
32.46	55
31.92	62
35.32	52
36.66	58
33.3	3
32.69	54
34.5	28
32.69	60
36.84	110
35.55	92
34.45	52
44.38	14
33.61	101
36.42	50
34.71	91
31.14	59
36.21	79
34.68	21
34.8	20
35.53	59
35.57	91
36.76	44
35.29	49
38.08	20
32.95	62
39	100
39.11	47
34.68	56
34.37	34
37.12	21
34.22	83
34.47	23
36.19	101
31.89	8
33.57	25
31.6	2
33.64	35
35.2	53
34.59	73
35.08	23
34	62
33.61	61
35.47	113
34.99	26
36.29	62
36.16	95
37.25	74
36.9	55
33.53	10
35.53	48
35.24	71
36.89	51
34.98	104
33.93	43
35.23	56
35.47	49
34.16	55
33.04	53
34.3	52
36.61	24
34.59	41
36.38	87
36.37	53
38.35	47
36.55	53
38.26	48
36.24	35
36.34	102
38.95	29
36.33	73
36.47	42
34.38	22
36.37	77
39.56	38
35.21	45
34.47	38
36.98	86
33.56	109
34.45	62
36.28	99
35.95	76
34.11	89
35.12	61
36.76	96
32.68	4
36.84	57
34.11	13
33.43	97
37.8	36
35.81	69
36.13	81
36.08	56
36.19	54
35.78	27
36.08	27
32.12	61
39.03	5
34.98	70
34.66	110
36.57	49
32.96	13
35.43	45
36.27	16
40.74	45
35.46	80
34.06	106
34.92	28
36.31	99
35.61	103
36.76	63
37.21	39
35.9	110
39.51	56
35.44	79
36.76	61
35.15	63
38.88	11
37.66	79
36.48	18
38.25	43
38.73	39
35.5	63
36.7	38
36.8	112
34.63	32
35.12	56
35.97	8
36.77	81
36.18	45
37.01	64
37.22	62
35.8	12
35.43	113
34.04	60
38.71	41
34.83	112
36.07	32
36.38	38
34.84	58
38.17	82
36.83	9
39.41	32
37.84	49
36.54	47
36.05	37
36.21	47
35.7	74
36.77	37
38.17	25
38.2	53
35.86	46
36.16	92
36.51	87
39.32	23
36.82	52
36.92	96
36.01	53
38.33	2
35.47	53
32.82	7
36.1	65
38.5	74
35.16	58
39.72	43
35.58	95
37.43	22
37.3	23
35.4	104
35.31	57
37.96	32
37.13	52
37.29	89
35.02	27
36.57	49
35.97	54
36.57	56
36.78	63
36.67	26
35.9	13
35.78	56
35.41	32
35.83	13
34.09	52
36.93	108
34.99	61
35.79	88
36.75	89
36.38	49
35.98	43
35.38	51
37	113
35.65	51
35.48	56
36.67	56
35.22	78
36.95	75
39.3	24
35.36	50
35.18	49
35.35	58
35.17	18
35.53	51
33.21	62
37.13	49
34.58	53
35.05	54
34.01	29
34.06	30
36.38	61
32.78	104
34.68	87
33.73	56
35.22	42
36.22	56
36.08	5
33.56	58
37.14	59
38.4	28
34.16	61
33.73	28
32.11	57
36.12	51
33.71	49
36.77	36
37.12	61
34.3	63
36.66	70
33.25	62
34.2	56
37.14	81
36.83	43
38.38	2
34.28	108
36.39	34
41.74	5
31.45	62
38.15	45
39.45	12
35.53	22
35.36	63
36.61	59
36.48	48
36.34	30
33.19	57
37.32	52
35.95	99
37.47	45
36.19	42
36	34
35.59	62
34.88	59
34.69	47
34.23	55
32.6	59
35.11	104
34.9	100
35.7	21
35.29	49
37.31	68
37.68	109
36.34	71
36.56	53
33.61	62
35.6	51
35.44	53
37.34	105
37.2	57
37.25	75
37.77	19
36.18	24
35.56	50
35.28	64
44.78	10
34.08	51
37.31	77
33.54	106
40.33	7
32.77	56
36.04	77
34.04	61
36.45	72
37.45	25
36.3	59
39.58	92
39.89	36
37.38	62
37.47	34
35.38	35
37.52	96
35.2	11
35.6	101
34.52	59
38.27	30
36.64	34
36.14	31
32.38	63
36.43	52
33.69	55
36.61	94
34.69	44
43.27	6
37.04	54
37.91	54
36.54	38
33.9	62
38.55	50
36.26	39
36.7	13
33.96	81
33.2	59
34.42	58
34.08	37
35.71	19
36.52	43
35.2	53
35.71	19
35.71	19
35.86	34
36.33	24
36.3	97
34.54	111
38.67	72
37.8	96
34.45	85
36.47	51
37.2	88
36.39	32
35.16	39
36.77	37
36.79	77
34.97	11
37.3	11
34.78	62
36.09	55
34.9	113
36.14	63
37.2	64
38.35	77
38.07	54
34.82	110
33.7	52
35.48	20
36.35	69
35.92	81
35.62	50
34.74	82
38.38	34
34.14	57
37.36	27
35.56	80
37.71	45
38.18	92
33.74	62
37.17	62
37.21	57
35.07	59
36.75	41
36.21	54
39.87	41
35.76	22
35.75	61
35.67	59
35.01	63
35.19	66
36.2	46
35.82	63
35.62	86
36.07	19
33.98	22
36.22	56
34.64	59
36.63	58
35.91	46
36.61	80
35.3	61
37.57	37
35.68	43
36.71	54
36.33	110
37.01	105
34.45	44
34.87	61
35.43	47
34.81	47
34.36	109
36.22	54
35.25	6
34.42	44
37.89	51
33.92	18
33.88	77
38.15	42
31.82	3
33.57	77
33.55	31
34.66	23
36.57	42
34.71	49
35.18	92
34.04	63
36.95	51
33.15	16
35.28	112
34.43	45
37.28	41
32.92	42
35.86	86
35.86	86
35.72	52
35.03	113
37.88	43
34.92	32
39.04	43
37.42	43
37.1	9
35.61	21
38.4	52
37.38	32
36.39	87
38.64	97
37.61	33
35.62	94
34.9	63
32.6	27
34.33	60
36.52	47
32.58	62
46.14	10
32.8	59
34.77	6
36.3	61
34.6	98
35.65	28
37.07	54
35.37	53
36.67	50
39.82	7
35.36	76
35.55	66
35.88	38
37.54	57
35.62	62
35.99	105
33.3	59
35.91	8
35.84	112
39.02	64
39.41	80
36.26	41
32.5	63
33.45	62
33.35	41
34.56	99
33.84	44
32.66	31
36.59	63
37.13	34
34.41	51
34.64	102
34.17	97
36.2	61
33.91	17
35.53	88
35.82	25
37.36	76
34.96	105
35.35	55
36.73	73
38.04	27
33.68	53
34.77	49
37.67	46
38.09	43
37.69	58
34.05	53
33.91	29
35.27	109
36.32	19
36.2	53
36.41	45
33.32	11
36.18	71
34.79	54
35.19	32
34.91	52
36.89	31
32.47	53
34.83	62
37.78	8
37.85	62
36.49	51
34.64	33
35.16	49
35.27	39
34.17	106
38.55	83
36.07	46
35.89	105
35.44	90
38.45	47
35.21	60
45.54	5
38.02	59
34.41	55
35.07	55
34.05	94
38.96	41
35.19	48
42.26	6
35.1	49
33.85	27
32.47	47
33.59	47
34.02	59
33.98	108
33.67	75
35.2	36
34.44	27
34.02	34
32.74	25
38.54	53
35.7	24
33.3	68
35.98	52
38.74	58
40.07	12
37.48	47
39.11	3
38.85	67
35.67	60
34.28	50
34.37	16
34.25	50
32.65	43
33.19	40
32.45	47
33.09	63
35.02	55
35.35	54
33.55	50
37.33	40
36.01	95
36.11	99
38.36	90
35.99	22
35.23	39
35.02	28
34.54	52
34.04	62
35.25	86
43.76	18
38.24	112
36.53	25
35.44	12
35.73	110
36.72	79
37.59	37
32.66	62
38.15	29
37.03	27
36.1	14
35.15	60
36.05	60
34.83	24
36.02	60
37.32	89
35.63	43
35.21	62
37.15	23
39.79	7
36.8	58
34.5	60
35.16	111
36.19	17
48.33	9
34.59	39
38.55	21
34.75	21
36.04	36
34.94	55
37.79	53
35.37	50
36.69	29
40.54	6
36.47	40
39.15	42
37.28	30
32.98	35
34.88	57
41.48	11
35.69	62
34.89	45
37.76	81
37.96	91
37.96	17
36.97	108
37.23	108
34.27	102
36.76	81
37.31	81
34.75	51
37.3	40
36	54
34.94	27
35.73	50
45.59	4
37.24	37
39.92	4
36.23	63
37.82	83
37.14	67
33.71	58
38.15	35
37.07	51
37.85	82
38.28	23
34.79	62
35.42	0
36.66	46
34.75	16
34.9	9
32.34	11
33.9	34
37.11	35
32.26	62
34.85	66
36.83	77
35.21	105
36.22	53
35.86	71
33.57	19
36.28	47
33.19	61
33.29	39
36.68	83
36.9	28
33.34	58
33.52	19
35.35	71
36.02	54
38.34	47
33.94	18
37.88	45
34.85	10
35.61	51
32.98	56
37.38	48
36.82	47
35.97	54
34.97	57
35.92	4
35.97	105
35.31	63
37.29	38
34.45	111
34.82	40
32.75	60
36.29	57
37.41	6
38.25	62
35.19	109
35.48	43
35.88	39
33.69	61
32.38	59
36.38	23
36.94	81
36.07	49
35.46	52
32.55	54
37.19	91
37.71	41
37.34	34
37.61	36
39.06	58
37.15	42
36.97	57
35.36	33
36.42	46
34.12	47
37.39	57
37.24	90
36.66	52
37.12	38
37.61	46
35.94	113
37.05	97
39.95	52
36.28	35
37.85	33
38.12	44
33.66	42
35.04	13
35.81	29
35.31	53
36.26	56
37.14	26
35.38	13
34.63	55
36.5	48
37.62	30
36.13	16
35.29	40
33.61	100
34.65	27
34.78	52
35.95	59
32.51	42
35.39	38
37.28	72
35.64	83
34.64	40
36.55	80
36.58	88
38.4	55
34.32	47
36.07	40
38.84	36
35.04	98
34.12	42
35.07	46
34.75	79
37.16	17
35.63	54
36.64	91
34.82	53
35.9	108
34.64	60
34.72	102
36.93	33
35.34	30
35.4	72
36.01	58
35.93	99
39.26	38
34.36	13
32.39	32
36.47	26
36.39	92
34.5	48
38.49	27
33.96	101
36.28	19
36.3	53
37.79	87
37.84	55
34.77	41
35.58	18
37	40
35.11	104
37.45	44
34.47	31
36.38	47
35.93	48
36.07	51
36.99	111
34.93	52
34.85	45
34.78	26
38.55	21
37.02	65
34.61	6
37.93	13
36.06	46
33.75	18
34.57	12
36.83	66
35.26	109
36.11	69
36.08	49
34.04	103
36.36	79
34.14	54
36.07	59
35.47	36
36.04	100
38.78	43
35.87	54
33.76	56
35.58	39
33.35	50
33.99	47
32.73	101
32.33	67
35.2	112
34.23	26
30.99	14
32.91	35
35.45	34
35.11	87
36.5	46
37.63	27
37.39	55
35.53	29
37.85	47
34.85	13
37.47	56
36.97	13
37.32	20
35.54	62
35.38	27
35.17	20
34.75	38
35.36	34
37.32	50
35.26	54
33.29	53
34.16	49
33.35	109
33.01	53
35.23	52
35.28	38
36.66	50
33.92	99
32.35	56
34.53	103
32.66	37
34.24	15
35.14	93
33.67	32
39.11	37
36.74	32
34.4	45
37.5	92
38.04	46
37.74	33
35.87	52
36.19	41
39.71	53
38.8	27
36.96	48
36.43	55
37.79	51
38.57	34
37.9	36
39.06	55
36.24	53
37.23	61
37.33	41
34.85	100
38.64	56
34.92	60
33	63
34.85	60
34.92	110
35.81	62
37.38	56
37.48	34
34.56	34
34.51	51
31.03	63
32.49	54
34.36	16
34	19
34.2	90
35.06	106
32.94	56
34.97	34
33.5	55
33.77	83
33.54	104
35.22	14
33.14	85
33.14	85
35.76	57
32.85	43
36	83
33.66	53
33.89	30
33.51	91
34.7	111
32.73	13
36.71	56
37.29	94
35.34	43
33.93	55
34.07	48
37.21	50
36.23	41
35.33	104
36.7	29
36.1	61
36.2	57
35.55	7
37.79	42
34.21	61
34.47	47
33.93	53
36.66	44
34.35	57
34.61	41
39.44	48
36.72	83
33.36	27
35.4	50
34.24	36
35.71	68
33.93	19
36.02	29
34.77	58
33.24	104
31.85	59
36.37	82
36.12	50
32.83	55
37.11	26
34.96	41
35.54	111
32.76	56
36.08	75
34.75	41
34.05	35
34.67	110
33.67	107
33.9	111
34.35	56
33.87	109
34.28	36
33.52	103
33.65	29
34.97	12
34.26	56
34.64	30
36.03	47
35.45	54
34.79	39
33.85	55
37.5	52
35.55	65
36.68	32
36	75
37.5	18
38.09	62
34.3	62
35.54	52
32.81	55
33.52	63
35.19	59
36.86	53
34.32	60
35.81	45
33.61	62
36.17	97
33.64	101
35.86	94
34.84	104
35.9	84
33.57	52
34.87	48
35.45	56
38.11	70
36.7	98
36.35	51
33.42	62
33.95	20
33.5	56
34.13	47
35.46	60
34	74
36.83	41
100	0
36.3	61
37.45	40
37.34	41
47.55	1
37.57	38
35.86	61
35.46	32
34.97	46
34.32	16
36.55	18
35.06	77
34.17	55
37.08	47
36.46	37
37.24	56
36.32	46
32.08	56
36.23	101
34.79	104
58.67	1
39.25	60
34.33	60
37.46	12
35.83	107
35.16	51
37.16	71
36.82	71
33.81	40
36.48	43
34.73	34
37.14	97
36.58	72
36.68	79
34.37	5
35.96	63
35.98	49
34.23	54
36.43	49
34.79	54
35.74	21
36.9	40
37.16	30
34.56	54
33.17	40
36.03	52
35.35	50
35.2	105
35.34	97
36.92	41
33.53	35
35.01	97
36.44	87
34.88	97
34.4	97
35.22	97
36.28	22
32.85	11
33.78	99
33.6	16
31.61	59
35.22	69
34.85	19
34.21	31
36.18	48
34.36	51
36.97	62
35.24	42
36.21	53
34.33	44
35.22	68
32.06	51
36.71	55
36.73	34
34.8	78
33.24	54
34.97	60
36.06	74
36.38	56
33.18	107
36.32	34
34.72	33
34.46	38
34.72	104
34.27	61
34.87	33
36.27	41
33.39	56
33.84	69
34.83	56
36.62	74
34.56	34
34.13	97
32.73	28
36.5	54
31.32	58
36.07	49
34.74	27
34.93	51
33.26	61
34.64	50
37.04	33
35.07	42
36.11	60
36.12	1
34.77	63
34.44	55
34.38	58
35.86	43
35.73	96
35.01	20
36.98	106
39.01	43
34.29	111
35.3	54
37.33	53
35	22
37.23	56
35.02	43
33.78	74
32.23	62
32.28	0
38.35	50
36.3	42
37.04	63
35.45	49
37.69	25
32.49	62
35.03	112
36.01	68
32.89	56
33.3	62
36.39	94
35.31	35
35.47	54
35.08	55
36.11	63
37.56	102
36.19	54
37.23	21
34.23	50
36.12	16
34.76	20
37.45	29
33.44	2
38.61	53
31.85	34
36.27	85
34.3	35
38.11	47
36.72	41
35.73	35
35.88	72
34.61	57
36.2	55
37.28	91
35.6	24
36.59	46
36.4	98
36.2	55
33.58	111
32.23	59
36.99	48
33.98	40
32.72	29
34.36	51
36.46	88
35.38	19
35.84	71
35.23	53
36.05	57
36.11	30
33.85	11
35.88	37
35.94	49
36.25	59
34.62	50
35.33	53
35.33	67
34.64	20
34.3	95
33.33	46
32.11	58
35.83	52
33.66	61
34.6	32
35.06	91
35.84	62
34.78	52
36.42	45
32.23	59
34.93	100
34.36	40
32.72	29
34.36	51
36.49	88
35.46	19
35.84	71
36.52	62
34.95	53
36.4	50
36.67	100
35.25	60
34.24	23
34.92	59
37.74	49
34.09	43
36.39	35
36.23	55
33.59	58
36.58	44
36.33	57
32.06	56
33.36	53
36.96	47
36.16	98
35.59	55
34.88	57
34.6	56
35.63	69
36.49	84
37.47	42
37.44	23
36.38	51
36.98	65
37.64	89
35.42	86
35.94	24
37.25	102
39	21
34.24	42
39.09	24
37.49	59
37.64	86
34.47	13
36.38	84
36.12	78
37.24	20
37.71	4
35.8	33
33.94	99
36.65	50
36.07	51
36.4	45
35.66	38
36.66	79
34.91	61
33.69	104
37	60
34.73	49
35.96	61
36.14	54
36.15	77
36.15	27
35.67	38
35.85	107
34.91	97
38.29	35
33.04	61
34.51	74
36.51	28
34.97	62
38.38	84
37.03	72
52.51	7
37.28	60
35.5	45
35.95	79
33.8	46
35.62	62
34.48	59
36.8	81
37.14	40
36.47	58
34.28	17
33.52	37
34.42	9
36.12	85
33.94	100
35.67	93
35.17	35
36.71	51
34.83	37
39.28	41
35.53	42
33.61	46
32.35	109
35.64	45
34.33	20
34.04	29
36.68	62
38.32	56
36.84	51
39.5	43
36.99	19
34.76	51
36.18	76
34.06	52
36.72	90
36.81	55
36.86	111
37.23	57
33.71	53
35.26	43
36.06	57
35.31	71
35.87	48
36.95	47
38.47	45
38	40
35.85	44
35.42	44
35.4	105
37.42	65
36.96	41
33.08	69
35.26	59
34.95	58
37.41	89
34.56	46
37.56	70
34.95	23
36.09	48
34.52	72
36.95	44
36.95	40
36.25	45
37.39	49
37.92	56
36.2	59
35.69	62
37.07	62
36.9	28
37.62	103
37.95	66
36.3	63
34.56	109
34.54	57
37.64	61
36.23	97
33.98	59
35.16	33
33.51	42
34.24	59
34.25	58
34.13	1
35.13	104
35.97	51
35.4	34
36.07	90
36.87	100
36.85	41
34.09	38
36.68	28
36.97	52
36.12	102
35.91	77
35.53	48
35.15	60
35.23	97
32	20
36.68	94
37.26	54
36.66	57
32.35	6
33.27	45
32.94	62
37.93	78
38.5	38
37.68	59
35.74	83
38.47	55
36.21	61
35.64	8
37.32	48
37.12	36
36.9	79
38.85	45
37.68	81
35.93	57
34.69	55
36.01	49
34.42	76
36.74	89
35.73	62
35.31	16
34.41	61
38.17	43
34.14	50
38.71	42
34.26	48
37.95	67
36.17	41
34.03	61
36.58	59
36.24	40
34.86	62
36.77	54
38.11	43
36.46	79
40.33	49
35.01	63
36.89	78
36.35	18
37	46
39.83	7
36.96	19
35.16	44
35.68	53
36.23	53
37.88	37
34.35	55
34.75	16
35.44	47
36.15	52
35.17	15
35.97	55
38.78	23
36.68	45
34.21	29
34.93	51
35.1	50
35.07	55
36.01	56
36.61	29
35.58	69
37.03	103
33.07	54
36.4	30
32.44	63
35.24	16
36.46	74
37.92	59
38.11	61
36.25	43
35.42	44
35.89	103
34.69	60
33.3	50
34.46	63
37.28	66
34.64	29
36.68	77
34.69	47
33.11	69
36.38	99
37.41	99
36.74	59
35.02	66
32.21	34
35.1	50
32.73	1
32.5	62
34.38	63
34.09	42
35.74	92
36.88	36
34.03	92
33.57	94
35.93	77
37.48	40
34.96	109
36.07	4
35.23	42
37.39	46
37.79	37
37.06	74
35	105
34.97	57
34.19	93
35.18	51
34.2	104
34.93	113
36.7	48
36.28	84
33.91	101
36.07	71
37.11	10
33.57	8
35.21	53
35.87	52
34.32	40
34.32	55
36.36	77
37.21	34
32.78	62
35.88	23
33.8	11
32.61	48
33.08	61
35.44	110
36.88	26
34.44	100
31.91	62
30.42	54
35.31	53
36.04	43
33.48	46
36.35	58
36.18	11
39.2	33
35.59	49
36.65	5
35.28	20
36.26	101
36.66	106
37.97	54
36.51	26
36.36	85
38.43	82
33.93	20
33.93	59
35.93	88
35.78	106
37.97	24
37.73	54
35	91
39.52	52
37.81	41
34.88	21
33.86	61
32.47	47
34.81	18
34.87	113
34.99	22
33.61	47
37.21	49
34.65	53
36.13	78
35.02	80
36.15	46
33.63	61
34.64	109
33.88	40
36.38	78
34.85	53
33.2	63
33.75	92
35.66	47
36.68	89
34.38	48
37.15	33
39.06	47
33.99	31
33.38	46
32.92	10
34.42	64
36.38	43
33.66	56
35.32	62
35.86	106
33.76	47
34.07	55
35.77	48
34.92	40
33.98	7
34.64	36
37.24	85
32	63
36.84	78
37.23	73
34.73	89
35.12	69
36.49	49
34.28	40
35.62	18
32.86	53
35.06	87
36.74	19
34.21	32
36.8	48
34.85	54
34.75	27
37.1	27
32.5	60
35.1	43
35.46	62
37.08	75
34.78	83
33.83	111
33.38	55
34.55	48
35.41	67
34.53	48
35.26	71
32.58	56
33.42	47
34.14	29
33.69	28
36.9	50
33.82	35
35.68	60
32.61	40
36.17	42
35.29	53
35.66	80
34.69	63
34.76	76
37.1	28
35.39	106
36.3	43
36.43	73
34.74	13
34.09	61
34.35	40
36.28	24
33.28	26
31.19	63
34.01	12
35.15	15
35.49	53
35.19	25
35.23	57
35.41	76
34.42	60
34.85	93
34.76	44
34.71	19
34.96	62
36.31	31
34.93	54
35.69	52
38.06	60
37.7	13
34.69	51
39.42	46
36.23	13
38.04	31
36.11	55
33.8	54
35.28	43
36.12	110
38.48	16
38.71	14
34.78	55
35.82	58
37.14	57
35.48	52
35.98	87
37.52	90
34.94	23
34.4	12
34.85	95
36.35	43
35.4	108
34.69	109
37.42	28
34.14	53
34.93	62
34.22	113
33.99	41
38.31	24
35.18	56
34.64	21
33.82	42
35.97	42
37.11	46
33.49	52
36.59	54
37.08	27
35.74	109
34.21	58
36.56	81
34.82	101
36.25	60
35.59	45
34.04	90
36.23	61
34.77	15
35.6	60
31.61	59
35.24	42
33.57	62
34.21	31
35.96	36
36.21	62
34.36	51
35.52	71
35.84	97
35.34	19
31.56	63
33.81	60
33.78	44
36.38	55
35.8	87
36.63	52
35.54	63
35.18	62
34.35	79
35.28	50
37.47	75
33.44	9
33.76	59
33.76	46
35.96	52
37.53	45
36.61	34
37.01	48
36.81	84
36.59	32
33.71	63
36.97	55
30.78	56
38.62	39
38.9	65
33.84	28
35.62	101
34.16	14
35.88	57
35.78	68
36.88	20
36.9	76
36	53
37.43	61
35.54	15
35.28	49
33.61	27
35.3	62
38.48	58
36.86	101
35.8	82
35.94	95
32.85	60
32.9	55
33.92	79
37.05	27
35.2	39
34.69	55
33.32	17
33.56	2
33.02	40
35.85	51
35.07	17
35.47	55
35.36	105
34.13	39
36.47	39
36.1	55
36.71	111
30.64	61
32.47	63
34.69	60
37.51	27
36.43	108
36.7	86
37.69	27
36	85
34.45	56
33.33	62
37.63	69
33.53	88
35.41	55
34.96	58
35.78	54
34.17	77
36.99	11
36.6	76
34.09	86
34.14	31
35.79	79
34.25	69
35.84	55
36.91	7
34.59	62
33.78	22
36.09	55
38.49	26
36.29	56
35.97	53
35.46	87
35.11	62
36.34	72
35.72	57
36.5	32
37.76	56
36.27	51
35.09	38
38.82	25
35.32	113
35.16	110
36.62	62
33.95	55
34.93	53
32.14	48
36.82	87
34.86	29
34.66	45
36.1	29
36.59	69
38.11	33
37.62	36
35.43	86
35.76	41
34.66	35
33.84	69
34.63	28
36.95	26
34.18	102
35.9	43
35.97	94
34.69	36
37.9	14
34.76	57
36.82	38
33.17	24
34.54	73
37	41
33.62	105
35.26	55
34.09	89
33.6	113
36	56
34.29	108
37.6	67
33.95	48
35.38	48
36.79	81
35.09	80
36.76	35
37.68	50
31.95	33
35.65	101
35.78	26
37	58
36.75	62
39.19	35
33.34	27
36.49	49
33.21	41
34.94	12
36.18	50
33.27	52
34.97	59
30.38	47
35.44	55
35.82	55
34.45	57
34.29	109
33.47	102
39.13	27
32.68	50
35.07	99
34.68	50
33.95	58
32.93	73
33.54	82
35.17	104
34.43	92
32.56	42
34.46	46
37.47	36
36.05	6
35.98	53
37.09	62
36.9	80
35.47	22
34.61	57
36.4	53
34.28	57
36.15	97
34.37	22
35.96	72
38.01	59
33.08	53
35.92	106
35.73	55
31.28	53
36.69	84
35.53	56
33.88	85
35.71	59
37.17	63
37.28	79
35.85	42
35.74	15
37.53	11
37.61	85
35.85	42
35.28	50
34.01	56
34.41	43
37.41	58
35.12	26
36.93	29
37.51	40
35.34	42
39.73	38
35.68	93
37.8	13
35.9	104
34.89	52
34.34	86
34.19	17
33.9	33
36.21	82
35.51	81
36.99	72
36.43	9
35.7	55
33.51	62
36.62	44
34.78	52
35.83	29
35	21
34.25	43
36.59	79
35.69	94
36.5	97
35.9	42
35.58	81
37.25	85
39.11	50
37.84	60
36.75	23
34.62	107
36.5	51
36	23
36.77	89
37.05	45
34.87	102
34.75	97
34.28	41
34.23	82
36.83	68
35.03	87
34.66	103
35.31	91
32	2
33.87	42
34.81	105
36.15	54
36.57	77
35.96	50
35.22	39
37.26	83
35.87	52
35.02	93
33.66	48
36.13	43
34.21	61
36.62	55
37.69	53
35.16	58
35.9	100
35.73	44
36.28	79
36.67	33
37.83	52
35.69	104
37.15	9
34.09	32
34.07	62
35.4	46
35.88	51
33.92	47
33.78	70
36.02	27
34.85	102
33.98	58
31.65	16
36.69	43
35.41	102
36.58	46
38.07	43
36.94	31
35.71	0
40.04	43
36.85	42
36.1	59
39.53	49
34.05	58
36.16	49
35.98	103
33.07	58
32.86	60
36.28	74
35.6	73
36.92	112
37.44	9
35.29	6
35.66	105
35.4	62
35.78	45
34.78	59
37.28	18
35.86	103
34.09	51
35.97	80
35.67	110
35.72	26
34.73	81
35.44	112
33.74	102
38.01	29
36.31	56
32.89	46
35.68	85
35.17	49
32.54	63
32.11	22
35.84	111
35.71	18
34.44	47
34.34	12
34.05	62
35.05	54
36.07	50
35.69	61
36.84	83
36.45	57
38.73	28
33.37	105
36.25	43
33.82	73
33.84	60
35.79	62
36.25	107
37.24	48
31.76	52
36.36	52
35.75	42
34.02	86
35.64	50
35.52	39
35.56	60
35.8	61
38.28	56
36.76	54
34.83	79
37.02	40
42.87	10
35.58	50
35.63	67
35.22	50
37.99	43
33.73	21
40.45	7
34.59	63
33.33	49
32.96	41
34.03	62
35.66	38
34.83	108
35.61	53
36.4	56
35.43	71
38.82	28
32.95	59
36.71	92
33.35	49
34.8	37
37.29	42
35.32	26
33.52	57
35	39
35.07	60
37.02	42
34.7	58
33.42	63
35.22	47
34.69	57
35.32	49
34.46	62
36.95	61
35.26	31
36.86	44
34.12	27
37.2	87
36.38	62
34.64	62
38.31	51
38.05	35
36.5	62
35.36	41
36.12	48
35.98	52
33.57	8
35.49	55
35.7	12
35.71	39
36.84	77
35.36	104
36.19	96
35.69	106
36.23	89
36.19	35
33.79	63
36.15	102
36.78	57
35.85	105
37.64	47
35.3	51
34.61	62
37.76	37
37.64	67
37.05	44
36.62	70
37.28	30
36.67	104
35.88	55
36.64	49
36.25	44
36.62	51
36.52	106
34.46	50
34.35	30
37.92	97
36.42	55
35.19	80
38.52	35
33.23	46
35.52	95
35.55	90
33.4	34
33.96	17
34.47	111
35.85	103
36.35	112
36.86	30
35.81	37
36.36	80
32.07	60
33.74	55
34.95	96
34.52	65
33.47	60
34.13	13
34.63	63
33.64	82
35.59	46
34.76	9
33.35	56
33.12	36
36.03	54
36.21	81
35.65	50
35.11	59
33.97	43
36.63	53
36.03	60
33.8	56
35.07	52
36.19	50
37.33	13
32.09	15
36.22	97
35.45	26
33.94	40
35.31	31
36.36	51
33.97	15
36.33	112
35.87	54
35.13	110
37.98	47
34.7	104
33.44	53
36.36	83
35.73	39
35.49	78
36.11	53
39.37	35
37.75	105
36.92	76
34.33	62
33.76	49
35.91	110
37.43	87
38.15	28
34.61	58
33.12	56
35.1	61
36.44	46
34.66	56
33.49	53
33.9	62
35.79	27
35.76	56
35.44	43
36.92	56
35.72	55
35.45	55
37.84	76
35.04	41
38.74	43
34.07	37
35.73	60
36.67	18
35.71	51
37.42	51
37.64	41
35.98	52
35.9	82
36.39	43
34.41	73
35.48	70
34.4	110
35.02	48
33.1	58
33.52	67
32.3	53
36.13	74
36.21	74
37.26	30
35.53	57
38.55	19
35.24	99
34.12	47
35.69	47
36.68	33
35.47	49
37.05	1
35.98	71
38.26	19
34.25	41
36.47	80
36.5	43
34.86	70
36.78	18
35.76	28
34.61	63
37.47	79
37.12	97
36.2	31
36.74	79
37.33	54
40.41	50
34.3	14
34.3	14
39.57	21
35.59	51
33.9	45
37	50
37.93	37
36.03	31
35.32	60
35.93	53
38.02	22
35.17	101
36.2	80
37.03	89
31.5	53
35.95	26
32.29	55
36.65	87
32.26	12
33.94	8
32.01	57
36.42	89
33.06	50
35.26	103
37.03	101
35.35	51
35.21	60
37.27	61
36.92	24
36.99	106
36.23	99
35.28	60
35.86	59
36.75	89
32.56	29
32.91	108
33.85	15
34.57	49
33.94	51
34.45	76
35.9	63
35.73	50
36.21	16
36.38	77
32.51	46
37.79	58
39.85	19
33.69	54
33.84	76
37	40
36.41	80
36.92	47
35.24	19
33.74	42
32.59	35
33.32	75
34.38	76
35.35	32
34.68	107
32.67	57
34.68	52
34.3	27
34.33	52
37.09	46
32.89	36
38.55	56
34.23	29
33.42	46
36.16	93
33.02	45
37.33	53
33.87	57
36.25	36
37.48	38
35.26	56
33.33	56
33.35	53
36.97	11
35.35	58
33.96	52
34.39	11
34.75	9
36.76	62
38.64	39
34.05	49
34.06	28
35.01	108
35.48	101
34.6	61
35.09	57
34.78	21
31.7	4
34.05	49
35.34	62
35.99	104
33.55	45
34.1	63
36	52
36.78	30
39.55	28
35.25	60
34.04	101
33.26	5
35.6	10
37.14	33
36.42	47
34.85	60
34.86	70
34.38	88
35.13	50
34.77	96
37.09	89
32.61	63
36.51	57
35.01	61
40.21	40
33.55	28
44.38	4
34.8	35
35.1	29
36.54	111
37.74	54
39.83	7
35.18	53
35.4	61
36.61	18
31.99	54
36.94	79
36.7	108
34.03	43
34.52	34
37.19	96
34.66	14
33.7	59
47.1	8
37	40
36.1	18
42.5	7
36.91	61
36.15	27
36.07	49
33.34	56
36.97	51
32.26	58
35.52	51
38.54	41
33.91	52
40.22	8
36.62	60
34.4	55
34.97	60
32.07	63
33.81	61
34.69	63
33.56	98
37.31	113
40.62	2
35.2	83
38.98	3
34.43	63
36.73	34
36.04	84
34.02	53
33.12	50
37.2	60
36.98	56
33.09	52
35.66	14
35.09	45
35.19	9
34.87	93
35.19	33
36.53	10
34.57	56
33.37	34
34.45	26
34.51	56
35.89	62
34.79	79
34.57	56
36.65	66
34.64	108
33.51	50
36.09	46
32.72	47
35.85	25
33.99	22
33.07	62
33.81	109
32.57	51
36.09	88
37.2	50
36.76	22
36.32	48
34.78	56
36.04	53
36.55	16
37.44	19
33.09	62
36.8	78
34.18	8
35.2	37
34.63	99
37.12	25
37.15	37
36.59	62
35.35	56
36.29	62
34.88	57
37.3	66
34.25	52
35.48	62
38.27	36
36.21	60
40.18	41
37.17	42
33.92	60
34.73	62
35.06	107
37.16	30
33.52	50
35.77	5
37.24	51
35.78	32
35.99	109
36.14	104
38.33	23
33.01	53
33.06	59
36.81	56
35.07	60
34.59	106
35.06	48
33.47	21
34.98	74
36.44	23
33.52	33
35.37	102
35.96	25
35.33	94
35.04	29
36.62	58
36.87	49
35.29	71
36.72	110
38.37	43
37.84	43
39.59	43
38.73	43
37.03	47
37.15	63
35.77	33
36.24	56
36.93	44
37.28	26
37.89	49
36.02	30
34.98	46
35.11	46
33.94	31
35.11	62
35.73	53
33.84	28
33.73	13
31.69	63
33.42	53
36.34	85
32.29	54
34.66	22
34.24	75
37.18	38
31.09	57
35.31	75
34.03	43
35.62	71
37.9	54
35.89	50
35.05	51
32.51	57
32.81	19
36.98	30
35.5	29
37.42	63
35.6	17
34.83	55
35.47	52
35.4	59
35.44	42
34.78	62
35.45	55
37.56	53
36.17	44
35.67	51
36.08	70
36.37	19
36.56	55
36.55	80
32.84	37
34.49	27
34.2	78
36.64	72
37.09	59
34.86	38
34.69	51
35.19	47
36.44	64
34.82	61
35.61	49
35.78	60
34.22	62
37.77	31
37.3	17
36.03	75
31.19	63
33.15	40
34.33	61
32.55	89
34	33
33.44	90
33.18	50
33.92	32
31.01	38
34.19	54
38.23	110
35.7	8
34.74	30
34.88	19
34.94	80
34.58	52
36.78	35
33.08	51
35.47	77
34.59	63
34.29	24
31.74	47
34.34	112
35.21	58
34.07	99
38.02	41
35.29	70
35.35	107
34.54	24
36.95	56
33.45	57
33.83	42
35.51	64
34.3	68
33.49	67
37.12	9
34.98	57
35.95	36
34.82	59
35.78	60
34.54	59
35.35	60
34.92	64
33	34
34.41	68
33.73	134
34	79
34.64	67
32.9	68
34.04	51
34.69	62
35.22	59
32.94	50
34.09	32
34.87	54
34.49	65
33.8	58
36.25	61
32.28	60
32.3	67
32.66	70
36.66	41
34.3	18
34.85	83
32.78	59
32.66	68
33.07	60
33.98	70
34.15	79
32.52	71
33.03	135
35.01	49
36.3	61
35.54	62
34.25	49
34.88	39
36.52	24
35.22	123
34.91	39
34.19	35
34.02	42
31.83	71
33.58	70
36.81	42
33.64	68
36.81	36
32.69	71
35.64	45
34.63	109
37.45	59
37	46
36.56	48
36.18	61
36.47	62
33.71	71
36.19	55
34.78	64
33.59	25
34.36	65
35.28	38
33.84	63
31.97	63
37.25	9
38.37	30
35.82	69
31.97	63
35.91	69
33.81	66
33.04	58
35.25	110
35.45	45
38.76	33
35.45	45
35.96	19
33.66	127
38.11	35
33.52	68
34.03	68
32.3	55
35.71	66
35.11	45
33.57	68
37.7	46
34.47	49
34.45	63
34.39	65
36.52	52
34.4	48
34.69	78
37.56	23
34.81	79
35.88	97
34.85	30
34.3	104
35.57	67
32.76	70
36.56	62
33.76	61
35.79	15
35.57	47
36.85	65
36.23	46
36.53	66
32.43	59
34	111
35.9	63
34.2	88
34.31	73
32.92	71
34.82	126
33.66	43
34.79	113
38.11	66
36.54	50
35.86	106
34.35	60
33.42	70
32.5	68
34.02	29
37.07	71
37.16	62
36.71	53
34.28	117
33.23	70
35.65	33
34.22	60
34.5	63
36.91	91
32.76	52
34.02	103
37.74	6
36.23	49
34.47	61
33.86	93
32.16	69
35.22	58
34.52	54
33.98	61
35.16	25
30.57	70
33.45	128
32.64	71
33.7	67
33.71	55
33.19	70
35.81	21
34.21	47
36.63	115
33.06	67
34.03	56
35.03	88
36.54	19
35.13	106
37.16	22
35.87	50
33.88	44
34.04	132
35.94	76
33.88	120
33.66	47
35.76	57
34.56	56
34.69	91
33.31	71
33.63	77
34.15	69
37.51	8
34.11	117
33	61
35.5	50
31.51	70
34.25	46
35.7	54
35.66	68
31.65	62
33.89	20
34.03	32
36.25	53
34.47	61
35.04	87
34.72	14
33.21	7
36.27	76
33.9	94
35.94	31
35.83	106
35.77	66
35.16	12
32.93	3
35.62	62
32.69	36
32.69	36
30.71	65
34.16	92
32.95	62
33.23	70
35.67	71
31.54	71
31.54	71
33.22	25
35.5	34
32.79	63
37.37	24
35.68	121
33.69	65
38.61	42
33.46	117
35.2	49
36.39	41
32.63	69
34.17	70
31.48	51
33.29	31
35.56	26
35.56	26
31.7	70
33.54	84
36.6	11
37.18	17
34.94	73
37.7	17
35.44	79
35.44	79
36.3	61
34.38	48
33.88	16
38.04	69
36.1	80
35.21	45
32.77	71
36.58	25
33.24	51
34.69	48
31.82	70
33.01	61
32.81	12
35.97	61
35.3	22
33.15	71
33.15	71
36.07	49
31.5	61
37.24	53
32.27	57
33.59	39
34.76	117
37.81	45
33.71	27
37.34	49
30.77	65
36.41	39
36.1	59
37.97	68
34.65	65
33.67	55
34.42	60
34.27	47
35.57	72
34.36	64
37.22	45
