sim	len_diff
35.05	230
35.15	251
35.36	225
35.08	209
34.39	186
33.09	252
33.68	57
33.25	266
34.87	240
35.26	221
32.69	250
34.35	207
33.76	279
34.95	251
33.72	111
35.13	233
33.19	139
34.62	263
34.98	247
34.34	202
34.47	240
34.03	220
33.25	277
34.81	270
34.99	146
33.92	268
33.54	225
33.1	270
34.66	206
33.1	265
34.03	237
34.14	203
34.14	203
33.66	271
35.07	236
33.37	431
31.86	279
35.72	211
35.22	192
33.33	277
35.09	208
34.14	236
34.14	236
32.64	271
34	276
33.8	277
35.01	195
32.95	253
34.21	173
35.26	206
33.57	212
34.43	234
34.17	223
32.51	233
32.51	233
34.99	170
33.21	99
34.41	204
33.33	273
33.33	273
34	139
34.46	256
33.28	208
34.5	217
32.96	270
33.6	247
33.35	246
34.88	158
34.88	158
33.47	190
33.08	256
33.19	179
33.25	273
33.25	273
34.06	225
33.42	264
34.09	259
33.18	259
33.19	256
34.42	232
34.83	156
33.96	258
34.29	276
34	236
33.11	250
34.35	255
33.49	264
36	150
34.34	223
34.82	250
33.95	180
34.36	248
34.71	137
34.99	195
34.35	105
33.47	262
32.97	269
33.49	273
34.74	179
34.96	261
35.45	235
33.93	266
34.85	240
34.93	243
34.41	270
33.14	275
34.14	183
36.46	99
35.52	159
33.35	267
35.6	150
32.64	264
34.96	198
33.72	213
34.04	194
34.08	251
33.53	263
34.76	257
34.23	259
32.4	5
34.94	172
34.16	255
34.39	209
35.73	183
35.71	137
34.47	199
33.68	275
34.26	259
33.26	278
33.44	226
33.93	258
34.93	192
35.53	189
33.11	274
33.1	243
33.68	266
34.35	247
32.67	266
35.35	218
36.4	116
35.93	197
32.41	2
32.96	269
33.39	270
34.29	254
33.25	278
34.16	269
33.42	248
34.26	76
33.69	253
33.23	275
34.07	260
33.18	264
34.53	235
34.46	221
35.69	128
33.89	239
34.04	248
33.79	190
34.95	236
35.47	263
33.46	278
33.73	264
35.81	211
34.2	273
35.01	240
34.36	268
35.13	191
33.73	265
32.85	267
35.04	162
33.59	177
34.18	276
33.92	251
33.17	279
33.56	277
34.9	187
33.77	266
33.78	246
34.81	243
33.18	249
34.99	163
34.24	209
34.68	212
32.19	265
34.87	229
33.94	255
34.03	188
33.74	242
34.66	256
35.05	165
34.47	263
32.47	260
34.07	266
34.5	245
35	249
34.98	169
34.51	279
33.51	271
35.12	45
34.79	255
34.04	206
34.7	209
34.64	254
33.72	267
33.2	267
34.72	131
34.26	252
33.91	269
34.63	181
34.15	192
33.76	226
34.03	194
31.66	237
35.66	267
34.59	213
33.34	254
33.26	249
33.78	255
35.28	268
34.89	193
32.75	276
33.49	88
34.46	219
33.81	271
34.84	170
33.59	235
32.31	274
34.9	204
33.67	233
33.8	187
35.52	161
35.47	195
33.61	241
33.22	247
33.18	247
34.67	203
33.18	247
33.08	227
33.11	268
33.02	234
34.49	239
34.51	129
32.68	268
33.02	264
32.92	252
34.18	277
33.61	215
34.41	212
34.07	272
33.38	209
34.47	169
33.59	235
35.08	195
34.26	200
34.44	135
34.43	234
34.07	270
34.06	236
32.46	249
32.64	267
34.77	209
32.94	262
34.77	260
33.21	263
34.44	242
34.58	189
32.44	276
34.53	254
35.23	195
36.26	138
34.71	264
35.46	236
35.78	239
35.32	216
33.7	250
33.94	267
33.72	252
36.09	128
34.5	97
34.95	255
35.18	233
32.89	258
34.1	225
34.17	244
33.37	261
35.18	160
34.17	215
33.66	279
35.59	130
33.36	242
35.25	220
33.55	255
34.53	273
35.68	235
34.76	229
33.91	197
35.66	237
34.02	218
35.11	223
36.03	172
33.37	277
33.82	269
34.96	219
34.61	254
34.81	250
33.95	257
34.32	37
34.21	252
33.34	220
34.41	243
35.49	182
34.25	242
34.26	279
33.84	227
33.62	253
35.05	185
35.92	222
34.87	209
33.73	269
35.74	235
35.88	184
33.69	247
33.7	238
35.85	169
36.02	234
34.25	254
33.76	231
36.03	229
35.95	241
33.63	261
31.38	259
35.1	220
33.13	242
34.84	236
33.55	260
33.26	270
33.57	258
35.2	80
33.81	264
35.69	113
36.01	136
35.99	223
34.71	200
34.06	223
34.71	234
34.77	250
34	233
35.12	128
34.07	182
34.81	208
32.58	108
33.61	184
33.66	205
32.49	38
33.59	219
34.03	205
36.62	125
34.62	229
35.62	208
34.62	240
35.76	132
37.43	170
36.91	224
35.12	202
35.39	222
35.66	113
35.65	92
33.99	212
34.08	178
35.68	208
35.91	245
36.68	171
32.5	248
34.68	216
35.86	134
33.76	67
35.88	135
35.55	124
35.38	218
35.8	109
34.6	194
35.32	107
36.36	156
37.11	138
34.27	94
33.55	205
36.68	165
37.86	91
38.19	145
36.16	160
36.57	236
34.48	234
35.79	244
35.93	247
36.2	232
42.28	89
37.89	146
36.85	194
37.05	223
37.19	216
35.27	158
38.75	117
35.35	238
36.88	220
36.4	239
38.09	148
33.72	236
33.03	246
36.34	169
35.18	228
36.47	174
35.47	213
35.66	115
35.45	233
34.6	210
36.29	223
34.81	198
34.99	183
35.47	225
33.99	244
33.89	220
34.32	199
32.63	41
33.89	243
33.94	218
34.58	247
36.17	203
34.66	151
35.83	242
33.88	238
34.02	242
36.42	170
36.81	244
35.5	225
36.34	208
34.41	229
36.03	202
37.88	140
37.16	223
37.67	157
36.67	240
35.56	237
37.12	219
38	83
35.88	132
36.02	230
35.06	240
35.24	56
36.75	161
33.62	223
35.3	248
35.48	145
36.61	128
36.07	223
34.65	243
37.21	223
36.18	238
34.84	209
36.83	222
37.27	136
35.92	92
35.61	174
35.96	197
36.57	205
36.01	150
37.32	117
35.71	246
35.67	117
36.13	170
36.96	163
32.52	210
35.11	246
36.09	120
34.88	221
34.34	183
33.74	134
35.43	239
35.76	210
34.76	213
35.17	182
33.76	237
36.12	127
36.77	100
35.9	162
34.86	245
35.85	191
34.85	244
35.11	158
36.89	200
35.5	71
36.5	206
36.47	235
34.72	171
35.31	104
37.44	191
34.28	47
34.85	133
36.75	159
35	225
32.52	63
34.84	209
34.37	215
34.58	233
32.89	223
33.01	202
34.53	203
37.16	62
35.66	230
34.44	244
36.68	151
35.15	246
36.72	197
35.74	230
35.55	239
36.59	243
36.08	147
34.04	248
36.96	162
33.91	164
35.42	217
35.11	155
34.19	246
36.01	133
36.07	157
37.12	115
35.82	94
34.07	118
34.81	233
33.39	227
33.2	247
35.99	127
34.97	247
33.41	244
33.47	209
34.8	206
36.14	173
36.91	57
35.11	204
37.11	170
35.22	244
34.54	216
36.41	309
36.03	207
35.6	243
34.65	122
34.32	230
37.1	188
35.78	236
35.4	236
37.21	169
34.66	237
34.41	226
33.32	242
36.65	217
34.24	248
37.62	177
35.61	235
35.87	205
34.74	216
35.39	243
36.34	203
33.92	232
34.72	237
34.72	219
35.13	149
36.78	145
37.59	162
37.03	135
34.23	220
37.09	167
37.7	200
37.75	150
33.97	19
38.33	182
36.84	230
36.67	245
33.07	232
35.62	207
36.22	191
33.83	244
34.2	214
34.96	72
34.29	203
33.78	237
34.83	161
35.77	224
36.77	72
36.81	160
36.58	234
36.33	245
37.02	135
36.66	77
36.96	213
36.54	194
37.55	105
36.57	213
35.08	208
45.01	138
35.51	96
35.3	234
36.3	149
34.77	205
36.31	182
34.66	241
35.54	204
35.65	45
36.33	230
35.38	192
36.4	210
36.39	132
37.48	135
37.41	157
35.7	221
37.95	164
37.16	179
36.25	208
35.3	218
35.6	242
36.19	145
34.13	179
34.8	322
34.96	244
36.03	225
33.59	246
33.43	215
34.34	209
35.55	224
36.25	147
36.37	142
35.65	158
35.66	121
34.56	241
36.69	231
33.03	224
36.2	226
36.13	225
34.41	246
36.77	236
37.44	142
37.1	200
36.16	244
35.69	21
35.7	168
37.29	181
36.61	104
37.15	83
36.27	191
36.22	240
34.92	231
34.77	235
37.52	142
36.75	233
36.62	232
37.2	125
36.73	236
36.75	124
38.89	137
37.53	188
38.12	150
38.21	167
34.07	247
35.58	190
35.91	227
37.72	238
38.05	144
34.58	238
34.41	244
34.9	190
34.91	144
34.84	218
36.02	187
34.2	194
34.21	244
37.38	192
34.87	179
35.4	236
36.25	85
36.07	196
34.77	183
35.72	197
36.95	91
34.93	318
36.41	184
34.04	232
33.39	227
34.95	201
32.23	237
32.92	230
33.69	70
33.97	409
34.53	185
35.2	223
36.13	119
35.16	91
31.78	70
31.78	70
35.65	233
34.82	217
34.5	245
35.3	238
35.84	326
33.9	226
35.35	196
37.28	218
34.94	242
34.82	247
34.94	222
36.07	175
36.22	73
35.64	169
36.16	221
35.76	232
36.46	244
34.53	217
35.81	244
36.87	240
32.49	200
34.79	72
34.21	60
33.53	222
34.38	206
34.49	331
34.6	218
34.03	61
35.13	199
33.01	82
35.76	153
41.45	116
34.54	101
37.62	151
33.58	198
41.57	139
34.64	220
33.36	52
33.67	159
36.8	136
33.74	244
35.27	143
34.57	195
33.09	94
34.08	208
34.52	221
34.3	231
35.37	237
32.51	226
35.61	166
36.51	158
36.62	240
34.81	247
35.67	161
36.73	128
37.32	110
34.77	213
35.11	211
36.61	133
35.17	61
33.73	216
35.12	190
34.82	184
33.97	239
34.1	214
33.42	43
36.03	223
34	247
35.71	152
35.97	79
35.42	154
35.66	187
35.75	222
34.68	236
34.05	211
36.71	176
44.12	125
34.29	240
34.7	229
34.69	220
36.63	190
36.7	202
34.87	241
35.91	204
37.65	176
36.23	172
33.08	177
36.14	225
34.71	163
34.06	248
34.79	244
36.37	234
34.95	247
35.3	212
34.63	240
34.98	246
34.53	49
35.72	241
33.54	229
34.87	241
32.9	242
33.89	229
34.43	147
35.5	208
33.61	208
34.23	218
35.05	158
36.07	176
32.99	236
35.8	96
34.13	223
36.55	200
35.88	175
36.14	239
35.41	229
37.54	178
35.27	189
35.98	233
36.09	218
34.37	235
34.97	174
36.02	243
36.1	112
36.35	240
36.73	131
34.99	246
37.03	211
36.61	149
35.18	247
37.77	133
36.31	229
37.8	167
35.31	226
51.43	109
35.32	237
36.49	124
36.93	152
37.02	131
37.74	165
35.11	233
36.07	248
34.66	241
34.74	226
35.48	181
35.47	207
35	227
35.45	78
35.01	226
35.31	92
33.76	181
36.09	180
37.28	161
36.31	132
34	221
35.96	219
34.87	178
33.64	232
36.27	240
34.63	215
34.62	245
35.08	237
36.91	126
37.25	166
35.63	205
36.74	91
35.57	231
36.49	139
36.39	209
34.64	234
35.1	231
36.53	233
35.72	238
36.13	248
36.84	232
36.57	227
37.05	159
31.79	13
35.14	248
35.66	243
35.35	103
36.71	209
34.76	225
35.97	183
36.79	219
36.33	229
34.77	217
35.26	238
35.84	167
36.89	243
35.69	245
34.22	242
36.68	204
35.79	162
36.15	162
34.97	198
49.44	40
34.32	239
36.19	151
37.01	161
35.37	223
37.93	161
34.79	247
33.61	237
33.67	237
33.64	237
35.63	245
35.28	219
36.42	172
46.23	128
34.95	214
36.46	222
36.13	237
36.94	212
36.24	221
36.15	193
34.08	244
37.4	211
35.53	270
37.32	144
34.1	236
34.34	236
34.74	242
34.44	241
35.45	222
35.24	219
36.35	194
34.27	246
44.73	147
34.17	234
34.95	241
36.61	97
33.76	245
33.71	206
35.67	230
34.12	243
34.89	202
35.33	186
34.81	42
34.48	204
33.71	231
34.23	122
36.81	134
36.46	139
36.02	174
34.62	201
36.01	119
35.77	126
35.53	130
35.18	205
36.11	154
35.01	223
34.5	241
35.01	77
33.14	234
34.05	244
36.14	218
33.84	120
33.47	90
35.88	143
34.38	211
37.41	100
36.27	244
36.74	234
34.65	215
38.1	163
37.37	79
38.52	146
37.06	143
34.62	235
34.68	228
34.16	246
34.45	202
35.93	225
36.12	230
36.63	172
35.3	202
34.6	177
34.36	208
37.45	182
36.32	222
33.49	231
35.02	161
37.28	153
37.82	99
35.84	219
34.67	245
36.25	210
35.94	154
35.59	98
32.23	228
37.14	199
35.5	242
36.25	175
35.54	216
36.94	116
34.22	210
36.27	131
37.27	159
36.71	135
35.89	201
36.05	194
35.71	157
34.2	239
36.26	241
37.5	157
33.54	48
35.67	230
36.04	144
36.71	213
34.52	244
35.93	217
33.19	224
33.95	212
34.65	227
35.76	240
34.23	226
36.41	203
34.92	240
35.18	246
37.3	128
35.93	218
34.84	241
36.47	112
34.9	217
34.74	219
34.62	212
35.8	89
33.95	191
35	274
35.46	220
36.68	174
34.76	236
36.17	194
35.88	137
35.32	229
35.57	233
36.38	240
34.72	240
34.04	176
35.95	176
33.92	197
34.64	215
34.82	226
35.99	186
34.37	239
36.68	107
36.31	173
34.11	221
35.05	222
34.76	217
32.34	219
32.31	27
34.96	142
35.38	153
35.32	248
36.8	181
35.13	225
35.32	236
35.95	240
35.54	236
36.09	187
35.08	225
36.06	114
35.51	211
36.05	103
34.17	170
36.26	168
35.16	79
34	243
35	208
34.86	245
35.29	213
34.73	192
34.49	158
37.27	113
35.49	220
36.36	220
36.86	217
36.45	228
36.69	200
33.73	231
34.71	169
35.31	243
35.44	194
34.72	237
33.96	108
36.24	187
34.75	228
34.36	199
35.06	242
36.07	206
35.36	239
36	150
34.81	160
36.43	245
37.26	147
35.95	229
35.42	128
35.67	208
35.49	109
36.9	179
34.8	226
35.11	245
36.74	165
37.25	206
36.68	167
35.11	199
33.93	248
35.79	229
36.74	165
36.39	157
34.14	247
33.69	66
36.39	223
35.31	217
44.32	101
33.53	51
32.9	234
34.83	223
36.14	118
34.38	238
35.82	85
35.4	225
36.81	194
35.7	215
36.24	247
35.59	234
44.62	171
35.92	157
34.21	227
36.85	144
35.99	219
35.77	238
37.28	212
36.6	127
47.27	135
40.44	156
35.25	226
38.13	198
35.22	217
35.54	221
34.72	230
34.59	237
33.78	244
35.81	225
35.68	144
36.99	123
31.8	247
36.83	170
35.32	223
33.06	228
34.55	236
34.79	188
34.52	227
35.78	205
33.71	244
38.2	165
32.82	226
34.49	232
35.28	218
35.37	244
38.17	163
35.12	222
36.31	224
36.53	230
36.05	82
35.7	146
44.01	19
43.38	110
35.74	60
38.21	156
36.13	165
35.22	215
35.9	110
34.82	221
38.38	135
36.46	193
37.74	156
36.01	190
36.27	165
33.85	231
36.37	183
34.16	226
36.46	118
37.08	100
36.37	199
35.36	146
35.08	122
35.08	270
34.06	199
34.93	205
33.61	244
36.35	189
31.71	4
35.54	232
34.83	209
35.58	240
34.41	81
35.62	113
36.43	159
35.06	240
36.73	109
34.51	244
35.34	240
36.98	222
34.03	222
36.74	243
35.07	107
33.83	242
36.4	219
34.18	248
34.96	230
34.55	241
36.71	161
36.11	231
33.62	219
36.28	226
34.29	241
33.76	194
35.95	225
35.76	242
35.73	247
35.12	205
36.97	240
36.22	214
35.93	216
36.08	244
36.26	225
36.19	219
34.96	215
38.17	172
35.16	106
35.97	142
37.13	135
37.02	245
36.37	64
34.59	146
37.12	139
33.47	238
33.51	221
34.42	203
37.28	102
35.58	171
36.28	105
35.34	237
37.92	188
36.47	232
35.34	200
34.22	233
36.78	234
34.3	229
35.52	186
34.39	238
35.49	100
35.22	236
35.72	160
35.93	222
34.48	171
34.03	244
33.69	223
36.73	201
35.24	247
34.75	238
35.23	237
36.7	213
35.32	136
42.07	30
34.86	228
34.16	171
36.23	133
35.43	216
34.88	222
35.34	248
34.55	236
33.49	245
34.06	241
35.86	232
35.95	195
35.55	206
36.42	141
35.89	59
37.33	155
35.43	191
35.82	235
34.7	216
35.84	238
35.3	209
36.76	207
37.9	110
35.16	62
34.18	222
33.89	227
35.84	123
35.61	198
34.44	210
34.19	246
34.9	265
36.03	166
33.97	247
36.49	220
34.63	243
33.93	244
35.73	208
34.03	202
35.45	166
34.01	245
32.85	243
36.12	208
34.34	244
33.94	238
34.42	247
35.15	207
35.75	222
36.1	114
34.62	246
36.01	178
33.96	193
36.94	143
34.09	160
35.94	139
35.87	210
36.07	146
36.16	87
33.73	159
35.16	130
35.66	118
37.22	149
35.76	232
35.95	227
33.52	238
35.82	123
33.4	229
33.85	219
35.18	168
35.04	196
34.18	90
34.71	241
35.84	215
35.48	227
34.52	226
33.38	205
35	245
34.45	97
33.91	248
35.21	135
34.06	225
35.54	201
34.96	242
34.38	55
33.92	108
35.46	161
37.59	163
36.1	118
34.21	247
38.16	133
34.87	433
36.62	180
36.55	235
35.63	218
36.12	223
35.74	194
32.79	245
35.88	152
32.83	246
34.35	242
34.59	228
33.86	236
36.66	217
34.92	227
37.07	195
34.82	242
36.49	226
35.5	210
36.83	210
35.49	234
35.67	238
37.47	166
36.79	199
35.86	169
37.03	173
35.79	193
34.3	222
36.25	233
37.55	150
37.36	140
36.69	214
36.01	119
35.13	236
35.42	222
36.84	201
35.66	168
33.74	223
33.94	128
35.64	107
34.11	228
35.79	190
32.76	248
34.89	195
36.34	242
34.8	138
34.43	222
33.41	230
34.86	228
35.66	215
33.99	197
34.13	204
34.12	224
33.82	179
35.87	158
35.45	198
38.47	140
36.19	171
35.95	104
35.96	180
36.27	142
35.83	178
33.89	248
34.39	234
35.23	247
35.67	230
33.47	212
36.3	136
34.4	200
32.99	234
35.91	153
35.39	104
33.54	238
34.79	99
35.74	223
33.44	195
35.52	230
33.64	160
33.26	243
33.3	228
35.69	130
34.2	245
35.05	202
35.9	165
36.02	165
33.82	112
33.57	203
34.5	165
33.29	104
33.4	56
33.87	235
34.63	149
34.98	200
33.74	206
32.83	238
35.31	167
36.35	245
34.3	205
36.98	146
34.08	224
35.78	247
37.2	153
37.4	166
35.24	194
34.33	114
34.53	135
41.03	112
36.39	111
36.77	247
35.43	223
36.96	167
36.38	232
37.37	76
36.62	213
35.53	70
36.82	188
34.39	235
35.2	243
34.92	97
37.1	163
34.6	212
35.82	219
34.81	185
34.43	213
34.58	120
37.62	173
34.61	231
35.68	225
36.52	202
34.07	246
36.05	175
35.96	206
39.94	53
35.53	132
34.38	191
36.07	193
35.46	208
33.74	247
33.37	175
34	205
34.83	242
33.74	241
35.33	231
34.16	203
34.33	175
33.38	233
36.22	157
35.56	242
35.16	166
36.09	115
35.6	219
35.01	243
33.19	244
36.55	152
35.23	195
33.56	143
35.76	221
36.69	183
37.11	201
35.34	217
36.57	226
34.98	222
36.53	230
34.05	243
36	242
35.22	246
32.97	105
34.69	39
34.28	169
34.23	47
35	203
36.5	130
34.57	188
35.07	248
34.98	217
35.48	221
36.54	209
36.82	70
36.49	109
36.51	111
36.85	84
36.22	220
36.96	229
35.16	224
36.68	213
34.58	244
34.56	247
36.52	129
35.14	225
33.59	86
35.84	88
36.37	114
35.44	148
34.66	248
35.2	240
34.03	117
35.98	126
36.35	188
37.23	216
34.83	233
35.08	241
34.69	239
34.83	173
36.59	237
36.36	247
35.35	247
37.64	188
35.38	232
35.32	243
35.42	136
35.47	187
34.78	211
35.15	207
34.77	219
36.68	196
35.17	169
36.42	189
34.32	83
35.52	84
35.85	205
33.88	216
33.03	246
35.81	235
35.62	91
35.86	187
35.57	223
35.32	221
34.18	215
33.76	229
33.94	230
34.39	248
35.57	244
36.51	201
36.08	111
34.9	234
35.84	138
34.04	217
34.22	225
35	229
32.02	1
35.04	148
33.79	221
34.9	212
36.93	138
34.35	227
35.82	82
34.28	230
34.75	185
38.38	160
38.01	169
36.19	81
35.97	230
37.71	147
37.02	159
35.67	164
35.39	244
37.25	126
35.86	238
38.48	131
33.79	245
36.84	246
34.7	232
38.76	194
35.14	240
35.08	245
35.24	19
37.43	223
37.71	157
36.88	215
34.91	241
36.53	189
35.79	166
37.05	158
35.47	241
36.78	239
35.06	239
36.19	113
37.2	161
37.34	112
36.43	124
36.13	212
37.03	136
34.99	212
36.74	150
34.74	233
34.66	214
35.54	224
34.56	237
37.99	141
36.83	224
35.22	233
36.03	224
34.89	183
35.98	244
34.4	243
36.23	240
36.61	212
33.76	242
37.57	210
35.54	220
36.63	190
36.34	161
36.07	244
35.08	244
36.63	216
36.97	218
34.69	246
36.61	212
36.83	206
37.57	209
35.92	87
36.39	326
38.18	152
38.03	144
35.49	217
38.02	162
35.91	177
35.17	196
36.92	240
36.84	245
33.64	234
37.25	232
36.16	199
34.83	442
35.36	244
35.41	151
35.76	243
35.97	247
35.94	204
34.95	209
35.42	201
37.43	80
37.22	194
36.46	211
38.13	170
35.43	237
32.45	245
36.26	189
34.73	219
35.22	304
35.56	169
33.43	238
34.77	38
34.76	238
34.25	161
33.74	230
33.91	226
34.41	227
35.78	98
36.24	129
34.33	242
33.88	48
36.47	132
34.67	212
34.85	72
34.05	210
34.32	240
36.91	214
33.35	243
35.53	241
35.1	189
36.78	173
34.31	187
33.72	60
36.35	162
36.25	134
34.08	180
34.64	238
37.16	162
34.72	195
33.88	234
34.11	232
33.33	223
35.69	235
36.78	224
36.07	201
34.65	238
35.41	242
36.35	260
36.93	179
36.48	223
37.38	203
34.35	246
36.44	154
35.72	136
36.23	180
36.99	201
36.33	205
37.15	178
35.72	246
35.18	216
36.91	171
37.02	210
34.67	243
37.57	216
36.24	177
35.69	191
35.69	236
35.57	231
35.27	244
36.53	218
37.79	159
36.78	220
36.46	194
38.06	155
34.96	151
34.1	194
36.26	240
36.68	228
36.53	171
36.46	147
33	247
34.97	179
36.73	135
36.9	223
34.36	135
35.59	248
34.83	237
34.77	233
35.74	212
36.53	236
36.98	83
37.45	144
36.82	170
35.79	440
35.08	237
35.22	217
35.21	247
34.67	178
35	239
34.86	29
36.41	204
34.67	241
35.72	201
34.99	244
34.43	248
33.56	225
35.78	240
33.85	223
36.97	248
34.78	364
37.14	165
35.46	193
36.65	128
36.35	241
35.31	176
36.37	213
34.73	190
34.79	211
35.95	129
43.08	128
35.06	134
35.42	209
34.81	238
36.99	169
36.96	179
37.3	213
35.7	52
34.91	245
34.29	241
36.74	98
35.64	230
36.07	138
35.67	419
35.04	209
36.95	171
36.29	91
36.71	57
34.46	239
35.83	192
35.23	240
36.96	132
37.58	40
35.07	239
36.73	219
38.35	112
35.92	233
34.77	238
35.23	239
36.27	197
34.79	247
36.61	205
37.33	169
36.21	216
37.78	61
35.88	236
38.55	170
37.49	139
37.35	160
36.68	185
37.09	134
37.21	282
37.02	193
36.38	228
34.76	241
37.94	151
36.08	228
37.16	158
34.56	106
35.84	246
37.51	164
36.3	210
34.98	158
36.05	169
35.6	214
35.68	248
36.22	51
37.59	137
37.07	136
37.14	163
35.82	174
35.55	238
35.56	248
36.77	138
37.94	163
35.38	246
34.58	164
35.11	181
35.06	236
36.32	132
34.58	284
35.12	91
36.98	142
35.2	143
35.07	206
35.97	166
33.98	200
35.92	130
34.41	219
32.7	239
37.32	151
36.49	167
34.02	217
35.94	193
35.67	71
36.55	240
36.64	189
35.61	205
33.93	5
34.93	228
36.12	224
36.2	218
36.25	200
35.53	434
43.59	150
35.68	218
36.28	163
36.46	199
36.63	243
35.65	235
35.55	165
36.74	166
35.21	244
36.9	129
37.14	243
33.28	234
36.28	215
37.94	167
37.29	227
34.79	240
35.14	247
36.65	119
36.59	165
42.14	68
36.95	225
34.59	138
36.15	174
35.87	235
33.31	229
35.38	127
33.28	226
36.06	178
37.38	118
36.81	213
34.16	143
36.27	236
36.71	96
37.46	144
35.9	248
37.34	175
37.4	155
37.31	99
34.86	247
37.06	242
37.6	125
35.79	140
36.48	175
34.69	184
33.81	168
35.8	205
34.48	204
34.92	125
33.63	247
35.8	219
33.26	192
34.81	200
33.5	235
33.07	247
34.9	166
35.09	197
36.11	184
35.57	173
33.55	246
37.19	87
36.13	121
34.7	223
35.6	146
35.96	224
34.37	194
34.15	382
45.94	116
35.86	195
35.11	173
36.94	154
35.25	189
36.91	184
33.49	209
35.97	218
36.03	137
35.48	116
36.26	221
34.88	240
35.61	196
34.64	233
36.5	153
36.16	106
36.01	141
36.36	225
35.06	202
35.48	246
34.52	235
34.19	239
36.57	227
36.8	178
35.18	217
35.25	227
35.87	225
35.91	238
35.69	215
37.69	101
35.53	92
37.03	178
34.17	181
35	40
36.78	155
36.2	159
34.26	163
34.45	222
35.42	179
33.91	231
35.49	172
34.66	82
33.49	97
33.01	224
33.89	224
34.91	230
35.88	237
35.81	235
33.49	242
37.74	165
37.79	137
35.65	187
34.57	202
34.85	214
36.6	143
34.55	178
32.96	237
35.96	215
35.8	227
35.62	150
34.96	236
35.22	231
35.65	201
33.98	248
36.25	118
35.28	209
36.73	92
36.45	137
37.57	156
33.94	229
35.51	126
36.05	210
36.46	98
43.68	155
35.03	70
33.74	2
33.59	245
35.45	239
35.98	223
36.41	247
34.99	243
34.03	245
35.25	189
36.83	208
40.69	152
35.6	239
35.5	93
35.74	240
32.81	192
35.07	143
33.88	238
34.72	238
32.73	240
34.74	222
34.72	201
36.07	173
34.47	246
35.35	237
36.06	103
34.93	170
34.3	248
36.4	235
35.23	231
35.95	234
34.17	215
35.87	114
36.67	151
33	229
36.59	139
34.16	131
35.39	242
33.9	219
34.55	157
35.39	219
35.19	241
34.13	168
35.24	187
35.8	237
36.16	221
36.61	238
36.15	185
41.87	135
35.88	52
47.93	96
33.74	234
37.64	123
36.34	153
36.72	152
33.59	201
34.29	55
36.19	172
35.4	228
36.96	137
35.43	218
34.11	244
35.05	181
36.74	147
36.13	216
36.13	215
36.14	203
36.34	226
37.12	224
36.49	231
36.28	223
36.81	150
36.55	196
35.3	247
35.8	149
33.18	246
35.38	185
34.22	226
34.17	210
36.05	216
34.65	216
35.04	230
35.16	177
35.72	122
37.08	135
36	238
36.05	128
34.51	153
35.48	244
33.2	239
34.19	234
34.02	183
34.38	196
48.55	107
36.66	238
37.05	237
35.76	203
36.05	130
36.53	239
36.16	56
34.89	223
35.44	234
34.49	238
35.85	164
34.7	238
36.65	120
34.41	77
33.57	243
36.05	163
35.49	125
34.09	227
36.77	150
37.74	174
35.14	227
34.61	198
35.79	100
34.07	219
34.48	189
35.38	195
35.12	231
35.56	151
35.55	215
37.28	111
34.52	148
35.22	193
34.76	191
34.23	241
34.47	224
35.4	245
36.46	100
35.44	155
36.5	198
38.68	166
38.41	161
39.83	148
38.64	141
34.9	63
34.75	138
37.55	160
36.09	209
37.37	134
35.32	237
36.54	192
34.51	172
36.92	139
35.6	211
35.47	174
33.36	247
33.34	247
34.76	112
35.93	246
35.46	166
35.27	103
36.24	159
36.44	173
33.62	233
36.08	134
34.47	205
35.55	247
31.66	60
35.2	240
33.43	248
35.77	160
34.11	41
34.72	198
36.93	163
38.98	132
34.61	245
36.14	119
35.05	243
36.12	244
33.5	225
36.16	184
34.33	226
36.77	73
34.85	240
36.58	221
35.78	237
36.73	144
43.81	114
33.39	142
35.45	232
35.88	200
34.16	247
35.88	213
34.69	236
34.15	229
36.03	192
34.64	188
34.44	232
33.85	241
35.38	221
34.86	186
34.01	212
35.44	218
36.08	120
34.84	240
34.03	237
35.15	205
37.69	136
34.27	74
36.49	138
33.63	239
37.2	180
34.35	248
35.89	169
37.57	148
36.23	202
37.9	193
35.96	233
34.9	231
35.37	220
35.38	210
35.87	242
35.69	245
35.68	185
33.45	247
35.09	73
34.37	239
34.14	418
35.33	241
35.03	233
35.38	226
34.49	232
37.23	144
34.18	188
34.54	210
34.09	217
33.75	171
33.57	227
34.36	241
36.18	212
34.69	237
36.67	162
34.19	188
35.96	130
35.6	245
34.81	247
35.12	137
35.51	213
35.3	154
34.73	241
36.41	131
38.13	158
36.77	159
34.44	242
35.26	171
37.69	186
35.3	233
37.25	243
36.12	169
34.75	180
37.52	156
37.29	207
36.45	216
36.15	214
36.81	119
34.75	195
35.37	245
35.4	111
34.81	78
35.72	144
33.12	246
36.28	168
32.61	229
33.37	243
32.31	150
35.34	143
36.14	159
36.06	169
35.55	98
35.3	224
32.08	5
35.63	173
35.64	240
34.47	243
38.58	166
38.12	175
34.76	196
36.55	211
36.66	241
34.59	224
35.62	193
36.67	102
36.03	203
35.74	238
35.96	178
35.02	229
33.8	208
36.86	215
35.46	213
35.47	230
37.44	199
37.44	174
36.56	219
35.2	92
36.15	247
37.66	218
35.85	226
35.85	216
35.79	158
35.7	244
36.42	168
35.02	139
33.45	224
33.88	248
33.37	241
33.32	248
34.04	220
34.47	400
34.2	225
33.02	202
34.67	190
34.32	218
34.74	167
34.11	373
36.14	132
34.74	167
33.95	134
33.99	234
33.98	245
35.18	98
35.19	142
36.49	172
34.73	226
35.23	160
36.15	185
34.24	240
37.3	114
36.29	131
36.73	135
34.31	211
36.65	194
36.32	151
36.96	105
36.44	224
34.36	246
34.67	180
35.51	246
36.96	143
35.44	166
35.9	223
35.13	119
36.51	205
33.77	215
36.26	242
36.9	162
35.5	167
36.51	167
34.35	212
37.09	108
36.13	236
34.95	243
35.64	97
33.45	223
32.24	27
36.54	231
35.39	141
33.56	240
32.41	11
33.58	244
34.85	219
35.3	163
44.27	156
32.71	11
33.74	228
36.54	241
35.77	208
33.73	201
34.36	223
36.73	159
33.06	242
35.16	143
35.82	183
35.93	103
34.69	234
34.65	222
34.41	248
44.06	143
35.97	126
35.26	214
34.93	194
36.72	190
34.48	246
35.3	241
35.15	51
34.6	220
35.15	73
36.18	236
36.38	125
35.13	216
36.89	161
33.68	210
35.72	215
34.73	194
34.26	148
34.86	211
36.54	175
35.54	199
36.19	243
36.01	201
34.14	213
34.72	219
35.06	218
35.79	89
33.69	239
33.98	221
37.52	108
36.97	97
34.17	168
34.71	234
34.45	198
34.27	168
36.91	111
37.67	231
36.42	241
100	0
34.13	223
33.3	243
36.59	235
34.89	239
36.08	227
34.83	236
36.34	225
37.03	173
35.07	236
35.55	82
35.51	190
34.25	78
34.79	97
35.42	241
34.55	189
37.02	140
35.4	236
36.05	246
37.92	197
34.33	235
34.28	244
49.32	32
35.26	215
34.2	246
35.01	226
34.56	226
37.61	139
35.63	245
36.75	141
34.8	238
35.57	126
35.46	219
34.3	247
35.97	167
34.43	247
34.84	248
34.5	159
34.47	214
36.04	131
34.74	126
35.71	192
33.62	232
34.24	202
33.84	241
35.16	158
35.46	188
34.31	246
36.64	211
36.43	152
37.09	143
35.68	237
35.1	229
34.38	178
35.74	208
36.56	138
35.43	133
36.27	157
35.83	147
33.87	150
34.87	140
34.64	244
34.44	192
36.39	136
36.3	173
36.35	205
36.25	177
35.52	228
36.25	135
35.34	242
36.79	175
37.07	152
36.55	165
34.43	212
36.39	225
34.51	241
34.06	222
36.65	164
34.35	242
34.43	246
33.74	246
36.25	164
35.12	208
35.71	221
36.5	187
35.83	133
36.16	157
36.17	148
34.66	242
35.85	149
36.27	150
32.88	48
34.86	227
36.53	146
33.93	246
36.3	195
34.04	225
35.23	199
35.74	200
34.74	212
33.04	248
36.16	203
36.27	132
35.51	236
35.92	99
34.16	236
33.59	236
34.43	228
36.22	188
35.23	146
34.46	216
35.72	224
36.82	125
36.71	125
35.86	211
35.99	204
35.31	24
35.16	72
35.85	232
37.61	134
34.52	246
34.79	245
34.69	238
36.59	211
35.33	234
34.24	225
34.84	247
34.6	182
36.39	131
33.85	241
34.66	237
34.78	204
35.07	212
35.31	209
33.01	234
36.37	234
35.37	238
35.74	200
35.51	247
35.54	191
35.51	56
44.7	150
35.64	150
35.11	226
34.38	162
35.28	218
34.68	225
36.03	235
34.37	208
35.2	240
36.12	200
37.38	174
36.01	175
34.62	200
34.45	242
36.05	245
36.24	53
35.77	174
35.11	243
33.86	176
36.38	205
36.43	173
34.52	86
33.8	247
34.17	214
34.45	192
36.2	178
33.35	228
35.59	230
33.71	38
34.1	67
35.76	69
36.36	162
36.17	165
35.3	55
35.82	134
35.78	170
34.31	216
34.4	244
35.28	241
36.23	120
36.71	173
35.56	130
34.17	235
36.81	137
35.86	148
33.04	238
35.69	174
35.01	243
33.81	176
35.02	248
36.86	143
33.69	247
34.14	214
35.21	100
34.33	192
36.22	178
35.68	254
37.07	224
35.75	231
35.1	243
37.33	238
34.69	54
33.87	112
34.43	242
36.34	159
35.54	100
35.64	81
35.31	220
36.54	139
34.81	187
34.48	225
34.18	246
35.49	231
33.73	228
35.31	98
37.03	166
35.05	213
35.65	221
34.87	242
35.88	244
35.77	235
35.52	122
35.45	190
35.89	396
34.76	238
35.24	240
34.74	236
34.82	226
37.49	238
35.62	168
35.63	232
37.25	147
34.81	223
37.62	180
35.41	224
36.19	153
34.29	102
35.64	188
33.81	248
35.41	232
34.74	215
33.44	230
35.6	133
31.96	7
34.35	203
34.6	229
36.52	133
34.16	220
34.98	247
33.73	205
36.68	195
34.96	219
34.86	219
36.23	146
35.34	168
36.69	160
35.28	241
38.17	139
38.35	151
36.88	152
34.85	235
35.1	243
36.3	223
36.71	124
47.69	43
36.67	132
36.7	97
36.31	138
34.77	195
34.54	245
34.95	175
35.61	247
34.28	212
34.92	34
35.11	218
36.53	126
35.61	188
33.44	237
34.39	233
35.63	243
35.6	178
37.63	245
34.64	161
33.45	111
35.02	211
33.2	243
37.19	148
36.74	165
34.87	157
35.13	199
34.75	248
36.61	226
35.45	240
34.96	245
37.38	150
35.64	226
35.23	201
34.36	222
35.42	217
37.86	172
36.2	204
36.38	69
36.03	231
36.48	171
37.58	135
35.96	214
35.69	247
33.64	57
35.69	78
36.15	157
35.88	127
35.44	292
36.94	208
34.57	88
36.82	203
33.55	238
37.91	168
36.84	162
38.01	169
35.68	220
36.21	239
34.73	207
36.49	224
37.01	121
34.4	244
36.56	157
36.73	186
37.13	169
37.87	143
35.85	247
35.03	238
35.38	209
35.04	217
35.97	182
36.36	215
37.11	232
35.94	226
37.03	127
36.6	151
35.4	61
34.02	214
35.66	177
36.8	234
36.25	138
34.99	243
33.59	35
40.16	142
35.22	233
34.27	199
36.66	134
42.94	123
36.14	235
36.31	221
36.99	234
34.8	230
39.45	159
34.25	247
33.96	178
34.33	245
35.7	150
35.7	204
35.21	440
35.38	234
35.17	246
36.1	190
34.61	319
36.24	226
37.05	122
35.29	239
36.09	234
35.96	230
37.42	210
36.45	242
35.43	242
37.02	166
35.77	164
34.97	73
36.11	232
35.66	176
35.61	224
36.7	157
35.14	188
35.57	138
35.42	207
35.83	145
34.85	172
34.46	248
36.11	238
37.4	238
35.52	234
35.69	232
35.33	94
36.32	200
36.55	215
35.88	245
37.17	223
36.41	139
33.23	222
35.5	231
34.3	115
35.42	221
35.62	240
36.27	162
34.42	239
34.61	194
35.1	240
37.7	190
37.27	150
36.55	176
37.37	130
38.73	174
35.91	227
37.2	123
35.54	246
36.39	238
35.84	222
35.39	111
33.17	45
35.91	239
37.05	168
35.32	187
33.71	29
36.34	237
37.61	111
34.92	195
35.18	154
35.38	228
34.94	215
35.37	234
35.29	245
33.69	234
36.4	240
35.74	60
35.75	224
34.97	227
35.74	216
33.58	28
34.19	247
36.49	241
35.24	217
35.76	246
34.6	235
35.88	239
35.46	218
35	213
33.74	242
34.99	59
34.95	188
34.71	162
33.61	243
33.97	247
34.42	248
34.67	242
34.32	227
34.41	206
37.32	178
34.86	216
35.09	223
35.65	209
33.52	235
35.2	168
35.17	217
36.8	127
35.13	216
36.33	267
37.53	171
37.23	153
36.41	228
35.15	228
36.37	204
36.08	198
35.38	110
35.76	248
34.68	58
34.52	221
34.03	247
34.3	191
36.57	233
35.13	247
35.52	231
35.17	91
35.22	187
35.91	173
33.16	176
32.56	234
35.37	220
34.57	246
34.87	229
34.52	190
34.95	245
33.89	233
35.7	241
34.8	196
34.32	129
34.02	237
34.14	242
35.99	92
37.05	242
36.04	228
35.97	103
36.44	154
37.98	160
36.19	222
37.82	176
36.08	246
36.55	217
35.19	247
34.77	161
35.92	230
35.46	231
33.77	241
34.16	224
33.83	242
35.6	243
34.32	229
35.41	246
34.62	240
33.53	241
35.42	190
36.33	150
35.1	178
33.24	104
34.02	241
35.63	211
33.28	208
34.4	231
33.99	166
35.78	211
35.03	168
35.16	236
34.59	182
32.38	27
36.35	152
34.18	240
35.1	190
34.03	241
34.13	248
35.06	215
36.21	233
34.24	68
35.19	156
36.43	135
34.63	55
35.97	124
35.84	204
35.46	140
34.55	245
34.59	232
36.73	165
35.17	195
34.54	235
36.43	131
36.61	227
34.23	238
36.89	136
35.27	244
34.51	231
35.06	237
34.75	175
35.89	96
36.18	161
35.22	180
34.54	225
32.45	12
36.88	196
34.4	165
35.52	210
35.05	235
35.48	142
33.53	244
36.14	88
33.65	108
34.29	239
35.01	166
37.06	169
35.94	232
36.02	82
34.57	244
36.89	165
36.32	167
35.35	163
34.71	216
36.44	234
34.02	168
35.24	210
36	163
35	201
36.49	202
33.6	122
36.73	165
34.29	219
35.22	204
34.92	248
34.3	248
32.01	16
35.25	203
35.27	279
35.89	78
33.5	248
34.58	189
35.13	214
37	166
36.12	182
35.64	208
35.21	219
35.54	153
35.23	159
35.06	139
35.75	242
35.16	140
36.32	129
35.85	225
36.19	124
35.63	86
36.55	177
36	159
37.06	239
35.32	235
35.96	188
35.49	245
33.9	218
33.94	246
35.35	108
33.99	102
35.07	246
35.74	151
38.57	161
35.25	232
35.6	246
35.63	232
36.72	232
36.57	171
36.68	170
35.92	173
35.66	88
36.88	118
34.86	142
33.45	78
43.82	126
33.33	241
33.44	43
36.1	196
34.74	204
33.96	228
34.73	212
35.56	237
34.75	235
35.05	216
36.08	135
43.95	136
34.31	241
34.79	197
35.46	155
34.44	236
32.75	65
33.03	245
33.58	248
36.28	226
35.16	80
32.91	248
35.2	117
34	245
34	194
33.45	245
36.21	193
33.98	184
35.65	243
35.21	243
33.98	247
34.97	248
36.3	173
34.83	120
37.54	163
35.43	163
35.68	219
35.4	100
34.27	223
34.65	176
33.98	214
34.38	154
33.42	241
34.39	203
35.53	192
34.14	227
34.32	245
34.14	226
34.67	230
36.22	230
34.35	219
34.19	243
35.05	226
36.21	105
34.97	196
36.31	198
37.54	209
36.83	203
35.83	173
34.27	183
35.16	225
34.31	210
34.18	173
36.38	84
33.69	229
34.94	237
34.23	244
33.5	236
38.01	87
36.97	214
35.02	213
35.12	232
35.99	114
35.25	237
37.08	204
36.97	131
35.37	243
36.05	219
35.91	141
34.4	149
31.93	26
35.15	128
35.45	106
34.95	244
31.96	23
35.1	217
37.14	204
33.81	205
34.09	229
33.51	248
35.53	117
34.48	208
35.2	105
34.4	221
34.74	239
35.73	191
35.84	245
35.06	221
37.25	234
35.59	248
36.3	225
37.74	217
37.32	152
37.45	210
34.57	233
33.33	25
36.33	137
37.86	175
34.86	234
34.08	242
35.05	148
42.99	46
35.61	209
34.77	128
33.85	208
34.34	223
35.4	116
32.92	215
33.76	218
34.63	232
35.08	238
33.23	243
36.76	174
36.07	202
33.65	223
36.22	125
36.26	128
35.11	100
36.55	197
36.36	182
35.13	227
35.33	240
36.08	218
37.53	112
35.34	206
37.5	224
36.98	233
34.73	213
35.12	225
35.67	238
36.09	202
34.46	244
36.4	133
36.72	183
37.26	208
35.85	146
36.93	150
34.77	229
35.14	235
36.19	229
35.72	215
35.54	134
35.45	245
34.15	246
36.25	181
35.37	248
36.56	163
34.24	237
35.32	168
33.99	52
34.31	221
35.65	103
33.43	247
36.54	236
33.88	234
34.93	203
34.51	225
34.92	223
35.31	239
36.33	181
36.19	162
36.79	149
33.02	49
35.67	197
34.59	232
36.18	191
34.74	235
35.22	227
35.55	246
35.03	243
35.9	103
33.61	121
35.64	224
36.28	223
34.39	216
36.4	174
36.1	217
35.49	247
32.88	244
32.43	246
36.84	108
35.18	176
34.35	213
34.41	245
34.17	242
33.22	242
35.33	241
36.18	182
35.38	132
36.54	205
35.37	231
34.71	209
35.09	207
34.69	243
36.3	179
34.78	229
34.89	165
34.39	137
36.45	177
34.72	242
37.56	189
35.23	206
37.79	228
35.42	97
36.38	201
37.32	180
35.35	232
34.33	223
36.5	234
33.77	247
33.47	248
36.04	125
35.68	97
34.38	204
34.26	230
35.9	161
36.75	216
34.96	199
36.13	234
35.59	167
34.73	209
33.91	245
36.04	167
35.47	157
36.18	173
34.63	240
35.59	161
35.59	161
35.03	198
35.03	222
36.58	228
37.38	179
36.99	165
36.62	295
36.02	221
35.93	197
37	147
37.38	185
33.16	246
35.89	235
34.93	53
35.88	130
35.19	33
34.96	245
35.64	213
35.76	196
35.22	242
35.73	94
36.71	164
34.49	198
34.94	204
35.11	225
33.42	22
36.18	165
34.01	220
35.56	208
35.05	244
37.2	136
37.76	80
37.14	167
36.71	152
36.71	186
35.02	217
35	243
36.89	108
37.79	200
35.09	226
35.22	229
36.78	234
35.67	152
48.34	48
34.57	205
34.39	165
34.43	247
35.82	155
34.35	109
33.07	247
34.44	228
34.36	192
33.92	227
33.3	130
36.31	141
33.65	229
34.4	241
34.78	109
36.67	165
34.6	209
33.18	242
34.68	171
35.95	231
35.03	116
36.31	96
33.35	234
35.35	248
34.45	199
36.17	218
35.08	248
34.93	98
34.57	110
33.08	232
34.93	208
34.07	198
36.27	155
35.26	230
35.98	162
34.13	162
33.47	240
35.61	168
37.69	160
35.21	224
36.27	229
34.81	231
36.33	240
35	226
37.74	209
36.2	172
35.24	155
34.36	189
34.93	239
42.1	128
36.92	167
35.16	90
35.25	162
36.4	166
36.49	196
35.4	239
39.37	140
34.5	245
35.4	214
35.34	157
36.4	182
35.69	228
35.43	149
36.16	53
32.9	9
35.45	218
35.11	99
36.57	190
36.54	152
35.26	235
34.8	51
34.36	225
34	245
33.95	222
33.75	221
35.81	209
36.46	204
36.86	150
36.65	163
35.93	237
34.86	239
34.3	175
36.86	201
31.76	20
36.78	122
36.36	216
35.52	234
35.57	45
34.89	188
34.56	188
36.38	120
34.4	207
35.57	236
35.96	233
35	246
34.97	157
37.15	182
37.28	156
37.87	198
36.62	149
36.42	248
35.15	243
37.3	179
34.98	221
34.66	177
38.33	155
35.77	242
35.88	245
35.63	196
34.42	93
35.54	243
34.3	219
35.69	237
32.51	22
35.06	226
35.47	169
34.68	166
32.99	13
35.84	131
35.93	102
34.16	170
35.95	238
35.98	123
34.37	236
35.85	211
35.88	125
33.62	246
35.45	243
35.83	183
36.82	169
34.2	181
34.88	275
35.62	199
49.59	108
34.17	235
36.32	81
36.63	116
37.26	195
36.44	152
33.52	224
34.64	239
36.22	80
38.81	164
34.65	182
36.33	212
36.66	161
36.29	237
36.44	126
35.74	214
34.26	244
36.7	211
36.22	187
37.3	153
33.32	240
35.09	247
35.82	196
36.01	180
37.88	149
34.56	212
34.86	210
35.59	246
37.01	192
33.58	237
34.52	235
37.72	170
37	211
35.21	42
36.62	180
35.99	152
34.54	240
36.99	137
36.38	148
34.76	224
36.83	132
34.74	243
36.32	194
37.08	150
36.31	221
36.18	268
35.68	194
35.06	67
37.25	139
36.16	192
36.75	125
34.61	224
37.17	139
34.86	57
36.54	245
36.63	228
34.98	238
35.17	139
35.06	241
35.85	229
35.85	232
36.91	209
34.21	247
34.78	84
37.45	200
35.1	242
34.67	238
35.28	228
33.97	108
36.51	210
36.35	188
34.57	217
34.73	241
35.63	150
34.07	226
36.37	135
33.43	237
35.73	228
33.96	247
36.81	111
35.59	115
36.32	114
34.99	223
36.19	202
36.61	220
35.89	67
36.39	216
35.94	222
34.88	235
35.1	232
34.31	220
35.97	160
36.48	97
33.96	227
36.01	195
33.95	167
36.58	222
34.02	246
35.61	146
35.85	224
34.9	208
35.74	229
35.87	127
34.61	46
34.8	219
35.61	227
34.88	230
35.4	214
33.64	160
37.16	150
35.79	130
35.66	231
35.61	113
35.46	120
35.66	219
35.61	202
36.49	136
38.76	149
37.28	162
35.13	245
36.78	195
35.92	247
33.61	43
35.95	197
35.13	245
34.57	226
34.84	230
33.9	160
34.1	92
33.41	145
35.03	90
33.42	103
34.3	199
35.05	238
35.85	95
33.93	233
35	219
36.99	160
35	148
34.38	143
35.82	182
35.65	207
34.96	231
33.59	245
35.71	209
36.31	129
37.87	142
38.06	164
35.34	272
34.77	239
36.28	172
33.48	165
36.27	217
37.04	216
35.29	91
35.55	141
36.29	154
35.11	140
34.32	237
36.23	91
36.35	198
34.87	244
35.68	178
36.06	155
33.8	165
36.42	133
35.59	231
35.1	245
37.65	158
37.88	192
36.42	215
35.71	216
33.98	226
36.54	244
36.04	212
35.62	208
37.65	161
36.48	148
37.18	200
36.25	242
37.34	166
36.21	100
35.73	218
36.7	237
37.53	100
33.31	243
35.76	155
35.63	216
36.16	167
36.46	180
35.13	245
33.31	70
35.94	235
35.33	121
34.5	247
35.76	231
36.24	223
35.01	239
36.22	198
35.79	169
35.15	238
36.64	234
38.24	83
35.61	112
36.91	133
34.76	167
34.6	165
36.14	181
33.79	241
33.15	248
32.85	235
35.28	175
35.06	93
35.71	247
33.55	233
35.1	141
35.99	151
34.76	220
35.44	196
35.28	218
35.2	243
36.1	206
36.04	242
34.45	87
33.41	165
36.62	163
36.41	178
34.24	230
33.66	226
34.77	216
32.72	239
34.99	188
35.01	149
35.69	248
39.48	169
36.07	130
34.32	245
35.36	239
34.75	232
36.21	133
35.58	241
35.3	153
35.68	121
36.42	197
35.57	235
34.34	244
36.44	245
36.07	248
35.55	232
33.81	239
34.08	238
35.1	212
35.15	244
36.23	216
34.87	214
35.01	193
34.42	241
31.91	13
34.62	231
33.11	45
34.57	197
34.95	239
34.9	155
35.9	154
35.79	201
37.6	175
36.75	167
33.64	232
33.35	246
35.13	135
34.84	241
35.8	215
35.6	228
49.88	124
38.58	154
34.23	235
34.21	214
36.15	163
37.3	193
33.33	225
36.1	225
34.28	248
35.11	202
35.52	244
37.02	175
35.59	246
35.42	139
36.09	181
34.61	211
37.04	137
34.7	224
37.05	155
36.07	224
36.55	240
38.05	153
34.12	219
33.56	92
34.64	248
35.6	87
34.79	245
35.59	197
32.99	229
36.38	145
33.39	243
35.07	119
34.85	217
35.55	102
35.22	240
35.58	177
36.05	124
34.81	112
35.1	41
34.69	43
35.08	247
35.63	220
33.53	242
36.43	160
36.03	167
35.94	156
36.05	98
36.22	157
36.05	134
37.41	164
36.85	135
35.3	226
36.42	226
35.53	203
34.24	234
36.85	83
36.55	86
38	103
36.32	219
36.81	161
36.26	120
37.19	152
35.61	242
33.98	226
35.14	159
36.07	130
37	175
33.46	245
34.36	229
36.5	166
35.52	225
33.83	207
35.37	223
34.9	186
36.39	194
33.57	237
34.94	175
36.47	196
35.19	219
32.91	234
36.8	195
35.64	101
33.55	73
35.81	223
33.91	199
34.84	237
36.39	160
35.29	185
35.79	141
34.1	170
32.46	235
36.42	187
36.81	154
34.72	205
34.75	151
33.2	202
35.1	167
36.03	120
34.92	193
36	121
33.93	187
35.57	201
35.38	234
35.06	239
36.18	126
37.01	98
34.78	228
37.54	88
37.76	165
36.34	241
38.24	161
37.54	176
35.44	243
36.36	165
35.32	215
36.27	236
35.87	241
37.45	84
35.57	241
34.42	230
37.21	239
36.88	155
34.44	246
36.39	101
35.42	227
34.39	140
36.11	150
35.81	152
35.1	106
33.83	230
34.24	217
33.63	167
35.75	134
36.07	217
35.02	227
35.71	231
34.92	243
35.42	97
37.11	142
37.57	145
37.21	223
34.69	53
36.31	148
36.82	155
35.79	192
34.99	183
35.88	161
36.27	140
36.39	158
35.26	241
35.62	208
36.01	219
34.11	212
34.41	184
35.45	234
33.25	234
35.58	161
36.25	125
32.21	32
35.74	139
35.75	324
46.28	18
35.78	161
33.94	225
34.71	203
34.12	232
33.31	242
34.61	221
33.09	49
34.47	98
35.39	166
34.01	65
36.9	240
36.21	224
34.43	245
34.68	243
36.19	61
36.71	124
33.68	246
34.99	172
35.32	161
35.62	247
33.95	221
35.27	205
34.81	108
49.08	40
36.3	203
36.2	205
34.36	225
34.55	187
34.91	108
34.69	234
33.99	162
34.84	193
34.02	224
35.98	159
37.03	238
33.47	229
36.35	151
35.01	206
36.43	182
35.32	82
43.29	117
34.72	232
36.67	247
35.39	215
34.96	215
36.96	107
35.1	248
37.63	204
34.34	196
34.04	240
33.54	237
33.99	165
33.47	202
34.05	196
32.9	237
31.54	246
35.41	195
36.21	188
33.29	246
32.11	238
35.72	199
48.43	9
36.09	119
34.85	237
34.19	230
36.94	195
36.71	123
35.97	66
34.69	79
37.11	160
34.3	245
33.74	225
35.64	193
36.24	166
36.73	163
35.46	104
42.14	138
35.47	227
33.38	241
33.67	102
34.89	198
33.3	20
33.86	244
34.21	55
34.22	194
34.28	276
34.07	266
34.15	247
34.13	264
34.3	279
34.64	269
33.15	262
35.21	263
34.2	274
34.31	227
35.02	318
35.09	204
34.68	203
32.65	274
33.94	206
34.86	203
34.71	203
32.58	273
34.57	146
35.16	192
33.24	277
33.5	265
33.85	273
33.05	210
34.22	262
34.38	209
35.17	211
33.74	230
32.45	253
34.26	237
33.52	243
34.1	270
33.64	237
33.3	272
35.28	174
34.43	274
34.17	259
32.2	245
34.01	198
33.67	265
33.64	215
33.63	246
33.09	273
34.73	238
34.65	177
33.46	267
35.02	189
35.77	147
35.32	251
34.81	203
33.23	254
33.81	254
35.56	239
33.31	269
33.88	225
33.53	226
34.31	176
34.04	250
34.99	274
33.61	267
32.25	255
34.01	250
33.47	269
33.58	269
34.61	248
32.84	13
33.35	244
33.91	252
33.64	246
33.21	258
35.55	96
33.65	237
33.83	217
33.74	278
33.31	273
33.13	278
34.45	248
35.57	224
33.23	143
34.33	246
35.84	187
35.22	260
32.73	269
34.05	70
35.6	247
35.61	74
35.07	182
34.21	38
32.67	279
35.34	158
33.91	55
33.18	260
34.74	243
34.18	162
34.79	196
35.27	112
34.55	264
35.52	275
33.62	277
34.39	248
36.23	216
34.43	270
34.37	222
35.92	256
33.95	278
33.85	264
34.15	242
32.84	132
34.06	246
33.45	254
35.73	144
34.55	95
35.85	224
32.85	265
34.81	234
35.29	256
34.91	219
34.51	270
32.51	267
33.24	278
34.78	217
35.88	243
35.33	175
34.22	270
35.34	158
34.05	249
33.15	271
35.09	177
35.22	232
32.94	279
32.46	270
33.84	279
35.18	215
35.14	209
33.76	230
33.96	277
33.19	191
34.92	243
35.1	266
33.25	242
33.45	53
33.3	150
32.54	250
32.83	271
35.68	146
33.3	275
35.18	196
34.79	221
33.15	263
32.35	271
33.65	264
34.72	168
33.05	206
33.74	251
33.61	52
34.79	217
35.53	142
35.2	253
35	175
34.61	185
33.62	274
34.08	20
34.39	144
35.28	187
34.98	263
34.59	114
33.94	252
33.67	278
33.4	230
33.38	264
33.21	276
34	251
32.07	270
34.47	72
33.53	272
33.97	271
33.84	258
33.14	279
34.75	225
35.34	148
34.49	397
33.24	276
33.22	61
33.92	75
33.9	141
34.11	243
34.54	230
35.11	209
33.81	238
35.07	189
34.25	262
35.94	212
34.28	135
34.08	232
35.25	203
34.39	224
35.14	219
35.64	205
33.24	270
34.64	229
34.66	310
34.78	185
33.33	274
33.51	17
35.06	223
33.79	265
34.37	224
32.86	268
32.21	252
33.98	207
32.44	233
33.74	260
35.62	208
34.8	136
34.62	136
33.43	271
33.27	269
36.59	148
33.76	267
33.2	253
33.18	253
33.67	258
35.35	181
32.85	249
34.98	201
34.4	255
34.58	245
34.65	232
33.83	266
34.82	220
33.81	229
33.57	195
32.38	273
34.19	230
33.27	266
35.11	169
33.62	261
34.9	273
33.23	81
35.4	220
33.94	263
33.84	266
34.41	211
35.64	155
34.36	153
34.42	270
33.87	70
32.67	250
33.76	95
34.12	244
34.73	190
35.74	250
33.86	277
33.98	272
34.47	158
33.15	223
35.99	232
34.04	273
35.18	255
36.29	91
34.82	220
33.67	240
