sim	len_diff
35.03	237
35.16	244
36.69	177
35.27	264
31.73	22
34.82	53
35.57	205
34.39	180
34.4	242
35.44	260
35.85	204
33.52	231
34.76	188
34.49	165
34.61	234
35.14	219
34.36	251
34.57	257
33.29	230
35.68	118
33.59	195
34.32	174
34.74	232
33.06	251
33.43	198
34.53	267
32.92	267
34.68	125
34.42	152
33.92	240
35.17	181
35.17	181
33.92	221
32.48	264
32.48	264
34.14	260
32.87	186
32.83	242
33.24	257
33.89	180
34.69	187
34.54	187
32.88	251
32.88	251
34.7	123
32.42	255
34.37	296
34.35	244
33.8	230
34.1	252
34.09	223
34.73	213
33.15	238
34.25	225
34.08	174
33.94	209
34.17	243
34.18	253
32.97	261
34.43	210
34.3	236
34.56	217
33.68	210
33.99	247
32.88	251
33.93	258
33.77	210
34.39	260
33.89	247
33.87	241
33.41	252
34.29	188
34.35	237
32.24	239
32.93	262
33.61	242
34.06	255
34.06	255
34.06	255
35.71	221
33.43	160
34.78	206
35.99	189
34.06	213
33.53	226
33.9	142
32.54	398
33.1	210
33.52	253
35.45	210
33.8	226
35.11	322
34.77	85
31.99	2
35.62	258
33.93	263
34.54	235
34.09	248
33.7	249
34.78	232
35.04	267
34.64	246
34.58	260
34.98	242
36.03	213
35.45	150
35.03	209
35.22	236
34.55	262
35.2	216
34.6	158
34.06	233
33.27	244
32.99	267
33.9	266
33.14	262
34.64	215
34.24	243
33.05	256
34.24	250
34.24	211
35.37	236
32.97	257
34.22	262
34.32	254
35.22	236
35.62	119
33.28	238
34.67	190
34.49	232
32.73	259
34.05	238
35.41	135
33.74	254
34.42	220
35.08	253
34.51	179
32.5	258
32.5	258
33.45	206
33.66	243
33.43	201
33.62	214
34.89	177
32.46	261
34.72	179
32.74	265
33.45	98
35.25	184
33.48	80
33.48	80
35.93	137
34.27	215
35.17	157
31.13	265
35.24	126
35.11	157
33.06	256
34.91	105
33.92	254
34.76	177
33.13	243
33.72	199
35.12	210
33.24	230
33.51	216
34.24	248
34.36	197
33.44	178
33.15	256
35.54	119
34.17	244
34.59	256
34.59	256
33.55	249
32.84	264
34.31	242
32.99	178
33.97	236
33.72	220
33.21	246
35.28	133
32.48	221
34.13	233
32.76	254
33.04	237
32.41	241
33.5	244
34.5	229
33.58	250
32.56	243
33.4	241
33.14	264
35.1	183
33.59	235
34.83	141
33.67	224
35.3	208
33.74	246
34.91	148
33.74	249
35.66	224
33.36	254
34.67	183
33.67	255
34.75	216
37.12	101
34.04	264
36.04	204
33.99	263
35.95	140
34.23	202
31.9	255
34.36	254
33.91	138
33.9	449
35.32	95
35.13	239
33.97	251
33.94	230
34.68	251
33.69	178
35.4	157
34.59	195
32.9	249
32.78	267
34.16	244
36.36	261
33.88	255
32.67	252
32.8	242
34.04	248
33.54	165
33.8	151
34.75	238
34.88	192
33.79	237
33.11	248
33.72	195
33.3	246
33.06	249
33.57	125
32.96	259
33.17	245
34.09	244
34.12	261
34.71	194
34.59	181
33.38	267
33.97	213
33.98	230
34.82	197
32.34	228
32.82	247
33.32	212
34.5	238
34.03	255
32.37	255
33.76	215
34.48	219
34	214
32.98	58
33.91	176
35.99	165
33.82	252
33.4	213
33.56	264
34.71	460
33.6	112
33.88	223
35.02	214
35.18	210
34.26	204
35.14	247
35.36	245
34.36	261
34.17	267
34.45	197
35.08	241
35.09	210
34.74	165
33.51	259
35.75	204
34.57	257
35.94	176
34.16	243
34.85	188
34.57	260
33.05	257
34.34	251
35.35	106
34.25	188
34.19	222
33.96	226
35.35	200
34.07	396
33.82	257
34.23	227
33.97	147
35.25	219
33.59	267
34.33	236
34.19	261
35.31	237
33.91	266
36.04	176
32.29	258
34.74	175
33.96	266
35.62	198
33.95	256
36.84	189
31.97	238
35.23	226
36	218
34.09	253
35.45	202
35.93	190
33.88	251
36.51	178
34.51	190
34.55	155
35.49	199
33.5	254
33.64	267
34.36	260
35.96	186
36.29	231
36.26	207
34.46	234
35.93	244
35.38	438
33.91	266
37.6	206
35.12	245
34.87	253
35.95	242
36.16	199
33.88	194
34.26	248
33.91	237
37.55	157
35.9	219
33.14	265
35.33	224
36.47	135
34.91	225
33.8	256
32.7	266
34.36	221
34.64	179
34.01	196
33.57	158
32.89	226
34.2	221
33.43	228
34.46	216
34.71	181
33.75	218
34.66	131
55.74	17
35.8	236
37.04	190
35.45	136
34.36	206
37.06	169
35.62	236
35.63	61
35.88	242
36.27	124
33.5	154
33.55	71
33.65	176
34.31	203
34.09	184
33.42	140
34.01	43
34.71	173
33.91	235
33.59	236
33.68	224
34.75	117
33.08	83
33.39	89
32.99	225
33.04	235
52.28	29
34.46	208
35.15	200
33.08	206
35.85	154
37.09	146
35.98	201
37.29	182
35.42	220
35.59	122
36.1	221
37.28	110
35.94	230
69.04	25
35.79	223
35.86	214
37.11	229
37.66	117
36.97	231
40.83	184
36.76	195
37.16	149
36.06	218
36.06	122
33.19	212
32.42	221
33.42	191
34.49	186
33.81	89
33.19	231
34.35	226
34.16	219
34.81	164
35.87	199
34.22	119
34	112
33.62	136
35.1	224
33.87	79
35.17	146
34.09	207
33.92	195
34.51	214
33.62	136
36.62	225
52.77	16
35.73	186
36.01	218
36.24	234
36.19	211
35.46	223
36.81	144
34.85	226
36.96	230
37.35	156
36.85	204
35.66	216
36.33	156
36.08	231
55.56	12
36.9	233
36.47	213
35.35	233
36.21	205
34.32	208
35.57	201
36.26	235
35.53	185
35.4	196
41.61	178
35.44	219
34.55	224
36.59	179
34.93	222
37.28	182
34.5	199
37.29	198
34.52	237
35.43	234
34.5	199
57.04	24
34.5	199
34.5	199
36.6	193
33.42	210
34.45	151
34.6	78
34.97	229
33.69	222
52.35	27
33.35	204
33.25	179
34.81	141
34.13	76
34.37	199
34.45	199
35.08	186
35.53	201
32.93	232
33.91	218
34.3	162
33.46	201
35.27	199
33.73	199
34.33	204
52.12	23
35.27	160
36.24	163
35.76	201
35.71	197
35.14	214
36.92	156
35.7	213
34.64	126
33.37	237
33.88	210
33.18	225
33.02	145
34.51	158
34.04	140
32.12	236
33.14	85
33.82	190
34.88	210
35.6	224
37.96	136
36.01	234
35.46	214
35.63	206
35.6	236
37.2	178
36.17	197
50.53	28
36.04	102
33.71	222
35.92	266
34.76	102
34.89	197
35.34	200
34.14	199
35.47	164
34.41	218
34.31	236
34.02	233
33.77	183
33.63	201
33.34	233
32.99	226
32.39	134
44.51	26
33.25	220
33.91	74
34.1	206
32.2	104
36.17	224
37.06	376
51.68	29
36.51	147
38.75	114
36.08	237
36.85	196
36.17	226
37.31	232
36.69	185
35.3	170
35.9	212
35.96	174
35.45	225
34.34	133
34.86	97
55.45	25
35.36	225
35.42	216
35.77	229
34.48	212
34.84	209
34.94	217
33.54	203
36.32	123
34.27	107
33.38	235
36.02	162
33.82	194
34.59	236
35.34	235
36.39	221
35.62	229
35.72	226
34.66	206
36.75	220
51.47	30
35.58	213
36.26	228
36.1	220
34.44	177
33.49	168
33.99	185
33.72	71
34.32	167
33.73	225
33.2	237
33.54	331
53.78	22
34.01	68
37.54	148
51.45	6
38	148
35.71	184
36	219
36.86	231
35.88	227
36.67	163
36.02	234
36.75	194
34.3	210
56.42	26
35.08	64
35.87	105
34.38	212
35.35	208
35.45	205
34.8	224
35.48	224
35.57	68
47.88	18
34	210
35.12	223
35.32	222
36.63	221
36.03	210
35.17	235
37.26	132
35.17	214
35.04	218
35.5	167
33.83	235
34.64	199
35.1	204
34.71	209
35.02	200
34.08	233
32.97	65
34.35	206
35.26	205
34.91	217
34.13	220
35.63	222
49.69	4
34.34	150
34.55	228
33.76	232
34.46	177
33.64	225
34.58	159
36.07	229
35.5	233
37.21	176
38.09	183
35.85	174
36.21	156
35.77	216
52.45	33
34.74	222
37.97	193
35.88	217
36.97	200
36.73	139
34.42	224
36.81	232
38.29	153
35.7	202
34.9	229
54	29
38.06	89
37.6	151
35.98	236
36.4	232
35.14	224
35.58	222
37.41	213
38.18	185
54.46	29
36.42	88
35.39	213
34.66	198
33.31	79
34.08	221
34.67	223
34.52	212
33.69	98
34.24	183
34.6	220
34.85	205
34.52	86
56.06	26
33.01	235
36.16	66
33.54	235
34.53	203
34.41	199
34.33	185
34.88	122
34.8	226
33.82	196
31.86	231
33.46	219
33.07	233
34.25	217
31.9	228
34.15	211
32.39	83
34.24	210
34.06	141
32.05	231
36.1	133
35.04	207
36.35	110
36.02	215
34.8	221
35.9	226
36.44	154
35.35	104
36.85	286
53.85	26
36.45	72
58.27	34
37.48	164
35.54	209
38.17	226
36.85	191
35.67	206
36.9	232
34.83	230
35.11	224
33.59	213
33.96	102
33.48	236
33.62	52
34.73	180
33.34	178
33.79	182
34.01	201
33.45	202
33.26	124
33.5	70
35.49	186
34.58	224
33.29	128
33.42	216
34.89	205
32.32	87
34.33	195
33.32	112
34.4	143
32.98	220
33.1	208
33.85	115
47.85	26
35.02	325
34.27	186
34.48	183
34.53	231
33.52	213
35.58	142
36.03	208
33.79	17
37.04	188
37.48	138
35.7	214
36.7	231
36.8	236
36.93	209
35.46	232
54.73	18
33.02	221
35.36	94
34.5	214
33.7	188
33.97	225
33.56	206
33.73	212
34.92	224
51.69	30
33.35	194
63.61	31
35.1	112
35.19	208
33.16	218
34.39	236
35.01	127
34.54	71
35.14	113
35.55	208
35.16	205
36.66	202
36.01	152
35.51	201
34.6	220
34.86	143
35.15	110
35.2	187
36.14	170
34.58	230
34.76	234
35.51	222
35.64	231
53.11	45
34.09	232
36.77	121
35.82	169
35.51	125
35.79	107
35.41	231
35.8	199
34.67	205
34.8	188
31.39	34
34.22	161
32.65	83
34.29	100
33.8	200
34.47	152
34.24	218
32.68	223
33.8	178
34.13	225
53.28	20
34.67	108
34.89	218
35.12	223
36.06	168
33.98	222
35.49	168
35.92	194
36.8	222
35.96	227
37.95	203
36.86	199
36.86	207
37.76	220
36.89	51
37.91	182
36.86	98
37.36	120
35.05	64
34.7	232
36.06	193
34.18	222
35.85	66
34.63	230
36.01	228
37.23	166
57.13	31
34.56	231
33.53	220
32.92	97
47.59	29
34.62	231
34.19	209
34.74	195
34.69	208
34.03	217
34.56	224
34.43	208
34.94	127
36.24	212
36.86	186
36.04	222
35.91	222
35.79	195
35.88	131
35.84	178
34.97	225
54.25	23
35.43	220
35.89	147
35.92	189
35.39	60
51.53	21
36.37	226
35.4	150
35.59	237
37.19	242
36.65	221
36.42	196
36.12	196
35.77	212
36.79	222
35.9	234
36.28	227
36.19	226
36.75	137
34.91	204
63.35	22
35.39	377
37.5	147
35.14	233
37.32	196
36.48	194
36.72	193
35.98	288
35.66	237
36.39	150
35.11	230
35.08	81
36.19	132
34.93	207
33.64	223
34.71	236
54.01	34
35.06	207
35.3	240
34.15	209
34.51	204
35.45	237
56.38	29
36.22	213
35.17	193
35.91	221
35.37	236
35.82	229
36.97	195
36.18	185
36.63	216
57.88	25
36.52	215
36.21	230
37.08	213
35.32	159
37.01	117
36.37	201
36.34	230
36.35	65
36.91	230
36.49	175
36.07	96
35.31	209
35.95	173
56.56	27
35.06	180
34.8	170
35.54	182
36.34	208
35.12	189
33.16	218
33.51	221
33.43	223
53.55	24
35.67	143
33.71	223
35.45	224
33.39	228
35.09	289
33.72	224
33.7	181
34.43	174
34.68	237
52.14	24
35.24	69
33.38	214
32.22	29
34.28	191
34.83	177
33.13	48
34.56	194
35.15	198
33.96	142
47.76	32
34.34	128
33.67	148
34.04	195
35.44	151
34.33	220
34.4	172
35.93	230
36.13	169
36.2	205
37.3	166
53.34	33
36.43	237
34.61	231
34.91	237
35.91	215
35.68	205
35.64	129
34.38	227
35.35	189
35.57	155
34.34	211
35.22	193
35.7	218
35.48	155
49.28	27
35.1	240
34.38	207
34.65	200
35.79	193
35.1	75
35.23	221
33.92	170
33.43	202
34.05	175
34.63	140
34.28	205
34.11	225
33.61	213
33.19	85
34.21	228
35.49	145
35.78	195
34.51	155
34.43	186
35.04	200
34.51	226
35.04	219
35.77	164
35.94	110
34.78	229
36.06	84
34.79	231
35.55	206
36.11	168
35.86	169
36.22	141
33.56	236
33.59	224
35.58	190
34.27	211
35.08	164
34.03	233
35.28	183
35.97	199
33.68	196
35.15	205
35.92	190
34.74	152
34.5	231
35.22	228
34.37	215
42.48	226
37.31	152
34.19	234
33.99	234
35.96	143
35.33	203
34.38	181
35.5	170
34.35	227
34.5	214
34.63	224
50.31	22
35.18	216
34.72	230
36.25	152
34.57	220
34.4	224
33.48	72
35.17	178
34.4	231
34.23	208
33.55	225
34.21	85
34.27	237
35.15	190
32.45	233
33.07	225
52.19	26
33.96	206
34.05	194
34.41	184
34.17	148
34.8	147
33.07	221
34.47	115
33.07	235
50.65	30
33.61	190
34.74	89
34.6	133
33.16	234
31.39	19
34.96	169
34.22	225
34.14	223
35.44	159
35.39	231
36.51	228
35.5	207
35.82	168
50.85	28
34.59	208
35.36	220
36.07	170
34.74	214
34.13	230
34.22	222
35.02	155
34.21	237
34.56	96
32.77	237
33.92	231
34.69	171
33.05	207
34.19	231
36.8	201
35.78	222
36.38	189
36.16	188
35.77	222
35.14	226
34.93	220
36.72	169
52.76	24
34.63	402
50.36	22
36.75	186
36.56	144
34.71	224
35.04	167
36.82	108
33.26	226
35.91	223
35.27	212
34.34	234
33	237
33.68	116
34.04	221
34.35	215
34.02	176
34.05	196
33.55	169
35.05	222
34.16	129
32.34	72
36.2	114
34.77	220
56.43	30
35.26	203
35.28	185
35.38	130
35.11	82
36.03	167
35.27	79
34.99	204
53.61	12
36.96	82
35.2	230
34.73	206
37.25	146
35.35	235
35.8	223
36.53	75
35.18	232
34.33	237
31.95	217
34.95	86
34.22	217
35.59	198
33.32	216
34.22	224
32.02	206
34.17	237
33.94	178
52.61	33
32.86	235
34.74	155
35.6	148
35.71	269
35.32	163
35.73	163
34.48	232
33.77	182
50.57	10
34.84	113
36.25	157
35.72	85
36.07	130
36.43	191
35.26	221
36.42	200
36.34	118
35.91	194
35.76	214
35.21	228
35.33	196
35.43	229
35.34	235
37	158
34.6	211
36.91	174
35.43	222
51.72	33
35.7	155
35.98	123
34.83	222
33.99	237
34.79	237
35.62	181
33.99	97
35.04	184
35.7	191
55.29	26
32.76	13
36.01	266
34.22	181
36.87	77
34.67	216
34.84	231
35.82	184
54.38	22
34.46	203
34.49	164
35.52	181
35.08	227
35.06	234
34.35	235
54.74	27
33.73	205
35.04	178
35.67	180
35.92	205
33.94	218
33.07	202
35.16	214
49.45	4
34.83	236
34.43	150
34.23	228
36.12	145
34.46	177
34.82	160
33.78	225
33.89	221
35	194
37.84	166
52.59	20
37.23	161
35.44	232
35.28	223
36.62	206
36.08	137
35.66	217
35.07	208
37.76	143
37.37	148
35.11	213
35.7	219
35.87	215
53.79	19
35.11	233
36.08	143
34.45	229
35.53	237
35.62	221
36.02	210
37.56	77
34.51	215
35.64	203
34.96	401
35.56	195
34.92	51
54.94	30
35.89	209
35.45	172
33.69	68
35.23	235
34.42	208
35.09	224
35.73	135
34.54	158
34.7	147
36.12	178
34.87	229
55.67	26
41.4	77
34.48	229
35.85	150
34.22	210
35.28	189
33.81	158
35.11	181
34.71	177
33.39	205
35.57	122
34.73	213
33.62	236
34.8	217
35.42	157
35.62	221
35.12	160
35.57	164
35.45	224
35.38	185
64.98	19
54.28	29
35.95	237
37.82	212
37.31	182
36.43	155
37.97	167
36.97	171
37.83	202
36.54	204
36.46	156
34.73	212
35.08	196
34.4	228
34.82	119
34.86	205
34.6	137
34.93	140
34.81	266
35.36	116
33.62	223
35.2	146
32.87	208
33.96	228
34.08	88
33.66	219
34.31	114
35.25	291
55.59	27
34.32	186
35.67	181
35.66	199
34.92	201
35.22	235
34.9	207
35.47	181
34.82	163
35.37	205
34.7	230
54.62	31
36.96	115
33.16	222
34.83	143
54.2	23
33.99	199
35.98	207
34.67	235
35.23	74
34.11	222
34.33	149
35.42	72
34.64	159
34.79	114
34.79	198
32.69	229
32.65	227
51.91	29
34.74	220
33.07	221
34.09	135
33.56	217
34.03	314
42.87	188
33.56	97
34.48	217
32.9	178
34.01	164
33.11	220
31.83	224
34.16	104
34.67	216
37	220
35.49	235
35.43	193
36.05	198
53.04	36
36.09	217
36.17	157
35.21	226
36.44	223
36.7	214
52.9	23
35.21	80
35.24	233
34.32	218
34.37	234
34.05	217
36.51	260
36.33	237
34.74	169
35.6	212
35.76	225
36.13	139
51.84	25
36.28	186
35.86	203
35.71	159
34.92	219
36.42	142
35.79	131
36.11	235
35.9	198
36.89	207
35.49	236
36.14	187
35.45	220
36.35	228
35.54	174
36.61	176
34.59	232
51.25	21
35.59	140
34.3	180
33.93	230
33.87	229
35.71	199
53.37	34
33.36	236
34.38	131
34.38	133
35.64	191
34.42	144
34.24	222
35.16	140
33.09	223
33.2	91
32.92	164
35.7	149
35.98	148
33.97	226
34.46	132
36.95	133
36.08	82
35.79	202
34.74	169
34.01	213
49.15	145
35.29	199
36.44	151
35.08	167
34.49	233
33.73	226
34.44	115
33.47	157
33.17	206
33.9	133
35.74	189
34.26	203
34.34	225
34.19	170
54.76	26
32.96	228
34.21	206
50.87	36
33.48	236
35.89	147
33.57	193
33.21	237
34.73	132
35.49	88
33.54	202
33.29	234
34.65	141
30.64	98
34.42	201
33.93	206
33.25	144
34.15	174
33.45	173
33.69	153
34.15	220
34.63	227
34.73	233
36.48	184
34.71	223
35.2	225
35.59	223
35.16	230
36.53	82
35.74	185
36.59	149
35.61	230
35.76	236
37.72	223
37.79	216
38.16	205
35.39	33
60.71	29
36.5	221
39.44	143
36.23	166
37.22	89
35.82	189
35.32	198
34.58	236
36.31	100
35.5	217
36.4	217
35.14	182
35.25	217
36.04	81
35.36	122
34.39	222
34.31	229
36.24	86
35	58
55.35	25
34.8	232
35.64	152
33.9	179
35	206
32.87	100
35.02	205
33.83	216
55.05	25
33.6	214
34.07	85
34.16	237
34.58	140
34.24	188
34.62	200
33.57	77
35.09	207
35	186
33.76	113
35.19	192
34.42	215
33.34	191
33.78	99
34.4	106
33.9	225
35.91	224
37.13	142
36.76	209
36.94	201
34.72	188
35.84	141
35.42	199
36.64	211
35.47	235
50.04	17
32.45	174
33.94	69
39.63	226
33.67	139
33.67	139
34.43	143
32.77	233
34.4	198
33.38	199
35.06	130
51.59	6
35.92	200
36.74	199
36.21	160
36.11	212
35.26	221
37.34	206
35.3	210
36.06	211
35.4	231
33.81	97
30.78	20
34.24	216
49.82	30
33.62	174
35.19	217
32.42	233
34.25	145
34.35	109
33.89	224
37.67	228
35.92	235
36.25	226
36.55	209
35.38	230
36.84	148
35.96	231
36.99	172
36.28	213
35.5	223
35.67	189
35.32	219
35.08	222
35.05	210
35.71	237
35.18	182
36.09	173
34.5	422
34.5	232
55.7	26
34.65	234
34.3	233
33.86	185
34.39	161
34.49	168
51.3	28
33.98	221
35.13	235
34.79	222
33.71	199
34.18	164
33.15	235
33.6	213
34.69	116
34.21	195
35.05	107
33.92	231
35.15	114
34.65	236
34.94	145
34.68	193
34.39	120
34.89	206
54.04	27
33.92	208
35.75	168
33.82	39
34.1	211
35.08	175
34.4	112
36.82	229
37.4	178
37.93	143
38.72	111
36.54	210
54.05	29
35.85	174
36.46	209
36.22	427
37.23	181
53.59	30
36.97	219
36.09	181
37.14	155
34.29	233
36.46	92
35.94	231
36	156
37.89	193
37.37	201
36.4	188
53.96	28
37.71	174
37.61	147
35.72	235
36.5	209
37.18	175
36.04	101
34.45	234
36.71	162
36.68	207
36.55	142
35.87	208
36.03	190
53.4	23
35.9	234
35.72	231
36.65	105
35.39	223
36.92	119
52.45	25
36.08	191
36.91	136
34.89	217
44.18	25
36.82	216
36.46	159
37.92	140
34.75	217
35.28	228
53.3	26
36.71	136
34.3	43
36.47	195
36.11	220
37.48	157
36.01	227
36.62	186
35.42	202
35.42	194
36.5	202
37.48	184
36.74	337
36.57	170
36.94	159
36.88	197
36.3	203
35.11	162
35.2	224
54.52	24
34.22	11
34.92	214
34.63	234
35.89	198
36.6	219
36.94	99
52.88	23
35.64	220
35.47	231
34.33	228
35.88	212
35.99	147
34.65	63
50.56	21
36.99	161
36.37	168
35.77	221
36.96	244
36.04	200
36.55	136
34.29	173
34.54	166
34.15	224
33.48	60
34.39	228
33.99	229
35.6	186
35.12	166
55.72	24
35.65	189
35.63	190
49.31	16
33.89	194
34.65	137
35.37	206
34.36	102
34.78	210
34.11	236
33.46	232
32.77	48
33.85	236
35.04	235
35.22	178
34	232
36.15	180
35.01	205
35.33	148
33.7	228
34.21	197
34.73	193
34.62	213
50.48	16
33.9	230
35.18	207
35.04	213
33.88	226
34.12	181
34.94	186
35.25	210
34.52	235
37.41	148
35.87	214
37.3	124
36.06	212
35.99	205
36.28	139
36.87	102
35.77	229
48.09	1
35.92	228
34.75	223
36	154
36.31	226
36.88	218
36.06	223
37.34	196
35.18	377
36	206
35.33	236
52.67	17
36.26	220
38.59	176
37.2	87
55.59	28
36.67	221
37.05	228
35.18	221
37.02	159
37.94	151
34.68	235
34.82	216
35.85	184
34.22	197
35.73	155
35.06	174
33.5	210
35.32	198
49	26
49.05	26
49.56	27
35.73	130
37.59	199
36.4	233
36.99	141
35.92	220
36.06	215
37.01	142
38.16	118
36.67	208
37.01	150
35.03	212
36.61	235
34.61	52
35.44	221
35.28	235
35.72	186
35.76	155
35.88	166
34.37	232
40.25	195
35.71	234
35.52	232
36.45	224
36.11	224
36.02	139
37.11	187
35.88	121
36.2	207
36.32	202
52.97	32
35.72	80
56.84	17
34.24	173
34.67	207
33.99	235
34.41	237
34.68	62
35.11	150
33.55	34
35.39	183
52.45	24
35.68	212
36.4	218
38.87	115
35.92	227
35.79	211
36.77	339
37.35	179
35.36	223
36.99	236
50.51	18
37.3	151
35.69	236
36.17	234
37.18	116
35.33	223
35.8	226
36.3	228
35.52	230
36.37	205
36.95	180
35.57	237
36.96	128
55.15	29
36.91	116
36.02	76
35.26	70
35.54	94
35.12	234
36.91	211
36.02	202
35.17	231
36.45	218
36.05	160
35.92	237
35.88	218
36.78	164
51.62	9
35.38	225
36.35	136
34.51	192
34.67	195
34.9	152
33.77	232
35.13	266
34.01	189
34.16	226
35.31	154
34.18	197
44.1	33
51.6	24
35.7	235
34.52	76
36.57	178
38.22	173
36.67	121
36.83	174
36.54	220
35.44	233
36.82	206
34.05	224
35.6	225
35.12	162
35.59	164
35.2	202
34.13	224
34.15	73
36.41	67
35.7	173
54.29	28
34.46	157
33.75	234
51.52	43
35.07	107
32.8	227
32.98	209
33.96	226
36.06	96
35.37	148
34.2	143
36.2	204
55.21	50
35.69	82
35.65	155
37.18	181
36.18	188
35.56	187
35.05	210
36.38	211
37.22	180
35.65	201
35.9	213
35.88	225
36.8	125
35.96	223
37.11	122
52.61	32
33.6	41
34.77	199
35.95	233
33.65	196
34.72	179
36.16	99
34.62	168
35.08	214
52.94	29
35.27	236
36.38	201
35.25	217
34.24	188
34.96	161
35.24	193
34.38	200
34.72	82
35.61	199
34.52	184
34.49	237
34.06	198
33.83	230
33.73	93
36.94	203
35.11	219
37.69	129
37.15	154
36.05	217
35.66	234
35.58	226
51.51	6
37.33	200
36.03	169
34.85	228
55.25	25
35.17	189
33.89	96
34.83	219
31.73	229
34.6	205
33.74	94
34.13	207
35.15	168
34.61	201
34.67	150
34.95	168
35.17	166
34.1	195
34.74	200
37.5	92
35.78	195
35.99	182
34.75	151
32.97	152
34.22	211
34.91	207
34.48	233
36.42	138
34.32	200
34.39	224
56.86	15
34.42	200
34.42	215
34.52	193
35.1	136
34.33	235
30.96	368
35.19	167
35.44	167
34.71	80
35.38	221
37.09	167
34.4	77
36.39	150
35.84	120
36.4	220
35.36	219
35.14	224
34	17
32.98	8
41.75	211
35.65	231
35.68	229
34.37	204
33.76	233
34.44	235
32.97	232
34.57	216
34.66	227
34.54	232
35.04	212
32.98	59
35.52	181
33.86	228
34.33	144
33.7	197
32.61	213
35.17	157
35.32	191
34.34	131
34.71	189
33.58	121
34.61	130
33.99	234
34.85	208
34.91	204
34.32	223
49.69	1
35.74	207
34.08	119
35.65	121
34.93	201
34.05	177
52.68	19
35.03	157
34.91	232
35.31	232
35.1	228
33.66	70
35.72	222
43.95	213
50.39	21
35.1	79
35.71	226
35.71	181
33.36	44
54.95	26
34.47	230
35.24	229
37.66	170
36.09	154
35.37	229
36.14	236
36.6	196
55.1	5
36.45	202
37.41	193
37.46	170
37.38	211
36.85	188
35.77	206
36.89	294
34.85	235
34.46	133
34.25	212
34.61	216
34.14	194
34.3	193
34.52	215
34.91	169
35.54	105
33.58	231
34.88	206
34.89	133
37.23	125
35.12	231
35.38	136
68.08	25
34.17	195
36.27	208
34.66	206
35.62	229
34.02	194
35.02	65
33.23	236
32.71	212
35.23	205
34.51	108
34.38	206
32.77	232
35.83	213
34.19	224
35.21	193
34.57	228
37	122
35.92	232
36.49	206
35.62	211
36.95	351
37.62	220
38.44	157
36.6	83
53.68	10
33.91	225
35.22	128
34.29	236
35.12	237
33.96	231
34.98	82
34.39	191
33.22	218
34.71	200
34.29	233
35.61	199
34.89	188
36.13	200
35.78	189
35.67	236
34.99	215
34.08	215
35.85	387
35.39	198
36.01	207
33.42	97
47.87	29
34.58	232
32.57	215
34.31	255
32.6	209
35.08	142
34.1	183
35	153
33.75	217
34.45	72
33.92	221
34.79	231
36.09	71
34.79	231
34.45	206
52.23	23
34.33	228
33.53	49
34.39	218
37.18	96
35.45	236
34.95	218
35.78	233
35.22	222
36.41	197
35.57	265
52.98	10
37.91	169
35.81	132
33.39	237
35.15	202
34.64	196
35.14	156
35.5	73
34.7	229
35.2	101
56.33	24
35.87	77
35.49	190
34.59	154
34.79	208
34.37	125
34.37	197
34.26	233
35.18	136
35.43	190
35.45	167
34.51	152
53.73	16
35.94	210
54.73	22
33.93	229
34.31	218
35	227
34.91	226
35.29	206
36.36	160
36.06	229
36.36	85
52.45	29
35.11	233
35.54	191
34.62	230
35.74	222
37.09	201
37.6	180
36.23	188
35.12	236
36.53	222
35.96	207
35.54	115
54.22	24
34.01	216
34.78	147
35.96	58
34.67	209
34.57	200
35.31	216
35.05	191
33.11	232
34.18	168
35.52	123
33.78	232
35.31	228
51.57	26
34.98	151
34.14	204
34.45	220
33.48	99
33.99	236
35.29	138
32.62	36
33.76	206
34.58	293
33.84	62
51.82	33
34.66	232
34.86	106
34.08	184
34.47	226
35.27	216
33.53	216
35.49	142
34.78	223
33.73	237
34.65	212
34.2	111
41.96	222
33.66	223
34.72	175
38.74	78
34.8	213
36.95	158
34.84	179
56.71	23
34.41	50
35.91	134
36.03	236
34.79	191
34.17	234
34.6	228
36.72	192
34.68	228
34.71	209
35.59	205
34.59	225
34.01	228
35.62	168
52.82	29
36.34	170
38.13	106
37	109
35.18	210
36.45	150
37.55	125
36.32	210
36.43	142
37.2	225
36.93	156
36.17	100
35.23	177
35.94	132
35.76	219
36.4	251
36.37	172
32.67	3
35.05	109
55.97	24
35.52	173
35.42	134
35.59	209
34.67	214
58.73	34
35.12	220
35.72	180
34.86	210
35.6	229
35.49	155
35.76	211
32.17	232
34.22	152
35.78	175
34.21	132
34.16	208
34.27	102
33.93	215
33.47	107
35.24	221
51.55	26
36.58	190
36.86	219
35.61	222
35.07	230
53.77	29
35.44	190
36.2	195
36.82	148
37.09	195
37.49	201
34.2	113
32.71	235
33.64	193
50.17	38
33.23	209
33.65	215
33.16	221
33.4	226
34.72	192
33.92	105
50.13	28
33.12	204
33.72	217
32.19	174
32.19	209
33.46	213
33.82	136
32.75	204
34.05	118
34.01	177
35.54	234
37.21	225
37.47	142
38.37	160
37.56	227
36.22	213
54.55	29
36.53	237
35.11	209
37.49	216
36.01	156
50.84	33
35.73	230
36.16	168
34.22	225
36.41	214
36.26	168
35.54	236
35.37	49
36.43	168
35.72	203
36.98	156
35.87	199
33.11	225
36.3	152
36.14	219
36.8	173
34.67	236
36.74	189
36.14	163
34.27	225
33.23	224
34.64	98
33.84	200
34.93	196
33.51	233
34.5	218
35.37	201
34.02	139
34.47	198
33.54	175
33.45	220
33.6	210
33.45	220
33.45	220
33.6	210
58.49	32
35.11	141
33.8	143
33.94	190
34.76	153
34.18	213
49.67	28
33.64	97
33.57	196
35.28	143
34.45	216
35.22	221
35.62	216
33.23	221
35.74	219
33.81	232
36.35	96
36.31	207
35.48	156
35.08	225
51.19	28
35.68	236
34.85	212
35.01	156
35.5	128
33.75	230
33.4	170
33.58	173
35.04	109
45.24	61
34.22	84
34.81	270
34.23	104
34.27	212
33.58	273
33.36	193
34.36	128
51.15	29
33.98	208
33.32	175
33.51	216
33.98	205
34	178
34.64	226
34.38	199
33.95	188
35.9	105
33.92	230
33.92	230
34.65	178
33.8	227
33.63	86
56.41	27
34.78	210
35.46	117
34.96	215
35.02	111
34.76	221
32.94	234
36.34	151
33.8	36
34.15	219
54.19	32
34.44	233
35.76	214
36.11	221
53.34	6
35.66	208
35.88	164
35.96	153
36.87	281
35.94	223
34.81	233
35.43	104
36.62	198
36.71	172
33.51	217
51.77	27
36.42	209
35.39	229
35.61	226
36.01	112
35.64	97
36.41	151
35.76	110
35.29	183
33.71	233
33.46	230
34.66	231
33.36	228
33.94	210
34.75	205
33.87	225
33.59	216
34.86	180
100	0
36.43	199
34.61	194
35.33	181
36.1	224
36.24	234
36.14	144
37.26	199
35.3	203
34.14	220
34.28	204
34.63	173
35.83	171
34.73	218
35.48	171
34.16	216
34.89	215
52.12	27
34.53	141
36.34	193
36.64	137
37.4	177
36.15	221
35.08	388
55.83	27
36.42	178
35.88	203
35.06	206
35.4	184
35.87	187
35.74	220
36.28	215
35.41	219
36.36	213
37.65	165
36.29	311
36.4	143
35.35	237
35	207
33.23	178
34.21	188
33.91	190
34.64	42
33.91	171
44.78	44
34.88	128
34.3	181
34.46	164
33.46	168
34.94	202
35.39	181
34.96	128
33.18	222
35.69	123
34	205
51.29	34
33.27	216
32.24	227
34.09	200
35.08	154
35.65	206
35.55	194
54.56	25
34.46	214
34.36	149
34.5	183
33.89	210
33.34	202
35.47	164
34.92	209
35.16	218
53.51	35
35.39	224
35.06	113
35.37	189
34.62	192
35.75	176
34.75	235
34.22	227
34	229
34.23	206
35.21	140
34.91	142
34.65	176
35.16	154
34.91	211
35.15	83
33.41	183
49.3	28
33.62	237
33.99	222
50.17	30
33.55	97
34.58	192
34.09	219
34.69	335
33.53	234
35.09	201
34.52	161
34.71	208
35.16	204
35.69	205
34.62	216
50.08	24
34.73	230
35.3	195
34.85	142
34.77	193
36.04	227
34.08	68
54.58	26
35.51	221
34.03	193
34.41	220
34.54	187
34.77	114
34.87	200
34.47	200
35	225
36.66	174
36.54	90
35.95	158
37.28	53
55.09	24
35.51	221
35.59	194
35.74	220
35.1	211
35.29	192
35.3	85
35.04	155
35.15	165
33.79	227
34.53	219
34.77	50
49.99	24
35.21	205
35.56	212
35.74	210
56.12	26
35.97	175
33.13	213
34.25	206
34.01	168
36.51	171
35.88	189
35.09	229
36.13	157
34.83	147
36.95	304
35.57	211
36.14	198
36	286
37.39	78
34.35	146
34.64	221
34.17	161
34.76	237
36.26	147
33.95	150
35.48	194
54.37	25
35.02	189
34.2	96
34.59	208
33.06	235
33.85	210
33.85	230
33.29	163
34.48	214
32.48	17
36.07	190
35.04	146
33.79	225
54.83	32
35.22	216
33.41	229
34.67	176
33.24	41
52.93	25
35.19	207
34.4	178
34.01	230
34.29	170
33.6	225
30.95	12
32.77	214
33.48	231
33.79	208
33.91	150
34	210
35.48	194
54.35	25
34.18	96
34.83	122
35.04	189
33.77	181
35.69	138
33.48	163
34.8	224
55.26	27
35.7	219
36.25	213
34.41	237
35.45	221
35.21	210
34.65	230
35.92	75
36.61	175
34.49	81
35.05	225
35.65	166
32.99	233
34.29	233
35.16	139
33.4	217
52.82	28
34.83	196
34.98	131
33.7	231
53.07	28
36.56	228
35.64	72
35.48	129
35.97	229
35.41	225
36.19	222
36.98	185
35.98	222
33.01	231
38.33	111
35.6	219
52.3	27
36.54	79
36.6	225
36.92	230
36.62	227
37.35	94
36.79	203
33.55	78
36.89	149
33.88	131
33.57	339
33.96	207
34.72	215
33.94	236
34.1	405
34.88	114
35.07	167
36.23	138
34.9	237
34.14	214
35.92	165
34.42	225
34.58	236
35.71	213
34.24	236
34.44	212
34.22	83
35.1	33
35.03	233
35.78	206
35.95	201
34.08	233
34.89	231
35.75	193
35.68	225
35.11	198
35.38	189
36.17	176
36.34	118
34.16	69
36.04	180
35.19	211
36.37	207
35.97	177
34.68	217
35.9	172
52.18	37
33.73	224
33.03	223
35.19	108
32.65	188
35.19	204
34.61	235
34.67	123
35.5	139
33.72	90
53.67	31
35.33	228
36.07	194
53.34	28
37.47	112
36.29	150
35.89	220
36.6	197
35.01	229
35.11	188
34.34	234
37.71	212
36.9	95
36.65	227
52.48	33
36.02	237
36.25	120
37.29	163
37.28	160
37.05	155
35.51	230
34.62	193
36.49	95
36.31	209
34.62	129
56.19	24
35.8	193
35.73	237
35.48	140
37.05	207
36.27	135
36.23	167
36.13	214
35.29	46
37.16	319
35.51	211
60.56	13
37.15	116
36.21	109
37.21	123
37.16	126
53.63	23
37.62	203
33.96	230
36.76	177
36.76	230
36.65	221
36.78	197
36.83	152
39.23	165
37.04	208
35.54	196
35.07	127
35.24	145
34.51	222
34.29	127
35.67	197
35.8	285
50.72	31
34.74	229
35.39	175
35.46	85
36.24	198
35.83	201
36.81	159
35.68	194
58.25	27
35.22	198
36.2	193
36.86	87
35.58	220
47.79	22
34.62	232
33.88	220
34.63	234
34.74	228
34.79	224
34.11	236
35.95	218
35.89	153
34.72	229
35.76	237
36.05	233
36.16	160
36.9	175
36.31	234
37.21	217
35.99	400
37.4	113
38.25	175
49.67	13
34.17	228
34.08	114
35.78	182
34.86	166
52.89	27
34.13	223
33.87	106
36.48	135
33.93	217
36.05	152
35.87	395
34.67	153
36.47	218
36.91	113
36.55	233
36.44	229
34.21	234
57.36	42
36.01	189
35.2	216
34.48	140
35.05	168
33.22	149
35.39	207
34.54	181
33.08	233
34.4	219
33.79	237
33.65	226
33.7	217
36.22	156
35.86	203
36.83	180
34.98	235
52.02	33
36.59	211
36.31	133
34	220
35.75	216
36.41	203
33.19	70
36.03	207
34.63	213
48.34	38
34.34	228
34.63	296
34.3	153
34.73	210
34.24	228
35.11	206
35.72	121
35.97	113
36.75	157
36.92	181
35.56	230
52.2	22
35.72	382
36.05	200
35.05	236
35.7	126
35.27	230
36.31	173
49.31	20
34.29	329
35.7	143
35.52	107
36.07	219
36.11	209
34.16	223
35.18	189
34.14	203
34.91	206
34.55	96
33.84	229
33.97	232
34.63	120
33.83	139
34.28	187
52.65	31
34.43	213
34.72	160
33.43	233
36.4	157
35.07	84
36.41	146
34.1	229
34.73	78
35.27	196
35	227
56.65	29
36.22	192
34.35	218
35.82	212
34.68	234
34.5	208
36.17	115
38.14	94
36.96	205
52.15	25
35.07	215
35.5	158
33.58	236
36.26	89
33.78	202
33.83	141
53.69	23
34.07	186
34.62	200
35.53	196
33.25	144
33.37	229
57.14	32
34.94	76
35.38	235
33.59	185
34.73	67
34.15	235
34.09	204
34.51	166
33.56	231
37.15	197
36.45	211
36.38	219
37.08	229
35.69	226
36.34	183
37.12	194
34.89	220
53.84	32
36.96	145
34.48	193
36.16	133
34.5	98
36	140
36.49	141
34.92	215
36.26	234
33.78	164
34.14	206
35.13	189
34.1	172
32.68	227
33.1	227
33.2	222
33.42	234
34.19	207
32.96	224
32.78	198
52.35	25
34.22	226
33.83	151
34.43	226
52.68	25
35.55	196
34.02	229
33.37	350
34.1	134
33.1	224
33.02	222
33.68	136
36.57	212
34.74	151
34.47	233
35.16	169
34.34	222
34.78	191
34.91	159
53.95	22
34.73	206
35.93	207
34.63	149
33.72	225
33.56	210
34.91	186
35.06	213
35	140
53.33	21
36.41	194
34.78	120
33.23	56
33.92	394
50.72	32
34.18	149
32.15	30
33.48	201
34.17	195
34.4	227
34.65	201
34.32	142
33.96	195
34.06	234
34.31	78
32.9	236
34.7	122
34.79	150
53.19	33
34.91	151
35.27	163
33.88	184
34.48	207
33.63	199
34.11	231
35.54	87
52.55	30
35.52	108
34.05	186
34.06	226
36.29	98
34.69	209
33.81	67
33.82	104
33.08	204
33.98	237
34.07	213
54.08	23
33.2	157
33.57	88
33.62	88
33.98	158
34.27	233
33.76	224
32.65	204
34.57	190
31.86	236
34.56	275
34.99	211
32.42	48
33.48	209
35.62	170
35.05	210
33.3	199
33.15	136
32.69	220
33.9	85
32.87	232
34.65	209
34.42	97
33.11	211
33.92	197
52.3	29
34.87	86
34.75	196
34.22	109
35.99	159
35.13	128
34.6	216
34.5	109
34.97	133
35.13	173
56.92	30
36.67	220
36.15	208
36.17	208
36.2	181
36.16	113
54.63	109
36.46	205
35.48	139
35.73	157
36.17	154
34.39	171
34.39	171
34.39	171
33.44	174
34.39	171
34.39	171
34.39	171
34.39	171
34.39	171
33.76	216
35.18	150
34.36	216
35.7	183
33.3	230
33.78	346
34	210
33.21	216
33.2	207
33.44	118
34.8	208
55.52	25
34.69	185
34.59	210
35.3	342
31.39	20
34.45	123
34.17	234
33.77	192
35.26	186
34.75	216
34.98	154
35.43	194
54.63	25
33.91	198
35.38	226
35.11	112
33.76	227
34.6	68
34.22	69
33.94	210
33.69	347
34.22	135
34.51	178
34.28	216
34.97	153
51.64	26
33.93	227
34.16	187
32.9	232
33.23	222
37.56	161
36.51	203
36.09	225
36.7	217
35.91	214
36.9	184
52.08	2
35.91	237
37.43	237
35.61	225
34.71	84
34.79	222
35.01	88
33.41	217
34.17	161
34.89	184
33.86	50
33.73	219
34.78	213
35.35	94
36.5	214
36.09	193
51.82	19
34.67	235
36.33	215
36	236
36.47	220
35.77	135
35.8	225
36.95	210
33.23	224
33.53	215
34.32	159
35.65	117
34.55	218
32.1	236
32.89	188
35.26	229
33.78	220
33.04	112
34.81	162
33.65	232
34.06	142
34.29	200
34.84	226
33.3	233
34.18	227
33.85	216
52.86	26
34.26	218
35.3	232
34.84	160
35.76	232
34.54	229
37.42	156
58.85	41
35.26	219
35.83	229
35.95	144
36.6	200
33.41	186
35.13	175
34.18	108
32.55	227
34.55	199
33.88	118
33.96	197
35.84	189
33.2	222
33.7	131
34.62	193
34.1	201
33.2	134
33.91	216
34.25	230
33.05	201
34.17	197
34.8	224
54.86	27
34.99	200
36.25	222
35.41	236
36.06	224
36.27	201
51.7	6
34.88	218
37.07	97
35.94	234
36.7	140
36.08	156
34.17	209
35.87	100
34.2	220
34.28	220
53.91	25
33.91	224
33.74	195
33.87	63
35.61	126
34.17	217
38.53	81
33.54	233
34.41	109
34.79	212
34.34	205
35.65	205
34.74	110
34.52	157
34.16	201
35.24	138
35.43	168
36.26	162
34.02	141
34.02	141
35.78	105
34.27	171
34.68	128
34.86	217
34.54	137
52.35	26
34.69	143
33.83	95
34.56	140
35.76	182
34.19	229
34.95	141
41.75	14
34.46	218
34.44	203
34.97	405
34.95	136
33	235
33	235
52.68	32
34.45	233
33.88	168
33.49	234
34.16	223
34.3	204
35.41	163
34.95	190
33.16	217
33.71	211
35.06	127
36	133
35.33	120
33.14	227
34.21	237
33.08	217
33.38	228
33.61	232
33.99	245
34.51	154
51.54	24
34.94	220
33.77	230
31.7	15
34.26	228
33.19	213
33.22	164
53.39	25
35.46	213
37.68	236
37.43	198
34.16	229
36.92	234
37.01	186
36.53	214
35.49	209
35.55	157
33.5	215
44.63	31
33.22	106
33.5	224
32.96	206
33.46	236
34.39	196
34.13	207
34.82	210
32.97	217
35.74	120
35.44	217
34.9	237
45.96	117
36.3	185
34.84	235
36.32	214
34.4	216
34.16	221
36.06	113
35.49	143
50.78	40
34.78	228
35.57	236
35.54	218
36.42	207
36.29	172
36.19	161
36.49	206
37.03	185
34.88	184
36.1	203
53.98	20
34.94	174
35.44	167
34.27	236
34.29	115
35.78	172
34.33	87
34.38	169
54.79	26
35.68	174
33.54	228
34.42	221
35.7	174
36.83	233
36.52	208
34.22	220
33.94	235
35.47	237
35.77	190
36.92	210
37.26	184
36.19	235
58.61	38
36.21	215
37.37	200
36.1	233
35.03	217
35.61	212
34.69	217
34.63	225
53.59	40
33.89	92
34.48	216
34.19	209
35.29	107
32.78	235
33.94	219
34.08	170
33.5	175
35.77	99
34.2	63
34.12	219
33.17	222
34.42	200
33.35	211
34.03	122
35.04	80
34.41	185
34.45	122
36.23	196
34.85	208
36.28	139
36.17	207
36.51	188
35.2	137
35.44	192
35.76	160
55.46	26
34.79	191
34.62	131
54.57	30
33.48	115
34.52	163
34.71	190
33.85	222
33.88	229
33.62	222
34.11	219
36.61	162
36.9	164
34.99	218
36.51	224
52.69	32
35.43	227
35.89	217
35.22	225
35.19	234
37.55	169
35.29	237
34.31	203
56.6	26
35.85	202
34.45	225
34.66	183
36.63	76
34.93	152
35.34	181
35.63	171
34.99	209
35.21	219
34.68	204
35.47	220
35.87	154
35.89	230
37.84	84
35.48	203
53.32	19
38.06	159
34.74	237
34.51	315
53.61	25
33.38	175
34.33	229
34.11	204
33.88	222
33.61	188
33.81	200
34.73	185
36.68	153
35.46	158
35.1	48
35.68	205
35.85	184
36.88	91
34.53	230
36.96	119
36.25	171
57.06	25
34.42	226
34.6	236
36.26	155
36.34	118
35.34	193
34.89	112
35.38	210
35.29	229
47.09	12
34.03	225
35.76	155
35.8	225
51.37	33
36.72	216
35.99	230
35.22	228
34.67	234
35.39	100
35.97	84
36.71	168
33.76	165
34.87	237
34.82	195
35.28	172
33.31	214
34.85	212
34.22	163
34.01	227
49.19	23
33.34	11
33.89	224
33.99	216
34.44	170
53.44	35
35.59	162
33.79	132
35.29	214
33.25	15
35.08	198
34.71	173
34.99	163
34.78	164
35.5	218
54.67	33
36	153
34.34	212
35.39	178
34.3	131
35.2	227
34.82	181
34.74	114
36.15	155
51.07	16
37.53	144
36.26	204
34.95	203
35.39	144
35.63	205
34.94	193
36.21	196
35.5	189
35.4	164
35.72	222
53.2	22
35.7	161
36.68	167
35.07	209
35.57	220
34.97	193
35.6	108
35.62	191
35.33	188
56.6	30
34.24	227
34.41	237
35.26	229
35.37	194
35.36	53
36.51	165
35.45	212
35.31	199
35.48	156
35.41	232
34.68	226
36.95	136
36.09	235
34.82	234
36.83	155
52.66	32
35.09	228
35.96	214
36.18	222
35.04	212
35.39	203
52.58	32
36.13	169
37.19	147
35.84	192
37.56	149
36.02	156
35.13	147
55.61	28
35.61	159
35.05	187
34.78	199
35.63	224
36.52	110
34.82	229
36.25	170
35.4	161
32.96	39
33.22	153
34.82	160
35.11	114
35.28	135
33.04	52
33.3	222
35.13	186
34.69	231
51.05	28
35.38	192
35.05	220
34.64	234
35.06	182
53.38	29
35.46	221
34.8	233
35.67	228
34.83	217
33.08	26
33.73	79
32.91	224
33.43	216
34	224
35.52	190
33.88	164
33.67	234
34.2	225
33.01	226
35.35	198
34.44	191
33.18	194
34.74	237
51.25	27
34.25	200
33.3	205
34.49	223
33.57	225
34.08	144
33.07	184
34.28	237
34.87	206
35.84	155
49.66	17
34.29	204
34.4	119
34.87	72
34.54	148
33.48	219
34.97	208
35.43	227
34.67	125
35.5	98
35.25	160
56.84	32
36.31	173
36.31	225
36.34	111
34.23	228
35.27	59
35.42	236
35.07	206
34.59	155
33.4	203
36.19	174
34.41	237
55.06	28
35.55	182
35.86	116
35.51	195
33.07	200
35.43	205
33.07	200
34.54	77
34.2	206
34.13	206
34.5	176
54.58	23
34.17	226
33.57	232
34.05	72
34.06	227
34.44	208
48.03	4
35.28	75
35.08	209
34.05	212
49.55	21
34.28	90
34.15	194
33.71	123
33.57	172
34.38	188
34.12	214
34.35	195
50.17	16
34.86	102
34.54	172
34.82	180
35.48	229
36.2	202
36.79	178
35.86	120
35.88	235
69.08	27
35.94	148
35.79	200
37.15	172
36.53	197
35.64	206
34.87	229
51.81	31
35.93	156
35.18	235
35.52	229
35.98	169
34.87	14
36.28	154
36.44	207
34.88	201
33.44	228
34.63	87
34.85	218
33.62	109
33.33	203
34.71	236
34.69	160
35.13	121
32.49	235
34.53	165
35.79	227
35.56	222
34.36	231
38.12	163
36.02	223
53.03	1
37.65	181
37.44	147
35.94	228
35.75	175
32.87	161
34.9	201
33.9	192
34.19	221
33.95	199
33.69	196
50.64	32
33.93	69
34.99	182
34.88	352
33.61	237
33.35	230
35.74	172
35.9	143
34.15	214
34.9	138
34.74	309
51.76	26
35.3	75
34.57	153
33.39	237
35.13	161
33.9	200
33.88	101
33.96	218
34.43	207
34.63	94
34.29	167
32.36	174
53.18	25
33.72	215
35.79	203
33.85	59
36.3	114
34.4	220
35.02	186
33.87	114
36.31	203
34.84	211
33.68	226
35.44	221
47.74	49
36.11	220
35.11	128
37.36	162
35.86	230
37.46	113
34.71	193
34.54	176
35.83	170
36.53	180
35.54	217
35.22	99
32.87	11
33.64	68
36.63	129
34.62	21
35.31	170
34.41	140
35.02	211
33.35	231
34.14	222
42.19	52
34	221
35.26	198
34.67	217
35.74	104
34.12	205
35.63	134
35.4	110
34.79	210
35.04	155
34.77	216
34.56	190
35.24	195
34.09	232
34.35	235
32.12	23
33.81	209
33.78	215
35.36	125
34.06	217
33.25	215
35.06	179
33.89	205
33.17	113
33.81	227
36.02	126
35.7	208
35.76	195
32.29	216
33.35	218
35.01	204
33.64	154
55.13	27
32.23	230
33.66	221
32.97	158
34.6	198
33.94	221
34.54	187
34.44	233
34.67	221
34.25	60
33.91	88
34.83	200
35.17	112
34.47	229
34.41	225
35.45	233
34.76	235
34.49	100
35.46	155
34.44	231
35.96	186
33.03	230
35.39	204
34.91	164
35.47	137
35.16	189
34.4	236
35.67	212
34.96	221
35.62	156
34.68	172
35.76	111
50.89	4
35.93	112
37.08	128
33.56	205
34.4	213
31.16	44
50.74	29
33.37	310
34.17	106
34.33	205
32.93	230
33.52	228
32.95	199
34.17	215
45.47	2
34.87	232
35.19	179
34.59	157
35.28	189
33.42	91
34.57	135
34.3	200
33.92	217
34.5	136
34.3	177
34.17	230
34.2	206
52.83	28
33.97	175
34.83	135
35.63	142
35.96	214
33.5	222
33.54	229
34.51	198
33.27	97
44.49	187
32.3	45
35.47	159
33.92	225
35.24	143
34.37	197
33.07	234
33.86	170
36.13	233
36.07	221
36.91	176
35.11	227
38.23	202
36.34	205
49.02	38
37.3	195
53.1	33
35.59	155
34.86	216
36.3	105
37.35	206
36.54	234
36.08	216
51.75	5
36.62	233
35.89	191
38.02	113
37.15	182
53.95	26
33.51	113
33.3	101
34.01	230
33.77	131
33.1	218
34.65	216
35.03	225
34.11	159
33.45	214
33.82	237
45.58	11
33.6	222
32.61	50
32.92	237
34.19	144
32.97	213
35.02	215
33.91	227
32.96	97
36.42	204
35.78	181
35.44	216
34.87	235
53	32
35.48	207
36.5	143
37.88	174
35.22	237
36.57	217
34.37	211
35.42	216
33.87	55
34.53	162
34.77	187
34.09	225
34.89	180
54.49	35
34.45	126
35.23	227
35.29	202
33.18	173
34.25	222
33.93	208
34.32	236
34.75	170
34.59	228
35.71	195
35.05	227
33.66	186
35.19	237
35.08	219
35.04	216
49.9	19
36.53	161
36.07	237
34.88	223
35.04	211
35.2	234
35.11	227
35.24	204
36.38	95
32.97	61
35.35	234
54.32	29
36.3	159
33.24	224
35.04	114
34.69	229
33.3	205
35.27	75
34.2	222
34.19	236
33.84	219
49.16	24
35.05	215
34.21	54
33.93	65
34.37	83
35.62	117
36.72	115
35.02	214
36.68	178
35.57	229
35.45	133
34.19	191
36.29	108
55.27	23
36.41	224
35.41	224
33.26	157
33.48	383
31.74	57
34.2	141
33.76	203
32.69	190
32.73	185
32.98	191
32.32	201
33.77	113
34.46	94
32.83	231
36.29	168
35.06	149
34.05	217
35.18	59
52.52	19
34.83	189
35.64	204
33.23	172
35.09	143
34.45	324
34.86	154
30.64	22
33.79	217
33.28	208
33.53	230
33.26	232
33.7	203
35.05	94
34.35	194
34.36	225
35.04	207
34.41	255
34.99	206
35.12	229
34.68	123
33.48	262
37.13	124
34.76	214
34.04	237
34.02	250
33.5	238
33.67	255
33.39	252
33.96	142
33.73	237
35	173
36.71	99
34.83	187
33.46	258
32.05	231
37.49	179
35.85	215
33.17	251
33.09	249
33.62	262
32.38	227
33.92	255
32.91	242
33.6	195
32.48	262
33.77	250
33.48	261
34.46	248
34.86	266
33.96	213
34.67	230
33.73	441
34.2	213
34.18	213
34.6	135
35.06	163
33.16	248
34.2	263
35.93	97
33.52	264
35.53	233
34.25	197
37.36	146
35.22	123
34.06	220
33.84	256
34.37	181
33.66	240
34.5	255
33.51	239
36.34	215
33.65	242
32.68	228
33.94	267
35.4	265
33.26	200
33.75	225
34.46	266
33.27	250
32.89	252
33.52	234
33.34	232
32.34	262
34.88	224
34.2	182
37.05	203
36.99	76
36.82	185
33.8	251
34.75	262
34.81	243
33.23	255
34.58	147
35.12	137
32.3	251
34.08	223
32.27	263
33.62	214
33.03	266
34.56	204
34.7	187
32.45	432
32.53	250
36.6	215
34.36	197
34.54	237
35.42	250
33.46	267
35.45	188
35.07	209
37.92	200
34.79	168
32.97	257
35.14	187
35.75	207
33.79	248
34.14	206
33.94	199
35.8	242
35.76	218
36.33	232
36.34	196
33.87	263
34.58	253
36.42	218
35.71	239
33.77	266
35.88	218
34.08	200
32.97	230
34.22	261
35.02	264
35.68	252
35.61	254
34.94	236
34.98	260
35.2	145
35.13	142
35.72	232
36.3	243
37.25	219
35.53	153
35.58	216
33.67	266
35.42	125
34.46	228
35.19	267
35.55	179
35	298
34.11	264
35.14	229
35.79	253
34.14	193
33.32	198
34.04	113
33.75	244
33.18	261
33.37	227
35.36	189
34.82	357
33.03	251
33.44	234
35.11	206
34.24	206
34.74	208
33.59	142
32.79	252
35.1	226
34.11	235
33.07	250
33.82	220
34.14	237
32.98	260
35.93	133
35.27	101
34.28	178
35.83	216
34.02	256
34.82	222
34.88	258
33.92	253
33.8	235
33.2	261
33.13	263
34.4	237
34.01	217
34.42	251
34.99	265
33.35	253
36.47	183
34.39	257
34.62	239
33.86	152
35.42	211
34.27	243
34.46	230
33.61	241
35.53	141
32.19	262
33.87	227
35.05	215
33.24	220
34.62	179
34.53	183
34.4	165
35.4	189
34.08	265
36.13	132
34.25	219
35.33	203
35	227
33.05	242
32.67	261
34.4	187
33.12	264
34.06	440
33.23	266
34.01	254
34.15	124
34.03	267
33.76	260
33.49	265
32.53	253
35.27	213
34.13	229
34.26	137
33.58	178
34.59	118
34.53	252
32.97	197
33.32	203
34.22	156
33.54	192
34.47	149
33.62	217
33.82	221
33.59	218
32.67	262
33.19	170
35.09	174
34.95	106
33.63	265
33.38	61
34.22	234
34.76	242
34.15	248
33.22	245
34.01	228
34.54	211
33.17	234
33.22	227
33.56	267
33.25	242
35.27	254
33.98	181
34.05	218
34.25	217
33.03	205
34.28	111
33.71	253
32.62	261
34.78	98
34.36	123
34.07	237
34.2	255
33.09	203
33.8	137
33.8	246
34.02	245
35.37	246
34.36	254
35.87	256
33.2	253
33.9	253
34.57	227
33.71	199
35.33	90
34.37	220
34.7	222
33.97	229
33.75	214
35.47	197
