sim	len_diff
34.21	84
33.53	74
34.55	37
35.71	53
33.33	79
35.55	77
35.2	39
34.8	53
35.98	117
37.69	64
32.81	75
47.59	106
34.29	63
34.03	49
35.2	40
34.04	141
35.06	43
35.82	79
35.36	105
33.71	76
34.44	63
35.53	109
31.18	22
35.12	57
35.69	73
35.06	45
33.18	73
32.71	79
33.18	73
34.81	112
34.01	60
34.01	60
35.53	54
34.07	30
34.13	69
34.91	56
33.73	110
34.37	67
34.03	30
36.77	43
33.75	125
35.1	74
33.25	39
35.46	56
33.83	141
33.83	141
36.66	24
35.07	116
34.6	72
43.7	112
35.4	78
35.77	39
34.06	56
36.61	52
36.61	52
33.06	78
32.03	74
32.63	70
32.62	77
32.34	43
35.63	13
35.82	78
35.1	74
34.56	60
33.97	78
37.79	54
36.62	38
43.7	112
33.15	43
33.17	43
34.61	69
33.32	58
33.32	58
35.87	55
35.69	51
36.01	47
36.01	47
33.93	79
33.87	71
35.32	63
35.1	125
33.82	59
35.22	62
34.37	25
33.75	77
36.18	6
35.01	78
34.43	79
33.87	74
35.32	75
36.56	44
34.9	25
35.39	55
32.71	75
34.74	27
34.08	70
34.79	65
36.5	34
32.93	48
36.52	123
35.82	61
33.22	69
35.6	71
35.56	62
34.55	70
33.79	77
35.7	64
34.86	55
34.05	70
33.76	79
34.16	15
34	53
34.78	125
34.77	76
33.34	53
35.08	31
35.05	60
34.03	58
36.87	14
33.9	62
34.34	64
35.41	59
36.71	55
34.58	76
48.36	91
34.98	123
33.13	62
33.89	98
33.62	76
33.25	67
32.81	65
35.18	78
37	35
34.13	49
33.5	60
32.91	73
34.91	46
33.89	78
34.09	61
33.24	66
32.73	66
33.42	145
34.84	78
36.08	65
36.01	62
35.74	63
32.82	66
34.6	78
32.47	149
34.62	69
36.01	93
34.67	30
34.33	155
32.77	68
35.13	111
34.63	155
32.44	57
32.58	122
34.71	30
31.56	79
47.95	73
34.6	77
35.94	34
33.3	65
34.09	54
34.43	57
35.65	46
36.23	56
35.22	111
33.08	79
34.25	32
34.67	30
34.94	14
34.32	30
35.24	76
34.7	56
35.76	37
37.61	34
33.79	70
35.92	48
34.82	67
34.6	67
32.37	72
33.5	151
31.39	79
35.48	74
54.82	11
35.18	99
34.68	69
32.16	43
34.07	46
32.53	72
34.63	48
34.6	51
32.39	71
35.58	72
35.65	74
37.33	54
32.24	66
31.03	79
36.51	19
35.83	52
35.13	133
36.58	18
34.36	57
33.44	57
35.87	113
35.15	67
36.45	47
34.32	71
33.46	76
32.83	74
32.83	74
32.97	125
36.32	70
35.25	60
33.04	79
33.67	77
31.05	78
33.34	60
32.37	66
32.99	66
35.91	47
33.82	77
32.12	78
34.38	67
33.15	79
34.33	64
33.36	55
33.44	69
34.9	70
31.08	73
33.2	61
34.49	30
34.34	55
34.55	71
35.21	66
32.74	63
35.1	55
47.15	80
39.63	60
31.63	78
33.33	35
32.94	33
32.07	75
33.08	60
32.77	74
35.48	63
32.36	76
35.61	104
34.37	67
32.55	66
35.89	45
31.86	74
32.86	77
34.6	66
33.08	65
33.34	79
32.31	77
31.92	73
31.18	71
36.29	68
33.37	75
32.38	71
34.15	63
32.67	76
32.76	118
34.09	67
32.36	65
33.19	76
33.77	20
35.77	74
38.03	61
35.34	27
38.26	50
34.07	74
35.74	50
34.36	16
35.32	94
31.57	73
35.05	51
35.86	79
32.76	69
35.37	78
34.02	127
34.3	35
34.12	76
33.46	73
30.87	74
34.38	141
36.27	34
37.48	31
33.58	73
34.01	140
34.01	105
34.34	68
32.02	77
35.06	73
35.8	63
34.27	69
34.3	72
34.39	78
35.18	60
33.27	77
37.21	41
36.62	41
36.48	59
34.86	40
44.32	110
35.77	54
32.12	78
34.05	73
37	41
32.44	77
33.65	68
32.06	75
35.22	55
33.5	69
31.76	72
35.98	149
37.37	21
35.53	78
36.07	69
36.08	68
35.06	52
35.18	66
34.59	22
33.86	73
33.6	152
34.79	52
36.54	92
33.07	62
33.68	69
33.47	69
34.47	103
33.72	75
36.6	39
34.05	54
34.13	73
35.02	71
37.22	59
35.74	27
36.45	71
34.32	75
34.35	70
35.34	49
33.75	76
34.63	79
34.26	70
34.63	60
34.65	62
36.55	75
34.18	65
33.26	65
34.94	28
59.7	10
33.47	58
34.56	41
34.22	49
35.36	43
34.73	69
37.44	65
62.53	5
35.52	28
36.43	92
35.42	98
35.36	70
35.95	58
35.94	61
36.44	60
34.48	19
35.52	70
34.39	67
33.98	113
35.15	63
58.68	0
34.18	36
33.25	69
34.34	55
34.77	96
33.05	68
32.7	56
32.38	25
34.05	46
35.12	109
35.49	36
36.4	62
36.27	75
33.46	72
34.31	83
34.93	96
34.91	111
36.66	49
35.58	55
34.51	37
74.73	0
35.05	65
34.99	20
36.7	17
34.94	57
36.74	98
37.11	91
36.87	48
38.43	28
36.21	57
34.81	64
64.57	7
37.41	53
34.13	69
35.82	62
61.73	0
33.81	27
33.34	48
34.74	55
34.02	113
35.47	63
33.79	36
34.47	58
35.96	13
33.86	90
34.63	47
33.04	125
35.94	69
34.16	65
34.73	75
35.15	28
33.48	22
34.39	26
34.86	64
33.84	36
35.82	30
37.56	65
35.77	47
36.47	99
35.07	58
35.75	43
34.89	103
63.15	7
34.43	63
35.83	59
36.16	56
36.29	50
35.84	67
35.75	39
34.4	36
37.05	31
36.96	51
36.44	53
34.68	51
61.18	1
35.89	42
34.29	68
34.36	48
36.17	38
32.85	47
66.21	2
33.56	67
36.88	45
35.18	55
35.61	54
35.65	41
37.67	28
36.03	67
35.59	46
61.66	12
36.17	50
37.82	58
33.21	47
37.87	50
35.77	62
32.68	39
34.31	43
34.98	20
34.13	38
34.77	54
34.12	64
63.75	0
34.96	69
33.65	54
35.11	110
34.82	38
34.8	29
34.79	53
33.38	123
35.77	64
33.84	51
33.55	59
34.8	45
31.48	54
33.81	60
36.02	112
34.47	21
35.45	86
37.71	92
35.43	70
35.77	62
35.5	48
55.95	29
34.02	68
35.47	65
34.72	45
35.69	50
32.76	116
34.05	44
34.08	47
32.7	56
32.84	65
35.67	54
34.21	98
33.89	76
35.24	32
35.03	66
36.52	57
54.21	33
35.5	52
38.11	44
33.2	61
35.85	96
35.86	64
35.53	56
34.53	58
34.17	68
32.03	59
33.99	17
34.77	56
33.21	52
33.24	62
34.61	31
34.94	43
35.8	94
33.95	68
34.08	89
33.28	69
35.07	112
33.44	63
35.25	63
34.58	65
32.83	63
36.21	70
34.66	45
37.17	72
38.82	66
36.87	63
35.88	21
35.38	13
33.92	69
36.39	82
36.82	26
36.7	18
36.04	74
36.51	42
34.94	62
35.07	78
36.43	65
33.51	29
36.67	56
67.66	11
31.98	68
33.37	70
36.12	58
33.5	56
36.86	28
33.6	31
34.41	55
35	41
34.35	62
54.76	13
34.21	55
34.06	43
33.86	36
39.12	37
36.44	62
34.23	115
34.12	68
63.94	1
35.65	88
35.48	69
33.71	11
35.46	54
36.28	34
32.37	40
34.75	36
35.7	112
35.06	72
34.84	30
32.82	21
34.79	53
33.22	70
33.71	43
33.47	68
36.25	68
37.15	66
36.12	55
35.5	66
66.03	2
36.18	59
35.32	61
37.2	81
35.87	57
36.57	50
36.36	62
63.56	7
35.27	43
35.43	39
31.76	66
34.99	93
36.41	80
33.56	67
36.8	45
33.6	28
37.45	38
34.87	63
37.21	34
35.43	32
35.68	28
34.29	49
33.93	70
36.07	39
36.1	56
61.23	0
34.99	61
35.47	20
34.53	39
32.87	32
32.91	62
35.9	58
36.82	49
65.45	3
34.72	67
34.35	59
63.48	4
35.87	70
33.84	63
35.98	49
35.9	68
34.98	125
36.29	46
33.79	63
34.28	36
34.69	48
37.56	53
38.01	54
34.18	63
36.21	46
36.07	46
35.5	112
35.16	29
37.59	67
37.39	70
35.11	116
40.41	43
34.78	63
38.25	46
35.57	25
36.16	122
36.82	44
37.71	76
36.08	69
37.36	67
62.41	1
36.44	56
36.57	63
36.77	14
34.08	69
36.37	69
36.57	47
34.82	34
63.89	1
35.44	15
36.32	40
33.69	125
34.81	41
36.07	39
33.55	70
31.51	58
31.55	51
36	50
38	65
33.5	70
34.23	67
33.88	70
34.93	75
34.59	108
36.43	32
33.5	70
60.39	0
35.25	41
36.5	65
33.08	68
36.52	59
34.29	37
33.61	81
32.17	65
34.46	70
35.06	26
32.25	13
34.02	96
33.65	22
33.35	36
36.23	36
39.42	30
36.46	25
33.88	60
34.48	75
67.95	9
34.94	17
38	71
34.9	123
34.77	75
36.26	68
35.25	59
37.35	68
33.1	70
36.1	51
34.12	120
33.77	67
62.5	5
34.14	34
35.37	106
36.32	39
33.21	124
32.82	66
36.88	35
32.83	58
32.36	90
35.13	37
36.06	45
31.93	57
33.27	26
33.48	64
39.78	33
35.44	20
33.83	77
35.03	61
33.38	10
35.27	27
32.88	58
36.4	21
33.15	36
31.85	14
33.38	49
35.91	44
32.54	54
36.79	25
34.72	38
34.55	63
35.82	66
33.45	70
33.56	99
33.32	39
34.63	68
36.22	101
35.87	67
36.9	55
35.97	59
36.18	66
60.98	15
34.4	54
36.59	43
35.47	52
31.52	69
34.71	57
35.68	62
32.02	66
34.09	27
34.94	38
33.13	70
32.84	58
32.93	36
34.06	51
37.32	68
34.97	70
35.84	80
36.69	34
34.68	89
35.53	68
35.32	40
33.37	3
34.47	50
33.79	120
35.96	70
34.14	95
35.61	53
36.08	64
36.86	31
34.48	40
35.74	31
37.38	36
34.66	112
53.45	1
35.46	34
35	23
36.6	93
38.2	38
36.81	26
36.66	11
55.63	3
34.22	53
33.75	69
33.84	67
30.86	65
35.3	22
33.43	66
36.1	34
34.61	66
32.73	36
35.96	28
32.48	71
34.56	81
34.7	68
34.05	65
35.73	64
33.85	69
34.75	120
35.72	100
35.2	43
34.05	101
36.58	43
33.64	68
34.96	110
35.88	63
34.92	56
34.77	44
36.55	56
59	7
37.41	65
36.3	45
35.34	120
34.96	68
37.32	13
35.89	50
36.25	78
36.94	57
48.66	104
35.7	62
35.65	58
34.93	59
33.73	47
36.86	24
34.48	68
61.63	1
34.06	103
34.09	123
34.05	51
36.2	30
33.79	47
62.03	2
34.07	58
34.43	123
37.17	43
62.98	2
35.22	48
35.1	57
36.34	121
34.86	18
38.12	70
34.98	40
34.95	68
36.2	41
35.48	62
34.44	70
64.1	6
33.92	58
35.1	94
36.18	58
36.17	90
35.48	68
37.04	53
39.01	39
34.53	66
35.98	51
36.14	70
38.25	50
66.91	5
34.74	11
35.31	63
37.6	82
31.11	66
34.95	119
35.34	63
36.96	56
34.89	107
36.2	99
36.01	122
35.94	31
35.87	63
37.47	47
35.4	108
35.22	69
63.85	5
36.6	35
60.57	6
34.76	57
33.37	40
33.41	65
34.51	62
34.97	27
34.81	27
36.98	68
35.22	38
53.98	15
36.85	32
34.01	57
37.43	67
36.36	63
37.58	62
35.31	39
34.59	57
35.49	46
33.44	55
35.36	56
36.33	50
35.87	67
36.42	35
35.69	98
59.93	36
35.34	45
34.36	54
36.56	90
34.68	98
35.81	68
36.25	60
35.67	68
35.87	64
34	72
61.03	8
33.16	66
35.57	30
36.05	37
36.92	54
34.61	20
35.21	41
33.94	62
33.05	69
34.37	62
63.58	1
32.53	54
32.82	31
37.58	33
34.47	64
66.06	5
35.91	85
37.8	35
37.13	48
35.2	36
34.56	29
36.72	49
35.27	56
36.88	61
35.73	42
33.78	120
34.18	68
32.93	70
62.15	2
33.7	69
36.58	54
35.91	64
32.34	66
32.34	63
35.34	70
36.06	40
36.38	32
36.31	67
36.74	64
35.76	61
35.23	54
34.97	58
35.27	61
38.57	43
35.57	61
34.97	60
33.39	55
34.96	57
33.98	69
66.49	4
34.39	59
33.5	39
33.9	57
35.21	48
34.81	17
35.63	72
33.99	11
33.05	70
35.23	71
32.48	117
33.11	23
34.13	55
32.24	33
33.36	62
35.8	112
34.74	17
36.85	55
36.43	14
42.18	10
33.93	53
35.18	25
34.6	85
38.65	52
34.76	111
58.03	8
35.97	82
36.04	40
35.39	70
33.48	17
35.19	57
33.39	11
37.6	63
67.75	2
36.23	63
33.84	65
35.21	111
34.8	34
36.21	40
36.58	47
35.64	108
37.55	68
35.74	58
38.1	49
35.56	24
64.73	4
36.44	50
34.84	48
35.87	67
35.46	45
33.66	58
34.13	52
34.62	63
35.64	75
62.53	2
36.5	67
34.16	66
36.08	27
34.5	56
34.16	65
35.36	70
35.41	58
36.08	51
33.88	68
34	51
67.51	1
36.64	59
34.64	60
35.89	71
32.11	69
34	55
32.22	23
33.29	60
34.11	58
33.79	81
34.7	41
32.99	56
33.66	93
35.03	86
33.57	37
37.22	30
30.42	7
33.18	17
32.77	69
32.08	68
34.81	68
34.25	40
34.36	97
33.99	70
65.41	0
36.2	65
33.26	13
36.12	60
34.05	61
34.17	58
36.35	47
36.5	34
36.45	124
33.25	14
36.87	52
34.44	46
65.13	2
34.82	51
36.84	64
36.39	67
37.46	52
33.12	69
34.86	66
33.89	123
36.67	69
32.91	63
37.65	55
33.85	69
35.24	72
34.01	59
35.82	58
37.97	55
36.56	66
38.41	55
36.53	21
35.23	98
34.68	70
36.08	67
62.55	9
34.98	4
33.98	68
37.26	53
36	108
55.98	2
37.25	56
34.94	54
35.42	84
33.93	123
34.1	64
36.08	49
34.39	66
34.77	27
35.22	61
35.97	91
34.85	103
34.18	100
35.79	55
34.27	60
49.19	23
33.74	67
33.52	94
34.1	39
34.4	18
33.79	38
35.51	48
34.19	52
32.96	65
34.89	58
36.61	82
37.37	41
34.94	46
56.64	6
35.94	65
36.67	25
36.32	45
35.49	66
33.79	64
35.19	27
33.27	11
33.82	66
35.28	10
35.29	95
32.88	122
35.14	47
34.03	108
35.55	91
33.41	18
33.18	36
35.2	61
33.54	99
60.21	8
34.53	17
34.83	68
34.67	78
35.42	57
34.59	113
63.61	4
33.31	37
34.21	107
34.26	89
34.64	106
70.32	3
71.01	4
35.07	43
35.3	62
33.2	68
35.57	114
37.67	54
36.38	52
35.66	65
35.16	112
35.77	49
57.14	13
36.37	44
36.23	105
36.59	51
34.43	95
36.11	63
37.77	63
37.1	54
36.83	87
34.54	62
35.71	64
35.7	31
34.38	54
36.07	68
62.71	2
36.05	28
37.25	60
35.12	63
37.86	52
36.46	68
35.52	77
36.08	60
35.13	55
36.21	64
36.79	42
33.98	47
34.55	62
60.7	4
35.31	24
34.36	116
34.88	36
35.69	54
32.35	65
35.41	42
34.2	66
35.69	53
33.77	39
35.76	111
61.69	17
63.32	4
36.86	39
36.37	59
35.06	52
33.76	26
34.3	126
35.51	68
36	46
35.27	115
34.53	48
34.77	52
35.78	64
35.35	43
33.94	20
35.26	61
60.61	0
34.93	58
36.1	123
36.59	102
35.75	95
57.81	12
35.43	63
36.06	47
34.38	69
35.07	65
34.89	10
34.95	37
35.98	57
36.8	67
34.98	60
34.2	70
34.41	45
34.89	65
35.43	38
36.15	63
36.5	58
35.08	82
35.85	26
66.96	0
34.2	60
35.64	68
34.81	62
35.56	40
35.68	57
35.74	97
34.34	35
33.84	49
36.25	23
34.88	101
62.28	16
35.43	83
33.58	81
34.35	71
36.44	44
33.96	65
35.16	21
35.41	116
34.19	120
33.72	64
35.39	68
32.96	23
37.46	50
35.31	54
35.2	62
32.03	14
36.3	25
36.38	69
34.25	48
35.91	51
35.62	57
32.82	23
37.43	21
37.16	53
35.45	55
37.64	31
36.44	97
36.66	98
35.64	67
34.42	125
36.37	61
34.25	69
35.64	66
34.28	70
35.33	111
34.13	57
35.84	60
36.03	94
35.04	57
34.45	72
36.03	32
36	30
36.12	45
33.79	60
35.61	27
34.5	69
34.04	126
35.26	59
34.43	35
34.69	63
34.95	104
35.7	69
33.29	65
34.48	62
32.28	58
35.83	63
36.98	40
36.28	28
64.73	6
34.39	18
34.75	64
33.34	57
34.72	58
35.11	39
35.49	61
34.07	50
34.1	51
66.27	6
36.32	57
35.73	126
35.76	60
34.13	59
34.84	51
35.55	31
36.03	63
35.34	62
33.75	62
32.4	23
34.35	39
33.39	116
35.72	103
34.65	69
36.46	52
34.25	17
35.08	46
33.57	101
34.82	35
33.69	42
34.72	47
35.51	64
35.61	70
36.29	56
34.27	58
35.68	36
34.79	54
36.55	99
34.83	49
35.51	58
36.37	56
37.1	56
59.63	14
33.86	57
35.9	20
65.88	7
35.7	62
33.71	67
33.96	70
34.85	67
36.39	53
35.2	43
65.06	8
58.42	1
35.57	100
33.7	58
34.43	41
36.06	52
35.24	87
35.15	43
36.44	47
35.81	83
37.48	38
35.76	15
36.73	75
37.93	57
33.5	69
36.72	18
36.29	50
38.89	20
36.91	65
34.76	109
56.87	31
35.53	53
34.89	64
35.09	117
35.28	59
37.86	35
32.03	15
36.08	88
34.49	24
33.77	101
36.96	42
34.94	67
34.96	50
31.39	17
33.23	65
33.66	69
32.87	66
33.86	32
31.7	124
35.4	66
33.38	41
35.79	50
38.03	64
36.75	60
34.37	52
34.35	70
35.98	39
34.93	31
36.22	33
34.84	52
62.06	2
34.32	46
34.96	66
36.03	68
33.26	61
34.21	110
35.02	67
33.5	119
32.15	3
34.9	18
32.65	50
35.36	105
36.45	68
36.34	68
33.92	14
36.17	31
32.95	87
61.73	2
35.91	59
33.28	67
36.6	33
34.06	36
32.77	67
34.98	86
31.34	47
31.5	3
33.41	36
35.1	45
33	114
35.69	45
32.43	68
34.32	112
61.88	0
36.69	28
34.57	23
34.85	42
60.56	0
38.32	49
34.33	57
38.66	66
34.34	65
35.09	70
35.34	53
36.53	53
37.25	41
34.4	10
35.45	55
37.18	42
36.63	56
36.64	93
62.41	2
64.66	2
35.06	41
35.57	68
36.87	60
36.89	29
35.77	68
35.71	94
33.23	14
35.46	59
35.46	63
36.08	44
35.79	39
36.13	63
35.31	112
35.55	102
36.23	65
34.61	55
62.82	0
33.37	55
36.1	62
34.48	42
35.93	28
35.51	46
32.69	118
33.27	61
37.21	53
34.6	53
34.24	83
35.5	51
33.53	69
32.94	120
34.77	49
33.33	59
33.58	109
36.65	58
64.18	3
33.78	40
30.66	70
34.82	65
37.63	39
36.2	43
38.1	71
36.51	53
35.56	69
58.01	22
36.58	51
36.95	48
37.29	42
37.62	56
33.12	17
34.93	54
33.55	69
34.09	40
37.52	36
35.85	30
33.25	65
33.5	50
36.47	66
36.22	54
36	61
36.71	42
34.01	7
37.29	52
36.94	48
36.87	55
62.35	12
35.02	51
37.28	80
34.75	58
32.56	64
34.29	21
34.13	40
32.85	125
33.79	69
37.69	32
33.87	48
33.16	57
35.9	97
34.04	70
34.78	49
33.55	70
37.04	70
38.23	47
36.59	66
37.07	98
34.8	37
35.27	52
33.58	58
36.92	45
59.78	20
37.43	61
34.68	64
38.24	54
37.34	67
34.74	13
63.16	2
34.94	125
34.73	67
35.6	56
35.91	102
34.45	37
62.42	1
35.39	60
34.33	40
34.25	54
35.86	20
33	63
33.97	56
32.85	114
33.81	48
33.58	54
36.07	36
37.33	37
34.84	46
59.68	2
35.71	92
35.15	95
36.77	53
33.99	17
35.96	46
34.77	38
33.36	61
32.93	69
36.54	67
34.84	50
34.46	21
33.25	62
37.12	13
36.82	56
34.42	124
35.43	66
36.75	64
34.65	65
37.21	45
65.01	1
34.85	5
37.71	53
35.16	63
36.22	53
38.22	68
34.81	107
36.36	64
59.91	1
36.95	87
34.33	67
36.57	98
37.24	45
37.53	68
33.94	117
35.44	60
35.18	57
35.95	60
36.08	44
57.21	11
35.82	46
36.63	17
35.08	49
36.74	44
37.51	62
34.84	16
35.22	70
35.2	22
36.31	52
34.88	54
37.87	66
36.38	57
34.44	1
35.83	54
36.32	48
34.71	114
37.21	69
35.77	68
33.93	29
37.41	24
64.91	8
36.05	59
35.25	49
35.08	44
36.02	61
63.01	1
35.85	52
37.37	24
36.62	98
37.71	49
35.49	18
61.24	3
35.66	110
34.17	66
35.26	84
35.27	58
34.81	48
35.7	70
33.4	62
37.25	69
35.96	13
35.4	116
36.66	53
35.4	123
34.46	62
57.58	23
35.48	61
36.03	65
39	32
36.15	59
35.68	58
34.25	11
36.71	81
36.43	44
35.43	62
60.56	0
35.03	70
63.5	6
36.08	62
36.08	62
36.08	62
36.08	62
36.49	108
36.08	62
36.78	61
34.32	44
35.86	23
35.44	23
33.23	119
34.97	62
34.84	56
35.51	50
33.93	120
32.95	59
34.21	47
36.25	68
35.23	70
32.75	67
34.32	45
34.72	117
34.68	39
33.7	63
60.55	1
32.4	60
34.58	19
36.17	43
35.5	67
34.31	53
35.84	48
34.56	70
33.78	57
33.67	121
32.9	56
35.02	52
64.29	5
34.24	62
66.41	3
32.72	39
35.74	36
37.13	68
33.69	97
33.12	66
34.9	102
33.42	62
34.11	86
34.07	50
36.65	66
37.38	46
38.35	25
34.73	67
36.19	123
36.09	62
36.82	63
34.58	58
38.06	60
35.38	122
37.72	47
35.94	98
33.63	5
36.51	48
33.15	30
36.58	96
36.78	83
63.72	0
35.17	65
36.15	58
35.95	35
34.94	52
36.7	53
37.84	68
35.7	59
35.81	53
34.65	28
37.39	44
67.18	1
33.56	60
35.6	58
32.49	26
33.33	123
36.17	111
31.69	62
62.72	15
35.55	49
34.76	55
33.36	57
34.39	17
36.38	17
37.02	27
37.36	16
37.75	67
36.98	26
37.08	35
36.24	21
35.2	41
36.81	33
36.58	84
36.28	99
37.86	71
33.82	66
37.03	67
37.47	65
34.64	55
35.04	56
33.56	3
35.3	77
34.21	15
34.03	16
37.38	52
35.26	70
36.33	104
34.73	56
38.19	46
35.16	43
37.75	55
65.08	1
34.94	14
34.65	69
36.07	77
34.35	75
34.16	59
35.51	15
32.86	63
31.36	59
35.67	39
34.65	106
63.68	5
37.63	51
32.34	63
58.89	9
58.58	0
35.43	68
36.92	40
36.46	47
37.48	43
35.96	60
35.59	51
59.36	20
38.05	50
39.27	48
36.54	67
37.9	69
36.62	66
35.46	69
36.86	68
37.48	45
36.13	66
34.12	66
37.75	35
36.24	52
36.39	57
34.56	58
66.59	1
36.9	57
35.6	37
34.62	66
37.07	90
35.16	69
36.17	45
36.77	17
35.67	115
36.48	121
34.87	70
36.76	114
35.06	115
61.18	4
34.62	30
34.69	34
34.08	69
32.92	65
62.44	12
32.4	66
35.6	69
34.29	57
36.29	48
34.4	70
34.52	95
35.23	38
37.6	60
35.56	111
34.89	34
35.25	70
34.89	56
35.87	64
37.08	69
36.15	55
37.21	43
37.16	38
35.15	70
35.06	63
36.51	53
36.51	53
33.74	55
33.31	20
33.31	20
32.84	62
36.51	53
34.18	27
33.84	37
36.65	46
35.36	44
38.43	96
32.34	33
35.38	59
36.24	58
36.09	46
36.18	56
35.77	113
33.7	58
32.98	69
33.09	46
36.19	70
63.99	9
32.53	69
32.61	53
35.51	66
35.39	63
36.12	59
35.23	58
36.7	58
62.5	12
60.74	19
36.55	50
36.55	50
36.55	50
36.72	61
61.03	9
35.17	49
34.13	56
33.39	54
35.84	59
36.42	47
38.5	37
35.84	59
69.58	3
33.95	64
35.84	59
35.49	43
34.84	67
34.32	17
33.17	69
63.78	7
35.01	55
35.02	65
35.57	55
34.9	33
32.77	62
35.06	27
35.84	23
36.33	59
61.91	12
35.5	56
35.2	70
36.12	61
36.74	66
35.32	56
38.12	34
35.43	48
34.51	60
34.22	68
34.58	93
35.73	47
34.25	68
32	68
34.03	66
34.29	107
37.13	53
33.51	64
31.69	40
32.73	3
35.98	27
32.5	52
35.67	25
34.5	53
35.02	90
67.89	1
34.04	70
35.01	58
67.19	5
34.55	65
35.18	52
35.6	39
35.91	58
35.12	42
35.91	50
35.26	34
36.5	59
65.75	2
34.77	51
33.68	38
34.68	112
35.67	56
37.76	65
34.36	38
34.5	66
34.13	64
33.98	54
34.34	43
34.44	52
34.76	70
34.77	111
57.84	5
36.55	58
34.53	50
35.83	124
38.48	28
35.51	20
33.77	17
34.98	61
67.91	4
33.7	69
34.32	58
33.96	52
34.59	62
36.08	60
36.37	68
34.84	116
34.75	63
33.32	58
31.29	17
36.01	44
34.01	65
33.15	96
32.99	69
33.19	32
32.32	111
34.92	121
33.79	68
37.2	50
34.65	68
35.4	49
36.03	44
67.04	0
35.15	63
35.16	61
33.18	70
36.85	57
34.84	60
34.85	39
33.83	52
36.87	42
34.34	62
63.4	8
35.28	65
34.29	22
34.44	66
35.55	72
33.21	69
34.67	112
36.38	53
37.37	43
34.14	60
35.51	60
35.12	60
35.27	113
60.58	4
35.89	57
35.95	30
58.78	12
38.02	16
36.85	90
36.01	54
36.05	33
34.94	33
35.04	88
36.48	93
36.25	68
35.51	106
31.37	28
34.34	34
33.07	51
34.1	69
36.61	94
34.58	63
33.89	60
34.15	103
33.54	57
36.14	104
36.96	52
36.24	50
70.72	5
35.81	62
36.96	70
35.46	59
32.69	70
34.65	21
34.87	70
34.7	59
33.81	65
33.77	58
33.05	38
36.36	30
35.04	76
34.48	98
36.22	96
34.44	39
34.23	52
33.93	66
37.73	69
37.27	20
38.58	62
61.85	4
35.32	56
35.57	105
34.76	20
37.43	58
35.39	100
35.23	70
34.74	17
35.8	50
38.3	41
35.05	55
33.42	112
60.33	2
35.82	69
34.29	67
33.66	55
35.25	22
34.77	47
35.5	64
36.41	70
35.05	70
65.48	0
37.32	43
36.89	50
36.89	81
37.75	54
62.91	1
31.9	69
33.56	24
33.76	105
35.63	60
35.79	22
35.24	70
35.27	43
33.98	28
34.18	61
33.84	36
34.59	72
33.41	122
34.31	108
35.98	51
33.09	96
36.14	63
53.89	1
35.74	77
32.98	20
35.22	39
36.2	63
36.13	41
35.26	22
65.43	3
35.7	58
36.41	47
36.67	63
38.31	67
36.58	65
58.62	4
34.19	110
34.24	67
36.27	57
36.05	81
33.37	20
33.19	61
34.39	75
35.51	28
33.79	42
37.37	70
37.66	26
34.43	43
34.94	42
32.81	29
35.21	65
37.82	28
35.5	121
35.34	91
36.08	47
34.58	19
35.77	25
36.38	45
34.58	55
59.64	13
33.91	59
36.49	44
35.56	43
36.31	86
36.88	68
34.17	67
38.84	54
34.94	67
36.29	54
38.63	54
35.34	106
35.31	56
36.21	22
63.84	2
35.87	54
37.64	41
36.07	103
64.47	0
36.55	58
33.67	62
33.94	51
34.58	51
37.08	85
35.86	52
35.06	38
34.89	48
34.38	102
35.65	63
37.48	62
34.73	86
36.77	31
33.71	64
33.51	69
63.27	3
36.06	41
34.65	97
34.15	27
35.3	47
35.93	48
35.15	61
35.55	68
38.37	52
62.68	1
34.7	104
34.17	33
34.06	87
35.23	67
33.83	67
65.18	4
35.85	61
35.77	47
34.56	63
36.85	20
34.84	48
34.92	80
35.36	32
34.6	100
34.99	119
34.6	36
35	67
34.82	64
58.15	5
35.53	126
35.76	26
36.12	69
34.69	41
65.29	2
32.92	120
36.52	88
36.73	109
35.46	124
34.46	13
36	27
34.06	33
33.89	60
36.27	42
37.44	55
37.39	55
34.71	64
36.5	67
62.09	5
36.11	62
36.27	116
36.78	54
37.34	49
33.36	117
34.89	67
33.51	58
36.22	61
35.26	99
61.9	1
34.96	65
34.46	63
35.55	62
35	92
35.27	42
35.56	45
36.87	60
36.48	48
35.14	98
35.58	29
38.44	25
34.85	60
35.07	38
60.3	11
33.31	16
34.08	20
35.67	107
60.67	4
36.82	54
32.52	57
34.26	53
34.92	35
33.82	55
36.16	65
35.54	98
35.31	69
36.72	50
38.29	61
33.74	58
36.72	50
36.72	50
36.13	54
61.02	6
36.84	67
35.12	23
34.31	44
62.21	3
33.8	5
32.94	63
35.37	40
36.12	53
33.21	68
33.81	13
35.04	107
33.35	26
36.55	34
32.92	110
33.8	72
36.29	76
33.25	95
57.83	8
34.99	98
34.71	111
34	58
35.15	68
34.76	57
37.88	61
35.22	58
36.71	69
35.32	28
65.07	3
36.26	49
37.87	62
35.94	25
35.15	65
35.7	112
61.18	12
36.37	45
35.86	72
35.22	55
37.36	54
35.5	59
35.82	54
35.94	49
35.03	55
35.96	61
34.84	56
36.78	55
35.99	83
36.51	63
36.55	54
34.6	61
36.27	45
65.41	0
35.89	27
38.17	39
34.74	68
34.5	61
32.62	27
31.62	55
33.14	52
32.96	64
34.85	67
33.84	50
33.05	69
35.38	12
32.51	67
33.11	26
34.3	12
34.91	34
35.45	10
33.68	67
36.92	48
34.93	68
33.51	41
34.62	46
33.62	30
35.23	106
35.13	26
34.51	39
60.81	0
34.63	90
35.7	54
35	22
34.07	113
34.77	44
35.01	69
34.74	102
34.28	95
37.89	50
64.77	3
34.74	102
34.74	102
34.74	102
34.97	124
34.47	65
35.6	84
35.37	18
35.62	85
34.78	104
35.43	79
34.1	126
34.13	31
31.81	12
32.44	2
33.15	66
35.05	67
35.31	55
35.43	53
34.82	51
36.63	59
33.43	58
36.52	39
34.83	45
35.94	44
61.91	2
35.1	47
34.8	53
34.47	63
31.91	65
34.53	103
33.08	66
37.08	32
33.92	95
38.42	67
35.77	98
34.51	46
37.78	60
34.57	68
34.18	68
37.62	57
68.88	1
37.78	60
37.05	60
34.86	46
34.6	62
62.14	13
35.46	17
35.16	68
34.91	61
33.55	70
35.26	93
36.21	62
37.43	50
37.08	54
34.99	65
35.25	59
53.45	2
38.34	44
35.1	62
34.78	53
36.42	108
37.22	69
35.69	64
34.81	57
33.93	115
34.57	114
35.41	27
34.41	57
32.96	57
34.71	123
34.29	55
37.18	119
33.56	60
100	0
36.21	58
36.07	58
36.34	38
36.08	37
34.82	50
36.75	40
35.74	60
36.82	56
36.95	21
34.97	33
35.09	68
34.96	60
35.41	102
37.59	55
34.46	55
33.62	69
35.98	54
37.52	82
34.6	68
34.4	114
36.15	54
35.67	64
34.26	15
36.89	54
62.75	3
35	96
34	109
35.5	116
35.56	40
34.75	126
67.11	8
34.31	116
33.64	62
34.75	66
34.27	61
35.42	48
34.59	68
37.63	57
35.4	63
36.42	67
33.49	63
33.83	77
32.58	70
58.58	3
33.8	62
33.81	30
34.91	54
32.62	5
33.02	56
62.23	3
35.6	26
36.89	38
35.86	69
33.46	24
36.98	27
35.74	56
35.56	49
35.04	49
34.54	104
33.04	19
33.14	29
34.84	64
33.92	47
32.19	63
32.6	5
32.06	68
63.57	0
33.81	9
33.32	19
34.59	24
34.71	76
35.92	82
31.82	10
34.62	64
32.62	66
38.6	24
62.87	5
36.17	50
34.9	50
34.03	69
35.96	45
36.88	49
34.15	31
34.42	63
34.81	107
35.09	64
35.09	96
32.84	68
34.89	41
33.4	90
32.38	14
34.46	31
33.77	49
34.99	64
34.41	22
33.83	107
33.8	62
36.34	75
34.82	114
33.84	90
57.27	6
36.67	98
34.72	98
36.61	41
33.45	67
35.31	28
33.96	70
36.34	31
35.7	96
34.67	65
34.7	51
36.85	33
32.51	22
34.86	67
33.74	44
33.52	56
33.4	97
35.01	70
36.93	107
36.05	27
36	55
34.31	60
35.85	47
62.79	16
36.49	28
33.09	60
35.77	63
34.29	41
36.09	97
35.29	65
40.27	46
36.12	35
34.48	58
36.37	125
36.3	50
34.49	21
35.03	36
36.27	69
37.25	29
36.08	48
35.58	50
34.79	25
63.56	6
34.31	69
36.31	56
33.65	69
34.91	66
33.42	63
35.15	62
35.32	54
34.21	57
36.54	32
34.17	69
33.94	125
60.29	1
36.04	11
36.34	67
34.13	69
35.22	82
36.66	42
32.97	23
34.89	17
37.31	41
34.17	32
32.93	5
32.28	63
33.93	59
34.12	47
33.31	54
32.89	70
34.07	92
32.18	5
36.48	49
34.51	69
35.33	49
36.19	112
36.5	61
36.68	45
60.58	5
34.13	70
36.2	25
35.82	52
34.23	55
33.04	63
34.09	55
34.54	21
34.07	63
34.18	70
32.76	70
36.66	42
34.29	104
33.67	114
32.57	87
34.85	17
32.93	5
32.28	63
34.56	90
34.12	47
33.1	54
35.16	66
35.27	38
33.19	42
35.73	26
36.21	49
62.31	9
34.04	69
33.89	49
35.86	64
37.06	65
37.32	27
34.89	102
38.17	57
36.74	55
36.35	51
36.25	69
33.89	32
38.63	37
35.32	59
34.77	41
36.27	28
35.89	65
35.11	57
36.65	37
36.71	55
35.8	94
36.24	28
33.71	64
60.3	0
37.18	59
35.73	116
37.2	65
36.77	98
35.73	70
38.45	52
37.33	93
61.82	0
36.36	72
36.29	46
37.84	33
35.7	7
32.79	52
35.94	96
34.11	58
34.22	65
35.1	96
34.67	39
34.3	56
33.16	92
35.9	63
36.17	46
60.07	5
33.38	94
36.29	45
34.37	65
36.39	57
33.41	57
33.64	109
35.84	44
70.54	3
34.64	11
36.18	72
34.12	70
33.92	67
37.08	68
36.02	61
34.47	87
35.31	39
38.2	37
34.82	105
35.24	66
35.41	38
35.32	90
36.37	38
34.07	69
35.29	57
34.77	37
35.38	46
36.19	92
36.19	97
35.99	56
35	59
32.97	62
34.65	2
35.1	119
33.96	65
42.27	96
36.91	35
32.82	67
56.28	3
34.18	2
34.09	70
34.84	115
35.97	28
34.87	106
37.64	38
35.92	78
36.55	112
34.88	80
36.82	71
35.37	47
35.65	63
34.65	57
38.03	54
36.16	55
57.76	10
36.21	35
36.86	52
37.63	56
34.68	70
34.18	58
35.16	85
35.6	69
35.73	58
33.66	19
34.65	61
35.51	51
34.97	98
60.01	1
37.43	91
35.7	48
66.7	13
34.89	66
37.72	56
34.95	39
33.91	51
36.78	61
37.41	68
34.32	66
36.68	41
37.13	39
35.51	56
35.48	55
37.85	64
55.81	36
36.39	63
35.29	66
35.08	65
35.47	100
35.27	126
33.74	77
55.59	1
35.49	96
35.22	52
37.02	59
35.3	52
35.81	55
37.37	51
36.74	36
36.87	49
35.81	17
37.91	56
36.6	47
34.73	122
35.6	47
35.26	93
63.72	3
33.96	61
35.04	42
34.89	31
36.68	58
34.35	64
35.36	55
36.32	23
34.07	61
36.16	46
34.74	49
35.66	57
34.8	58
35.1	69
36.14	100
34.76	124
34.48	33
37.27	64
36.91	45
36.09	75
55.4	46
33.95	64
37.06	73
33.13	68
33.99	65
33.67	63
33.58	56
65.2	0
36.69	54
35.63	73
37.13	45
35.08	109
35.83	60
37.32	67
38.48	60
35.6	69
38.15	24
36.28	46
35.46	25
35.05	37
35.28	122
36.41	39
67.14	5
34.98	17
33.67	70
32.98	119
33.92	104
35.52	64
36.26	39
36.09	49
63.65	1
34.22	56
34.27	7
34.08	48
37.35	53
38.27	24
35.12	58
37	59
34.65	61
38.3	63
61.39	1
35.53	36
34.22	69
35.34	53
36.11	46
34.37	29
36.04	77
35.41	62
36.17	60
37.05	46
33.51	6
35.17	49
60.94	3
35.82	60
35.95	49
36.34	69
35.02	43
37.13	45
37.1	73
36.15	101
61.21	15
36.28	66
36.56	47
33.5	69
36.57	39
34.12	11
34.88	11
36.97	57
33.15	66
35.18	49
33.3	58
36.13	22
36.02	60
33.98	42
32.86	65
32.68	66
35.2	28
34.54	125
34.72	40
33.91	85
35.12	58
35.53	43
34.78	33
35.09	62
35.39	17
36.46	48
34.53	67
35.69	65
34.99	51
34.88	78
36.21	105
35.68	29
35.35	68
36.41	44
36.6	67
33.64	68
34.51	10
35.48	54
35.52	124
34.6	68
34.48	100
36.11	68
33.63	65
32.91	26
35.5	63
35.8	11
33.82	57
36.53	68
34.82	51
35.09	42
34.78	54
33.66	120
34.63	83
65.75	0
35.2	32
32.81	63
33.88	28
33.6	36
35.91	72
35.35	48
36.5	21
32.12	34
35.08	126
36.96	21
37.34	27
35.99	98
36.04	88
34.04	25
35.49	100
37.36	64
61.97	1
35.07	59
36.76	109
32.87	51
35.27	50
35.71	76
35.65	64
33.45	79
31.49	67
35.98	57
36.12	18
59.12	8
34.29	42
33.23	17
33.87	39
36.27	107
33.46	41
33.51	64
34.33	112
34.44	69
35.12	28
33.58	68
33.2	69
32.95	12
33.23	17
35.69	86
33.2	69
33.88	69
34.85	28
36.86	39
33.62	43
35.15	41
36.75	107
31.63	65
33.8	69
32.91	70
53.77	45
33.65	57
35.5	87
38.67	43
34.24	67
34.37	119
36.34	61
34.27	20
33.46	4
33.93	60
34.44	31
36.55	42
35.74	56
33.91	24
34.39	58
68.47	4
34.33	65
35.2	62
34.73	43
37.67	64
36.08	65
34.05	31
34.13	64
34.27	64
34.63	61
34.63	61
34.73	43
34.01	64
33.75	67
35.33	32
35.97	63
35.05	59
32.25	59
59.19	4
34.64	102
34.56	18
34.7	107
33.27	34
36.58	20
40.84	99
35.72	56
33.09	57
34.96	63
34.55	68
33.12	60
36.01	101
34.17	60
35.4	41
34.13	35
34.12	26
35.43	64
38.27	29
34.85	46
33.65	41
33.49	47
32.61	70
36.6	15
33.42	67
33.98	70
64.08	1
32.3	15
34.72	68
35.21	61
35.44	67
32.84	70
33.61	10
36.12	39
57.65	1
34.61	24
35.25	67
33.25	58
34	66
33.75	49
34.12	62
34	55
34.37	108
33.56	57
35.18	51
35.07	68
63.92	10
34.94	67
38.56	32
36.44	53
38.34	35
36.81	66
35.44	63
34.77	60
34.65	47
34.8	18
35.48	62
34.87	64
33.58	7
35.39	16
34.39	33
35	104
36.79	43
65.15	1
34.71	109
36.34	39
35.72	86
34.41	50
33.05	69
35.47	59
34.96	13
36.47	33
33.13	10
34.63	68
33.61	58
37.02	40
34.56	67
36.91	37
35.54	64
32.19	69
38.72	37
33.51	62
35.6	62
34.69	31
32.31	12
34.42	70
34.89	62
35.2	125
33.55	41
35.58	22
34.08	57
33.52	123
34.05	29
34.1	89
36.67	34
35.82	28
35.4	57
63.32	0
32.48	68
32.19	63
32.03	65
33.92	47
33.55	54
34.72	64
33.01	36
36.86	68
35.06	111
33.37	54
34.39	62
36.94	7
34.65	49
35.86	63
38.46	35
35.31	46
36.09	93
35.53	52
59.9	21
36.53	61
34.73	32
35.57	41
35.63	50
36.27	86
36.18	65
36.77	65
34.41	20
33.41	36
36.37	76
36.67	49
34.78	23
34.74	77
36.41	9
34.84	126
33.05	13
34.56	67
36.39	56
36.75	53
35.05	48
35.47	63
34.34	69
36.33	25
39.24	27
36.13	33
37.92	39
57.58	12
33.55	121
35.01	51
32.31	66
37.75	35
33.24	52
33.03	63
31.71	3
36.29	62
34.18	42
34.43	38
34.79	56
34.62	70
34.47	94
36.2	35
34.32	10
35.5	67
35.63	70
35.57	27
35.49	96
36.52	34
34.35	95
35.41	59
35.06	32
65.93	1
36.7	70
34.49	53
38	29
37.08	50
35.64	40
34.87	35
31.86	40
34.65	125
32.17	38
49.23	4
34.78	91
34.84	70
34.53	50
32.52	28
32.77	10
35.12	64
34.59	92
35.73	64
35.7	37
34.17	35
36.58	68
36.36	65
35.82	17
35.82	36
34.72	56
35.62	111
34.55	52
36.39	61
37.21	91
35.39	64
35.12	73
34.89	126
65.35	2
35.83	66
37.07	41
35.84	67
35.27	70
32.15	13
36.15	78
62.35	7
33.8	117
36.08	62
34.53	40
35.77	45
35.44	7
33.53	65
34.89	69
34.41	68
33.63	70
36.1	44
34.22	28
35.03	52
30.42	70
34.58	45
35.52	115
35.29	70
34.37	115
36.95	52
37.15	38
34.62	55
34.99	28
37.19	49
36.46	44
35.41	89
34.91	87
32.75	51
34.94	76
33.61	64
37.4	56
34.23	124
34.79	70
36.01	34
36.91	38
34.13	47
34.95	60
34.43	51
34.7	94
34.23	68
34.5	42
33.71	70
33.64	124
34.54	68
34.22	25
37.43	59
32.01	69
34.51	67
35.1	55
34.82	40
35.67	64
33.89	118
32.43	63
35.03	104
36.62	67
32.82	45
32.74	70
36.82	62
32.84	68
64.08	1
31.62	66
37.34	34
37.34	31
34.5	69
34.22	9
34	34
34.22	56
37.37	57
36.97	98
36.85	85
36.59	69
36.86	98
35.13	114
34.06	32
62.82	0
37.04	63
35.29	43
40.34	81
33.58	70
34.17	63
34.68	69
34.82	84
32.6	25
37.15	39
35.18	15
36.11	15
36.2	64
35.2	42
36.68	52
36.02	57
35.89	6
33.62	69
36.58	54
34.4	61
59.65	9
36.35	43
36.35	43
35.23	62
63.1	12
37.14	111
36.11	111
36.72	12
35.68	57
38.27	46
35.14	108
35.18	58
36.32	61
36.53	61
34.44	51
35.96	36
35.25	97
33.35	61
35.43	99
36.37	55
34.89	44
36.9	57
34.36	48
35.65	58
34.31	40
34.84	53
34.42	87
62.73	6
35.12	70
33.55	35
36.03	45
34.06	45
35.01	69
36.47	31
34.15	62
35.81	69
36.05	18
63.92	0
35.66	106
37.09	64
35.47	39
38.22	17
37.3	50
34.18	44
34.63	40
37.15	40
35.51	54
35.71	16
34.5	66
35.39	39
35.31	85
35.92	18
35.58	89
33.63	56
35.43	25
35.91	54
37.76	39
34.43	64
35.01	69
34.67	55
33.88	54
33.57	12
34.7	56
35.22	74
35.62	113
34.58	41
35.37	23
37.04	38
33.91	32
34.15	54
34.55	76
63.11	0
35.73	66
34.19	50
33.41	23
31.98	66
36.96	65
33.09	63
33.22	25
33.74	16
36.03	55
34.35	118
33.66	77
34.02	121
36.92	59
34.75	66
35.25	60
36.88	64
35.58	59
37.51	48
37.62	43
35.58	63
63.72	1
36.7	59
36.08	33
35.19	45
59.23	11
34.38	74
33.09	18
35.87	109
34.01	120
35.18	17
33.71	60
33.15	65
35.45	68
37.63	31
34.6	69
36.72	36
37.63	31
59.3	3
33.79	29
35.24	61
36.44	52
34.34	88
35.41	64
38.41	39
59.5	7
38.9	56
34.76	40
35.18	62
36.16	103
34.72	100
33.51	65
34.32	10
36.29	124
36.5	51
36.48	61
35.2	53
65.47	3
35.78	28
32.62	51
37.72	53
35.17	15
35.69	84
37.27	64
35.91	64
33.2	23
34.08	43
34.12	115
34.6	43
33.46	39
33.95	47
35.37	68
34.17	70
36.75	61
34.27	41
36.03	50
35.01	94
35.87	58
37.71	51
33.87	70
34.78	63
58.69	9
35.85	40
35.02	49
36.28	70
33.7	66
62.93	6
34.39	54
34.84	64
33.17	69
34.78	98
33.92	34
35.25	17
34.42	24
32.87	53
37.7	28
35.68	55
33.6	112
35.1	49
35.56	66
35.91	41
59.21	8
36.57	63
33.56	59
35.18	58
33.62	70
36.25	66
33.83	46
35.79	68
65.48	4
36.22	87
34.93	54
35.8	63
38.77	45
34.25	57
34.17	17
33.27	53
33.53	40
35.4	109
34.27	61
33.71	31
66.95	5
34.6	66
61.5	11
35.79	45
34.26	67
36.2	64
35.69	97
34.66	93
34.39	70
35.76	75
34.78	70
36.53	46
35.35	33
36.56	57
36.85	44
33.41	62
35.68	39
35.47	31
37.07	21
66.44	5
34.74	66
36.84	38
35.75	56
37.46	40
60.67	10
34.36	62
35.22	55
35.65	60
36.19	58
36.03	65
37.81	53
35.83	49
36.24	67
36.41	64
39.01	52
36.54	97
35.75	96
37.98	71
62.03	17
36.12	56
34.73	70
36.68	73
36.54	46
37.09	37
34.57	56
35.39	44
34.46	60
33.73	63
65.87	8
36.44	101
35.47	64
37.59	32
34.93	51
34.85	56
34.46	49
34.72	63
33.01	68
34.68	66
35.75	68
34.86	64
35.42	63
33.96	55
34.81	65
35.22	69
32.02	70
33.77	65
34.67	59
34.24	28
35.91	68
34.89	37
60.89	0
32.79	54
33.18	21
34.79	42
34.89	57
34.89	57
33.57	97
34.44	58
33.43	60
35.85	55
35.41	42
33.82	65
35.24	44
61.4	9
35.63	42
35.92	38
35.54	68
35.51	36
35.93	40
34.42	56
35.72	68
34.24	56
65.71	2
32.66	65
35.76	13
34.81	79
33.66	40
34.39	63
35.55	63
34.89	55
36.27	67
34.61	65
34.89	62
34	9
60.53	11
35.71	62
36.55	60
35.54	69
38.22	57
35.38	49
34.52	62
37.22	48
66.3	3
35.91	12
37.03	61
34.31	70
32.99	69
33.97	68
34.31	55
35.15	44
34.7	126
37	44
34.53	43
33.19	60
33.57	17
32.28	104
34.76	59
31.15	56
54.15	8
34.31	61
34.76	117
34.99	120
34.14	55
34.55	42
35.46	56
35.75	64
36.23	55
33.71	68
34	93
34.32	68
64.72	2
32.5	29
35.25	100
33.41	68
33.23	59
34.1	35
33.98	66
65.57	1
34.8	14
35.17	30
32.62	45
35.77	56
37.41	51
38.74	60
35.65	52
36.28	58
67.75	9
36.05	60
33.94	24
35.48	55
35.68	124
36.57	65
36.12	59
35.22	67
35.72	99
35.53	58
33.05	12
36.28	65
33.62	69
36.36	103
37.15	34
58.75	16
33.43	27
35.11	53
35.46	36
59.75	4
36.06	58
34.56	26
33.56	28
34.27	114
33.11	57
35.31	40
37.15	36
37.59	68
63.97	2
38.63	41
38.42	51
36.29	69
36.95	65
36.66	65
36.61	31
35.12	62
32.41	12
61.33	2
36.15	33
34.93	56
34.86	60
36.96	75
33.87	99
34.79	22
34.17	89
33.51	98
34.86	24
34.9	24
33.59	63
32.64	68
34.48	97
33	61
33.34	37
65.58	2
35.34	14
36.19	35
34.6	53
33.93	125
33.83	67
32.35	90
34.55	68
59.76	3
36.01	53
32.64	19
34.29	36
34.94	54
35.9	70
32.41	30
35.36	50
35.14	42
36.58	31
33.18	122
33.86	60
34.47	52
37.37	59
33.08	68
52.53	15
35.74	60
33.73	24
36.36	70
35.7	56
34.72	70
33.98	6
35.77	53
33.53	62
37.94	70
36.1	54
35.32	44
35.62	53
34.62	30
35.39	61
35.83	45
34.23	22
32.97	36
35.7	61
37.18	32
35.65	19
35.86	56
36.31	67
34.39	116
34.77	68
34.5	121
35.47	44
34.44	69
35.1	56
34.93	21
56.94	11
34.06	52
35.34	104
32.84	56
32.86	70
32.93	32
35.12	99
35.24	49
35.5	40
36.87	44
63.47	4
33.17	68
32.72	67
37.12	110
35.47	25
34.86	46
35.22	65
34.56	57
34.31	98
34.31	106
37.49	32
33.3	66
35.87	69
32.4	56
33.54	68
33.65	41
34.75	16
35.19	77
33.98	61
33.48	46
35.6	20
35.77	63
35.81	58
34.53	60
33.43	50
34.67	97
34.33	62
33.27	17
35.94	70
34.96	43
34.74	17
34.3	69
36.41	41
32.68	101
36.37	57
33.42	119
34.82	65
35.01	58
63.56	12
34.12	54
36.2	46
36.28	53
34.6	112
35.96	45
35.7	44
34.98	69
34.57	54
64.04	7
33.37	60
35.18	17
35.28	55
61.42	3
34.32	39
34.33	59
34.23	49
36.57	112
33.06	27
35.37	68
34.75	56
34.44	43
34.7	38
36.22	46
61.31	2
34.43	62
35.18	67
34.99	44
33.58	83
34.63	58
34.05	17
37.65	37
32.82	64
34.42	68
66.47	4
33.67	67
35.35	66
34.92	6
34.78	47
35.71	31
36.2	40
34.25	37
34.37	63
34.8	63
32.58	63
35.17	49
33.51	68
62.87	0
37.62	15
32.94	40
35.32	66
35.99	10
33.13	36
36.01	40
35.4	56
36.17	36
34.82	62
35.85	56
34.61	117
35.51	43
35.79	67
34.86	56
35.43	57
35.43	57
38.32	57
61.48	12
38.15	56
37.14	68
37.41	45
38.66	75
37.21	50
38.54	37
33.44	27
35.7	32
31.68	8
31.93	70
35.44	111
32.73	35
33.09	60
35.93	56
33.6	61
35.88	41
34.06	40
33.71	55
32.68	24
34.3	52
33.06	37
34.71	39
33.57	117
34.22	52
34.47	47
34.44	97
36.84	69
34.5	66
36.93	59
37.12	40
35.97	81
36.39	57
36.91	53
35.46	42
34.29	27
60.29	16
33.88	70
34.16	111
35.98	42
35.18	65
37.98	68
33.51	64
34.08	29
33.2	62
36.91	66
65.77	1
36.18	70
32.99	112
35.53	59
33.96	98
32.06	70
34.57	39
34.43	47
32.86	42
32.88	95
35.16	67
36.39	35
34.21	61
31.79	61
35.02	27
36.18	22
36.95	50
33.86	37
57.78	3
33.1	63
35.05	50
32.37	40
33.81	105
60.39	6
35.31	63
34.91	51
34.18	63
38.26	40
34.19	50
34.1	33
32.41	60
35.31	68
36.45	65
34.89	27
34.48	75
34.35	22
33.77	60
33.31	52
34.32	43
34.27	35
33.86	62
34.13	69
35.06	67
36.09	12
35.93	53
37.74	67
35.48	39
62.11	16
35.57	63
35.33	96
35.89	6
34.35	77
36.08	28
33.88	38
35.25	18
34.19	89
33	40
34.24	65
31.4	51
30.96	23
33.06	47
35.71	100
35.05	68
37.77	22
36.03	46
35.27	40
33.85	35
33.63	15
34.55	67
54.63	37
36.72	59
34.5	26
33.97	104
34.08	68
35.82	47
36.63	41
33.7	116
31.22	40
34.03	91
32.18	64
32.89	109
34.35	157
33.56	73
35.69	10
34.39	73
33.38	72
33.75	154
36.28	46
36.26	61
33.29	72
34.73	43
33.67	73
34.86	67
33.88	56
34.47	78
33.92	63
38.36	50
37.1	43
36.28	69
36.16	73
35.12	51
37.35	21
33.24	55
34.63	79
33.5	65
34.18	56
34.85	78
35.18	51
35.31	62
34.22	66
33.39	65
36.53	68
33.56	25
33.56	25
34.34	111
33.71	55
34.37	78
31.27	79
36.77	36
32.44	57
33.56	25
37.38	48
34.79	48
34.68	118
33.56	25
34.19	15
36.1	22
34.91	56
33.73	97
33.67	66
35.43	57
33.24	55
48.18	55
34.51	69
35.02	85
34.83	59
31.74	75
33.7	64
35.98	39
31.85	73
33.58	73
33.13	37
33.58	72
33.08	52
33.93	85
32.8	78
33.74	68
32.49	79
35.89	71
33.55	54
34.33	56
33.43	73
34.31	78
32.06	79
35.15	105
33.4	70
34.31	78
32.63	76
34.58	24
34.1	72
34.65	74
32.66	78
32.2	46
35.14	32
37.43	36
34.94	53
32.53	78
33.84	76
34.25	74
34.21	56
36.19	48
35.48	61
35.83	102
35.24	68
33.51	66
33.47	59
32.03	72
34.82	153
36.12	52
34.48	31
34.39	27
36.71	66
34.24	35
37.15	60
37.32	60
33.55	77
36.05	56
33.26	22
35.82	78
37.32	40
34.1	66
36.63	8
34.83	129
37.04	31
36.16	47
35.93	35
34.72	56
37.46	46
33.22	71
37.58	59
34.88	72
34.39	27
36.97	57
36.18	43
34.97	70
34.94	66
31.39	79
37.8	61
33.97	131
36.44	54
47.44	67
33.87	72
35.92	72
34.56	79
35.87	48
33.02	70
37.34	46
33.48	76
34.03	18
35.85	61
35.02	83
33.5	64
35.81	48
33.29	73
34.62	41
33.36	105
33.94	137
34.87	70
34.62	20
34.75	69
34.52	61
32.06	74
31.78	79
31.86	71
35.05	64
33.62	58
33.86	71
35.72	75
32.88	77
32.95	48
34.18	57
34.28	51
33.23	71
31.6	77
36.02	70
34.03	41
33.79	76
36.24	66
34.39	45
35.17	78
34.22	141
35.7	71
34.88	125
33.33	72
33.12	79
33.5	78
35.34	85
31.86	76
35.2	53
35.01	38
36.09	66
34.04	93
34.24	71
46.01	96
35.18	36
33.8	72
33.71	70
35.43	73
33.37	69
33.04	74
35.36	44
34.19	130
33.32	59
34.43	76
35.35	51
33.88	44
35.02	130
34.66	66
34.77	110
33.41	27
36.51	44
35.93	61
34.34	28
36.42	62
36.07	66
36.46	62
36.08	66
32.65	69
35.33	40
34.72	39
35.15	55
35.15	55
31.98	47
34.04	30
35.15	55
35.15	55
35.15	55
32.28	75
34.13	74
34.58	77
47.83	68
33.86	58
33.93	47
32.05	68
34.89	73
34.89	73
34.64	50
34.64	50
34.1	84
35.27	58
33.99	78
34.38	61
33.47	25
35.1	79
32.53	65
32.53	65
37.77	50
33.03	70
34.44	64
35.11	29
35.2	46
33.75	71
35.13	38
34.94	78
36.89	44
36.89	44
36.89	44
34.58	124
35.01	107
37.7	56
32.57	71
32.48	76
36.49	50
34.25	69
33.12	21
34.01	73
36.25	34
32.6	78
34.79	72
35.31	47
33.94	131
33.04	77
35.07	121
38.06	28
34.71	46
36.11	18
34.17	52
34.82	76
35.86	156
34.23	59
32.36	79
