sim	len_diff
34.02	129
34.12	159
34.48	98
33.83	128
35.79	104
33.69	116
34.56	88
35.57	20
34.58	125
32.74	131
34.15	81
33.1	241
34.61	120
33.96	121
33.05	127
33.28	129
34.94	63
34	169
34.27	108
32.2	119
33.23	131
34.41	232
35.54	89
34.65	254
34.69	101
34.21	142
34.15	106
33.43	124
34.08	109
35.11	118
33.18	263
34.71	95
34.71	95
34.71	95
33.69	201
31.13	22
32.53	113
33.14	131
33.45	115
34.23	248
34.51	94
32.25	133
32.88	96
34.09	199
33.97	192
33.35	121
35.04	42
35.04	42
34.15	85
32.66	121
33.01	250
34.62	131
31.74	118
33.77	113
32.82	235
33.98	120
34.41	69
32.57	116
32.61	74
32.76	112
33.4	248
35.75	77
31.73	133
31.73	133
32.54	104
34.35	78
35.26	124
32.46	131
32.49	131
34.29	177
32.99	133
34.74	89
34.23	56
33.44	115
33.43	123
33.43	123
34.68	71
33.9	95
31.79	123
31.97	129
33.45	135
32.53	62
32.52	111
32.33	66
32.34	129
33.81	45
32.66	134
33.8	113
33.58	119
33.74	132
32.5	133
33.79	213
33.28	132
33.42	133
33.42	104
34.67	111
34.63	186
34.82	113
33.28	132
34.02	126
33.38	132
36.3	100
34.02	123
34.04	135
35.63	126
32.13	135
34.31	127
36.24	81
35.61	112
34.55	190
32.86	133
34.96	92
34.05	97
33.96	128
32.8	106
33.9	120
32.48	135
31.72	127
35.7	108
32.25	127
35.04	113
34.8	163
34.02	102
35.21	95
33.48	124
36.54	83
34.94	112
33.18	113
34.4	119
33.98	106
34.35	80
34.91	48
33.14	8
30.75	133
33.83	62
33.18	112
34.61	88
33.63	122
32.65	84
34.46	102
35.54	79
33.41	98
31.6	132
33.75	115
33.94	132
33.42	117
34.3	111
35.63	115
34.25	124
34.37	95
33.22	134
33.77	124
32.97	132
34.41	111
33.14	113
33.73	113
34.91	67
34.04	116
34.43	192
33.19	102
34.02	83
32.54	129
32.83	124
34.59	103
32.86	131
33.76	94
32.84	129
32.03	134
34.65	116
33.93	93
33.39	135
31.47	134
34.48	70
32.87	126
32.43	118
33	132
33.14	113
32.77	29
35.09	42
31.89	37
33.39	51
33.71	250
33.86	191
33.36	121
35.3	114
35.34	74
33.25	57
33.57	78
32.31	129
33.69	111
32.81	120
34.57	128
34.85	100
33.29	45
35.09	50
34.69	50
33.96	123
33.36	139
34.32	106
33.08	117
35.56	148
35.66	105
32.85	124
34.33	104
34.86	100
33.98	103
35.02	105
34.22	117
34.57	118
33.08	128
31.92	124
33.91	123
35.7	83
32.6	116
34.95	105
33.56	268
33.69	102
33.11	269
32.7	132
33.22	131
35.54	94
31.62	79
33.75	132
32.28	133
31.38	135
32.71	133
33.54	110
33.02	103
34.67	116
35.46	100
34.63	106
33.18	117
35.06	88
31.91	130
34.63	104
33	131
34.7	134
33.01	111
32.79	116
33.2	119
34.4	114
34.18	62
32.94	127
35.45	101
32.74	123
31.25	135
33.14	132
32.24	123
32.72	127
34.01	199
34.97	105
34.61	219
34.64	208
32.98	77
34.18	84
33.73	221
33.67	228
33.78	91
34.37	78
34.45	107
32.44	128
32.37	135
33.8	128
31.53	133
33.39	132
34.82	107
34.26	189
34.07	111
32.95	118
33.7	133
34.71	124
36.26	96
32.81	135
34.45	39
32.74	132
32.43	135
34.14	128
33.2	129
32.47	133
34.35	132
33.17	110
33.48	228
33.09	156
33.52	131
35.54	91
34.21	142
32.83	254
35.26	155
35.3	101
34.04	116
34.22	76
33.82	133
34.72	140
36.67	101
34.69	111
35.42	165
33.52	134
34.56	118
32.8	108
35.41	112
32.97	95
34.38	124
35.94	100
34.81	122
33.66	122
34.39	115
34.36	122
35.97	128
35.03	95
36.11	89
35.47	83
36.33	74
35.93	93
36.59	60
36.5	107
34.54	118
33.14	131
35.9	60
36.49	105
33.95	124
34.6	89
35.01	98
31.87	135
35.54	125
35.32	97
35.63	30
35.54	51
35.79	113
34.47	131
34.99	242
33.76	38
33.55	132
34.09	31
35.61	100
36.15	82
36.21	69
33.77	69
32.7	135
36.96	72
34.7	125
31.87	135
36.91	33
35.53	97
33.12	125
35.36	87
35.68	120
33.74	98
36.04	112
34.69	227
36.37	113
33.5	100
33.27	172
33.65	94
33.99	149
32.88	43
33.81	43
32.81	118
32.95	112
32.25	91
32.73	114
35.35	94
37.74	91
34.82	119
35.86	174
35.95	31
34.01	111
34.51	114
37.53	130
37.82	84
36.66	132
33.76	95
33.56	108
34.21	59
33.75	115
33.72	115
34.06	50
34.61	174
34.05	103
34.68	77
32.94	25
33.74	167
32.96	56
32.82	95
33.64	79
32.23	95
31.78	102
34.17	69
32.59	84
33.15	26
32.91	173
37.03	153
37.4	99
36.15	110
37.34	79
34.55	81
36.79	66
34.57	115
37.3	112
36.17	120
35.03	182
35.77	108
36.97	106
34.11	8
35.68	116
42.61	18
35.54	20
36.8	196
38.28	107
36.31	123
36.69	79
34.22	58
34.57	72
34.45	73
32.34	111
34.32	72
34.79	83
34.44	97
33.13	85
32.73	101
32.53	101
34.52	214
34.11	179
34.42	168
33.64	86
31.47	32
33.15	96
32.52	54
34.28	117
35.22	64
35.16	111
36.11	24
35.33	68
34.95	110
37.06	88
34.77	112
35.1	66
36.63	100
36.92	154
36.25	65
37.03	110
35.34	106
36.19	67
34.54	119
36.69	95
37.04	100
36.34	113
35.56	87
36.97	212
36.92	84
36.74	203
35.36	212
35.2	70
33.41	107
34.42	99
34.21	71
36.18	95
36.17	80
35.34	87
33.59	100
34.85	73
37.91	92
34.32	92
36.14	79
36.66	113
37.28	90
33.77	116
34.89	115
37.95	76
35.22	105
36.09	117
32.42	117
34.29	121
33.94	48
32.26	95
34.31	101
32.73	100
34.01	170
31.64	39
33.22	182
33.88	142
35.47	87
33.29	111
33.59	155
33.25	108
33.18	70
33.23	63
34.39	102
33.34	93
35.14	81
32.96	114
36.6	76
36.01	182
34.06	70
35.67	196
35.16	106
35.4	82
33.96	115
33.23	50
34.83	55
34.31	101
33.58	92
34	159
33.52	109
32.67	88
33.61	112
32.54	113
36.8	105
33.17	96
33.98	70
32.83	24
37.75	83
35.54	83
35.91	178
35.8	71
35.91	63
34.03	174
36.28	75
38.06	68
35.84	104
35.77	138
34.36	56
33.87	61
33.94	84
31.96	29
34.87	104
35.31	98
34.6	156
32.31	12
35.05	73
33.39	9
34.84	126
34.84	126
33.44	183
32.98	73
32.52	106
33.36	113
35.11	45
33.48	183
33.5	86
35.2	126
36.54	41
36	71
37.13	78
37.56	146
36.33	66
35.06	75
36.12	49
35.43	81
35.24	83
37.27	100
35.71	96
34.86	112
35.49	89
36.76	53
35.3	199
38.46	20
37.13	61
34.66	186
35.45	160
34.99	106
34.72	58
35.06	133
32.57	16
35.5	104
35.08	32
33.09	119
33.07	112
35.92	84
34.76	119
34.96	189
35.43	120
35.6	50
35.91	147
35.05	70
35.93	109
34.37	118
36.07	69
34.82	95
34.55	108
36.3	108
33.92	100
31.78	8
32.87	95
33.38	62
32.68	85
34.07	175
33.91	60
32.66	97
33.33	114
35.09	188
35.18	102
37.28	37
40.6	17
35.84	33
35.05	31
34.82	114
34.51	117
37.21	90
35.29	118
35.85	104
35.68	67
35.15	203
33.22	118
36.48	54
34.98	209
34.2	47
35.3	115
35.39	108
35.83	89
33.94	103
35.57	104
35.96	44
36.33	66
35.47	77
33.7	116
36.48	105
35.78	113
36.34	107
34	108
35.44	105
36.16	90
32.11	55
33.69	59
34.43	73
35.78	96
35.12	83
33.76	53
33.38	30
32.35	59
34.9	104
32.07	17
32.07	17
32.19	17
35.61	97
32.68	92
35.97	99
32.07	17
34.33	107
36.22	104
34.84	71
37.09	107
37.34	48
36.71	67
36.89	88
36.21	130
36.85	19
38.96	79
36.58	88
35.63	98
35.42	113
34.85	207
38.07	113
36.4	106
35.43	12
34.95	107
36.99	23
36.04	118
36.19	49
37.84	55
34.65	117
37.42	61
35.57	22
36.7	92
36.16	99
35.74	150
35.35	112
35.36	117
36.83	72
35.2	139
35.24	57
33.63	87
35.83	126
33.11	93
33.66	86
33.76	102
34.17	117
32.9	117
34.06	160
32.96	112
33.13	101
34.53	86
32.43	117
34.86	168
33.56	99
35.07	67
34.89	57
33.25	104
33.7	81
35.54	197
35.14	49
32.89	96
32.22	72
34.85	63
32.14	66
33.81	85
33.69	115
32.42	188
33.83	91
33.16	91
32.65	81
35.37	97
36.81	88
34.2	29
34.11	29
34.28	88
35.11	113
36.32	93
33.89	38
36.75	84
34.26	107
38.38	78
35.15	120
37.55	101
38.38	78
36.48	34
35.1	113
37.35	41
36.16	108
35.7	84
37.47	94
33.87	181
32.25	104
32.87	12
34.64	114
31.87	88
33.05	21
34.83	106
31.66	18
35.06	78
31.44	10
33.39	114
34.77	89
31.49	116
33.27	66
33.64	188
32.91	119
33.17	83
34.46	96
33.22	88
31.49	119
32.47	57
33.66	98
34.2	44
33.88	87
33.2	107
33.81	109
35.22	68
33.96	109
33.81	166
34.18	114
37.86	80
36.01	106
36.33	73
36.58	89
36.95	104
33.91	8
36.28	97
37.28	164
35.68	47
35.36	86
32.87	117
33.34	92
31.9	81
32.49	139
37.1	51
33.23	63
33.58	86
35.57	90
33.96	47
33.48	109
34.21	30
33.54	114
34.54	92
35.12	183
34.31	179
35.16	102
32.88	105
35.09	95
35.36	116
35.76	89
32.99	9
35.2	107
35.89	140
35.8	45
36.28	86
35.77	156
34.23	107
34.53	120
36.04	94
35.13	107
35.98	104
35.74	107
35.73	111
34.22	51
36.91	83
34.43	110
36.36	173
36.55	164
33.81	91
34.64	36
33.39	50
33.45	140
31.77	85
33.78	142
32.58	206
32.95	109
34.01	48
33.35	47
33.53	60
32.57	74
30.72	3
34.51	70
35.34	87
33.39	105
35.38	116
34.94	90
35.25	47
33.43	93
33.51	99
34.53	141
43.59	13
38.2	78
36.47	107
37.29	118
37.44	98
36.92	91
37.15	186
34.85	116
37.8	78
36.16	104
32.94	113
35.78	116
35.29	152
35.11	102
35.74	22
35.8	27
35.54	95
35.76	108
35.27	26
33.25	119
34.61	112
33.23	117
33.89	40
32.9	15
34.23	135
32.25	33
32.5	93
32.32	111
32.5	93
31.8	113
33.56	120
33.73	103
36.63	101
35.72	83
35.89	75
34.72	40
33.97	117
36.14	104
36.4	102
33.36	115
36.07	142
35.5	68
36.05	88
36.64	89
35.67	99
36.2	75
35.71	100
35.54	91
36.05	63
34.87	35
35.46	93
34.91	102
35.79	113
35.32	68
36.95	85
35.68	129
36.66	111
35.68	197
33.59	31
36.42	96
36.95	100
34.44	117
35.65	118
35.6	214
35.68	113
37.78	64
36.26	174
35.3	33
36.13	84
35.84	215
34.93	123
35.81	29
33.81	101
34.55	98
36.24	77
34.41	163
34.94	94
34.69	175
34.45	194
35.66	192
44.96	22
36.09	162
36.07	161
38.05	70
35.83	120
34.73	102
33.6	96
37.23	81
35.01	100
34.76	115
36.51	209
34.23	116
35.17	106
36.55	99
36.26	144
36.51	92
36.29	70
35.36	107
35.74	99
37.65	81
35.04	97
33.21	101
34.47	190
36.16	105
33.26	109
35.32	71
36.57	120
34.94	118
35.26	45
32.39	21
33.24	97
33.83	16
34.35	82
33.14	117
35.21	115
34.45	62
33.9	114
34.09	83
34.32	64
35.56	141
35.16	117
33.8	105
34.5	114
33.89	115
34.3	120
33.72	209
34.75	74
33.52	95
35.5	85
34.59	79
32.8	114
32.23	109
33.35	114
34.49	78
34.02	132
34.2	116
33.13	30
33.26	120
35.82	92
32.6	107
36.37	111
36.07	67
37.14	142
33.89	22
36.38	85
37.79	60
35.96	92
35.49	23
38.48	101
34.84	59
34.21	51
33.97	115
34.64	109
35	155
35.07	54
36.19	158
34.43	49
33.9	99
35.43	112
37.39	105
33.59	120
35.82	82
32.05	62
33.56	33
34.4	156
35.04	84
31.29	104
33.18	115
34.91	93
36.28	65
34.54	105
34.94	88
33.12	168
33.03	117
36.1	74
34.65	91
33.63	108
32.57	25
34.62	109
34.14	115
36.08	199
35.15	68
35.56	44
34.22	77
34.99	201
37.14	72
35.57	114
34.65	114
35.03	30
34.76	99
36.42	105
32.72	116
34.02	91
34.28	78
35.74	86
33.73	79
34.36	156
34.39	21
34.47	109
33.23	120
35.51	179
34.04	69
36.22	108
33.18	117
34.8	90
34.94	112
33.18	117
34.04	69
33.18	117
33.65	120
36.57	65
34.36	111
33.26	115
34.73	160
33.14	0
35.05	123
36.13	64
36.33	75
35.35	77
36.24	61
35.55	150
33.69	132
35.31	71
33.78	57
33.49	115
35.04	77
33.16	61
33.63	52
34.88	82
32.85	105
33.77	113
33.05	108
34.64	73
33.62	105
32.11	21
35.02	97
33.28	113
34.23	87
33.99	115
34.12	96
32.74	76
32.67	108
32.53	78
34.46	113
33.28	53
33.33	113
33.77	105
32.77	104
33.73	63
34.24	63
35.8	186
36.61	134
33.85	9
36.47	58
34.99	120
34.19	114
35.55	82
33.69	114
34.9	192
34.52	81
35.43	99
34.67	116
35.28	104
34.72	94
33.12	44
34.71	118
34.46	168
33.8	94
34.88	67
34.99	73
35.82	174
36.4	91
35.42	109
35.31	190
38.18	93
35.36	110
40.03	57
36.09	111
36.62	58
37	47
34.54	116
35.63	119
35.87	101
34.21	171
35.81	91
36.51	57
35.41	93
34.74	15
34.83	10
33.56	36
34.85	101
34.23	103
35.13	91
33.12	108
34.15	157
35.05	84
32.15	34
32.43	173
31.73	3
32.53	100
33.53	118
33.35	46
34.56	93
33.29	96
35.14	40
34.75	112
37.69	93
35.25	198
34.56	70
35.42	163
34.17	119
43.1	3
35.65	61
33.43	111
35.49	100
34.43	81
35.93	186
35.98	97
36.12	105
37.31	134
33.84	52
35.18	75
33.2	100
33.61	119
33.76	192
33.91	52
35.14	55
32.43	119
34.11	168
32.83	8
33.72	38
33.15	116
34.49	111
34.62	103
33.37	115
33.6	116
33.26	110
35.13	144
33.62	44
34.75	112
34.2	118
36.33	55
35.23	163
36.98	160
36.44	77
36.27	114
35.5	99
36.12	108
35.36	76
36.9	114
35.9	84
37.5	53
37.39	69
35.38	116
36.31	197
36.43	75
35.15	84
36.58	178
36.57	178
38.46	51
34.35	210
35.47	90
35.42	82
33.8	23
34.5	108
34.5	210
33.96	77
35.36	167
35.4	174
33.58	117
34.35	96
34.22	102
42.1	13
34.24	108
35.17	89
37.23	155
35.55	57
36.35	83
34.54	82
33.75	118
38.84	8
34.43	119
34.94	67
34.28	113
34.42	89
35.6	111
33.79	98
33.97	105
35.92	88
35.32	192
34.29	83
34.5	112
34.09	96
32.68	92
36.08	99
35.46	123
34.42	113
35.02	53
36.14	104
34.52	76
37.27	89
34.01	18
37.54	109
36.58	159
36.38	103
36.36	108
35.95	213
34.49	119
34.93	48
35.29	103
36.68	137
35.04	100
36.14	199
34.76	94
33.58	115
34.19	120
36.95	81
35.12	74
35.42	112
35.48	196
35.81	105
34.01	115
34.72	106
35.49	113
36.31	97
37.7	74
37.16	157
43.84	7
35.57	107
35.56	125
33.83	112
34.97	130
33.89	107
36.37	132
35.87	167
34.25	106
36.23	143
33.9	77
36.24	93
34.33	97
34.38	150
33.15	114
35.11	35
33.49	86
32.19	109
33.61	115
36.07	84
34.12	71
33.85	110
33.17	170
35.38	151
36.19	81
35.1	53
33.88	68
35.02	201
35.59	186
34.57	22
34.06	115
41.6	21
35.26	52
36.3	37
35.41	43
36.67	111
35.76	110
35.76	213
36.02	83
34.26	37
36.29	156
36.37	110
38.34	77
33.93	120
33.81	115
35.19	78
35.23	127
35.21	85
34.24	127
33.37	112
31.47	119
32.83	118
32.83	118
35.42	99
34.23	170
33.17	11
32.6	108
35.65	89
35.78	112
33.81	200
33.53	25
35.27	90
34.1	185
35.28	91
35.77	100
34.12	71
36.6	108
36.32	102
35.61	58
35.45	90
35.25	107
33.29	100
35.32	78
35.5	73
31.71	114
34.2	79
35.73	130
34.19	105
33.02	38
32.46	43
32.94	119
34.02	56
35.8	100
33.27	194
34.4	115
33.24	117
33.08	76
33.35	118
34.8	108
33.36	93
33.26	100
31.97	110
33.51	107
33.35	31
31.61	10
33.86	160
33.74	193
34.37	59
33.14	92
33.51	208
34.01	114
33.27	92
33.32	168
33.71	119
36.76	119
35.84	66
35.29	89
34.14	29
36.5	73
34.42	90
34.72	86
35.98	163
35.25	31
33.45	112
35.04	93
35.95	93
33.73	105
35.18	41
33.23	22
33.86	38
37.91	82
35.92	107
34.99	169
35.11	39
34.75	86
37.12	59
36.54	88
35.6	110
34.5	89
37.67	150
36.1	54
35.66	91
35.2	65
37.07	93
33.91	119
35.08	117
36.7	34
35.88	108
36.59	66
36.96	99
37.51	93
36.09	104
37.16	89
33.79	30
32.81	116
33.24	55
34.57	116
35.24	113
34.38	50
32.35	11
32.97	111
32.9	66
33.09	115
33.34	94
34.1	114
34.64	109
32.06	108
33.97	104
33.84	72
32.9	104
32.37	110
34.02	106
33.36	172
36.44	87
35.52	103
35.21	62
35.91	93
34.85	77
35	67
35.57	72
34.85	99
34.4	209
35.11	62
32.56	105
34.56	71
31.39	103
33.73	81
34.07	162
34.18	137
34.36	175
33.45	67
34.6	107
34.63	94
31.92	42
33.74	120
32.42	37
34.6	74
31.96	166
34.08	176
30.97	111
33.24	114
34.19	74
32.8	29
31.94	110
32.27	111
32.5	194
33.79	207
33.63	88
33.81	120
33.97	120
33.57	174
32.83	102
31.27	120
35.77	43
35.95	62
32.82	115
35.12	111
34.36	110
34.22	187
34.95	102
33.28	107
36.8	80
36.28	91
36.14	12
35.95	14
37.29	177
37.45	118
35.94	118
43.4	5
38.66	78
37.19	81
35.2	111
38.57	113
34.97	116
34.11	29
34.88	210
33.97	57
34.78	49
34.02	68
33.98	93
33.76	117
35.62	105
37.16	115
33	50
33.65	112
34.51	120
35.81	191
34.57	90
34.84	97
34.87	109
33.59	55
35.77	190
33.36	119
33.36	108
31.74	114
34.08	107
32.59	74
33.76	60
35.1	50
33.45	104
32.74	15
32.71	91
32.78	90
33.85	95
34.18	119
34.71	38
32.8	25
34.95	90
33.03	113
34.52	152
33.27	111
34.14	113
32.98	89
35.5	65
38.14	99
34.99	94
35.11	21
35.86	165
38.21	43
38.09	92
36.12	117
33.28	116
35.46	111
34.05	118
33.97	79
34.22	122
32.38	89
33.81	104
34.05	137
33.5	162
35.69	121
33.22	92
32.82	14
41.46	19
36.1	107
36.61	107
37.03	39
36.67	87
36.01	92
38.44	55
36.47	75
35.74	89
35.15	17
33.88	67
33.19	112
31.66	109
32.24	109
33.22	128
32.08	109
33.53	72
34.22	69
33.93	104
33.23	192
34.19	118
35.65	98
36.23	78
35.25	86
35.58	66
35.32	117
34.65	119
36.07	72
35.07	7
35.55	73
34.15	32
34.69	123
35.64	205
35.13	91
34.87	40
35.77	110
34.49	111
34.04	5
34.81	54
35.7	179
34.57	109
33.18	56
34.14	61
34.51	112
33.59	111
33.7	119
32.41	51
33.04	77
34.7	79
34.48	215
34.58	59
33.36	26
34.17	118
34.59	87
34.18	152
34.18	206
36.22	101
33.38	52
31.77	26
33.32	84
33.88	181
33.56	110
34.33	93
32.5	91
33.87	56
33.11	114
33.7	51
33.02	33
33.56	84
33	68
36.47	62
36.07	110
36.01	118
37.27	101
34.73	196
34.51	119
37.2	153
36.27	112
35.52	60
36.81	174
37.66	90
36.8	46
34.98	154
35.18	68
35.79	113
36.69	22
36.9	105
37.08	93
35.51	74
37.7	150
36.93	86
36.46	55
36.52	63
35.61	166
36.75	33
36.28	176
34.67	111
36.88	120
37.14	75
35.88	99
37.76	88
36.79	92
35.74	89
34.61	118
34.73	191
34.98	151
37	118
35.42	204
35.72	105
35.5	101
35.18	177
36.12	110
34.78	101
35.3	181
34.78	105
36.58	84
35.61	92
35.26	85
35.96	104
37.05	62
34.47	206
36.29	100
36.69	87
35.75	141
35.43	37
37.27	63
36.96	101
35.78	183
35.09	111
36.3	51
37.21	96
34.52	118
36.58	62
36.42	67
35.39	92
34.43	108
36.18	8
37.3	70
37.77	102
36.02	106
34.54	104
34.54	198
36.56	91
37.6	139
36.4	75
35.34	101
34.35	118
37.4	74
35.51	207
36.24	52
36.58	149
35.68	103
34.72	93
35.9	99
36.04	101
34.32	114
35.05	114
35.98	90
35.67	83
36.01	72
33.94	85
35.19	104
34.75	85
36.12	183
36.33	66
35.23	67
36.56	90
35.06	152
33.32	114
34.01	108
33.47	117
36.56	88
33.86	90
34.87	82
33.4	33
35.03	158
35.08	82
33.31	110
33.32	96
32.99	107
33.84	16
34.56	199
34.84	60
34.78	91
34.23	115
35.24	120
33.05	87
32.41	108
33.05	180
31.64	116
32.34	112
35.94	78
34.72	171
33.76	114
34.5	119
34.37	118
34.19	185
35.24	203
33.87	118
33.42	6
35.32	116
36.84	39
35.58	205
35.08	113
36.41	83
38.32	69
36.3	52
34.1	107
35.63	110
35.93	65
35.62	49
36.28	77
35.33	89
37.28	39
38.29	95
35.1	79
36.19	82
35.61	119
35.87	107
35.87	97
37.7	53
37.4	158
38.05	100
38.36	23
36.58	111
35.2	4
36.6	47
38.14	45
37.37	49
36.52	35
34.09	142
34.15	106
33.7	105
33.35	115
33.62	112
33.97	150
34	177
33.39	92
34.25	72
37.17	105
36.8	122
37.16	31
38.48	84
39.19	90
37.35	85
36.62	125
35.23	26
34.53	49
35.25	120
36.04	29
36.07	58
32.58	117
36.04	99
34.05	96
35.39	99
35.74	72
36.73	72
35.57	73
36.93	102
34.53	106
36.59	118
36.72	46
38.03	75
37.15	117
35.91	91
37.31	94
36.25	93
35.9	115
36.17	51
37	81
33.43	111
33.3	116
34.43	93
35.78	43
35.72	96
32.99	118
34.68	128
33.3	116
33.02	111
33.08	114
35.5	85
36.78	110
36.05	113
35.4	118
36.74	103
35.08	84
37.52	45
34.13	196
34.28	27
35.99	38
37.26	94
36.24	91
35.78	204
36.27	120
37.39	114
33.49	118
33.88	55
36.07	99
36.05	112
36.5	118
35.43	216
35.18	111
34.73	45
38.37	87
36.81	77
35.7	208
36.97	100
37.54	168
35.79	136
34.46	100
35.38	120
35.17	31
34.81	113
35.93	96
33.16	118
36.78	116
33.41	117
36.17	87
35.91	81
36.78	120
35.01	98
34.85	113
36.91	84
35.08	41
34.68	137
34.01	79
32.93	109
33.17	161
33.45	176
34.46	120
34.38	118
33.76	87
36.57	80
37.38	117
35.68	32
35.04	111
35.14	61
36.46	92
36.66	116
34.33	111
34.07	137
31.58	3
35.48	82
33.05	120
35.16	57
34.24	74
35.26	92
35	86
34.22	102
34.53	105
34.87	91
35.49	84
34.63	104
35.02	109
36.02	46
35.45	109
34.03	82
33.43	120
34.86	37
31.39	117
34.7	107
34.6	15
36.07	66
35.22	159
36.16	93
36.36	118
35.83	106
35.97	70
36.08	117
35.24	62
35.69	178
35.96	66
37.04	45
34.11	120
36.76	83
37.48	119
36.28	49
35.77	93
34.92	106
34.88	109
36.66	2
34.56	95
35.15	75
34.96	110
34.46	38
34.48	102
34.45	119
32.94	100
33.84	108
34.05	51
34.62	106
32.26	53
32.65	40
33.95	99
33.53	96
33.97	52
33.82	117
33.09	109
33.28	93
36.13	64
38.54	93
36.85	111
37.12	146
35.17	97
36.43	112
36.48	145
41.21	27
36.52	86
33.98	8
36.2	94
35.4	84
34.51	176
34.1	109
34.36	123
34.7	80
33.46	120
34.1	61
31.71	119
34.54	89
35.74	128
34.28	57
33.98	113
33.43	14
34.38	88
34.31	78
35.5	94
33.52	87
35.07	190
36.37	64
33.95	132
35.29	59
34.44	54
35.87	94
35.72	106
35.57	69
35.01	202
36.38	117
34.26	110
34.62	133
35.5	165
35.34	101
34.34	82
34.81	83
33.78	54
34.81	152
35.03	73
33.42	18
33.68	156
32.14	115
32.42	119
35.62	102
34.36	114
36.3	28
36.42	111
34.81	118
35.71	89
36.61	93
35.23	99
34.55	107
34.5	115
34.46	105
34.91	114
35.38	72
35.21	176
35.44	156
35.31	77
33.74	23
36.24	99
35.64	123
33.29	111
33.74	94
33.52	114
34.36	129
32.86	102
33.87	104
33.83	150
33.23	64
32.43	104
33.72	79
35.11	59
35.15	60
34.6	119
33.94	78
33.13	107
35.37	125
34.77	97
36.84	59
35.22	205
33.27	66
36.54	90
34.01	35
34.55	100
36.33	96
34.64	79
33.77	120
35.02	80
33.53	24
33.27	119
35.24	105
32.86	1
36.36	58
35.77	28
37.77	83
36.13	104
35.78	80
34.33	118
35.92	153
35.74	100
33.01	15
35.66	117
36.21	31
38.11	84
35.72	180
36.64	104
36.19	30
37.18	104
37.49	85
36.46	102
42.51	24
37.35	128
33.16	117
35.96	119
34.95	69
35.37	61
36.2	49
34.92	110
34.42	157
33.58	115
34.88	68
34.71	155
37.02	177
35.04	108
35.22	108
36.08	143
35.53	75
36.25	106
33.5	75
35.11	136
36.19	142
36.87	82
34.35	69
34.94	95
32.74	102
32.03	83
34.35	52
35.4	112
33.01	118
34.03	170
33.93	104
33.52	71
35.84	116
37.37	95
36.36	108
35.95	137
36.63	172
36.02	107
44.77	26
34.27	113
37.05	69
36.87	129
34.89	90
36.55	47
33.03	117
33.02	105
32.91	86
33.42	74
33.62	99
35.33	149
33.53	109
32.57	97
36.73	64
34.41	110
35.77	131
35.5	182
33.12	103
36.02	93
35.19	119
36.85	55
38.22	42
35.24	194
33.56	118
32.89	95
35.43	104
32.88	118
33.22	93
34.12	156
32.11	114
31.95	11
32.61	114
35.2	112
33.19	119
33.77	69
33.49	55
35.66	89
34.38	119
32.57	117
34.26	33
35.08	104
34.26	33
33.01	17
37.53	90
33.3	29
37.05	182
34.95	116
34.31	105
37.8	135
34.22	116
35.8	108
37.6	64
36.81	118
32.42	110
33.17	11
33.3	4
34.12	104
34.79	89
34.81	108
34.62	29
35.3	101
35.25	79
34.4	28
34.89	156
33.39	80
33.96	92
33.21	115
33.32	8
34	187
33.41	40
34.38	96
33.33	112
34.03	33
37.37	95
36.04	57
36.58	168
35.05	112
37.21	59
36.21	57
33.68	106
35.65	77
35.64	116
36.17	117
36.3	94
35.6	101
36.33	52
35.57	58
36.74	69
34.79	113
34.5	30
35.31	94
35.9	97
36.22	89
33.88	78
34.29	198
41.01	8
36.04	96
35.17	104
36	116
35.6	75
34.39	93
33.47	120
34.76	91
32.97	39
34.37	108
33.04	159
35.11	92
32.86	107
35.21	195
34.01	113
33.06	119
34.08	90
34.68	126
35.45	115
35.84	108
33.45	64
34.44	49
33.94	101
35	91
33.28	190
33.95	109
34.43	17
33.53	209
33.74	115
33.32	71
33.42	49
34.92	86
33.91	118
36.33	93
33.75	104
31.64	112
35.88	33
32.63	75
34.42	113
32.63	63
34.45	109
34.93	120
35.09	50
34.23	59
36.19	113
32.66	9
35.34	99
34.75	190
34.65	48
35.08	119
35.31	111
35.4	73
34.14	25
35.5	114
38.74	83
34.47	120
34.37	177
33.78	112
36.74	68
37.29	69
36.07	184
36.6	138
35.78	55
35.28	99
36.06	108
37.53	39
34.98	119
35.5	209
35.29	183
34.67	51
34.19	108
34.46	37
35.69	204
35.22	81
35.96	85
35.53	57
33.6	54
35.46	185
34.98	110
34.87	113
35.5	59
33.11	120
35.57	78
33.77	112
34.56	78
36.88	171
34.08	109
35.2	120
34.33	70
32.75	113
33.27	176
35.31	114
35.06	113
32.73	100
32.7	111
34.65	192
33.21	114
35.32	107
33.02	87
36.12	95
35.96	201
34.94	111
35.92	106
37.31	136
35.38	115
37.03	57
36.87	192
37.25	47
34.43	112
32.61	117
34.67	57
33.73	114
31.85	117
31.76	116
35.75	77
34.33	100
33.23	120
32.28	113
34.07	102
32.78	108
32.83	97
35.03	74
32.87	97
32.85	104
32.57	106
34.84	106
34.96	127
34.91	109
34.86	115
34.53	106
36.64	70
37.31	42
37.41	102
36.29	113
36.71	55
36.43	186
35.48	42
37.26	51
36.36	106
37.19	94
35.65	89
35.36	67
34.73	116
36.91	75
35.77	118
37.12	71
35.5	156
35.6	71
31.53	9
35.06	100
34.58	17
35.41	118
34.05	120
34.66	102
35.82	110
36.65	168
33.55	119
35.5	52
33.98	86
33.02	106
32.48	67
34.52	209
33.73	100
33.93	109
33.87	25
35.01	85
34.44	207
32.75	130
34.9	119
34.12	113
33.75	99
33.18	67
33.53	86
34.9	119
35.19	103
33.84	87
33.65	149
32.89	76
31.97	114
33.29	117
33.88	154
33.39	93
34.8	116
33.69	93
33.15	161
34.26	41
33.86	195
34.6	190
36.29	211
34.61	97
35.39	107
34.72	102
35.25	116
34.67	90
34.45	119
35.31	181
34.88	32
35.61	83
34.51	110
33.31	110
34.26	85
34.63	60
32.74	45
33.56	115
33.41	89
33.5	115
35.6	117
35.71	69
33.83	77
33.58	113
33.54	118
33.98	120
33.38	76
33.77	152
31.73	117
34.08	114
33.39	161
32.95	107
33.52	103
32.57	186
33.3	86
32.09	16
33.11	89
32.68	79
34.29	91
34.05	108
34.48	70
33.68	91
35.06	74
36.32	74
36.75	96
35.07	105
35.56	52
34.2	12
36.15	87
35.33	76
35.59	88
35	45
37.28	80
36.12	112
35.1	89
34.43	53
33.89	92
34.79	80
35.16	97
36.04	92
37.53	97
37.16	110
37	172
36.21	64
35.24	108
32.94	65
35.4	36
34.69	104
34.21	91
34.64	16
33.31	89
36.75	102
33.7	59
36.27	90
33.85	30
34.18	115
34.09	113
34.58	103
33.96	117
33.84	60
32.41	11
32.57	116
35.08	81
100	0
34.6	106
35.92	83
36.45	87
37.51	104
37.6	70
37.25	105
37.74	186
35.69	39
36.62	111
34.84	105
36.29	131
33.53	198
34.53	103
33.41	105
32.8	40
34.09	215
33.33	108
35.29	102
35.21	103
37.52	143
35.76	207
35.7	73
34.25	115
36.31	157
36.19	64
34.45	119
36.34	87
35.83	80
35.89	105
36.21	22
35.23	107
35.45	98
36.29	105
37.69	88
35.62	62
35.35	103
34.23	193
36.08	108
33.31	174
34.56	93
33.05	62
33.36	109
33.06	120
34.15	111
33.37	211
34.45	97
33.13	74
34.07	164
34.35	114
34.44	211
35.21	175
35.32	59
32.89	116
34.16	149
34.95	63
33.83	65
35.18	142
33.59	61
35.62	44
33.54	115
33.5	41
34.94	72
35.54	111
33.76	117
32.63	110
33.82	183
33.58	57
33.23	109
37.88	90
33.54	51
34.69	34
32.61	52
35.04	96
34.79	40
36.73	60
33.89	91
33.06	101
34.15	119
33.99	25
34.52	108
34.07	170
35.26	62
33.72	148
34.03	118
34.68	108
34.09	62
33.96	178
34.34	82
32.22	42
32.41	94
33.64	112
33.08	116
31.55	119
33.76	90
34.29	85
33.94	114
33.37	164
33.81	23
34.67	126
35.87	80
35.64	96
35.34	148
34.78	84
32.79	91
35.57	110
35.84	110
34.86	71
34.83	107
32.33	35
36.28	99
34.7	168
34	86
34.2	57
34.41	147
33.3	120
33.03	154
35.39	70
34.79	59
36.36	29
34.31	113
35.06	100
35.75	190
35.53	40
34.04	100
34.52	99
36.01	90
34.84	65
34.77	164
36.19	156
33.87	70
36.07	94
34.27	103
34.58	203
34.33	201
35	51
35.34	87
34.55	187
34.25	61
33.66	99
37.18	60
34.87	38
34.4	120
36.2	202
33.32	109
35.68	68
34.79	91
34.43	182
35.24	65
35.97	97
35.26	102
33.33	115
36.27	55
34.16	23
36.19	78
33.55	108
35.76	50
35.45	98
36.95	49
34.52	216
34.6	121
32.73	110
35.54	111
33.56	117
34.41	90
31.63	23
34.96	72
35.52	77
34.87	87
34.6	170
34.4	74
34.74	55
34.34	107
34.74	39
33.54	89
35.01	89
35.71	120
34.85	132
33.87	117
34.03	109
34.39	44
32.53	111
34.71	53
33.18	30
33.7	213
33.49	109
33.73	81
32.91	54
31.81	14
34.73	129
34.97	121
32.38	110
35.54	111
34.42	90
33.78	117
31.85	14
32.97	95
34.98	87
35.09	72
36.39	110
35.83	71
34.84	96
34.79	102
35.73	113
37.04	106
36.13	133
36.42	111
37.21	40
35.56	111
34.03	82
36.48	104
33.96	202
34.77	65
33.94	99
34.63	95
33.92	193
34.79	118
35	84
33.7	70
36.11	120
37	86
37.85	85
36.1	96
34.43	82
36.43	180
36.99	170
34.87	117
37.7	106
37.34	152
35.89	116
36.39	40
36.75	72
35.62	79
36.83	95
36.07	174
35.42	69
37.86	99
37.07	100
37.24	79
35.83	106
35.22	193
35.14	79
33.55	172
34.6	127
34.37	64
33.91	107
35.21	67
34.47	163
34.65	117
35.25	98
34.19	106
34	117
34.28	83
33.13	110
33.63	118
33.53	179
33.97	120
35.11	105
36.23	93
35.7	47
35.58	112
38.12	4
34.25	91
35.01	89
34.84	116
36.61	75
34.19	99
34.62	95
35.42	115
36.24	65
36.72	59
34.93	84
35.63	110
35.73	148
35.26	41
35.7	186
34.4	111
33.09	109
34.64	32
33.5	107
36.04	49
35.15	104
32.68	18
33.21	29
34.12	69
34.36	192
34.85	68
31.77	23
34.73	121
34.17	100
34.04	10
37.01	89
34.44	45
34.47	79
35.34	33
35.36	191
35.83	78
35.53	64
33.7	199
36.74	105
35.86	179
36.52	106
35.87	55
36.17	113
36.75	58
35.29	192
37.53	53
36.04	109
35.88	115
34.7	109
37.56	169
36.04	48
34	111
35.6	86
34.82	58
37.24	103
33.36	116
34.5	96
34.65	87
35.46	81
36.16	74
35.03	8
35.11	181
35.71	28
35.33	83
36.47	117
37.45	57
36.42	137
36.96	55
35.77	35
37.18	110
36.76	187
37.25	93
37.37	147
35.98	117
38.52	114
36.42	83
36.22	105
41.82	17
34.42	88
35.85	36
35.9	128
34.76	193
35.9	128
34.82	16
34.54	160
34.77	72
35.9	128
35.9	128
38.01	60
36.32	92
36.38	28
35.67	78
34.68	108
35.66	107
36.43	106
37.38	103
36.61	41
35.59	112
36.31	116
35.38	110
35.12	94
34.01	120
34.99	101
34.46	120
35.68	98
35.28	133
35.18	107
36.18	140
34.93	32
38.25	119
35.12	196
35.45	120
35.09	141
34.92	107
37.74	122
37.09	91
34.38	108
36.41	44
34.42	43
35.62	120
34.7	59
32.65	32
33.12	113
34.81	95
33.26	103
33.25	100
36.54	112
35.48	95
37.09	104
35.2	98
36.23	33
35.04	107
34.99	117
36.02	73
35.48	113
35.01	119
36.95	81
37.09	87
35.98	105
33.45	171
35.42	42
34.61	173
33.83	120
34.88	173
33.62	106
34.33	182
36.07	85
33.7	97
35.56	119
34.96	51
35.97	116
36.74	105
35.92	63
36.12	99
33.05	19
35.73	111
36.62	113
35.37	108
33.88	118
33.99	130
35.2	101
35.15	115
35.08	162
33.48	115
33.19	108
33.89	119
34.1	115
36.17	102
35.35	118
36.32	189
35.39	113
33.42	91
36.16	67
35.46	91
36.54	120
36.3	214
36.62	42
41.75	35
33.68	105
35.49	52
36	4
35.86	118
35.72	109
35.24	192
35.88	70
36.51	50
35.16	61
35.73	106
35.42	154
34.66	90
31.99	97
34.65	214
33.17	47
32.9	90
33.95	106
33.37	162
33.17	77
33.04	67
36.06	50
36.07	87
35.81	115
35.12	90
34.03	45
36.9	90
32.84	7
34.05	116
35.4	103
33.12	108
34.92	35
35.78	74
33.16	107
36.36	94
34.74	56
34.54	41
36.39	117
35.66	87
36.25	155
34.63	49
32.24	15
33.79	118
33.14	117
32.67	110
33.26	104
34.37	212
34.52	99
33.35	82
33.63	77
33.72	96
36.02	76
35.03	63
35.33	107
35.08	107
33.91	96
31.43	35
34.26	111
35.22	152
35.54	114
34.55	75
38.21	119
38.36	81
37.22	153
37.26	63
36.41	85
37.95	112
35.95	209
34.93	108
40.31	2
36.42	105
35.21	20
33.99	114
34.76	113
35.84	100
34.95	117
34.49	36
35.01	211
35.54	102
35.53	107
35.25	86
35.53	98
33.38	107
32.61	36
33.84	105
33.43	113
31.64	3
31.73	116
32.65	105
33.88	96
32.29	48
32.84	117
34.1	96
33.17	109
33.4	30
34.16	50
33.4	113
33.32	110
34.35	109
33.63	70
32.83	107
35.83	105
34.86	105
33.54	132
35.75	99
33.92	107
35.22	34
35.54	115
34.58	141
34.15	119
34.31	94
35.08	37
34.7	170
34.7	170
36.03	39
33.96	119
35.3	75
34.7	170
32.95	120
35.74	73
33.62	154
33.81	93
34.8	80
33.02	92
31.58	4
33.68	38
34.81	101
33.83	110
34.43	104
33.01	103
32.29	116
32.19	57
32.19	57
31.46	111
32.81	87
32.19	57
34.93	151
32.21	57
34.01	57
32.31	113
33.08	112
32.27	119
33.58	117
33.39	92
34.65	185
36.39	45
34.03	110
34.53	86
35.65	95
34.63	106
34.78	117
34.64	69
32.38	14
33.9	199
33.71	117
34.24	101
32.17	108
33.5	104
32.6	117
33.39	101
35.18	98
33.47	180
34.06	66
33.99	22
33.84	86
33.66	58
32.11	119
32.02	117
36.46	83
34.34	109
33.85	58
34.28	100
33.11	97
33.76	117
33.83	110
33.3	118
32.12	120
32.97	25
34.08	83
34.37	164
34.01	108
36.83	71
36.22	105
33.91	82
34.83	73
33.51	112
35.2	104
35.79	126
33.57	156
36.1	114
34.56	71
36	83
34.05	88
33.29	103
36.06	34
36.62	101
36.18	136
36.1	52
34.62	100
35.72	88
35.93	69
32.29	120
33.78	115
35.28	90
35.37	43
33.77	100
35.76	87
33.15	75
34.11	79
34.25	57
34.26	170
35.45	114
33.93	113
34.36	64
31.92	23
33.82	160
34.44	115
33.53	110
35.34	117
35.45	117
33.78	163
31.94	38
32.52	120
33.63	59
35.28	154
33.87	116
35.36	96
35.31	170
34.96	114
34.88	123
35.62	48
33.38	214
33.3	109
33.58	57
33.33	57
32.86	110
33.54	117
31.25	117
33.47	41
35.33	72
33.52	115
33.63	28
35.74	67
34.71	25
33.76	21
32.01	96
35.43	185
35.47	75
33.93	20
37.75	77
34.41	38
36.29	141
36.02	108
36.88	117
36.28	95
36.66	86
41.13	8
36.14	118
34.09	115
36.73	75
36.09	145
34.53	93
35.27	91
36.8	69
34.27	37
33.64	19
36.04	74
34.33	45
33.2	104
34.65	114
34.16	42
36.69	131
36.12	169
35.78	109
36.74	81
35.69	104
36.64	101
34.37	90
35.43	47
36.02	101
35.36	67
33.16	100
33.97	181
32.48	53
31.74	107
33.36	120
35.33	102
35.38	84
33.26	114
32.06	104
31.65	86
34.58	102
35.08	104
34.19	87
36.53	107
36.11	106
33.46	109
36.35	84
34.42	77
32.4	67
33.15	115
34.8	99
35.02	98
35.64	114
36.42	101
35.24	101
36.25	96
35.6	113
36.23	82
34.63	118
36.34	92
31.7	110
32.84	117
32.64	118
32.63	37
33.77	51
34.4	99
34.45	147
33.02	87
35.5	88
34.07	68
33.7	148
36.58	101
33.62	120
34.38	42
33.9	92
34.94	145
32.85	115
33.85	101
33.85	91
32.94	110
36.16	115
37.43	51
37.39	95
36.23	120
42.61	8
37.95	115
34.79	120
35.25	86
36.4	97
36.48	142
33.47	112
33.37	116
35.36	148
34.05	114
34.52	131
34.46	119
35.04	104
32.37	114
34.05	114
35.32	81
34.57	109
34.3	94
33.72	111
35.03	91
34.39	119
33.66	112
31.77	112
36.07	112
33.19	50
33.5	206
33.22	39
34.62	21
35.58	130
34.96	94
34.98	112
32.9	118
34.83	83
34.08	120
35.65	90
35.21	104
34.1	117
33.94	104
34.82	148
32.56	37
35.9	160
32.19	16
34.56	77
31.95	47
34.85	86
34.49	83
35.38	62
33.35	54
34.19	114
35.44	88
34.55	88
33.66	79
34.25	117
34.93	188
34.11	114
33.76	113
33.5	118
33.27	116
34.02	160
33.06	97
30.64	1
35.13	89
37.58	104
35.3	101
34.77	89
35.31	105
34.7	175
33.35	86
33.66	86
33.31	49
34.96	130
33.18	100
33.95	142
32.45	117
32.57	42
34.7	172
36.7	87
35.57	98
35.23	106
34.66	113
36.25	72
37.24	86
36.15	79
34.67	23
35.82	111
35.41	93
33.03	48
34.27	165
33.71	69
31.18	10
33.83	97
34.48	170
34.78	92
34.64	108
33.69	80
31.45	120
35.51	111
33.89	109
35.7	91
34.87	83
36.55	153
35.61	141
35.73	88
36.06	76
35.17	65
34.37	90
33.98	33
33.31	90
37.85	104
35.71	110
36.32	80
33.19	114
35.3	112
35.22	27
35.69	90
37	87
31.94	188
32.92	106
32.92	109
32.66	104
35.37	123
33.07	40
33.91	149
32.6	12
35.12	100
33.59	64
34.61	163
34.47	99
34.69	110
33.47	65
35.07	34
33.95	134
34.42	119
34.1	108
33.81	105
33.13	34
36.4	80
36.56	160
38.88	55
36.38	118
37.18	47
36.67	100
37.84	84
36.95	54
34.29	112
37.89	74
33.99	180
32.94	108
34.79	107
35.06	84
36.66	68
34.53	62
34.07	114
33.2	18
34.03	112
35.48	127
34.32	165
35.26	86
33.88	115
32.81	21
33.58	107
33.01	113
33.8	60
34.37	178
33.62	119
34.16	85
34.73	65
35.28	106
34.62	113
36.59	104
35.42	100
35.94	110
35.49	86
32.08	118
36.05	113
36.31	108
33.94	166
35.77	124
33.36	110
32.83	31
33.73	106
33.82	152
34.45	36
33.62	173
33.8	98
34.32	78
34.72	113
34.61	108
36.7	64
37.36	56
36.19	50
36.34	117
37.05	166
36.92	68
34.94	181
38.01	71
33.97	51
36.23	204
34.21	106
36.13	196
33.63	65
33.91	114
34.23	81
35.8	35
34.8	104
34.67	95
34.23	115
34.22	92
35.06	104
35.2	59
35.64	102
36.75	111
34.86	62
36.36	70
32.74	115
34.49	113
33.88	118
34.82	107
34.15	114
34.43	100
33.96	108
33.2	32
35.08	112
35.04	72
34.04	100
33.32	79
34.64	22
32.36	92
35.62	119
34.76	104
34.62	108
38.68	98
34.87	99
37.51	104
36.34	187
35.66	81
34.73	44
35.67	110
34.46	49
35.24	119
35.87	106
35.69	191
35.44	203
34.38	24
34.31	21
34.54	110
37.15	80
37.34	99
35.8	120
36.42	38
36.35	117
36.13	55
36.99	115
36.54	111
36.82	59
35.47	108
32.58	119
32.92	36
34.53	167
34.47	36
34.83	51
35.66	76
33.4	184
34.93	142
34.01	139
35.74	105
32.87	106
33.89	107
30.82	12
36.56	60
34.75	79
35.88	83
35.19	159
34.77	127
33.86	114
34.43	65
33.98	58
35.2	81
34.97	88
33.86	106
34.48	179
34.89	88
33.35	60
35.77	90
34.61	116
35.38	100
34.76	103
32.62	117
35.3	107
34.23	110
36.29	102
35.21	162
36.41	107
36.72	145
36.68	49
35.1	111
35.27	97
34.18	73
35.5	76
34.35	38
34.23	167
35.15	90
35.8	126
36.59	83
33.56	99
37.53	69
34.73	119
36.35	71
35.73	86
35.67	107
34	81
35.53	100
34.47	108
36.01	161
36.5	107
35	109
36.74	83
35.5	139
35.73	61
35.59	108
36.74	111
35.08	92
36.25	117
34.78	41
36.87	67
35.09	119
34.88	104
36.43	82
34.65	30
35.71	117
35.94	68
36.09	118
33.33	26
34.97	95
34.42	113
37.01	119
33.69	116
33.7	99
35.9	104
32.71	83
32.27	117
37.3	75
35.59	92
35.55	114
35.66	104
34.76	104
31.8	110
33.28	107
31.09	27
35.64	89
34.33	109
33.19	115
32.99	78
33.75	110
33.39	119
33.79	62
35.49	108
34.09	119
34.09	89
34.03	104
35.62	110
34.41	155
38.52	57
32.5	115
34.44	186
35.87	103
34.56	200
35.18	55
33.55	97
34.69	78
34.06	105
37.43	105
34.14	160
35.97	83
33.78	112
33.94	130
34.8	98
32.76	96
32.12	106
33.05	109
33.46	74
32.84	73
34.33	109
34.54	99
33.16	44
34.48	40
35	104
36.1	100
35.33	66
35.76	46
34.27	70
33.98	16
33.4	119
32.27	214
34.36	78
34.55	110
36.14	64
34.41	34
36.31	94
34.47	110
34.37	78
34.1	59
36.54	90
35.11	112
34.58	71
34.66	45
36.08	108
33.73	42
34.99	112
34.17	104
33.1	102
33.14	119
34.08	75
33.45	216
32.94	120
34.7	78
33.21	113
34.08	74
33.69	58
35.03	94
33.36	191
33.34	118
34.3	93
33.42	114
33.33	120
35.01	99
33.88	96
35.94	46
33.27	96
34.09	118
35	90
34.24	142
35.39	206
34.66	78
33.24	106
34.49	144
33.46	108
34.21	112
33.28	117
34.2	86
35.63	77
35.01	112
33.91	73
35.92	170
33.45	106
35.96	81
36.24	153
36.22	166
37.01	35
35.77	100
35.15	12
36.11	136
36.21	105
36.42	116
36.21	84
35.91	186
37.12	98
37.05	113
35.88	109
36.03	142
36.15	48
36.02	168
34.44	199
37.47	71
35.94	50
34.09	22
35.67	56
34.62	73
32.91	113
33.99	88
34.93	62
32.81	28
34.3	45
34.72	79
33.1	93
32.57	116
35.84	113
36.31	120
36.29	170
35.66	107
36.18	88
41.42	8
35.84	120
35.97	168
35.3	99
36.89	50
30.88	18
32.36	80
35.85	94
35.47	89
33.11	111
31.66	92
32.74	115
33.65	80
34.31	41
34.84	117
36.38	83
33.65	117
35.01	115
36.82	109
36.91	57
32.92	188
32.49	118
35.58	106
35.24	114
36.98	41
32.69	120
33.84	118
32.66	120
33.26	163
34.57	141
34.05	70
34.3	189
35.4	119
34.55	85
33.77	89
34.61	103
35.23	80
35.81	98
35.54	70
34.67	73
34.61	100
34.3	108
33.49	119
33.94	59
34.12	100
34.33	30
36.08	72
34.55	117
35.3	76
36.56	120
36.49	102
34.14	17
35.68	60
36.36	201
36.54	100
36.01	90
37.31	135
35.8	140
35.86	133
34.97	62
34.57	68
35.33	115
36.22	100
35.05	106
35.34	53
32.42	119
34.66	149
33.3	114
33.33	111
34.25	80
33.75	106
33.48	104
34	198
32.82	103
35.56	110
34.1	159
32.31	117
33.94	114
35.09	86
33.22	119
33.42	84
33.04	111
30.95	31
34.5	60
34.07	26
34.73	102
34.43	90
34.49	140
34.54	205
33	42
34.43	105
34.12	199
32.75	80
35.22	105
35.36	105
35.31	190
32.55	96
32.08	14
31.79	14
32.62	72
35.23	129
33.78	117
33.59	36
33.53	102
33.96	117
32.13	40
34.42	51
33.48	27
34.8	70
34.77	199
35.45	164
33.88	99
32.52	92
34.47	90
36.39	103
36.34	105
33	16
33.36	70
35.08	57
34.1	131
33.78	28
33.49	116
33.02	45
33.23	198
35.3	111
35.13	109
34.83	97
34.55	108
33.61	117
36.14	87
35.94	102
34.71	115
34.02	118
35.83	199
34.77	95
32.15	66
33.65	102
33.06	118
34.58	122
33.39	112
33.87	76
35.04	171
33.42	116
33.32	45
33.66	157
33.28	132
33.78	69
32.68	22
33.47	118
34.23	113
33.24	39
32.29	119
34.03	114
33.17	111
36.26	79
32.93	55
34.44	61
34.16	86
33.09	9
35.26	55
34.35	80
32.74	68
34.94	159
34.12	54
34.17	111
32.91	118
33.61	96
33.9	109
32.95	119
34.23	103
32.07	114
34.28	71
35.22	57
34.42	80
33.33	66
36.89	87
36.99	156
36.54	111
36.62	127
37.38	71
36.13	167
37.85	79
34.85	99
32.86	115
34.05	120
35.25	113
33.6	116
37.2	136
36.02	114
36.72	41
41.09	17
36.46	38
35.01	118
34.58	113
36.79	17
33.49	105
34.69	165
34.09	48
34.69	72
33.5	115
33.71	98
35.42	58
33.86	101
34.35	117
32.6	88
32.39	116
33.25	81
33.04	143
32.49	117
32.59	91
34.35	99
33.79	109
32.08	96
33.41	199
34.75	114
36.42	21
36.99	45
36.91	102
36.43	107
36.41	93
36.21	86
37.28	118
34.32	116
34.28	116
33.56	97
33.8	97
35.62	181
35.21	139
34.19	96
34.24	107
34.27	114
34.21	120
33.88	65
35.01	66
33.91	161
33.62	92
34.92	91
34.15	129
32.3	118
34.22	118
31.84	27
34.24	115
33.22	113
33.46	95
36.72	55
34.6	119
32.33	119
36.79	62
34.88	118
34.19	204
34.96	70
36	63
37.16	54
34.93	100
34.29	111
34.3	108
33.18	101
34.05	207
35.01	129
36.34	69
35.49	96
35.64	190
34.28	142
34.57	58
31.66	189
33.81	89
35.35	113
33.93	190
34.66	88
35.32	99
35.36	73
35.01	96
35.07	175
35.35	98
35.66	80
35.99	114
34.23	100
36.63	162
40.35	4
35.1	66
35.74	30
36.01	95
34.11	16
35.93	72
34.28	132
33.65	47
34.86	123
34.48	101
31.32	120
33.32	130
32.91	80
33.18	100
32.52	63
33.34	73
35.29	142
32.86	117
34.17	210
33.99	89
34.52	70
35.94	115
33.6	110
34.73	114
35.44	45
32.3	23
33.03	118
34.34	84
33.72	207
33.17	63
34.04	65
33.77	18
33.09	109
33.04	115
34.43	127
32.96	112
34.91	76
34.1	125
35.21	76
34.48	176
35.25	97
35.74	106
33.96	110
33.5	123
33.47	96
33.61	97
32.6	87
34.42	114
33.03	100
34.85	110
35.56	121
33.11	132
34.95	118
33.76	43
34.32	45
34.6	74
35.18	118
32.94	104
33.21	94
36.77	110
36.07	111
32.39	102
34.37	145
34.22	251
34.55	70
34.3	110
34.7	96
33.4	103
33.45	100
35.14	111
32.56	113
31.41	125
34.63	103
33.55	126
33.5	120
33.4	133
34	105
33.88	83
33.94	117
33.79	120
34.56	81
32.86	135
33.22	112
33.33	118
33.48	251
33.93	101
34.24	114
35.4	118
33.28	128
35.56	105
35.04	94
32.04	132
32.56	126
33.16	94
31.95	132
32.84	113
34.89	107
33.69	124
33.92	127
32.71	122
33.33	121
32.95	131
33.98	117
34.65	106
33.26	120
33.88	113
35.47	75
33.91	120
34.73	70
34.69	96
35.03	100
34.12	150
33.14	127
35.48	68
34.4	131
32.45	131
34.15	111
33.64	135
32.13	17
34.48	77
33.79	67
33.18	67
33.54	135
33.11	67
33.63	67
32.88	235
35.33	125
34.93	36
33.01	126
35.37	48
35.82	120
36.24	12
34.7	98
35.83	95
33.79	85
34.51	131
34.84	102
35.5	105
32.63	134
34.57	123
34.16	62
34.58	32
34.97	97
34.58	121
36.15	123
35.25	112
33.61	135
32.79	123
34.49	110
36.27	101
36.43	119
34.73	263
36.61	108
33.61	131
35.27	103
34.21	131
36.18	61
33.94	130
34.24	135
33.73	114
32.75	97
35.19	225
35.26	140
35.82	55
33.32	117
34.93	103
35.68	72
35.2	65
33.79	126
36.04	98
36.25	112
33.25	125
33.8	131
35.87	120
38.17	97
35.25	21
33.57	116
34.3	122
34.34	107
32.29	117
33.14	233
35.11	88
34.36	122
32.92	120
33.6	116
33.52	119
33.62	121
35.19	71
35.11	87
33.64	134
32.77	134
32.97	216
31.8	133
31.65	132
34.75	63
34.08	89
35.38	174
34.43	76
35.63	150
33.83	50
33.6	93
33.61	106
33.56	93
33.3	254
34.17	250
34.44	109
33.16	128
34.3	78
34.45	120
34.04	178
34.34	76
34.03	115
33.42	130
35.02	87
34.12	104
35.36	119
35.12	104
32.11	134
34.12	105
33.32	125
34.76	116
33.08	96
33.54	84
34.26	142
34.33	134
34.35	103
37.21	77
33.95	83
34.86	154
33.17	18
33.94	8
35.64	94
34.08	74
35.17	166
34.09	151
35.6	141
32.84	111
32.84	111
33.03	129
33.03	129
33.57	121
35.1	98
33.65	112
34.11	115
34.7	104
34.83	58
34.3	115
32.96	134
34.07	255
32.84	262
34.66	65
33.42	262
34.75	129
32.48	130
34.34	88
34.34	129
34.34	129
35.06	81
34.38	56
34.21	62
30.11	134
34.96	53
34.54	48
34.65	184
34.78	108
33.65	94
33.32	123
34.04	218
34.71	135
37.18	58
32.95	123
32.36	227
33.77	204
33.99	105
33.47	123
32.68	134
32.68	134
32.72	126
33.89	44
32.05	92
34.3	81
33.49	221
32.32	135
34.91	103
32.35	106
35.45	106
35.68	90
33.36	119
36.34	56
34.05	84
33.22	97
35.54	99
33.97	22
34.56	234
34.39	184
34.64	107
34.91	89
35.06	182
34.49	110
33.58	98
34.29	99
33.21	39
35.63	102
33.65	230
33.53	195
33.8	131
