sim	len_diff
32.56	18
35.02	63
37.59	41
36.85	60
34.9	45
36.06	58
34.84	40
34.78	67
35.77	42
36.11	57
31.08	61
33.92	30
35.88	59
33.48	41
33.44	122
33.97	107
33.92	62
33.92	42
34.09	113
31.76	58
34.86	14
33.94	117
34.12	73
35.45	35
32.94	58
32.74	55
30.78	58
33.28	45
32.32	54
35.8	59
34.47	56
34.15	41
34.15	41
32.99	17
32.04	61
34.75	124
36.38	27
33.79	10
33.08	33
33.43	96
34.26	53
35.46	5
34.23	12
34.23	12
37.56	39
31.39	117
31.88	124
35.44	35
31.95	61
35.38	17
33.65	118
33.69	95
34.65	101
34.65	101
34.65	101
33.84	45
34.64	28
36.35	48
32.21	60
31.52	62
33.33	55
32.62	62
32.48	54
31.69	54
31.48	58
34.9	17
36.14	55
32.95	124
34.77	49
31.58	96
32.39	14
34.75	109
34.88	46
34.6	59
34.15	110
34.61	55
34.28	61
34.03	39
33.76	60
37.22	33
34.63	59
35.86	33
35.4	57
34.67	25
34.95	44
34.46	19
34.18	73
33.38	58
33.24	55
37.72	96
33.67	104
31.42	48
33.9	101
33.52	109
33.81	72
32.43	120
35.84	48
32.91	52
33.37	54
33.12	46
36.67	39
32.14	55
33.88	58
33.52	59
34.29	53
33.1	52
34.89	59
34.36	31
32.1	57
35.79	45
34.89	24
34.72	3
36.09	6
35.14	42
32.68	100
34.33	57
33.47	6
34.99	26
33.97	57
35.91	60
34.94	51
34.47	54
32.7	57
34.31	61
35.4	51
34.61	117
34.51	61
35.05	43
34.78	37
33.43	51
34.4	37
35.61	59
34.99	41
35.79	43
35.98	33
32.28	59
36.23	44
34.19	60
33.72	45
33.42	91
35.75	47
35.33	4
37.34	36
34.81	43
33.2	125
32.92	46
34.38	117
33.08	48
34.57	60
35.04	15
33.66	42
34.38	117
32.52	60
35.14	43
34.91	31
34.61	50
33.86	51
33.09	15
34.49	41
34.62	19
35.04	47
35.04	47
34.57	60
34.57	60
34.57	60
33.14	88
34.28	39
36.02	33
35.78	20
35.17	15
35.87	33
35.6	15
34.43	19
34.57	60
31.97	57
37.45	35
35.49	40
36.16	48
32.17	51
33.48	11
35.12	50
31.55	58
33.72	62
34.47	58
34.56	15
34.47	58
34.19	50
32.4	123
33.95	43
32.36	54
32.75	59
32.5	59
35.41	57
33.17	78
38.91	43
34.49	56
33.72	62
32.55	48
34.18	30
33.28	61
34.09	56
33.87	47
33.83	62
32.57	62
35.77	39
33.14	45
34.62	54
32.36	60
33.96	55
32.47	52
32.95	71
33.11	55
31.93	50
33.18	58
36.94	44
32.72	54
32.52	54
30.08	62
32.66	54
34.51	57
33.44	53
32.37	61
34.58	9
30.92	56
32.85	58
33.52	45
33.73	48
33.44	57
33.04	60
32.56	52
36.13	18
32.7	59
32.7	59
30.68	62
34.79	61
32.73	54
36.62	39
34.91	50
33.32	57
32.92	60
34.52	58
35.1	43
35.66	14
31.64	54
33.6	44
34.92	17
35.66	14
32.74	55
32.52	51
30.84	62
31.59	60
33.17	61
31.26	58
30.41	48
33.51	32
32.96	61
33.86	61
34.52	60
34.16	48
34.16	48
35.82	38
35.95	69
33.33	48
34.12	57
35.81	43
32.64	53
31.16	62
33.12	42
32.4	58
31.8	60
35.6	60
34.02	56
31.67	109
32.99	123
33.87	95
35.26	119
35.98	6
34.22	113
34.42	76
35.24	40
32.96	41
35.96	36
33.94	30
35.83	23
33.46	56
34.35	27
35.88	59
36.7	41
33.72	116
32.97	51
34.66	62
32.9	50
32.28	57
31.62	56
34.78	52
32.98	33
35.85	42
37.59	51
32.32	43
35.36	17
32.7	62
35.06	50
35.37	78
33.74	43
34.54	55
33.26	65
34.26	113
34.1	73
34.75	99
34.02	60
36.23	54
33.75	61
31.69	59
34.36	49
35.02	14
36.21	40
35.29	44
34.36	45
38.28	36
35.35	50
35.99	54
33.81	111
34.88	51
35.64	25
34.4	60
33.44	62
34.33	71
32.53	117
32.2	59
34.45	45
38.13	24
34.25	79
33.76	34
36.58	38
34.43	41
31.29	59
34.2	9
34.63	86
34.3	72
32.64	46
35.33	42
31.3	61
32.59	96
34.4	60
34.44	57
34.89	52
32.97	125
36.97	40
35.01	101
33.65	44
31.94	49
34.16	10
33.45	54
34.25	53
31.83	91
34.74	34
34.71	41
34.91	27
35.96	48
33.5	47
37.04	43
36.48	53
36.8	51
35.19	52
42.11	4
37.77	52
36.39	50
37.31	44
34.5	35
34.96	54
32.24	51
33	52
33.45	60
38.22	13
34.46	79
33.87	22
33.16	98
33.53	51
34.23	34
33.92	47
32.25	51
32.86	49
40.26	10
33.67	59
31.61	12
31.21	51
33.86	67
34.93	46
34.08	54
35	50
37.5	83
35.87	53
38.01	47
37.61	46
34.21	42
38.74	30
47.62	6
34.08	32
35.61	81
36.15	35
37.17	55
37.2	61
35.15	39
38.21	42
39.01	35
42.05	31
35.27	52
35.79	57
36.47	98
36.08	34
32.77	11
33.87	37
32.74	26
31.53	21
35.31	42
30.24	15
31.4	35
33.51	48
34.3	63
34.53	76
31.77	8
33.16	26
33.02	46
33.78	10
32.02	31
31.97	24
33.71	73
32.4	93
33.27	6
33.53	46
34.77	47
42.43	19
36.51	85
35.39	82
36.72	56
34.96	64
35.53	36
33.73	28
36.86	54
34.72	26
36.44	37
36.96	50
34.93	41
36.71	76
38.15	9
36.14	47
35.68	44
40.9	6
34.96	90
33.4	53
33.02	78
36.53	54
33.45	97
37.12	69
35.23	73
33.12	54
37.77	0
34.65	55
36.23	34
33.27	51
36.6	43
35.24	50
36.88	35
36	71
37.9	8
35.64	89
38.99	50
36.15	40
36.45	18
37	31
35.29	34
33.87	75
41.44	13
33.54	88
32.75	40
32.91	43
35.15	50
33.27	100
31.69	23
33.3	35
34.97	21
36.76	31
32.72	95
34.36	98
34.99	44
36.65	23
37.24	23
33.93	27
32.37	38
36	31
35.5	38
41.47	26
36.81	94
34.84	42
35.84	37
36.72	35
35.16	44
34.44	43
36.23	72
33.64	73
34.82	34
30.12	53
32.37	55
33.48	32
32.8	51
31.6	55
32.86	85
33.57	49
32.48	26
34.2	60
35.62	0
35.85	100
36.41	35
36.77	58
36.16	46
34.47	32
43.25	5
36.39	45
34.81	50
36.15	53
33.68	4
33.74	50
35.12	28
34.36	46
36.3	52
33.04	52
35.65	31
34.14	54
34.46	37
36.24	21
32.86	95
32.48	52
32.51	50
30.15	48
33.3	43
32.86	49
32.48	45
32.28	92
33.97	5
33.03	20
43.01	21
36.28	83
37.77	34
33.99	55
37.16	35
33.92	7
36.44	47
38.09	53
37.09	30
36.15	12
35.22	59
33.75	22
35.43	89
34.33	54
36.52	71
33.43	63
35.87	47
37	87
34.96	68
34.68	50
35.08	49
32.26	52
34.92	47
34.52	27
33.38	42
34.21	76
33.84	48
35.36	74
35.07	35
36.48	47
35.5	55
35.13	85
35.26	52
36.24	28
38.17	34
36.02	78
36.9	52
37.85	95
38.37	39
39.85	30
33.25	28
33.34	8
31.93	92
32.94	74
36.07	3
33.79	59
33.34	44
32.94	46
34.64	42
33.21	46
36.73	41
37.37	63
35.7	53
38.08	34
38.34	38
37.13	21
35.44	99
34.6	17
35.94	32
36.96	39
34.48	44
34.52	32
35.87	42
44.76	3
35.48	46
34.4	46
35.97	45
35.78	43
35.88	34
35.62	42
34.56	43
34.4	55
34.6	9
39.62	5
33.71	52
34.99	99
34.52	45
34.41	41
34.65	16
33.11	88
34.96	45
34.4	39
30.94	45
35.47	48
31.85	45
31.79	50
33.6	43
33.53	15
35.2	41
34.35	80
36.71	46
43.68	2
32.42	52
35.13	50
35.06	47
34.05	47
34.41	52
32.21	19
33.44	67
35.52	29
37.26	56
33.85	38
35.08	82
32.49	48
35.88	58
35.42	50
34.63	94
41.22	7
33.92	52
32.72	46
35.38	46
36.7	59
36.09	54
36.55	48
40.67	32
35.95	45
35.71	91
35.54	80
33.96	51
36.85	42
34.56	47
34.45	31
36.6	49
39.61	48
34.2	38
34.88	55
39.83	6
37	52
39.84	50
37.49	47
32.87	54
33.28	39
33.01	51
32.38	55
33.24	47
34.47	47
33	55
32.86	53
38.52	31
32	55
38.04	32
34.87	34
36.16	34
34.52	37
34.25	26
33.94	42
33.09	74
37.01	35
34.24	44
33.45	54
34.68	37
30.9	39
34.45	44
34.06	41
32.37	98
34.18	36
33.23	42
32.11	56
33.69	91
31.9	45
35.19	53
35.33	98
34.09	48
37.03	45
34.76	34
35.25	11
35.62	42
33.69	33
33.95	98
45.12	5
34.84	17
34.2	53
37.39	45
33.9	43
33.5	54
36.07	66
35.76	94
34.56	51
37.16	63
37.68	70
32.99	41
32.21	64
35.08	36
34.34	42
32.25	96
34.93	38
33.48	34
35.08	41
33.53	44
33.85	13
31.57	47
33.77	97
31.65	14
32.1	12
34.24	20
31.37	20
32.65	30
33.32	18
34.84	39
33.63	48
36.88	9
32.92	55
33.6	54
34.29	54
34.6	31
33.38	35
32.28	97
33.66	43
35.86	25
37.32	45
36.8	77
36.16	43
37.97	81
36.13	96
38.32	66
37.23	92
36.37	40
46.33	3
34.72	52
34.36	33
34	35
34.18	90
34.48	48
33.39	55
30.29	53
33.23	41
33.28	32
32.1	36
37	51
32.54	43
35.02	81
46.75	3
34.56	55
35.28	15
35.59	59
36.12	96
33.29	52
35.43	46
34.63	96
42.57	11
34.44	69
36.63	77
35.35	17
36.72	40
33.65	54
39.38	38
34.53	89
32.52	54
37.56	77
36.66	19
34.31	98
36.05	40
40.76	15
34.06	40
32.92	2
35.17	73
34.95	98
35.38	77
31.2	52
31.95	44
32.57	39
32.66	44
32.27	59
31.69	83
34.28	22
30.83	8
32.73	8
34.02	22
32.16	10
34.18	22
34.85	35
36.28	35
41.31	6
35.16	72
34.04	60
33.71	50
34.84	13
35.65	33
34.88	17
37.31	89
37.79	34
47.43	9
35.56	47
36.28	50
36.44	19
35.54	52
36.96	37
38.31	57
34.88	82
35.36	28
36.87	31
40.18	2
35	26
36.02	71
35.77	99
34.5	46
36.53	32
35.75	54
34.55	44
36.92	2
36.89	55
32.58	47
36.45	55
33.07	51
33.81	41
36.22	33
33.68	29
32.72	44
34.6	45
42.62	7
37.11	32
38.35	72
34.28	24
36.01	32
36.17	47
36.06	44
34.52	42
36.15	23
34.17	97
36.6	32
34.17	52
41.58	7
37.13	87
34.76	34
35.3	44
33.81	38
35.31	94
38.02	10
35.52	47
35.19	75
35.56	48
37.1	86
38.27	33
34.94	35
36.31	77
35.66	42
36.31	55
41.22	25
34.95	51
34.86	36
36.37	85
36.15	36
38	41
35.71	44
34.5	52
36.31	8
36.78	15
34.71	31
33.96	22
34.67	44
33.23	39
34.93	53
40.21	3
33.2	77
33.49	10
32.73	30
36.86	44
35.57	47
36.64	15
35.2	34
36.01	43
35.42	42
36.68	17
35.71	44
33.8	95
37.31	54
35.29	54
37.27	35
35.43	40
44.81	7
35.2	28
35.63	51
35.33	91
36.22	34
38.92	37
35.11	87
33.66	36
37.53	9
36.08	23
34.82	28
36.09	100
33.73	34
33.37	14
35.48	30
35.48	30
35.29	49
31.81	11
34.02	43
34.97	54
36.46	46
39.82	10
33.46	53
33.11	49
34.04	30
34.88	37
33.65	35
33.23	51
33.05	29
35.24	38
33.07	53
35.46	52
35.83	55
39.72	5
31.41	2
37.3	38
32.21	6
36.84	44
34.52	48
33.7	66
32.65	41
33.17	78
40.76	16
33.06	55
33.27	41
35.41	49
33.53	9
35.37	34
31.63	45
36.41	41
35.44	92
36.36	84
36.39	14
36.22	29
35.77	21
36.01	15
42.76	2
38.38	78
35.41	51
36.28	41
34.84	50
34.64	21
30.46	47
35.84	37
34.61	38
36.14	32
34.34	51
34.12	28
35.93	93
33.81	98
32.01	50
33.81	20
34.73	32
34.11	62
31.81	49
33.05	30
32.06	93
32.39	48
32.74	76
30.94	13
33.7	51
33.49	19
34.62	54
36.75	41
35.16	49
34.51	27
34.08	83
31.66	45
32.98	67
36.72	45
37.76	74
43.98	2
34.04	51
36.71	51
33.56	15
34.67	48
33.71	53
30.58	1
35.89	96
31.62	54
34.64	98
37.91	32
33.48	50
36	34
36.65	26
35.15	91
32.83	45
33.01	50
34.03	41
35.29	33
44.5	15
34.29	98
31.34	61
35.77	53
33.65	41
34.36	37
34.34	32
35.03	88
34.26	53
34.28	34
36.55	18
37.21	94
33.79	2
35.78	50
36.6	6
36.93	71
33.81	52
37.04	19
35.75	38
35.09	34
32.85	49
34.45	55
33.7	55
31.84	53
34.05	19
33.83	16
32.77	54
33.88	41
32.8	31
33.91	47
33.16	96
33.33	54
34.19	75
32.36	44
32.75	51
38.96	7
34.35	73
33.36	85
30.68	0
34.83	29
34.73	27
34.72	40
38.6	3
31.13	42
35.62	28
32.75	52
34.73	27
34.83	29
32.08	13
33.03	54
35.58	43
33.78	99
34.88	34
32.58	79
33.15	98
35.34	10
35.16	33
36	44
35.77	49
30.6	46
34.86	70
30.93	49
33.54	62
32.2	55
34.78	43
35.38	43
34.95	19
32.06	37
32.21	55
36	77
33.98	44
36.11	46
40.16	33
35.89	99
35.17	93
44.2	7
36.96	32
34.84	65
36.12	47
34.7	60
34.31	30
35.89	86
44.4	6
36.82	92
36.1	48
34.41	15
33.73	33
34.57	73
32.71	52
30.76	38
33.56	43
31.39	49
31.85	9
31.12	34
34.06	38
32.76	12
32.02	16
31.8	50
31.4	37
34.88	37
34.34	29
34.59	76
33.35	40
35.78	42
36.13	54
33.09	49
40.67	1
34.61	52
35.09	44
34.54	99
36.64	40
33.94	63
41.98	1
36.49	31
35.77	91
37.08	44
38.17	38
37.46	24
36.85	42
33.92	45
33.62	34
32.77	37
31.22	15
31.51	39
35.78	84
38.19	18
33.54	100
32.65	54
35.59	47
34.18	30
32.59	55
36.52	33
30.74	52
32.51	30
35.75	39
33.52	45
33.88	49
31.69	53
33.38	48
35.04	33
35.31	24
37.18	28
34.54	45
35.98	79
36.19	39
35.12	95
35.29	55
35.56	50
56.38	3
37.79	32
35.6	64
34.97	35
37.13	40
37.11	70
38.94	32
37.86	35
37.19	68
35.21	46
34.09	8
35.58	34
36.5	40
34.38	45
32.48	54
34.83	46
35.3	46
36.36	30
35.55	15
32.56	44
41.12	2
32.58	60
34.46	88
35.98	56
38.92	44
43.72	18
35.1	21
35.89	45
34.4	61
33.97	91
33.98	37
34.1	94
35.03	51
33.59	39
38.49	24
43.86	13
36.68	41
36.27	43
32.38	55
33.88	20
36.15	41
36.8	46
32.92	52
42.73	2
35.54	52
33.01	29
36.76	43
37.38	86
34.45	67
35.09	42
35.52	29
35.04	83
37.51	47
35.5	83
36.58	12
42.2	7
36.78	38
36.16	32
36.66	73
37.45	68
36.27	59
34.6	52
40.33	3
35	50
35.84	98
34.23	44
35.57	51
36.24	91
34.39	39
34.98	61
33.91	47
35.26	44
43.2	2
35.06	98
34.36	79
34.19	38
35.81	53
36.39	48
38.01	36
34.65	13
35.86	87
36.45	49
32.27	22
36.53	49
36.28	36
36.45	49
40.97	2
33.86	51
35.91	33
35.06	49
36.35	21
32.25	45
36.04	45
30.94	55
35.94	49
32.82	46
35.48	36
34.58	43
33.83	50
34.95	90
34	31
34.2	34
33.99	3
35.09	80
32.86	96
34.22	49
32.83	80
53.07	4
34.57	68
35.19	31
32.81	92
45.53	4
36.22	76
36.08	45
37.25	47
33.8	49
37.01	27
37.22	50
31.99	2
36.76	45
36.18	42
33.11	84
33.26	40
33.82	71
33.17	52
35.34	26
31.28	47
32.52	25
32.31	45
35.58	35
35.37	37
35.34	52
33.05	51
34.64	67
36.81	30
34.31	88
35.67	52
34.51	45
34.24	54
33.9	16
39.83	9
35.52	6
35.4	14
39.84	1
32.06	38
35.2	98
36.57	46
35.35	55
38.98	32
33.17	31
35.34	40
34.28	45
42.36	4
35.31	60
35.47	49
36.12	48
31.74	50
33.72	26
34.6	13
37.55	33
36.1	30
33.55	22
31.44	40
32.31	42
35.45	30
32.81	87
40.35	8
34.12	88
34.7	92
32.31	36
33	96
35.19	39
33.98	54
33.93	5
36.57	43
33.07	52
35.09	32
32.6	52
35.72	50
34.51	55
32.72	12
36.16	35
35.71	64
42.74	6
36.8	31
35.8	95
36.12	54
35.02	100
36.14	93
35.31	96
34.8	89
38.5	50
33.56	24
33.79	91
35.1	21
37.04	35
37.59	33
34.04	41
35.08	25
34.3	48
45.08	8
35.88	50
36.11	29
41.51	0
36.15	42
37.17	49
36.37	49
33.66	100
33.9	35
36.64	39
35.93	19
38.3	59
36.21	14
35.62	48
36.57	24
33.11	54
36.76	32
35.49	23
37.18	57
34.62	45
41.72	28
35.15	89
32.47	97
33.83	30
34.29	77
34.73	84
33.38	54
34.71	45
41.02	17
34.9	39
32.94	37
32.16	55
32.75	87
33.79	32
33.97	53
34.41	41
31.8	39
32.39	85
34.64	49
33.43	50
32.07	18
33.72	87
33.99	98
36.1	33
35.98	27
35.28	85
34.14	90
36.8	25
32.58	54
35.9	33
36.85	22
35.2	37
32.54	45
34.01	8
32.76	7
32.88	75
34.57	38
33.91	24
34.61	37
33.86	76
32.76	100
37.08	51
34.28	51
33.64	41
35.57	35
34.87	9
33.04	50
32.59	48
38.29	13
33.86	86
34.23	31
32.79	31
30.36	52
33.4	38
33.03	82
31.02	46
32.02	33
32.43	61
30.71	5
32.5	58
33.17	4
34.46	42
34.43	42
33.32	48
33.44	49
35.38	90
38.76	0
34.41	42
33.24	47
31.85	55
37.27	35
36.07	8
36.06	26
44.52	8
36.85	76
38	77
36.59	42
35.95	47
38.27	47
35.6	6
36.86	64
33.22	46
33.29	47
36.09	44
31.64	55
35.45	99
41.89	3
35.16	47
34.56	39
35.77	45
34.1	6
34.57	89
33.03	92
35.47	21
33.76	32
36.64	19
40.53	2
34.24	48
35.9	52
34.26	53
34.62	4
34.22	49
32.87	52
33.42	80
31.59	51
32.34	21
33.7	49
33.99	70
33.56	96
33.31	22
34.36	56
33.32	51
34.39	28
32.96	53
33.5	55
33.57	57
34.34	38
33.62	42
35.28	39
33.9	20
32.25	19
35.39	81
35.38	51
36.03	81
36.09	83
35.24	45
37.31	70
37.34	71
39.94	38
40.84	5
37.34	26
34.16	41
32.06	43
34.72	48
38.76	17
32.87	93
32.71	13
32.46	55
33.08	29
40.23	10
33.68	53
34.8	51
36.05	47
37.39	66
36.05	93
34.44	10
36.9	92
34.03	47
33.16	46
37.32	89
35.89	22
35.35	33
35.37	40
35.8	3
34.02	46
36.86	24
31.8	5
32.27	21
35.36	44
31.77	34
36.79	33
42.67	21
34.65	40
32.33	55
35.72	47
34.75	54
35.08	36
38.04	34
36.84	46
36.95	23
33.93	51
36.3	31
35.48	24
36.85	42
35.59	92
35.68	42
35.42	56
34.4	40
36.81	49
32.99	6
44.36	3
32.27	52
31.98	48
36.32	29
33.88	2
32.61	34
34.24	36
34.24	36
34.07	40
34.35	26
34.5	18
37.48	33
36.2	19
33.37	44
33.28	50
32.62	54
34.66	44
33.72	50
35.33	43
32.82	48
32.23	38
34.12	36
33.13	89
31.93	23
33.78	46
34	51
33.58	43
31.45	2
36.56	3
33.17	53
33.25	46
36.26	52
34.56	50
35.01	31
38.13	17
35.84	29
36.39	52
43.49	8
36.87	18
38.55	26
34.35	49
34.73	49
34.16	46
36.8	21
42.81	7
36.02	67
36.45	42
37.19	36
35.66	53
35.75	82
35.86	49
38.92	27
36.36	17
35.2	45
45.11	4
35.87	40
37.04	22
35.53	96
38.05	86
36.15	51
34.7	30
35.19	76
37.53	38
36.14	15
35.35	6
34.39	53
43.7	2
33.79	45
35.45	28
35.97	75
34.99	32
34.13	82
33.87	45
35.06	42
35.14	37
35.05	21
36.01	53
37.03	73
34.39	54
36.23	41
36.66	17
42.65	3
36.92	48
34.52	45
36.16	41
34.95	49
34.87	87
37.18	36
36.45	42
35.14	24
37.54	41
42.54	42
37.01	50
38.44	81
33.76	39
36.28	99
34.91	95
35.88	48
35.78	51
37.48	46
41.43	6
35.13	71
36.81	15
36.9	27
34.94	55
35.13	71
35.36	98
34.99	48
37.83	29
35.13	71
35.13	71
36.44	49
37.08	51
35.56	55
34.1	6
41.48	13
35.3	53
38.15	5
35	47
37.02	50
34.84	45
35.08	83
33.85	36
35.16	51
33.83	91
32.92	49
34.97	79
32.09	54
33.25	44
35.45	31
34.19	38
34.13	39
34.07	31
33.44	59
31.48	55
32.37	48
31.94	32
38.13	39
32.8	60
35.17	51
35.94	38
33.76	51
32.47	53
31.84	45
33.64	100
31.99	94
31.09	46
33.84	46
33.28	98
32.77	38
34.33	49
34.34	59
35.85	31
35.04	54
32.8	55
37.48	3
32.59	45
36.52	52
36.35	39
36.27	55
35.5	21
35.5	84
37.12	44
37.11	69
33.69	24
37.06	30
38.4	47
33.91	96
36.57	99
41.18	14
35.1	50
36.39	96
38.02	38
37.83	55
36.47	34
33.71	94
34.77	24
36.37	51
35.08	18
35.56	50
48.07	8
37.48	57
36.21	42
36.91	83
36.75	53
37.55	88
36.86	69
36.47	45
36.65	53
35.22	74
37	43
35.45	39
33.79	27
34.09	41
33.24	51
32.76	52
32.59	100
33.22	45
36.27	40
37.56	52
35.28	45
35.41	50
33.7	26
34.42	96
36.87	88
44.46	7
35.48	7
35.37	75
38.7	67
35.68	73
38.07	52
34.56	51
35.01	35
34.76	96
33.53	43
35.86	40
34.49	54
35.86	35
36.11	23
32.95	21
35.79	44
34.31	11
37.15	67
36.76	53
34.8	24
35.84	22
36.1	39
33.34	54
33.47	43
36.56	51
44.65	0
34.66	78
35.31	33
35.58	92
39.88	4
32.52	54
35.51	75
35.44	26
32.19	52
32.19	52
35.55	43
46.35	5
37.78	42
36.4	26
33.74	49
34.87	47
35.89	44
36.84	26
35.3	37
37.65	63
35.88	37
35.88	67
37.8	72
40.59	63
34.29	31
37.58	28
35.29	99
33.95	65
35.84	54
36.94	70
35.4	93
36.12	51
35.59	47
35.24	51
39.02	40
34.29	43
35.16	55
34.53	43
44.16	3
35.8	48
33.28	55
36.46	19
35.49	54
34.68	4
33.54	53
37.02	22
37.29	82
41.6	7
38.77	18
35.71	82
36.19	78
35.11	36
35.27	57
32.89	10
33.43	83
34.16	90
33.02	81
34.36	31
34.42	30
35.24	80
37.47	7
35.47	41
44.21	7
34.93	97
38.48	33
34.08	54
37.5	65
33.1	42
36.81	88
35.38	77
37.24	44
32.49	16
33.17	99
33.87	49
35.28	53
33.13	93
35.03	33
33.05	63
35.62	43
33.22	48
42.76	4
35.09	47
33.11	79
33.55	83
34.71	34
35.91	52
43.08	22
32.78	78
35.16	45
32.41	57
34.65	88
34.12	81
34.4	44
42.7	2
33.64	49
37.55	42
37.03	40
34.24	40
36.88	34
36.17	17
34.64	51
35.48	76
36.51	54
35.04	52
40.16	3
33.02	45
35.96	48
35.84	99
37.39	44
36	45
36.2	48
34.88	41
35.16	49
36.48	28
36.05	54
42.19	6
35.28	27
36.77	8
36.09	44
34.56	40
35.15	38
34.61	21
34.72	50
34.12	48
34.25	97
33.84	52
33.25	55
35.03	68
34.05	33
34.28	55
34.1	53
33.32	54
37.46	77
35.63	95
37.41	63
36.81	25
36.67	15
36.98	89
37.33	25
33.79	1
36.46	94
40.21	3
35.76	34
32.69	50
32.56	94
34.36	48
34.38	96
33.58	23
39.2	23
35.36	46
34.99	34
32.68	52
36.35	23
32.75	44
39.23	7
34.04	50
32.53	50
35	18
33.55	53
37.76	31
31.98	53
35.9	40
34.52	98
37.04	47
35.15	51
34.22	91
34.04	61
39.04	1
31.68	3
37.32	35
32.82	38
34.98	30
35.88	34
37.5	31
30.76	38
34.62	48
32.72	48
32.72	35
34.42	93
33.5	22
33.32	50
37.25	51
37.39	25
35.52	32
34.97	2
36.19	50
36.34	51
35.4	34
33.93	50
38.23	42
35.13	72
36.38	43
33.5	37
34.61	35
31.03	15
32.23	36
35.73	25
35.22	51
35.17	63
33.96	43
36.6	30
36.75	33
31.4	37
34.04	46
32.95	89
33.38	53
33.5	53
31.02	35
32.35	50
33.8	51
33.57	33
34.71	99
32.44	14
32.23	54
33.34	58
33.76	36
41.01	2
32.22	91
33.24	50
34.77	35
34.6	52
40.83	6
35.48	28
31.91	50
33.4	48
34.56	42
33.04	33
33.75	27
33.77	29
33.12	54
31.84	43
33.49	0
37.83	35
35.09	97
34.03	51
36.4	30
37.46	48
33.5	30
43.17	20
34.03	51
36.32	69
36.48	43
38.03	60
36.39	37
34.67	52
33.77	48
38.14	64
35.97	64
35.85	44
37.4	61
34.93	52
33.76	46
35.31	44
31.43	25
33.56	44
32	53
31.72	100
36.04	48
34.53	41
34.25	96
32.64	55
37.32	43
35.79	47
35.39	54
54.08	3
32.22	38
33.53	22
36.09	97
37.14	35
35.2	22
35	28
33.58	93
33.06	33
30.91	12
34.47	67
33.12	52
34.28	46
34.34	55
33.68	36
34.76	43
32.36	44
37.32	32
36.9	88
44.01	2
37.55	24
35.08	82
35.99	47
36.18	39
38.01	22
36.45	57
37.27	55
33.49	56
33.81	29
33.52	76
32.63	39
31.55	37
33.68	24
34.65	34
35.5	40
36.08	35
31.56	52
34.58	35
32.8	54
37.55	31
36.27	90
36.62	98
36.85	86
45.48	17
36	82
37.01	21
34.11	22
32.8	50
36.12	3
35.95	29
35.73	48
35.73	33
35.36	33
34.67	81
33.28	52
34.58	27
32	52
34.43	68
32.83	21
33.53	49
33.06	35
33.53	93
34.25	77
36.37	27
33.92	46
33.89	77
33.65	67
35.31	45
35.12	100
33.89	32
37.43	17
34.53	93
36.71	39
36.82	49
38.14	40
41.96	7
37.72	29
35.86	22
35.7	95
35.34	74
36.09	14
37.83	9
34.5	29
35.85	67
37.48	41
34.89	47
33.82	47
35.7	4
33	14
36.52	34
33.91	25
33.56	19
34.72	24
33.48	44
33.22	79
35.15	52
34.68	55
34.17	14
34.72	55
36.72	31
36.78	51
38.59	30
37.47	26
35.99	47
35.8	45
35.83	47
36.52	30
36.85	97
37.32	25
34.4	54
33.66	32
35.5	63
33.97	52
36.63	81
36.98	97
34.52	53
39.57	35
32.63	52
34.94	49
33.96	53
34.03	55
34.49	21
34.08	55
35	49
34.28	44
34.8	64
42.69	28
34.73	43
34.27	96
33.32	30
32.61	48
34.78	39
32.5	42
41.1	10
34.26	45
35.48	44
33.48	25
35.08	52
34.19	20
43.19	14
32.16	45
34.67	34
35.72	53
33.66	40
33.39	94
33.8	54
32.62	23
33.67	27
33.44	48
33.58	60
34.99	53
33.4	38
33.84	48
33.42	62
31.44	8
34.98	3
32.43	12
36.55	30
37.45	31
36.23	75
36.57	89
36.04	70
37.17	50
34.21	48
33.89	36
37.28	18
35.24	14
33.83	53
32.73	51
33.23	13
37.59	27
34.48	26
34.72	18
36.04	32
32.75	43
35.42	47
34.39	15
36.35	28
35.19	35
35.37	8
37.05	54
34.32	51
35.31	82
35.47	98
35.82	26
36.44	45
33.67	36
35.21	49
34.34	35
35.8	27
37.55	34
34.5	59
34.14	55
32.9	49
35.21	41
34.85	8
35.16	36
34.02	22
33.87	93
33	48
44.68	7
35.17	93
35.8	50
35	53
34.4	47
33.71	26
37.31	18
39.68	10
32.3	37
33.92	74
33.72	50
31.78	50
33.21	74
34.28	23
34.8	19
33.28	36
33.54	69
35.79	37
36.32	34
33.39	44
35.52	93
39.28	4
33.21	25
38.18	37
37.78	35
36.94	39
36.65	69
38.2	34
37.34	34
38.57	28
35.7	51
31.26	55
34.59	38
35.77	14
32.68	33
32.72	33
33.47	33
32.28	37
34.99	4
31.23	9
32.7	37
34.32	50
33.93	48
32.15	33
34.28	43
31.14	43
32.92	13
36.79	29
36.32	44
35.85	49
34.6	44
35.86	98
42	14
35.49	90
36.91	52
37.54	44
35.4	74
35.6	53
44.22	12
36.61	51
38.43	57
37.23	31
37.44	41
36.61	48
35.47	90
35.27	34
36.6	33
33.85	52
36.78	27
36.81	29
37.34	44
33.79	60
34.76	71
37.86	47
35.41	33
35.81	86
46.61	17
32.6	40
35.22	45
34.24	22
33.59	26
37.55	42
32.24	43
37.83	30
32.8	54
32.41	48
34.4	34
33.4	43
40.54	8
32.28	53
32.57	27
34.03	33
34.03	33
33.54	29
33.66	100
32.81	50
31.19	55
30.74	54
32.23	86
36.45	3
36.21	44
33.93	54
34.39	53
36.8	26
32.87	90
32.42	92
33.17	42
35.98	82
36.28	43
33.44	43
37.59	30
35.57	52
35.6	72
36.76	13
35.66	49
32.89	50
34.51	42
32.71	41
35.44	51
34.28	92
32.56	42
33.02	30
36.57	51
35.21	54
33.54	99
33.55	77
36.96	10
33.02	95
33.27	0
38.84	7
34.44	33
31.8	54
36.08	26
34.45	38
34.61	52
32.85	68
35.52	25
31.42	54
35.08	53
43.62	13
37.88	37
32.72	10
32.71	37
32.71	56
33.64	45
33.05	30
33.32	30
35.13	94
34.77	52
35.56	29
34.59	67
34.96	49
34.82	89
33.98	39
32.92	28
40.94	40
34.74	42
32.53	51
34.09	52
41.35	3
35.42	92
33.76	48
36.38	66
38.24	29
35.08	35
34.42	37
36.12	68
34.42	82
37.65	40
34.95	24
33.39	63
35.44	97
35.06	29
33.2	2
31.89	82
33.05	94
35.22	88
36.86	36
32.74	53
31.67	55
31.84	45
33.75	36
34.3	50
32.63	42
34.92	46
35.91	23
34.63	50
35.47	39
36.32	85
100	0
33.08	54
35.57	53
36.61	51
34.61	54
36.04	54
35.28	31
36.73	100
36.36	47
33.51	53
34.16	48
33.69	100
35.85	36
38.08	36
41.82	8
31.74	55
37.09	50
34.04	22
41.73	0
31.75	45
34.14	48
37.11	43
34.2	76
35.75	22
34.32	100
34.3	100
35.12	30
35.51	46
35.19	97
36.07	54
38.41	78
36.9	37
35.78	43
35.59	54
37.84	67
35.32	49
43.87	0
36.53	94
32.42	17
34.84	50
32.9	46
34.12	11
33.55	44
34.44	38
42.2	17
31.52	33
31.35	42
32.08	39
32.32	54
38.08	6
34.88	93
34.89	50
32.79	55
34.26	31
34.21	81
34.06	55
33.1	55
32.75	90
33.18	52
39.4	2
37.05	71
38.46	25
31.46	51
34.94	52
33.8	43
33.28	64
34.94	52
33.22	22
35.39	22
33.76	51
32.83	34
34.77	76
37.32	2
36.5	94
33.72	50
33.77	34
34.89	24
34.36	29
34.49	72
34.75	45
32.33	29
32.8	41
36.32	33
37.61	28
34.41	46
32.74	18
34.53	58
37.47	4
30.47	53
32	51
35.36	1
32.01	45
34.04	53
32.27	43
33.92	55
32.66	11
32.12	55
34.43	40
34.43	69
34.6	51
33.94	74
33.71	47
34.26	18
38	5
32.47	72
34.51	41
34.2	50
36.17	55
32.93	57
36.52	5
32.78	23
33.06	53
36.37	37
36.12	49
35.71	53
34.4	53
33.28	100
36.36	41
38.78	74
35.14	54
33.98	45
36.1	52
33.32	42
36.45	46
33.16	45
34.87	97
34.87	16
34.96	45
34.66	32
34.07	39
35.29	82
33.96	32
35.1	30
32.78	46
35.78	69
33.97	24
35.94	72
34.14	74
33.8	19
35.44	46
36.7	13
33	51
45.98	3
37.22	40
34.35	96
34.76	88
34.33	54
35.31	75
34.65	52
35.71	80
34.4	50
37.42	47
34.97	96
37.4	33
37.14	31
34.7	37
38.69	77
32.04	50
39.82	2
31.47	9
33.59	44
35.56	25
34.5	65
38.19	25
36.57	59
32.28	46
34.05	43
33.05	50
36.92	45
33.69	41
32.12	13
33.51	23
33.62	44
33.39	52
35.52	2
32.41	76
35.1	33
32.84	93
31.73	40
32.91	48
34.23	82
35.08	50
35.14	50
32.8	45
33.11	96
37.14	26
32.16	50
39.4	2
31.47	9
31.82	0
35.56	25
31.8	53
34.41	32
35.91	33
36.57	59
34.05	43
43.87	5
37.6	52
35.98	23
35.2	44
36.81	54
36.12	61
35.61	41
36.56	32
35.71	87
35.95	74
35.2	59
33.4	38
30.49	9
34.46	52
32.44	49
41.93	7
32.64	62
34.14	81
36.12	52
32.8	34
35.22	9
36.79	14
45.35	7
36.89	16
37.29	52
37.44	82
37.19	77
37.52	34
39.15	26
34.37	9
34.42	50
36.22	51
36.89	17
46.92	7
34.88	52
35.08	32
36.86	46
36.61	96
37.77	24
40.15	21
32.77	90
33.4	49
36.12	43
32.9	47
36.47	29
33.81	36
32.69	54
34.85	86
34.65	87
35.89	48
33.56	24
33.28	55
33.38	46
33.17	36
36.26	53
33.28	51
34.16	36
33.88	92
32.52	97
32.92	77
35.21	87
35.44	42
34.19	25
33.96	49
35.55	58
37.83	3
33.06	43
32.61	21
34.13	20
35.74	32
35.73	31
32.84	42
32.44	44
39.57	25
35.68	96
38.67	31
39.31	30
38.68	31
35.8	42
43.39	19
34.5	47
35.08	76
32.8	28
35.84	42
41.22	16
34.61	75
34.36	49
36.28	29
33.77	67
34.44	24
34.45	33
35.34	35
37.3	50
37.86	19
33.09	44
34.44	88
34.31	70
35.08	22
33.56	39
35.04	72
35.85	41
37.26	41
37.67	58
36.04	99
35.38	48
37.39	49
35.64	34
35.11	52
36.43	35
37.27	30
34.26	74
36.75	74
33.47	76
35.98	54
34.14	42
41.94	15
32.38	43
33.8	49
37.52	50
33.74	44
37.74	22
34.54	44
39.57	30
33.12	23
47.61	11
32.69	52
37.72	42
33.82	5
34.66	85
37.92	22
39.92	8
35.79	40
35.63	80
35.39	88
36.21	41
35.75	97
34.73	88
36.11	73
35.07	44
36.99	58
34.57	84
34.78	48
37.29	49
36.74	38
34.34	100
35.25	91
32.64	26
34.71	26
33.47	30
41.08	2
35.24	100
36.01	94
35.73	54
35.6	45
36.04	97
39.33	24
46.63	6
35.73	55
36.64	85
37.1	52
35.38	83
35.54	80
36.25	49
34.28	35
34.41	53
32.66	55
34.06	30
34.6	91
34.13	77
34.22	91
38.05	47
37.69	27
34.43	51
36.51	29
35.45	58
35.45	86
36.41	23
35.92	52
38.1	39
41.07	13
33.52	41
34.26	39
32.48	48
35.34	49
33.57	24
32.87	45
33.71	31
31.94	49
36.3	67
37.69	14
34.95	43
36.43	57
37.28	48
34.23	35
37.8	43
37.39	29
37.24	43
42.82	13
36.79	47
34.88	50
33.71	43
33.08	52
30.86	1
31.37	49
34.42	52
34.2	92
33.6	51
32.59	46
36.96	35
32.46	33
35.56	15
35.06	89
36.73	32
37.24	71
37.51	89
35.38	74
36.03	80
35.31	49
35.38	91
34.92	80
36.71	58
35.03	43
34.54	54
34.3	97
41.48	23
34.13	21
34.57	26
34.28	88
34.39	38
35.68	46
36.76	35
34.73	52
36.98	46
35.84	54
41.16	7
39	34
35.88	52
36.48	13
33.52	81
34.27	78
40.29	7
36.15	54
33.33	52
34.8	44
38.99	54
36.47	48
36.14	44
34.96	29
33.87	85
36.64	32
33.6	36
33.48	42
39.62	15
33.18	92
31.85	28
34.38	9
32.73	95
33.98	50
32.38	32
33.6	44
34.91	59
31.43	48
36.41	45
34.3	51
35.57	40
33.59	49
42.7	0
36.21	82
34.84	33
32.6	3
34.96	76
34.96	76
36.19	29
31.85	15
32.16	4
33.98	43
36.21	25
34.2	48
33.4	15
33.11	36
33.29	39
33.55	26
34.19	52
32.76	30
37.29	4
33.79	44
32.31	19
33.92	68
33.12	26
33.78	94
36.64	55
35.36	36
33.01	26
34.01	52
34.34	57
33.47	94
36.64	44
39.4	10
35.52	36
35.89	28
35.15	55
36.21	28
34.14	49
37.28	50
33.84	100
36.8	70
36.58	48
35.55	90
38.06	79
36.82	45
35.95	57
35.8	41
36.32	48
38.68	28
33.07	43
34.74	70
35.47	83
33.37	68
32.08	55
32.84	43
34.3	48
30.82	48
40.44	6
32.97	41
33.61	16
33.39	92
33.43	54
34.07	49
33.11	35
33.64	47
34.08	55
34.03	44
32.49	41
40.44	6
31.91	41
33.65	39
32.91	40
30.82	48
32.84	43
36.37	45
37.51	27
35.67	40
33.57	36
33.83	34
34.34	51
35.02	53
33.39	51
41.08	42
34.44	19
32.52	52
35.41	68
33.56	53
33.33	51
39.63	6
33.27	46
37	33
35.72	33
35.8	33
34.5	42
32.7	57
33.71	41
33.91	51
32.61	45
33.5	7
34.22	55
41.23	3
35.93	29
34.17	88
37.12	29
38.72	17
36.81	31
32.83	52
33.04	100
34	41
31.12	15
33.66	25
35.2	77
34	88
32.7	33
33.32	46
34.11	65
32.96	32
35.08	53
32.57	65
31.78	29
33.06	74
40.74	16
34.8	24
33.44	46
33.02	53
35	45
34.12	53
34.61	19
32.43	29
34.41	46
34.15	53
33.25	2
30.97	43
36.16	28
34.85	46
33.9	46
34.55	45
32.91	5
36.32	91
33.4	53
32.23	85
32.79	14
33.33	52
32.58	55
31.72	49
34.2	44
35.87	23
36.06	52
33.89	97
39.35	13
32.79	49
37.57	30
30.84	46
35.59	44
35.84	33
36.44	42
39.82	8
36.08	49
32.94	54
36.28	20
31.69	55
34.28	54
34	54
36.05	79
35.27	99
35.99	52
34.49	26
41.24	13
34.95	71
34.92	40
34.87	94
40.39	6
33.24	49
33.09	38
32.66	53
34.19	74
38.62	5
34.13	36
34.4	41
33.54	50
36.98	43
33.43	72
34.53	46
30.89	6
32.87	30
40.62	33
31.57	37
34.6	50
33	78
33.76	14
34.2	51
31.64	55
30.72	53
39.7	2
34.84	86
35.29	22
34.16	37
34.65	94
35.58	50
34.64	33
35.35	37
33.66	51
35.38	33
33.96	43
40.53	2
33.22	22
34.02	64
34.28	53
35.96	52
30.73	55
38.4	25
35.52	36
35.67	60
33.08	22
32.84	46
34.5	47
33.44	41
33.93	49
34.89	28
34.05	37
33.66	68
33.68	30
32.6	52
36.43	76
38.68	16
36.58	53
36.61	94
37.38	53
43.15	5
34.61	52
34.39	53
35.29	85
35.72	34
33.14	55
31.43	49
32.08	71
32.61	54
32.97	3
36.24	35
32.16	46
36.87	47
31.88	97
34.48	41
37.84	96
35.83	49
37.36	71
33.67	52
35.24	50
37	71
41.68	1
38.73	24
38.26	29
38.17	41
33.33	25
32.08	86
33.33	23
32.62	46
33.53	51
34.55	45
35.4	20
32.59	49
33.6	54
35.46	33
32.81	54
35.56	36
33.96	16
34.9	29
31.83	62
35.75	34
38.56	7
33.4	55
34.52	41
33.8	52
36.69	46
34.59	76
35.79	52
46.04	3
35.48	47
35.48	53
33.24	83
35.59	19
35.24	47
35.47	53
31.22	36
32.96	37
32.58	23
32.55	57
32.17	12
34.25	96
33.91	19
35.61	50
34.09	59
33.75	51
32.38	53
33.13	70
34.11	90
33.72	50
34.68	57
32.26	44
35.93	27
32.12	51
37.45	8
33.56	51
36.14	53
35.68	55
35.21	34
36.15	53
36.56	25
42.98	6
33.81	49
37.39	57
37.59	95
35.35	53
36.06	40
31.5	51
34.73	28
36.75	29
37.72	31
34.08	99
35.19	58
35.91	36
33.53	38
32.66	52
35.81	35
34.86	13
31.43	88
32.56	50
34.84	55
35.35	30
34.65	32
36.15	33
34.24	91
36.54	60
32.94	25
32.64	46
35.42	85
34.24	48
33.86	51
36.32	39
35.68	51
34.81	16
40.05	13
33.12	4
33.5	42
32.47	54
35.92	64
36.36	34
32.82	99
32.96	42
33.36	69
36.34	17
34.93	25
33.76	47
34.08	44
34.3	53
33.74	28
32.98	48
33.61	34
32.44	45
32.44	45
33.89	93
34.25	95
42.67	13
32.27	26
31.41	44
34.04	39
33.54	50
33.98	54
30.9	46
32.1	49
34.52	76
32.25	5
32.84	45
33.05	20
34.42	86
43.56	12
32.11	46
31.93	83
35.15	55
33.18	38
33.16	72
33.31	50
32.11	59
35.83	34
42.07	3
36.71	79
38.08	56
37.55	78
36.36	52
35.75	99
34.9	26
36.35	47
37.16	45
33.71	93
32.84	40
32.24	38
33.03	53
35.53	83
31.53	51
33.79	99
35.52	49
33.33	94
33.35	77
35.02	40
39.6	60
34.51	38
36.3	57
34.4	50
36.9	48
35.29	88
36.14	81
37.79	63
32.03	2
33.9	63
37.88	80
46	9
36.44	62
37.7	100
35.71	26
37.6	22
36.61	48
34.92	8
35.99	77
39.11	8
34.02	53
32.86	38
33.84	43
36.45	21
30.55	21
32.34	55
34.18	84
35.24	25
35.74	7
36.85	48
33.7	92
36.8	19
35.08	37
31.52	52
34.92	53
35.28	36
34.4	44
35.57	56
33.95	26
35.68	86
34.82	59
34.48	93
34.09	53
35.95	96
43.89	16
35.68	39
36.52	42
34.66	71
36.12	21
36.98	54
32.44	49
34.9	21
33.15	52
33.92	54
40.58	1
34.56	35
34.44	38
33.93	52
34.7	99
34.52	33
33.84	25
32.81	47
31.89	30
34.84	31
35.34	46
31.74	52
34.24	82
33.01	21
32.56	93
34.44	51
34.64	39
33.69	46
35.63	55
34.32	81
34.87	87
36.62	86
35.9	36
35.36	36
40.64	4
33.64	52
34.61	52
33.81	74
33.12	48
35.36	26
34.68	46
34.84	37
35.96	52
39.35	4
31.7	81
34.59	48
36.26	79
36.97	66
40.05	3
34.6	46
35.45	82
38.92	72
38.46	46
35.86	15
35.73	49
35.58	24
33.94	78
36.1	32
35.04	11
33.84	45
35.29	30
37.44	50
35.74	45
43.76	7
35.61	44
32.18	54
38.32	43
34.06	51
35.19	94
35.94	32
36.49	18
34.72	82
39.39	34
36.64	19
37.84	9
34.35	28
33.38	52
33.39	48
36.15	7
34.32	96
35.32	50
41.96	2
34.15	50
35.7	34
33.73	24
35.1	93
38.75	11
36.55	33
35.65	45
34.76	54
34.12	26
36.9	37
36.71	100
42.96	13
37.17	86
33.36	7
42.86	3
31.4	53
34.22	37
35.84	39
36.47	22
35.68	45
35.36	79
35.05	93
35.22	20
38.73	71
37.44	72
38.56	51
37.69	35
33.36	31
36.24	63
38.17	32
36.13	45
36.24	21
35.29	100
34.49	39
33.84	18
31.68	49
33.24	24
33.39	45
32.86	13
31.56	45
31.94	44
33.93	56
31.25	51
35.78	33
35.84	47
32.98	24
33.36	17
33.72	86
36.32	0
33.6	90
35.42	36
34.99	17
36.9	43
34.45	38
34.64	38
34.18	54
34.01	97
33.4	29
32.54	40
33.76	52
37.48	33
36.6	41
39.82	3
36.04	72
35.24	48
36.41	37
42.44	6
34.08	94
36.37	49
37.79	28
33.56	55
37.55	29
36.38	78
34.24	46
35.72	30
43.96	8
35.12	23
35.36	66
35.37	10
34.92	21
33.92	51
33.23	40
33.79	50
34.76	91
34.63	69
33.76	27
42.04	5
34.45	54
32.4	2
36.01	70
33.37	44
33.82	55
34.29	18
33.93	48
34.44	30
35.91	2
33.81	92
35.18	77
36.09	20
36.45	78
35.4	55
36.73	73
38.01	32
37.36	29
37.84	77
35.46	92
37.33	39
39.4	35
35.54	67
35.2	17
35.63	41
37.24	85
34.08	48
36	99
33.76	97
40.64	4
36.76	40
33.29	22
35.01	51
31.97	52
35.88	29
35.41	30
40.52	14
33.51	47
33.91	24
33.17	42
32.8	41
32.34	87
34.24	35
32.53	36
42.34	9
32.97	59
32.78	22
40.25	5
36.65	72
35.67	49
35.76	35
34.04	96
34.93	46
35.06	7
34.01	55
32.14	22
36.09	42
31.18	90
33.28	47
32.93	19
34.46	55
34.97	24
33.18	24
33.61	50
33.7	53
33.03	53
34.33	34
33.47	48
31.85	54
32.77	19
39.02	3
32.09	51
33.28	6
34.69	27
35.92	35
31.83	49
33.97	82
35.41	19
34.5	31
35.25	52
41.3	4
35.23	60
35.41	49
36.48	33
33.39	53
36.2	30
34.73	29
38.21	44
35.5	14
35.95	21
36.91	48
34.48	51
35.26	37
34.62	43
35.5	42
40.27	4
34.81	45
32.53	54
35.56	13
35.04	28
32.86	47
40.04	4
35.08	60
35.44	49
34.67	49
31.21	55
34.98	52
33.08	19
32.28	47
33.61	52
34.06	32
39.26	1
33	52
33.44	48
33.2	48
32.37	47
33.01	50
34.46	29
37.81	29
34.56	42
34.44	54
32.55	34
39.06	6
35.31	49
31.97	54
33.7	84
36.48	25
33.84	45
35.02	48
34.37	66
39.08	8
34.56	49
36.77	28
31.84	41
33.96	93
37.37	30
36.64	24
34.27	55
34.04	52
35.59	50
34.16	19
36.57	27
38.95	55
51.97	3
37.08	47
35.95	42
35.1	15
31.89	53
36.86	81
37.57	39
34.77	54
38.5	40
35.15	87
37.17	44
33.97	21
35.61	45
35.41	45
32.38	49
31.25	54
33.7	38
32.78	34
33.69	57
31.57	39
32.68	29
33.85	50
31.15	55
37.14	86
37.9	26
36.34	43
36.74	69
36.32	63
35.12	42
39.17	28
34.18	54
36.81	92
36.15	81
36.12	33
32.28	6
33.93	24
31.78	22
34.02	76
31.7	39
31.86	24
33.54	44
35.32	34
39.32	13
33.5	55
34.98	51
33	54
34.72	15
34.92	15
37.89	5
34.99	49
35.34	28
34.05	93
37.64	29
35.12	53
33.08	52
33.97	17
32.11	51
35.1	22
33.36	48
36.12	61
33.66	35
31.95	46
40.94	10
34.18	42
34.57	66
35.6	82
36.59	54
35.12	24
35.48	48
32.45	34
35.86	16
34.98	38
35.38	47
33.76	52
31.37	53
34.39	33
34.42	45
39.46	18
36.05	54
36.21	44
37.13	70
34.41	15
38.26	40
34.74	23
34.48	1
37.15	20
33.62	91
36.11	78
36.8	30
38.26	31
33.02	21
36.68	49
34.91	28
34.36	20
37.44	39
36.54	48
32.78	50
36.12	36
31.71	79
32.78	50
34.84	4
33.18	54
34.63	36
33.36	45
37.21	29
33.71	53
35.09	43
33.44	47
34.55	73
33.13	50
32.49	5
34.57	49
34.77	39
36.02	47
36.68	33
32.91	60
33.24	36
32.21	49
34.48	25
32.77	50
31.77	54
34.41	39
33.64	48
32.75	77
34.6	44
36	43
36.91	25
33.06	65
33.49	34
32.7	53
32.26	50
33.52	23
33.76	53
36.5	5
35.63	12
33.54	52
35.57	47
33.21	33
35.92	48
33.44	42
32.16	51
31.37	19
36.01	39
32.89	36
33	8
34.62	38
34.79	15
34.14	96
33.56	80
32.56	53
31.24	51
35.21	49
32.95	45
34.52	100
36.56	39
32.84	54
34.1	35
33.97	48
34.49	38
36.64	49
33.52	52
34.4	41
42.19	7
33.56	22
33.4	49
34.96	90
36.93	3
33.41	32
35.35	53
35.51	29
32.65	82
33.56	27
32.23	21
38.76	11
32	85
36.55	30
32.6	49
33.61	54
33.97	64
33.12	54
33.29	53
34.03	84
36.17	40
33.04	39
36.91	24
33.06	51
38.56	8
35.24	49
33.76	25
34.46	66
32.85	54
33.02	41
32.48	47
32.36	54
35.13	37
33.78	49
33.23	54
38.74	3
32.55	54
33.29	13
30.61	52
31.73	53
34.52	49
37.75	26
35.87	84
34.6	19
35.36	50
35.42	20
41.36	7
38.08	34
36.24	43
36.44	43
36.68	51
35.95	49
35.5	25
35.63	51
37.4	58
36.37	24
33.24	45
36.79	4
37.01	95
37.48	37
36.93	12
35.1	23
37.72	44
32.28	54
32.92	47
34	28
34	23
33.3	92
32.27	52
33.08	40
33.57	76
32.89	27
35.32	3
31.65	24
33.52	89
34.06	6
32.32	6
32.56	24
32.25	76
33.89	13
34.3	88
42.51	2
37.29	79
37.26	25
36.42	60
35.5	26
37.62	63
36.93	57
36.91	80
35.41	91
33.28	50
33.44	29
35.02	95
33.75	42
35.72	41
36.97	48
35.31	63
31.24	55
34.83	35
41.47	7
33.47	33
32.7	32
34.35	50
32.81	28
34.05	62
33.22	47
31.79	80
34.12	87
32.8	16
36.31	58
34.06	55
35.43	65
36.53	54
35.84	11
33.67	93
34.68	36
36.2	49
34.19	64
33.96	38
33.83	5
35.8	38
32.84	53
32.57	53
34.18	24
32.2	45
34.73	45
34.15	87
32.41	55
33.39	45
35.35	42
34.33	65
36.48	11
35.31	43
34.58	55
35	54
32.16	1
33.87	38
34.67	90
35.21	39
35.62	87
36.75	76
35.6	40
39.43	47
33.95	55
35.02	55
40.88	1
36.12	25
37.14	19
38.89	15
34.02	44
33.6	42
31.64	54
31.42	29
31.42	29
33.86	16
33.72	55
35.78	24
33.7	16
34.81	87
33.44	28
34.61	44
36.58	41
37.09	46
32.71	46
31.61	55
36.35	54
33.54	93
32.14	36
31.38	45
35.05	47
32.81	59
33.26	19
30.32	53
33	15
32.69	91
33.72	86
35.25	29
41.28	8
33.08	57
32.8	61
35.2	104
31.73	59
33.92	54
32.92	117
33.5	121
32.28	60
31.49	58
34.52	41
33.75	48
30.92	61
33.83	49
33.35	61
31.94	58
32.84	49
33.19	59
35.08	61
34.53	67
34.6	37
33.02	59
34	28
30.47	55
34.12	53
34.87	56
33.77	51
31.29	37
36.21	44
31.68	52
36.37	44
34.46	32
31.59	61
35.42	62
34.52	59
34.93	46
36.2	19
33.96	37
32.95	22
32.52	59
37.29	42
35.28	17
35.1	17
33.32	60
37.28	42
32.55	62
33.89	61
31.84	55
31.3	61
33.03	41
36.92	23
34.13	49
32.68	61
34.49	58
31.63	62
33.89	61
35.14	61
32.76	59
35.48	47
31.51	62
30.65	61
33.36	61
33.21	44
32.78	60
32.58	58
36.1	21
32.04	59
35.71	40
34.84	51
36.91	50
34.36	99
32.52	61
33.44	61
33.74	55
36.42	54
35.98	57
31.8	101
31.28	59
35.2	57
33.47	41
32.58	52
34.64	37
34.29	53
35.08	101
32.26	40
34.95	33
32.17	60
32.85	11
35.84	58
30.9	61
35.36	58
33.77	81
33.27	37
34.08	61
35.42	42
35.25	55
35.56	58
34.12	57
37.25	42
31.68	61
34.68	82
33.59	39
34.17	69
33.8	108
34.26	38
35.2	100
34.72	52
34.19	61
31.71	52
33.43	33
37.6	45
33.04	52
33.86	103
33.12	71
31.92	61
34.66	60
34.56	20
36	30
34	51
32.1	54
35.11	75
32.33	52
34.4	60
36.93	100
33.12	110
34.44	55
34.82	119
34.49	17
33.83	27
32.43	101
37.01	48
31.53	57
33.64	60
31.68	61
36.34	34
35.38	11
33.91	24
34.08	51
34.32	122
36.07	52
38.39	61
35.29	58
33.59	121
34.39	53
35.64	57
32.37	110
36.92	56
33.44	13
33.32	50
32.6	48
33.47	30
35.64	57
32.96	62
34.97	61
34.04	41
32.88	48
33.85	57
33.97	54
32.96	60
35.36	55
34.58	50
35.38	44
33.33	29
35	57
33.49	42
33.22	44
36.87	27
34.14	57
34.42	95
31.4	61
33.2	24
35.03	41
33.76	53
34.87	55
32.59	62
35.52	48
33.48	59
34.34	57
34.71	56
31.85	109
35.85	65
35.47	39
31.32	59
33.25	104
34.06	16
31.62	62
34.82	44
33.32	117
32.96	58
33.27	55
33.64	57
34.45	58
32.04	61
35.82	84
31.62	11
34.18	25
33.77	78
33.49	75
32.54	34
32.06	49
35.28	60
34.26	2
33.26	47
34.08	51
35.43	18
32.38	49
32.96	62
32.96	62
32.26	112
34.08	62
35.98	29
35.98	12
35.32	14
33.64	60
33.74	44
33.36	53
34.31	121
34.93	62
35.48	35
32.67	45
36.32	34
32.89	28
34.3	60
33.66	26
33.37	4
34.75	79
34.61	79
33.94	19
35.06	25
35.26	23
37.2	30
32.83	105
32.85	110
34.21	43
33.98	59
32.96	6
33.7	113
32.7	114
34.79	65
30.3	52
35.89	12
34.68	13
33.95	101
32.54	38
34.51	57
34.78	60
32.64	58
32.9	58
35.05	60
33.17	52
31.4	61
34.16	58
32.91	54
33.24	59
34.32	41
32.16	55
32.32	81
33.91	59
34.76	31
33	110
35.4	10
32.53	50
35.82	54
34.71	13
35.46	57
33.6	56
34.92	60
36.36	47
32.68	110
33.94	52
34.41	19
35.31	58
