sim	len_diff
34.2	163
35.54	129
34.84	159
33.95	140
34.37	176
35.48	186
36.34	171
33.67	185
33.66	187
33.99	181
35.72	131
34.25	62
35.14	155
34.76	155
33.33	184
34.65	179
34.01	186
35.16	89
33.56	189
34.62	142
32.52	188
34.25	165
33.85	165
33.85	186
34.82	152
33.51	189
34.83	126
33.53	191
33.85	188
35.36	157
32.72	167
32.72	167
32.72	167
32.72	167
33.67	48
33.7	143
32.67	187
32.67	187
32.67	187
35.9	114
34.4	64
34.32	165
34.93	133
34.96	145
34.85	109
33.46	182
32.21	190
34.59	180
33.11	186
32.99	187
34.84	106
34.64	150
42.27	100
33.77	188
34.97	109
34.97	109
34.17	171
34.97	109
33.47	190
33.96	129
33.96	129
33.71	165
32.85	174
34.52	172
33.95	101
34.8	134
33.09	175
33.57	180
33.76	165
33.44	135
33.7	184
34.44	156
35.27	159
34.97	109
33.44	171
34.84	152
35.7	128
33.42	182
34.12	144
35.02	172
36.45	99
34.34	190
34.22	189
33.03	189
35.19	152
32.03	191
34.25	180
33.81	190
35.01	169
33.19	183
34.38	176
35.78	132
34.68	319
34.45	155
34.45	110
32.14	188
33.33	169
33.79	190
34.8	158
34.53	182
33.78	185
34.41	180
33.44	176
33.1	172
33.73	192
36.92	163
34.73	170
35.02	172
35.72	136
35.32	119
35.09	170
34.64	150
33.97	186
32.23	182
32.07	154
32.75	176
36.09	189
33.41	161
33.47	185
34.81	172
35.01	186
34.06	172
35.42	172
35.13	138
34.1	180
34.39	89
34.73	137
35.36	145
33.27	181
33.41	185
32.97	187
32.05	189
32.08	176
34.88	163
40.9	102
33.45	158
33.45	158
31.94	177
35.21	278
34.11	138
33.51	154
32.69	166
34.27	176
33.75	179
33.86	152
35.39	145
34.42	165
33.94	69
33.53	176
34.06	167
34.34	138
32.92	187
35.17	160
33.74	188
33.63	129
34.59	152
33.64	170
33.52	187
34.22	187
32.1	191
34.36	140
34.07	83
32.95	187
33.75	186
34.35	179
34.19	190
34.51	178
32.72	187
34.91	159
32.53	61
32.97	156
34.07	151
33.2	187
41.44	102
35.27	163
32.97	187
34.89	278
33.66	131
33.48	101
34.96	162
32.65	185
33.91	155
31.9	169
33.64	180
33.87	168
32	192
32.81	189
32.88	170
33.78	164
33.71	162
34.91	161
34.75	139
34.19	153
34.78	160
34.36	163
34.07	189
34.03	192
33.42	184
35.11	157
33.88	180
34.23	183
34.29	179
33.66	176
35.34	190
34.36	174
37.05	157
33.47	168
34.43	325
32.79	185
33.06	175
32.16	181
34.88	109
32	190
32.54	184
34.91	148
34.92	107
33.76	175
35.65	150
32.34	187
34.45	158
33.53	137
32.8	187
33.74	178
33.38	57
33.57	65
34.7	163
33.45	156
33.87	175
31.78	169
33.03	372
34.18	171
32.8	187
33.42	161
32.71	183
33.42	172
32.37	140
32.63	107
33.39	160
34.5	123
33.78	189
31.81	181
31.72	167
32.7	158
33.35	171
32.4	187
31.79	192
33.26	171
34.1	152
33.93	188
34.28	158
33.01	141
32.26	182
31.66	192
33.21	175
32.41	155
34.78	190
34.43	144
34.46	150
33.08	160
33.01	141
34.25	172
33.31	179
33.83	175
31.11	192
31.81	169
31.42	183
32.57	181
32.98	182
33.42	182
32.8	187
33.77	99
34.77	111
35.38	143
34.19	129
34.83	137
34.19	140
33.78	122
34.84	134
34.67	158
35.95	178
33.58	189
34.51	181
33.02	190
34.59	176
35.93	131
33.94	184
33.45	191
32.52	156
34.7	178
33.9	181
34.66	164
33.44	181
35.01	120
34.2	159
34.5	67
35.62	125
33.49	187
33.29	156
35.04	139
33.53	168
34.23	173
36.21	138
34.26	178
33.57	157
31.85	182
33.06	190
33.16	185
35.93	152
33.4	190
35.59	173
36.08	191
35.96	100
34.76	148
35.71	152
34.06	76
38.36	123
33.42	155
34.36	161
34.11	151
36.69	123
34.7	192
33.83	174
33.84	177
31.89	185
35.04	183
34.78	138
36.21	153
35	95
35.09	176
35.74	189
32.85	189
33.51	177
35.45	175
34.3	187
32.43	191
34.75	185
35.1	186
35.35	119
36.53	118
36.15	145
36.67	165
33.3	185
35.48	156
35.97	152
34.63	181
33.94	171
35.66	179
34.67	180
33.34	192
34.24	181
34.25	141
45.11	12
35.54	129
34.03	33
32.33	154
33.5	100
33.28	107
33.31	80
33.16	168
33.89	136
48.51	16
35.78	273
36.33	132
34.83	123
35.88	110
38.56	99
35.84	153
35.66	155
37.73	97
37.47	84
32.74	161
34.76	145
33.58	47
33.34	154
33.78	165
34.18	121
34.41	137
37.77	71
34.21	163
35.05	130
34.01	170
32.28	162
33.57	170
34.01	129
34.47	130
32.52	160
32.67	160
40.22	17
33.84	26
34.29	134
36.3	156
35.98	87
34.1	168
35.03	157
35.67	159
35.51	136
35.67	157
36.75	136
59.39	1
41.14	83
35.6	158
35.22	152
35.97	166
46.89	25
37.38	121
37.18	197
36.96	145
36.07	160
36.24	106
36.63	169
32.26	149
33.5	161
47.49	13
34.62	148
33.61	152
34.65	113
34.69	135
33.92	104
35.8	139
33.5	162
34.42	126
31.3	23
34.07	110
40.76	9
34.09	290
33.12	97
31.58	166
33.24	164
33.36	170
35.39	153
36.13	160
45.68	30
36.58	126
36.47	142
34.95	135
36.24	142
35.57	170
37.26	88
36.32	164
37.47	161
47.56	9
35.91	145
36.01	163
35.96	159
39.13	47
36.63	149
34.98	165
35.58	165
36.53	163
36.63	89
46	5
35.21	90
34.06	152
35.89	139
34.04	29
35.14	144
32.42	138
34.4	164
36.01	69
35.28	191
47.39	9
35.53	20
35.72	170
35.89	32
36.88	84
36.14	159
34.12	15
35.68	116
35.25	166
37.27	257
32.57	49
34.29	146
33.27	56
35	129
42.47	28
33.67	122
32.62	132
32.06	55
34	97
32.66	156
33.64	161
35.78	86
34.32	114
34.77	151
33.81	116
35	108
32.26	150
35.14	91
32.3	85
33.78	164
45.39	44
34.85	49
34.47	146
36.97	134
34.73	136
35.66	109
34.54	160
34.23	60
34.9	167
35.86	129
34.3	148
43.36	0
31.32	157
34.73	125
34.02	165
34.97	137
33.43	151
32.62	31
33.54	166
34.72	116
37.31	146
38.25	128
37.04	163
36.53	163
37.61	136
35.49	168
35.95	166
49.74	21
37.1	118
35.43	148
34.32	137
33.26	126
34	82
33.87	135
34.39	160
46.21	3
33.9	84
35.01	149
33.02	104
34.15	141
32.14	75
33.68	163
32.24	13
33.66	90
33	13
33.22	111
33.69	71
32.81	138
41.25	9
32.67	114
45.67	59
35.61	155
34.88	163
36.19	122
37.1	37
35.58	81
37.81	126
36.61	157
36.97	127
37.85	211
35.74	76
33.77	161
34.38	168
50.6	19
34.44	154
35.02	125
36.27	123
35.68	277
34.95	114
35.9	101
41.22	7
34.4	164
35.98	109
37.82	82
34.99	123
33.93	143
34.66	149
33.81	120
34.67	157
35.02	114
35.78	97
48.49	25
34.79	137
36.33	136
36.28	144
36.8	94
35.95	169
37.28	151
35.77	161
35.76	149
33.17	94
34.86	119
34.61	81
32.98	70
33.1	154
33.66	154
34.54	122
34.38	105
34.19	85
33.47	92
36.73	134
34.96	162
35.75	166
35.44	141
48.32	26
34.97	169
34.63	148
36.61	160
37.95	160
35.43	138
34.27	142
34.93	148
46.93	8
34.29	168
34.6	159
35.46	100
33.99	168
35.13	35
36.04	158
35.36	71
35.54	155
35.21	142
44.95	25
37.08	110
34.89	144
35.01	169
35.45	163
36.08	134
35.3	152
34.76	76
33.64	129
33.37	62
34.73	84
34.08	146
44.41	5
33	167
34.04	130
34.23	164
33.79	155
33.46	166
33.76	70
34.4	290
34.5	151
44.09	11
35.66	165
34.55	163
33.92	130
34.38	159
34.92	88
34.27	130
35.75	140
48.77	18
35.71	151
37.53	94
36.01	170
36.9	117
36.1	169
37.17	151
37.45	155
35.08	170
36.3	163
36.82	151
49.06	30
34.95	133
36.45	100
36.61	128
36.98	116
37.83	101
34.83	162
37.03	122
47.7	28
37.36	74
35.16	148
36.38	66
37.89	106
36.16	163
36.53	131
35.86	166
37.85	136
35.65	152
34.33	127
32.36	163
33.18	128
34.64	146
45.43	2
34.29	245
34.58	158
33.29	168
34.72	132
34.05	112
35.59	37
34.09	119
34.61	88
34.65	130
35.2	219
35.27	154
33.89	158
33.59	135
35.44	132
46.47	14
34.14	125
34.16	44
32.94	145
33.45	93
32.58	168
32.55	140
31.82	159
33.79	160
34.05	151
32.45	97
35.63	130
33.98	139
35.1	142
37.06	111
36.23	139
34.78	140
35.89	135
34.89	80
46	4
35.65	170
35.77	148
35.03	37
36.08	89
36.3	164
35.67	127
36.55	97
36.34	248
37.51	128
37.05	148
36.44	129
32.12	112
33.52	50
32.71	159
35.05	185
33.38	95
34.4	141
33.23	170
33.41	284
33.08	136
33.75	103
48.85	7
34.06	251
33.23	133
31.94	152
33.18	143
33.49	162
33.67	129
33.95	223
33	159
33.19	143
35.11	119
34.09	130
36.24	59
34.72	115
40.77	4
33.99	164
32.55	163
32.36	147
33.97	143
32.87	65
36.31	152
34.83	109
35.38	160
46.41	17
37.58	98
37.3	121
36.18	128
34.73	161
36.26	135
36.67	102
32.86	142
43.8	1
35.86	150
32.83	97
34.35	98
34.04	275
34.55	164
34.39	126
33.93	148
34.65	141
34.3	141
35.33	96
36.27	82
38.96	69
56.48	9
36.33	149
35.04	13
32.85	162
37.75	114
33.12	151
34.66	166
35.72	150
34.81	68
34.6	167
45.23	6
35.45	154
36.82	87
36.04	105
35.53	223
35.53	134
36.79	185
34.81	170
37.1	133
35.77	145
33.21	155
35.21	166
35.45	81
36.1	123
35.49	109
47.87	9
33.55	54
33.84	141
33.42	58
31.93	116
31.6	33
34.52	161
33.79	79
32.63	140
34.47	255
31.16	31
34	166
34.47	94
35.78	110
37.13	88
47.21	11
33.19	16
34.97	160
35.52	135
34.65	137
33.83	157
39.85	74
36.51	161
35.15	140
37.35	155
36.76	166
46.9	5
37.59	92
39.04	88
39.67	124
37.18	102
35.13	170
33.62	162
34.97	66
37.55	76
36.86	152
35.28	163
35.7	169
35.14	155
50.75	6
36.83	97
35.65	41
32.67	167
33.22	50
33.34	161
34.46	146
32.55	167
33.4	149
33.94	161
42.47	9
34.55	142
35.85	136
35.05	147
33.86	33
36.63	87
35.91	168
34.09	168
35.04	135
35.59	165
34.33	156
37.14	117
36.71	143
35.84	137
35.7	163
35.98	165
47.54	25
37.32	147
35.08	156
35.68	128
34.64	161
35.32	166
35.13	163
35.99	158
39.15	80
58.3	1
36.47	70
37.51	96
35.4	165
40.1	58
35.98	136
36.81	157
35.26	158
38.16	119
48.73	42
34.39	170
36.08	246
36.22	146
36.18	103
35.89	84
35.44	125
35.95	146
34.86	143
37.12	44
33.73	50
33.67	78
34.1	134
34.87	166
35.31	123
34.6	71
32.08	3
45.06	3
36.29	161
49.66	1
34.47	146
36.38	118
37.46	112
35.15	144
34.44	162
33.92	58
35.15	169
37.48	151
35.57	127
36.56	160
36.15	118
35.26	135
36.3	150
35.77	109
48.67	32
37.17	79
35	143
35.94	138
51.2	13
34.6	128
36.03	86
34.1	148
34.61	142
35.28	81
34.73	165
34.54	162
32.99	55
36.78	25
35.01	129
45.23	3
34.26	154
32.73	15
34.58	281
35.75	102
34.13	44
37.3	22
35.08	146
35.15	96
34.18	254
48.81	2
34.15	144
34.13	79
34.44	147
35.38	138
35.25	145
39.41	76
33.78	46
36.52	136
33.81	145
34.1	94
34.12	148
33.73	123
34.26	138
32.73	155
34.18	102
34.85	128
34.69	77
32.63	140
38.7	119
47.59	40
35.76	155
36.59	29
37.04	146
35.43	109
35.31	155
35.79	164
37.1	168
36.32	131
35.07	163
35.9	107
35.32	160
47.74	5
34.83	110
34.78	167
35.92	113
34.22	33
34.3	100
33.35	158
33.36	104
34.48	73
34.09	143
33.75	105
34.42	169
33.66	124
34.44	118
33.22	98
35.31	147
33.85	156
33.63	137
44.28	4
35.86	145
33.84	123
36.24	133
34.83	200
35.1	57
33.98	148
35.76	122
38.95	94
35.29	96
48.29	9
36.72	39
33.73	162
33.99	156
35.24	163
33.91	78
36.65	118
35.29	96
34.9	125
35.76	115
35.16	145
32.97	134
32.74	161
46.57	2
35.16	132
34.93	166
34.43	152
35.61	148
35.33	130
34.98	144
50.06	3
38.77	32
35.34	150
36.51	69
35.7	231
35.4	165
36.11	121
36.27	239
36.31	115
36.28	158
34.54	69
35.95	158
34.72	158
34.98	304
33.85	5
36.63	143
35.46	72
34.38	165
33.91	160
34.79	115
33.65	142
33.95	89
45.82	5
33.77	3
34.4	70
33.86	98
34.55	150
34.65	133
35.14	169
33.05	165
32.38	47
35.31	43
43.07	8
34.09	113
34.27	172
33.81	158
32.25	131
35.09	169
33.2	41
34.43	29
34.77	170
33.4	136
33.25	151
33.93	136
34.86	115
34.09	174
32.75	167
34.39	83
43.09	2
35.41	79
34.93	134
36.21	121
36.72	126
36.18	116
47.8	4
34.55	143
36.3	82
36.09	116
35.2	158
34.62	150
33.3	300
41.74	26
34.8	160
36.11	103
34.12	118
33.81	156
34.79	107
34.26	140
33.9	93
49.27	27
35.98	104
37.02	137
36.53	92
35.56	139
36.66	94
36.64	138
36.3	115
35.2	168
35.77	158
35.72	167
34.53	164
35.12	68
33.4	43
34.79	119
36.09	157
35.51	120
46.38	25
34.3	126
35.58	99
33.93	129
33.43	82
34.84	152
34.33	116
34.28	101
33.7	92
33.58	165
33.34	128
33.37	137
33.57	76
34.9	46
34.79	98
36.27	160
35.45	117
49.01	1
33.66	123
35.37	144
34.63	140
33.84	167
35.9	103
51.14	17
34.11	33
36.16	110
35.02	170
35.63	158
36.08	127
36.29	142
38.81	73
34.88	166
35.75	135
34.52	152
35.19	25
32.52	166
33.39	164
34.6	68
34.63	41
33.72	148
32.98	169
41.82	17
34.68	120
34.69	122
35.88	96
34.74	92
34.07	169
34.4	126
33.44	81
46.83	7
35.44	154
34.92	133
34.35	169
37.01	58
34.32	170
34.68	164
35.17	130
34.45	166
56.53	6
39.82	66
36.33	143
37.45	102
36.26	169
36.16	107
35.94	115
36.71	90
46.71	14
35.21	156
35.79	154
35.33	163
35.12	159
35.22	162
38.23	159
36.42	135
37	116
34.54	172
36.39	123
49.39	3
35.38	116
36.86	33
34.64	169
35.29	165
34.54	160
34.78	123
35.13	146
34.92	144
35.79	66
34.13	169
36.21	128
37.46	131
34.88	151
35.09	104
34.45	146
34.54	164
33.86	155
35.63	76
33.97	42
34.75	168
46.22	26
33.95	57
34.65	155
35.03	224
33.93	149
34.52	290
34.51	151
34.94	170
35.4	102
34.96	163
43.77	11
34.71	163
34.17	151
34.35	159
35.02	88
33.53	170
36.21	152
36.31	142
36.05	116
35.61	51
37.26	87
36.6	91
37.01	166
49.01	16
34.66	157
34.62	122
42.11	11
34.98	100
34.44	121
37.2	112
35.42	132
35.26	103
36.46	159
35.9	125
39.28	76
35.99	167
35.02	156
35.9	149
35.13	126
36.92	163
48.22	22
35.35	157
35.01	68
34.56	153
35.95	134
34.22	95
46.91	20
34.07	116
34.04	161
35.6	21
35.42	78
35.73	142
37.25	48
34.7	165
34.79	81
33.67	142
34.75	186
33.21	31
36.36	62
35.26	130
34.38	147
32.8	154
34.59	63
41.24	18
35.08	144
58.06	5
31.6	21
35.22	176
35.51	58
35.53	106
34.25	125
34.07	112
36.54	65
34.37	149
35.16	170
36.17	242
35.75	168
35.3	158
36.87	129
50	23
36.05	105
36.03	98
36.48	159
34.56	155
36.36	145
34.77	96
34.6	146
34.29	140
33.59	137
34.94	141
32.38	159
34.73	120
33.28	161
35.15	158
45.23	24
34.55	156
33.9	165
32.22	49
44.01	1
34.2	69
32.97	168
34.17	167
33.63	145
35.48	132
33.21	158
34.69	162
34.81	151
36.5	135
39.01	55
35.7	130
35.61	127
35.63	156
36.99	90
36.73	142
35.38	169
34.89	145
34.54	105
35.76	131
33.78	133
34.54	89
35.14	54
33.76	167
42.98	3
35.05	274
34.22	166
35.42	133
41.42	14
34.7	279
34.69	265
34.39	75
35.17	94
34.93	117
35.77	66
34.99	85
33.79	90
34.95	25
34.29	158
42.41	9
32.7	136
34.74	80
33.38	95
34.1	108
32.82	138
34.17	71
33.3	150
36.66	132
36.77	127
35.27	96
36.09	165
35.59	95
35.82	168
35.74	288
35.97	92
35.02	85
48.57	4
35.08	130
35.41	131
36.65	100
46.42	4
35.13	63
34.75	160
34.7	165
35.51	117
37.22	132
35.33	134
35.24	169
34.93	140
36.61	171
49.52	5
35.7	77
37.04	130
35.16	147
34.34	136
36	158
35.64	125
35.18	159
35.69	69
49.34	5
36.71	133
35.21	156
36.67	62
37.17	91
36.5	97
35.86	115
36.09	158
32.82	149
35.47	69
43.33	10
35.2	85
36.61	67
34.63	168
33.06	170
33.11	45
34.71	85
34.79	126
33.72	74
33.48	168
33.81	114
33.09	96
32.39	110
33.12	122
35.05	152
33.98	129
39.55	9
34.12	134
47.93	4
37.75	143
35.73	10
34.05	115
35.41	169
35.06	148
34.42	159
35.39	156
34.77	111
33.5	89
33.64	73
34.19	124
33.89	158
32.56	169
32.21	25
34.01	146
32.7	86
32.21	28
33.96	134
35.06	122
35.16	156
34.87	126
32.59	167
32.68	155
32.29	57
40.29	4
34.76	110
33.42	65
33.46	102
35.06	133
31.2	58
33.74	150
34.18	66
33.79	51
34.68	94
33.39	131
33.25	145
35.32	87
33.48	64
32.61	53
36.02	131
34.91	136
34.83	154
38.99	42
49.01	3
36.79	123
33.73	164
33.58	167
35.04	180
35.76	232
39.33	76
35.86	170
36.71	167
48.76	5
37.26	135
37.53	67
37.4	129
39.36	125
37.73	126
35.3	13
36.12	240
34.62	139
34.79	135
38.89	38
35.77	74
50.86	1
37.53	126
36.69	160
35.7	112
36.56	166
34.94	157
35.64	122
35.82	43
34.86	74
34.71	156
34.99	162
35.44	124
34.84	170
47.31	9
32.94	38
33	151
35.89	46
34.47	126
33.18	150
43.38	3
33.58	135
33.31	70
34.54	167
36.03	146
34.91	131
33.86	150
34.71	152
32.39	28
36.15	86
34.24	57
45.37	5
34.15	163
34.79	109
34.06	160
34.16	75
36.55	119
36.18	164
48.14	23
35.85	148
35.95	168
37.28	111
35.8	134
35.01	166
35.72	161
36.36	140
32.65	91
33.02	160
44.32	16
37.21	78
32.52	140
34.55	157
33.44	166
33.99	135
33.38	107
33.51	120
36.29	87
35.14	160
36.36	145
35.64	160
35.38	166
35.33	160
48.05	26
37.32	136
36.89	160
36.9	111
33.89	27
32.83	129
32.12	151
33.64	104
34.04	156
33.64	120
33.47	149
33.79	174
41.16	1
34.22	136
34.37	165
35.86	161
33.97	160
46.43	25
37.04	106
34.87	164
35.86	149
35.53	125
36.07	235
35.4	154
34.81	147
37.95	42
34.84	169
34.15	138
34.26	167
34.36	169
34.03	155
35.31	112
50.83	1
35.2	170
32.92	166
32.48	156
33.62	90
31.58	140
34.15	21
33.98	146
41.8	4
33.77	132
33.22	116
33.33	126
35.26	136
34.95	105
33.02	125
35.01	148
34.26	161
32.07	156
35.13	134
46.43	3
33.39	154
34.96	91
32.92	152
32.26	139
33.21	158
33.94	166
33.87	113
34.39	77
34.13	87
33.82	106
33.49	167
33.1	169
36.18	161
46.86	20
36.5	147
35.78	155
37.42	145
35.94	160
38.37	141
35.78	136
36.4	163
37.27	165
37.83	88
36.24	162
35.69	170
36.96	163
35.25	170
49.66	28
38.03	133
36.72	141
37.04	164
37.46	159
35.37	100
37.01	141
36.58	154
36.67	148
36.16	157
36.65	128
35.22	164
35.83	161
50.13	26
35.95	168
36.22	128
47.98	34
35.94	144
35.73	128
36.44	160
38.2	151
37.21	141
36.63	133
34.69	170
35.34	157
36	128
37.29	113
35.23	165
35.59	280
35.99	121
36.04	232
36.95	113
48.19	22
37.93	144
36.2	82
34.95	168
35.82	167
38.11	128
47.07	64
37.52	102
36.9	168
36.77	139
36.02	157
36.01	168
37.34	143
35.6	149
48.18	3
37.89	132
37.52	83
36.84	136
35.84	46
35.25	124
36.19	138
35.2	160
36.09	163
35.75	160
35.9	118
35.29	164
35.51	116
45.45	11
36.64	138
35.46	149
35.07	118
35.57	111
37.93	87
37.16	165
47.06	9
35.41	147
37.16	140
35.92	152
36.28	165
36.94	159
36.64	107
37.2	125
36.34	163
34.73	139
33.6	164
35.13	168
34.22	167
48.67	15
33.92	161
34.96	151
34.13	35
34.95	149
33.77	149
44.24	17
32.99	46
33.82	164
34.74	165
35.31	165
32.41	39
32.43	147
33.62	169
33.12	167
33.62	73
35.11	209
35.09	133
34.37	164
35.26	169
45.46	5
34.88	145
35.05	131
34.77	159
33.11	158
35.01	161
35.11	164
33.98	99
44.41	8
35.03	143
33.77	163
35.45	133
34.15	167
35.02	170
35.13	100
35.01	130
47.35	42
35.41	170
37.92	128
36.31	160
36.96	80
38.8	137
35.52	50
36.17	112
38.14	113
37.17	83
35.59	112
49.8	19
35.67	146
35.32	141
35.59	157
34.7	167
36.5	146
37.24	165
36.3	144
36.07	159
49.33	31
36.58	160
37.97	135
36.54	160
37.06	121
38.12	90
36.38	137
35.65	140
36.3	134
36.34	168
33.99	138
34.5	128
33.78	156
36.82	115
35.09	160
34.41	213
34.24	31
35.36	161
46.09	2
33.41	106
38.82	113
49.09	21
37.36	160
37.85	152
36.08	164
36.5	116
36.96	162
36.2	165
36.26	67
35.53	157
36.12	155
48.4	39
35.35	49
34.42	165
35.17	103
35.04	122
35.71	85
34.41	114
34.61	40
34.61	168
34.12	170
37.9	173
47.46	38
35.34	170
36.08	133
35.08	158
35.71	101
36.12	165
36.72	123
35.75	127
36.58	25
32.84	135
36.6	124
34.08	154
34.45	162
47.27	2
34.38	193
34.38	193
34.74	169
35.36	118
50.82	27
36.71	158
36.86	112
35.68	146
36.77	111
35.71	159
35.85	159
36.08	98
36.94	160
34.03	12
38.3	102
35.89	169
37.16	112
36.31	156
36.43	165
36.24	159
47.1	24
35.15	134
36.51	166
36.73	128
35.46	155
37.45	138
36.12	135
52.56	9
36.24	124
36.25	137
37.07	162
36.76	166
35.85	137
35.57	31
36.35	139
36.36	151
35.33	162
48.77	17
37.47	152
36.89	142
36.15	168
34.57	166
37.77	111
34.1	154
35.82	192
34.43	153
36.65	162
33.68	36
34.81	135
34.71	169
33.84	107
33.7	166
33.34	15
43.04	10
47.24	29
37.21	136
35.5	71
38.5	92
36.51	255
35.36	170
37.1	104
36.09	120
36.67	152
33.71	108
34.52	108
35	167
33.67	158
34.63	164
33.86	168
34.7	128
35.85	110
33.84	168
35.46	120
46.66	6
34.54	135
33.53	154
38.97	72
33.09	170
33.99	112
33.46	166
33.44	167
35.49	150
35.03	142
43.26	14
39.26	81
34.32	160
37.72	110
35.73	137
34.39	170
34.94	165
49.75	4
36.17	145
34.69	146
36.25	168
36.99	99
36.28	134
36.01	152
37.97	134
36.81	154
48.14	9
36.43	170
34.65	138
36.39	118
37.02	168
34.82	115
34.01	166
35.1	79
33.16	41
47.72	6
38.94	73
34.72	86
34.23	170
33.8	121
34.7	165
44.26	1
34.56	303
33.91	168
33.7	153
32.8	133
34.59	162
36.51	154
33.4	119
34.11	177
35.01	175
47.11	51
36.05	140
35.62	161
35.66	167
36.29	162
36.34	85
36.66	165
36.17	134
35.36	166
36.21	143
34.35	139
33.72	155
35.76	30
35.3	150
34.13	164
35.45	124
33.05	157
34.8	168
33.83	168
44.38	9
33.57	164
32.91	109
34.68	123
34.51	71
33.26	76
43.17	8
34.24	163
34.54	169
33.7	162
35.02	88
34.64	38
35.05	139
34.62	167
34.55	97
34.83	82
36.45	116
49.04	6
35.98	147
34.01	155
33.84	143
35.73	135
35.5	96
45.28	1
35.65	132
34.48	145
34.1	166
33.21	159
34.79	105
33.06	140
34.5	105
36.17	250
35.91	146
43.66	64
35.88	159
35.19	130
35.95	105
36.38	110
36.39	62
34.69	160
36.53	103
33.94	147
33.97	126
35.64	81
34.55	149
34.02	151
35.66	165
33.45	141
36.03	119
32.92	28
46.39	0
40.02	12
34.71	144
34.37	122
35.05	90
33.27	93
34.27	134
33.17	144
34.79	152
33.12	119
33.86	129
36.33	141
46.45	4
34.59	144
35.64	140
34.45	163
37.36	138
36.08	52
34.95	162
33.86	158
33.84	112
33.45	127
35.36	162
34.98	147
33.53	167
34.1	152
43.91	48
33.29	161
34.42	138
33.1	168
34.21	160
35.95	99
35.65	125
39.86	75
50	21
35.19	165
34.6	164
34.71	40
36.16	122
35.95	167
35.57	138
35.17	166
37.14	168
35.53	135
50.78	31
35.46	167
35.32	131
36.17	162
34.96	168
36.89	154
35.92	138
34.65	172
33.88	30
34.29	155
33.61	41
34.48	75
33.66	161
33.76	168
34.84	130
44.07	1
34.46	31
38.76	65
35.9	51
35.48	117
35.02	130
57.3	15
35.38	162
34.54	167
33.2	156
35.53	115
36.72	131
33.04	165
43.2	7
32.73	156
33.87	138
34.23	91
34.67	126
35.75	89
34.22	144
34.52	96
35.56	124
34.9	97
37.03	96
36.7	122
37.54	103
34.82	114
34.82	151
36.22	43
40.77	47
35.1	72
35.13	72
45.07	3
34.18	119
33.05	165
34.22	103
33.46	27
34.69	143
33.52	151
34.82	199
33.09	139
34.16	167
34.91	84
36.73	130
34.38	140
35.96	128
37.42	125
46.59	0
36.77	129
35.79	147
35.58	164
35.47	139
35.77	44
33.33	132
35.14	72
33.13	166
34.62	115
33.11	165
33.68	167
33.35	132
41.59	5
33.69	138
34.53	110
33.6	143
33.82	285
33.64	88
33.37	137
44.8	21
34.97	130
34.05	163
34.17	169
34.89	162
38.77	81
35.32	147
33.97	164
35.43	110
36.42	117
51.91	3
34.39	168
34.69	160
35.51	110
35.9	131
35.99	126
34.41	157
36.18	91
35.23	147
33.38	169
34.78	155
34.15	30
36.07	165
35.65	84
45.44	7
35.41	136
33.89	115
33.82	121
33.55	142
34.88	118
47.21	8
34.03	170
35.8	84
34.99	94
33.12	147
36.13	170
39.25	74
35.13	153
34.8	54
35.14	118
36.15	170
36.76	146
36.47	163
36.07	166
47.22	1
37.06	93
36.62	153
37.16	82
35.78	166
36.84	83
37.1	147
37.59	141
49.12	7
35.69	148
36.07	161
34.12	62
35.9	136
40.1	81
34.96	168
36.89	111
33.92	159
32.13	12
35.4	104
34.23	116
47	4
34.96	139
35.29	101
34.03	79
34.38	168
41.57	2
33.92	157
35.4	63
34.52	135
34.72	135
34.92	139
34.87	140
34.91	188
32.05	158
32.97	169
34.17	160
35.13	136
33.6	167
37.55	80
33.01	137
34.28	100
34.11	166
34.66	289
35.16	188
34.01	147
33.46	140
33.91	137
47.45	26
34.76	159
38.84	74
34.27	164
35.45	89
34.99	154
35.35	165
33.16	17
34.52	169
42.82	100
34.06	160
34.89	169
34.66	154
37.6	88
34.69	136
34.41	170
47.17	5
36.67	132
34.79	146
35.13	29
35.91	59
33.68	166
35.65	120
34.65	168
37.04	117
48.08	21
37.54	127
35.47	101
35.31	167
35.13	247
36.85	142
36.02	164
34.56	164
36.72	111
35.75	160
34.81	146
34.54	148
35.39	123
34.13	153
36.04	147
37.52	40
47.88	0
36.1	100
35.66	67
35.33	50
35.74	93
34.71	167
34.1	149
34.99	110
33.16	44
35.94	103
34.98	142
45.41	18
34.57	170
32.28	158
32.52	47
41.04	15
42.89	12
33.98	203
34.45	128
33.11	111
34.9	68
34.53	25
34.17	134
36.17	98
48.66	27
36.02	81
34.98	167
36.71	126
36.68	110
36.48	116
36.21	96
35.87	151
37.54	119
33.59	170
34.36	105
43.2	27
33.79	168
34.06	152
32.59	41
34.05	148
35.72	31
34.75	125
34.61	119
31.82	155
33.94	158
33.02	76
31.07	31
32.22	58
32.53	62
33.5	142
33.26	150
32.87	146
34.97	239
35.78	168
50.09	22
37.13	136
37.58	76
35.97	156
37.46	117
37.74	112
35.66	162
38.27	79
38.73	136
35.47	166
37.16	110
35.83	117
35.27	143
36.76	135
47.88	17
35.38	123
35.78	125
36.27	135
34.59	137
48.57	13
36.38	109
36.83	126
36.85	166
35.17	150
35.16	128
35.67	121
36.25	123
36.52	94
35.14	53
34.96	152
32.89	169
35.11	122
33.87	163
53.53	11
32.78	107
33.24	244
33.88	43
33.55	212
33.01	147
34.35	140
32.69	150
33.82	98
33.37	87
32.58	149
33.14	135
33.91	66
33.33	154
34.59	159
34.3	156
34.04	167
33.03	159
33.48	27
44	7
34.01	49
33.28	159
31.91	165
33.84	153
33.42	157
34.31	130
37.06	138
34.99	97
34.93	163
35.84	168
46.95	17
33.76	162
34.97	149
37.76	138
35.21	138
35.08	169
33.72	160
33.75	138
34.7	123
34.07	148
34.3	300
34.23	147
34.75	116
34.89	126
35.08	114
33.41	141
34.67	87
32.84	50
33.05	58
34.11	68
34.99	129
34.86	169
33.66	167
34.59	71
34.29	101
44.32	7
34.74	136
34.76	143
33.9	156
34.22	168
33.14	104
34.84	81
34.05	101
34.84	81
34.05	101
34.72	93
34.7	98
34.82	90
35.32	268
34.41	163
35.6	96
46.3	4
34.83	39
34.7	156
35.4	144
35.32	154
48.1	3
34.26	148
36.5	122
36.23	99
37.14	134
34.92	168
36.43	131
34.36	168
36.52	120
35.52	159
45.69	55
34.73	139
35.43	75
35.82	148
34.86	145
34.36	170
34.66	108
35.59	170
35.64	77
35.73	83
35.21	144
34.37	121
33.42	112
33.6	159
34.13	52
34.96	146
33.64	145
34.32	47
35.7	117
35.21	121
100	0
34.87	156
35.68	137
37.71	87
37.41	100
36.16	105
38.33	133
36.8	170
35.69	147
37.25	148
34.26	92
34.01	108
37.01	52
35.52	137
34.98	153
34.81	131
34.57	168
35.3	141
37.4	84
45.42	5
37.19	112
39.27	77
41.13	83
36.28	124
38.6	107
35.46	67
38.62	44
49.93	11
36.17	156
36.79	127
36.89	110
34.38	157
51.04	20
36.21	134
36.3	145
36.36	165
35.52	162
37.43	113
36.14	52
36.31	75
34.09	92
34.27	95
33.16	37
34.3	84
31.85	14
32.96	147
33.32	149
34.9	139
33.49	128
34.42	54
31.92	103
33.05	164
33.42	128
36.69	42
34.58	135
32.77	116
45.46	25
34.07	140
32.75	161
33.58	128
33.32	154
33.81	97
33.12	135
33.99	30
45.08	9
34.23	169
33.66	164
35.13	170
34.11	170
34.49	169
33.58	144
34.65	257
42.65	14
33.53	164
35.37	106
33.3	20
35.02	105
34.86	144
34.31	157
33.5	103
33.79	136
33.07	96
34.69	117
34.14	84
36.13	93
33.69	163
34.18	247
43.97	23
34.25	168
34.17	166
34.58	132
42.66	11
33.91	151
32.9	132
33.01	151
36.06	35
33.82	128
34.29	169
34.08	148
34.61	78
38.71	40
34.72	158
35.66	78
44.2	8
33.7	166
35.75	136
34.08	159
35.19	166
34.74	134
34.33	139
37.04	43
35.13	163
34.74	77
33.93	61
33.11	93
34.19	168
33.51	168
45.34	6
34.25	161
34.96	130
35.01	162
36.12	130
34.51	170
36.82	100
35.48	127
46.28	11
36.15	134
36.53	162
35.94	116
35.08	124
35.53	154
35.63	115
35.72	148
35.27	164
36.05	151
35.28	160
35.16	153
34.51	161
45.1	85
34.74	93
34.37	164
34.4	166
34.46	19
33.61	57
34.91	53
36.02	121
46.57	1
38.1	49
33.81	163
34.56	40
35.13	151
35.48	87
34.73	150
37.27	102
35.3	58
35.1	142
35.42	142
34.43	43
44.9	10
35.51	130
32.91	131
32.84	135
34.47	30
34.63	169
34.17	169
34.51	137
33.9	164
34.32	168
34.81	169
44.65	9
43.77	8
34.36	146
33.26	306
35.26	76
34.3	160
33.73	144
34.42	166
34.19	160
34.58	53
34.65	166
43.44	8
34.26	115
32.32	165
33.02	151
34.13	167
33.66	164
34.67	111
34.82	125
34.13	145
32.13	100
33.33	154
33.17	131
33.76	97
32.84	135
34.4	30
34.66	169
33.9	164
34.44	169
34.81	169
44.5	9
34.87	162
33.72	54
34.79	133
35.73	258
36.28	117
36.26	145
47.3	5
35.19	81
36.24	129
36.09	94
34.27	163
38	52
35.35	141
36.25	131
34.02	152
36.8	123
35.87	89
45.37	7
36.32	124
35.03	128
36.22	121
36.47	124
48.75	33
37	157
36.35	44
37.32	121
36.48	138
36.06	153
35.04	138
35.42	165
48.58	28
37.31	138
36.64	64
36.26	167
37.25	99
36.81	162
37.17	152
36.23	53
36.29	163
37.05	156
34.42	295
34.75	130
34.6	154
43.23	11
33.09	136
36.94	74
35.3	110
34.19	251
32.96	134
33.35	147
33.09	114
33.33	70
36.13	132
34.39	137
34.24	117
34.4	136
33.66	101
34.66	162
34.32	169
36.53	110
35.48	66
35.49	153
34.61	136
36.01	146
36.32	103
35.17	104
34.88	115
34.38	153
49.43	20
35.88	142
35.05	167
35.85	141
35.48	61
36.31	111
34.04	140
37.46	121
35.4	54
36.05	170
45.25	43
38	144
33.72	168
33.51	158
34.71	133
32.94	65
34.11	145
33.49	150
44.03	5
33.15	82
35.8	128
38.59	72
35.67	130
36.22	163
35.46	146
47.42	2
34.36	152
37.63	135
35.93	246
35.82	170
35.8	135
35.06	169
35.41	155
48.65	21
35.87	121
35.07	131
35.21	151
37.03	160
36.82	132
36.9	62
36.07	143
35.36	159
37.46	128
35.71	144
45.23	25
35.88	130
39.83	42
35.85	104
36.43	123
35.25	133
35.29	168
35.03	148
39.9	70
35.63	141
35.18	115
37.08	163
58.19	9
37.09	170
37.27	84
35.34	170
35.51	162
35.89	99
46.49	54
37.33	151
36.54	155
35.93	115
35.92	166
38.73	122
35.76	154
35.48	137
35.82	155
37.1	161
35.1	162
35.53	54
35.33	103
34.76	160
34.66	215
34.37	37
33.76	169
35.66	163
36.75	123
46.32	10
36.08	157
33.82	160
49.82	1
37.22	114
36.46	109
36.98	136
35.71	44
36.92	145
34.89	170
37.04	120
46.36	6
33.39	166
36.4	80
35.57	94
35.25	156
34.52	114
34.71	228
34.88	124
34.87	170
34.73	168
35.79	127
36.28	110
35.6	126
35.92	163
37.12	96
46.36	47
35.5	151
36.66	99
36.28	135
35.06	276
34.96	212
37.52	22
33.81	49
34.34	158
34.96	103
33.81	167
45.1	9
35.78	166
33.86	159
33.16	168
36.27	91
36.26	157
36.11	169
37.76	114
35.48	306
34.71	113
37.33	140
36.53	165
45.78	4
36.57	144
32.45	149
32.96	158
44.03	4
33.38	122
33.58	162
32.26	158
33.55	131
33.24	121
35.42	132
33.72	274
35.64	123
37.29	148
34.6	170
47.37	6
34.79	149
35.99	168
34.48	168
37.15	108
34.69	153
35.8	167
33.7	163
35.46	129
33.54	164
33.66	164
35.38	142
37.76	73
35.5	108
35.14	169
34.91	62
34.93	127
37.14	102
44.16	91
36.34	146
35.39	153
35.98	165
36.05	160
36.44	155
36.51	129
36.94	155
36.8	169
36.81	112
32.52	43
35.67	135
34.73	167
36.21	88
34.75	38
42.19	12
36.46	133
34.68	297
33.35	17
33.94	104
33.47	145
33.19	150
33.36	298
33.9	137
43.09	35
35.26	132
33.63	167
37.26	73
33.82	122
35.21	84
35.41	128
34.81	142
49.9	16
35.75	160
39.34	50
34.11	149
35.12	169
35.19	144
35.01	114
44.95	26
34.59	105
34.9	144
33.84	164
36.07	54
35.97	145
35.53	83
35.6	153
33.99	141
33.74	147
35.06	155
35.05	137
33.63	100
44.93	8
33.33	149
34.02	88
33.19	168
32.7	30
35.11	135
33.59	167
35.35	144
34.98	170
35.39	98
44.46	5
32.72	164
33.77	47
34.29	163
34.91	127
34.9	137
34.07	99
36.5	97
35.67	279
33.75	278
37.4	148
36.84	129
39.09	99
36.7	136
49.44	22
36.13	151
36.93	161
35.96	126
34.61	159
35.9	140
34.84	127
37.53	119
48.78	10
34.43	67
34.63	72
35.17	149
39.38	69
33.62	30
44.73	8
34.34	127
34.72	169
33.7	127
33.07	167
32.14	128
32.82	163
33.2	56
34.11	112
34.79	134
43.73	9
34.14	30
34.07	112
33.79	168
33.27	139
32.11	166
34.21	154
33.08	138
35.42	43
34.33	148
35.02	143
35.73	46
35.34	140
33.69	168
48.34	5
35.05	157
35.33	193
34.17	103
34.14	232
33.97	167
35.95	166
33.58	133
33.65	158
35.54	125
35.72	22
35.4	169
46.89	6
34.75	170
34.63	169
34.69	81
32.9	163
33.55	165
33.99	144
33	64
43.46	8
35.12	205
33.93	275
33.73	169
33.3	144
32.63	136
33.28	71
34.47	129
34.95	81
34.44	131
33.55	159
34.79	59
34.04	107
33.12	76
33.93	83
39.05	72
42.04	3
34.47	158
33.13	166
34.88	96
35.18	90
34.09	133
34.72	139
34.53	59
34.83	152
36.02	46
34.19	133
33.59	134
34.42	152
34.39	156
35.21	131
33.68	164
34.55	99
34.75	132
44.08	4
34.35	134
44.33	1
33.49	146
33.6	168
33.98	168
32.46	110
35.03	76
35.21	137
33.93	113
33.11	152
36.22	89
33.71	250
34.47	157
34.38	145
34.28	75
42.61	2
35.05	119
32.01	165
33.59	118
32.92	46
35.61	169
34.81	118
33.48	119
33.79	116
34.26	132
45.73	19
34.62	154
35.16	133
35.17	108
36.23	130
36.16	108
35.89	169
35.61	143
35.78	85
47.7	6
34.29	125
35.02	155
34.57	158
36.12	102
36.21	119
33.95	136
33.86	135
35.28	126
34.69	134
33.54	136
34.85	131
46.11	9
33.43	134
35.88	112
34.69	167
33.78	162
35.2	139
34.85	124
49.36	43
33.58	167
33.45	169
34.14	158
32.98	102
33.37	96
33.72	141
36.75	24
33.25	164
35.49	83
34.76	170
35.72	113
35.2	132
34.89	118
34.72	78
33.99	139
45.78	5
33.85	97
33.01	135
33.76	30
34.91	170
34.49	169
33.94	164
35.51	124
34.19	169
34.31	169
44.77	9
34.38	150
34.23	146
35.8	134
34.58	155
34.9	114
33.71	150
33.11	96
34.12	73
32.26	137
34.53	141
47.64	26
37.16	170
37.16	74
34.08	127
37.67	119
35.45	163
35.79	151
37.4	85
35.38	145
37.34	127
34.48	125
34.51	153
33.91	131
35.69	136
33.49	140
33.75	160
35.06	150
35.39	133
34.48	94
44.28	37
36.49	165
34.69	161
37.29	120
36.25	160
48.34	30
35	156
36.01	153
35.57	158
35.87	83
35.52	116
34.59	87
34.13	83
33.49	142
35.25	161
33.6	128
33.35	169
33.55	170
34.16	133
34	167
34.89	119
35.28	90
34.15	148
35.97	120
36.07	93
33.77	50
33.11	71
33.41	159
32.41	109
34.97	118
37.26	54
35.47	104
35.45	157
36.95	98
36	155
35.91	165
34.59	154
35.79	189
35.52	36
46.34	11
36.34	139
31.89	146
31.82	37
33.13	96
32.77	148
33.8	131
33.78	74
35.01	122
34.37	71
34.01	127
33.8	151
34.11	48
34.14	165
33.08	121
35.03	76
33.9	153
44.62	6
34.33	168
35.23	166
33.91	134
36.34	47
34.96	168
34.98	156
36.36	159
35.25	161
36.18	149
36.89	125
35.66	168
47.97	26
36.12	147
36.25	154
45.31	2
32.92	165
36.29	143
35.54	146
35.78	137
34.56	153
35.32	88
35.2	156
34.41	85
35.41	211
42.89	3
34.53	164
35.18	149
33.79	135
34.9	144
34.45	167
33.15	146
34.35	166
34.6	143
33.78	165
34.32	114
34.06	152
34.54	170
34.34	161
35.49	134
35.14	91
42.65	6
35.23	137
33.2	57
34.89	106
35.2	161
34.76	169
33.28	170
35.73	76
34.5	153
34.31	116
36.38	132
44.17	16
33.76	126
34.69	113
32.51	55
34.56	113
33.2	167
34.57	166
34.53	162
33.6	93
34.14	152
34.49	106
33.37	170
33.5	151
34.91	153
34.78	248
46.12	4
32.63	41
34.04	165
33.92	102
34.04	145
33.89	127
33.95	59
33.38	153
34.29	130
31.98	154
41.15	19
33.03	159
32.23	154
34.95	187
33.09	133
33.67	146
33.84	168
34.45	129
37.07	137
38.22	136
49.79	33
37.52	97
36.59	116
36.25	162
35.89	161
35.98	72
36.84	137
36.1	160
36.87	38
34.59	144
31.73	162
34.13	137
31.86	165
32.09	169
34.76	142
33.6	158
33.64	154
35.08	145
47.96	1
36.86	142
34.93	165
32.95	9
35.98	136
37.27	165
36.87	157
34.57	154
35.38	139
35.37	137
36.58	155
37.2	142
35.92	147
47.71	15
35.69	123
37.29	86
35.8	159
34.8	129
36.29	163
35.68	162
43.66	9
34.72	151
34.77	76
34.49	129
35.13	118
33.84	145
34.21	146
33.34	167
34	59
36.44	131
35.69	165
34.15	156
33.48	122
35.25	148
35.22	150
47.46	6
35.85	149
34.61	159
34.98	148
33.9	162
37.27	123
35.86	121
35.73	113
50.45	14
35.96	137
35.72	168
35.91	150
36.12	160
36.54	147
35.56	92
48.82	2
33.03	42
33.56	86
34.27	131
34.76	159
34.38	84
38.69	74
31.59	4
35.14	137
35.07	237
34.58	169
32.94	154
33.71	141
34.92	159
34.06	124
34.16	218
34.38	53
34.1	130
34.89	141
33.33	156
33.85	24
37.57	157
44.76	1
35.41	154
35.86	96
35.81	144
34.32	163
34.45	137
35.07	155
35.66	134
33.73	133
34.76	137
42.63	7
35.54	133
35.32	124
34.83	88
32.54	152
33.74	156
33.28	97
34.55	69
48.51	8
34.24	159
34.5	169
36.09	141
37.05	166
35.84	138
35.08	167
35.46	249
36.11	164
34.58	73
35.09	71
35.57	166
35.49	144
46.84	31
34.96	106
34.66	146
36.31	91
35.51	146
35.64	132
35.45	170
36.17	205
34.38	100
34.45	169
36.28	127
34.48	48
35.59	94
43.19	113
36.83	44
36.61	128
35.86	136
34.48	119
33.95	155
45.13	5
34.08	129
34.98	68
34.34	115
34.92	88
35.26	138
34.04	156
34.62	107
36.2	166
34.89	163
35.61	148
35.4	110
35.77	104
33.77	139
34.88	148
42.93	80
35.72	131
35.41	169
42.62	55
36.44	140
35.73	125
35.98	156
34.82	170
34.4	159
35.11	103
35.75	114
35.27	74
35.28	134
36.21	129
36.1	124
35.44	163
35.47	74
38.01	155
47.83	7
36.32	149
35.42	169
37.02	131
36.14	170
34.23	137
34.59	84
34.95	168
34.39	124
34.9	160
33.3	150
45.07	0
33.82	163
33.47	168
33.57	66
33.93	149
34.59	166
34.81	163
34.12	90
35.33	83
34.85	120
35.77	67
35.61	156
34.25	152
40.49	13
34.82	166
34.09	170
34.85	130
35.25	164
34.8	135
34.48	165
47.24	6
35.8	121
33.58	102
34.57	165
37.33	109
35.75	160
35.54	129
36.58	148
46.54	3
35.47	100
36.47	92
34.82	170
34.76	168
34.76	166
34.16	137
46.33	9
34.25	153
35.98	127
35.97	159
35.44	104
34.47	64
36.33	156
36.33	156
34.85	163
35.09	166
35.54	168
35.32	170
36.14	151
47.84	9
34.7	167
35.28	59
36.19	129
39.47	73
35.02	82
36.29	142
36.12	154
36.69	106
34.75	161
36.45	123
35.29	166
34.95	161
43.55	56
35.29	131
35.33	118
36.56	145
36.8	109
35.7	163
36.53	77
34.01	137
47.01	6
35.35	128
34.95	166
34.91	146
37.32	145
34.2	140
46.09	21
33.13	152
34.01	119
36.54	156
35.53	161
35.05	193
35.39	88
34.7	167
36.82	103
34.41	126
33.18	170
33.88	118
33.56	75
41.86	12
35.33	133
33.87	136
33.41	150
35.67	126
34.09	141
34.44	160
38.31	146
34.65	143
34.34	166
35.77	140
33.77	157
44.12	5
35.77	139
34.55	162
33.81	158
33.55	156
34.96	110
35.04	136
33.21	165
32.15	160
34.59	130
33.53	111
33	130
34.6	169
32.6	31
33.49	162
33.38	145
33.97	116
33.49	152
33.49	164
34.84	117
43.7	5
33.74	148
34.27	119
35.07	117
33.89	132
34.82	81
34.3	164
32.05	170
34.82	137
44	9
35.95	99
34.65	145
34.05	164
35.26	164
36.09	100
34.33	44
35.8	112
34.94	124
49.04	1
35.14	123
36.09	167
34.66	134
35.97	131
35.89	110
35.18	134
33.46	152
33.22	4
33.89	159
33.53	167
43.8	8
34.95	157
35.9	99
34.59	113
32.51	122
45.76	8
32.91	165
32.89	161
34.71	62
33.33	161
33.75	169
32.67	109
37.46	74
33.65	127
33.13	106
35	55
35.53	99
34.64	135
33.84	73
33.9	136
42.35	19
34.78	154
33.85	164
32.37	152
34.53	85
34.01	150
34.52	164
35.15	124
33.65	69
33.14	169
33.11	68
41.93	21
33.9	169
35.15	101
34.14	157
36.08	299
35.16	133
34.92	161
59.79	1
37.35	113
36.88	123
40.15	70
35.81	160
36.66	115
36.76	131
47.81	15
36.11	156
36.73	81
35.61	163
35	115
35.54	169
34.41	168
35.45	169
36.36	101
36.2	136
44.68	10
34.13	147
32.68	165
32.43	102
33.65	134
34.36	92
34.64	82
32.88	169
33.26	144
34.53	144
35.6	131
47.48	16
36.78	91
36.02	170
34.95	165
37.76	120
36.6	113
37.33	90
36.76	165
36.39	169
34.48	47
38.84	0
33.87	158
33.24	270
32.7	46
34.98	176
33.06	157
32.88	137
33.18	59
33.06	170
34.05	155
34.34	169
35.17	169
34.14	288
33.98	167
42.94	3
34.39	222
33.19	166
35.41	125
32.59	36
35.17	139
34.94	106
32.17	147
33.18	80
34.04	145
33.89	110
33.73	97
34.47	121
35.18	135
33.98	144
34.59	71
36.26	92
33.65	138
35.33	159
36.27	129
34.7	129
34.25	133
35.02	111
34.01	162
34.13	141
36.18	117
45.68	6
35.3	167
34.38	164
35.28	77
36.04	153
34.84	160
34.8	147
36.12	84
33.41	75
34.58	106
35.4	162
35.13	56
33.4	21
34.96	134
33.55	19
35.18	163
36.24	160
32.71	7
34.71	73
35.28	151
34.04	261
33.98	149
34.41	199
34.63	66
34.17	124
39.66	6
34.48	158
35.36	161
35.16	102
45.91	10
35.58	61
35.22	167
34.53	122
34.32	113
34.35	139
34.49	139
34.46	167
34.59	146
35.63	159
33.74	164
34.2	153
35.97	170
35.4	160
34.38	116
32.58	48
33.3	158
34.59	127
44.79	5
34.92	60
33.69	133
32.22	54
36.13	48
35.04	120
44.81	6
32.96	162
34.01	170
33.31	155
34.5	132
33.77	146
34.42	50
34.63	161
34.88	141
34.71	131
33.32	123
34.27	53
35.57	145
34.2	142
46.24	3
34.32	151
34.28	167
32.84	151
35.38	107
33.56	166
46.22	5
34.09	131
33.79	165
33.77	132
33.75	130
34.92	98
34.92	180
35.76	164
35.39	137
44.83	8
35.11	165
35.79	137
33.89	44
33.89	159
36.82	158
35.63	126
43.26	10
34.28	133
33.47	91
34.24	26
32.38	28
34.38	102
33.78	124
34.9	136
33.45	155
33.1	166
33.37	96
34.7	28
33.05	160
33.64	166
34.25	167
32.95	170
41.93	7
33.96	122
33.75	162
33.03	163
33.96	258
34.92	159
33.93	124
32.59	168
35.69	127
34.72	125
33.78	170
35.09	63
33.86	170
34.04	157
32.96	87
34.48	47
42.26	5
33.46	14
33.6	159
33.6	121
34.07	153
33.25	110
32.02	33
31.68	153
49.59	3
37.41	100
37.91	103
38.34	68
36.09	162
36.2	126
35.32	148
37.18	116
34.97	149
35.48	143
36.13	157
36.29	135
35.58	168
48.05	26
35.99	154
35.81	166
36.33	168
36.94	114
34.77	143
39.08	115
34.62	125
32.67	148
36.38	46
33.82	241
44.3	4
34.85	183
34.2	114
33.85	165
32.48	35
33.03	156
33.51	158
35.36	33
32.56	129
31.37	25
33.79	137
33.87	151
41.81	2
32.98	156
34.39	153
32.56	138
36.69	120
43.93	67
35.46	118
35.57	164
34.83	16
36.38	137
35.88	163
35.02	170
35.53	169
34.34	160
34.52	111
36.23	89
34.74	137
34.2	156
34.42	57
35.27	154
35.99	106
47.33	2
38.29	73
35.09	134
33.75	145
33.34	160
34.4	104
33.62	162
35.26	107
32.26	80
34.2	124
34.73	117
30.19	169
33.37	170
35.33	188
35.67	105
46.85	7
35.08	163
34.87	148
35.75	121
34.38	170
34.08	146
36.84	93
34.95	145
47.11	8
33.35	159
34.01	134
34.04	141
35.31	161
33.95	155
34.66	153
34.39	148
33.48	163
37.35	49
34.9	100
33.24	98
33.83	146
31.84	28
33.42	106
34.18	81
35.35	153
34.45	164
34.52	162
35.2	120
35.88	131
34.79	169
34.63	160
34.63	68
44.76	24
35.46	149
36.88	126
35.63	161
35.47	145
36.2	151
34	152
32.15	113
33.26	49
34	108
33.84	137
32.83	99
33.17	93
31.99	169
34.03	152
32.73	30
45.42	57
34.24	155
34.66	114
34.71	167
35.47	121
33.32	141
36.16	106
34.55	155
33.87	165
34.11	148
33.53	144
34.35	97
33.81	104
33.96	94
35.14	95
33.25	145
35.01	144
33.3	129
32.81	167
44.53	4
34.63	138
35.32	162
32.59	189
35.53	133
32.7	177
33.59	179
33.45	182
35.26	141
33.75	192
33.58	27
34.42	143
34.92	159
34.77	187
33.12	192
33.07	170
41.41	55
33.42	182
33.81	171
33.5	186
34.96	124
34.05	118
34.42	186
32.93	140
33.94	174
33.69	178
32.91	110
34.99	184
33.53	234
34.11	185
32.48	192
33.21	174
34.83	149
33.15	152
33.44	188
33.34	187
34.84	279
32.4	182
33.1	162
34.03	148
30.97	192
33.07	188
34.66	148
34.23	135
37.99	135
34.13	44
34.83	164
36.16	169
32.52	192
33.43	186
32.61	187
32.89	187
33.04	187
33.11	187
33.01	179
32.28	187
34.06	162
32.4	155
33.52	171
34.98	178
33.17	132
32.32	185
36.26	145
32.98	189
33.57	187
32.56	184
34.18	175
34.18	175
35.22	145
33.43	174
32.6	187
34.03	184
33.52	188
33.87	177
33.9	184
34.01	163
32.78	175
35.47	129
34.82	183
34.82	107
32.93	185
31.97	188
34.94	163
33.71	176
35.14	115
34.26	174
33.79	185
33.1	128
34.47	133
33.34	191
33.52	185
33.37	187
35.7	160
34.01	186
34.19	191
33.99	139
35.75	175
34.82	168
34.2	175
33.81	149
35.53	132
34.91	164
34.79	185
34.66	144
34.37	182
33.2	189
36.51	143
35.84	190
36.5	179
34.75	131
36.44	160
33.08	129
35.93	69
34.72	187
34.51	152
35.93	100
34.19	170
35.73	140
35.77	160
35.3	159
32.58	177
34.45	185
35.04	186
33.83	128
33.65	152
37.23	68
33.99	174
35.07	156
34.1	175
35.14	99
34.28	150
32.63	189
34.28	184
34.57	176
35.7	185
33.03	189
34.58	144
33.86	178
35.01	186
34.19	171
34.41	163
33.82	181
33.64	181
33.17	163
31.88	192
34.83	95
34.6	168
33.21	177
34.44	127
35.24	140
33.32	182
32.62	186
34.02	153
34.33	190
34.68	111
34.66	136
34.81	162
33.35	192
32.49	184
35.47	160
34.7	161
36.39	139
34.67	112
34.04	176
33.99	178
33.58	192
34.69	135
34.35	185
34.36	94
34.44	159
34.89	256
36.49	105
34.79	126
33.08	191
34.12	187
34.45	143
35.02	123
33.96	185
34.34	181
35.85	96
34.29	137
33.91	184
32.88	166
34.22	111
34.87	148
33.93	87
33.69	178
33.18	171
34.27	169
33.98	161
34.41	161
34.6	222
35.36	149
35.86	83
34.13	182
35.01	144
34.92	128
34.01	186
33.86	189
36.16	133
34.04	178
33.08	162
34.48	183
33.45	159
33.59	100
33.59	100
33.08	178
34	113
34.28	166
32.37	191
32.89	179
33.29	158
35.24	144
32.6	169
36.24	75
32.21	191
33.1	149
34.16	174
32.86	187
31.91	169
32.26	183
34.27	179
33.35	166
32.63	174
34.29	176
34.28	140
41.13	89
32.41	185
32.86	187
32.19	192
35.09	164
34.02	165
34.18	141
32.03	184
32.07	191
32.88	180
32.86	180
32.86	180
35.02	195
33.73	180
33.77	182
34.2	157
34.07	178
33.5	174
34.65	163
33.93	178
30.77	186
36.45	68
32.94	187
33.94	188
35.75	119
35.4	173
33.32	186
35.57	157
34.32	186
35.06	86
34.28	174
34.57	162
34.04	160
35.79	95
33.85	185
32	191
33.67	190
35.11	160
33.65	176
32.47	191
35.19	159
34.13	182
33.5	106
34.52	123
33.52	192
