sim	len_diff
32.66	86
34.51	166
32.04	95
36.02	85
33.82	87
33.8	87
36.1	95
38.88	2
35.62	95
34.83	148
34.79	96
34.88	95
32.68	89
34.13	80
34.09	95
44.89	13
35.7	89
34.64	98
33.37	88
32.03	91
32.48	94
34.86	66
34.99	92
33.98	71
33.87	79
34.7	87
34.26	106
32.94	92
34.91	91
35.5	43
39.36	6
32.39	87
34.64	72
33.13	92
35.43	96
34.48	69
33.82	69
35.33	50
34.56	88
35.1	55
33.27	149
33.55	88
32.2	81
33.98	85
34.97	82
33.61	80
34.65	154
33.67	100
32.9	94
32.41	98
32.83	90
32.54	54
35.79	85
35.79	85
35.79	85
35.67	85
34.57	82
33.97	97
33.97	97
33.97	97
36.64	50
36.58	50
33.18	94
33.91	86
34.18	146
33.56	104
34.54	155
35.5	70
35.67	73
34.35	88
33.27	76
33.98	51
34.73	79
32.78	95
32.96	76
33.73	78
32.7	158
36.13	89
36.13	89
34.31	72
34.03	76
35.77	66
32.5	79
32.82	180
34.61	66
36.69	83
35.16	30
32.4	99
33.21	54
33.11	86
34.82	134
35.79	20
34.63	81
33.33	87
44.03	11
35.87	91
35.03	114
33.22	85
33.04	154
34.11	138
33.52	95
34.06	89
36.47	66
35.41	93
32.75	82
33.43	100
35.62	119
34.77	76
34.47	85
32.97	99
35.67	95
44.41	16
34.87	90
34.76	78
31.99	99
32.33	96
35.88	57
36.55	73
34.83	91
34.03	50
34.92	87
35.79	90
33.25	152
34.02	186
36.15	88
34.24	44
33.82	86
33.08	94
35.21	97
34.92	90
34.54	135
33.59	78
33.09	71
33.09	71
33.53	80
33.6	83
32.37	92
33.1	87
32.56	87
33.56	143
36.94	44
33.68	154
35.62	98
36.76	86
33.97	78
32.66	71
34.78	85
34.88	83
32.5	21
36.47	52
33.92	95
35.79	87
32.71	93
33.15	95
32.71	96
33.13	28
33.37	99
33.78	97
32.63	99
33.48	122
35.22	87
33.21	88
33.91	74
32.46	77
33.05	157
32.26	85
34.54	125
32.8	96
31.92	99
35.13	86
34.66	80
40.6	1
31.57	85
36.17	75
33.15	191
35.39	88
34.17	128
32.62	25
32.81	96
35.99	90
32.13	96
33.29	161
35.2	95
35.37	102
33.82	81
41.9	21
35.08	56
35.4	94
31.78	87
33.68	145
33.52	82
35.17	94
33.8	88
34.94	73
32	81
35.15	87
35.94	73
33.95	48
36.26	93
32.42	100
33.92	178
34.7	91
33.47	93
31.77	98
34.74	50
35.09	115
34.29	92
32.91	94
34.09	68
33.74	83
32.87	72
33.12	130
32.73	81
35.06	94
34.5	85
34.46	76
34.83	25
31.63	98
33.2	95
42.05	1
32.63	98
33.54	85
33.27	94
36.48	90
34.47	85
35.2	87
36.26	79
34.29	90
32.69	91
33.68	92
32.17	90
32.11	94
32.24	92
32.69	91
33.76	91
32.37	74
35.55	83
33.74	76
30.36	99
34.84	98
33.96	78
34.2	71
34.2	71
32.55	97
33.55	96
33.39	67
32.52	98
32.66	98
33.42	80
30.7	100
33.64	98
33.43	67
32.31	87
31.5	93
31.79	77
35.05	87
40.35	2
32.16	169
31.9	100
31.67	97
31.99	92
31.72	94
32.16	169
32.71	94
34.05	82
34.95	83
33.01	90
33.11	87
32.66	91
32.36	87
35.27	68
34.9	82
31.89	99
34.45	64
45.52	16
32.57	96
35.72	90
33.2	95
33.48	59
35.13	75
35.54	90
34.4	82
33.36	61
33.76	97
32.37	98
31.75	96
32.83	82
34.06	195
34.79	96
35.46	90
33.11	96
34.24	80
34.69	90
35.58	46
34.29	94
34.68	76
33.71	91
33.47	98
35.67	91
33.06	84
34.18	98
34.16	98
34.68	96
32.66	91
33.67	98
34.97	65
32.85	100
34.81	72
32.85	92
35.01	79
33.15	24
34.55	45
37.21	39
33.32	39
33.01	90
34.54	84
32.77	95
33.41	91
35.4	84
35.73	90
34.57	84
32.94	91
34.77	84
36.78	35
33.79	165
32.34	76
33.1	176
40.18	5
32.72	87
33.67	5
36.73	37
34.19	150
34.88	58
34.13	89
34.12	145
35.4	91
33.85	172
36.27	75
34.1	100
33.34	75
35.35	67
33.29	60
34.76	98
36.03	84
34.45	91
33.71	98
36.58	47
34.71	92
34.22	52
35.47	79
32.46	69
49.54	4
34.06	134
33.41	114
34.72	75
32.95	81
34.66	107
32.83	81
32.58	13
34.51	62
34.32	87
47.73	34
34.19	66
33.93	88
32.91	75
34.51	80
35.27	36
36.43	157
35.55	145
34.69	78
35.55	71
33.06	149
35.33	77
47.52	5
34.62	132
32.83	154
33.83	54
33.73	119
32.64	45
34.82	87
33.95	54
32.92	65
33.81	133
32.62	27
34.26	62
30.25	8
34.47	22
33.82	59
46.96	0
32.77	76
35.3	54
37.2	63
35.34	60
35.03	72
37.06	119
36.17	75
35.27	107
37.09	51
64.11	10
35.74	84
36.3	96
35.96	51
35.93	65
35.81	73
36.93	59
54.05	1
35.8	62
35.11	131
35.25	85
35.21	72
34.27	123
34.48	50
48.8	9
32.6	82
34.67	99
33.82	68
32.66	62
33.27	83
33.02	85
34.06	103
36.13	131
34.38	120
34.76	89
34.07	99
48.62	4
33.48	103
34.27	71
33.79	132
35.29	51
34.94	29
53.07	25
33.61	76
35.87	47
36.68	103
34.43	77
35.96	70
36.54	78
33.56	67
34.43	79
35.5	41
35.13	41
36.52	68
34.81	55
33.71	74
34.62	81
35.27	7
36.15	88
34.56	82
34.74	82
53.25	4
34.86	70
52.58	3
35.37	62
32.41	76
35.67	81
33.86	87
34.84	75
34.6	85
34.33	70
33.27	78
34.98	77
35.85	45
34.77	46
33.98	81
36.63	64
35.34	37
35.21	52
51.93	10
34.46	114
36.08	86
34.15	88
33.98	59
33.27	79
35.83	106
33.46	113
36.3	58
31.84	50
45.43	1
32.42	54
33.63	57
34.66	80
35.51	75
34.9	36
34.47	134
33.08	86
34.24	49
33.89	34
48.52	8
34.07	107
35.37	75
53.03	18
34.17	84
35.74	44
34.39	35
33.42	80
33.94	75
33.97	79
34.31	139
34.61	72
33.6	69
33.5	157
32.97	120
33.22	59
33.35	53
34.02	61
35.24	74
34.52	117
35.05	40
35.79	69
32.7	85
35.79	68
34.41	83
36.36	58
34.28	69
35.15	35
35.19	75
55.59	2
34.56	134
35.35	125
36.2	68
35.48	112
33.47	81
51.96	3
32.77	85
35.66	74
35.31	83
34.39	76
35.02	67
33.69	111
34.21	51
33.22	71
35.34	97
33.68	111
34.56	58
34.3	125
41.49	4
32.99	85
34.84	46
34.81	58
33.82	29
36.74	82
36.42	107
36.87	71
37.32	36
46.57	22
36.82	133
37.49	69
36.22	54
33.64	9
36.23	81
34.75	64
33.2	21
34.68	66
35.32	68
35.11	77
34.3	84
35.59	70
33.2	76
50.69	5
34.14	16
34.08	53
46.48	1
34.4	120
33.68	68
34.82	88
35.09	52
32.57	88
33.33	49
33.17	59
35.21	51
53.85	1
33.98	60
34.8	10
36.48	68
37.04	73
36.18	83
35.96	88
36.31	114
37.91	43
35.6	88
32.66	78
33.3	86
33.13	128
34	123
34.18	59
32.09	83
49.27	4
33.67	81
34.45	134
33.97	122
34.36	70
34.18	47
34.53	81
34.6	28
35.88	70
36.2	76
53.2	0
35.82	46
34.85	80
35.18	81
35.52	120
47.12	4
35.79	87
37	87
34.93	87
35.03	82
34.34	69
34.63	81
33.38	72
36.66	87
53.65	10
33.87	84
34.69	79
34.04	76
33.33	37
35.3	77
34.37	62
36.33	78
35.1	77
36.86	36
33.97	44
33.55	140
34.05	74
35.23	118
37.02	100
52.58	2
34.33	66
33.81	127
35.02	41
35.25	74
31.72	88
34.46	43
36.21	88
34.39	122
34.69	58
34.31	119
32.4	84
36.1	59
48.23	10
35.85	141
51.66	1
35.63	56
35.24	64
34.39	77
36.42	48
35.61	135
37.75	93
36.33	69
36.53	81
36.57	48
35.67	72
36.69	39
52.71	7
37.85	69
32.73	48
36.46	60
38.17	64
36.72	80
35.73	73
35.6	50
36.12	54
52.37	3
34.28	59
35.91	59
36.73	71
35.39	71
35.41	71
36.67	76
36.11	36
35.45	45
30.69	86
34.65	150
34.87	155
34.11	76
33.74	154
35.53	77
33.14	58
34.83	130
34.87	123
34.14	74
34.54	87
33.72	97
33.8	151
34.01	132
35.02	103
35.09	72
34.33	52
48.33	2
34.25	25
34.84	85
31.79	80
34.22	44
33.77	109
32.63	70
45.02	0
32.36	79
35.25	84
31.19	124
31.03	124
32.18	35
33.77	88
33.94	87
34.27	68
35.06	67
35.17	74
37.48	107
52.33	1
34.5	85
34.78	76
35.3	113
32.82	84
35.28	120
41.86	4
35.05	84
36.77	75
33.83	80
35.18	81
36.47	53
33.92	35
36.67	66
33.49	52
33.18	80
33.65	94
36.28	92
34.12	79
34.43	123
32.96	45
33.62	80
32.95	68
35.93	79
33.54	62
33.2	148
33.88	142
32.15	81
34.1	69
34.07	155
33.54	73
32.48	83
33.37	60
30.97	79
34.24	68
34.01	77
32.26	153
33.45	93
34.1	87
34.7	68
35.07	73
34.19	66
46.21	3
33.38	88
36.87	83
39.15	67
35.78	82
35.46	139
36.01	113
35.94	29
53.56	15
37.05	76
32.72	87
33.72	87
35.56	75
33.96	153
34.03	132
34.07	61
34.5	79
33.71	47
32.78	76
34.28	82
47.44	1
31.26	3
35.42	48
33.19	76
33.9	85
35	158
59.9	9
34.42	75
32.83	37
35.35	104
33.11	61
35.59	56
36.27	64
35.27	86
35.41	39
34.13	58
53.17	4
35.04	61
34.63	62
34.84	83
34.19	61
35.21	129
34.64	39
50.08	4
35.78	21
35.15	121
35.05	63
37.45	51
37.22	49
35.37	127
33.86	80
34.48	60
39.26	1
33.89	101
34.67	53
34.02	90
33.8	153
33.69	57
33.26	67
33.93	70
34.56	74
33.61	81
33.77	62
34.07	84
33.72	40
34.44	82
31.82	78
34.71	112
50.37	20
33.51	18
32.67	7
35.3	79
35.03	109
37.3	75
35.22	69
36.68	65
34.66	146
47.6	35
36.01	75
36.46	98
37.77	18
35.69	63
35.83	72
33.04	83
34.1	58
35.4	70
35.6	86
35.31	126
35.39	76
34.36	81
34.92	82
52.36	1
34.92	51
36.25	72
33.95	59
33.75	70
34.32	120
44.93	4
34.44	83
34.6	50
32.82	53
32.73	9
35.05	123
34.56	41
36.32	61
34.16	86
33.33	30
35.52	112
33.63	9
34.68	81
48.29	4
34.14	57
34.66	79
35.34	84
34.98	67
36.07	33
34.17	36
52.42	34
33.25	63
33.66	80
35.8	84
35.27	63
35.47	104
59.26	3
35.96	72
34.66	74
34.63	74
32.07	88
36	48
35.56	86
35.23	71
35.03	76
35.92	77
51.02	4
33.28	74
34.54	77
36.47	52
35.34	61
35.34	75
35.44	82
35.24	84
35.56	151
33.04	75
35.79	83
36.38	31
36	61
34.02	97
33.15	26
33.11	68
48.87	23
33.84	134
33.29	70
54.21	1
35.64	79
34.2	64
36.25	80
35.37	153
34.31	60
34.68	68
32.56	87
35.28	100
33.98	158
36.06	69
32.2	86
34.3	84
35.96	73
35.81	43
34.71	55
34.11	85
34.68	73
54.52	3
35.23	75
35.8	75
34.95	60
34.91	69
34.52	110
35.06	131
33.5	88
36.78	66
32.86	70
34.65	75
47.81	32
35.32	71
33.43	158
35.51	112
34.95	118
35.86	63
48.54	2
32.44	41
32.14	80
33.84	60
33.18	79
34.33	77
33.52	63
34.79	82
34.64	72
47.54	1
34.19	76
32.55	53
34.51	73
45.96	3
33.8	80
32.3	11
34.28	100
34.66	81
33.29	26
33.25	158
32.91	74
33.89	78
33.93	59
34.4	84
48.7	1
52.57	6
37.26	59
35.88	59
33.33	76
34.76	83
37.11	75
34.98	62
35.69	69
35.2	61
37.32	74
33	70
36.03	119
32.6	79
34.41	65
33.87	100
35.84	44
35.89	76
51.69	4
33.59	68
33.95	82
30.77	82
50.36	1
33.46	74
34.27	130
33.74	59
34.75	78
33.05	76
34.75	88
32.43	86
35.1	47
33.72	45
34.38	76
34.63	86
32.35	75
48.6	2
33.68	81
33.46	41
33.63	84
34.13	62
35.04	15
36.14	62
34.05	48
35.11	116
34.51	111
50.42	4
34.91	81
35.31	111
36.21	62
35	59
33.68	153
33.42	84
34.11	80
47.62	7
33.05	33
34.31	64
34.62	130
34.4	105
33.42	44
33.48	70
36.39	77
36.16	73
34.89	56
34.19	86
50.97	7
35.94	39
34.07	76
34.18	66
36.84	53
35.28	58
34.98	60
34.2	60
35.29	60
34.48	68
35.01	119
34.87	60
34.33	68
49.73	13
34.71	57
34.63	63
35.91	64
32.38	76
33.58	74
33.88	22
35.32	97
34.25	86
35.4	144
36.45	48
34.83	120
33.42	15
32.19	78
33	87
32.97	70
32.6	20
33.91	59
32.5	88
33.17	82
31.99	82
35.45	83
36.41	79
51.15	4
33.95	87
32.6	67
33.83	74
33.37	144
32.78	149
48.04	2
32.59	64
34.25	110
35.01	77
32.52	74
35.54	66
34.73	127
36.35	134
36.58	67
46.93	6
35.5	76
34.83	88
34.01	142
35.91	90
35.39	110
35.77	28
32.93	58
34.29	81
32.22	74
35.14	59
36.84	69
49.01	4
33.42	42
42.44	4
32.75	80
34.93	74
38.08	56
48.05	19
36.05	81
35.63	93
35.72	120
36.91	62
34.2	28
34.03	34
51.05	20
35.28	30
35.16	105
35.68	60
33.78	80
34.54	80
34.84	101
33.83	25
47.87	17
34.54	80
33.84	87
33.98	142
35.02	133
33.62	61
32.03	87
32.26	80
51.69	0
36.93	62
32.53	32
34.07	62
33.21	58
34.62	74
36.14	94
50.76	0
35.28	130
35.31	149
34.36	56
33.35	67
32.58	83
34.38	74
33.07	84
36.69	64
33.97	71
53.78	3
34.41	80
37.41	53
35.11	145
35.88	56
34.27	42
35.22	67
33.33	75
32.94	152
31.9	11
32.86	86
32.7	59
47.87	5
34.61	84
34.72	59
34.51	137
36.26	64
33.38	56
33.57	71
33.52	29
31.67	85
35.45	57
52.1	2
34.48	44
33.48	77
35.09	74
34.97	53
34.82	154
35.77	148
35.8	83
34.79	60
36.2	83
34.62	87
34.06	81
66.99	18
37.17	80
35.03	73
35.05	88
35.97	83
35.03	76
33.52	159
47.45	7
33.14	66
35	56
33.88	82
34.25	80
37.24	47
35.57	76
33.66	57
34.27	60
33.56	40
34.7	111
34.73	123
50.26	1
35.52	75
36.22	54
38	62
34.98	142
33.49	72
35.16	102
45.44	10
33.78	85
35.25	83
33.85	66
33.52	85
33.9	56
34.46	78
34.75	127
34.38	78
34.15	86
35.16	56
33.79	43
32.49	87
35.63	73
50.5	4
32.19	72
35.29	73
33.53	86
34.1	52
36.14	80
36.05	88
34.42	122
34.33	67
34.53	119
36.1	59
48.17	10
35.33	50
34.64	86
34.44	63
34.56	58
33.98	86
36.84	56
33.83	71
54.69	11
36.14	74
34.29	77
37.14	41
35.81	16
50.07	3
34.7	150
33.8	81
34.11	85
36.08	55
33.42	45
35.03	59
35.51	75
34.7	64
35.7	69
33.92	123
50.45	4
35.99	64
34.66	54
34.15	59
34.72	130
35.5	72
33.21	78
35.06	64
35.7	84
45.42	26
35.51	113
33.82	74
34.57	78
36.01	75
32.85	142
33.2	45
35.47	79
34.61	87
34.97	110
34.69	133
34.12	49
34.15	83
46.61	1
33.53	78
33.75	60
34.42	67
33.37	76
34.35	79
35.66	125
35.68	143
35.53	50
36.86	54
70.07	5
33.57	146
35.51	26
34.73	73
35.03	115
34.51	75
34.77	81
51.59	4
34.86	72
34.47	83
33.52	70
35.87	67
36.08	143
34.73	78
35.76	74
34.34	80
34.43	86
34.35	130
34.25	124
33.22	57
33.29	88
36.67	67
40.96	141
34.52	110
34.07	86
32.74	26
34.66	79
33.51	86
33.73	126
50.93	2
35.06	46
33.37	84
33.32	75
34.15	73
34.43	126
33.03	33
32.6	76
34.13	59
36.01	136
34.29	124
36.79	25
35.76	63
34.16	79
36.13	86
36.05	73
33.53	67
52.8	1
32.36	88
34.77	57
35.01	73
32.73	38
53.11	8
34.5	73
34.1	73
33.78	54
34.08	58
34.32	144
33.57	55
44.89	6
33.38	68
34.82	145
33.67	82
35.73	51
33.74	21
35.25	133
35.91	59
34.95	124
33.76	87
34.03	131
36.1	30
47.37	1
34.58	71
32.37	86
35.51	80
34.28	54
35.13	116
35.19	43
33.1	83
34.93	56
34.82	68
34.65	27
33.7	84
35.85	53
35.13	136
35.56	117
49.91	6
33.69	63
34.87	16
31.97	82
34.4	68
34.03	85
34.27	65
35.21	54
35.77	61
51.98	3
34.89	88
33.8	78
34.85	60
36.58	101
33.8	76
33.92	88
34.74	44
48.05	7
35.64	144
36	32
34.17	88
36.85	121
34.53	80
54.44	12
36.56	32
35.75	84
36.59	112
35.28	68
35.26	81
35.18	39
35.44	59
34.87	3
33.4	143
33.23	15
33.14	19
32.96	82
34.21	70
33.68	158
34.24	12
34.23	144
35.1	136
46.88	4
33.87	85
34.17	20
32.18	33
35.8	109
47.56	9
36.54	100
32.92	155
35.42	50
34.05	77
33.81	149
34.47	70
34.78	80
53.96	4
36.05	85
35.03	138
34.02	147
33.63	82
33.89	82
34	35
35.21	141
31.89	65
32.03	32
32.34	83
31.33	74
33.69	43
34.64	100
44.87	49
33.86	30
34.21	60
36.29	62
34.61	73
32.33	86
33.45	81
34.66	55
46.01	7
34.18	110
34.76	59
33.51	107
33.12	55
32.6	41
33.88	78
32.11	49
41.39	0
31.54	79
36.99	79
32.01	87
34.07	65
34.6	85
33.3	146
35.12	77
50.5	1
35.07	47
35.41	79
35.61	28
36.13	105
34.15	106
35.7	82
33.53	70
34.41	77
35.73	74
35.06	74
36.18	10
36.18	88
36.75	72
48.6	30
36.59	54
35.37	78
36.16	80
37.34	80
34.97	45
33.08	86
34.74	78
34.52	51
32.93	71
34.35	44
51.19	4
33.15	68
34.33	144
35.36	56
35.77	68
35.44	91
34.13	81
35.1	71
35.04	75
35.36	160
33.47	88
35.1	80
48.93	24
34.4	63
35.22	68
32.27	84
33.98	84
49.3	7
35.27	106
33.99	62
34.67	73
35.08	51
35.55	49
35.89	69
34.07	76
35.86	77
32.44	87
32.79	118
33.8	84
35.28	56
33.86	44
52.09	5
35.78	124
31.58	86
34.85	125
35.19	78
35.55	118
36.01	87
37.21	88
42.13	36
35.87	82
33.94	42
36.29	55
36.19	78
34.92	76
34.6	102
34.37	159
35.23	60
33.47	82
35.54	77
34.74	42
33.9	53
32.56	3
33.14	133
46.72	6
36.2	106
35.45	70
34.49	66
36.59	58
53.18	0
35.8	101
34.59	80
34.13	71
35.91	88
35.67	57
33.06	64
33.92	87
33.65	76
34.55	78
32.98	87
35.93	56
47.24	2
34.36	85
33.45	82
33.53	85
34.51	74
53.63	13
35.19	79
35.52	81
36.52	58
34.6	151
36.57	81
33.87	76
35.71	66
34.77	61
37.28	62
34.29	100
34.34	76
54.07	1
35.27	92
34.97	57
34.71	136
33.44	87
34.17	38
35.07	89
34.88	84
33.26	82
34.46	65
32.13	14
34.73	124
34.86	86
34.69	74
33.72	142
47.19	1
33.36	68
32.16	67
33.84	74
34.67	138
35.72	69
31.95	51
33.79	104
33.76	63
35.22	55
51.86	3
33.91	67
35.34	48
49.65	3
33.27	34
31.29	14
33.38	158
33.22	49
33.17	71
33.75	86
34.6	17
34.87	155
51.87	2
33.92	59
35.41	4
34.5	81
36.76	79
35.96	79
35.77	79
35.01	141
34.25	81
35.09	70
38.23	96
57.03	13
34.6	78
36.52	73
34.63	77
35.71	59
35.1	71
35.1	127
35.63	116
35.8	75
35.96	43
36.41	84
35.96	88
35.51	145
36.06	125
34.49	86
54.34	1
35.2	50
32.71	83
36.53	85
35.88	128
35.11	117
36.79	122
34.42	5
33.6	74
54.75	7
36.71	77
35.79	51
35.14	146
35.2	110
36.91	80
36.22	61
53.92	7
34.82	87
35.62	79
35.17	80
36.43	72
35.12	80
34.84	126
35.41	134
54.56	29
34.63	149
35.03	77
34.5	16
36.13	59
35.26	31
36.98	59
34.67	80
34.99	87
35.02	87
52.25	4
35.21	87
35.93	109
36.74	95
36.71	65
36.56	44
35.45	81
36.19	76
37.23	50
35.1	77
34.46	129
35.28	86
34.69	83
35.86	74
50.49	3
35.95	43
36.38	62
33.79	72
36.12	63
36.87	63
34.88	73
37.47	80
54.38	19
35.54	128
34.3	61
36.5	79
34.14	77
35.75	149
34.59	80
35.1	87
34.29	31
35.02	50
35.47	71
35.08	60
34.2	134
35.1	86
34.07	88
33.76	51
35.16	21
49.27	14
33.33	89
34.04	41
33.73	66
32.97	74
32.2	87
33.78	42
50.57	1
34.11	54
33.3	40
35.3	144
34.22	122
33.12	78
35.76	76
33.42	53
33.78	82
52.21	3
35.08	73
34.07	87
36.18	137
30.84	37
34.52	129
34.48	80
34.57	83
49.71	10
34.5	73
35.21	71
34.48	122
40.01	62
34.09	79
33.95	68
34.8	140
34.68	129
35.5	86
34.79	75
33.37	57
37.12	27
34.95	84
35.87	54
53.75	29
36.27	86
35.15	79
34.58	83
36.42	88
36.59	112
35.32	62
34.55	142
35.59	88
33.46	127
37.92	47
54.82	4
36.26	50
34.94	56
34.1	76
47.81	17
36.9	54
34.81	26
38.64	78
36.21	72
35.17	81
35.46	45
35.49	80
35.4	69
34.9	87
36.12	60
33	66
51.65	2
33.62	79
32.61	11
34.93	68
35.09	119
36.81	65
36	136
36.55	54
35.24	30
55.68	9
34.69	82
36.81	57
35.11	79
33.16	77
35.14	37
33.42	30
34.29	76
34.3	82
36.33	92
34.61	80
36.67	63
33.51	64
34.13	61
52.2	10
33.84	74
34.31	65
35.48	87
35.13	73
33.58	18
51.92	6
35.77	45
36.74	73
36.37	116
36.05	86
36.19	28
34.07	148
34.88	61
35.14	86
35.06	66
34.75	76
33.67	74
49.53	17
33.89	88
33.84	87
35.1	88
34.39	81
36.2	51
34.94	58
34.06	13
35.89	47
35.52	52
35.13	79
33.33	81
36.84	68
46.73	72
37.06	71
32.97	70
36.75	116
34.65	61
35.66	160
34.04	85
36.33	73
35.23	65
35.31	54
53.83	5
53.15	28
35.94	79
36.33	98
35.45	71
33.02	6
36.24	70
34.73	86
37.41	77
34.05	80
35.51	73
33.21	88
54.18	1
35.57	18
36.58	63
35.88	68
36.97	67
33.45	87
35.98	51
36.39	70
33.47	62
34.81	73
34.11	75
34.1	80
52.74	9
33.21	27
31.42	8
35.91	117
34.93	131
33.5	41
36.11	65
34.95	136
54.15	1
34.34	155
36.14	84
34.37	42
34.52	56
33.76	149
33.93	102
33.26	5
36.7	67
34.81	80
49.52	1
36.06	107
34.83	55
35.52	32
33.25	72
38.13	81
33.27	125
34.79	60
34.5	88
34.75	69
34.49	81
35.05	88
47.62	2
33.77	86
31.87	8
34.6	50
32.78	82
33.45	78
33.58	88
36.53	88
36.06	85
34.5	72
34.22	27
32.74	72
52.58	1
33.88	43
34.88	130
35.66	84
37	83
34.75	64
53.91	4
36.42	68
38.51	57
33.05	70
35.48	78
34.48	154
34.86	78
33.63	84
35.08	85
36.2	86
35.21	86
52.72	3
38.77	66
33.93	75
34.93	79
34.23	43
33.15	66
34.26	68
33.4	154
35.78	61
43.29	7
33.01	86
33.95	84
36.22	49
35.04	125
52.76	6
32.76	78
34.28	81
33.73	36
36.07	84
36.21	102
53.91	0
35.72	60
33.92	76
36.25	44
35.89	86
33.15	69
33.09	66
35.5	74
32.95	70
34.83	67
34.1	82
35.01	120
35.19	155
34.2	67
46.82	0
32.35	84
34.09	36
35.22	63
35.43	135
34.63	135
33.77	77
34.17	54
36.99	24
34.34	59
49.4	2
33.67	79
34.81	69
32.29	60
35.25	45
34.53	82
34.4	71
33.55	76
35.05	46
34.93	131
50.42	2
35.78	73
32.45	11
35.6	74
49.56	3
34.4	22
34.74	79
33.89	157
33.44	87
34.67	160
32.89	88
33.53	74
35.11	57
35.21	109
36.67	59
36.08	73
48.62	19
34.24	85
34.6	70
35.57	53
35.47	70
35.19	32
34.19	153
33.93	68
33.21	67
35.72	64
33.43	81
33.04	88
34.55	63
35.09	61
53.79	4
35.03	51
34.45	84
35.18	55
34.13	52
34.14	76
33.38	75
34.31	110
31.99	121
33.08	68
46.62	8
34.42	145
33.67	83
33.75	108
35.15	72
33.44	79
50.96	10
33.72	122
33.79	71
35.98	89
35.57	21
35.04	95
34.7	86
32.72	85
35.66	79
35.13	60
34.03	30
34.76	78
33.38	150
38.08	35
32.19	74
32.21	73
50.94	1
35.57	74
33.86	157
51.75	1
34.72	81
34.78	85
33.18	83
35.92	117
34.62	86
36.35	128
35.39	112
34.77	29
35.06	81
35.15	52
36.21	49
36.42	23
36.27	61
35.36	78
37.33	54
51.44	7
35.53	69
36.7	61
33.73	65
32.7	80
33.44	80
33.69	74
33.11	81
35.47	71
34.44	69
50.68	11
35.24	80
34.17	158
34.97	51
60.23	14
34.36	88
34.63	14
35.84	117
36.71	73
34.78	98
35.25	73
33.74	52
35.46	57
35.32	132
35.06	30
33.93	82
50.4	3
32.54	82
35.02	69
32.7	81
33.62	76
33.91	67
34.54	64
35.23	58
35.72	45
37.28	126
32.75	64
34.96	41
35.18	77
34.94	141
33.86	76
50.93	15
36.72	74
33.48	71
34.5	84
33.44	6
35.26	44
33.95	76
51.14	5
32.84	78
33.53	154
34.41	100
33.82	80
48.44	3
36.39	60
35.3	86
35.73	99
34.44	67
34.77	109
37.12	65
33.74	58
34.03	79
36.63	12
35.08	139
32.66	9
33.48	49
34.54	85
35.08	24
33.46	138
34.72	59
33.89	88
45.61	5
33.68	157
46.3	2
33.64	68
33.23	84
34.62	26
33.26	72
36.48	79
34.6	86
34.71	77
34.52	59
33.21	75
34.56	86
35.53	85
34	39
54	4
34.87	124
34.69	75
36.28	78
35.68	88
34.46	120
36.02	125
35.05	135
34.64	76
48.68	9
33.15	78
31.33	62
33.04	86
34.56	84
33.91	81
33.88	64
35.24	73
36.3	73
33.17	63
34.74	100
34.57	51
31.57	77
48.61	27
32.96	26
34.88	76
33.73	92
35.91	53
33.84	155
35	153
36.32	43
34.99	90
35.52	31
53.22	6
34.2	80
33.4	88
35.42	54
33.44	3
49.5	7
35.95	124
35.36	30
34.87	147
35.59	67
34.73	78
35.27	160
35.48	72
35.71	43
35.7	36
33.5	32
34.01	71
34.29	67
49.4	11
34.27	82
33.18	69
36.01	63
34.93	87
35.4	54
33.29	125
34.21	84
34.76	140
35.45	83
35.12	59
47.35	3
34.19	49
34.86	77
33.2	3
35.19	66
34.72	75
32.84	84
33.59	66
33.23	83
33.5	88
32.39	9
37.6	90
34.73	79
33.06	55
47.16	4
33.54	87
33.76	79
32.95	72
34.05	49
33.93	81
34.07	81
47.04	10
32.24	76
33.18	74
33.94	75
34.41	52
33.91	152
35.18	87
50.35	9
34.72	116
34.09	44
34.3	82
33.84	82
34.93	75
35.63	77
33.81	22
32.01	1
35.58	70
52.07	2
33.09	19
36.56	87
37.12	116
34.49	57
35.81	138
35.44	67
35.36	59
34.88	32
32.65	74
35.19	65
48.98	12
35.81	62
35.61	57
36.08	79
35.86	81
33.71	23
35.87	83
35.44	58
35.11	82
36	29
46.14	8
35.36	93
35.03	63
35.14	78
33.31	84
33.48	86
35.6	51
34.72	147
33.72	152
34.79	159
33.6	76
49.26	3
34.76	43
33.51	52
34.56	80
35.73	116
34.42	54
34.92	63
33.18	122
34.96	58
34.11	84
36.55	73
33.27	82
31.85	88
47.2	8
34.27	105
34.01	28
33.51	70
51.79	4
35.77	74
34.72	77
36.37	57
36.15	71
34.42	77
35.47	84
36.43	102
33.34	76
33.22	86
33.76	47
34.36	48
32.97	88
49.59	5
33.18	76
34.04	37
33.4	80
30.89	69
36.05	72
33.47	118
34.13	60
32.53	156
52.08	3
33.72	133
33.87	83
34.25	104
31.9	75
33.11	61
34.12	158
36.54	89
34.46	45
53.59	3
35.77	76
36.77	61
38.86	69
36.02	81
35.34	80
36.05	67
34.85	29
35.38	93
51.69	5
37	62
35.91	71
34.4	87
33.59	63
33.01	80
35.11	149
34.24	85
34.83	52
34.84	84
36.16	83
36.78	125
33.26	64
33.49	83
35.26	85
34.62	88
35.49	91
35.34	77
35.85	52
33.13	109
32.89	98
32.94	85
34	16
33.97	42
53.1	24
32.65	69
33.4	141
32.18	49
33.3	84
34.5	81
34.76	115
34.76	115
32.64	85
32.6	62
34.43	54
33.87	76
34.03	79
33.37	79
32.26	41
33.63	94
33.27	88
35.85	53
34.05	139
48.15	4
34.55	54
34.66	59
33.42	75
34.32	62
32.84	105
35.01	81
34.81	119
33.84	87
34.95	79
35.54	43
36.29	90
51.34	21
33.18	16
35.9	79
33.09	77
34.35	61
34.47	109
34.76	140
34.06	66
43.86	3
33.57	73
35.31	83
31.16	88
34.78	86
35.53	59
31.55	58
47.67	5
35.19	75
34.17	58
34.24	89
33.17	53
32.53	107
34.35	20
34.56	52
32.88	129
33.01	86
34.18	112
33.64	58
33.8	79
33.73	83
51.09	4
36.33	44
33.75	82
33.7	130
32.97	63
35.07	111
34.51	60
35.57	54
35.74	152
34.61	69
52.17	8
34.56	58
33.86	58
35.13	123
36.24	33
34.6	55
33.97	2
35.38	142
32.92	70
35.14	86
34.59	159
33.7	66
35.37	133
34.53	79
50.4	7
35.41	63
37.04	88
33.72	142
33.08	85
35.38	158
34.02	14
35.53	114
34.26	84
33.52	88
51.81	31
33.38	54
34.64	104
34.77	114
34.45	137
39.16	5
34.48	111
35.35	22
49.21	1
33.91	35
33	75
100	0
37.41	54
36.59	120
36.44	80
35.02	56
32.98	27
36	133
34.51	31
35.31	150
35.55	81
35.66	120
35.36	127
49.74	4
33.77	47
36.43	131
34.56	31
34.15	119
33.44	106
33.1	77
35.65	76
34.26	71
34.74	56
34.8	78
34.16	83
35.2	86
35.38	84
55.3	2
33.65	79
33.89	100
35.24	70
34.37	84
34.84	78
34.94	57
35.68	35
35.26	146
35.34	69
33.65	88
34.6	81
34.99	9
54.93	10
34.26	93
49.4	5
33.52	59
33.94	83
32.48	83
31.58	76
34.06	66
31.32	66
35.29	67
35.09	93
47.93	7
32.68	76
34.14	126
34.94	71
34.11	80
33.26	71
35.18	130
32.64	79
35.64	61
34.78	90
35.14	65
34.29	88
47.28	2
32.82	72
32.78	83
31.6	54
34.62	68
32.78	83
32.75	63
34.27	70
35.4	135
34.52	106
34.73	55
33.02	84
34.53	75
30.08	1
48.33	4
33.86	43
33.9	60
34.97	54
34.2	87
33.25	138
34.18	85
35.21	81
33.89	116
35.01	70
48.39	1
33.9	50
34.87	115
33.13	81
45.99	4
32.08	75
34.58	93
34.15	79
34.17	68
33.53	86
31.96	86
34.04	84
34.33	61
32.97	37
34	128
43.84	1
35.62	68
34.01	84
35.09	68
35.38	68
33.59	83
33.04	78
33.98	87
34.1	78
33.62	77
33.29	92
33.88	55
33.14	68
32.96	65
35.07	84
33.83	88
34.15	52
51.7	0
35.69	118
37.31	79
34.49	157
33.92	80
34.81	108
33.13	70
34.34	128
50.97	24
35.29	70
35.06	148
35.53	146
35.25	121
34.27	97
34.71	81
35.24	68
35.19	6
33.58	10
34.29	63
35.25	121
35.25	121
49.45	52
35.04	48
34.56	73
34.22	50
35.4	72
35.68	88
34.47	46
36.37	65
35.11	76
34.84	139
47.6	26
33.53	83
35.47	81
34.9	84
34.01	65
33.23	93
33.24	81
34.32	70
33.52	31
34.39	76
50.4	9
34	88
33.74	82
35.37	30
35.21	127
32.78	72
47.62	2
34.14	63
33.97	87
34.95	65
34.56	70
35.73	48
34.66	114
33.72	150
33.32	77
33.93	25
35.11	60
34.77	51
44.86	15
36.51	35
33.68	70
35.81	80
33.85	82
34.27	70
33.58	82
50.43	2
33.59	108
35.37	88
33.42	40
33.69	74
34.28	133
34.02	70
34.21	88
35.37	30
35.25	127
32.78	72
47.55	2
33.84	63
34.38	87
35.08	65
32.28	121
35.18	111
48.66	28
36.06	145
34.8	88
36.1	65
35.28	100
35.97	66
34.18	39
33.6	36
33.69	68
34.48	150
32.26	36
36.36	70
35.09	80
34.2	122
36.63	76
35.51	83
50.1	3
34.48	23
35.1	101
36.7	83
36.87	77
56.09	8
33.52	74
36.44	68
35.37	77
34.17	73
34.83	29
34.2	82
34.92	141
37.13	36
36.27	78
34.99	80
35.47	79
54.9	13
34.82	71
37.58	57
38.69	55
36.12	76
35.38	52
33.55	67
33.47	141
34.06	78
35.95	66
33.36	80
33.99	57
32.49	147
33.72	46
34.9	145
42.91	6
35.31	156
35.23	84
33.9	87
49.21	2
33.32	79
34.51	80
35.32	118
33.69	80
43.91	5
34.39	73
34.79	83
34.29	82
34.91	65
34.99	79
35.12	131
54.71	3
32.97	86
35.38	88
34.17	156
35.8	84
34.09	81
34.03	81
35.99	51
35.01	78
52.48	11
33.84	75
36.07	81
36.59	64
34.79	74
34.77	150
33.55	52
31.91	10
48.5	3
35.67	109
33.98	38
36.2	72
33.79	120
33.42	47
33.95	98
34.24	77
36.64	107
36.2	73
51.07	3
35.18	42
32.01	22
34.18	44
35.41	79
35.55	64
35.23	85
37.06	36
36.17	54
48.95	7
36.32	96
34.51	88
34.27	88
35.41	65
35.89	117
35.98	84
35.94	81
33.92	67
35.14	76
33.41	51
36.79	55
34.63	78
46.54	2
36.1	54
34.2	69
34.64	72
34.24	84
34.36	87
66.21	5
34.88	84
35.85	85
35.8	126
35.54	66
35.04	88
37.01	84
36.25	100
33.63	77
34.16	126
46.75	19
36.46	50
35.16	155
35.93	61
34.95	80
35.03	84
35.29	81
36.19	74
52.68	15
34.78	79
53.04	9
37.28	39
33.86	58
35.48	79
34.26	83
35.98	95
35.44	135
34.94	88
34.12	139
35.46	71
35.33	79
36.27	47
34.83	134
34.38	73
35.07	138
34.68	70
34.75	33
33.89	82
49.89	1
33.9	12
39.24	46
35.18	75
36.03	19
34.17	29
36.31	95
36.39	64
33.04	45
35.13	145
34.06	86
36.03	34
36.18	145
34.92	80
36.67	102
34.63	79
34.23	78
36.21	46
33.47	82
50.29	38
33.9	58
34.81	78
35.67	55
33.87	88
33.17	78
50.33	1
35.55	56
35.55	56
33.95	159
35.55	56
35.27	59
33.99	82
36.33	61
34.2	72
34.22	87
34.93	38
35.58	98
36.25	73
35.28	158
35.35	115
52.7	7
35.4	134
33.26	81
34.54	122
34.14	43
47.61	1
32.43	71
33.28	70
32.81	4
35.71	73
34.69	54
35.14	72
34.25	143
35.88	79
34.46	28
35.22	76
34.75	87
37.1	63
33.91	64
50.43	0
35.38	63
35.94	121
36.78	68
35.5	104
35.51	84
35.25	128
33.86	59
33.95	59
49.12	3
33.85	83
35.32	63
32.89	79
50.18	43
34.86	133
38.87	72
34.05	65
37.87	56
34	62
34.95	63
35.01	74
34.84	124
36.33	44
36.56	108
35.2	113
33.88	64
35.08	83
33.98	117
33.4	54
45.59	16
33.75	35
34.9	11
34.82	156
33.2	87
33.54	77
31.51	10
33.34	88
34.03	62
34.41	79
34.35	70
33.9	84
33.78	133
44.48	11
33.71	69
35.28	59
35.39	134
34.7	37
34.2	73
36.21	51
35.54	53
51.86	4
36.04	57
34.39	88
33.56	57
33.42	47
33.98	70
33.8	155
33.86	75
39.02	137
34.69	126
33.81	67
33.57	84
35.76	149
34.48	111
33.13	78
34.3	66
32.86	78
33.68	82
34.49	153
52.55	7
34.27	42
34.14	106
33.27	84
33.25	87
33.98	70
52.36	3
34.95	55
34.1	82
33.91	116
33.11	76
34.22	86
34.59	88
35.09	65
35.51	73
35.11	84
52.47	4
33.69	60
35.25	88
34.97	72
36.91	72
35.81	76
34.99	83
38.06	33
37.13	82
36.1	71
35.02	70
34.73	95
35.09	121
34.38	84
35.44	59
48.74	4
34.47	88
35.04	88
32.74	84
33.32	70
34.47	138
49.17	3
35.15	83
32.77	88
33.66	76
35.71	69
33.1	83
33.12	148
33.32	76
33.95	59
33.12	84
34.81	83
33.91	62
32.77	39
35.87	80
33.22	43
50.48	3
32.72	62
34.26	49
35.47	69
34.23	85
46.69	8
35.25	52
34.03	39
32.54	29
33.57	88
35.48	76
33.82	36
34.78	78
36.68	56
35.2	82
35.1	84
36.04	36
48.94	8
33.86	95
36.16	62
33.04	67
33.93	15
47.76	2
33.59	88
34.91	77
35.15	78
32.9	56
34.41	121
34.57	67
33.87	114
34.04	77
34.33	84
33.72	67
34.48	74
48.23	6
34.48	98
35.1	63
35.52	89
33.77	73
33.53	135
36.24	62
32.68	75
33.04	62
33.42	10
32.37	70
32.91	7
33.14	57
33.63	70
46.75	4
34.7	38
33.88	118
34.4	41
33.5	70
35.24	27
34.42	52
33.19	83
50.09	1
34.33	71
32.35	64
34.33	139
34.72	106
33.97	67
32.71	86
34.65	61
34.68	93
34.61	63
33.33	14
34.27	69
35.41	75
31.69	12
35.69	75
35.64	68
32.54	71
34.58	77
35.71	48
41.78	50
32.44	39
33.86	122
32.15	81
33.28	75
33.47	81
33.66	59
32.64	10
36.16	37
35.2	77
33.45	66
55.09	4
36.39	38
35.79	63
33.26	75
34.48	70
32.77	78
35.94	56
36.01	46
35.79	127
34.33	74
33.87	86
53.8	6
35.61	107
35.41	66
34.13	78
34.61	75
30.71	16
33.17	74
33.53	66
36.28	85
33.31	83
33.62	83
34.91	71
52.92	0
33.74	60
34.75	73
33.33	103
32.6	64
33.01	79
33.89	85
34.03	152
31.34	86
32.62	29
34.52	43
32.42	20
33.1	76
33.66	82
35.23	138
34.94	54
36.63	67
34.42	87
33.85	85
35.22	65
33.5	61
35.87	88
48.09	1
34.02	70
33.04	63
34.39	116
33.25	62
34.28	67
33.07	51
32.93	72
47.28	2
34.14	63
33.72	97
33.24	23
31.92	19
31.24	81
35.99	66
36.62	48
35.1	59
51.53	1
35.41	80
34.78	77
35.51	82
55.22	0
35.21	116
34.98	76
36.01	52
35.08	135
36.19	70
35.73	42
35.37	88
36.6	50
37.04	60
35.5	37
32.54	80
34.51	63
32.59	87
34.8	51
34.46	84
35.85	80
34.53	91
35.95	122
52.41	1
51.82	10
33.31	87
35.34	6
36.56	75
36.06	60
35.75	117
34.39	75
34.55	85
36.17	53
34.2	76
33.79	75
34.55	114
34.5	83
32.67	75
32.31	84
34.03	98
34.33	70
32.76	76
33.29	88
32.7	31
36.73	79
33.2	73
34.13	79
33.75	82
32.15	85
34.36	28
35.01	70
33.89	108
36.24	76
33.56	77
35.49	81
34.23	75
35.5	61
36.73	144
49.93	3
38.29	61
35.43	76
34.72	87
36.22	70
33.54	81
33.09	57
33.94	52
35.11	125
32.01	78
34.69	87
43.21	4
35.53	144
34.46	134
33.73	9
32.73	59
33.54	85
32.76	78
32.4	57
50.57	4
33.47	77
34.72	84
33.85	78
35.98	80
33.97	110
32.42	81
35.1	82
38.54	44
35.98	65
35.77	70
35.48	62
52.36	0
36.83	61
35.79	126
36.05	78
35.36	55
33.1	75
34.29	69
33.07	64
34.86	58
34.46	121
33.37	65
33.45	77
34.71	107
35.24	120
51.38	1
45	7
32.52	83
33.4	54
33.83	87
34.12	49
33.48	138
39.62	30
34.48	158
35.03	126
34.02	83
34.42	10
34.17	84
33.53	87
33.03	72
35.14	124
47.12	8
35.87	83
33.67	34
33.27	61
35.41	90
35.24	111
35.89	108
33.97	79
31.94	10
35.09	15
31.91	26
45.92	31
33.94	58
34.83	140
33.81	61
33.25	79
34.37	130
32.25	59
33.81	158
34.28	57
34.74	67
46.72	5
34.54	72
35.34	59
35.35	139
32.45	14
32.3	81
31.97	27
36.98	42
35.48	56
33.28	51
33.19	146
33.32	89
32.38	81
34.9	85
33.96	61
32.17	88
34.72	73
31.6	36
32.81	56
36.32	54
33.99	77
36.53	58
46.59	3
34.97	57
36.16	71
36.91	56
35.33	127
35.88	109
36.85	65
36.76	65
36.45	36
33.71	14
36.08	74
53.1	22
33.16	125
34.09	80
34.85	125
32.87	84
34.03	40
34.94	131
34.22	62
46.65	6
32.69	39
34.55	86
34.18	82
35.02	87
36.1	125
37.4	85
34.82	94
34.59	85
33.12	11
32.08	77
36.9	84
49.73	14
35.63	126
36.34	69
50.83	4
34.29	156
35.76	47
34.37	58
33.83	80
34.47	80
34.2	127
33.66	63
32.44	159
33.37	40
36.09	61
34.97	137
32.52	73
33.52	150
34.98	136
52.53	5
33.77	82
32.64	11
34.9	63
32.23	10
35.59	157
34.07	148
34.35	27
34.51	73
35.9	50
52.77	1
34.19	39
34.01	77
36.26	61
37.15	104
35.3	74
38.15	69
35.05	148
36.43	83
50.1	3
35.36	81
37.57	102
36.71	108
33.03	157
34.35	60
32.9	82
34.46	96
32.72	66
34.76	77
34.84	81
35.73	29
33.18	68
51.13	4
36.72	94
35.3	98
35.59	25
34.95	39
31.85	79
38.1	77
34.04	26
35.41	79
36.02	119
33	17
34.26	61
49.76	4
35.08	43
35.24	63
35.75	128
36.09	40
32.8	71
35.44	141
35.82	114
36	70
35.06	87
47.41	2
34.45	59
34.78	107
34	132
32.68	85
32.25	158
34.75	111
33.1	79
34.52	119
51.14	2
33.8	72
35.9	67
33.27	70
33.94	86
34	81
34.68	40
34.1	71
36.69	81
36.17	77
35.34	66
34.69	77
33.66	63
35.45	55
48.22	19
35.13	39
33.39	76
36.79	67
34.8	42
34.52	68
34.57	78
34.64	74
33.32	86
35.55	60
33.94	79
35.97	77
35.97	89
33.82	83
48.07	7
34.52	63
34.34	54
33.77	68
33.11	88
33.93	74
35.36	83
34.18	71
33.56	48
35.42	77
50.74	1
35.23	49
34.9	70
49.04	12
36.38	136
34.84	126
35.36	74
34.6	52
34.89	68
35.95	130
34.57	88
36.15	69
44.34	32
35.51	155
34.71	74
35.85	82
35.29	76
33.42	77
32.12	85
33.85	86
35.18	80
33.66	43
36.05	55
34.04	78
34.51	83
34.17	80
35.59	48
35.16	66
35.46	147
33.89	68
51.62	2
35.97	77
32.6	49
34.14	33
35.05	87
32.07	53
33.08	160
33.37	44
48.69	3
32.87	80
35.32	68
32.92	79
35.36	52
34.91	108
46.79	3
34.23	25
35.04	89
33.77	68
34.44	59
34.75	131
34.18	46
34.21	137
33.37	23
34.22	57
32.29	81
36.24	72
34.51	59
32.53	46
34.43	88
33.46	43
51.62	5
34.25	75
35.98	66
32.54	88
36.74	75
34.97	76
48.77	15
34.9	85
33.1	79
34.02	11
35.02	87
34.89	86
34.01	88
34.74	78
34.37	66
52.73	21
32.74	25
35.18	87
34.4	102
34.55	46
33.53	82
35.66	57
35.2	65
34.8	146
34.84	118
35.37	154
34	157
35.2	125
34.36	37
34.11	54
49.46	0
33.34	79
35.24	65
35	22
33.05	71
36.96	55
50.22	8
35.57	80
35.15	67
34.42	67
34.29	79
32.92	14
35.53	69
33.93	79
35.93	80
50.12	5
35.36	120
32.87	84
33.88	58
35.3	153
35.22	131
36.49	100
33.82	82
33.68	66
35.41	62
35.55	59
34.68	87
35.24	75
33.5	34
34.44	150
50.48	0
33.62	73
35.74	135
34.5	75
35.81	59
33.39	57
33.05	80
33.43	80
46.85	8
34.22	119
34.8	66
33.83	118
34.62	71
34.7	143
33.94	79
33.75	30
34.62	58
34.38	26
35.11	56
36.71	23
34.57	125
48.12	1
34.56	99
35.43	156
32.55	35
32.71	77
34.84	70
33.52	81
34.64	131
34.53	110
34.49	37
33.08	87
33.89	36
33.51	80
32.88	71
34.71	73
34.86	73
35.69	58
34.05	53
48.56	0
34.13	158
33.07	87
35.38	73
33.75	56
35.48	75
33.93	80
51.39	2
35.5	60
33.77	58
35.92	67
32.55	80
34.58	137
33.63	76
36.81	52
47.81	7
34.53	58
34.17	60
36.51	77
37.27	76
35.47	80
35.19	70
34.97	82
34.3	38
33.26	75
35.05	121
33.38	49
34.19	137
50.2	6
34.1	40
34.5	79
34.87	130
34.39	58
34.27	76
50.11	5
33.85	77
33.93	80
32.76	35
34.91	77
33.58	87
36.16	72
33.97	59
34.34	87
33.76	63
35.16	66
33.85	133
32.71	52
34.09	54
33.9	135
54.44	0
34.66	66
32.74	53
36.51	73
33.7	81
33.17	87
32.04	60
34.68	31
35.54	159
33.66	49
51.4	1
33.84	86
35.28	74
32.69	62
35.66	112
34.51	126
63.99	13
34.84	64
35.44	88
35.78	103
35.09	84
34.59	82
34.89	72
34.89	72
34.09	74
33.58	74
35.63	26
35.33	51
35.33	77
49.41	11
35.88	73
37.98	59
34.89	64
35.99	88
32.46	82
33.59	54
34.34	83
32.85	80
32.2	63
34.56	93
35.23	82
32.07	87
32.88	74
47.72	5
36.04	61
56.78	4
34.71	67
34.31	83
35.25	61
34.79	83
34.8	47
36.82	70
34.2	82
35.3	71
34.29	58
32.45	80
32.75	87
32.54	51
34.47	57
36.17	73
34.61	87
34.39	144
34.33	95
47.81	1
34.66	18
33.04	80
33.39	81
35.47	74
35.11	43
32.3	72
32.93	82
35.98	74
52.86	3
33.87	86
32.93	84
52.47	5
35.06	116
33.75	157
33.16	87
34.39	53
34.08	61
32.01	25
31.23	74
35.77	112
34.72	126
36.24	109
35.1	75
33.51	67
33.68	79
34.1	79
48.05	2
34.81	63
35.33	115
34.48	75
36.1	113
33.96	88
33.3	70
35.6	47
53.95	4
34.96	81
35.79	72
36.03	50
35.03	124
34.86	71
35.61	155
31.72	4
34.38	26
33.68	86
34.96	72
34.75	69
30.71	16
34.51	79
34.57	133
34.44	65
35.44	97
34.15	52
34.85	81
35.06	150
34.75	114
44.87	1
34.68	80
35.54	72
32.61	88
34.8	127
34.7	53
34.51	65
33.46	88
34.46	117
33.97	74
34.16	118
34.65	29
34	55
41.76	3
35.06	114
34.13	118
34	83
33.69	87
33.44	158
34.57	71
34.81	108
34.39	87
34.62	67
34.55	56
50.81	3
33.6	74
51.17	14
33.75	59
34.92	68
35.37	81
32.37	70
31.35	74
34.3	58
33.45	142
34.28	107
33.94	82
34.95	83
34.27	73
52.61	2
35.8	68
34.13	51
34.07	70
33.92	157
34.05	87
32.47	85
33.68	129
34.08	88
33.86	84
53.2	2
34.53	76
33.54	77
35.19	74
35.16	154
34.05	67
35	73
35.01	85
33.73	73
36.01	94
35.77	60
35.35	55
34.26	58
51.76	15
32.92	76
36.26	65
34.79	70
33.68	53
32.01	85
34.33	88
32.4	76
46.29	1
33.67	21
34.03	110
33.67	88
35.02	134
33.94	86
34.68	109
34.62	86
34.42	78
33.34	78
33.29	85
33.88	73
32.82	77
34.26	122
33.46	56
34.84	147
33.66	56
34.23	62
33.31	72
33.8	146
33.69	61
53.03	1
34.45	28
34.64	22
35.27	151
35.73	136
31.15	74
34.01	34
33.45	157
47.88	2
33.36	73
32.63	29
33.98	121
34.07	78
33.64	61
34.16	80
50.95	2
35.17	52
33.84	76
35.6	69
35.45	118
35.98	49
35.5	69
34.61	72
38.59	58
33.89	82
33.83	88
36.13	81
35.77	80
36.22	57
36.71	27
54.42	0
36.91	75
33.02	78
33.64	69
35.6	74
32.7	92
33.17	85
33.87	67
34.65	80
35.25	91
34.16	78
33.62	59
34.9	58
33.48	70
51.15	3
34.57	71
33.68	88
33	79
33.09	81
33.43	67
34.05	83
47.67	1
33.94	125
34.82	120
33.53	46
35.19	61
36.02	141
35.5	82
34.31	76
50.03	0
34.87	72
32.95	69
35.29	84
35.38	74
34.6	82
34.8	82
35.04	81
35.42	101
33.34	88
34.89	51
34.41	38
47.52	1
32.63	82
33.4	148
34.42	78
33.43	82
34.42	120
31.33	87
35.72	30
33.17	20
49.18	7
32.1	87
36.34	57
36.34	57
35.17	52
35.64	150
35.66	35
49.52	7
35.33	110
34.98	80
33.82	73
33.91	138
35.48	78
34.84	124
36.72	108
47.43	23
34.94	116
34.1	62
35.01	102
31.77	82
32.12	79
34.22	158
35.53	51
33.97	70
34.67	75
34.6	105
34.9	77
34.88	69
35.69	57
33.6	28
34.88	71
36.13	81
33.86	81
43.65	7
32.32	27
35.18	59
33.51	83
36.71	51
34.35	34
34.4	64
35.11	67
35.11	67
48.53	5
34.81	87
35.25	82
32.1	41
32.84	71
35.72	72
33.71	83
33.69	64
34.54	59
33.31	58
30.52	77
32.55	62
34.48	124
34.85	58
34.04	88
33.84	87
49.49	17
37.33	88
33.81	51
35.32	78
35.32	54
36.26	43
35.74	75
31.97	41
49.9	8
32.77	67
34.98	64
32.1	56
33.6	118
35.52	43
33.64	119
34.26	82
34.67	49
32.91	99
36.39	48
33.89	66
32.63	97
33.03	100
32.77	64
34.57	76
35.32	115
34.32	90
34.6	60
34.14	82
34.47	94
33.71	84
34.17	94
41.05	4
34.34	20
35.04	93
34.37	56
32.16	86
32.94	95
32.77	87
32.66	90
32.49	88
33.47	77
35.43	88
39.46	11
34.91	93
32.5	72
35.95	63
34.37	14
32.24	98
33.79	92
32.44	84
33.01	84
32.37	81
32.25	73
33.2	98
34.37	90
34.97	90
33.64	100
32.86	100
33.19	79
35.1	87
37.73	88
33.77	111
32.12	98
34.82	87
35.15	88
35.96	86
36.49	99
33.55	99
34.9	91
32.32	82
32.13	96
36.24	98
32.7	99
32.77	87
35.31	64
32.63	87
31.64	88
33.4	92
34.55	44
33.8	85
43.56	8
32.37	99
33.97	90
34.98	88
36.44	77
35.26	84
31.9	97
33.43	75
33.42	100
34.3	79
35.47	89
36.7	132
34.72	90
32.1	98
34.62	122
33.39	94
34.27	16
34.83	100
41.32	3
34.77	95
35.53	76
33.23	176
32.49	74
35.3	81
35.6	94
33.59	91
35.97	94
34.93	68
34.43	96
35.12	52
33.09	90
35.04	88
35.46	84
35.17	56
34.37	97
36.29	81
35.72	89
33.89	98
36.69	53
35.6	40
35.39	72
35.35	91
32.66	99
33.2	92
35.63	88
33.31	194
34.74	64
33.93	84
34.4	71
35.1	27
37.39	73
33.49	96
33.17	83
35.62	67
34.82	96
34.49	98
32.73	99
33.34	90
32.73	99
32.73	99
34.6	143
34.27	81
36.61	70
36.99	52
36.58	92
33.84	87
32.54	86
40.55	1
36.01	63
35.33	88
32.63	99
34.41	154
31.97	100
33.2	94
35.03	151
32.73	98
34.85	74
35.63	90
31.37	99
33.62	93
35.72	146
35.6	90
33.02	38
34.54	90
34.5	61
42.93	12
35.33	91
33.77	51
31.45	90
34.97	88
35.75	75
33.82	83
37.26	71
32.87	92
33.78	86
34.06	88
32.8	97
34.25	81
42.87	7
33.55	84
35.81	59
35.97	93
33.83	68
36.03	72
32.97	186
35.13	153
37.38	37
32.5	96
34.8	91
31.11	88
33.43	83
32.87	97
32.45	72
35.18	89
35.03	54
35.44	79
34.89	87
34.62	120
33.95	78
33.55	88
31.02	92
32.89	96
35.77	120
31.93	100
31.93	97
32.74	69
36.39	89
35.7	72
33.64	83
31.84	94
41.69	7
35.31	75
32.85	96
35.17	89
34.46	97
34.68	90
33.88	165
33.62	55
33.38	149
34.46	67
32.24	86
33.18	100
34.77	59
35.42	63
33.08	193
33.63	135
34.61	91
33.91	61
33.74	64
33.84	64
33.83	62
35.89	89
36.52	89
36.52	89
34.9	99
34.95	89
32.03	98
34.62	97
32.36	131
32.97	99
32.6	99
33.45	56
34.28	158
32.26	92
31.84	55
35.91	49
32	98
33.33	100
33.8	97
32.96	78
40.3	6
32.74	84
35.73	87
34.82	86
34.82	86
34.82	86
32.71	66
34.23	55
36.68	75
36.02	81
36.31	81
33.57	82
32.79	90
34.28	80
35.42	61
36.09	86
34.92	74
35.95	85
34.9	64
33.1	97
34.08	60
35.46	96
35.96	93
44.11	12
33.12	85
34.68	149
34.46	78
34.9	89
33.87	96
31.77	94
32.35	79
34.23	92
36.4	52
32.18	96
35.1	93
32.87	74
36.84	94
