sim	len_diff
34.41	87
36.16	70
32.09	141
34.57	133
35.4	100
34.1	82
33.52	110
35.83	174
32.61	86
33.67	92
33.9	92
35.75	17
34.17	52
36.42	86
33.45	50
33.77	192
33.04	164
33.53	96
33.3	163
33.17	94
35.41	114
33.04	78
33.72	64
33.83	131
36.35	51
33.52	84
32.58	81
33.5	89
33.51	88
36.08	143
34.62	96
32.41	86
34.24	85
33.21	45
34.86	37
32.29	96
35.24	40
33.83	70
32.94	178
33.09	178
31.81	98
31.81	98
35.1	56
32.35	96
32.7	93
32.7	93
32.74	126
33.53	96
34.02	84
34.02	84
31.94	98
32.88	84
31.91	93
36.96	30
34.58	90
32.61	94
32.61	94
32.61	94
34.86	25
32.27	73
32.6	95
35.34	66
33.4	77
33.38	91
32.52	73
33.8	137
33.31	79
33.31	96
36.66	27
33.46	71
33.59	45
34.54	63
34.67	49
32.02	98
35.54	30
34.4	132
32.31	88
34.57	74
34.57	74
32.01	94
34.83	75
34.98	51
34.32	71
35.76	95
33.94	145
33.46	131
35.16	103
34.85	88
34.37	60
34.59	32
32.93	67
33.93	182
34.78	71
34.91	127
35.3	64
34.38	96
33.13	88
34.9	70
34.52	91
34.83	122
35.64	85
35.2	66
33.35	94
34.34	81
33.49	92
34.78	84
32.29	94
34.32	36
34.69	59
34.78	31
32.31	95
35.48	77
34.39	85
34.59	90
36.06	76
34.03	67
35.73	65
32.86	72
33.46	94
32.08	86
34.29	95
33.47	84
34.56	88
34.58	54
33.89	141
32.96	96
34.04	62
34.65	89
37.28	38
34.77	87
34.8	80
32.12	96
34.21	151
35	78
31.3	81
35.41	74
34.11	95
34.72	80
32.49	92
35.41	74
33.31	76
32.99	82
37.04	35
37.97	35
35.48	128
35.97	21
32.71	94
35.63	46
34.94	90
35.37	91
32.69	171
35.9	78
31.75	92
32.56	96
33.4	97
34.24	8
35.04	74
35.57	38
38.99	38
35.88	20
35.32	77
31.21	91
36.59	22
33.72	87
35.84	38
34.22	151
32.97	86
33.13	97
33.55	42
32.03	78
33.47	82
33.45	25
33.27	28
35.32	24
34.82	128
34.82	58
35.88	55
32.2	197
32.73	87
33.65	32
33.87	28
32.84	77
33.19	79
32.63	98
33.8	83
35.16	64
33.34	91
33.02	98
33.31	82
32.4	25
34.02	71
33.54	88
33.53	94
33.72	94
33.46	131
35.19	91
32.24	95
32.71	90
31.71	96
32.48	71
35.27	78
34.99	77
32.89	97
32.34	95
36.99	79
34	61
35.75	41
34.92	149
35.83	63
34.15	97
32.67	88
32.76	90
33.29	93
33.67	86
33.67	92
34.94	73
33.07	75
34.09	195
33.26	96
35.65	93
33.95	90
34.07	95
34.56	70
32.75	90
32.73	96
32.14	96
33.57	62
36.02	48
35.36	21
33.06	89
33.53	87
31.41	97
32.21	98
38.04	23
32.7	88
34.07	164
33.37	88
37.55	31
32.49	97
32.68	85
33.47	81
33.23	89
33.78	152
32.32	78
31.08	4
31.08	88
32.26	92
31.94	92
31.94	91
33.29	55
32.84	92
34.35	74
33.51	83
30.92	77
34.07	96
33.47	95
33.07	71
33.73	74
34.07	74
34.43	72
33.62	88
33.7	83
33.16	91
32.96	98
33	191
32.77	73
31.92	84
33.51	98
36.26	77
32.97	39
36.15	48
33.32	92
34.54	43
34.67	51
33.76	72
31.89	94
33.42	177
36	66
34.94	41
33.44	88
32.67	88
32.36	87
34.27	92
35.65	72
34.29	94
34.9	79
35.23	32
33.85	90
33.83	82
34.75	7
34.41	80
33.6	89
35.33	70
35.52	91
33.93	84
33.4	188
34.16	55
32.73	89
33.41	75
35.92	58
33.06	83
33.02	93
33.8	79
32.76	93
33.8	74
34.87	154
32.13	97
34.39	64
33.88	75
31.67	189
34.57	80
39.22	40
32.71	85
35.22	42
38.48	42
39.33	31
33.55	94
34.47	82
36.43	30
34.04	151
33.97	74
35.38	82
35.77	74
33.13	89
32.57	87
35.63	87
38.14	38
37.25	34
37.86	40
37.64	51
35.63	26
31.72	97
33.45	95
34.68	61
35.17	86
37.41	29
36.22	94
34.73	53
34.81	55
36.44	57
32.45	85
34.97	95
33.81	98
34.26	63
35.28	81
35.25	75
33.48	92
33.19	96
34.88	74
35.04	62
34.7	52
35.15	66
34.5	81
33.67	117
32.45	84
32.53	19
34.03	108
35.58	14
32.26	80
33.2	26
38.02	40
37.52	54
35.46	83
34.27	86
35.56	98
35.71	61
37.54	46
37.5	66
36.45	90
34.37	70
32.52	81
33.79	97
32.7	25
33.32	73
35.03	70
35.22	74
33.12	37
34.63	39
31.62	32
32.15	16
33.19	57
32.96	64
33.43	44
31.42	75
33.32	142
34.51	76
34.28	82
32.43	62
32.47	83
34.47	126
35.95	78
36.56	65
35.22	157
51.31	16
37.27	57
35.65	61
36.51	58
36.68	65
36.26	64
37.77	37
36.76	35
35.35	64
35.32	49
36.91	111
37.16	79
33.88	82
35.63	54
35.31	154
35.13	82
34.76	87
34.85	112
31.87	87
35.54	76
34.04	36
33.45	41
34.48	73
32.69	59
34.09	118
34.25	68
32.93	38
33.82	80
32.97	61
31.53	57
32.89	64
33.92	137
34.61	82
35.04	57
32.5	4
33.63	52
34.38	72
37.14	30
35.07	18
34.75	87
35	81
33.93	36
33.17	80
38.34	67
36.25	119
35.03	74
36.26	119
36.94	58
33.23	79
35.52	78
36.26	51
35	152
33.91	62
35.11	141
35.26	71
35.97	79
35.93	67
35.03	67
35.39	107
34.21	45
34.36	67
34.04	87
35.26	56
34.88	34
36.21	46
32.62	15
33.85	46
35.94	67
37.17	59
34.42	87
35.59	55
34.94	64
34.57	71
36.92	61
35.73	59
34.27	74
36.15	61
34.28	78
35.21	74
33.91	52
33.88	46
34.08	30
33.07	63
34.41	89
32.29	86
32.71	74
35.05	73
34.52	37
33.89	86
33.34	68
34.66	79
33.82	86
33.37	59
34.28	62
33.27	145
33.01	85
33.71	107
35.25	82
35.25	82
36.68	73
34.76	12
34.92	20
35.69	18
35.07	57
34.83	78
38.12	38
34.86	85
34.19	111
31.55	53
32.84	35
32.76	76
33.32	136
33.66	79
34.87	58
33.87	99
34.36	63
34.04	78
37.4	35
35.16	82
36.26	55
35.93	136
36.4	44
36.47	74
35.52	141
34	37
33.98	77
35	34
34.34	78
33.33	84
33.6	75
34.85	44
34.16	78
34.9	54
35.39	83
33.05	48
33.89	87
34.68	73
33.47	79
33.39	85
32.12	37
32.9	78
31.32	32
33.47	66
34.02	116
32.98	84
33.26	77
33.38	70
37.6	79
35.42	91
37.05	83
35.32	85
35.97	46
35.34	101
34.41	62
34.53	84
34.17	143
33.89	74
36.72	71
35.27	38
36.38	36
36.09	118
34.72	101
34.56	68
34.84	62
36.14	64
35.09	85
37.35	16
35.89	70
37.14	64
33.81	106
34.18	67
34.36	119
33.23	19
35.33	46
36.89	45
33.6	77
34.53	85
35.28	75
34.93	81
35.32	86
34.61	143
33.82	35
37.82	47
37.82	47
34.14	123
37.13	54
35.59	82
30.56	78
34.05	24
32.4	69
33.51	124
34.11	40
33.65	88
32.49	68
33.12	151
34.09	62
33.51	144
34.97	80
39.42	68
36.17	77
36.73	58
35.66	64
36.12	68
35.08	70
35.03	34
34.39	62
35.97	80
36.16	49
36.12	106
34.67	75
36.95	85
35.51	83
33.34	151
35.15	134
35.35	108
34.53	107
36.2	54
35.18	79
35.93	47
34.57	78
34.78	82
35.87	120
34.29	52
34.74	86
35.41	53
36.53	43
35.63	70
33.54	76
33.55	76
34.05	78
35.01	112
33.43	140
33.25	76
34.39	81
34.18	109
34.67	70
34.13	74
34.52	82
34.43	53
34.58	128
35.3	148
34.02	41
32.77	39
35.04	86
35.8	78
34.68	57
34.77	74
35.46	86
34.34	69
36.14	62
35.26	87
34.9	59
37.56	88
34.63	62
36.17	68
36.23	62
34.91	83
34.68	84
36.01	85
35.32	78
36.6	99
34.3	83
35.81	87
36.62	117
35.87	68
35.35	76
36.58	40
39.82	56
38.24	64
35.47	54
35.06	26
37.81	27
36.04	67
37.15	78
34.58	79
33.62	37
36.38	79
34.35	49
34.58	16
36.23	65
34.91	12
34.44	60
34.05	72
35.11	80
34.84	114
35.26	69
34.23	131
35.6	80
33.68	83
33.41	133
33.5	78
34.13	75
33.41	46
32.96	82
33	74
34.18	128
33.5	66
33.94	133
33.75	58
33.28	50
32.85	79
32.52	43
34.05	65
34.16	81
34.19	61
32.4	27
33.44	41
34.78	77
35.56	63
33.98	61
34.99	133
34.14	83
35.04	52
35.73	63
35.69	74
35.57	49
36.46	53
35.47	41
35.01	123
34.95	85
33.62	85
37.65	61
36.23	81
35.29	121
34.15	82
33.58	87
34.01	74
33.92	60
34.07	98
33.37	86
33.16	34
36.1	32
35.95	46
33	49
33.88	81
33.67	84
34.11	53
34.05	72
34.69	59
31.18	22
32.36	41
34.39	144
33.34	67
34.21	18
32.64	87
34.78	77
31.46	8
34.98	126
35.16	47
33.15	81
32.63	81
34.12	84
34.72	80
33.42	87
33.15	82
33.29	20
33.95	70
33.25	37
35.92	69
36.39	30
36.84	32
37.45	77
35.88	64
35.51	62
36.27	59
37.02	60
35.87	86
36.11	51
34.5	65
35.59	66
35.61	87
33.81	85
35.57	50
32.9	128
35.45	42
32.65	29
33.94	62
32.94	50
34.34	53
35.1	72
36	107
34.75	54
35.01	85
34.34	75
34.93	67
34.98	68
41.54	26
33.55	80
37.18	49
36.51	48
35.36	150
35.65	54
36.69	55
33.56	25
34.82	79
34.35	146
33.98	154
33.83	42
33.97	33
35.84	76
34.64	70
36.28	46
32.94	9
33.68	36
36.34	70
34.81	74
35.8	62
34.5	109
34.62	147
33.36	126
33.38	19
32.48	71
34.09	15
34.14	72
34.68	63
33.28	45
34.35	44
34.07	31
36.01	49
34.51	45
33.59	69
34.47	74
32.24	86
33.55	75
34.88	104
35.05	82
35.64	36
37.83	70
37.07	68
33.91	73
34.85	76
34.86	84
36.84	65
34.71	146
35.08	76
35.4	30
36.78	49
36.99	100
34.54	32
35.58	145
34.82	71
34.91	76
36.28	89
36.71	41
35.24	30
35.45	82
37	49
33.94	80
33.38	74
34.38	87
31.3	70
34.71	72
33.87	80
35.19	42
32.72	79
36.81	54
33.32	61
34.8	86
34.68	83
35.07	62
36.06	44
34.76	84
38.38	48
35.03	79
33.45	86
36.44	67
33.64	84
35.24	115
34.78	78
35.86	45
35.73	69
35.31	72
33.87	99
34.32	26
35.91	44
34.75	37
36.23	70
35.98	84
35.41	71
36.11	50
34.82	73
49.16	7
35.85	73
34.43	78
34.22	43
34.94	73
35.31	64
33.61	86
35.57	84
34.89	86
36.32	52
34.41	140
34.4	78
35.7	82
37.04	63
35.43	86
35.86	41
35.82	74
34.55	82
34.79	68
34.51	59
33.45	53
35.57	75
36.12	76
34.13	68
33.19	76
33.04	86
34.88	82
35.09	102
33.56	40
36.79	74
34.07	143
36.61	75
35.22	99
34.76	86
36.78	72
37.69	99
34.76	82
35.16	40
38.54	52
34.49	148
35.41	65
35.06	52
36.4	53
35.19	132
35.87	34
35.64	58
35.1	70
34.6	148
34.98	88
34.46	86
36.13	63
35.45	65
34.65	82
35.15	84
36.22	64
34.34	55
34.8	81
34.89	147
33.34	68
32.71	22
34.41	62
36.76	75
33.92	68
34.5	59
34.25	34
33.97	87
34.89	103
33.67	67
36.05	31
34.56	72
36.98	69
34.89	21
36.86	63
32.4	87
35.04	55
34.74	50
31.82	87
33.97	74
32.47	84
33.75	62
34.64	85
34.7	60
33.38	79
33.63	71
34.15	38
35.38	68
37.26	48
35.57	83
34.11	62
34.32	82
35.81	77
36.11	80
36.2	52
35.75	77
34.88	55
34.12	85
34.36	77
33.19	32
33.87	86
35.39	151
37.93	59
34.29	59
36.5	78
34.49	69
35.03	76
32.98	24
33.71	54
34.68	80
34.38	83
34.01	62
34.58	94
34.3	9
34.07	141
34.88	135
33.27	19
32.57	44
34.95	125
33.46	85
34.46	50
34.65	25
35.06	72
34.67	155
35.5	93
34.53	36
32.77	87
36.35	67
36.13	59
35.89	70
34.26	85
35.78	38
35.29	72
35.96	65
35.2	49
36.22	79
36.23	59
34	70
33.8	84
34.95	50
35.52	64
34.91	33
34.22	84
34.49	100
33.41	63
32.29	87
33.78	28
35.52	88
35.16	86
35.51	77
35.03	52
35.49	100
33.98	84
35.57	74
34.86	61
31.45	87
34.36	35
34.69	70
34.56	46
33.5	84
36.84	106
35.01	74
33.3	84
35.69	82
35.83	76
36.08	86
34.4	136
35.65	150
34.72	58
33.51	11
33.6	78
34.61	86
34.41	87
36.71	50
35.16	49
33.92	93
35.55	49
35.26	41
34.93	55
33.32	58
33.94	68
34.08	52
33.98	74
33.73	67
33.51	42
32.96	64
34.08	80
32.49	29
33.89	70
33.21	123
33.28	81
33.45	132
34.5	102
34.04	68
32.74	78
34.41	86
33.43	83
36.46	43
34.9	45
34.39	45
32.21	11
33.96	74
35.74	46
35.16	49
32.55	14
34.12	78
35.08	80
35.75	109
34.08	79
35.98	25
33.66	126
33.09	78
34.72	84
34.62	90
34.82	66
32.9	74
33.76	65
34.16	46
35.15	86
33.85	86
34.23	87
35.16	86
36.31	52
33.43	63
36.46	81
36.23	87
32.96	37
35.7	67
33.58	46
35.57	79
35.8	78
36.18	42
35.07	109
34.94	49
34.73	149
34.74	21
35.2	72
34.5	70
34.96	52
31.74	44
32.95	79
33.66	65
30.63	80
32.84	82
34.82	67
33.09	79
32.75	83
34.5	111
34.71	59
35.26	142
37.21	89
33.16	26
35.76	43
35.54	71
37.92	56
33.3	78
35.84	99
36.04	50
34.74	72
38	75
36.64	42
36.55	51
37.01	72
37.1	30
37.04	21
37.53	37
35.63	74
34.39	32
34.16	73
35.03	100
32.93	23
32.24	23
34.18	53
34.68	50
34.59	95
32.14	36
33.76	124
34.8	138
33.68	76
33.36	7
36.07	62
33.98	51
33.7	61
33.59	80
34.74	50
35.17	65
34.42	100
33.58	56
36.78	44
34.97	66
35.17	72
35.12	63
34.81	87
36.48	73
34.33	59
34.1	77
38.45	77
37.22	56
34.9	65
35.55	83
33.77	73
35.87	108
36.17	72
32.86	20
33.86	84
35.91	55
36.92	73
36.02	66
35.26	23
34.22	86
34.93	65
34.55	70
35.68	61
35.92	75
34	58
34.46	50
35.8	74
35.15	69
33.88	82
34.29	57
35.29	42
34.47	35
35.89	77
35.1	70
34.24	72
35.05	71
33.14	81
34.86	129
35.48	75
33.89	147
32.4	87
33.37	75
33.94	90
33.85	33
33.14	83
36.1	83
35.12	99
34.35	72
34.43	53
34.1	85
34.41	41
33.36	85
35.39	53
32.56	66
35.73	78
34.32	85
34.76	57
34.23	82
34.46	84
35.93	153
35.99	109
36.03	62
35.3	115
36.13	63
35.1	67
35.07	23
36.85	63
34.95	74
34.15	69
33.24	4
34.81	65
35.32	78
36.37	74
35.67	75
34.79	76
36.05	62
35.49	80
35.24	47
34.65	110
36.58	85
37.59	57
35.26	96
36.86	58
34.62	60
35.59	80
37.54	58
33.96	72
36.2	69
33.78	69
33.94	154
34.18	87
35.41	79
36.39	48
34.32	81
34.95	116
33.36	60
34.55	85
34.46	67
33.55	75
34.98	143
33.17	82
35.13	79
35.41	69
34.54	106
33.03	71
33.71	53
35.72	57
34.79	70
34.23	149
34.35	74
36.44	6
33.76	62
35.05	118
35.19	102
34.92	54
38.95	38
34.2	21
32.17	22
36.39	71
35.32	68
34.73	86
36.47	25
35.23	46
35	84
36.01	91
35.77	61
37.21	65
35.19	37
35.15	86
34.97	78
34.15	83
35.19	112
34.05	141
33.97	60
34.85	33
34.45	78
33.15	49
36.12	76
33.2	74
34.75	74
33.69	83
34.86	147
34.5	109
31.66	69
33.18	119
32.58	69
33.2	82
33.34	33
35.71	73
34.95	148
34.11	67
34.69	79
35.21	137
33.47	74
35.28	61
33.66	141
35.18	137
33.6	66
34.39	71
33.17	65
35.1	69
33.85	46
36.06	68
33.19	78
35.22	87
34.66	118
35.8	52
34.51	70
34.94	94
34.91	94
33.68	146
33.81	60
33.02	86
33.28	79
32.88	55
34.48	120
35.22	139
32.77	74
33.73	61
33.41	31
34.13	74
33.47	60
33.82	140
33.01	83
34.19	86
34.55	84
34.15	86
34.55	140
33.82	45
35.09	146
36.1	44
35.2	87
35.53	18
34.82	86
32.72	33
35.5	155
34.39	73
35.46	117
34.54	29
34.57	38
35.71	111
33.69	75
34.37	58
34.5	153
36.87	71
35.26	59
32.91	84
33.5	84
35.43	136
36	82
35.06	86
35.43	152
35.16	87
34.07	78
34.45	85
34.57	94
35.63	99
34.6	79
35.64	118
36.76	73
35.36	84
34.93	56
36.87	59
37.88	70
35.37	84
36.95	62
34.25	37
35.17	121
34.12	80
32.97	145
33.41	134
33.74	54
34.5	96
34.81	86
33.96	81
34.43	121
33.66	69
32.96	68
33.64	68
33.66	66
33.5	141
35.13	95
33.07	71
34.04	95
32.79	79
31.49	49
33.1	74
34.03	136
34.8	81
33.34	79
35.19	23
33.53	67
34.16	78
33.63	40
35.11	86
33.15	60
36.47	34
34.23	76
36.69	51
34.23	58
34.27	59
33.54	64
33.68	128
33.74	127
33.66	68
34.55	55
35.85	53
33.63	150
34.38	8
32.83	43
33.36	142
33.41	109
35.01	65
32.91	152
35.99	112
34.41	66
32.79	73
32.9	74
31.9	86
31.73	57
30.47	9
32.35	117
34.38	76
34.09	44
35.87	62
36.19	68
35.98	82
33.48	77
35.36	63
33.73	154
32.94	85
36.11	33
35.81	61
36.95	76
35.37	86
35.95	24
34.52	71
36.55	85
36.89	71
37.04	78
34.35	87
36.2	49
35.5	87
36.41	79
35.59	114
36.42	74
35.26	56
35.98	100
35.43	83
33.27	135
35.14	79
34.41	45
35.4	59
34.22	84
34.61	23
34.18	70
34.29	66
36.16	80
34.98	70
33.7	77
37.89	57
33.19	77
35.36	140
34.49	55
35.09	58
34.98	71
36.05	86
35.46	68
35.03	43
34.48	81
32.67	75
32.69	142
33.15	72
34.84	34
33.76	30
34.26	64
34.04	35
35.67	81
33.84	67
34.83	38
33.41	69
34.29	68
34.2	70
34.49	87
35.17	29
33.15	83
33.65	83
34.72	103
35.23	157
36.78	27
33.74	85
37.25	52
37.02	75
35.11	67
33.7	83
34.64	82
36.1	75
34.26	81
34.58	46
34.34	61
33.48	120
32.73	81
33.74	69
34.72	80
33.76	96
34.82	77
33.83	78
32.09	139
32.66	86
35.09	48
35.02	105
34.66	70
33.87	37
38.07	40
36.82	79
37.38	123
36.75	78
35.28	117
33.55	70
32.9	77
32.55	85
35.2	74
34.3	86
33.9	77
35.26	55
35.44	153
33.24	78
33.64	78
35.43	85
34.95	75
34.2	74
34.15	67
36.85	30
34.62	84
36.41	34
35.89	127
35.97	78
35.99	103
35.78	59
33.89	73
33.87	71
35.02	85
35.95	87
34.43	70
35.11	23
34.09	58
35.25	121
34.82	80
34.17	73
33.25	76
34.4	78
32.63	144
32.44	84
32.4	78
32.22	51
32.55	86
34.12	74
33.87	24
35.08	72
34.33	86
35.76	44
36.68	65
34.94	65
34.54	78
34.04	86
34.41	74
33.45	78
34.65	73
33.72	83
35.59	71
34.24	66
33.61	143
34.1	25
34.9	143
33.1	32
34.47	56
34.44	145
33.8	59
35.74	18
36.15	96
33.76	35
39.82	29
37.59	71
36.86	74
35.54	76
35.58	15
35.34	98
35.73	72
36.36	59
36.38	58
36.67	53
35.72	72
34.77	10
34.79	84
36.41	68
35.38	85
33.19	37
35.44	73
35.89	61
34.42	37
37.23	38
34.53	78
36.2	69
35.84	52
34.52	86
34.24	91
36.81	83
34.16	61
35.88	137
35.26	76
35.13	87
34.8	84
37.67	44
34.82	74
35.41	144
36.74	29
36.77	65
35.78	72
34.84	142
37.52	78
35.1	36
34.77	68
36.4	82
36.65	74
32.77	86
39.27	48
34.47	81
34.6	9
35.07	55
35.67	115
35.13	74
35.25	77
33.96	37
36.06	132
36.84	75
33.69	85
33.56	80
34.51	85
36.37	80
35.06	61
36.24	74
35.16	87
36.93	94
34.57	85
36.31	76
35.37	61
36.89	54
36.34	111
36.81	87
36.7	87
35.67	131
33.84	10
33.87	81
36.14	71
34.87	145
35.77	50
35.91	46
35.5	66
34.38	71
36.3	54
34.3	33
36.97	34
35.33	77
36.77	70
34	28
34.72	37
37.44	50
35.85	70
34.63	46
34.6	50
35.26	149
34.18	86
35.66	122
34.03	68
33.9	70
32.65	85
33.51	85
34.61	25
34.12	106
33.9	56
33.27	84
32.41	31
34.42	63
34.77	151
34.48	84
34.08	82
32.78	87
33.73	76
35.83	70
33.73	80
35.46	33
34.08	75
33.78	32
33.91	72
33.81	66
34.76	111
34.04	78
34.48	76
35.58	71
34.14	81
34.56	96
34.62	151
33.37	63
34.88	78
34.89	85
32.8	31
34.89	45
35.07	99
36.82	142
36.1	77
37.29	37
34.08	76
36.24	50
35.56	31
36.71	61
33.93	37
36.83	49
34.23	86
36.69	75
36.31	86
36.28	127
35.18	82
33.07	85
36.39	66
36.58	73
35.38	77
33.26	34
35.22	78
36.61	80
35.6	80
37.37	46
38.91	66
35.67	87
35.67	85
36.39	70
37.19	101
35.09	39
36.02	62
34.37	89
32.71	55
34.61	11
33.37	82
33.55	80
34	75
32.82	81
32.35	84
34.96	77
34.12	75
36	147
36.28	31
35.81	87
35.46	129
35.09	87
37.47	45
38	66
35.53	123
35.03	21
33.39	37
37.48	57
37.48	58
33.85	27
34.96	85
35.71	87
35.68	155
36.23	36
34.03	80
33.93	36
36.87	69
36.1	78
36.08	67
36.06	63
36.4	47
34.05	79
35.94	70
33.58	34
37.21	95
36.43	63
36.25	60
33.12	81
31.51	31
33.65	75
33.57	83
33.7	64
35.65	27
34.84	78
35.57	80
34.11	80
34.54	56
34.76	155
34.66	76
37.57	51
35.4	139
34.41	72
35.26	72
33.38	37
35.63	110
35.71	80
35.73	49
36.92	73
34.46	83
35.77	109
35.27	96
37.27	47
36.72	43
35.22	61
36.1	82
35.68	85
36.31	78
38.15	69
34.06	76
36.26	50
36.3	70
34.68	109
36.78	70
35.17	86
37.74	70
34.72	133
34.18	44
36.29	59
34.68	75
33.22	87
34.92	142
37.33	74
37.58	85
33.95	84
37.04	117
34.9	71
36.31	75
35.64	60
34.7	134
34.46	81
34.05	35
33.86	46
33.01	68
34.17	44
35.83	67
34.67	86
34.27	51
35.92	133
36.62	70
34.39	81
33.84	37
34.85	79
34.4	73
35.02	83
37.56	71
34.16	78
34.52	75
33.23	59
34.24	113
33.76	67
33.58	90
33.71	86
34.57	35
33.77	74
32.76	73
35.63	152
33.84	29
34.04	108
33.58	56
34.71	80
35.45	35
33.06	31
34.09	79
34.06	79
32.26	75
33.9	85
35.19	51
36.38	86
34.83	55
34.75	86
36.04	55
34.59	77
34.27	53
36.81	47
35.63	73
34.52	60
35.89	85
34.84	94
36.11	61
36.45	62
34.53	84
33.82	35
35.67	124
37.54	52
36.3	83
37.19	54
33.22	82
34.28	77
35.03	74
34.22	87
50.54	5
36.66	32
34	66
34.75	74
34.12	84
34.74	37
34.68	69
34.24	66
33.48	67
35.81	73
34.54	32
34.16	72
36.1	37
35.7	50
32.92	59
34.35	103
33.58	87
36.41	63
36.51	68
33.87	37
34.51	70
35.32	25
35.67	59
34.97	62
36.22	37
34.92	43
36.33	70
34.15	83
33.31	77
33.86	76
34.3	44
33.06	85
35.75	61
35.72	62
34.02	87
33.84	85
33.5	104
34.98	65
32.87	84
34.63	68
34.97	55
33.38	84
35.42	100
34.94	77
34.28	34
34.23	62
33.07	73
34.15	73
34.9	78
35.32	133
34	60
34.13	59
35.78	61
34.29	84
35.46	31
53.92	3
35.11	74
33.54	86
34.91	51
33.12	57
36.17	26
35.44	44
33.92	85
35.63	57
33.46	72
33.94	83
33.65	81
34.82	55
36.74	74
35.53	84
34.61	81
36.76	48
34.47	40
36.71	113
35.33	65
34.98	48
34.77	140
34.52	87
34.43	71
35.79	83
34.9	68
34.21	121
32.7	86
34.51	5
34.54	74
34.62	50
34.79	80
33.52	17
33.27	59
33.71	42
34.97	95
33.27	68
34.05	71
33.94	87
33.13	80
33.67	78
33.6	15
36.35	98
35.91	36
34.88	83
33.61	108
35.38	54
33.57	83
35.29	81
34.84	53
35.02	47
34.73	85
36.24	139
31.37	10
33.22	85
31.56	48
34.6	49
33.71	31
35.4	68
33.78	97
33.85	58
33.87	99
35.05	84
34.89	37
52.75	5
37.23	78
35.34	104
32.84	83
34.1	78
36.89	134
36.12	85
33.78	85
37.43	65
35.34	76
34.25	81
36.01	66
35.41	70
36.82	58
34.35	85
55.87	3
35.69	56
39.05	15
34.61	51
32.37	87
35.71	76
34.72	75
35.52	63
33.05	72
33.89	71
34.8	118
33.31	78
33.16	76
34.09	68
37.75	81
34.67	79
34.07	150
37.54	52
35.27	90
35	8
34.09	60
36.46	36
34.95	141
33.41	48
34.8	85
34.13	133
35.09	69
34.55	53
32.59	65
34.77	80
34.35	84
33.09	78
33.25	47
51.22	6
36.89	64
34.81	39
37.51	64
35	96
35.25	73
35.28	69
35.64	99
35.74	74
34.76	156
33.15	60
34.3	56
35.96	101
33.96	117
34.4	33
35.01	51
34.62	74
34.52	76
34.9	80
34.07	56
36.96	68
35.12	66
35.88	75
34.7	81
37.18	73
34.91	67
34.97	86
35.89	22
38.11	34
33.64	79
33.43	90
32.19	84
32.92	38
34.86	146
34.99	95
34.98	63
32.17	20
33.47	31
34.44	147
32.67	24
33.73	73
32.83	75
32.78	69
34.04	35
34.7	65
35.42	82
34.28	58
33.64	41
34.47	34
35.25	97
34.67	71
36.13	121
34.91	141
33.9	87
35.55	76
35.91	111
33.76	72
34.95	63
35.3	55
35.36	86
35.3	24
35.79	71
34.88	84
35.84	81
35.35	153
35.14	80
33.72	72
35.11	81
35.02	135
35.76	120
34.19	124
35.09	70
33.22	107
35.33	53
33.67	154
34.78	70
35.27	89
32.3	46
33.31	65
34.92	82
36.69	57
36.52	40
35.06	54
34.83	80
34.88	60
36.58	67
35.8	58
36.18	74
34.44	73
36.03	43
35.14	68
34.3	86
35.07	78
35.42	76
35.27	82
35.46	25
35.93	55
35.9	84
35.43	83
38.25	55
35.78	64
33.16	82
32.91	12
34.74	123
35.18	22
36.27	62
33.63	30
34.64	144
33.61	44
33.14	136
34.99	27
34.45	42
33.59	22
32.43	18
33.15	65
33.34	82
34.82	66
35.48	111
34.09	80
36.38	50
34.64	80
34.58	49
32.93	79
35.04	83
34.08	83
32.22	79
35.68	50
33.05	72
34.4	132
34.55	71
34.62	80
34.69	105
34.21	75
34.92	67
33.8	71
33.89	76
46.53	0
34.47	87
34.69	22
35.56	63
34.06	30
35.2	127
34.28	70
31.56	87
37.07	62
32.93	58
35.97	65
34.77	86
34.88	50
34.34	51
36.03	54
34.45	70
35.01	99
35.85	79
35.73	96
35.18	106
37.13	77
35.54	56
32.69	81
35.47	37
33.69	83
33.65	28
36.29	65
34.49	63
37.42	67
36	109
36.59	41
36.73	47
36.57	129
36.15	67
34.53	55
34.96	40
35.32	89
34.58	77
35.78	74
34.56	59
34.2	138
34.48	87
32.8	70
35.57	120
34.38	84
34.61	82
35.44	140
32.96	54
35.45	59
34.32	64
34.33	80
35.37	62
34.7	20
34.86	60
34.27	128
33.62	57
32.94	87
34.06	91
34.71	126
32.82	83
33.76	64
33.63	50
33.6	111
33.69	42
35.4	65
35.41	76
34.59	83
34.59	83
34.59	83
34.59	83
33.26	81
36.71	64
36.34	60
34.31	37
32.79	65
33.51	136
33.09	77
32.61	55
33.16	75
35.97	55
33.42	139
32.56	83
34.42	157
34.85	76
35.67	51
34.59	52
35.67	51
33.37	62
34.66	73
35.67	51
33.93	68
32.78	17
35.21	25
34.02	66
36.29	114
36.26	63
37.39	57
35.04	57
34.58	84
36.22	105
36.25	84
34.69	76
34.5	84
34.76	153
34.69	81
35.94	85
35.75	79
35.95	41
35.03	85
35.79	52
36.36	60
36.7	42
35.04	13
34.31	83
36.13	141
33.18	53
34.75	111
35.87	58
35.13	103
34.96	67
35.6	100
35.05	21
33.67	16
34.38	78
32.6	114
34.58	71
34.06	128
31.62	68
34.48	74
32.41	84
33.98	64
32.28	67
33.51	65
34.46	144
33.87	39
34.32	81
33.78	74
33.78	74
33.02	45
34.07	97
33.44	117
39.18	20
33.62	69
34.38	137
32.45	140
36.15	56
32.68	53
34.05	76
34.48	57
33.59	53
34.21	76
33.25	75
31.85	35
33.25	63
34.59	84
35.95	25
37.38	56
35.5	84
36.07	85
35.72	49
33.51	86
32.39	7
35.56	156
36.07	91
34.61	112
35.17	75
34.47	52
32.33	12
35.48	59
34.71	42
33.91	139
34.24	72
37.03	80
34.04	34
33.41	40
33.77	72
34.89	44
34.27	123
36.27	48
32.03	86
35.56	70
34.83	83
35.35	81
33.9	48
33.25	84
33.98	78
33	76
34.14	79
32.72	86
35.06	79
36.45	68
34.87	63
33.71	45
34.21	60
35.52	49
33.23	9
34.95	54
35.1	87
35.21	69
36.34	38
35.73	86
35.1	77
36.5	147
34.66	87
34.77	66
33.9	30
35.55	73
34.98	133
34.21	83
35.37	65
35.89	82
35.08	39
34.52	78
35.28	148
34.82	65
35.36	15
36.84	140
34.76	64
35.29	129
34.61	87
35.44	26
37.5	55
35.01	52
34.81	59
35.3	66
35.19	23
33.78	56
35.09	80
32.91	70
33.08	36
35.02	76
34.32	95
33.2	78
31.7	27
100	0
34.48	75
36.86	75
34.61	69
37.56	46
35.85	71
35.28	70
38.37	78
36.38	73
36.58	106
34.04	91
35.06	36
33.79	55
33.98	85
34.53	91
34.56	42
35.65	116
34.61	80
33.92	73
33.42	96
35.58	117
36.17	60
34.82	73
34.8	21
35.87	67
35.09	54
36.58	64
35.6	100
34.64	30
36.72	55
35.82	153
34.29	135
36.48	68
36.85	74
34.85	72
34.47	155
34.88	78
36.83	68
35.38	79
36.83	76
34.39	122
34.39	111
32.57	86
33.22	56
33.8	73
33.35	135
35.62	56
32.84	139
34.15	54
34.51	83
31.71	17
35.39	63
33.17	118
33.07	48
33.09	33
33.09	74
32.79	70
34.41	62
34.29	94
34.26	81
33.74	78
31.26	33
34.95	46
34.22	105
35.59	60
32.83	146
34.45	137
36.53	68
34.99	73
32.67	142
33.61	87
36.05	43
34.94	84
34.46	125
34.42	74
35.9	33
35.75	71
34.53	68
33.97	71
36.34	66
34.92	63
34.05	91
34.04	84
35.25	42
35.43	74
35.43	86
34.6	86
35.34	66
33.37	86
34.06	80
33.21	69
34.21	48
32.59	81
33.67	145
35.55	71
33.28	24
33.19	86
33.64	68
34.08	76
34.05	82
35.73	71
36.25	108
34.08	34
35.14	114
34.75	67
31.82	85
36.75	60
33.91	155
34.11	68
33.7	77
33.89	11
33.41	109
33.77	73
36.3	44
34.77	75
35.1	41
34.29	47
32.55	87
33.88	86
34.62	56
35.61	106
35.62	85
36.63	73
34.75	155
37.3	49
35.32	66
35.46	115
35.7	134
35.6	69
35.31	11
34.58	82
35.03	111
34.84	94
34.78	86
32.95	75
34.81	69
35.41	74
35.07	124
35.79	55
35.01	139
33.55	86
35.26	70
35.07	80
34.93	154
35.28	61
33.82	80
35.68	37
34.94	80
34.05	79
34.61	127
34.2	80
33.87	77
35.39	61
32.92	86
36.07	108
33.71	84
34.84	87
33.49	82
33.98	25
35.21	75
32.91	86
33.77	66
33.9	43
35.18	43
32.91	77
35.19	73
34.47	72
34.6	105
33.86	146
34.28	67
33.46	21
33.25	12
33.97	73
33.13	85
34.37	57
35.09	71
33.69	78
33.76	150
34.73	100
34.61	62
33.35	77
34.6	53
34.77	33
34.28	73
33.06	61
34.66	55
33.73	65
33.7	104
34.35	36
34.35	72
32.91	86
35.18	43
32.91	77
34.35	117
34.49	105
32.39	16
33.86	146
35.14	60
31.94	34
34.18	67
33.94	87
37.83	62
36.3	42
33.95	6
33.98	87
34.82	88
32.9	86
34.74	64
36.18	65
34.9	108
33.13	69
35.08	24
34.62	67
34.82	56
34.75	153
35.49	42
34.49	59
33.3	71
34.98	80
35.51	54
36.7	67
35.23	86
35.83	10
36.72	40
35.87	126
35.48	124
36.51	69
33.62	37
37.28	67
34.79	84
34.89	87
35.21	153
35.68	81
34.01	73
36.77	54
33.03	36
38.25	59
34.69	79
38.84	65
34.77	85
33.97	138
33.18	85
34.35	73
34.8	85
34.57	126
35.27	91
35.5	63
34.8	71
33.35	44
33.53	133
34.42	85
35.67	84
32.39	0
33.39	84
36.26	98
34.12	66
32.2	117
35.71	97
32.84	75
35.02	87
34.42	121
34.78	80
33.79	67
35.42	77
40.71	8
35.98	59
35.37	58
35.02	31
35.98	69
36.32	34
35.3	127
33.2	72
36.73	100
33.67	77
34.72	140
34.15	76
36.06	58
34.51	61
33.98	65
35.03	49
34.94	55
34.09	71
34.41	92
33.57	157
35.23	45
33.71	57
34.67	48
35.22	65
33.69	67
32.94	87
34.59	135
34.63	58
34.31	77
35.28	63
36.66	45
36.68	83
35.39	115
32.95	84
35.61	73
34.06	36
36.44	72
34.48	57
34.93	76
36.71	82
35.07	69
37.04	53
34.05	87
37.14	35
33.79	35
35.38	79
34.56	40
35.44	59
35.69	61
35.54	81
34.38	69
33.45	55
35.89	122
34.77	82
36.31	62
34.39	79
35.27	35
35.87	49
34.7	65
42.54	25
35.81	80
34.97	78
34.74	72
35.7	70
37.76	57
35.17	84
35.97	10
34.89	86
36.48	34
32.93	37
32.71	0
36.43	67
35.07	44
35.79	76
36.11	57
35	82
36.31	70
34.56	39
35.19	120
35.12	94
35.27	81
36.16	141
35.94	63
34.93	53
34.17	77
35.79	65
35.16	71
35.12	87
36.62	19
35.16	71
34.87	80
35.08	63
35.48	61
35.87	78
37.37	65
33.22	72
34.39	102
34.4	42
34.32	41
35.68	42
34.02	80
32.92	77
34.54	78
35.62	114
34.87	109
34.44	77
35.14	77
35.24	101
33.7	86
35.35	59
33.85	66
35.72	58
33.05	3
35.77	72
36.93	81
37.21	76
33.53	68
32.43	87
37.55	40
32.74	78
34.7	112
33.29	83
35.78	71
34.24	84
33.36	66
32.61	85
35.97	78
36.34	44
35.18	90
35.22	71
35.92	76
37.34	130
37.85	63
37.4	48
35.12	64
35.24	104
35.45	68
33.88	84
34.82	33
34.31	83
34.54	85
35.19	46
34.2	71
34.96	31
35.32	58
33.12	56
35.21	68
34.75	71
36.5	84
36.63	89
34.59	70
34.81	48
35.55	43
35.63	83
37.24	74
35.64	114
34.94	63
35.84	69
35.84	62
34.54	71
35.48	67
36.01	72
35.3	116
32.99	83
34.14	39
33.7	71
36.26	91
35.7	52
36.34	51
35.2	149
35.63	60
36.14	67
32.96	37
35.89	42
34.43	76
36.73	57
34.52	72
34.48	40
32.76	11
34.17	50
34.71	19
33.72	9
35.82	52
34.73	81
35.79	99
34.55	70
33.48	82
34.41	114
34.69	24
34.26	40
33.78	70
32.91	49
33.83	75
34.46	72
35.25	54
33.85	37
35.01	82
34.95	47
34.68	85
34.02	85
36.41	41
34.87	110
34.46	76
33.38	78
34.5	75
35.87	34
34.39	75
35.13	78
35.46	104
35.54	60
33.29	87
35.42	84
34.08	69
35.06	64
35.7	141
34.15	39
34.43	34
33.82	148
34.51	63
33	86
35.9	62
33.91	68
34.07	101
32.51	86
35.59	71
31.94	25
35.19	56
34.31	76
35.06	49
36.29	83
35.5	73
35.53	50
36.27	76
33.38	78
34.81	36
33.72	85
35.06	117
34.77	84
38.22	78
36.37	157
35.38	129
36.51	127
36.51	74
34.44	33
35.12	74
35.88	86
34.52	87
35.25	51
34.69	80
34.21	68
34.8	118
34.22	48
33.93	69
34.81	78
36.41	53
36.74	74
33.94	68
34.49	46
32.87	97
34.64	69
33.02	97
32.98	79
34.07	132
33.63	133
34.84	90
32.74	98
34.49	46
33.98	68
34.82	90
34.36	74
33.02	97
34.15	86
33.72	110
32.96	79
32.64	31
35.21	85
36.3	39
33.91	84
33.94	56
35.21	77
35.58	72
35.58	82
35.62	75
38.06	58
33.57	87
34.81	37
33.56	75
34.83	66
34.72	47
37.02	64
32.64	154
33.37	78
32.8	82
34.52	85
36.21	48
34.32	53
34.53	57
36.89	55
34.11	52
34.63	98
33.39	86
31.3	14
34.57	58
34.82	142
33.53	79
35.14	96
33.55	31
33.93	83
33.2	82
34.28	54
34.06	80
35.41	119
33.74	78
33.66	13
34.46	68
34.63	76
35.08	67
33.95	50
36.06	73
35.46	103
34.62	68
35.19	81
33.63	72
34.33	92
33.34	84
34.03	70
35.19	15
32.66	73
33.88	54
33.92	80
36.22	78
33.61	87
34.28	113
35.17	68
33.8	154
34.18	89
36.71	47
32.47	73
32.96	85
33.22	85
33.63	124
32.46	75
33.35	60
35.59	64
36.94	65
35.54	75
33.57	81
32.47	5
33.5	69
33.27	67
34.85	64
33.3	83
32.43	87
33.86	152
32.77	80
35.56	74
34.55	70
34.39	59
34.63	84
35.55	127
33.01	84
32.57	45
33.47	85
32.15	29
34.04	39
34.12	54
38.94	59
33.69	74
36.46	46
35.14	144
35.2	65
35.14	56
34.63	8
35.9	66
32.98	75
35.28	97
34.25	82
35.23	78
33.63	85
33.95	77
34.07	75
35.47	71
34.04	81
34.97	61
32.76	84
34.39	100
33.88	47
33.85	99
34.27	76
38.39	32
35.24	45
35.54	76
33.42	21
32.26	50
36.3	107
33.41	131
34.29	96
34.16	67
33.27	75
33.97	156
34.62	83
32.9	87
33.49	78
33.9	157
35.57	117
36.21	64
32.6	146
32.67	142
33.26	77
33.2	60
33.52	82
37.45	75
33.15	62
33.48	77
35.92	60
34.67	60
33.72	151
35.57	86
33.33	83
36.11	63
33.42	86
33.15	79
32.62	87
33.99	39
32.23	24
36.48	73
34.85	57
34.86	75
36.06	107
34.88	81
33.87	37
35.47	65
35.29	69
35.06	147
37.37	63
34.35	82
32.26	6
35.96	60
34.53	100
35.75	79
35.37	64
32.24	80
32.62	17
32.47	87
35.8	56
35.25	59
36.5	75
35.06	87
34.51	153
35.56	77
33.56	37
37.79	69
35.4	73
33.16	85
35.62	140
35.55	95
33.35	68
34.54	86
33.63	55
34.14	70
35.18	73
35.15	82
33.39	74
32.73	80
34.7	53
34.67	78
34.15	82
32.63	76
33.36	79
34.69	71
35.01	22
34.09	118
34.18	78
34.08	80
32.91	71
35.34	73
34.01	33
35.57	82
36.07	48
35.34	83
37.04	58
35.45	135
35.1	60
34.18	5
36.48	78
34.57	61
34.4	157
33.31	54
34.27	93
32.72	53
33.6	87
33.41	86
33.93	147
33.69	138
35.06	58
33.8	73
33.64	76
35.25	54
34.82	74
32.9	56
33.47	74
33.77	84
32.61	52
32.49	85
34.19	113
33.24	55
37.41	53
35.4	72
35.1	70
34.73	70
33.87	37
33.66	86
37.69	62
34.91	14
35.6	56
35.59	125
34.87	99
35.62	79
32.95	56
34.01	67
33.96	33
33.62	68
34.39	85
34.77	44
34.15	87
34.16	57
34.65	87
33.78	80
34.19	108
35.83	79
36.89	140
34.09	45
33	48
34.64	36
35.05	59
35.19	44
35.2	51
35.38	63
34.41	49
35.03	46
34.77	77
34.29	20
35.56	81
34.89	69
33.95	63
35.22	60
35.29	49
33.57	72
34.17	71
35.5	53
35.27	75
36.14	87
33.86	85
33.35	71
32.82	80
33.27	79
33.7	82
35.25	70
33.1	82
34.19	81
35.08	49
34.56	47
34	129
35.35	65
33.74	154
32.91	74
33.44	126
34.46	118
33.83	112
33.22	64
31.14	24
35.1	51
35.25	48
33.52	23
34.91	77
35.55	59
36.12	58
34.02	30
33.28	31
32.48	85
35.29	56
32.89	96
31.78	85
33.91	131
32.7	42
33.78	64
34.88	76
33.97	72
35.61	86
35.58	36
34.29	87
34.23	37
37.06	125
34.47	69
36.86	76
35.22	68
33.88	128
32.86	82
33.28	68
33.94	78
31.87	39
33.23	81
33.08	71
33.3	67
34.26	79
32.55	22
33.58	84
33.07	52
35.55	39
34.84	72
33.68	84
33.36	87
34.71	72
35.78	63
35.98	33
35.78	63
36.43	44
37.45	55
37.38	83
33.09	83
36.68	68
38.96	49
35.12	13
35.29	129
35.14	101
36.71	70
33.98	79
35.36	54
34.35	72
34.18	87
33.81	60
35.8	76
35.8	58
31.86	3
35.54	48
34.44	87
34.28	80
36.45	105
34.09	18
35.13	70
33.73	7
34.62	85
34.32	57
34.2	72
33.95	21
34.35	50
36.8	63
34.13	84
35.79	113
37.51	60
36.98	74
36.42	73
35.45	121
35.43	67
35.07	86
34.44	83
33.28	70
35.57	56
33.74	138
34.36	133
34.22	87
34.6	120
34.56	71
35.65	95
36.55	6
35.55	56
33.37	35
34.44	76
33.61	143
33.17	78
34.1	119
34.57	42
33.93	46
32.75	3
33.68	33
34.25	121
34.16	15
34.86	73
34.12	127
35.84	72
36.16	40
34.65	30
35.47	68
34.21	95
34.31	74
35.6	67
34.51	82
33.75	69
33.82	40
34.83	45
32.9	74
32.92	50
33.96	85
34.89	76
32.69	81
35.3	48
34.07	79
35.03	76
35.84	81
35.16	47
34.42	6
35.97	80
35.87	69
36.11	87
34.08	83
35.63	52
34.65	84
34.86	36
34.74	75
35.64	77
35.59	69
34.5	82
35.66	28
34.16	57
33.89	45
36.22	93
37.79	74
36.89	48
33.52	57
35.13	83
34.04	135
34.51	76
35.21	57
36.23	56
35.64	52
34.15	63
35.32	58
34.76	82
33.97	74
34.2	80
34.59	75
34.59	36
34.76	49
32.81	29
35.64	69
32.48	81
33.78	86
34.95	86
37.46	55
35.67	23
35.47	87
34.95	87
34.05	82
34.01	47
35.35	50
36.66	61
32.95	79
33.64	48
35.9	77
33.5	136
33.68	145
34.32	107
34.25	116
34.66	71
33.95	24
35.12	44
35.95	63
36.58	19
36.95	51
35.51	110
35.23	81
35.27	75
35.65	74
35.88	95
34.67	65
35.73	62
36.1	48
32.24	87
34.53	68
34.87	110
35.54	53
35.43	77
34.96	55
33.57	73
33.57	87
33.88	78
33.89	81
34.42	72
33.08	51
33.89	37
34.93	156
33.87	36
35.19	109
33.81	70
35.23	44
35.96	69
36.83	51
35.19	154
35.23	43
32.57	71
32.88	86
35.13	33
35	54
36.01	82
33.44	69
36.19	53
34.54	53
35.37	113
34.83	49
33.86	85
34.9	73
35.72	85
34.15	67
35.73	41
34.62	50
34.81	53
33.04	81
35.06	91
33.74	80
34.73	58
34.87	46
36.47	30
34.99	115
34.59	11
35.77	62
37.24	44
35.46	147
33.26	78
33.29	30
35.06	118
34.27	71
35.5	85
33.11	84
34.11	65
34.73	110
33.39	144
36.26	79
34.36	35
36.74	85
35.96	82
35.57	84
35.24	63
37.34	54
35.43	108
34.94	121
37.39	67
33.72	62
33.69	74
35.26	37
36.68	70
36.78	54
37	101
34.29	77
35.17	85
35.66	72
35.8	69
35.57	116
34.58	154
34.76	90
36.18	107
34.27	9
32.67	64
35.75	54
33.64	71
34.19	88
36.04	59
35.21	78
34.96	64
34.79	94
35.18	68
35.49	97
33.43	79
32.84	155
34.3	135
33.66	86
34.97	137
35.54	30
33.64	37
34.23	51
33.29	81
33.76	77
34.57	51
33.88	87
33.6	126
34.76	75
34.53	64
32.99	37
35.3	63
32.26	43
35.9	61
35.82	81
34.92	37
33.07	53
33.98	118
35	65
31.64	10
34.99	70
34.07	61
33.87	77
34.63	140
32.75	65
33.77	29
33.61	107
34.67	153
34.36	53
34.35	80
36.34	75
33.99	37
34.1	107
32.94	65
35.47	69
34.14	157
36.13	83
32.86	80
34.42	71
35.74	47
35.67	69
36.02	27
38.59	9
46.6	3
33.61	28
34.48	85
32.96	77
36.07	76
32.96	77
32.96	77
33.23	85
32.55	85
32.96	76
34.7	72
33.32	58
35.03	71
33.11	65
34.07	84
34.62	77
35.13	47
34.37	42
35.69	59
33.49	74
35.13	36
33.05	44
33.62	84
36.62	115
32.73	84
34.26	54
34.35	77
33.76	62
34.32	75
33.79	74
36.3	71
35.47	75
34.42	66
34.36	114
35.29	46
33.9	85
34.69	70
34.89	72
34.69	76
33.6	64
35.2	69
35.75	144
32.23	86
32.83	79
34.11	74
35	130
34.86	58
53.5	10
36.68	49
34.55	77
36.35	48
35.88	67
35.67	61
39.32	36
33.91	75
35.56	84
35.42	146
35.23	55
35.57	24
35.8	66
35.42	73
33.93	69
35.28	75
36.29	81
36.64	79
34.93	78
37.02	37
33.16	48
35.58	71
32.92	11
34.91	81
33.88	72
33.61	52
34.59	80
33.44	79
34.05	74
32.86	83
35.41	154
36.63	83
35.91	97
35.84	104
34.71	70
35.82	55
33.57	37
34.57	58
35.36	59
34.91	86
35.32	143
34.89	90
34.37	56
33.4	61
34.57	79
34.5	138
35.96	111
33.33	69
33.68	52
34.45	77
33.77	62
32.94	81
33.03	101
33.45	85
34.67	71
34.61	154
33.8	67
35.66	64
34.26	70
34.27	84
33.24	67
33.86	74
34.2	108
33.29	78
33.32	64
35.52	37
32.53	84
35.03	34
34.22	118
33.25	61
35.66	69
34.57	77
34.14	73
35.46	135
36.83	55
35.19	50
35.21	119
33.84	85
34.39	22
35.04	72
34.53	84
34.35	53
35.39	38
33.81	78
33.81	78
35.17	100
34.1	73
34.72	60
35.39	134
35.23	27
35.23	69
34.04	111
35.62	69
34.74	46
33.26	66
34.79	62
35.57	71
35.52	59
32.73	3
34.25	114
34.3	51
33.58	82
32.67	69
35.83	32
33.46	142
33.74	82
33.87	68
33.3	60
38.18	83
35.37	86
34.28	65
34.04	87
33.61	78
33.01	115
34.85	116
35.17	71
34.49	87
31.73	22
34.17	77
34.28	78
34.84	38
33.67	38
36.56	44
33.35	83
32.72	84
34.82	90
33.07	56
34.65	110
35.52	48
34.61	36
33.36	71
33.37	73
34.22	66
33.56	74
35.23	50
32.83	26
33.1	84
33.48	77
33.76	63
32.64	21
36.02	76
34.39	96
35.85	59
33.89	81
34.14	85
35.06	67
35.13	64
33.1	85
34.64	49
34.15	81
34.58	56
35.47	33
35.46	42
33.19	87
34.8	100
35.77	51
34.76	115
34.15	84
33.72	67
33.57	73
35.01	73
35.73	40
34.87	112
32.87	86
34.24	63
34.7	65
33.96	45
36.69	68
35.09	102
35.84	73
33.11	70
34.47	71
34.49	80
35.17	152
34.29	86
34.29	77
33.36	148
32.62	81
35.04	20
34.17	45
33.02	131
34.34	70
33.69	45
36.53	60
34.11	106
34.69	60
33.32	79
33.08	76
35.5	72
32.81	75
33.9	66
33.45	81
32.77	84
33.77	85
33.01	151
34.65	79
33.61	69
34.06	59
34.73	120
34.34	53
34.33	152
33.3	147
33.48	71
35.38	149
32.32	71
34.07	62
33.11	84
34.16	45
32.8	82
33.34	60
37.03	38
35.9	82
36.18	119
34.8	66
35.23	84
36.07	78
34.96	62
35.98	52
37.19	53
36.69	67
35.3	77
36.43	86
34.61	70
33.87	37
38.67	69
35	43
35.62	76
35.93	71
34.47	68
36.46	79
33.65	61
34.23	76
35.36	36
34.08	78
32.79	85
33.23	83
34.66	56
33.47	85
33.12	74
33.73	80
34.28	75
34.73	59
34.3	78
33.98	56
33.27	64
32.32	75
34.66	86
33.4	128
32.77	68
34.15	47
34.47	80
37.33	114
35.62	79
34.2	5
31.77	17
36.73	45
34.83	51
36	98
35.8	66
35.49	80
35.53	49
33.76	75
34.41	61
33.2	77
35.58	80
35.27	67
35.58	52
35.19	91
35.87	75
32.42	138
33.12	35
34.17	64
33.7	79
35.02	54
33.47	62
34.05	111
32.37	86
34.6	101
32.97	145
33.01	20
35.46	47
35.45	50
34.13	136
34.01	44
34.02	85
35.87	76
33.65	79
35.4	12
34.74	78
38.59	52
34.52	60
33.54	36
34.2	86
34.53	43
34.83	142
36.38	81
34.06	155
35.85	104
35.3	41
34.28	155
34.74	44
35.06	57
34	149
34.63	37
33.53	82
34.03	49
33.94	82
32.94	74
35.44	61
34.77	156
35.58	60
34.11	63
40.45	33
35.75	121
37.16	56
38.32	3
35.62	78
35.75	86
36.18	39
35.5	9
33.75	36
33.94	76
34.75	28
35.43	61
34.08	44
32.99	14
32.73	52
33.37	62
33.58	80
32.87	80
35.12	107
33.66	33
35.98	7
34.94	99
34.96	71
34.03	79
33.46	81
33.91	81
33.29	26
35.19	78
32.8	94
36.45	25
35.59	61
33.32	83
35.14	87
34.58	46
34.81	41
33.15	29
34.1	85
34.27	86
34.27	32
36	64
35.67	75
34.06	62
33.32	144
33.75	73
33.55	96
34.51	67
34.98	95
32.86	51
31.97	93
32.76	66
32.87	74
33.46	88
32.81	91
33.36	87
34.21	98
33.81	64
33.94	84
31.57	97
32.48	72
33.44	89
32.83	93
35.63	93
34.22	76
33.9	89
33.95	96
34.19	87
32.15	96
34.27	62
32.37	91
35.74	59
32.28	10
32.16	76
33.4	84
34.37	103
33.31	79
35.55	82
33.46	91
31.97	88
38.53	23
33.34	80
35.9	74
32.46	97
32.35	97
32.78	94
33.37	87
35.75	68
33.3	82
35.47	74
31.96	65
33.8	90
33.67	86
34.9	155
35.23	129
35.1	92
33.09	95
34.11	81
34.3	93
33.67	86
32.76	97
31.65	89
33.45	84
32.27	96
33.53	98
32.76	97
34.23	124
33.68	80
33.2	93
33.83	53
34.15	67
31.97	92
34.7	92
35.62	85
34.77	72
32.09	97
33.61	87
34.07	88
34.34	86
32.53	85
33.03	86
34.85	93
34.39	90
34.7	152
34.77	89
33.03	89
32.04	96
32.38	89
34.09	91
32.54	95
31.21	90
33.53	130
33.19	96
37.98	89
33.27	95
34.3	85
32.84	86
40.48	41
34.52	94
36.16	92
34.25	52
33.28	90
39.01	20
34.68	68
33.96	76
35.22	93
38.84	42
39.24	44
39.59	31
34.42	137
37.8	39
33.38	65
35.94	40
34.12	63
39.4	34
34.32	93
35.89	88
34.07	89
35.83	93
38.97	31
33.28	95
36.35	70
35.08	73
40.6	49
35.26	85
40.15	32
34.08	89
34.81	67
36.26	34
31.6	98
36.15	44
34.42	94
38.09	45
36.92	46
38.94	41
38.01	39
32.52	86
34.9	186
32.93	90
39.01	27
33.02	80
34.97	89
35.05	85
32.34	22
34.03	87
32.64	86
30.76	92
34.84	64
32.62	96
35.06	58
33.76	58
33.98	73
33.98	60
34.14	90
34.69	94
34.47	137
33.39	95
33.65	69
36.13	83
33.71	42
33.72	188
33.46	84
32.38	96
35.03	63
34.37	98
33.49	95
34.05	84
35.92	124
34.51	78
34.08	16
34.66	72
35.23	61
35.22	77
33.74	66
33.18	77
34.89	105
33.12	97
33.29	193
35.7	120
36.11	65
34.21	75
34.64	105
32.88	75
34.55	56
33.12	91
33.73	148
32.99	32
32.49	98
34.41	185
32.92	188
36.66	66
34.74	91
34.94	91
34.19	80
32.24	84
33.18	93
34.44	80
36.3	41
33.55	97
34.51	54
35.72	64
34.51	151
34.88	24
34.69	74
33.13	39
34.09	162
35.59	104
36.64	31
31.78	86
38.44	19
33.62	85
32.09	97
36.84	35
34.78	85
32.97	80
33.22	37
34	87
34.69	58
36.51	24
35.77	24
35.3	20
34.96	48
34.67	45
36.86	24
34.36	62
34.36	62
34.36	62
33.64	95
35.59	49
33.57	96
33.34	96
32.52	95
36.8	23
32.84	141
35.99	47
34.75	37
32.89	92
36.06	41
36.01	28
37.06	51
35.52	12
37.78	24
35.1	74
33.47	147
37.6	36
35.98	31
33.37	31
33.57	87
35.37	73
35.6	77
34.34	137
34.85	78
34.48	139
34.9	46
33.57	94
35.58	68
32.32	90
32.84	173
33.8	82
32.67	93
34.96	70
35.86	91
36.75	67
34.52	89
33.39	97
33.94	73
34.84	65
33.56	89
35.31	62
34.97	82
