sim	len_diff
34.43	165
33.37	69
34.51	56
34.18	34
35.61	49
33.76	95
32.5	88
32.84	91
32.87	82
36.97	79
33.16	41
32.9	84
34.38	83
33.36	56
34.8	152
35.49	58
33.68	81
33.84	78
32.91	85
35.13	53
36.43	45
33.4	91
35.04	152
34.01	83
34.76	40
33.37	156
35.62	45
33.58	106
32.06	90
34.31	46
34.2	85
34.2	85
33.47	153
33.09	30
36.18	77
33.72	147
33.86	88
32.86	76
34.68	38
33.19	181
36.44	50
31.42	88
33	85
33	85
34.34	146
35.13	80
32.07	151
34.01	49
33.55	77
33.22	72
34.93	98
34.93	98
31.93	87
33.04	71
34.4	137
33.94	70
34.57	82
34.46	48
32.02	83
31.77	89
34.5	84
33.64	79
33.33	88
34.33	66
31.76	85
34.4	41
33.94	80
33.49	85
34.95	82
33.04	87
33.21	121
33.19	181
34.27	34
34.9	71
32.2	89
35.46	84
34.56	67
31.91	50
34.2	86
32.3	69
34.7	139
33.78	158
32.05	166
32.56	24
32.98	89
32.27	65
34.53	54
35.24	89
33.13	86
35.92	71
32.63	90
36.34	79
34.48	83
33	73
32.61	75
32.42	83
33.68	87
34.42	127
30.84	13
32.13	67
34.82	67
34.12	78
33.72	90
34.32	70
33.96	41
36.32	55
34.43	63
32.16	90
33.71	86
32.75	85
35.36	78
34.6	70
34.31	86
31.93	78
33.43	61
31.94	74
34.1	72
34.72	82
34.21	84
35.18	66
32.02	91
33.51	65
34.12	73
32.6	86
33.57	80
35.65	40
33.1	71
33.38	72
35.19	44
32.45	80
33.47	170
34.38	123
31.55	56
32.49	24
32.49	86
32.36	69
32.28	80
34.17	135
34.53	81
32.78	75
35.81	68
36.65	26
32.19	83
33.06	76
32.02	71
33.43	48
32.56	82
33.01	167
33.91	73
34.72	139
35.12	67
33.46	123
36.68	26
34.66	50
33.75	85
32.7	16
33.14	75
32.25	82
35.25	24
34.29	83
34	77
33.16	89
33.89	76
35	51
33.9	76
33.91	81
35.7	68
32.75	85
34.15	62
34.56	48
35.24	97
35.18	51
32.21	88
35.78	128
32.77	10
33.89	71
33.9	76
35.03	97
32.75	91
34.5	48
33.25	89
34.48	46
36.69	79
34.25	64
33.16	64
33.93	80
36.02	23
33.89	70
32.47	89
32.22	81
33.02	45
34.47	79
35	82
32.96	90
34.06	89
34.2	141
33.7	82
34.18	28
34.61	89
33.39	79
33.56	78
33.98	73
34.52	98
32.65	76
35.16	86
34.11	134
34.23	38
32.24	87
34.1	85
32.31	155
36	62
33.22	81
34.65	76
32.64	88
33.36	65
32.59	80
32.79	175
34.3	136
34.17	155
31.83	91
33.34	126
32.97	77
33.84	59
34.73	88
33.76	55
34.14	72
34.31	50
34.13	90
32.53	77
31.63	80
32.65	88
32.45	90
31.75	91
31.66	83
31.67	90
35.91	62
35.74	88
33.21	87
32.47	67
34.49	65
33.55	82
34.23	80
32.77	86
33.8	79
34.85	137
31.7	142
35.94	84
32.24	89
31.83	87
31.37	80
33.4	72
31.8	84
33.55	88
31.85	90
33	72
32.2	91
33.64	88
34.25	64
33.07	86
32.75	85
35.19	48
33.08	67
34.23	85
32.24	89
32.96	84
33.85	85
32.96	84
33.09	79
31.9	78
33.3	90
36.33	79
32.98	31
34.73	50
35.03	46
32.73	82
33.79	71
32.93	183
34.68	149
33.73	66
33.94	160
32.53	84
33.65	45
32.42	82
35.16	68
34.77	152
34.55	83
33.82	144
32.39	91
33.18	85
32.95	81
34.7	49
32.84	66
32.78	66
33.61	89
33.09	84
35.44	55
34.31	81
33.15	85
34.35	71
34.15	85
33.4	56
34.03	41
33.56	41
33.37	90
33.92	89
32.95	77
35.18	91
34.19	84
32.98	84
34.17	82
34.22	43
35.9	53
33.24	51
34.6	57
34.37	106
33.5	89
34.56	80
32.82	79
33.75	83
34.51	70
32.15	91
33.8	134
34.66	91
35.69	46
33.85	86
34.59	46
33.16	42
32.7	88
34.75	75
32.1	82
34.83	83
35.68	50
31.97	47
34.11	64
33.57	85
34.97	90
35.77	32
33.98	41
35.22	143
33.63	74
35.58	115
33.66	64
35.24	41
34.4	75
33.31	78
34.08	68
33.76	150
33.19	45
34.11	150
33.69	84
33.83	47
34.21	126
34.16	34
39.96	7
33.35	47
35.24	59
32.11	41
35.4	127
33.83	121
35.39	45
36.71	58
38.27	8
34.5	82
33.83	33
35.76	63
35.32	56
34.36	77
33.79	42
32.75	77
34.92	66
34.11	54
34.84	51
33.06	63
32.83	55
33.83	24
33.77	60
32.28	68
32.32	18
33.36	77
31.84	70
34.14	25
32.39	81
33.22	80
33.63	67
32.9	139
34.68	79
35.26	81
34.02	61
41.48	21
33.66	73
32.19	49
40.12	10
33.32	78
34.8	79
63.48	4
35.01	48
34.13	146
34.76	114
33.27	65
35.43	42
33.61	78
33.64	79
35.37	50
35.85	70
35.87	50
34.63	57
35.43	73
34.96	43
35.12	76
35.01	47
33.89	81
33.79	79
47.36	17
33.9	36
35.5	62
35.84	63
34.89	57
31.36	10
35.38	68
33.96	75
34.46	39
33.45	72
34.54	47
34.46	39
33	61
33.46	92
34.51	55
33.99	123
33.45	61
35.23	64
35.72	27
34.89	44
35.07	55
34.63	107
33.33	101
36.08	38
36.05	131
33.97	129
37.01	73
35.99	60
34.84	59
35.07	73
35.82	66
33.5	15
36.36	96
35.77	76
35.52	70
34.28	76
43.27	32
36.04	78
34.65	139
34.61	61
48.01	15
35.67	56
33.93	48
34.61	43
33.53	67
34.04	75
37.56	12
33.3	77
34.65	64
33.95	52
35.54	38
35.23	78
37.06	19
40.86	23
35.06	81
35.76	75
33.24	79
33.13	69
34.8	73
33.16	77
33.57	72
33.2	50
38.05	62
34.25	57
34.3	79
35.64	103
34.1	66
34.93	72
34.97	50
33.63	49
33.67	42
33.08	80
32.63	75
32.33	31
34.5	77
34.13	58
33.6	79
32.57	134
34.88	128
33.92	134
35.67	114
36.5	67
34.21	78
35.1	75
33.85	32
34.64	65
45	11
35.93	64
34.07	77
32.33	76
33.83	44
32.88	44
32.06	69
33.99	127
33.98	112
33.75	80
33.48	113
33.72	65
33.98	134
34.44	27
34.38	62
35.3	77
41.77	23
33.04	80
34.33	46
34.5	81
35.19	79
36.15	52
33.52	79
35.37	81
34.27	80
33.83	80
31.3	73
33.54	48
34.22	81
34.67	114
34.03	68
35.38	53
34.46	80
32.46	38
34	70
33.83	108
34.25	80
33.46	41
34.35	129
33.51	103
34.45	99
35.49	61
34	52
33.83	60
32.86	31
33.56	115
33.06	79
34.42	64
34.48	98
35.67	17
34.39	95
33.4	49
34	85
36.12	54
33.06	70
36.18	36
37.24	68
33.82	93
34.54	62
46.19	14
33.18	70
34.07	81
33.75	78
34.91	63
33.89	33
34.01	77
35.38	112
39.95	10
33.92	60
33.9	76
33.26	68
35.01	60
34.67	66
35.46	67
34.64	72
35.01	60
34.6	66
33.85	78
35.88	122
33.37	76
43.13	24
33.68	55
33.31	60
33.72	129
33.25	79
34.87	42
33.62	120
35.97	56
34.15	76
33.18	74
33.44	49
32.39	81
34.16	64
33.68	71
34.37	110
33.86	66
34.16	64
34.16	64
34.49	76
35.34	59
35.78	38
33.77	77
34.08	70
33.91	86
49.1	13
34.57	77
35.74	65
35.45	67
33.97	65
33.48	59
35.39	68
34.85	106
34.39	117
33.77	57
33.33	67
34.25	80
35.33	60
35.42	23
36.21	107
34.56	117
34.62	77
34.55	64
34.2	41
34.32	80
33.56	71
32.59	73
33.5	79
49.99	12
32.9	70
33.59	41
35.52	133
40.13	23
34.1	74
35.05	47
48.95	12
33.77	67
33.91	80
34.15	74
34.34	80
32.81	79
34.52	136
34.56	73
33.62	79
34.55	67
36.38	76
33.26	77
34.16	78
35.03	74
35.23	64
40.48	2
33.72	65
33.21	54
34.85	63
35.2	71
34.03	58
34.4	130
34.63	61
34.21	73
43.38	19
33.9	74
35.64	50
33.58	81
35.27	73
35.24	48
36.37	63
34.72	73
36.62	52
44.56	19
34.55	53
34.05	61
35.18	57
33.2	70
33.87	43
33.6	61
33.64	44
33.46	65
34.66	76
33	80
33.2	78
33.88	126
33.31	77
35.43	65
33.85	70
35.28	46
32.69	70
34.91	84
32.91	66
34.04	42
37.38	76
35.86	64
35.12	80
34	38
34.75	45
34.24	46
33.42	66
33.73	69
34.04	56
32.5	62
35.34	61
34.18	54
32.89	47
32.39	71
33.49	76
42.19	21
34.42	133
34.5	43
33.62	23
35.84	79
35.38	54
33.68	51
34.2	34
55.33	9
35.37	123
35.06	90
35.42	70
33.76	70
34.57	76
31.75	11
35.03	71
34.07	96
33.83	105
34.98	94
32.96	60
32.32	77
35.38	103
34.12	132
32.66	146
34.08	56
31.35	25
32.4	35
34.38	62
33.22	16
33.5	135
34.6	131
31.91	35
34.89	109
33.67	57
33.78	111
34.36	61
33.15	47
33.65	78
34.32	124
33.74	76
35.21	37
36.91	58
33.74	78
32.95	60
34.79	121
34.56	72
34.75	72
34.02	56
33.23	79
35.11	84
42.66	16
33.96	79
36.13	75
34.81	74
34.71	65
36.62	49
34.42	122
36.54	66
33.96	46
34.15	35
33.3	76
33.46	52
33.98	130
35.42	68
34.54	132
36.13	54
34.51	115
33.19	80
33.04	135
32.77	72
33.22	81
34.49	27
34.26	34
36.85	65
34.46	53
36.07	73
35.11	114
35.26	59
34.54	65
33.96	62
34.33	38
35.31	55
34.05	49
36.12	68
33.44	78
34.19	59
33.93	80
44.26	22
33.32	80
33.56	60
35.25	71
33.27	46
34.93	79
32.9	31
39.82	17
33.98	29
34.29	90
33.48	73
32.61	45
34.77	112
35.77	70
36.29	59
33.69	137
34.6	79
34.06	79
32.22	65
33.12	62
33.75	39
32.75	30
36.02	129
34.2	80
36.33	64
32.39	26
33.2	64
31.14	22
34.29	43
34.94	36
34.19	101
35.37	61
35.15	59
34.21	80
50.14	13
34.1	64
34.34	26
34.98	48
33.66	70
37.29	46
33.75	73
34.51	108
34.68	79
33.65	63
60.26	9
34.55	20
35.66	104
34.02	31
33.96	62
33.97	106
35.43	90
34.2	73
33.18	16
34.77	62
32.39	81
34.47	138
34.2	47
40.6	21
33.83	65
33.99	58
34.19	98
44.66	23
32.71	73
35.56	57
34.23	53
34.68	121
35.23	58
37.83	59
33.12	72
32.91	77
36.29	49
33.21	42
35.34	55
35.32	82
35.47	68
34.43	64
33.15	53
35.19	67
33.82	43
33.81	60
34.48	120
34.41	119
35.5	37
36.03	57
34.17	140
34.56	27
61.49	3
35.37	118
35.92	68
34.15	76
36.59	98
35.6	65
34.23	17
35.91	48
35.37	110
33.83	27
35.09	65
34.24	63
35.95	60
35.14	52
42.92	25
35.86	60
35.2	103
33.44	39
34.83	35
35.36	71
33.2	47
41.47	4
34.13	81
33.89	43
34.59	43
33.58	129
34.96	74
33.22	77
34.03	72
35.05	56
58.36	11
35.48	81
34.09	77
34.38	106
36.74	56
33.75	60
33.5	115
35.61	103
32.6	62
51.29	14
35.04	56
33.96	70
35.22	114
35.57	79
33.78	140
34.21	65
34.87	80
32.19	73
34.57	73
33.78	127
36.21	51
32.31	54
35.07	59
35.24	67
42.21	4
34.4	45
35.56	46
34.87	45
33.74	68
34.48	72
34.89	50
41.27	21
34.33	54
33.39	135
32.17	39
34.31	77
34.47	75
35.43	30
35.3	93
37.78	2
33.04	140
33.06	54
32.88	19
35.16	55
33.58	31
38.31	7
37.48	50
32.84	144
33.89	112
32.86	81
34.45	70
33.18	145
34.15	51
36.4	61
32.81	73
34.86	64
34.51	57
34.54	67
34.09	69
35.43	79
34.97	91
35.39	78
34.31	79
39.07	19
32.66	65
34.79	63
34.79	108
34.5	73
33.5	81
33.85	78
50.32	6
33.68	78
32.97	61
33.95	47
33.26	73
32.64	73
31.95	80
34.41	36
31.95	41
36.21	54
35.33	119
33.58	64
34.25	124
34.07	81
34.24	115
36.51	54
35.21	72
35.01	40
36.15	68
33.61	76
33.9	74
33.91	68
35.07	23
50.24	21
32.99	79
33.59	89
34.02	70
45.53	18
39.62	4
34.46	81
34.76	32
32.72	106
34.36	48
32.9	45
35.73	62
36.01	62
35.43	115
35.01	81
34.75	60
48.23	13
33.87	123
33.77	63
32.71	75
35.29	74
35.15	74
34.36	28
34.4	83
34.38	23
34.96	78
34.54	71
33.14	74
33.54	52
34.72	81
32.62	81
41.46	18
36.91	45
35.56	87
33.8	16
33.99	126
32.87	34
35.69	62
35.22	77
35.61	50
42.98	19
34.94	81
35.18	26
33.72	77
32.35	80
32.26	81
34.86	67
34.5	73
34.65	81
34.46	68
35.67	33
35.19	103
34.61	33
33.74	75
35.02	80
35.85	74
34.33	54
32.65	78
34.25	68
32.73	139
34.42	60
41.37	19
35.26	56
33.06	102
35.86	30
33.54	55
40.67	21
34.47	114
31.43	23
35.39	95
35.51	42
34.8	70
34.13	79
34.22	145
35.44	136
43.8	26
34.31	59
34.9	93
34.77	68
33.29	58
34.4	64
36.54	12
32.72	49
32.28	130
34.78	53
35.4	61
36.34	52
34	18
34.26	62
34.47	138
34.44	74
33.87	69
34.18	67
32.55	35
36.72	64
34.37	77
37.31	31
34.06	75
33.62	75
33.59	81
37.55	59
36.16	27
34.25	61
33.52	75
34.82	142
37.36	34
34.7	103
35.03	68
33.23	76
36.06	81
34.15	139
31.89	2
33.69	51
33.64	27
36.23	62
33.23	50
32.48	37
33.75	75
33.26	62
31.93	4
59.21	17
32.8	70
34.57	78
34	44
34.24	73
34.44	107
34.14	69
35.04	34
33.65	65
35.92	53
33.15	53
35.09	39
35.5	27
35.79	40
35.66	133
51.24	28
33.22	81
33.08	8
35.41	80
33.53	63
35.45	70
33.63	29
40.46	11
33.24	63
34.36	74
35.91	48
33.51	131
33.54	67
33.87	26
34.07	43
33.93	42
34.37	50
35.28	49
34.29	62
34.26	37
34.49	81
51.24	17
34.39	79
35.64	51
32.21	77
35.09	81
32.91	76
72.86	7
35.93	47
61.77	5
34.46	58
36.88	64
35.2	63
33.51	59
34.66	69
33.81	76
35.37	99
35.2	96
44.03	18
34.4	76
34.75	62
34.41	41
35.48	60
34.42	73
34.28	55
34.54	143
34.34	78
35.6	61
34.12	145
34.54	79
33.74	69
34.26	65
35.03	52
33.71	59
42.85	21
35.37	63
34.12	65
34.56	80
35.62	52
33.61	74
33.22	68
33.73	78
34.96	117
44.1	23
34.69	81
36.32	45
33.87	77
35.5	61
34.11	81
35.71	80
50.25	13
33.71	57
34.92	69
33.49	79
32.84	47
35.32	42
34.28	39
40.42	23
34.1	74
34.01	58
48.45	12
32.73	75
34.49	80
34.43	62
32.57	79
33.66	75
33.8	52
33.88	123
35.16	52
33.93	100
33.43	78
42.36	13
32.63	54
34.44	76
34.39	144
34.64	81
34.13	58
33.9	72
34.33	47
33.89	74
35.46	120
35.21	71
36.33	92
35.85	92
34.33	142
35.03	70
32.52	68
34.67	76
35	61
34.01	41
33.64	41
33.12	145
33.02	70
34.06	64
35.77	94
35.94	62
50.28	14
36.68	104
34.4	67
34	42
41.98	8
34.2	39
34.37	67
33.39	79
33.16	59
34.68	142
34.54	68
34.33	136
34.27	88
34.64	42
33.39	119
32.93	57
32.9	74
34.46	39
33	52
33	135
34.04	44
34.18	46
34.13	61
33.63	56
33.71	135
34.03	79
35.65	68
33.92	67
33.94	49
35.16	64
34.83	111
34.81	47
34.87	125
35.21	66
36.1	63
34.73	45
34.87	62
34.33	73
34.4	142
42.33	26
35.2	25
34.71	95
33.39	20
33.5	77
32.8	75
34.49	65
34.02	67
36.59	73
35.19	94
35.24	71
33.56	59
35.71	60
40.44	29
32.83	79
34.93	66
34.43	54
34.02	53
33.6	63
33.22	81
35.06	45
34.22	32
35.73	57
34.73	45
34.36	81
33.69	77
36.91	52
34.44	46
36.32	61
35	15
33.87	77
50.07	12
33.03	57
33.28	63
34.6	55
36.02	60
42.34	17
34.12	65
32.9	79
33.48	77
33.21	75
34.54	80
33.47	42
35.34	61
32.65	59
31.81	26
34.27	101
32.37	143
32.97	31
34.95	77
34.25	68
35.91	68
32.38	80
34.15	56
32.67	74
33.44	86
33.27	31
32.74	16
33.53	52
34.55	70
35.08	41
34.38	59
35.68	74
35.55	29
35.21	78
36.01	123
35.67	29
35.92	79
43.36	24
45.75	8
34.21	84
33.39	81
34.23	34
37.09	45
41.93	13
35.47	33
33.66	58
33.92	75
36.26	57
34.57	79
42.85	18
41.2	21
33.98	75
34.38	72
34.13	73
34.48	97
43.99	23
33.92	146
34.77	72
35.74	72
37.55	14
34.03	42
33.2	79
34.14	94
33.1	33
35.81	69
34.4	114
35.52	56
36.29	116
35.37	33
35.38	122
33.07	43
34.44	70
33.37	52
33.39	80
35.5	42
33.08	75
35.71	55
32.93	81
33.71	56
34.84	57
34.8	128
34.52	62
33.74	48
33.59	70
33.15	76
33.85	67
32.74	60
34.2	50
34.24	81
35	61
34.14	74
33.69	79
33.7	77
34.32	40
34.22	136
35.05	69
33.33	76
35.35	74
34.98	81
42.77	18
35.08	45
34	66
34.43	26
33.01	63
31.91	74
34.05	81
32.72	19
34.74	72
34.45	50
34.11	62
36.47	64
33.75	95
32.67	79
33.94	85
32.87	100
34.33	64
42.92	23
34.44	135
31.97	62
35.74	55
35.08	61
33.5	77
34.26	62
33.62	113
35.54	60
33.33	126
33.43	60
33.34	48
32.92	56
33.67	52
35.23	52
34.2	62
35.34	68
33.65	17
43.09	18
33.9	66
32.9	52
34.14	141
32.46	38
33.5	79
35.67	64
50.58	11
34.16	130
35.2	61
34.56	97
36.6	54
34.46	49
34.39	46
34.43	15
35.25	63
42.75	20
34.37	35
33.6	70
33.04	75
33.8	51
33.73	35
35.61	62
34.57	81
34.84	107
35.48	70
34.75	64
33.79	120
32.85	77
34.03	62
33.01	75
34.62	73
45.55	16
33.28	53
33.28	72
35.97	61
35.71	42
33.98	33
34.25	72
35.54	43
34.27	131
32.87	16
33.3	31
33.85	45
32.02	66
33.42	36
34.53	57
34.3	74
34.65	61
34.45	81
34.59	79
33.17	41
34.47	74
52.01	14
34.25	63
33.86	30
34.51	70
34.02	26
35.22	65
35.18	30
33.52	42
34.1	80
34.9	77
35.1	80
34.62	57
37.27	59
33.87	53
36.14	121
36	26
34.74	60
33.28	81
33.14	63
39.99	6
33.06	79
32.9	40
34.28	78
34	59
35.31	44
34.65	66
34.57	70
35.57	56
36.28	71
35.99	65
34.97	66
34.72	66
34.19	72
34.07	105
35.05	50
35.05	50
34.18	68
33.67	53
33.67	74
34.67	76
33.08	73
33.47	74
33.04	81
34.65	51
34.79	78
35.33	77
35.93	60
32.81	67
33.77	51
35.89	75
35.54	94
34.52	42
34.99	59
33.98	63
33.98	63
33.98	63
33.98	63
33.98	63
33.98	63
33.98	63
43.18	20
33.98	63
34.77	73
34.19	121
35.2	56
42.02	21
32.86	10
33.83	44
32.54	38
35.12	99
33.95	70
32.93	80
33.62	146
35.36	65
33.34	76
34.53	78
33.93	75
34.53	80
34.48	75
44.89	0
35.95	81
33.21	42
33.25	56
34.35	65
35.37	87
34.15	66
33.7	11
34.53	81
32.06	68
34.28	64
33.12	60
35.56	103
32.63	75
34.04	70
34.3	69
34.6	79
34.23	65
34.91	28
35.36	62
34.22	66
34.06	61
44.15	17
33.92	74
35.95	81
34.77	45
37.18	79
36.94	37
43.41	17
34.25	77
35.65	62
35.91	72
32.83	76
36.4	75
34.86	68
34.85	77
34.46	135
33.96	76
36.45	72
34.17	69
42.81	13
34.63	77
34.59	81
33.46	67
33.5	77
33.43	13
35.52	50
35.66	54
34.89	63
33.56	59
35.01	72
35.3	101
34.83	70
35.39	88
34.84	51
32.79	75
36.2	75
35.69	17
33.73	79
34.2	55
36.87	47
35.6	68
42.6	26
34.55	52
35.18	55
35.23	78
35.93	56
34.93	82
34.56	40
34.71	61
32.89	116
35.72	50
36.11	79
35.85	70
33.93	67
33.52	81
33.48	32
34.83	53
36.24	64
36.37	63
34.59	81
33.84	81
35.2	37
34.65	40
34.14	77
34.2	86
38.04	8
34.57	64
35.61	93
33.91	58
34.57	124
33.46	66
33.68	81
35.55	48
35.77	117
35.31	81
33.17	62
35.76	69
34.55	50
34.66	42
33.17	144
35.37	76
36.22	84
34.81	41
34.16	35
34.84	114
33.68	12
33.8	75
34.2	65
33.48	35
36.03	142
34.77	41
35.09	78
35.2	63
33.87	60
35.12	79
35.43	42
33.14	108
34.46	49
33.92	78
33.96	119
40.43	13
34.65	82
35.34	35
32.46	24
34.66	61
35.02	48
35.18	92
34.44	80
35.9	62
35.72	129
33.38	70
34.27	138
34.06	62
41.44	20
35.6	74
35.43	61
33.31	77
32.96	71
35.04	45
34.73	67
33.52	80
33.55	79
34.8	61
35.44	61
34.89	15
35.54	63
35.39	43
34.56	56
32.98	76
34.39	80
35.1	106
34.3	127
34.42	57
32.86	77
34.11	141
33.63	128
35.05	137
34.42	80
34.98	73
34.21	99
34.15	71
36.22	60
34.57	43
37.24	42
34.95	112
34.6	93
34.73	74
35.25	70
33.77	115
33.4	73
34.85	21
42.63	22
35.3	50
35.31	52
33.77	49
35.58	70
34.24	81
34.66	79
33.57	80
34.09	35
32.69	143
34.25	68
33.93	61
35.36	99
36.08	35
34.48	67
35.61	99
36.6	45
36.03	68
37.19	54
35.37	19
34.49	65
35.26	57
35.49	74
35.02	82
33.5	61
33.91	81
34.77	88
34.23	145
33.84	64
36.39	72
37.07	59
34.84	65
35.14	57
34.21	73
33.61	99
34.19	139
33.49	22
43.4	14
35.56	78
34.63	52
34.13	73
35.69	97
35.28	116
34.81	41
31.61	71
35.15	68
33.55	62
33.41	57
34.97	81
32.96	75
51.64	14
34.68	34
33.81	77
33.97	53
34.07	72
41.97	23
34.38	58
33.13	144
34.07	72
35.85	28
36.65	74
35.33	40
35.33	59
32.34	20
33.81	37
35.03	38
35.9	52
33.85	30
37.49	71
34.67	108
37.69	56
35.33	67
33.81	136
36.24	44
34.55	38
33.34	11
34.09	126
34.24	49
33.85	119
33.92	50
48.89	16
36.1	74
35.26	47
34.68	78
34.86	61
34.61	40
34.45	80
34.5	126
35.65	89
41.03	21
35.3	62
34.75	42
34.65	38
33.75	74
35.75	80
34.18	65
33.15	37
34.28	55
34.56	88
50.04	19
33.68	65
34.35	82
34.49	38
33.71	26
34.68	59
35.81	12
33.16	45
32.85	13
35.48	56
34.97	46
31.5	60
34.49	55
35.18	43
34.75	63
34.81	93
33.76	49
32.64	31
34.71	43
32.98	40
35.1	19
31.91	70
33.98	80
34.5	52
33.8	131
34.2	48
33.84	70
34.98	50
35	60
39.56	5
33.36	139
34.42	18
34.13	40
35.56	63
33.71	79
61.2	11
33.23	64
33.83	76
33.8	79
33.75	137
34.13	103
33.37	56
33.69	30
41.93	2
34.66	54
35.6	77
34.4	81
34.77	101
33.16	79
34.67	80
37.06	54
35.27	74
35.43	50
33.67	71
34.98	125
34.02	79
35.13	75
33.95	25
33.78	77
35.1	54
56.13	13
35.16	22
32.53	47
36.73	69
34.57	63
32.31	78
34.54	81
49.02	13
33.48	73
35.64	66
35.26	21
33.87	69
33.95	42
35.15	59
34.29	66
35.48	65
35.44	72
32.78	77
35.41	63
32.77	60
37.01	52
35.04	37
35.97	74
35.62	43
34.94	75
34.24	76
35.1	75
34.97	81
33.9	66
35.24	122
33.87	142
35.24	49
34.38	73
34.75	66
36.74	45
35.24	56
34.08	68
35.48	81
32.97	24
33.14	81
33.85	77
43.24	20
35.12	59
30.5	10
34.6	73
36.02	63
34.96	78
34.63	72
36.02	63
35.1	78
35.58	63
35.78	54
34.89	46
49.83	21
33.57	59
35.85	67
34.21	112
35.43	63
34.45	60
33.06	32
35.13	77
33.31	81
32.95	41
37.97	88
32.96	10
35.01	40
35.84	79
34.18	39
33.69	80
34.7	127
32.92	40
33.03	76
35.02	64
33.55	81
33.48	71
35.08	79
35.66	63
49.96	16
34.29	50
32.77	104
34.83	110
34.87	76
34.49	61
32.21	74
33.54	55
34.94	29
33.73	73
34.32	47
35.33	111
35.68	52
34.22	29
35.46	61
34.46	96
33.45	80
34.47	79
33.19	71
33.06	146
48.34	11
33.29	61
35.06	66
36.24	66
40.7	20
34.69	80
34.96	68
34.56	61
33.33	56
32.76	60
44.7	20
33.72	79
35.86	71
35.6	39
34.49	74
34.28	80
35.55	73
32.61	23
34.31	57
35.24	22
36.93	58
33.63	81
34.49	120
34.87	74
58.37	11
38.35	27
47.84	5
34.97	80
34.29	68
35.04	75
34.5	22
34.78	69
35.23	72
33.83	42
36.74	45
35.28	48
33.36	42
34.82	51
34.34	49
32.92	78
33.09	25
32.85	73
33.8	59
35.8	57
35.43	61
33.43	79
34.1	81
34.85	78
33.98	81
35.43	90
35.2	105
33.86	86
34.88	76
63.64	6
38.03	42
34.33	70
33.35	78
35.61	81
34.33	85
33.68	79
33.17	35
33.35	81
31.57	81
32.21	67
32.13	38
33.97	73
33.33	77
35.52	126
33.33	77
33.45	39
36.24	62
34.13	47
33.71	72
36.69	84
56.67	29
36.59	57
32.62	72
35.16	60
34.43	101
48.6	13
36.12	70
34.32	78
34.8	71
31.85	85
33.51	68
33.39	80
35.01	60
35.35	64
33.07	47
33.48	66
33.72	61
48.45	13
33.81	117
34.41	65
34.92	41
33.33	80
33.77	73
32.59	75
33.74	16
31.46	76
33.53	68
35.02	70
33.85	80
33.65	46
39.62	20
35.42	80
33.34	65
34.49	106
31.79	3
34.24	44
33.06	81
34.27	59
33.71	44
40.75	16
31.96	38
33.06	76
36.09	69
35.27	31
33.49	69
62.95	10
34.74	76
34.45	65
32.79	80
37.15	52
31.96	80
35.72	71
34.65	27
34.31	71
33.07	47
37.37	78
34.18	79
34.53	121
36.01	49
34.78	81
33.61	77
34.51	59
33.22	40
35.28	86
31.62	42
32.63	81
33.63	63
34.15	75
32.53	70
39.41	23
33.41	61
37.06	135
33.86	2
35.49	70
32.51	15
33.5	43
35.32	41
34.13	31
34.2	62
34.97	77
48.91	12
33.69	128
34.88	146
35.01	66
39.28	23
35.1	80
35.46	72
35.17	91
33.04	74
36.01	52
35.22	116
43.94	16
34.12	60
35.13	42
33.95	76
38.69	8
34.6	77
33.75	73
34.18	143
34.66	72
35.01	75
34.9	66
35	116
32.91	53
34.85	82
40.28	28
34.8	122
34.2	70
41.29	21
33.34	32
33.38	32
34.19	73
34.1	112
34.28	60
34.91	65
35.21	125
34.09	70
35.88	79
34.45	64
34.65	64
33.77	79
34.07	48
35.17	121
35.18	59
35.1	65
35.16	70
55.36	6
34.07	64
33.84	73
34.81	15
34.19	48
35.72	58
35.59	29
33.11	59
34.93	62
34.74	87
34.35	41
33.36	81
34.52	51
37.86	85
34.6	60
34.92	31
35.29	64
36.19	44
34.03	143
32.4	81
35.39	25
34.16	45
42.4	15
33.92	62
33.59	62
34.39	88
34.61	39
36.15	59
33.7	31
35.13	49
35.66	72
37.28	64
33.95	81
34.34	77
34.8	143
35.17	16
35.81	66
33.13	86
34.87	64
35.01	123
34.42	76
34.25	44
34.36	57
33.46	29
37.76	68
33.97	27
34.2	37
35.79	52
36.35	118
34.31	120
34.49	54
34.89	56
34.86	57
34.85	75
37.4	90
36.63	48
34.11	55
35.65	56
42.26	24
34.57	81
33.52	44
34.47	129
33.98	67
33.12	75
34.94	81
36.03	44
33.71	54
35.55	79
35.06	26
35.83	44
34.59	46
34.42	124
34.73	66
40.78	19
35.66	59
34.12	58
34.08	59
32.9	79
36.16	56
40.62	20
34.53	136
34.13	77
36.51	35
36.83	60
34.15	124
34.11	55
34.3	42
35.33	64
33.75	84
35.13	72
32.19	72
33.69	75
33.19	76
41.99	25
35.66	67
35.35	51
35.62	75
36.04	61
35.38	74
34.42	139
44.74	18
34.22	52
35.15	72
34.4	62
36.95	64
33.19	80
37.5	33
36	68
34.53	30
34.8	80
35.61	47
34.36	47
33.09	74
32.65	79
34.51	25
35.59	59
36.38	73
33.7	79
34.23	112
34.24	79
34.94	56
38.63	3
34.46	79
39.87	22
35.8	52
34.5	66
35.38	73
34.61	61
35.79	61
34.69	64
33.9	72
32.73	105
33.31	67
34.81	54
33.82	81
33.4	75
33.3	77
33.62	78
34.33	106
34.24	60
33.89	44
32.88	142
33.56	76
33.89	44
32.88	142
32.16	78
34	53
35.38	54
35.23	111
33.15	58
34.55	42
41.87	20
33.71	70
34.64	42
33.68	74
34.41	111
35.3	74
34.9	135
34.17	145
44.52	24
33.64	136
36.23	71
35.36	36
36.03	77
35.5	70
37.15	31
33.88	65
35.18	71
33.87	11
34.29	107
35.89	52
35.25	61
43.45	19
35	142
32.36	2
33.69	81
33.32	47
34.69	58
34.52	103
33.98	30
33.46	48
35.49	73
34.8	70
34.92	80
36.42	61
35.75	61
43.64	23
35.09	71
32.27	78
35.28	50
35.12	79
33.7	79
32.95	120
33.49	55
34.05	63
34.02	36
36.24	59
34.96	83
62.88	11
34.68	98
34.07	66
32.89	76
34.27	24
36.05	49
35.34	50
36.91	66
41.39	8
35.49	47
34.32	69
32.57	22
33.33	51
34.13	73
33.01	29
34.85	80
33.87	73
34.55	109
30.74	1
33.82	114
35.37	50
34.5	69
34.3	73
36.9	17
41.89	12
35.16	69
33.66	75
35.01	105
34.32	40
32.67	78
32.82	4
33.45	145
33.65	75
34.2	73
32.07	71
33.83	80
33.69	138
33.08	78
35.75	52
100	0
34.27	63
34.34	80
34.02	79
33.77	143
36.28	56
34.99	125
33.26	79
34.93	123
34.53	81
35.15	69
34.28	39
34.03	55
34.64	56
35.05	78
32.95	77
36.07	80
33.96	55
32.63	78
34.36	42
35.22	61
34.37	63
34.52	71
63.28	7
33.61	79
34.74	57
34.63	72
35.97	61
32.91	16
35.44	78
34.75	106
34.08	92
33.67	47
36.91	70
34.22	71
34.21	15
33.3	50
34.93	62
49.1	15
32.4	77
33.58	79
34.32	136
40.16	12
31.17	20
31.81	106
34.49	28
34.3	56
33.73	79
34.02	119
34.9	110
33.45	81
34.1	96
34.17	56
34	44
32.15	20
33.2	53
34.11	31
34.74	36
33.78	69
35.96	46
34.53	66
34.57	43
34.15	76
34.56	80
34.45	79
33.41	51
42.53	18
33	81
34.66	76
34.79	68
32.78	18
33.38	67
34.08	123
34.95	80
33.9	74
35.13	61
35.04	60
38.79	44
35	80
35.61	81
34.63	80
33.55	51
34.7	36
34.84	130
36.11	70
33.44	35
34.31	121
33.8	74
34.01	132
34.43	141
33.45	66
34.54	70
33.41	51
33.48	64
33.82	79
34.38	131
34.59	51
34.33	48
34.31	119
33.19	128
33.1	40
33.33	124
32.9	77
32.79	50
33.3	43
34.08	58
35.01	75
33.48	76
34.76	54
36.98	45
35.14	61
33.65	80
34.08	132
44.97	21
32.22	66
33.37	76
35.29	80
36.25	50
34.93	76
36.85	49
34.66	76
34.82	101
40.1	1
33.91	138
34.61	144
34.18	30
33.06	79
34	80
33.94	57
34.98	136
35.35	24
34.57	81
35.22	72
32.92	33
34.21	118
34.74	114
34.95	69
33.2	51
34.98	45
33.92	69
36.5	36
35.54	62
34.56	104
36.46	43
44.13	12
30.76	14
34.1	59
35.87	80
33.22	76
37.67	59
35.86	99
34.85	59
34.33	53
33.38	47
35.82	35
34.55	29
37.54	54
34.67	53
36.91	63
33.77	99
34.65	79
35.87	58
34.57	80
34.61	76
33.65	74
34.73	69
34.31	66
36.3	46
33.85	79
34.01	36
32.78	14
34.3	75
33.16	123
34.7	134
35.59	73
34.59	47
34.51	42
34.37	80
34.42	79
34.36	63
34.02	62
34.79	67
33.14	73
34.04	78
35.03	75
35.89	45
32.5	66
32.96	53
33.1	47
34.73	114
34.65	79
32.59	50
34.57	76
34.97	66
35.96	46
36.19	35
34.11	79
30.78	11
33.91	76
45.8	17
34.78	81
34.21	44
34.68	74
35.33	55
35.11	85
33.87	28
34.86	124
35.26	68
34.2	79
33.55	6
34.66	41
33.22	65
33.74	27
34.57	119
36.07	80
35.09	82
35.17	87
37.77	41
32.58	23
36.63	109
34.04	77
35.74	119
35.46	75
36.39	12
35.68	136
40.8	18
34.48	65
35.13	79
35.6	54
34.04	77
35.34	58
35.49	17
34.71	98
35.78	73
33.84	59
35.32	53
40.95	32
33	81
35.88	71
33.61	41
33.93	36
33.79	26
34.62	61
32.7	1
33.7	105
35.91	81
34	25
34.13	49
33.46	8
31.66	77
34.48	32
47.81	28
34	81
33.81	70
35.34	39
33.49	80
34.69	68
33.93	99
35.45	56
34.69	57
59.2	4
34.27	105
34.32	123
33.04	81
34.63	83
33.39	32
34.69	52
34.33	52
33.8	133
35.1	118
34.34	100
34.46	62
34.93	37
33.99	135
35.29	109
34.05	29
32.78	11
35.35	58
35.96	68
35.2	50
35.74	59
33.77	66
34.08	139
38.91	7
34.18	78
34.06	9
33.43	30
35.75	75
33.18	139
36.79	99
45.9	27
35.9	120
33.92	69
34.06	128
33.01	19
35.1	19
36.07	102
33.67	78
37.62	14
35.37	55
35.45	59
38.88	0
33.44	48
33.95	79
33.49	79
34.98	52
41.2	28
35.38	57
34.27	65
37.04	62
33.34	70
36.43	54
34.07	8
33.38	77
34.31	47
34.26	32
35.45	67
33.49	63
36.95	80
34.62	102
32.53	44
34.3	145
33.83	79
34.31	78
35.15	81
32.2	59
64.03	6
34.87	108
35.55	35
33.6	78
34.46	66
35.09	79
35.57	32
34.72	77
36.47	59
35.39	49
34.97	54
32.66	10
35.5	92
34.26	99
35.59	39
33.94	34
36.17	68
33.98	62
34.54	63
34.11	34
35.16	133
37.03	14
36.37	68
43.06	20
33.14	133
35.6	81
33.75	72
35.15	34
33.98	64
34.87	37
34.68	122
35.55	51
34.17	64
33.34	37
33.53	22
33.63	75
34.71	21
33.41	3
33.88	107
35.22	118
36.73	49
33.9	70
35.65	121
34.55	72
34.1	45
34.09	59
34.68	123
36	64
33.74	115
35.33	80
37.79	59
34.74	41
37.14	13
35.13	65
34.29	68
34.51	80
37.2	39
33.32	70
37.2	39
40.24	17
37.2	39
37.2	39
35.67	41
33.06	62
33.88	76
34.66	34
36.43	45
34.69	54
51.19	8
34.6	82
34.16	81
34.42	80
35.56	66
32.67	68
48.88	13
34.57	63
33.54	64
34.75	45
33.15	80
35.92	67
34.34	81
33.28	73
34.05	136
35.25	47
33.8	18
34.8	63
33.06	75
36.09	78
33.91	80
33.59	79
44.8	19
35.7	68
33.27	57
34.65	39
39.97	18
33.77	136
32.94	81
34.01	81
34.85	66
34.09	81
33.74	47
34.9	124
34.26	62
35.51	76
32.9	37
33.5	78
33.78	67
34.56	83
33.61	75
36.36	53
35.59	60
34.02	75
41.63	41
35.61	137
33.62	122
36.27	79
36.81	15
34.4	73
34.49	58
34.78	56
33.98	28
35.39	77
37.61	16
34.61	50
33.38	72
34.36	81
35.44	119
35.1	49
33.91	54
32.74	52
34.28	78
35.04	139
34.14	23
33.4	121
34.36	64
34.91	80
33.38	80
34.53	34
34.9	124
34.35	64
34.05	54
33.23	128
42.78	20
34.02	60
36.04	63
34.38	67
35.7	52
33.98	102
33.19	79
35.36	111
35.1	40
33.73	94
34.22	103
32.34	62
35.1	46
35.37	69
34.93	32
34.16	80
34.36	45
34.12	68
33.15	77
33.83	134
33.77	64
34.14	71
32.98	76
35.89	57
42.98	19
34.67	58
33.38	73
34.03	28
34.44	128
36.13	56
33.94	52
35.71	78
34.38	79
34.27	64
35.18	131
35.27	46
34.36	77
44.22	21
33.95	66
38.98	10
34.96	76
34.42	43
36.78	46
34.1	64
44.13	24
34.83	98
36.07	55
33.16	81
34.47	135
33.73	71
31.71	24
34.33	54
35.02	80
33.61	17
35.7	74
41.06	19
34.63	63
32.9	78
33.92	55
35.4	69
34.5	33
34.37	54
33.42	136
33.88	54
32.96	61
34.34	42
34.5	64
41.16	19
33.36	80
32.92	17
35.06	80
33.5	72
35.51	53
35.23	81
34.35	55
33.51	55
50.9	9
33.87	79
34.34	17
34.63	76
35.31	52
36.02	39
35.66	29
35.09	51
34.6	64
32.9	55
33.99	61
35.66	55
33.84	27
41.41	19
33.14	66
35.34	80
33.25	71
34.58	71
41.86	12
35.04	50
37.23	61
33.85	69
33.36	81
33.46	58
35.56	33
33.53	126
36.73	39
33.43	44
34.22	111
35.21	58
41.75	17
35.48	61
34.29	133
33.03	25
34.38	58
34.34	50
33.91	51
33.59	49
33.47	118
35.26	142
34.37	81
33.58	143
35.42	23
33.7	80
38.69	8
33.19	78
32.6	78
35.21	56
35.16	71
34.71	94
36.68	59
33.75	43
33.45	68
33.11	130
35.69	54
34.88	57
36.88	42
34.68	123
35.37	57
33.07	51
34.57	54
41.83	20
34.54	81
34.65	79
36.25	61
41.2	14
33.82	38
34.27	73
33.78	76
35.65	69
33.43	59
34.95	56
33.63	144
33.68	69
33.96	76
34.18	80
42.51	17
34.75	23
36.21	22
34.21	101
35.08	56
33.98	76
36.21	22
33.86	66
34.36	63
33.94	67
34.8	104
32.81	59
33.93	75
33.62	143
34.28	78
34.12	144
34.34	78
33.9	35
53.58	9
34	54
34.59	57
34.26	51
33.67	37
34.07	77
33.89	65
34.51	74
34.53	78
34.71	24
34.73	67
34.62	108
35.67	76
33.43	70
33.94	76
34.29	32
34.97	69
34.33	38
36.28	62
33.33	80
33.39	36
34.92	56
34.39	93
35.02	129
34.8	57
37.06	76
33.77	125
34.42	57
32.72	70
33.74	74
33.68	55
32.67	81
34.37	76
33.41	51
33.01	81
34.6	43
42.34	18
34.56	74
34.97	65
35.6	46
33.55	79
34.5	80
33.85	79
34.04	59
33.9	113
33.62	78
33.44	67
33.26	25
35.2	60
35.45	79
35.07	59
34.5	63
34.49	38
33.55	80
33.45	77
35.14	65
35.99	80
34.32	93
33.42	12
32.24	80
34.57	38
34.92	68
33.46	39
33	36
35.16	52
34.32	34
33.97	58
35.45	34
33.52	79
35.3	46
35.66	81
34.76	27
34.87	59
37.12	37
35.38	79
33.49	57
33.48	144
34.76	73
34.07	44
36.07	64
42.18	4
34.59	105
33.9	37
34.59	70
35.16	79
34.32	72
33.14	45
32.69	81
35.18	56
34.25	69
35.24	32
34.15	74
34.79	53
33.76	33
34.77	81
34.88	81
33.36	31
33.48	49
33.79	65
34.8	61
32.78	76
41.86	19
35.05	40
37.4	24
33.41	139
33.38	77
34.26	33
37.01	62
34.55	46
34.24	81
33.67	82
34.84	30
31.7	67
31.73	5
34.44	52
33.27	117
56.84	10
32.88	76
34.14	51
32.28	81
33.79	63
43.63	20
33.3	54
32.75	79
33.42	61
32.91	125
33.65	51
34.52	80
34.35	69
34.26	119
35.25	32
35.11	58
35.36	46
37.26	46
33.42	61
34.08	47
35.14	47
34.36	63
35.61	79
34.24	33
36.06	78
33.32	64
34.52	80
33.96	76
35.53	57
37.5	43
34.72	55
35.55	59
36.01	37
41.66	10
34.29	33
34	69
34.92	96
33.27	71
34.63	140
34.9	64
33.96	43
35.48	56
33.87	81
35.14	50
34.52	19
33.5	89
34.86	55
34.72	52
34.37	106
34.52	99
33.13	65
35.46	68
35.26	139
35.67	53
33.69	63
34.06	22
33.62	136
33.56	71
33.02	101
34.93	62
33.14	81
33.73	136
33.41	120
33.68	134
32.03	65
33.52	37
33.2	33
32.84	76
33.65	131
33.8	53
38.06	30
33.5	69
35.3	47
34.03	57
36.01	90
33.26	79
33.83	80
33.97	63
32.21	49
34.17	16
33.79	54
32.33	79
34.52	42
36.79	61
32.89	135
33.57	144
33.33	98
32.58	43
34.77	65
34.19	47
34.77	134
33.21	57
33.68	37
34.28	127
33.96	126
33.62	75
36.76	60
33.85	81
34.95	63
34.83	91
35.18	51
33.92	117
34.49	76
34.91	118
36.01	42
33.22	81
34.93	71
32.55	79
34.5	139
35.01	74
34.57	62
33.59	70
33.75	79
33.83	52
35.58	59
34.56	61
36	111
34.27	71
36.59	34
41.86	16
35.59	74
35.91	62
34.25	75
35.32	91
37.12	25
43.79	20
39.06	39
33.68	59
34.91	80
33.76	18
34.42	69
33.42	77
35.78	75
36.43	58
35.55	50
33.92	81
33.27	66
33.79	72
33.37	80
34.79	107
34.03	76
35.37	81
34.42	129
34.51	64
34.19	79
34.83	32
33.5	63
33.09	66
32.52	77
37.93	43
35.61	56
34.58	78
35.85	38
40.49	21
33.65	18
35.36	75
34.33	108
35.08	73
34.77	68
33.38	23
33.73	53
35.8	48
34.72	81
43.02	17
34.16	79
32.3	81
34.28	79
32.7	49
32.84	142
34.63	93
34.66	23
33.21	112
34.41	58
33.74	36
32.33	15
33.7	110
35.78	69
34.32	145
34.16	135
34.8	69
33.3	62
34.57	69
32.68	31
34.37	75
33.89	75
34.57	71
33.06	67
35.69	73
33.79	49
34.54	80
34.51	50
34.52	129
34.45	146
34.93	125
35.27	80
33.47	73
35.99	52
35.96	46
34.86	96
33.46	40
34.37	54
35.79	69
35.25	53
35.96	120
35.02	71
33.81	80
35.03	35
34.78	80
35.53	50
33.96	74
33.15	132
31.08	78
33.57	138
34.73	50
42.55	33
34.61	75
33.5	24
34.46	79
35.05	76
36.62	52
41.25	20
33.73	23
33.71	81
35	64
32.64	4
33.18	44
34.95	59
36.21	68
34.92	60
32.4	74
34.58	99
34.36	110
35.47	62
33.94	65
42.32	15
35.18	28
34.34	139
33.62	74
30.93	13
41.06	16
33.56	70
34.53	64
34.22	64
35.06	78
33.52	80
35.87	64
34.72	80
32.84	66
33.39	81
36.23	79
35.34	41
35.43	51
35.27	75
33.67	141
37.21	90
33.25	63
34.28	91
34.28	71
32.95	43
32.89	73
35.25	118
33.85	145
33.57	72
33.47	122
36.19	56
33.3	45
34.31	37
36.15	60
34.12	75
34.16	23
34.51	76
42.28	9
35.42	109
34.27	36
33.18	143
34.44	60
34.27	81
33.55	79
48.34	12
32.84	74
34.14	81
35.38	107
34.54	102
33.06	81
33.11	71
36.09	61
34.06	56
32.78	74
36.04	61
33.05	44
33.69	78
38.14	83
33.8	71
35.97	74
34.02	74
33.58	95
33.04	78
35.62	28
33.83	58
35.39	57
62.83	10
32.15	11
33.67	81
34.02	41
33.9	57
34.22	119
32.97	77
35.28	79
35.2	71
34.9	80
32.89	75
33.74	60
33.89	49
42.92	20
35.63	41
41.03	19
33.83	68
33.72	74
36.8	25
32.24	75
34.74	67
33.76	73
33.2	68
33.44	74
33.28	71
33.38	144
34.03	51
36.2	71
35.15	75
34.66	68
34.25	26
35.17	19
35.28	51
35.37	122
50.84	14
36.09	35
34.8	77
33.86	76
35.3	28
41.7	5
35.06	65
34.11	76
34.5	32
34.17	70
34.48	79
34.39	121
35.77	65
33.98	28
35.41	75
34.93	57
34.37	64
35.98	77
34.27	25
42.13	9
33.97	42
42.09	10
35.24	49
33.01	94
34.41	132
34.97	66
34.59	40
34.7	127
34.65	67
34.92	72
34.92	78
33.98	52
33.34	75
34.96	60
33.48	52
34.56	15
33.53	67
32.43	50
34.54	42
32.61	81
36.07	57
34.37	66
33.16	105
34.64	77
34.85	77
34.72	79
36.91	80
33.98	80
32.99	83
33.81	75
34.9	75
33.67	136
34.03	96
33.91	56
33.96	59
34.41	95
34.14	79
35.01	78
34.02	35
32.89	71
34.15	42
39.64	16
36.4	64
32.66	63
33.54	62
34.64	45
34.65	81
36	46
34.07	81
33.51	17
32.34	81
35.82	61
42.27	17
34.36	123
32.84	81
34.78	55
34.79	47
34.47	70
34.72	52
33.26	80
33.22	79
34.06	53
34.22	61
34.81	121
34.89	66
34.68	54
34.61	53
33.36	138
36.37	50
59.55	3
34.87	75
42.98	18
34.72	52
33.98	52
34.3	68
34.3	68
34.42	55
34.3	68
34.75	70
35.55	79
33.58	123
32.57	79
34.1	143
34.85	79
33.03	26
34.63	67
32.57	45
34.43	64
33.2	30
33.46	60
33.59	52
34.13	75
34.83	14
34.03	76
34.96	72
34.85	77
32.39	45
33.79	44
33.21	71
34.22	69
42.54	16
37.84	45
32.5	70
35.43	19
34.19	58
33.59	78
35.4	74
35.02	35
32.9	52
40.7	13
34.44	33
34.95	66
36.49	40
33.71	39
33.03	7
33.49	73
62.17	2
32.77	26
33.72	80
33.86	91
33.75	58
34.55	81
34.56	78
34.82	68
34.64	73
42.89	18
33.84	78
33.92	42
35.08	57
34.69	50
39.99	49
34.09	146
33.93	133
35.16	74
33.59	78
32.79	38
35.19	61
50.93	7
33.56	74
34.86	79
33.61	50
33.03	53
34.46	64
34.89	79
35.62	75
33.96	32
35.1	42
36.55	67
38.04	52
36.72	47
35.37	74
33.06	29
33.43	25
34.55	17
35.05	139
41.57	21
33.9	50
31.46	67
34.65	54
35.54	69
31.97	26
32.42	63
33.37	72
35.8	65
34.15	67
35.52	74
34.47	35
33.45	40
42.91	16
35.73	33
34.28	138
34.13	77
32.92	78
43.71	20
33.55	68
34.41	142
33.92	117
32.99	66
32.98	70
34.09	54
34.15	124
34.78	67
34.85	121
33.89	94
34.57	96
34.25	78
33.42	72
34.4	74
36.31	60
34.36	52
34.31	72
36.8	75
36.69	64
34.03	73
36.91	30
34.2	79
45.12	19
33.74	77
34.33	58
34.21	78
33.1	57
33.59	79
31.38	12
35.19	91
34.62	121
33.51	33
34.65	26
33.79	52
31.39	27
33.7	79
34.93	128
34.33	120
32.83	30
33.93	75
32.84	65
35.19	59
33.72	68
33.84	47
34.25	73
36.14	71
34.26	79
39.71	23
33.68	130
34.39	56
35.17	80
34.14	140
35.96	68
33.79	80
34.8	38
33.81	60
33.99	131
49.18	13
33.68	75
34.23	71
34.61	137
31.14	75
33.12	123
33.62	76
33.61	78
33.95	79
33.42	78
32.24	78
34.4	77
34	55
35.62	54
35.12	65
32.89	65
35.46	87
33.1	69
34.08	95
35.09	76
33.52	78
33.46	75
34.07	75
32.32	23
34.31	74
35.1	29
34.47	91
33.42	42
33.53	43
33.8	50
34.56	60
33.4	99
34.53	53
33.3	56
33.63	79
50.53	13
35.33	89
32.09	63
32.27	67
35.25	65
37.34	52
33.51	54
33.21	70
34.5	75
36.5	53
42.89	17
34.86	80
35.73	64
34.96	75
34.39	120
33.93	38
34.03	35
34.04	71
34.99	123
34.22	40
41.69	18
37.54	33
34.63	34
36.44	12
36.68	48
35.22	80
33.47	72
40.19	16
34.07	71
33.24	81
34.76	71
35.28	80
34.64	77
33.39	81
34.04	75
33	80
37.31	44
33.41	36
41.95	19
34.28	78
34.74	53
34.91	80
33.6	77
33.32	61
33.86	74
33.19	59
34.19	41
33.85	81
34.25	50
32.71	81
32.53	63
33.03	63
33.59	72
36.2	68
40.51	20
33.62	35
33.09	65
35.71	73
36.38	39
35.77	86
35.59	65
35.03	78
34.86	65
33.34	45
39.69	8
34.98	117
34.13	64
37.19	27
35.4	75
34.86	49
33.92	65
33.04	79
35.1	74
34.9	64
35.69	58
33.77	70
34.77	102
35.3	48
33.95	118
34.57	31
33.14	78
35.68	55
35.66	81
34.45	80
33.3	76
32.46	33
33.56	77
34.82	30
33.82	81
34.75	141
36.32	107
34.02	58
34.83	40
34.84	69
34.73	73
34.71	47
33.89	80
34.36	57
35.09	69
35.3	78
33.96	122
35.65	132
34.72	71
35.61	50
43.94	18
34.5	64
34.4	79
32.39	79
34.56	94
35.42	31
40.09	5
34.58	64
37.13	79
34.07	48
63.31	12
34	63
34.21	55
32.26	0
33	30
33.13	61
33.37	75
35.75	40
34.73	79
34.73	79
34.18	65
32.95	31
34.66	76
34.47	130
33.27	71
35.44	69
33.84	67
35.22	64
34.77	30
33.34	75
37	12
32.28	76
33.94	66
35.37	68
35.22	62
33.41	37
32.34	72
43.41	14
34.74	67
34.02	23
33.57	46
34.41	60
33.75	47
36.82	33
34.37	36
32.97	50
37.37	59
33.69	138
35.3	98
36.6	52
32.89	49
32.84	80
33.62	64
35.67	34
33.38	69
36.87	72
35.03	64
34.59	60
35.15	76
39.69	7
35.48	53
33.67	57
33.51	78
32.12	80
32.71	47
33.51	78
33.65	56
33.44	38
33.82	74
34.01	139
36.05	40
33.97	71
34.79	73
34.82	53
35.26	83
33.9	111
34.08	37
58.44	7
33.31	37
33.61	43
31.48	6
33.47	72
34.07	61
34.43	54
34.03	73
34.08	115
35.11	67
34.61	34
32.67	79
34.2	66
34.15	37
34.82	71
33.92	76
32.15	89
33.95	86
33.33	68
32.5	91
31.69	89
33.64	86
33.63	74
34.13	139
32.19	89
35.46	55
32.65	89
33.55	80
33.25	85
32.62	89
32.43	25
34.24	84
33.33	60
32.57	54
31.1	91
32.15	89
34.9	70
35.06	148
33.34	65
36.49	59
34.09	66
32.15	89
32.53	71
35.26	76
32.53	71
34.86	88
33.47	31
33.48	54
31.31	86
32.96	148
34.24	80
33.56	78
32.85	87
33.5	60
34.19	64
33.02	69
38.01	35
33.28	74
33.04	74
33.85	62
32.89	79
31.36	78
32.9	65
33.62	82
34.55	38
33.02	69
35.11	48
35.31	61
34.56	77
34.25	46
34.77	165
33.7	76
35.51	45
34.42	76
34.23	66
35.5	83
34.3	37
33.12	88
32.63	76
32.95	82
32.94	82
34.46	63
34.78	67
33.62	89
33.56	64
35.81	56
32.35	152
31.37	89
31.96	87
33.72	62
33.49	56
33.61	75
33.18	31
33.97	109
33.69	83
32.61	83
32.41	82
33.53	91
33.98	73
33.04	70
36.72	77
33.24	75
33.57	60
33	70
33.13	78
33.57	68
33.28	68
32.51	84
34.21	87
33.16	62
36.09	78
33.05	90
33.04	81
34.54	88
33.22	85
34.61	25
32.77	80
34.75	77
32.2	83
33.63	91
32.57	80
33.33	68
32.48	89
32.59	90
32.06	89
34.13	72
32.45	18
36.26	25
33.61	68
33.18	61
33.86	68
33.58	136
33.96	177
33.62	32
33.28	88
33.14	77
33.77	83
33.63	62
33.99	106
36.02	64
34.19	55
32.44	89
32.73	56
33.12	67
33.14	80
32.95	88
33.26	57
35.35	41
32.84	88
33.62	66
32.86	91
32.98	86
33.14	73
32.92	89
33.77	149
34.39	163
34.58	35
35.33	142
31.84	134
33.59	78
35.85	38
33.93	59
33.68	120
31.87	75
30.33	90
33.56	86
34.34	89
33.01	82
33.72	88
35	77
33.75	80
35.02	139
34.09	73
35.94	71
35.25	38
34.12	84
33.85	80
32.88	181
34.75	89
34.18	82
35.44	42
35.61	69
34.6	22
34.58	77
33.23	69
34.85	40
32.96	74
36.61	60
33.25	85
34.89	144
31.91	88
33.95	62
33.85	90
32.56	88
32.75	84
33.01	61
33.79	86
35.2	124
34.17	83
34.18	58
34.68	68
32.32	73
32.81	84
34.87	73
33.78	80
34.03	61
35.33	64
34.24	84
34.03	73
35.53	118
32.86	83
33.96	73
34.83	68
33.8	73
34.51	48
33.89	90
32.12	83
32.81	25
32.65	86
33.13	90
33.36	87
34.92	145
36.29	57
32.63	88
33.9	90
35.18	140
35.76	137
32.93	73
34	61
30.73	8
35.45	57
31.84	78
35.13	53
34.98	105
34.66	61
33.96	49
34.1	60
34.38	138
33.87	70
31.89	89
31.89	89
33.77	30
33.32	120
33.27	77
34.58	116
35.1	115
32.84	75
32.51	88
33.58	89
33.45	89
33.74	81
33.99	121
33.77	146
34.01	111
34.18	118
34.07	90
32.46	80
34.02	78
33.96	128
33.04	76
32.58	81
35.05	64
35.3	47
33.65	91
34.83	90
33.81	67
34.76	58
31.84	90
34.13	84
33.75	77
36.53	79
34.25	77
33.91	130
35.88	54
34.63	78
33.7	79
34.64	64
31.32	91
33.5	87
35.98	130
34.03	93
33.92	105
35.1	79
33.85	42
