sim	len_diff
34.17	306
32.33	162
34.53	129
35.19	137
35.45	138
34.65	111
33.21	160
34.37	159
34.62	131
34.77	58
33.37	134
34.64	112
33.85	182
34.32	141
33.94	133
33.88	216
33.58	150
32.86	135
35.41	122
33.99	154
34.2	97
32.16	159
34.84	131
33.27	128
34.85	141
34.83	109
34.51	56
34.84	73
34.24	131
34.54	154
31.46	149
31.57	160
34.41	50
34.41	50
34.41	50
33.87	157
33	135
33	135
33.72	161
33.87	94
32.05	147
32.88	162
33.44	89
32.92	150
33.44	147
32.6	152
33.69	63
33.74	140
34.63	103
32.04	161
34.63	149
32.82	161
34.5	124
34.24	82
33.05	156
32.48	159
33.99	134
33.54	136
33.35	310
34.55	136
33.38	162
32.15	154
32.58	125
34.02	154
32.74	133
33.75	276
34.1	103
33.32	159
34.73	102
34.03	127
35.78	85
35.65	79
31.71	153
33.39	137
33.36	155
35.12	138
32.81	162
34.91	64
34	134
32.86	145
34.7	115
34.8	84
34.29	144
34.26	148
33.82	266
33.03	147
33.95	132
33.92	88
33.92	88
35.15	110
33.54	106
33.28	153
34.11	147
32.76	309
32.92	107
32.72	34
34.45	93
33.9	78
33.42	160
34.25	121
33.22	81
33.37	151
35.2	133
34.09	262
34.45	133
35.38	115
36.64	129
34.33	157
33.88	160
34	104
33.4	158
32.02	89
34.39	153
33.82	136
34.88	133
33.76	153
35	162
34.47	159
33.72	107
33.49	135
33.76	162
34.71	142
34.14	149
34.42	213
35.23	111
34.12	161
34.56	145
34.3	104
35.14	112
33.68	150
33.11	154
33.41	162
33.83	157
32.82	150
34.91	137
34.55	122
34.1	126
33.77	103
33.58	139
34.91	132
33.4	146
32.79	160
33.6	162
34.65	135
32.85	154
34.05	128
34.59	90
34.76	107
34.56	149
34.46	116
33.53	132
32.83	151
33.85	316
34.47	169
33.82	119
32.06	152
34.46	86
35.79	91
34.28	149
33.18	148
31.77	161
34.84	67
34.46	103
33.14	146
32.34	148
33.11	154
35.12	134
32.91	141
34.86	72
34.56	149
33.74	143
33.78	157
34.2	106
33.5	37
34.05	162
34.02	144
34.27	114
32.76	145
34.28	149
33.34	315
33.52	155
33.97	157
33.87	32
33.39	150
34.06	163
34.81	207
33.66	263
32.8	160
33.48	140
34.44	127
35.68	100
34.35	138
34.65	148
34.01	133
33.95	142
33.91	257
35.47	126
34.3	151
34.4	139
34.5	115
35.33	112
33.2	145
34.06	130
35.01	98
34.11	152
35.49	147
35.07	102
33.37	155
33.7	190
35.52	160
33.04	136
32.63	162
32.69	158
32.59	158
35.74	133
33.56	150
32.53	158
33.85	156
32.51	158
33	161
33.61	68
34.84	251
32.43	158
34.04	149
34.04	105
35.03	160
33.36	147
34.55	150
33.46	135
32.62	160
32.74	160
34.57	129
34.71	150
34.83	135
32.57	146
32.42	157
35.14	121
33.58	148
34.09	127
33.47	130
32.75	151
32.65	125
31.93	142
31.26	152
32.09	157
33.66	150
33.25	26
33.15	157
33.03	129
33.69	188
33.17	293
33.65	128
34.39	138
33.19	126
34.3	240
33.97	106
31.22	139
31.65	139
34.28	157
33.37	130
33.24	122
34.67	118
34.12	129
34.59	159
34.53	67
33.4	156
34.03	116
34.44	162
33.29	115
33.81	150
35.92	87
35.05	118
33.88	140
34.03	156
32.95	131
33.94	53
31.46	162
34.87	162
33.88	136
35.3	144
33.58	150
34.85	147
33.75	147
35.07	102
33.77	136
35.45	121
32.8	135
34.04	150
34.11	215
33.89	150
33.92	141
33.89	147
34.25	160
34.94	257
33.28	155
33.5	146
34.32	141
35.42	122
33.46	149
34.69	71
34.06	129
33.43	156
34.34	101
34.53	155
33.08	154
34.16	131
34.62	146
33.96	149
34.57	153
36.01	107
36.44	155
34.45	153
34.57	131
33.25	149
34.51	156
34.26	135
32.87	160
36	136
34.74	130
35.65	146
34.49	155
34.84	143
33.56	146
32.85	155
35.46	87
34.82	143
34.88	151
34.4	159
34.12	110
33.06	161
34.04	160
34.63	119
32.14	136
35.49	123
34.38	149
33.96	146
35.34	160
33.46	322
35.6	150
35.32	100
33.35	154
34.46	107
36.67	74
36.05	142
33.62	128
33.92	150
34.52	160
31.7	19
35.16	153
35.39	111
34.05	134
32.25	104
32.91	71
33.54	66
35.15	104
32.51	135
34.17	130
33.41	129
34.8	116
32.08	131
35.08	128
36.39	96
34.88	130
34.73	48
35.56	142
35.61	111
33.72	129
34.28	119
35.26	129
34.44	103
33.81	126
34.44	138
34.94	130
32.82	133
34.67	141
34.65	68
31.63	19
33.21	105
34.72	140
33.1	135
32.25	22
33.41	86
32.36	94
33.33	118
32.57	133
34.89	135
35.53	92
33.02	136
32.89	138
32.64	90
33.69	132
36.43	200
36.05	111
34.37	144
35.78	133
34.66	75
36.34	119
34.98	144
34.46	124
35.81	85
36.27	44
39.08	99
36	106
35.83	142
36.14	100
35.7	197
36.31	134
35.83	142
36.37	117
35.86	102
34.4	94
33.58	69
32.85	138
33.86	131
33.79	109
34.13	98
33.37	131
34.77	143
33.67	105
33.94	102
33.65	110
34	126
33.97	98
34.97	75
34.04	191
32.81	34
32.61	113
34.1	50
32.56	20
34.89	137
34.75	260
37.08	130
35.42	83
35.19	136
35.67	140
35.19	98
36.19	101
35.07	130
35.69	126
36.81	114
35.77	138
36.88	114
35.21	121
35.2	90
35.89	106
36.98	71
35.83	114
35.91	127
37.13	107
37.21	133
34.13	107
35.17	130
33.54	37
34.21	127
33.21	118
34	95
36.08	19
35.56	151
34.89	52
34.99	223
36.29	122
35.68	123
37.07	100
34.56	133
35.88	129
35.7	115
35.07	135
35.25	140
34.65	140
34.49	18
33.1	109
34.57	84
33.58	236
33.83	76
32.12	35
33.49	129
34.09	85
31.81	130
33.93	119
34.57	82
35.12	142
34.25	121
35.72	143
34.36	97
34.58	93
33.64	48
32.08	28
34.68	65
34.56	105
34.43	107
33.72	124
35.59	115
34.16	217
35.4	53
36.8	104
35.48	108
35.7	116
36.2	58
35.65	138
35.17	138
34.64	94
33.23	116
34.41	118
33.75	111
33.94	124
33.33	92
33.61	110
33.48	114
33.7	58
35.86	57
36.98	38
35	141
35.86	123
39.22	122
35.71	143
36.26	125
35.48	87
36.11	91
35.73	225
35.97	110
33.49	24
33.67	133
33.64	135
33.67	115
35.11	109
32.33	122
33.35	151
33.89	125
34.55	135
32.78	49
33	139
34.36	144
32.39	120
33.9	207
33.32	142
32.83	135
31.47	131
33.3	32
31.71	132
32.68	74
35.37	126
35.16	44
32.56	69
35.38	76
34.2	125
35.46	140
36.2	123
36.19	84
36.96	80
36.03	53
33.54	134
35.48	134
35.16	173
34.49	71
35.51	84
35.9	85
34.76	251
35.05	53
33.95	130
34.55	129
35.14	91
33.34	143
34.51	138
34.69	108
34.88	179
35.73	97
33.12	43
33.53	136
35.4	138
33.81	106
36.64	142
37.26	97
35.18	22
35.59	129
35.82	119
33.14	143
35.38	131
35.76	140
36.12	136
36.52	132
32.82	144
34.01	55
32.53	23
33.03	144
33.35	224
33.99	124
31.71	17
33.59	144
35.2	112
32.65	135
35.71	101
35.13	141
36.17	108
35.63	88
36.61	79
35.1	254
36.41	141
35.44	100
36.02	108
36.06	142
35.26	142
34.12	140
34.12	143
36.71	163
34.38	113
34.68	112
35.38	133
33.93	141
32.83	144
35.18	166
35.1	245
36.48	140
34.7	139
34.75	101
36.1	123
34.41	107
34.94	57
38.09	67
36.36	101
33.44	129
35.55	178
32.27	39
34.95	105
32.57	130
34.93	68
33.08	134
36.19	130
32.84	231
33.67	116
33.63	45
34.33	70
33.68	132
35.56	131
34.07	93
34.96	128
34.6	122
33.81	106
34.69	131
36.09	139
35.04	100
34.59	144
35.19	46
33.99	81
38.99	16
34.64	135
35.54	64
35.8	104
35.1	114
36.95	116
36.3	141
35.13	118
36.49	131
35.37	124
35.35	105
35.09	126
36.93	140
36.14	131
34.65	54
36.94	105
35.8	119
36.16	122
37.27	124
34.3	131
35.59	135
37.64	97
36.53	139
36.35	109
37.16	114
35.78	113
35.83	84
34.29	130
32.97	12
34.07	124
33.87	140
32.33	55
34.77	109
33.62	71
34.79	104
33.97	131
34.09	125
34.91	100
31.94	124
34.37	142
35.7	107
34.08	97
31.87	47
34.82	140
32.79	48
35.41	126
35.26	73
32.35	120
32.57	50
33.47	142
32.53	70
34.78	71
33.52	102
33.86	210
33.8	84
33.89	108
34.69	99
37.02	84
35.28	65
35.79	195
35.77	115
36.33	141
35.62	130
35.32	174
35.06	141
35.64	101
34.99	133
35.79	117
34.81	109
36.29	114
36.95	93
35.61	125
35.34	130
35.92	138
34.98	62
35.61	173
35.6	107
32.33	41
32.47	140
33.34	244
31.79	129
33.68	33
31.3	42
34.57	132
34.06	139
34.11	94
33.54	126
34.58	193
34.39	88
35.46	129
34.74	86
35	122
32.6	137
34	104
33.59	120
32.74	120
33.71	111
34.35	129
35.24	40
35.01	84
33.84	94
33.09	142
33.4	92
34.17	53
33.13	66
33.72	123
32.83	144
35.55	125
35.1	131
37.13	131
37.58	100
36.14	80
35.17	137
36.43	75
35.98	117
36.25	124
36.16	184
33.3	133
32.76	90
34.83	81
33.66	76
33.65	102
32.43	140
33.76	92
34.15	120
33.3	224
32.93	101
35.19	123
34.04	117
33.69	126
34.2	115
34.8	133
35.24	130
34.79	115
34.92	71
34.99	56
34.65	103
35.15	106
35.82	104
36.19	74
35.78	130
35.03	120
35.32	125
33.63	123
35	119
33.87	55
35.3	67
34.2	257
34.89	99
34.07	123
34.97	133
35	14
35.2	114
36.4	151
34.88	199
33.35	144
34.69	123
34.19	122
34.76	108
33.92	244
32.6	133
33.78	72
34.28	141
33.89	64
33.94	143
33.68	119
33.7	62
34.8	106
36.42	88
34.56	160
34.2	49
34.48	131
35.09	114
34.59	254
34.66	143
33.67	106
33.97	133
35.09	97
36.06	217
35.1	144
35.91	129
35.23	40
36.65	79
35.01	123
36.68	127
33.81	141
34.78	133
35.4	117
36.33	72
35.68	86
36.15	120
36.75	94
36.56	123
33.9	122
35.43	122
34.39	87
33.85	136
34.04	126
32.49	100
34.73	58
33	138
34.86	108
34.09	133
34.09	52
33.23	140
32.54	248
33.68	143
34.1	124
35.6	128
37.45	56
37.29	167
35.38	125
34.67	130
35.17	242
34.74	128
33.37	139
37.2	119
36.07	63
35.85	130
36.9	129
35.2	126
35.72	78
35.75	94
36.26	69
37.12	109
36.02	73
35.29	137
34.71	125
37.49	79
35.01	117
36.7	139
34.57	144
34.77	129
35.39	129
35.15	140
34.52	134
35.28	132
34.96	61
35.26	125
35.7	140
36.31	65
36.4	96
36.07	118
35.76	62
35.63	127
36.81	146
34.76	101
33.7	112
35.67	112
35.57	143
33.84	134
34.71	45
33.86	134
36.34	176
35.47	98
35.17	95
32.89	143
34.79	128
35.21	102
35.48	122
34.68	137
36.09	179
34.5	128
35.98	112
35.62	119
37.47	120
35	137
35	51
38.36	133
34.89	142
33.7	131
34.87	118
36.49	107
35.08	109
35.88	127
35.89	143
35.89	130
36.5	78
33.29	131
34.46	122
32.87	139
35.64	109
35.28	93
35.01	126
33.5	35
34.48	110
34.69	128
34.4	183
34.26	80
32.99	133
34.06	76
35.61	70
34.31	136
34.6	145
33.84	57
33.83	48
34.24	137
33.79	117
32.82	143
34.22	57
35.4	139
33.5	114
34.39	144
35.03	70
35.28	87
33.3	125
33.34	132
33.45	71
35.96	140
33.9	63
33.36	68
34.22	76
32.01	20
34.39	135
34.28	64
32.67	62
34.15	116
34.42	125
36.87	77
34.71	139
36.01	79
35.68	114
35.88	139
34.39	137
36.5	104
36.08	121
35.44	138
33.28	133
36.64	87
35.29	129
34.97	159
33.35	56
35.28	111
34.59	193
34.19	49
35.6	116
34.76	115
32.23	10
33.41	117
34.22	127
32.65	110
33.6	129
33.9	61
32.95	143
35.86	157
33.85	126
33.91	196
34.36	142
34.58	120
34.69	138
34.16	104
32.88	29
34.26	153
34.3	112
34.43	102
36.28	86
34.7	195
35.72	108
33.14	140
35.49	98
35.95	73
34.38	128
35.2	123
34.46	81
35.18	124
34.32	191
34.27	104
34.07	104
33.89	66
33.33	117
34.93	89
33.33	140
34.23	80
34.2	116
34.78	62
35.58	119
34	220
35.39	123
34.86	91
35.46	63
34.04	16
35	123
34.8	119
37.9	147
35.73	102
32.74	143
34.47	115
35.63	79
34.33	137
34.72	95
33.47	25
34.24	141
33.77	142
34.77	136
35.17	119
34.85	144
34.52	128
34	92
35.3	139
33.31	51
33.84	67
34.36	205
35.28	122
33.48	138
34.78	185
33.06	110
32.44	9
33.4	103
34.96	120
32.72	124
33.86	56
34.42	93
36.56	82
33.6	45
33.2	134
34.6	14
33.3	129
33.66	125
35.04	58
35.96	77
33.81	139
33.28	122
33.92	136
33.71	143
32.74	27
32.84	122
34.94	73
33.71	116
35.49	90
35.14	200
34.97	100
35.17	115
34.11	135
35.29	111
35.72	51
34.75	128
34.52	52
36.99	67
34.04	138
39.07	56
34.84	134
33.63	120
33.19	44
33.27	107
33.13	127
32.92	107
33.66	142
35.71	82
36.01	86
35.72	118
36.89	51
34.81	31
35.71	54
36.05	241
37.24	86
34.78	21
36.23	85
35.53	118
35.62	114
34.95	125
35.35	125
35.12	139
34.19	120
34.64	125
34.5	117
35.84	61
34.97	48
34.85	81
33.68	109
35.59	127
32.56	123
32.94	64
32.7	108
33.11	79
34.06	139
34.53	70
34.41	124
35.28	74
35.44	105
35.76	89
34.73	147
35.96	107
35.01	117
35.04	113
34.38	101
35.23	189
34.2	122
35.73	175
34.92	137
36.72	61
35.38	254
35.93	140
35.8	82
34.83	76
34.58	122
34.89	143
35.75	131
33.26	100
33.74	140
33.86	208
34.33	127
32.8	141
33.44	80
35.27	106
35.01	97
33.37	68
34.41	121
33.89	124
34.05	140
33.82	76
34.25	114
35	86
35.87	101
34.24	137
31.14	5
33.81	108
35.24	110
36.01	134
35.31	79
34.01	133
35.47	67
35.21	127
35.41	120
35.15	91
33.53	142
35.32	143
35.63	124
35.72	133
37.07	68
36.07	104
35.55	58
35.8	123
34.94	117
36.4	124
37.33	132
37.04	115
34.8	137
34.54	82
34.71	78
36.39	93
35.14	99
35.26	129
35.79	98
34.16	143
35.14	101
36.08	98
36.34	116
36.61	98
34.77	103
34.68	126
31.47	144
36.36	105
34.4	139
33.78	142
33.76	138
35.94	94
33.99	121
35.52	214
33.32	105
35.03	105
36.5	117
35.68	111
33.8	142
35.18	116
34.41	141
36.31	77
36.03	75
34.35	82
33.83	132
34.07	93
34.73	122
34.08	64
34.2	86
35.53	144
35.88	139
35.22	134
34.81	121
36.55	74
37.84	87
33.87	34
38.26	45
35.69	144
35.13	133
36.49	117
36.83	101
35.29	127
34.86	109
34.96	63
35.52	105
35.21	123
33.74	144
33.85	46
34.97	121
34.87	96
35	127
35.43	112
35.47	112
36.43	95
35.15	197
36.84	81
35.37	163
34.26	133
34.71	128
34.49	111
34.86	140
35.97	64
35.25	210
32.75	38
33.15	135
34.98	111
34.45	96
34.99	87
33.82	117
35.1	153
34.83	87
34.05	76
33.19	144
32.98	139
33.43	133
33.28	132
35.49	67
34.12	224
34.36	101
34.72	204
33.74	84
33.88	131
36.67	98
34.82	112
34.23	123
34.08	136
35.52	91
35.9	116
34.15	139
35.43	132
33.42	144
34.64	122
35.01	136
35.32	99
35.86	109
36.33	110
37.02	129
34.95	119
36.15	73
35.92	124
35.2	137
34.69	132
35.36	102
34.47	148
35.15	136
35.89	150
34.15	124
33.05	142
35.42	76
34.64	130
34.6	123
34.72	108
36.19	76
33.25	75
32.6	118
35.3	113
34.03	102
33.66	123
33.48	140
34.26	133
33.92	88
36.31	104
34.61	111
33.97	107
34.16	73
34.77	117
34.58	83
35.16	100
34.32	138
36.73	73
37.13	34
35.73	63
35.61	116
32.64	138
34.44	66
33.13	102
33.64	129
32.64	59
35.47	124
35.08	125
33.79	136
34.08	125
35.37	58
34	101
33.37	47
34.05	127
32.82	144
32.6	98
31.42	12
33.65	117
33.34	46
34.93	101
35.79	128
33.3	95
34.3	136
33.45	40
33.05	18
33.56	94
33.48	45
33.99	196
35.31	116
34.85	126
33.5	34
35.54	75
35.41	82
35.45	100
35.91	101
34.98	156
35.31	46
35.24	63
35.49	95
36.17	130
35.06	116
34.44	72
33.95	143
36.21	111
36.25	114
34.7	132
37.89	85
34.85	107
34.39	87
34.7	108
35.19	143
34.65	138
35.57	131
35.45	78
34.82	139
34.56	124
36.31	123
35.36	107
34.33	47
34.75	254
35.01	123
35.22	120
34.39	10
35.78	116
34.38	137
36.13	99
36.44	128
37.44	110
34.95	135
36.02	144
36.66	141
34.75	143
34.14	129
35.92	82
33.8	108
34.13	109
32.82	144
33.86	135
32.58	19
34.29	122
33.05	105
33.96	63
33.7	61
35.23	127
33.55	25
32.5	53
34.33	122
34.07	126
32.88	140
33.9	109
34.45	99
34.88	121
35.01	93
35.76	93
34.99	128
33.72	144
34.31	137
35.12	99
35.56	83
34.9	72
37.6	136
34.22	140
32.32	30
34.59	96
35.17	108
35.72	90
33.37	21
31.55	25
33.56	77
36.44	184
34.26	100
33.66	120
35.07	118
33.93	135
31.91	14
33.41	123
33.74	40
34.58	107
33.02	99
33.72	89
33.96	113
34.18	95
33.9	113
33.02	152
33.68	128
32.74	135
33.96	116
33.89	130
34.08	219
32.57	86
34.3	146
36.28	106
34.74	63
34.88	124
35.09	129
35.13	55
34.05	134
34.04	131
36.03	98
33.39	126
35.94	107
37.59	113
35.49	129
36.09	125
36.94	101
35.87	119
35.18	140
35.2	69
36.67	76
34.52	10
34.3	111
35.18	129
34.46	76
33.07	125
34.68	62
34.12	139
35.43	98
34.93	233
34.91	89
34.87	77
36.12	119
35.2	92
33.95	100
34.99	139
33.79	134
36.44	96
34.71	31
36.99	160
34.25	50
36.36	127
35.23	125
34.91	142
35.1	109
32.42	131
34.17	221
35.3	120
33.78	133
33.55	110
34.85	174
33	144
33.66	57
30.98	2
33.88	135
34.17	114
32.96	127
33.47	110
34.91	104
33.99	143
33.57	129
34.04	105
34.14	79
37.59	122
35	144
36.19	105
35.9	68
35.72	122
37.09	69
35.57	46
36.63	114
37.52	108
34.7	138
33.84	143
32.47	120
33.82	119
32.96	117
35.55	131
33.55	144
34.58	76
34.85	84
33.52	133
33.68	138
36.44	123
36.07	140
36.24	88
36.36	105
35.71	73
35.78	134
34.7	143
35.92	97
34.53	37
34.91	139
35.48	112
33.26	107
34.51	144
33.98	213
32.96	77
34.16	140
35.03	143
34.67	143
35.03	143
34.67	143
34.33	122
33.89	72
36.46	105
35.41	138
35.85	85
35.44	39
35.41	73
34.03	136
35.06	59
36	135
34.45	144
36.84	108
34.62	122
36.16	136
35.74	142
36	166
33.61	129
33.23	134
35.52	118
35.68	98
35.36	56
34.29	95
34.78	102
33.68	128
34.31	142
34.57	92
34.31	138
35.34	125
33.81	76
35.16	143
35.21	138
34.2	138
33.95	120
34.09	105
33.28	125
34.01	120
34.3	112
34.95	88
34.73	121
35.28	79
33.03	48
34.04	118
33.43	141
33.6	253
32.62	10
34.97	148
34.1	96
32.44	106
35.51	109
33.68	124
34.46	93
36.38	118
34.87	19
36.08	134
37.77	76
35.93	116
36.61	144
36.12	83
34.24	130
35.33	91
35.45	126
34.48	9
35.97	74
35.97	96
35.87	57
37.38	107
35.35	34
34.68	22
35.01	142
35.23	142
35.5	140
35.7	103
34.92	139
36.71	155
37.22	109
35.9	139
33.45	133
36.97	107
34.68	108
35.69	137
36.14	83
35.26	137
36.75	142
35.79	136
35.8	135
36.84	105
37.64	134
36.43	116
35.41	105
36.91	130
35.54	61
35.85	132
36.65	125
35.5	132
34.25	139
35.86	125
35.39	45
37.26	97
36.5	99
36.99	127
37.17	118
36.23	134
36.15	118
32.53	1
36.03	141
36.69	105
36.13	78
35.37	142
35.42	141
36.11	50
36.02	201
36.74	109
35.89	123
36.83	123
35.64	114
37.91	108
35.53	140
36.25	80
34.74	140
35.36	72
35.27	68
35.51	99
34.58	114
34.78	136
35	125
35.7	108
35.58	128
34.23	29
35.44	134
34.9	137
35.56	131
35.96	106
36.59	109
36.37	128
35.96	89
35.17	140
35.02	74
36.83	119
34.34	108
36.5	78
35.26	80
34.72	137
38.85	9
36.41	54
34.33	179
35.2	74
35.3	144
35.43	111
34.88	136
34.64	132
34.59	96
35.24	62
34.41	105
34.9	119
34.63	188
35.15	106
34.07	36
34.12	118
33.13	138
34.54	131
36.47	113
33.76	107
33.99	102
33.7	67
33.34	126
34.2	142
34.49	139
34.03	218
35.2	108
34.24	140
34.7	142
34.32	134
36.31	117
34.73	111
34.83	140
35.12	52
35.2	106
33.75	132
34.86	134
33.82	125
35.85	122
35.79	143
37.61	72
36.33	103
35.22	128
35.67	99
35.84	107
37.31	94
36.19	56
34.64	142
35.52	128
35.3	116
36.79	99
34.66	132
36.14	117
35.41	71
34.32	127
35.15	133
34.68	121
34.58	144
37.26	82
36.35	62
36.1	97
35.42	131
35.25	141
36.78	70
35.37	75
36.49	43
35.2	42
36.28	126
34.95	92
34.61	139
35.21	108
33.4	62
34.71	127
35.3	68
34.47	115
35.53	114
34.03	115
34.92	187
35.21	49
35.36	111
34.9	68
36.19	117
35.48	134
35.72	93
37.1	127
37.14	66
36.93	76
36.91	103
34.64	89
35.96	98
34.12	126
35.01	93
35.31	114
35.62	95
35.65	98
35.53	130
35.92	124
35.84	54
35.2	106
35.14	124
34.58	130
36.05	111
35.42	99
35.97	134
34.56	138
38.81	110
34.54	139
36.41	126
34.68	93
32.32	144
34.9	108
33.25	242
36.61	152
35.08	164
35.32	161
30.91	8
33.94	77
35.09	123
36.61	132
35.44	87
36.02	106
34.36	144
35.24	75
34.56	80
34.08	23
36.27	101
35.87	80
37.09	81
35.41	135
37.22	83
36.07	137
38	107
34.83	143
36	84
35.99	77
35.69	118
33.87	144
36.01	135
35.77	80
35.47	110
35.76	97
34.84	114
34.92	132
36.24	126
34.74	80
35.65	112
36.47	98
36.06	118
36.21	138
35.55	141
36.4	107
35.31	131
35.11	101
34.91	124
36.02	138
35.85	110
35.58	82
35.06	139
33.91	94
34.73	92
36.1	65
33.57	90
32.2	11
35.04	123
33.9	38
33.98	139
32.44	21
34.56	107
37.22	84
35.46	101
35.34	142
36.02	92
36.92	112
35.44	144
36.79	103
35.23	126
36.08	71
36.4	106
34.61	93
35.35	132
34.41	135
34.46	138
30.97	1
34.89	95
34.51	120
35.15	143
34.3	87
38.2	48
34.49	129
34.25	77
35.43	123
34.55	153
34.25	112
34.43	136
32.23	137
35.12	74
34.28	124
35.2	91
36.17	78
34.88	133
34.36	109
34.38	106
36.11	120
36.82	92
35.98	135
35.22	130
35.29	144
33.8	124
36.13	75
36.22	68
35.57	86
36.79	129
34.69	92
35.29	118
36.64	113
35.35	143
36.24	71
35.24	103
34.56	73
34.72	54
34.62	125
34.82	130
34.08	131
33.99	104
34.89	120
36	119
34.24	131
34.01	126
34.35	211
34.65	124
33.52	132
34.78	101
34.9	109
34.37	107
34.9	88
34.42	142
34.66	115
34.27	43
35.61	114
34.75	84
34.3	24
35.46	136
35.67	138
35.58	126
35.1	125
36.31	105
36.7	98
35.47	52
32.68	140
35.31	75
32.81	17
34.1	134
35.01	126
32.84	236
34.53	144
33.7	143
33.25	142
34.11	136
33.31	141
34.21	118
35.4	117
34.72	58
35.51	96
34.3	133
34.7	107
34.32	155
33.59	141
34.67	100
35.2	126
35.67	129
33.36	110
34.17	141
34.91	134
34.92	130
35.41	129
35.03	93
32.21	22
34.62	110
34.52	54
34.8	139
35.09	104
33.52	134
36.03	98
34.18	140
34.44	116
33.65	82
35.56	106
34.84	89
35.86	123
36.71	86
36.04	108
34.75	134
35.26	236
35.67	98
34.27	142
36.47	100
36.06	128
36.36	94
36.01	31
35.21	90
35.16	109
34.74	62
34.03	109
34.16	139
35.71	107
33.28	142
33.72	134
34.52	134
34.35	99
32.38	114
33.38	109
33.43	60
33.22	74
35.1	31
32.97	115
33.23	84
33.94	121
32.97	125
33.54	143
33.3	95
34.4	80
35.59	123
33.61	114
35.5	113
33.13	143
34.65	163
35.27	85
34.85	144
34.08	97
35.73	70
34.92	105
36.07	113
33.8	89
34.44	123
33.93	171
35.22	144
32.34	142
35.33	126
35.12	138
34.59	143
34.66	113
36.3	222
33.92	141
33.37	84
34.94	135
34.41	123
33.82	127
34.55	41
34.88	134
35.54	115
34.49	138
35.23	95
34.91	59
34.28	122
35.26	132
36.18	140
35.32	122
35.42	73
33.01	119
34.2	72
35.39	61
34.03	53
35.14	129
35.12	116
34.64	109
34.71	68
34.36	141
33.4	45
34.11	120
35.91	51
34.89	137
34.64	33
33.08	28
35	120
35.19	78
34.42	139
34.73	61
34.81	144
34.68	131
33.03	135
34.26	99
35.19	104
34.69	68
33.77	117
34.54	171
33.57	49
32.72	131
34.28	138
35.91	131
34.92	115
37	136
35.55	91
37.2	127
35.32	144
37.84	97
36.77	129
35.75	130
36.16	65
34.21	116
34.32	120
34.8	104
34.66	130
33.98	129
34.64	135
32.92	55
34.47	103
34.11	130
31.99	135
37.13	120
35.18	105
34.84	116
36.04	95
35.04	118
34	139
36.47	112
34.56	27
35.03	130
35.87	141
32.9	139
33.23	90
33.65	68
32.29	16
35.53	106
34.67	123
33.34	134
33.61	108
33.36	134
34.13	139
34.01	124
34.81	104
33.96	45
33.99	141
36.38	55
35.1	95
33.57	52
34.06	102
35.66	75
32.59	120
37.19	152
35.84	136
36.57	123
34.94	142
35.99	63
35.33	83
36.4	141
36.4	120
36.29	54
35.6	141
32.84	97
32.36	144
34.31	118
34.73	144
33.9	16
34.95	82
35.93	72
35.76	100
34.68	139
36.03	67
34.24	106
33.61	107
34.28	60
31.68	132
34.55	176
35.11	97
33.32	44
32.84	114
33.74	103
34.34	111
35.54	132
35.1	138
35.62	123
35.35	112
35.73	98
34.38	59
35.01	138
35.38	127
36.02	86
35.23	95
36.27	90
34.72	141
35.47	140
36.22	121
36.19	124
37.27	62
36.55	93
36.26	129
35.48	135
34.72	122
33.35	118
36.51	128
34.36	130
34.19	123
34.39	122
34.31	55
34.51	140
33.27	141
36.01	142
35.24	194
32.51	36
34.23	162
33.94	102
33.48	105
34.65	138
34.26	112
35.32	110
33.09	14
34.64	137
33.16	69
33.22	140
35.78	126
34.73	129
33.91	109
32.72	36
34.11	120
35.25	181
33.66	127
34.14	77
33.94	84
33.84	86
35.24	198
33.33	104
34.96	80
35.15	118
32.9	131
33.6	132
34.32	95
34.82	99
33.84	234
35.07	131
35.73	108
35.42	103
34.7	113
34.8	20
34.62	132
34.41	142
35.78	100
33.85	126
36.09	100
35.49	98
34.43	106
35.95	58
35.86	96
41.61	43
34.19	101
34.86	127
35.59	82
34.05	99
34.25	63
36.75	112
36.07	116
35.97	34
36.17	30
35.97	125
36.03	124
39.88	67
35.37	136
36.04	131
35.68	143
34.89	104
34.68	108
35.29	60
35.41	132
34.22	101
34.44	139
34.79	130
36.11	74
35.73	177
35.7	124
36.31	108
34.94	137
34.64	138
33.98	135
34.79	130
36.09	123
34.64	34
34.69	111
34.93	66
37.15	97
30.84	14
33.59	143
34.27	110
31.78	8
33.44	34
34.09	135
34.47	108
33.57	182
32.85	67
33.34	113
38.16	83
36.16	111
36.13	109
36.2	87
36.21	88
35.27	144
36.53	112
35.44	79
35.37	125
36.68	109
34.12	144
34.96	110
34.13	139
32.67	133
34.84	66
33.87	130
34.12	91
35.4	138
33.09	133
34.34	136
31.63	12
33.21	134
35	111
33.08	119
33.16	127
32.25	104
32.52	119
33.37	131
33.44	134
32.82	141
35.06	101
37.83	71
33.98	143
35.29	142
37.05	119
35.97	113
35.94	129
35.62	128
36.83	91
38.02	81
36.45	109
35.66	120
35.52	113
36.82	53
34.56	121
36.11	124
35.98	129
34.63	119
34.77	119
34.96	134
34.73	130
35.89	124
38.15	89
36.37	112
36.69	107
34.02	66
34.97	89
36.37	106
35.69	140
34.48	106
34.06	63
34.06	193
34.13	64
35.29	54
33.15	122
35.51	91
33.35	140
33.25	126
34.34	89
34.01	75
32	51
32.49	69
31.85	35
32.81	143
33.91	108
35.13	71
33.3	120
32.23	32
32.54	139
36.02	162
33.68	116
33.26	140
32.75	141
32.23	129
35.48	134
32.48	129
34.29	143
32.92	56
33.86	124
34.64	108
34.05	135
34.09	122
35.92	117
36.26	104
34.73	107
36.22	105
34.48	136
34.36	127
35.9	111
34.23	240
33.16	22
34.12	67
33.6	102
35.11	103
34.61	63
35.5	111
35.3	100
33.2	250
34.7	130
33.52	149
34.88	199
33.38	135
33.29	124
33.08	133
35.55	159
33.66	115
35.23	124
32.95	18
34.85	131
33.78	139
31.22	3
34.66	64
34.56	127
34.83	101
35.76	124
32.5	115
32.51	13
33.57	124
33.68	135
34.38	136
34.87	97
36.6	98
34.52	120
35.08	109
33.33	143
36.29	168
33.28	133
34.27	134
35.6	105
34.56	119
35.31	140
33.81	120
34.97	83
36.45	125
35.72	73
33.55	139
35.75	89
34.41	243
34.4	134
35.46	95
34.67	115
34.85	208
34.89	119
35.55	37
34.76	124
36.13	155
35.78	70
34.1	110
34.52	174
35.51	53
33.86	78
34.92	121
32.17	140
34.06	117
35.2	96
36.14	109
34.28	76
34.7	125
33.65	10
36.19	86
34.01	127
100	0
35.4	117
33.14	125
35.01	243
33.43	17
33.78	135
35.94	142
36.06	109
35.4	136
37.24	120
33.9	103
35.7	122
34.41	113
39.43	55
33.08	30
34.55	216
35.6	85
35.42	91
36.33	59
34.3	139
33.77	41
35.62	117
35.63	122
35.96	125
34.94	137
35.86	137
36.32	106
34.28	119
35.26	134
34.38	114
35.83	106
36.14	106
36.7	104
36.89	107
35.23	211
35.61	119
36.66	110
36.38	103
34.52	37
35.28	109
33.92	143
32.64	64
34.36	83
34.79	96
31.73	16
31.77	140
34.36	59
33.82	138
34.45	113
34.1	63
33.06	143
33.95	116
33.39	96
32.95	141
32.79	104
33.11	143
34.31	157
30.93	21
32.88	143
34.12	229
34.26	126
33.33	144
35.2	75
34.04	108
33.78	129
34.67	110
32.97	52
32.95	119
34.57	140
34.64	192
31.78	14
34.57	123
34.3	135
33.8	115
34.59	67
33.71	70
35.95	87
34.89	56
34.58	139
34.36	132
34.28	116
33.04	140
34.25	141
33.28	117
33.84	143
33.89	142
34.49	54
33.28	80
35.44	109
36	65
34.26	109
34.72	131
33.34	71
33.91	90
33.76	61
35.3	91
34.37	122
32.69	15
34.17	104
35.12	116
34.18	142
35.48	122
34.52	65
35	62
35.36	73
35.91	122
33.02	134
34.55	256
35.6	110
35.32	116
33.07	54
34.16	89
33.99	141
33.52	182
33.28	128
35.23	116
33.17	117
35.16	120
33.85	139
34.4	127
35.03	172
35.68	48
34.43	130
34.68	140
34.88	131
35.17	43
35.79	177
34.36	135
34.23	124
34.36	140
35.14	125
34.83	106
35.2	111
33.28	144
34.98	47
34.29	51
35.15	144
34.5	190
35.77	82
34.46	132
35.1	114
34.46	134
35.16	68
34.44	144
34.05	128
35.3	130
34.37	74
34.59	246
35.16	116
35.37	53
35.24	121
34.32	133
34.89	133
35.64	132
34.13	117
34.4	124
35.08	142
34.8	131
34.89	123
33.45	107
32.43	126
34.6	109
35.37	75
34.46	115
34.24	75
34.37	110
34.58	140
32.89	119
35.39	191
33.73	128
33.36	109
36.02	90
35.23	80
34.87	144
36.31	67
35.56	137
34.66	111
36.52	95
35.73	113
34.12	74
32.76	133
34.13	126
34.53	88
36.12	127
37.33	81
32.53	142
36.02	125
33.32	144
35.11	133
32.49	126
35.39	75
33.99	130
35.34	191
34.51	141
34.07	75
34.6	109
34.56	140
32.89	119
34.42	110
35.26	141
34.16	142
34.18	101
34.6	46
34.27	125
33.68	135
34.89	144
36.26	78
34.93	137
35.66	108
39.81	51
34.28	151
36.32	123
33.41	123
34.21	118
35.25	72
36.29	119
33.55	50
34.41	87
33.41	142
36.02	141
36.81	133
36.08	115
37.65	65
34.56	128
35.26	128
36.13	107
35.33	119
36.91	101
34.61	125
36.64	101
38.28	102
35.34	120
35.42	111
36.33	143
37	82
37.46	133
35.54	144
34.84	48
35.88	113
33.64	86
35.16	133
33.94	73
33.77	67
33.98	66
34.12	141
33.35	47
34.28	118
36.51	163
33.68	98
34.64	132
34.88	159
34.44	126
32.57	9
34.9	114
34.01	125
34.35	40
34.84	94
35.63	68
31.72	15
35.09	142
35.07	134
34.86	117
34.55	88
35.77	129
35.3	135
34.22	137
34.82	103
34.77	172
34.28	143
34.95	123
35.78	156
34.3	75
36.55	63
34.64	131
34.76	129
36.64	70
35.31	144
34.82	127
36.16	114
34.52	54
35.3	70
34.55	106
34.03	132
33.6	98
35.1	139
34.21	64
34.33	136
33.81	110
33.72	82
35.78	120
34.92	84
35.94	131
35.02	125
34	16
35.1	116
35.34	130
35.17	124
36.54	111
34.55	114
36.12	144
34.46	139
35.31	84
37	51
36.48	129
38.74	89
33.47	10
34.74	256
36.74	112
35.66	169
34.6	36
34.43	128
35.31	84
35.08	125
35.12	112
35.23	108
33.84	116
34.64	144
35.13	98
36.2	141
36.45	90
35.3	120
34.77	82
35.97	85
36.63	140
36.26	143
35.45	123
34.98	137
35.8	114
36.17	210
35.65	137
36.37	118
35.69	135
35.3	131
35.17	137
35.13	137
35.21	92
36.09	51
36.12	57
36.31	137
36.02	118
34.66	138
35.28	126
36.33	102
34.8	110
36.05	111
36.57	54
34.1	142
33.88	138
34	42
34.95	84
37.14	114
36.8	83
34.96	68
34.87	123
34.96	83
34.37	129
35.4	103
36.51	120
35.9	121
35.4	120
35.52	110
35.74	71
35.93	99
33.23	141
35.55	133
36.66	145
34.13	133
35.1	124
35.47	142
35.85	89
34.94	137
36.07	15
34.59	93
35.93	68
34.94	35
36.17	117
35.24	138
34.57	126
36.22	142
35.99	63
35.83	141
35.34	78
33.95	123
35.34	78
34.68	87
34.87	117
35.34	78
33.96	121
35.34	78
36.4	98
35.76	125
36.63	98
35.94	118
34.89	143
35.58	55
36.39	117
35.35	87
36.26	132
36.49	155
34.66	85
34.1	112
34.59	121
34.44	103
36.1	86
34.75	209
33.71	139
33.98	118
34.07	133
37.06	82
34.62	99
34.51	112
36.31	133
34.81	68
35.47	110
36.77	130
35.64	191
35.51	108
35.68	120
34.09	124
34.44	103
35.96	111
35.78	103
35.31	61
35.1	140
35.47	119
34.54	143
34.2	143
34.69	129
34.79	134
35.41	137
36.38	117
34.51	138
35.22	139
34.99	95
35.6	144
36.57	119
35.98	135
34.33	142
34.58	137
36.33	69
34.96	127
35.94	127
36.16	59
34.35	137
34.94	27
36.66	124
35.45	109
33.29	109
35.8	72
33.53	223
34.23	142
33.88	116
33.04	114
35.67	136
32.35	27
33.5	131
34.5	118
33.64	71
33.42	65
34.74	95
35.34	144
35.27	126
35.19	141
35.44	136
34.86	141
34.66	135
34.6	111
35.91	86
34.28	139
33.43	144
34.42	118
36.07	115
34.95	73
36.68	111
34.13	139
34.25	108
35.64	130
33.07	61
35.48	101
37.62	186
34.94	125
33.6	123
33.95	68
35.41	116
35.97	68
35.25	79
33.76	135
33.52	133
33.19	49
35.94	122
34.38	112
34.42	140
33.03	73
34.18	113
34.96	109
34.42	103
35.38	71
36.5	14
34.45	129
36.86	90
37.09	108
37.26	106
35.61	139
36.36	124
34.43	137
35.72	76
36.81	34
35.11	140
35.94	79
35.78	64
34.34	106
35.62	180
34.68	68
34.67	134
36.04	108
35.05	141
34.72	123
35.54	90
35.07	140
37.31	84
33.49	56
34.61	14
34.42	123
33.87	87
35.5	182
33.37	83
33.05	128
32.44	114
34.2	45
37.14	84
33.65	45
32.64	114
33.34	137
33.13	128
34.7	58
34.51	14
33.88	115
33.74	142
33.57	56
34.75	113
34.19	70
35.65	130
34.4	114
34.13	136
34.08	23
34.77	135
33.95	87
33.74	141
36.17	184
36.4	107
34.65	116
36.05	135
36.22	92
32.68	113
34.92	126
36.4	111
35	105
34.52	143
34.2	108
34.23	132
34.93	127
34.34	123
34.94	116
33.91	155
33.7	139
34.53	144
35.66	107
34.49	137
32.69	143
32.49	142
34.85	123
34.53	132
35.04	102
33.24	136
31.8	36
36.24	109
33.93	111
34.65	113
32.92	138
32.9	56
33.96	131
33.56	106
34.47	127
33.51	140
33.32	134
33.72	139
35.16	101
34.83	136
33.86	126
33.85	40
33.4	129
34.9	123
33.74	80
33.55	136
35.52	52
34.63	52
33.96	131
33.68	46
33.57	126
35.04	223
33.81	124
34.87	118
33.4	114
33.75	142
33.64	33
33.81	29
35.71	83
34.47	121
32.92	110
34.47	109
33.59	117
33.09	141
33.83	116
31.16	16
31.3	66
34.28	103
33.95	190
33.36	138
33.83	100
35.22	115
33.86	251
34.24	56
34.5	143
33.86	136
34.18	137
35.4	128
33.99	139
35.48	136
35.36	81
35.01	135
37.43	134
36.12	94
36.28	126
35.72	137
36.08	59
35.84	115
36.24	44
35.29	104
36.78	131
34.96	125
34	58
33.85	117
34.12	133
33.51	137
34.14	134
33.99	120
35.01	110
33.45	137
33.92	136
34.26	60
35.53	136
34.75	118
34.52	95
33.28	143
33.83	101
34.16	80
32.83	54
32.95	141
32.89	128
34.25	74
33.73	59
33.44	19
34.73	91
34.77	92
37.11	54
35.2	133
34.25	140
33.38	141
34.1	123
33.99	229
33.39	144
35.2	75
34.38	77
34.67	110
34.88	140
34.35	122
33.23	140
32.87	101
33.03	123
33.76	131
36.03	91
34.22	138
34.82	144
34.56	56
33.32	82
34.42	133
33.85	73
35.08	96
34.01	159
36.32	108
35.95	136
34.65	124
36.55	137
35.09	197
34.31	26
36.23	99
36.55	122
36.36	223
36.94	104
35.1	118
35.96	31
33.31	89
31.91	2
34.21	131
34.41	135
33.94	125
33.82	197
34.61	56
33.02	141
36.54	54
36.78	124
35.64	91
35.66	115
35.36	136
35.38	68
35.84	137
34.56	141
35.13	109
35.04	111
34.78	108
33.59	109
33.21	104
32.84	53
33.12	132
34.21	138
33.38	41
33.36	71
33.34	139
33.72	140
34.45	107
34.85	219
34.69	184
33.14	143
34.2	101
34.47	118
33.6	106
34.76	111
33.58	133
33.46	95
36.9	162
36.15	99
35.5	108
36.25	115
37.93	100
35.19	76
36.22	122
35.73	98
34.27	123
35.88	121
32.84	125
33.89	160
33.46	136
33.83	111
34.57	72
34.28	98
34.23	140
36.05	71
32.59	25
33.69	93
33.73	56
36.44	110
36.35	63
34.43	79
34.42	97
36.28	110
33.88	112
31.67	14
35.53	103
33.68	122
36.13	124
35.72	99
35.84	73
35.39	142
35.01	134
34.99	117
35.22	96
35.19	126
34.02	144
33.19	33
34.93	140
34.59	144
34.92	111
35.6	134
35.39	120
34.73	112
36.51	131
33.13	121
33.86	140
34.92	125
34.52	125
34	139
34.82	122
36.06	124
35.84	101
33.63	60
35.17	113
35.29	123
35.06	72
33.7	110
33.5	44
33.24	51
33.7	186
32.16	18
34.55	71
34.89	62
33.09	129
30.77	11
34.68	217
33.74	186
34.54	133
35.51	101
34.64	136
34.38	133
35.4	129
34.62	86
34	111
34.85	110
36.41	140
34	103
32.92	135
34.38	202
34.38	202
33.61	62
34.99	175
34.09	134
34.8	23
34.23	130
34.74	124
35.2	75
35.56	87
36.71	103
34.59	75
33.1	126
33.18	137
34.04	187
35.61	127
34.67	134
34.47	96
36.01	99
33.87	124
33.28	134
34	125
33.03	105
34.04	140
31.36	137
32.26	136
33.16	144
32.94	139
35.47	103
36.63	131
35.29	57
36.15	67
35.64	111
35.9	140
36.56	73
35.64	144
35.56	68
34.46	49
36.32	114
34.24	32
34.48	139
34.71	124
33.95	105
34.48	133
35.13	121
33.32	108
35.03	99
33.66	119
34.07	131
36.26	124
36.11	84
35.26	212
34.94	128
35.33	108
35.34	119
36	96
34.88	235
36.4	114
34.24	137
35.86	130
36.46	121
35.55	138
35.77	131
34.81	134
35.1	121
36.23	210
35.29	90
35.52	120
36.37	108
34.67	115
33.32	131
32.49	123
34.16	117
33.28	18
34.3	102
37.5	46
34.2	118
34.79	140
33.18	89
34.07	133
34.97	95
34.91	119
36.62	44
34.52	32
34.67	135
34.41	134
35.15	125
34.94	76
34.95	87
36.6	133
36.69	124
34.5	131
34.34	33
34.74	67
36.55	123
35.66	86
36.71	117
35.88	109
33.59	13
35.54	101
33.52	81
34.61	117
33.08	35
34.75	74
34.66	138
34.07	123
34.06	169
33.14	136
34.82	96
35.18	112
35.04	96
34.35	131
36.04	141
34.4	83
35.08	66
34.26	77
34.16	132
33.35	97
34.99	90
35.23	108
34	87
35.07	260
36.28	95
33.53	22
35.24	145
34.08	138
35.69	98
35.48	141
36.19	127
34.73	139
32.76	65
33.86	152
34.13	136
34.89	94
35.75	102
34.4	113
34.6	148
34.82	104
34.55	144
34.89	130
36.4	75
34.44	41
35.99	124
36.24	125
35.68	57
34.21	124
35.07	45
36.39	97
35.07	120
35.52	124
35.08	52
34.19	127
33.83	137
34.62	90
34.71	95
34.1	83
35.98	178
34.72	118
34.48	139
35.57	121
34.66	177
33.92	99
34.85	122
36.76	143
33.53	142
34.32	115
35.7	100
34.43	118
34.97	101
34.66	237
36.06	45
34.6	119
34.18	141
34.98	74
34.6	119
33.98	139
35.53	70
33.62	122
34.45	163
34.01	143
35.52	62
36.18	118
34.35	142
35.63	114
35.05	235
35.95	108
33.79	133
35.21	135
32.39	27
35.03	121
34.62	117
34.33	129
33.9	126
34.86	155
35	57
35.11	219
34.51	144
33.67	33
32.89	37
35.73	124
36.18	140
35.86	109
35.5	123
35.1	46
35.06	54
35.6	125
36.27	135
36.16	106
35.99	87
33.6	62
32.89	140
36.12	101
34.26	65
34.58	190
33.69	110
35.55	88
34.34	57
33.84	139
34.17	136
34.89	30
33.66	143
35.62	108
35.27	193
34.41	97
33.88	138
33.86	113
34.4	87
34.5	173
35.2	62
33.67	137
35.08	142
34.56	124
33.76	117
33.43	40
35.22	144
34.98	134
33.74	113
35.04	46
34.22	194
34.62	112
37.33	124
34.68	100
36.03	129
34.81	90
34.47	140
36.57	110
34.01	103
35.86	52
34.04	44
33.88	130
34.34	121
33.87	35
31.56	7
36.15	89
34.63	122
34.12	62
33.68	128
34.64	74
35.07	101
37.52	110
35.24	130
36.14	96
32	12
35.28	76
34.32	52
35.08	133
35.91	51
36.76	100
34.7	116
34.72	83
35.4	102
36.33	123
34.44	122
36.2	128
34.48	126
35.42	105
36.35	80
35.73	105
35.4	44
37.39	97
34.94	139
36.25	120
36.8	118
34.84	137
35.93	137
35.98	113
34.65	215
34.36	75
34.38	129
35.14	132
35.98	113
34.3	123
34.02	62
37.82	65
35.54	57
31.19	22
34.62	101
34.37	104
34.86	110
33.78	115
33.36	128
34.59	73
33.63	80
33.74	98
33.59	129
34.85	121
32.16	36
33.36	63
34.03	96
34.84	93
35.24	128
34.62	143
35.17	122
34.79	84
35.64	118
34.24	98
33.56	82
33.3	137
35.05	115
35.3	91
33.13	140
33.46	89
33.49	64
35.26	106
34.57	117
34.8	90
33.28	38
32.44	9
34.14	132
33.59	60
34.94	71
34.53	137
33.1	74
33.76	74
33.85	79
37.08	106
34.6	136
33.32	85
33.77	85
34.68	58
35.08	68
33.63	129
34.86	95
35.17	125
32.76	18
33.78	98
33.72	144
33.63	64
34.88	104
34.8	133
35.46	132
33.44	136
33.17	138
33.95	121
34.98	244
34.67	143
33.85	42
35.42	96
36.52	49
34.61	69
35.62	58
34.31	109
35.65	64
35.94	100
34.03	64
34.4	132
34.3	140
35.17	125
34.88	111
32.74	141
33.82	73
33.55	90
33.96	131
33.98	245
34.6	132
33.89	106
33.39	93
34.56	71
34.03	118
36.25	145
33.85	132
33.67	72
34.18	106
34.31	136
34.67	86
32.71	135
34.22	93
34.52	98
35.17	95
33.84	127
33.92	34
34.81	68
35.92	108
34.71	126
34.67	143
32.73	109
33.76	104
36.3	115
34.39	108
35.57	118
36.61	104
36.92	113
35.56	145
36.16	130
36.05	248
34.69	132
37.41	123
35.99	246
36.54	111
34.86	141
35.52	135
37.32	89
34.68	134
34.53	78
34.37	130
35.68	119
34.82	249
36.19	107
34.92	117
35.89	87
32.06	132
32.33	139
33.57	94
33.39	121
33.75	173
34.77	94
30.51	11
34.74	182
32.73	15
35.43	128
37.05	116
35.94	84
36.81	105
35.98	129
35.53	139
35.77	63
36.09	102
35.36	84
34.46	64
33.89	87
34.5	90
33.44	128
33.44	67
34.34	134
34.34	94
33.14	55
33.97	93
33.51	89
34.03	105
33.37	128
33.81	124
33.64	105
33.85	128
34.72	75
35.94	113
34.95	107
34.6	82
35.28	226
35.52	69
33.62	120
34.45	104
34.75	127
33.19	128
33.65	185
32.94	94
34.2	124
32.97	79
34.64	128
33.6	127
33.46	125
33.97	82
33.5	88
34.87	106
34.45	140
34.1	117
34.24	141
34.92	133
34.09	123
35.14	132
35.76	119
34.82	142
33.15	135
34.73	57
35.01	58
35.27	99
34.97	114
35.55	115
35.07	119
35.13	143
34.76	91
35.58	144
32.86	129
35.32	221
33.78	81
35.34	135
36.15	86
35.14	122
34.8	116
34.24	125
33.95	115
36.27	80
34.48	74
32.34	76
34.57	111
34.59	131
33.8	73
32.69	138
34.14	182
32.16	72
33.13	117
34.75	108
33.66	252
33.81	138
33.93	129
34.74	107
33.9	80
34.69	89
33.7	63
35.71	127
33.26	144
34.8	132
33.48	126
33.95	115
33.83	109
35.67	110
36.36	123
34.17	245
35.4	117
33.12	28
33.31	139
33.6	44
33.62	144
33.85	107
34.86	75
33.83	144
34.69	122
32.48	50
32.83	103
34.18	135
32.34	128
34.55	82
33.41	142
34.45	84
35.08	122
34.65	136
35.02	123
35.73	143
35.86	110
35.27	98
37.14	124
33.88	126
34.74	96
31.36	5
33.75	110
34.48	120
32.72	56
30.36	3
35.34	108
34.86	133
34.71	139
32.62	144
34.28	133
35.65	66
36.08	11
36.25	51
34.38	119
34.74	219
34.4	128
33.67	141
33.35	120
33.84	89
34.22	132
33.15	32
32.68	32
33.65	141
34.1	97
32.63	56
33.93	103
33.03	136
33.65	134
34.03	81
34.45	117
33.99	120
34.34	108
33.59	125
33.77	194
34.2	116
34.28	125
33.81	73
34.55	124
34.96	127
36.66	79
34.66	205
33.92	92
33.56	72
35.91	84
34.46	67
34.32	135
35.4	94
36.92	137
34.2	131
33.63	57
34.45	147
34.53	106
35.72	82
31.96	74
34.61	247
33.38	110
35.89	138
36.71	123
35.71	133
35.24	57
36.06	112
36.08	142
36.91	123
35.57	136
35.13	128
36.53	117
36.62	105
33.9	137
34.78	133
36.31	144
32.99	20
34.25	109
35.22	105
35.27	123
35.79	133
36.07	124
35.46	131
33.5	141
34.47	90
33.96	129
32.84	112
33.11	242
34.34	97
33.41	144
33.31	94
33.1	51
34.25	85
32.76	54
34	137
34.32	111
34.69	141
34.25	189
32.44	34
33.31	94
32.82	117
35.2	144
33.58	144
35.41	57
35.92	115
35.45	102
34.75	143
35.24	133
36.29	115
35.98	107
36.33	69
35.83	121
34.73	100
34.45	138
34.85	93
34.39	105
35.86	114
35.04	139
35.44	125
33.98	132
34.08	181
35.5	141
34.33	105
32.14	8
32.53	4
34.53	126
34.73	82
32.44	49
32.77	28
33.02	78
33.56	140
34.15	104
34.43	116
34.62	103
36.17	134
34.74	121
35.43	71
35.32	116
34.99	126
34.9	107
35.16	183
32.95	132
35.32	100
34.65	65
36.62	117
34.55	125
34.12	102
35.51	123
33.15	133
34.31	100
35.82	118
33.37	112
34.45	132
34.57	135
33.03	135
35.02	114
35.53	103
34.52	234
33.27	37
33.96	62
33.95	66
35.08	73
34.19	132
38.65	114
34.84	138
34.9	115
34.84	123
34.27	113
36.84	118
35.04	91
33.84	130
35.92	108
38.74	72
33.13	112
34.87	102
33.62	149
33.41	121
33.61	84
33.21	131
33.15	114
33.04	157
31.83	133
33.55	118
33.05	68
34.19	236
34.32	131
34.62	85
34.2	118
35.37	126
33.24	124
35.36	137
33.74	136
33.48	44
31.86	36
32.38	144
34.33	169
33.78	133
34.78	127
33.15	93
33.88	68
34.67	82
33.96	65
33.08	92
33.4	132
33.98	135
34.76	235
34.36	153
33.74	112
33.85	150
32.43	155
33.44	162
33	157
33.9	144
33.96	132
35.58	128
33.74	55
31.8	156
34.15	143
33.98	101
33.77	148
34.72	114
32.06	158
33.56	134
36.12	142
33.55	133
33.33	153
33.75	101
32.33	157
35.88	134
33.05	135
34.51	103
33.39	156
33.74	146
33.95	141
33.73	152
35.18	142
33.7	159
34.85	147
33.08	124
34.39	128
34.61	154
33.2	136
34.16	148
34.51	149
34.1	129
33.63	152
35.82	142
35.84	140
36.69	104
35.68	96
35.11	132
33.98	149
33.54	129
33.68	130
35.19	109
35.17	109
34.33	136
34.03	148
31.81	161
33.8	156
33.15	153
33.33	153
33.75	142
34.19	118
34.76	157
33.32	135
33.93	153
33.69	60
32.84	157
33.09	146
33.59	152
33.3	161
33.36	139
34.56	210
34.45	121
34.45	143
34.25	143
34.28	127
35.19	104
32.84	136
32.25	160
33.5	134
34.02	158
35.1	127
34.85	85
34.4	112
36.04	91
34.26	144
34.03	194
32.94	161
32.94	161
31.8	154
31.71	156
32.68	300
33.47	161
33.72	152
35.33	129
32.59	161
36.27	142
33.28	154
34.91	144
35.64	108
33.68	162
34.73	152
34.38	153
35.24	131
33.04	142
35.39	145
36.4	99
35.49	128
36.11	100
36.34	141
33.55	145
35.45	116
35.18	78
35.35	148
34.45	152
33.18	161
35.34	115
32.35	158
32.85	152
35.18	134
34.44	159
33.96	145
35.29	78
35.02	108
34.56	147
34.24	142
33.99	83
35.53	113
34.37	154
34.28	129
34.54	151
35.05	87
33.2	155
35.19	136
33.32	142
34.54	157
32.47	154
34.32	144
35.38	152
35.2	90
32.74	160
31.73	131
33.45	76
33.03	150
31.78	143
33.73	152
32.41	82
32.34	161
33.72	161
33.4	160
34.13	241
34.21	128
34.2	93
33.9	272
34.75	93
33.24	150
33.48	151
34.6	162
34.66	144
34.44	150
33.95	159
33.89	153
33.79	147
33.58	136
33.12	133
32.65	150
33.26	276
35.41	77
35.62	76
34.12	41
35.16	136
34.16	155
36.28	109
33.04	143
34.09	78
34.8	88
35.08	113
34.12	121
35.81	114
34.02	154
33.61	138
34.46	138
35.06	79
34.41	136
33.43	310
34.61	92
34.72	151
34.29	158
34.22	143
34.72	302
34.17	150
32.31	158
33.56	99
34.92	136
35.44	142
34.41	71
34.06	138
34.9	147
33.04	133
33.44	313
34.12	135
31.93	155
34.2	148
33.26	155
32.64	153
33.05	148
33.36	127
35.4	115
33.24	149
34.5	43
32.89	147
32.32	147
32.32	147
32.77	127
34.08	210
35.12	136
33.92	87
33.87	98
33.51	159
34.08	245
33.16	113
34.93	135
32.84	151
34.24	168
34.47	198
33.69	132
34.11	157
34.11	157
34.47	71
35.11	120
35.63	106
33.89	127
32.79	162
33.46	103
33.11	143
34.12	142
33.61	144
34.57	142
33.99	121
33.54	148
34.35	149
33.8	132
36.15	92
33.9	113
34.53	90
33.68	86
33.68	86
34.46	110
34.46	110
34.01	111
32.1	159
33.8	123
33.71	104
33.86	93
34.72	160
34.29	104
32.76	33
35.43	139
34.97	126
33.71	116
33.35	136
35.26	134
33.05	162
35.31	107
33.56	140
33.25	159
35.38	119
34.64	162
34.41	106
34.12	143
33.29	135
