sim	len_diff
33.94	107
33.43	83
35.14	88
35.15	114
33.88	87
34.39	100
34.42	119
33.63	229
34.13	82
34.29	67
35.14	98
33.26	118
31.8	116
36.76	82
33.67	80
32.93	115
33.39	91
34.48	114
32.91	116
33.96	58
32.8	41
33.52	106
33.86	88
35.61	79
32.93	116
32.84	117
34.13	101
35.79	205
33.1	108
33.89	116
33.25	99
34.36	87
31.49	114
32.92	104
33.23	110
33.23	110
32.86	115
32.81	108
34.1	107
32.89	233
32.64	103
33.06	72
33.66	92
33.74	93
33.68	92
34.17	190
33.23	107
33.55	97
33.54	164
32.4	67
34.66	71
34.58	108
33.05	108
34.19	190
34.25	118
33.05	108
33.05	108
33.21	119
33.55	116
33.58	69
33.58	69
35.26	96
35.7	75
32.39	118
32.55	30
34.33	91
33.29	109
31.55	114
32.47	115
34.1	107
36.15	79
33.65	116
35.26	96
34.39	141
34.45	117
32.71	114
32.47	112
33.55	98
34.21	92
33.67	105
33.94	110
33.8	99
32.76	116
34.2	95
34.07	103
34.94	119
35.45	23
34.67	99
34.06	82
33.4	149
33.68	107
36.16	61
34.63	96
37.94	70
34.07	97
35.03	70
34.25	158
32.71	119
33.48	214
33.44	107
33.75	227
34.23	111
34	106
32.02	112
33.84	135
34	117
32.91	118
31.78	119
33.66	100
34.56	96
33.18	104
33.78	116
36.11	28
33.57	98
34.68	107
33.58	31
33.05	48
34.51	108
33.48	89
33.63	107
33.75	110
33.52	117
34.67	97
33.97	76
35.06	95
34.7	177
33.28	166
35.45	79
34.81	179
36.07	89
34.68	102
34.68	102
34.68	102
33.19	109
34.03	182
34.68	102
34.11	173
32.94	235
34.68	102
34.68	103
33.93	112
32.71	116
32.54	232
34.68	102
32.84	21
34.68	102
34.28	116
34.55	229
36.12	79
35.44	96
33.9	111
33.43	115
32.15	114
35.13	114
33.41	111
34.68	102
33.76	96
34.29	230
33.1	85
34.08	118
35.25	76
34.34	78
33.84	99
34.02	78
32.3	106
35.65	96
34.89	76
34.51	103
33.43	115
33.37	31
34.51	43
34.68	96
34.39	105
32.71	118
32.96	113
32.02	106
34.68	102
34.68	102
33.01	98
34.51	103
33.25	76
32.96	62
34.92	76
33	98
33.84	108
34.58	102
34.8	218
31.82	99
33.71	96
33.59	107
32.66	116
34.86	99
32.5	110
32.27	99
33.23	110
34.2	60
32.47	115
32.05	101
33.58	115
33.05	238
32.21	119
32.94	117
34.24	95
35.03	90
33.96	71
33.78	170
32.58	106
34.48	90
33.81	85
33.39	101
35.87	81
33.53	104
33.59	104
33.46	86
34.15	119
34.23	103
32.36	116
32.85	108
33.51	115
32.56	92
33.42	108
32.99	103
35.31	84
34.89	82
33.41	91
36.06	38
33.69	103
34.53	93
33.28	115
32.45	119
33.61	117
33.72	77
33.48	101
34.68	102
33.04	93
31.9	102
33.97	108
33.48	115
32.57	101
31.92	110
33.68	118
34.68	102
33.97	109
33.3	98
33.47	119
34	105
33.98	214
33.25	180
33.25	180
34.68	102
34.68	102
32.71	104
34.27	202
32.18	113
32.85	104
31.94	117
32.45	119
34.05	107
31.14	115
34.8	106
31.94	117
34.83	118
35.07	106
33.05	100
34.26	88
31.81	118
34.29	105
34.12	101
34.68	102
33.2	95
33.78	115
33.88	195
34.42	97
33.23	103
36.02	30
34.77	89
33.44	39
34.47	69
35.04	104
32.71	110
35.53	58
35.04	93
34.91	84
33.28	94
32.56	159
32.93	114
33.15	105
34.94	98
33.61	113
33.85	45
33.5	36
35.38	114
34.15	116
33.82	195
35.85	78
32.57	116
34.8	85
34.81	94
33.54	91
33.86	78
37.06	97
33.1	76
33.37	110
32.86	102
32.97	109
34.78	57
33.09	98
35.76	86
34.79	109
34.75	65
33.67	88
33.67	88
34.11	81
34.45	111
33.78	91
31.25	116
34.1	103
33.92	112
34.94	59
35.45	117
35.21	104
34.1	114
33.41	95
32.78	119
34.05	118
32.43	113
35.02	101
33.96	107
35.03	82
34.87	102
34.9	97
37.57	46
34.01	103
33.55	101
34.58	113
33.31	118
32.5	119
34.14	94
34.43	78
34.36	32
35.25	108
33.89	107
32.47	91
35.43	111
35.05	60
33.39	47
35.02	90
34.04	110
34.43	101
34.31	110
33.75	102
34.75	94
34.08	40
32.36	104
33.47	179
32.97	99
33.18	70
33.67	190
35.86	81
33.95	79
35.18	95
35.22	74
36.54	94
61.56	9
35.23	169
33.26	21
35.56	140
33.64	98
35	94
34.75	97
33.84	167
34.51	178
33.42	93
34.63	159
33.02	47
34.16	55
33.1	104
31.18	3
34.45	54
33.24	103
35.41	92
34.28	43
30.43	3
35.14	61
33.25	27
34.54	81
32.01	29
34.02	90
34.58	63
33.15	162
34.81	103
34.74	104
37.49	73
35.38	71
35.42	75
36.65	79
35.2	94
73.91	0
35.67	79
35.81	94
35.18	96
34.66	101
35.13	84
35.76	97
34.09	96
65.88	3
35.15	54
34.58	29
33.73	103
34.48	173
33.87	94
33.34	149
34.55	76
33.16	98
34.57	181
33.78	88
35.24	60
34.08	96
35.21	90
34.69	148
34.1	156
33.45	87
34.09	70
33.99	111
34.35	107
32.53	102
33.64	14
33.21	89
32.3	79
33.51	49
65.13	6
35.07	163
34.95	102
34.66	181
34.01	58
33.52	30
35.13	79
35.2	55
36.12	93
34.4	101
35.83	167
33.7	79
36.16	105
36.47	72
35.42	84
36.21	56
34.85	40
35.52	71
35.27	98
65.85	3
62.99	15
35.02	154
34.5	158
34.41	79
35.86	95
33.16	105
33.86	65
34.95	80
33.02	59
35.19	94
36.31	91
35.83	78
35.06	83
35.18	96
35.22	98
35.04	105
35.35	60
34.98	66
36.09	77
35.71	99
35.32	63
35.42	82
33.14	87
34.09	84
33.27	96
33.68	148
64.07	0
33.62	30
33.36	87
33.41	95
34.29	185
36.37	70
33.82	125
34.18	91
34.18	98
34.63	62
36.36	82
34.86	88
34.87	102
32.99	96
36.58	82
34.23	85
35.6	135
64.19	5
33.79	94
35.23	103
34.35	172
34.28	99
34.71	128
35.05	157
34.46	77
32.52	99
33.26	96
32.7	17
33.88	142
34.19	81
33.7	40
32.79	104
34.14	95
34.16	93
35.02	168
36.51	86
34.75	102
36.14	85
34.86	101
35.17	154
33.94	91
65.11	3
34.58	82
36.3	80
62.66	12
34.15	96
34.1	99
34.94	99
33.74	73
31.82	4
35.05	94
33.76	104
34.33	105
34.15	104
31.84	46
35	71
33.52	141
33.92	44
33.9	190
32.01	36
33.71	97
33.87	90
33.02	55
35.11	153
35.71	76
35.97	63
33.58	103
58.41	2
36.27	121
36.81	143
36.21	90
34.65	59
36.85	100
61.55	12
32.34	5
33.11	27
34.68	65
35.05	66
35.94	61
35.05	100
34.08	98
33.92	104
34.66	94
33.14	51
32.42	104
33.81	71
63.48	14
37.22	57
34.44	86
34.18	66
35.28	78
33.88	147
35.94	101
61.43	13
34.21	46
35.68	171
34.41	91
34.84	85
33.44	74
35.52	101
34.1	105
34.32	86
35.09	88
33.93	104
34	87
32.99	90
33.02	36
34.68	103
35.09	97
34.18	60
34.52	61
35.41	160
33.89	158
34.54	86
35	97
34.67	87
34.61	150
35.27	99
66.28	7
35.13	95
33.95	83
35.1	89
33.62	19
62.26	9
35.57	104
33.39	101
34.9	61
35.18	54
36.23	81
34.59	64
34.17	91
34.89	75
35.84	79
35.69	182
35.78	41
66.04	6
35.13	38
34.28	92
35.26	55
34.37	80
34.59	142
35.23	100
33.52	90
33.49	101
33.13	100
34.78	91
33.51	103
35.15	89
62.94	18
33.97	85
33.95	82
33.88	27
33.79	101
33.94	91
34.51	64
33.63	42
34.95	101
35.63	91
34.61	102
34.67	93
64.73	15
33.6	105
33.23	91
56.37	11
36.24	91
35.18	93
34.98	76
34.08	92
35.58	54
36.7	91
35.29	95
34.77	82
35.57	92
35.55	104
66.52	2
37	92
36.2	96
35.6	92
35.05	67
36.91	90
34.46	91
35.24	94
35.8	99
63.01	13
34.24	85
35.7	184
36.48	66
36.21	86
34.96	65
35.09	83
35.15	99
35.47	95
35.18	77
33.3	87
33.78	163
34.42	95
35.11	87
32	22
34.95	176
34.82	71
35.04	84
34.79	93
33.94	78
33.93	38
34.52	128
33.25	24
32.23	11
34.63	60
33.8	79
33.75	56
34.39	89
34.22	60
33.74	81
34.47	83
33.07	68
33.2	93
34.83	148
32.93	84
32.83	36
33.62	73
30.11	72
33.15	96
35.19	73
34.15	103
31.91	25
35.35	78
35.76	51
34.86	104
62.55	12
35.56	63
36.28	103
33.73	95
37.11	73
34.23	87
35.39	151
37.49	60
37.33	81
34.58	83
35.32	158
35.85	89
34.31	91
35.86	71
34.93	104
33.1	19
33.1	19
32.79	76
33.86	100
35.1	81
33.96	75
34.81	83
33.87	89
33.17	51
33.48	74
33.64	100
33.86	90
32.72	97
53.47	70
33.92	60
33.18	102
32.3	21
35.06	154
33.84	79
33.85	98
35.6	65
34.35	95
34.23	120
34.26	86
34.96	98
34.54	152
34.27	102
33.39	104
33.07	57
33.03	96
34.68	78
33.84	104
34.7	102
35.94	78
36.63	40
64.71	10
34.33	103
36.03	95
34.32	94
36.02	85
34.07	84
34.19	85
34.55	42
35.83	71
33.06	95
34.03	157
34.62	74
32.53	16
32.23	103
35.68	54
33.86	78
34.23	101
73.7	1
33.22	74
32.71	69
35.52	103
34.23	98
35.87	73
33.18	95
34.02	90
35.27	105
36.08	81
62.53	20
34.43	116
33.81	90
36.12	70
35.65	116
34.79	60
34.41	164
35.43	81
35.69	82
62.74	16
34.71	99
36.39	76
35.88	93
32.17	9
34.12	101
33.99	103
34.69	104
34.72	8
34.16	159
30.65	22
34.36	46
33.72	109
33.85	130
35.3	52
33.14	105
33.16	93
32.85	92
32.99	33
34.62	92
34.39	67
34.42	140
34.69	54
33.51	55
37.1	87
34.44	71
33.79	124
34.74	101
35.02	86
35.43	89
33.23	97
35.13	99
35.28	76
35.63	96
67.35	1
35.14	81
35.2	101
36.44	58
34.3	103
34.28	96
33.96	102
33.6	85
36.52	76
36.46	50
34.33	81
34.68	93
36.99	82
67.89	7
35.54	47
31.03	6
35.35	101
34.94	88
33.63	62
33.4	100
32.57	62
32.92	82
32.44	89
33.28	105
35.59	84
36.13	57
34.31	62
32.86	51
34.59	93
33.76	20
35.16	91
35.24	92
34.78	78
35.68	179
65.33	0
34.55	141
35.95	77
35.46	67
35.63	66
34.06	95
35.38	75
63.29	14
36.65	86
35.15	99
35.17	96
68.3	29
34.97	82
35.69	99
34.07	39
33.22	105
34.57	104
35.48	70
34.22	67
34.99	101
34.74	69
65.3	4
35.47	97
36.76	103
33.92	90
35.22	105
36.61	134
35.16	88
34.19	94
34.42	101
35.75	95
61.08	2
34.57	83
34.18	105
34.13	77
35.01	101
35.2	62
34.69	188
33.12	89
34.9	88
33.11	100
60.91	67
34.1	102
35.09	93
34.75	72
33.96	96
35.88	69
36.03	61
35.44	94
34.92	80
34.47	75
37.19	55
35.17	98
35.27	88
36.21	161
36.43	103
35.16	103
34.93	96
62.32	35
35.28	60
36.22	93
35.16	110
34.02	97
33.09	92
34.45	60
33.72	78
34.84	53
34.84	53
35.21	91
32.89	88
34.02	103
34.78	100
33.99	88
34.85	49
67.37	1
32.92	95
34.01	75
34.58	104
34.71	77
35	78
35.21	95
34.83	165
33.2	48
35.3	84
34.45	102
33.15	48
34.97	72
36.28	82
33.12	166
31.33	104
35.43	100
33.32	98
33.9	96
33.88	53
31.6	104
33.63	103
36.89	88
32.6	97
33.71	93
35.69	46
32.26	98
61.52	19
37.03	89
35.35	81
36.1	100
36	54
34.72	95
35.29	102
33.78	102
34.94	102
35.38	90
33.48	53
34.74	143
32.09	13
35.09	86
64	19
34.57	102
33.57	90
34.58	96
33.1	58
35.22	64
33.71	41
34.33	84
33.67	92
34.61	50
33.9	40
33.99	80
34.86	180
35.23	161
34.1	85
35.19	85
37.34	67
33.58	80
33.32	178
35.29	79
32.46	96
62.3	12
34.31	90
35.81	96
34.83	162
35.18	98
33.51	99
65.56	6
32.57	105
33.96	98
34.65	101
33.31	72
34.62	71
34.91	104
33.88	178
33.88	178
33.12	97
62.14	23
34.34	33
33.55	103
35.39	97
33.5	90
34.6	90
33.76	162
34.87	78
32.69	97
35.6	50
34.63	105
35.67	58
36.09	85
67.21	1
35.91	80
34.11	180
34.54	81
33.93	92
35.67	58
34.36	102
36.26	72
35.65	99
35.08	78
35.23	76
35.5	187
33.66	51
65.09	5
34.04	48
35.24	133
34.08	76
34.73	38
33.97	167
34.45	72
30.56	12
33.94	83
34.14	133
32.53	103
32.92	22
33.49	83
32.91	101
35.5	100
32.26	84
33.19	162
33.29	42
35.14	64
34.58	90
34.15	43
33.17	102
59.89	20
33.56	86
35.89	84
33.47	135
34.42	52
33.61	92
35.92	88
61.6	10
35.44	56
33.6	59
32.58	104
35.57	153
31.53	42
35.88	73
34.17	90
65.53	7
34.85	86
36.1	117
34.43	93
36.12	91
33.31	97
35	66
34.72	86
35.6	41
33.46	103
35.18	86
33.28	104
34.66	56
33.95	94
34.56	162
32.68	87
34.2	91
34.03	91
34.2	91
34.03	91
34.03	91
35.33	77
34.2	91
34.2	91
36.71	93
61.47	9
34.57	179
35.68	170
34.63	66
35.21	94
36.08	98
32.84	104
34.69	100
34.23	92
62.42	18
36.23	131
34.52	99
33.86	86
34.34	85
33.54	93
34.36	82
33.57	99
33.7	82
34.71	147
34.71	67
33.24	165
34.14	130
35.1	64
35.27	85
35.19	94
36.22	96
65.93	1
35.92	82
34.24	83
34.86	124
35.36	82
32.82	101
35.57	70
66.7	1
33.56	133
34.12	100
35.43	88
35.78	102
34.21	104
34.88	94
34.76	105
34.89	85
33.79	105
34.15	102
33.25	174
35.63	56
33.74	79
33.13	85
32.52	93
32.33	100
34.9	95
35.46	80
35.62	82
33.84	105
34.83	54
34.87	92
36.25	71
33.71	94
34.57	58
34.41	90
32.76	104
37.77	85
35.84	80
35.78	46
34.65	189
36.76	83
74.67	3
34.48	186
34.3	79
35.52	97
34.44	55
34.07	89
35.02	79
34.47	104
60	22
34.31	101
34.64	90
34.76	69
35.58	83
33.84	105
38.31	57
35.83	87
35.19	60
34.74	68
34.34	93
65.77	0
35.2	142
33.81	86
36.71	63
34.59	71
33.69	97
36.17	100
34.88	126
34.65	99
64.1	7
35.18	49
32.45	99
33.99	105
34.57	41
34.97	89
34.15	76
33.52	87
34.66	92
35.68	69
34.07	95
33.38	25
35.65	75
34.42	82
56.72	6
34.51	96
35.3	71
33.89	77
34.14	91
34.57	167
33.81	42
34.26	92
34.67	93
64.73	15
35.81	66
34.4	92
34.34	106
35.84	74
35.08	177
64.2	2
35.84	70
35	87
33.28	96
34.21	17
35.71	149
34.73	144
35.84	105
34.73	91
33.31	103
35.35	105
36.5	70
35.81	37
35.59	92
35.28	75
34.38	105
35.91	132
34.72	80
35.81	53
35.32	172
35.57	72
64.31	7
33.36	100
34.73	98
36.53	94
35.5	69
35.46	71
35.88	166
32.42	88
62.41	2
34.83	133
35.28	68
35.09	81
34.35	83
32.13	94
32.75	96
33.79	87
36	67
33.92	74
34.11	100
61.5	9
33.93	80
34.39	140
36.61	86
34.1	82
33.78	97
34.89	105
34.2	80
34.69	100
33.07	102
73.28	5
37.61	67
34.07	103
34.21	89
35.1	105
35.47	77
34.15	35
35.04	77
65.8	3
33.88	103
34.5	66
34.37	73
35.54	176
35.06	83
36.07	136
35.68	163
34.31	94
38.87	64
32.92	98
33.84	106
34.72	166
33.64	160
34.75	88
33.42	105
33.85	81
35.99	92
35.6	74
31.7	49
34.79	71
33.11	84
65.32	8
34.01	145
33.21	95
33.87	100
33.58	95
35.17	77
34.52	38
33.02	62
35.33	94
33.01	27
34.62	96
36.48	28
35.32	41
34.65	69
35.49	97
33.75	46
32.99	77
34.2	96
33.15	102
34.28	161
35.86	80
33.75	43
34.36	62
33.68	95
34.25	96
66.86	9
35.11	122
33.65	93
33.39	96
34.4	165
34.5	157
34.7	91
35.45	67
34.16	131
34.97	162
34.58	35
33.69	183
33.27	97
33.54	101
34.2	79
33.15	83
33.57	159
34.59	94
33.8	101
34.48	141
34.78	149
34	96
34.82	180
34.96	60
34.95	65
34.68	93
35.96	92
37.1	67
35.23	76
35.76	48
61.09	20
36.11	66
34.4	101
34.1	56
36.49	61
34.48	87
35.44	86
34.59	72
34.04	104
61.73	3
34.48	101
34.63	84
36.29	70
34.86	50
35.65	40
35	105
35.46	79
64.83	8
33.69	95
34.68	181
34.78	49
34.22	98
35.35	93
36.55	76
36.46	35
36.15	98
60.55	14
34.68	9
34.37	17
35.38	69
35.23	59
35.25	94
34.57	166
35.04	72
35.3	95
32.44	105
33.56	90
34.26	40
34.03	87
34.7	62
35.47	126
34.24	86
34.19	35
34.04	135
30.15	5
30.24	7
32.84	183
34.88	124
34.55	62
34.42	135
34.82	105
33.48	97
32.71	79
35.8	54
34.9	78
34.92	95
34.74	81
67.08	0
36.61	80
32.92	94
34.61	106
34.49	109
35.01	96
34.65	81
33.54	91
31.34	11
32.92	48
33.99	89
34.34	146
34.07	73
34.73	41
35.36	24
33.48	74
35.33	56
33.67	76
34.72	78
34.2	79
31.24	15
34.92	84
34.43	82
34.01	108
34.48	103
34.81	88
34.1	98
33.04	73
33.38	171
32.86	100
34.17	130
32.48	94
35.31	104
34.41	91
33.84	152
32.34	90
66.46	1
36.01	91
34.48	78
35.67	87
35.79	190
33.89	85
33.54	90
35.82	98
35.84	179
36.65	64
35.76	89
35.05	88
67.19	0
35.84	74
35.1	91
34.38	79
36.08	110
34.74	95
36.83	63
35.41	89
33.21	82
34.11	88
34.71	82
35.75	79
65.64	0
35.15	148
34.7	101
34.81	91
34.11	99
35.15	105
37	67
34.01	24
33.86	79
34.68	94
34.29	80
34.62	55
34.65	126
34.85	82
32.69	41
34.87	96
33.49	82
63.42	2
34.08	76
32.7	90
34.94	112
34.37	76
34.22	145
35.63	72
32.44	82
35.55	166
34.16	95
35.12	48
33.55	92
34.95	156
62.57	13
34.42	78
33.52	79
33.78	26
33.52	99
33.94	92
34	92
35.81	50
35.28	74
64.2	7
33.75	87
35.96	85
34.78	15
36	17
35.49	86
36.04	134
35.37	76
34.21	92
34.57	98
34.71	100
34.61	134
32.23	96
61.22	19
33.5	66
35.78	106
33.23	93
35.34	78
36.28	99
34.3	85
35.48	178
36.14	81
36.57	71
66.25	6
33.22	91
34.14	94
35.94	98
33.93	105
32.19	28
34.54	105
33.47	96
34.36	167
33.05	83
35.56	96
35.14	111
60.65	10
34.21	60
34.92	143
33.96	71
62.15	12
35.06	101
36.34	79
35.15	89
36.23	101
34.32	94
35.17	94
34.86	72
34.8	61
35.43	80
66.61	0
35.75	142
35.85	81
33.27	83
34.75	93
34.41	91
35.01	88
33.43	94
33.55	92
35.13	80
32.53	93
32.6	104
34.15	55
34.63	63
33.4	154
34.65	122
34.52	112
33.73	76
32.5	99
32.5	8
33.16	73
34.41	51
35.28	22
37.26	55
33.03	73
53	42
36.27	91
34.82	89
33.91	135
34.96	62
34.85	52
33.73	129
35.92	82
36.13	69
32.79	38
32.73	66
34.66	163
34.45	91
60.92	16
35.64	91
35.37	94
35.56	105
34.28	99
35.13	87
36.49	144
37.26	78
35.42	83
35.74	57
35.62	113
62.41	19
36.59	41
34.84	63
35.05	81
34.92	79
36.04	86
37.6	53
35.71	57
34.45	81
35.68	19
35.1	19
35.01	14
35.55	81
35.7	96
34.54	92
67.1	1
35.97	71
36.52	90
34.63	96
35.68	77
34.65	10
33.54	96
35.83	161
36.36	99
35.09	73
35.05	96
35.81	74
35.44	71
35.66	76
34.57	94
67.6	3
34.75	61
35.85	67
35.78	99
34.26	83
34.77	86
34.57	95
36.05	72
37.18	89
61.07	24
34.77	27
34.78	106
35.96	28
35.59	63
36.57	81
35.71	77
35.83	58
35.46	59
35.88	55
62.24	10
36.95	99
34.77	94
35.68	75
34.75	88
35.38	101
34.5	74
35.21	77
35.69	43
33.97	96
35.6	93
36.32	60
35.89	69
34.38	85
34.1	82
32.92	53
35.5	83
62.2	22
32.32	9
32.5	23
35.31	96
34.35	100
34.52	98
63.57	14
35.02	98
32.92	103
35.17	98
35.4	88
33.94	30
33.15	89
34.98	97
35.13	50
35	92
34.52	102
34.11	178
35.18	88
35.37	88
34.63	81
58.07	32
34.31	66
33.18	82
33.86	95
32.8	178
62.87	8
34.9	156
36.65	58
33.98	155
34.09	83
34.39	84
34.4	80
34.94	96
35.81	58
34.44	101
35.76	117
65.64	4
36.19	82
33.08	51
33.48	98
32.76	100
33.81	89
34	100
35.72	130
32.74	102
33.37	99
68.13	7
37.4	80
33.86	68
34.71	100
33.83	103
34.71	90
35.96	156
34.39	103
34.44	97
36.84	118
34.76	166
34.88	89
36.34	9
36.89	63
35.18	90
64.76	16
35.63	58
34.67	69
33.56	105
35.27	156
35.21	105
35.96	128
34.88	158
35.01	104
36.37	98
63.43	9
36.19	83
35.05	74
35.78	41
65.87	7
36.28	104
37.43	106
36.4	92
34.22	87
35.2	103
34.63	100
33.26	95
32.21	37
35.21	89
34.61	47
60.26	17
33.34	103
33	104
33.31	47
31.78	94
34.88	81
35.17	18
35.67	88
35.42	14
58.26	41
36.03	99
35.54	52
36.17	86
36.37	73
35.17	80
35.21	110
34.14	98
34.75	99
35.35	82
35.47	99
33.19	33
34.79	105
34.45	104
34.98	77
36.18	81
34.82	55
33.66	102
34.69	28
33.85	36
60.34	20
35.41	105
34.31	79
34.74	87
34.79	85
32.96	97
33.13	25
33.94	100
33.5	91
32.97	31
33.85	87
33.85	128
33.94	151
34.31	66
34.58	49
34.42	105
34.54	26
36.38	107
36.55	75
35.7	53
36.16	71
35.47	124
36.53	81
34.74	93
34.92	123
57.36	50
35.89	99
34.57	97
35.97	90
35.24	105
34.32	84
35.46	98
36.48	81
36.86	94
35.09	92
66.11	5
33.72	95
35.36	142
32.76	21
35.64	55
33.74	100
33.86	100
32.69	103
35.4	29
65.22	8
33.56	89
34.75	151
66.91	0
34.44	97
35.26	69
34.75	96
34.14	85
33.62	97
35.6	158
35.52	94
36.4	104
35.85	76
34.89	127
35.01	95
34.27	165
35.8	90
34.5	65
35.24	130
63.68	13
36.15	75
35.43	104
34.28	91
63.96	13
35.52	85
34.39	97
32.94	102
35.18	104
34.11	38
35.02	93
36.13	78
32.94	105
32.36	95
37.93	53
34.59	72
33.69	48
63.18	1
34.24	96
33.46	105
34.27	101
34.65	55
34.4	77
34.02	76
33.38	55
33.84	89
33.66	99
33.86	81
34.05	77
35.54	186
33.49	47
61.74	17
32.61	69
34.97	56
34.42	102
34.83	81
34.57	104
35.82	101
34.46	95
68.4	5
36.6	83
33.98	85
34.08	103
34.93	78
61.16	21
34.17	92
33.81	160
35.61	82
34.36	105
36.16	97
35.07	106
33.73	96
34.86	81
34.13	89
34.15	104
32.31	105
34.36	98
34.03	97
36.19	71
34	99
35.37	86
67.33	10
37	82
34.04	99
34.98	92
33.98	87
34.07	49
34.24	89
31.31	87
34.89	65
60.08	19
34.64	90
33.94	78
34.23	79
36.07	86
36.25	99
35.26	100
35.22	78
65.48	7
35.28	88
36.42	105
34.79	90
36.84	86
34.26	101
34.73	102
35.54	97
33.67	79
34	98
34.81	93
35.7	81
33.62	116
32.99	156
61.08	23
34.76	83
34.21	97
34.4	97
35.79	98
33.99	95
34.24	104
36.14	82
35.22	104
35.07	86
65.1	16
35.17	171
34.09	38
35.83	74
33.8	99
35.43	102
34.71	94
34.73	68
34.31	34
69.86	5
31.36	102
33.95	81
62.5	10
33.26	77
34.71	75
34.59	100
34.73	95
33.9	104
36	59
33.4	34
33.75	36
33.84	81
36.06	105
35.13	104
32.94	99
34.84	96
36.23	68
35.06	93
34.52	104
35.18	36
34.99	78
34.82	92
34.23	92
36.04	72
63.44	11
34.29	103
33.6	27
34.41	72
33.81	103
34.59	91
32.05	76
33.84	96
34.01	98
32.54	49
33.7	156
34.08	96
34.1	75
34.45	87
34.64	90
34.92	70
32.98	102
31.78	79
33.42	103
65.07	14
33.55	93
33.07	101
31.71	6
35.04	89
35.62	79
34.93	50
35.66	69
35.11	80
34.32	129
35.49	93
33.68	101
63.76	6
34.75	152
32.77	16
33.65	102
33.17	94
34.54	95
34.82	93
34.56	71
34.26	99
35.7	89
33.35	102
69.87	6
34.74	97
35.97	87
35.78	76
33.97	74
33.57	71
35.66	102
34.19	96
35.65	98
35.76	95
33.76	167
34.66	60
34.64	75
35.58	59
35.63	86
59.3	19
34.62	92
33.55	90
34.83	81
33.97	81
34.75	67
34.92	28
35.08	68
61.74	17
34.45	72
35.36	129
36.27	79
33.8	42
34.22	72
34.01	104
34.5	68
71.54	0
34.65	45
33.8	93
34.55	55
35.7	95
35.02	92
36.02	94
32.34	30
34.52	90
63.29	6
34.68	91
34.33	150
33.51	66
33.21	90
33.36	66
34.56	102
37.35	77
34.26	188
34.08	95
33.78	91
34.28	97
61.6	12
34.41	81
35.61	137
36.38	59
34.71	102
31.29	18
34.08	70
34.8	67
63.53	13
34.06	140
33.71	89
34.96	92
33.25	85
34.44	91
53.81	0
34.58	99
34.08	46
35.96	68
35.71	64
36.6	93
35.14	89
34.8	143
36.18	85
35.04	96
33.76	98
33.84	101
34.73	66
34.33	98
33.32	93
34.57	103
32.46	91
33.27	105
60.82	11
35.23	103
32.5	103
31.83	10
34.09	128
33.65	187
33.89	59
33.63	98
32.88	187
34.07	32
32.97	59
33.87	178
34.92	79
33.65	47
34.84	66
34.98	101
33.19	95
34.23	50
70.3	1
35.5	179
35.16	99
33.34	91
34.28	131
33.38	33
33.5	85
34.23	105
35.28	90
32.44	58
35.35	83
34.52	120
34.98	179
34.21	85
33.14	100
33.64	131
33.59	57
31.57	71
34.43	48
36.15	135
34.44	69
34.74	55
33.29	64
35.18	115
35.09	90
35.43	115
34.11	99
33.88	89
35.44	143
34.71	42
34.93	157
34.96	51
34.26	71
34.42	56
33.98	104
34.75	39
37.13	61
62.03	22
35.08	52
34.94	95
35.79	74
35.87	83
36.36	90
37.13	78
32.55	121
35.66	89
62.2	1
33.68	92
33.06	103
34.48	165
33.71	100
34.21	64
34.52	36
34.89	101
32.41	139
34.67	121
32.88	30
35.2	117
34.62	88
33.89	86
33.93	130
31.31	8
32.07	95
34.62	104
33.21	82
34.11	88
33.71	139
33.52	87
33.28	100
34.6	109
33.94	142
34.58	101
33.83	99
63.8	2
35.53	66
33.54	98
33.27	87
34.42	98
33.12	68
65.88	0
33.81	110
33.27	103
33.67	150
33.47	105
34.3	96
34.8	48
33.96	89
32.96	103
35.1	104
33.84	82
33.43	48
33.57	187
34.66	97
33.26	44
34.45	116
34.05	86
34.91	158
35.21	105
34.06	98
34.89	69
34.98	70
34.24	61
32.49	97
58.86	7
35.24	98
34.84	93
36.04	82
62.17	0
35.15	56
35.91	86
37.14	78
34.28	95
35.75	88
35.08	157
34.71	101
35.21	85
34.82	96
35.56	101
34.28	99
33.42	173
35.31	76
35.11	169
34.69	102
33.83	151
35.45	90
34.84	133
64.02	10
35.55	77
34.49	91
34.65	154
34.68	103
35.58	99
33.65	53
34.2	97
34.23	51
32.68	71
32.95	74
33.27	80
34.31	39
34.23	79
33.89	55
33.92	76
33.34	40
33.61	39
34.36	94
62.22	8
35.19	187
35.61	71
35.34	69
35.08	21
36.77	102
36.22	85
37.03	146
35.5	47
33.76	99
33.6	90
33.59	102
34.91	48
63.39	6
35.21	87
34.76	104
34.36	98
35.13	80
32.31	57
33.59	69
33.91	48
33.01	101
34.67	104
32.63	88
34.75	52
33.95	85
33.47	159
35.14	53
32.28	99
63.72	12
35.38	103
35.84	76
36.91	107
34.71	101
34.55	97
35.37	71
35.15	93
34.76	79
34.87	96
33.73	94
34.96	70
61.58	13
34.95	67
35.28	72
34.41	102
36.22	54
34.33	23
35.43	69
35.12	86
53.69	3
35.49	87
34.8	73
35.59	88
34.55	186
33.94	75
35.02	101
36.55	85
34.92	80
35.08	76
33.7	46
33.43	102
33.85	68
32.99	82
35.17	89
65.18	4
33.3	81
34.98	122
34.93	160
32.4	49
33.82	87
33.22	98
33.22	98
34.33	89
33.22	98
34.11	53
33.22	98
34.33	89
34.42	89
33	72
33.9	97
33.61	165
33.51	71
32.53	103
61.29	10
32.95	84
34.02	56
34.55	101
33.82	57
33.62	94
33.97	97
36.78	79
36.79	79
35.47	84
65.62	7
33.38	4
34.73	84
33.42	11
32.54	87
35.12	100
34.05	42
35.07	77
35.13	104
34.42	90
35.53	54
32.56	95
34.24	74
34.25	110
33.64	159
35.26	33
61.22	2
34.31	60
32.14	96
33.28	80
32.84	103
32.77	104
34.13	104
32.48	83
34.17	99
33.97	60
34.53	101
62.11	2
34	105
34.62	57
32.82	95
34.14	79
34.73	100
34.1	38
34.68	91
35.18	98
35.07	167
33.78	34
32.87	99
34.62	79
34.9	172
34.76	68
34.84	63
33.05	70
33	100
35.21	79
36.63	81
32.89	103
33.74	172
32.36	12
33.7	98
34.48	101
34.67	101
35.61	115
35.01	88
36.83	107
34.65	53
35.48	93
33.52	96
35.9	71
33.47	104
36.13	88
36.67	96
33.93	72
34.69	59
61.61	19
34.83	154
35.26	103
33.38	89
35.01	95
33.57	30
34.54	102
34.04	91
34.21	88
33.12	86
34.52	92
100	0
35.26	187
36.74	80
34.85	89
33.69	100
34.69	91
33	105
33.91	38
34.86	74
32.97	93
34.85	66
36.32	49
34.94	77
34.89	96
34.3	31
34.34	44
34.19	159
35.09	176
34.07	67
34.23	102
35.23	93
35.34	94
36.29	84
35.77	78
33.9	46
34.45	66
70.14	3
34.8	76
34.65	56
36.53	72
36.23	82
33.27	30
34.02	78
34.78	53
35.16	97
65.07	5
34.92	125
35.16	174
35.16	92
35.61	46
33.01	98
32.52	60
32.03	98
33.9	42
33.32	82
34.91	76
35.16	96
35.23	54
34.42	72
33.73	82
33	23
64.45	7
33.84	93
33.25	125
34.6	95
34.57	91
33.6	99
35.57	99
32.9	44
35.17	127
34.83	103
34.02	87
34.47	92
34.29	92
60.14	23
34.91	94
34.39	103
36.2	144
34.6	94
34.17	89
35.6	79
34.52	69
34.31	90
34.29	86
35.47	91
34.25	104
59.03	22
32.71	186
33.95	66
33.92	95
33.98	94
34.95	98
34.63	162
34.07	169
34.83	115
64.74	1
33.93	188
32.78	85
35.26	69
32.42	102
34.87	88
34.34	80
32.53	178
34.39	83
35.46	78
33.26	95
34.4	95
34.05	95
33.89	86
32.66	88
34.61	15
56.52	2
33.93	33
34.5	66
34.56	45
33.57	39
33.68	88
34.37	104
34.6	187
34.02	102
34.1	114
33.97	33
33.79	81
34.25	66
63.8	13
32.6	41
34.69	115
35	97
35.37	85
34.63	79
35.17	103
34.51	103
34.11	92
34.02	98
36.1	74
35.91	75
58.15	2
35.19	114
33.62	54
36.03	90
35	35
35.57	80
35.79	117
33.76	98
34.66	72
35.83	79
34.67	92
35.96	92
61.17	20
34.11	93
35.5	88
34.87	100
34.92	62
34.5	98
35.56	101
34.09	103
33.41	93
35.21	58
63.63	3
34.98	7
34.39	95
34.35	45
34.87	98
34.27	101
33.29	99
35.38	97
34.27	101
35.73	104
35.76	46
34.75	103
34.02	95
34.67	103
34.11	97
32.66	24
35.52	81
33.91	87
60.19	23
32.19	100
33.1	82
33.71	98
34.63	86
35.36	104
33.6	90
34.89	177
34.62	85
34.56	140
60.79	19
36.97	76
34.81	97
33.52	103
32.55	101
61.91	21
34.01	98
33.82	142
34.16	28
32.52	96
34.24	101
33.61	171
33.68	97
34.75	103
32.54	185
33.94	95
34.67	103
34.11	97
33.55	145
33.66	87
60.53	21
34.54	49
31.8	20
35.33	175
34.85	87
35.71	77
35	172
35.01	97
34.17	181
33.81	102
34.01	67
33.87	105
33.23	50
33.24	97
35.69	73
33.47	155
35.5	112
33.2	100
34.31	160
33.71	97
33.88	92
34.79	88
34.27	93
62.54	24
34.9	43
35.94	101
36.55	45
35.75	64
35.45	134
35.55	81
33.29	14
34.68	94
35.94	59
35.79	97
60.98	29
35.71	74
35.5	49
35.2	99
36.87	46
35.92	86
35.55	70
34.79	154
34.24	46
34.5	96
33.79	51
34.99	151
34.65	84
33.81	44
34.78	104
34.46	65
34.92	148
33.39	146
33.78	33
32.77	98
34.22	103
34.5	98
34.4	97
33.71	71
35.23	76
34.28	104
32.97	72
35.06	57
33.89	92
35.23	59
35.04	81
34.12	91
35.21	164
33.84	94
32.94	100
34.81	94
33.71	103
35.73	82
66.08	2
33.74	96
59.7	29
33.35	23
34.88	161
35.08	84
35.56	92
34.93	97
35.96	87
35.11	92
35.64	112
34.75	47
60.89	17
36.45	90
34.14	143
34.06	150
35.3	97
31.9	22
32.82	94
34.44	79
34.49	42
35.28	79
36.28	91
36.36	95
33.7	103
34.48	65
34.05	91
64.07	4
33.73	177
34.29	91
34.17	34
35.41	113
59.32	23
36.16	64
35.76	132
34.64	93
33.27	103
34.92	85
35.63	75
35.13	67
35.66	89
36.67	100
34.13	68
34.91	76
33.74	63
35.01	86
33.61	102
34.53	105
33.55	91
35.45	120
35.43	99
65.73	37
35.71	89
34.17	103
32.74	105
35.24	163
33.76	16
34.76	94
33.65	45
33.97	77
33.86	97
35.18	76
34.86	183
35.04	45
34.19	87
35.26	55
35.7	103
35.41	85
34.92	174
34.94	87
61.71	12
34.66	79
63.02	8
34.97	73
35.93	84
33.74	53
35.64	95
35.68	76
35.1	104
35.78	130
34.35	31
35.09	55
36.65	38
35.63	100
59.56	6
36.14	99
36.09	48
34.54	36
34.23	77
35.51	103
34.47	171
33.65	87
35.33	81
33.47	69
61.15	16
36.45	54
34.46	83
33.74	20
34.68	20
34.37	47
33.34	70
36	149
34.29	77
34.85	57
35.57	55
36.49	57
35.83	74
34.98	77
35.32	88
34.54	92
36.82	58
35.43	90
34.83	107
65.04	8
34.45	102
33.54	153
34.45	102
34.73	73
34.45	102
36.39	72
34.45	102
35.21	104
34.09	84
35.84	96
34.89	174
34.1	102
34.6	59
35.92	82
36.1	71
57.34	2
34.93	57
34.5	102
33.96	96
34.44	58
62.23	17
33.79	104
34.85	88
34.56	88
34.42	71
34.38	96
34.29	78
35.74	78
35.03	34
34.21	99
34.14	59
33.72	99
59.91	21
37.09	82
34.78	80
36.26	83
35.52	94
34.29	98
33.38	83
35	103
36.02	88
33.79	97
62.6	6
34.22	85
34.21	78
37.08	82
35	119
37.35	80
60.84	10
36.19	92
34.68	35
34.08	176
36.42	31
32.58	7
34.69	66
35.86	75
34.81	94
36.09	135
34.32	177
35.61	77
34.23	89
34.43	154
59.8	32
35.03	58
34.75	96
36.6	67
36.23	83
33.43	102
35.55	48
33.31	93
32.93	102
32.51	100
34.6	89
59.98	17
34.33	144
33.71	25
33.84	98
33.97	65
34.15	74
33.21	103
36.06	100
34.86	98
36.09	89
35.11	148
35.97	82
34.24	81
32.59	30
59.05	12
34.54	96
34.24	105
34.28	44
35.64	80
35.25	72
34.96	77
37.22	91
34.99	143
34.21	86
33.64	93
33.71	97
32.97	102
33.42	103
34.45	150
36	103
33.94	73
32.83	94
34.19	41
33.34	104
34.64	162
67.28	0
34.01	91
34.01	47
34.53	62
34.47	85
35.17	66
36.39	84
34.37	47
31.67	100
61.9	13
34.19	93
35.94	65
35.71	76
35.79	103
34.6	101
34.8	98
35.8	86
35.58	94
36.12	78
34.44	62
35.34	95
34.59	96
35.58	77
36.39	90
32.98	63
34.22	78
61.84	8
35.52	86
35.34	100
33.71	93
34.09	55
34.45	184
32.42	78
59.4	20
33.17	102
33.38	90
33.24	90
32.5	170
34.16	89
34.6	64
33.5	140
33.3	47
32.96	90
33.98	43
33.28	98
58.85	20
33.26	78
33.51	162
35.67	100
35.18	99
35.15	104
34.19	94
32.64	103
34.62	70
34.2	80
61.49	8
35.19	137
33.33	97
35.19	123
32.2	99
32.63	104
35.08	37
33.82	41
35.31	93
34.96	94
33.96	99
35.4	73
66.46	1
34	98
34.03	19
34.57	100
33.31	40
33.45	155
35.05	86
32.97	96
34.55	105
33.62	102
32.74	103
34.38	97
34	64
34.89	156
35.57	146
33.36	62
33.86	105
34.37	145
33.55	89
33.48	79
34.22	59
32.57	104
33.76	99
34.97	91
33.77	81
35.45	79
61.95	15
33.81	86
34.36	81
33.5	102
35.17	95
33.97	95
34.44	91
33.58	93
60.86	25
35.18	90
34.95	59
34.18	90
37.21	60
35.35	72
33.26	69
34.52	67
33.63	99
34.9	101
34.14	98
34.01	72
34.57	105
31.32	98
34.48	98
34.62	88
33.57	94
35.35	77
35	101
32.7	102
33.5	52
34.25	97
33.88	87
34.31	85
33.68	187
34.17	99
35.02	59
34.89	105
34.34	82
36.47	83
35.73	45
34.53	94
35.35	75
34.34	82
34.42	100
64.12	0
33.16	97
34.63	104
35.71	71
35.26	100
34.27	177
35.97	74
35.95	72
34.17	152
35.26	80
33.56	18
36.03	83
34.21	95
34.51	89
32.98	93
35.43	81
31.04	38
33.96	34
34.85	98
33.44	105
65.4	1
34.92	104
33.93	43
33.68	75
33.45	170
34.04	153
34.96	93
34.52	56
67.71	2
34.68	187
33.99	97
34.56	89
33.51	79
35.25	92
33.16	36
34.26	73
34.94	50
33.5	79
33.11	91
35.6	86
35.23	100
34.78	42
62.14	9
34.21	104
33.33	103
34.66	94
34.44	98
32.66	24
35.55	81
33.29	95
60.14	23
34.21	101
33.12	82
35.75	90
34.79	73
33.84	93
34.2	95
35.82	81
32.7	89
33.24	104
33.03	103
35.24	86
33.36	162
35.64	88
65.11	10
35.58	19
34.84	140
37.49	102
35.55	82
34.95	97
33.81	103
35.64	65
35.16	88
34.07	48
36.45	103
34.42	101
36.95	59
34.02	69
33.68	97
37.12	89
33.5	130
33.81	100
34.21	92
35.46	96
63.17	18
33.61	87
35.65	64
35.84	76
34.68	100
34.79	100
32.84	32
35.12	185
35.01	156
31.33	105
35.24	74
33.08	94
33	28
33.96	94
33.04	63
33.31	88
33.69	57
31.89	90
32.61	79
35.02	100
34.63	176
34.72	51
33.05	102
35.76	73
33.03	104
35.57	66
35.21	58
34.95	96
33.96	164
36.48	91
35.14	173
35.33	97
34.55	81
35.89	91
34.31	58
33.95	98
35.68	78
35.01	149
35.48	86
33.39	48
32.5	57
31.66	94
59.48	3
30.36	59
33.2	106
31.98	18
32.98	114
32.93	76
32.94	97
36.16	98
33.65	97
33.21	165
60.15	36
33.49	127
33.69	89
30	5
33.6	104
34.82	26
33.85	86
35.52	104
34.38	87
36.5	100
36.37	85
66.36	5
35.07	104
35.07	86
35.77	73
33.95	95
35.44	85
34.74	100
34.12	75
35.75	64
34.76	123
35.1	102
37.08	72
34.55	96
35.38	85
34.12	95
65.79	10
33.59	87
36.18	57
33.99	102
35	72
33.68	136
33.59	184
34.74	90
34.64	101
33.89	84
33.31	105
34.85	59
35.09	84
32.55	19
33.27	91
33.28	56
34.68	181
32.51	101
34.29	31
34.46	48
57.25	3
34.45	163
34.41	80
34.95	94
35.5	70
34.55	34
35.12	139
33.54	58
35.12	129
33.97	182
34.96	24
34.35	83
34.15	75
34.78	115
32.15	16
34.76	153
32.54	84
34.05	180
33.84	80
34.37	94
33.35	84
35.11	62
33.47	49
33.83	101
34.06	80
33.47	101
33.29	95
33.91	172
35.13	98
33.77	50
32.95	86
33.93	103
34.52	112
32.85	57
35.01	91
34.94	58
33.27	64
33	74
34.13	154
62.5	0
33.78	95
35.12	76
36.16	77
35.88	123
35.33	95
35.62	90
35.63	101
34.46	104
34.47	67
35.29	113
63.31	16
35.86	99
33.15	92
34.16	118
34.2	62
32.62	95
33.69	78
34.7	114
33.6	99
34.86	113
34.86	122
36.81	93
37.04	78
32.75	97
35.4	107
32.87	97
32.75	97
32.75	97
32.75	97
33.09	97
63.22	18
35.01	175
61.41	13
34.88	104
34.97	73
35.57	109
36.54	93
35.61	54
36.22	77
32.86	65
32.36	96
33.61	96
32.05	101
35.82	79
34.66	26
34.22	98
34.39	99
65.74	0
32.92	38
34.65	60
35.27	80
34.25	89
34.21	90
35.94	100
34.93	96
33.96	95
35.5	171
37.02	62
66.03	12
33.51	54
35.91	77
34.83	75
35.3	143
33.6	96
33.75	54
35.33	152
34.75	74
53.92	2
34.8	125
32.8	104
35.47	125
33.81	59
35.36	64
35.23	97
34.54	99
34.04	51
35.96	190
35.99	62
34.5	104
71.16	0
35.1	181
33.97	83
32.34	12
33.96	99
34.18	105
34.16	142
32.78	96
36.23	79
33.84	25
34.54	73
33.14	52
35.28	46
34.96	68
34.22	88
36.35	62
63.93	10
35.06	96
33.02	52
35.94	79
36.06	87
36.43	144
34.42	81
32.85	89
34.07	104
64.71	3
34.13	86
34.17	82
34.68	51
36.28	62
34.2	51
33.34	94
36.39	84
60.11	22
34.96	76
35.8	97
36.3	72
35.53	66
37.9	69
35.76	51
33.93	104
33.6	100
34.42	118
34.16	118
33.13	22
62.77	17
33.65	86
34.18	95
34.32	102
32.53	85
34.27	63
35.84	52
34.73	95
35.9	94
35.38	93
36.5	78
35.78	97
35.56	126
35.24	142
34.32	94
34.27	163
35.89	63
33.66	69
34.55	123
35.45	156
33.66	69
33.66	69
34.07	86
35.34	91
34.89	89
34.13	88
64.18	2
34.83	81
35.3	102
34.26	104
36.77	114
34.99	96
34.86	93
34.82	98
33.97	91
34.08	104
34.53	98
35.16	75
35.33	87
33.79	91
34.3	25
32.36	35
32.94	75
34.62	58
35.03	57
34.55	98
34.51	177
35.96	103
35.1	118
34.24	132
34.65	82
60.01	22
36.78	80
34.02	64
35.75	79
35.27	86
34.9	83
33.52	97
34.21	95
63.51	9
33.28	72
35.56	93
35	90
33.89	78
32.92	80
32.19	105
33.34	101
33.84	50
36.11	91
34.49	149
35.28	105
33.31	91
34.05	100
35.25	103
32.88	18
33.02	99
34.89	61
35.18	65
34.23	105
33.94	189
35.36	75
35.13	85
36.2	78
34.84	33
32.47	23
35.37	97
68.2	5
33.94	122
32.39	101
35.48	180
35.65	82
34.14	93
35.61	152
34.57	145
66.97	10
35.38	156
34.36	157
34.63	88
33.6	96
34.62	88
63.44	11
33.67	98
33.97	95
33.23	94
34.89	93
34.56	101
33.92	105
36.84	73
34.89	43
32.93	104
33.72	97
65.58	12
34.47	58
34.78	72
33.7	78
35.83	61
35.9	97
38.17	65
34.2	167
34.94	28
36.76	80
59.36	22
34.38	118
36.64	76
34.42	89
35.79	102
35.14	91
34.92	101
36.17	79
33.43	98
35.7	101
60.04	22
36.81	80
35.89	95
34.14	98
38.04	60
35.04	93
34.55	83
31.77	97
35.17	104
35.91	67
34.57	79
33.26	104
34.12	99
33.46	101
33.42	100
33.52	87
34.74	109
33.61	96
35.5	82
34.85	52
34.27	85
33.34	82
34.96	83
33.8	77
33.18	50
34.36	91
34.27	166
35.08	135
34.45	52
34.9	96
35.67	51
35.42	94
32.21	102
35.11	57
33.47	183
62.68	10
33.07	87
32.64	88
33.28	91
34.48	78
34.38	23
33.92	101
34.37	176
34.38	73
34.37	190
33.07	52
35.87	73
35.6	89
33.9	140
33.57	104
34.35	102
34.48	96
35.06	91
36.97	91
60.42	19
33.97	97
35.75	83
35.33	154
35.94	79
35.83	83
35.97	86
34.3	62
34.34	105
34.21	96
68.78	2
34.45	97
32.14	91
35.13	90
34.1	86
35.16	88
65.59	4
33.64	41
32.55	23
34.94	90
34.89	93
33.16	84
33.62	107
33.44	95
34.43	104
34.47	96
35.29	109
35.17	107
68.56	2
35.31	94
34.73	99
34.23	88
33.89	83
33.14	105
33.82	79
33.45	70
33.52	86
33.08	98
33.12	101
34.72	85
34.53	74
36.57	79
35	90
35.68	66
35.19	74
34.65	53
34.1	86
34.49	108
35.02	133
34.42	186
66.71	3
32.54	105
34.39	79
32.98	102
32.62	99
33.28	100
33	74
35.56	7
35.57	41
33.94	53
67.84	3
34.88	97
35.71	153
35.13	89
35.12	99
34.11	44
38.25	28
73.65	1
34.96	94
36.54	30
36.02	120
36.13	83
34.79	99
35.81	47
33.65	105
35.53	91
35.22	128
60.19	25
35.53	78
36.34	54
33.7	103
34.58	78
35.08	88
32.97	135
34.74	101
32.26	66
34.97	95
33.74	69
34.49	90
33.49	99
33.05	83
30.86	2
35.62	80
34.29	103
33.1	104
65.85	11
35.43	78
36.63	87
34.82	89
35.19	72
35.96	85
35.07	101
33.66	73
31.26	46
34.42	104
33.89	100
33.41	67
33.39	63
33.75	90
35.51	32
34.75	87
31.9	98
35.13	77
34.15	37
33.88	104
34.22	13
33.82	94
65.58	3
35.43	69
35.33	103
34.66	102
33.49	73
34.05	41
60.31	2
33.99	51
34.1	102
35.67	67
33.36	103
32.41	86
35.6	95
33.65	130
32.92	115
34.46	79
34.96	78
33.76	104
35.5	107
35.34	74
34.27	92
60.29	49
35.52	80
33.3	86
35.32	82
33.38	97
33.92	83
33.96	93
36.18	94
35.66	71
33.33	86
34.15	71
33.5	103
34.81	105
36.25	95
34.12	90
34.58	57
34.21	124
33.79	36
34.91	173
35.07	166
35.59	120
33.7	82
33.86	103
34.15	104
33.18	42
35.57	103
33.71	99
34.35	76
32.66	57
60.49	8
33.23	99
35.13	71
32.79	96
36.01	67
33.9	44
35.95	85
34.71	98
34.92	76
33.91	93
35.29	80
33.6	41
33.1	78
34.46	95
34.74	79
33.46	101
33.89	93
34.61	85
33.8	99
33.36	88
62.44	10
36.07	139
33.92	68
34.7	112
33.94	89
60.88	22
33.95	91
33.91	48
32.55	62
34.82	75
36.34	61
34.71	44
34.84	69
33.84	68
35.1	92
32.55	7
35.34	58
64.16	12
33.95	84
35.36	79
33.11	101
33.99	102
33.55	79
33.72	80
33.44	95
35.43	97
34.28	102
33.08	33
34.53	79
63.88	7
32.74	94
34.01	61
34.1	65
34.01	95
34.43	64
34.69	69
34.15	101
34.67	101
35.23	102
33.84	55
34.94	95
64.09	15
35.04	102
35.66	71
32.8	91
33.74	79
33.69	44
34.17	73
32.54	103
34.26	93
34	89
33.76	55
34.55	29
33.65	90
32.66	83
33.63	188
34.7	84
34.5	77
34.55	87
33.15	17
33.09	103
32.83	44
34.39	57
33	102
34.39	103
33.76	96
35.31	69
33.84	83
35.34	51
64.64	6
34.24	40
31.69	13
33.06	82
33.87	51
33.42	55
59.81	11
33.31	82
32.37	85
34.09	48
33.79	66
34.08	66
34.71	51
34.12	43
33.35	161
33.51	104
61.73	18
35.49	139
35.98	69
35.39	101
36.13	54
35.56	155
35.77	91
34.38	74
35.59	80
36.59	91
35.69	57
34.87	102
35.16	21
66.33	6
36.27	101
37.05	62
36.28	54
34.79	96
35.65	84
35.03	97
34.29	68
33.84	94
34.73	100
33.97	97
35.13	41
33.06	105
36.2	71
33.24	2
34.71	178
63.85	2
33.51	98
32.45	91
35.1	84
34.4	82
33.89	65
33.2	89
32.84	97
33.58	155
32.37	113
34.12	75
33.67	94
36.15	79
61.23	21
34.77	69
35.43	83
35.88	51
34.49	100
33.42	26
37.15	90
36.14	96
33.32	93
35.55	75
33.09	97
33.67	105
34.96	89
34.51	87
33.95	152
68.8	0
33.74	49
37.34	57
34.29	55
34.92	57
33.63	85
34.55	92
32.64	37
35.98	140
34.37	38
33.19	83
32.54	9
34.06	39
35.98	99
35.02	105
63.2	3
35.09	79
34.93	177
35.1	103
34	96
35.49	62
33.8	96
33.92	190
34.88	45
33.55	82
36.08	70
35.33	90
33.6	97
34.85	62
36.51	77
35.35	83
33.71	92
61.97	6
34.05	92
32.07	47
34.21	55
32.74	94
34.54	39
33.59	163
59.05	18
36.55	66
34.42	68
34.46	91
35.63	90
35.34	101
34.21	93
33.98	69
34.02	97
34.68	99
34.76	59
33.9	89
34.17	91
35.4	79
34.33	125
33.43	98
33.97	57
33.94	102
33.95	94
32.06	23
32.07	47
34.03	82
33.64	69
33.05	91
36.24	82
33.52	62
34.74	129
68.31	0
34.69	115
33.65	46
35.12	92
32.18	41
34.34	61
33.28	98
33.91	181
33.9	80
34.71	60
35.15	149
34.56	35
31.85	1
67.16	3
32.67	92
34.04	89
34.27	90
33.78	92
32.31	49
33.58	106
33.79	106
33.49	218
32.98	46
32.58	112
33.22	110
32.76	95
33.27	74
34.36	108
33.48	119
35.6	99
34	119
33.12	111
35.64	98
33.59	62
33.27	115
34.47	95
32.16	118
34.1	87
35.34	118
33.33	114
31.92	119
32.42	119
34.32	119
34.4	119
32.6	111
35.79	101
33.51	110
35.29	93
32.81	111
34.76	80
34.13	102
33.8	114
34.4	119
33.19	116
33.63	118
33.66	116
33.36	118
33.73	98
33.86	117
34.5	94
33.44	119
33.91	108
34.36	89
34.41	70
33.04	208
33.04	160
33.26	112
33.68	168
35.6	100
32.31	111
31.77	117
33.15	79
35.13	92
31.49	99
34.37	114
33.58	117
34.36	100
33.88	117
32.39	105
33.09	105
32.34	100
31.86	112
33.39	107
33.45	106
32.38	109
32.22	109
34.27	102
32.16	24
33.26	112
34.69	118
34.89	95
35.13	61
33.81	92
32.86	106
33.57	102
33.97	115
34.76	108
34.07	106
32.85	97
34.74	89
34.07	106
33.56	114
33.34	115
33.99	93
33.31	114
33.68	114
33.51	114
32.6	105
35.45	116
34.45	97
33.06	114
33.81	93
33.34	62
32.62	119
35.15	105
34.59	68
33.7	114
32.6	105
34.76	35
33.38	119
33.93	116
35.01	93
35.03	88
34.85	103
33.14	102
35.93	77
35.46	73
34.29	111
34.82	85
32.22	11
33.51	102
32.72	115
33.33	45
33.95	111
35	94
34.07	75
32.95	107
34.37	103
33.7	55
34.87	104
33.85	101
34.56	112
36.21	80
33.02	115
32.92	115
34.19	102
34.23	100
34.97	106
34.29	98
32.02	107
34.47	113
35.57	67
34.4	102
33.38	119
33.51	102
32.62	119
34.73	98
33.48	115
33.61	95
33.49	107
32	236
32.74	115
32.59	115
34.07	112
32.74	115
34.09	91
33.47	118
33.1	104
34.63	114
31.93	114
33.79	113
34.5	100
34.65	104
32.8	118
34.42	90
36.21	23
33.22	94
33.84	141
33.8	102
33.84	117
32.66	111
34.53	76
34.29	109
32.62	109
33.57	110
33.48	90
33.43	222
34.99	117
34.88	63
33.56	203
36.97	49
34.99	118
33.27	116
34.33	31
33.13	119
33.49	103
35.76	68
33.4	201
33.63	116
33.11	117
32.58	111
35.23	30
33.4	104
35.06	95
33.24	96
34.92	102
32.63	115
33.51	109
33.57	87
34.61	77
32.95	96
32.8	100
33.92	102
34.48	161
34.9	78
32.99	107
35.48	48
33.95	85
34.45	79
34.79	79
32.63	220
33.81	111
32.43	114
34.07	163
32.63	114
34.45	70
32.9	108
31.87	67
34.55	103
33.74	100
32.12	80
32.35	114
32.56	231
33.21	113
35.13	35
32.42	63
34.13	106
32.7	29
32.57	109
33.09	73
34.52	71
34.17	105
31.8	114
35.63	88
34.66	103
34.18	79
34.36	47
33.82	42
33	117
34.68	102
34.52	103
33.68	94
35.4	32
33.62	31
35.4	32
32.51	99
34.37	76
33.33	186
31.63	110
32.35	109
32.23	98
34	117
32.9	108
32.9	108
33.28	105
33.76	22
33.86	107
33.96	26
35.4	94
32.94	113
32.89	116
32.88	110
34.36	91
33.83	63
32.67	110
34.57	69
33.79	96
33.97	119
34.09	114
34.57	94
33.67	106
33.96	118
35.43	103
33.87	112
34.1	178
32.12	119
35.16	107
