sim	len_diff
34.39	154
33.89	179
34.48	173
34.97	139
33.91	137
34.56	154
36.22	107
33.94	170
34.21	117
35.49	173
34.3	110
31.9	167
35.42	107
32.13	91
34.62	143
35	153
34.22	146
33.29	178
35.3	143
34.91	322
35.19	137
33.19	158
34.31	161
34.83	157
32.81	175
33.19	174
33.47	42
34.1	147
33.74	171
33.48	174
35.89	124
34.76	107
32.7	177
31.89	172
33.75	150
32.98	160
34.25	50
36.1	120
36.1	120
34.13	157
33.53	177
34.03	105
33.52	171
33.45	165
33.87	141
34.49	158
33.15	98
33.59	170
34.05	169
33.9	169
34.93	123
32.76	166
34.17	152
33.26	78
33.26	78
33.26	78
33.89	136
33.46	178
33.98	167
34.56	143
33.39	36
34.94	115
33.21	173
33.91	145
32.83	155
34.17	164
35.04	113
32.83	160
32.83	160
32.83	160
33.32	160
35.18	86
34.63	137
34.63	137
32.62	159
35.6	139
35.22	91
32.83	155
34.08	134
34.42	146
33.93	171
34.48	133
36.02	96
34.89	125
33.45	179
35.52	128
34.25	152
33.54	156
34.63	179
35.36	164
33.98	177
35.4	145
33.78	158
34.59	145
36.05	75
35.08	100
33.98	132
33.7	140
33.15	175
35.59	122
33.82	148
35.97	137
35.33	87
35.07	173
33.31	106
34.67	179
34.58	130
34.91	167
33.96	170
35.07	72
35.04	136
37.22	144
33.38	178
34.15	129
33.91	177
34.08	143
35.17	150
34.7	126
34.75	97
35.17	115
34.68	161
36.03	123
35.22	122
35.46	208
34.29	138
35.62	102
32.28	173
36.02	139
35.92	110
32.65	178
34.67	146
34.68	146
35.11	126
34.26	144
34.86	135
35.31	145
33.9	154
35.06	106
35.46	123
35.46	123
34.21	178
32.56	177
32.81	165
34.23	266
32.58	158
34.85	162
34.48	90
34.25	150
33.89	112
32.93	169
32.88	168
34.75	144
33.65	155
32.33	178
34.94	143
32.93	156
32.69	114
32.21	121
33.63	153
32.77	170
34.61	139
34.01	154
33.76	170
33.22	146
32.86	150
34.2	156
34.81	116
33.28	157
33.97	157
33.84	164
33.26	170
32.96	162
33.06	170
32.18	168
36.15	117
33.77	143
33.87	166
33.35	167
35.05	157
33.69	129
32.21	159
34.14	172
34.19	174
34.12	142
34.58	130
33.17	173
34.56	133
33.13	179
33.17	169
33.71	120
35.68	145
34.22	174
33.96	135
33.59	163
35.73	104
36.13	132
34.2	177
35.7	88
33.64	106
35.92	142
33.67	166
35.71	107
33.43	169
34.45	136
33.16	153
34.59	158
32.64	351
33.8	134
33.61	159
34.13	168
34.21	175
33.81	176
33.81	176
33.42	161
35.15	173
33.81	176
33.81	176
34.22	165
32.7	174
33.41	163
34.7	139
32.9	169
35.38	93
33.81	135
33.6	149
32.67	172
32.9	171
32.28	156
34.7	139
33.05	172
34.17	122
32.25	173
32.67	169
34.1	171
34.59	142
32.15	175
33.43	154
35.33	139
32.92	159
32.92	107
34.75	130
33.46	155
33.94	172
34.88	109
32.98	178
33.27	175
33.83	163
31.21	177
33.77	128
34.39	122
32.49	129
33.34	177
32.69	156
33.73	144
33.82	168
33.2	179
33.81	172
34.4	109
33.59	140
33.88	162
33.24	148
33.86	140
35.38	164
33.17	156
32.46	176
32.95	166
32.3	38
34.65	160
34.92	136
33.68	132
34.33	59
34.08	173
33.6	171
36.61	75
34.12	144
33.47	161
34.7	145
35.52	132
35.64	136
33.98	158
34.69	115
35.3	105
33.87	178
33.23	178
34.06	146
34.83	120
32.02	159
34.2	165
34.03	175
34.83	143
33.14	117
34.48	80
35.19	107
34.65	176
35.81	149
34.11	143
33.51	161
34.89	142
32.77	168
31.68	167
33.69	157
34.67	164
34.79	169
34.44	176
35.59	140
34.93	93
33.58	173
34.47	164
34.79	114
36.58	65
35.01	161
32.73	165
34.24	171
33.61	172
34.98	169
33.82	177
33.85	177
34.2	144
34.9	170
35.79	131
33.91	160
35.37	151
33.67	159
33.39	162
35.56	146
35.17	134
35.17	166
34.87	179
35.5	157
34.81	130
34.14	154
35.01	170
34.03	154
35.05	139
33.34	173
34.67	172
35.35	176
33.35	60
33.41	173
34.31	133
35.2	111
33.27	174
34.42	178
36.06	117
35.03	176
34.62	141
34.08	172
34.28	179
34.3	154
34.08	164
32.7	154
34.42	102
34.57	215
34.38	214
35.13	123
34.24	145
32.87	142
35.48	118
33.58	147
35	135
36.94	91
34.66	151
35.96	117
35.13	157
47.81	11
35.69	137
36.55	156
34.89	149
36.26	155
35.72	143
35.84	100
34.1	140
34.71	104
33.83	97
34.74	129
34.3	37
34.53	238
35.11	121
33.7	154
34.15	125
34.56	227
32.8	114
32.91	156
34.66	121
34.5	147
35.59	59
34.08	109
33.69	125
37.98	10
35.63	181
37.21	137
36.95	120
34.99	117
35.55	157
38.21	114
35.7	125
64.9	8
36.69	95
35.5	86
36.14	147
37.98	142
35.99	112
44.14	1
35.63	143
37.09	134
36.32	158
36.5	146
35.4	117
36.1	82
37.44	105
33.22	159
38.72	41
34.15	144
34.61	86
33.99	155
35.12	126
33.3	147
33.33	158
35.81	126
35.66	152
34.86	128
34.04	54
44.86	13
34.79	125
33.63	97
33.22	16
34.36	114
34.31	149
36.42	101
34.41	107
37.53	141
45.06	21
35.42	65
36.18	214
35.46	99
36.79	109
35.65	120
37.4	135
35.88	155
35.45	130
45.03	18
35.38	126
36.96	159
36.79	155
36.16	157
36.71	148
35.05	153
35.67	80
36.14	152
33.89	158
46.2	17
34.55	140
33.82	158
34.48	97
35.17	86
34.49	118
33.72	158
34.13	137
35.32	140
36.02	142
34.59	109
50.53	13
34.79	139
35.38	268
35	156
36.34	132
36.86	121
34.89	109
36.72	116
36.22	149
33.51	119
32.18	77
34.38	69
34.02	118
34.15	149
45.32	11
36.22	127
33.7	85
34.22	115
32.72	128
33.24	119
34.93	273
34.96	152
34.78	260
34.8	158
41.3	15
34.41	155
35.48	151
34.18	158
35.04	112
34.96	120
35.96	70
35.08	130
35.49	145
36.55	130
35.01	102
36.36	119
34.9	152
35.22	145
34.8	131
32.16	158
34.48	120
41.3	10
35.46	130
33.52	89
33.69	88
33.05	158
34.22	132
34.62	157
34.34	135
38.07	71
34.77	158
36.02	133
33.56	31
35.79	134
36.87	99
35.68	144
43.19	12
36.31	155
36.37	157
35.28	90
34.49	84
34.22	154
33.12	30
34.53	98
44.98	17
34.24	151
32.03	155
34.19	144
34.96	191
34.34	113
34.42	85
34.96	73
33.56	143
34.91	88
35.13	132
33.08	57
33.68	129
34.61	112
33.38	141
36.34	143
36.19	114
36.64	127
35.63	131
36.18	264
35.89	153
36.55	147
36	119
35.44	118
34.64	159
36.17	127
34.91	86
35.45	157
35.24	79
35.07	85
34.1	28
43.57	9
34.91	79
35.81	150
36.06	156
39.75	11
34.32	152
37.37	99
35.58	93
34.64	105
33.68	156
35.28	164
35.28	68
35.12	89
34.2	111
36.11	116
43.72	18
34.73	150
36.69	157
35.08	150
36.05	123
35.08	144
36.29	68
36.28	138
36.67	99
35.44	113
33.96	88
34.01	135
32.05	142
31.49	46
32.95	158
33.81	92
34.27	62
35.04	151
33.43	128
35.37	154
34.69	157
36.69	148
35.52	149
36.88	149
35.01	131
44.54	4
35.79	150
35.22	135
35.86	156
34.31	132
34.92	158
34.03	149
33.45	23
34.54	85
35.54	145
35.56	102
35.06	54
36.39	123
34.81	103
36.9	107
35.56	148
35.7	138
36.82	70
45.15	21
35.71	105
35.6	145
35.13	157
35.08	140
36.29	135
32.68	37
34.7	111
34.13	137
34.02	149
44.31	18
34.34	86
35.39	69
35.05	109
34.54	148
33.78	121
34.42	112
34.97	144
34.65	26
34.6	158
33.71	136
46.43	15
34.64	125
34	143
35.46	102
34.68	155
35.28	148
43.96	15
34.13	151
34.56	158
34.67	137
36.6	144
36.21	91
34.62	33
33.67	156
36.4	150
37.23	143
37	156
46.25	18
35.04	154
37.88	116
35.82	156
37.17	147
37.05	113
36.71	103
36.29	140
36.1	155
35.9	282
36.75	157
45.9	18
33.85	155
37.87	138
34.27	154
35.7	143
35.22	140
36.58	137
34.56	159
34.41	109
34.12	122
40.3	13
34.46	152
34.37	140
32.82	154
33.93	150
33.57	120
34.96	149
35.9	118
34.67	153
34.59	117
33.23	115
35.18	140
35.47	113
35.05	143
33.71	155
35.52	62
33.97	45
32.29	168
33.12	116
32.83	42
34.19	134
34.05	233
37.2	18
34.22	276
34.21	41
33.15	150
33.05	133
36.66	148
34.09	146
32.92	143
33.76	150
35.95	104
45.92	14
34.55	157
35.75	133
34.78	122
35.53	109
35.34	123
37.7	199
36.4	155
36.23	152
36.29	138
35.98	137
36.97	103
35.43	115
35.65	142
36.84	98
33.35	81
33.67	279
34.92	166
35.02	88
34.31	64
32.96	96
35.46	18
35.5	66
33.02	77
33.55	127
34.1	127
34	112
33.71	106
34.73	101
33.28	249
33.65	53
34.48	117
33.19	57
33.05	127
34.32	279
34.38	159
33.89	156
33.84	143
34.18	144
33.77	157
34.9	101
31.03	29
33.21	158
35.06	39
45.92	16
36.01	158
35.09	144
36.97	99
35.71	154
36.22	147
36.55	156
35.36	158
45.11	12
36.93	82
36.61	116
37.92	27
34	132
35.34	97
33.95	102
34.59	144
34.34	90
33.95	111
31.03	3
33.78	159
34.2	157
34.33	149
35.28	56
59.84	13
35.61	138
34.1	126
35.51	151
32.74	140
33.96	148
36.12	136
33.96	155
35.55	139
35.75	159
34.75	151
35.56	106
34.35	157
35.89	69
35.77	142
34.77	156
45.87	15
35.34	138
36.11	157
35.43	66
34.36	40
36.14	97
34.53	159
36.38	117
36.3	95
35.1	86
36.53	152
44.84	19
33.84	141
33.86	127
35.16	82
32.81	154
34.43	126
35.14	105
32.96	119
34.21	132
32.87	143
34.97	95
41.52	1
34.69	95
36.26	127
35.83	112
33.71	66
34.72	137
35.09	79
35.2	145
35	84
34.7	88
36.69	155
37.73	64
35.94	119
34.98	148
35.19	156
36.39	151
37.54	105
35.03	157
37.86	100
36.83	134
35.32	114
35.1	112
34.78	113
36.06	137
35.44	156
35.62	110
35.83	153
35.29	147
35.23	148
34.93	135
33.26	150
33.52	158
34.41	141
34.22	159
33.39	156
33.93	89
33.52	158
34.08	159
35.02	55
41.38	16
36	112
35.68	134
33.98	136
33.76	154
36.36	59
34.5	151
35.53	158
33.82	155
34.5	158
35.16	152
36.96	121
36.08	106
36.79	83
45.68	21
36.65	143
35.17	123
36.31	127
35.05	119
34.37	157
35.45	146
35.55	113
37.26	112
63.22	4
36.27	113
35.29	148
35.31	144
33.99	159
36.16	89
37.33	145
34.92	135
38	109
35.87	154
35.93	113
46.31	21
36.91	103
34.75	159
36.47	99
36	136
36.17	159
35.79	150
33.94	154
33.29	69
35.02	101
34.94	148
34.99	136
32.86	152
36.02	131
36.42	105
35.01	133
35.1	114
35.19	159
36.26	116
35.44	146
34.66	120
52.48	8
34.73	133
33.17	16
35.05	88
35.43	115
36.29	127
35.4	273
36.61	132
35.79	78
36.83	145
37.03	132
36.46	99
34.89	122
46.9	17
36.56	120
36.56	123
47.52	10
36.85	105
35.2	219
33.43	155
34.43	109
35.72	89
34.43	123
35.55	112
34.39	136
35.27	153
34.56	136
43.28	17
34.78	147
33.48	92
34.72	157
34.7	149
34.06	106
36.37	41
34.6	152
34.42	133
35.31	133
33.98	158
34.16	272
34.59	236
35.39	113
36.41	119
36.81	134
36.41	51
34.56	135
49.79	16
32.94	126
34.86	151
33.84	132
35.08	122
35.06	179
33.49	108
33.98	81
33.81	141
33.89	121
34.24	131
45.06	11
35.81	157
35.94	83
34.57	126
37.18	125
35.51	154
35.6	150
33.8	13
36.49	85
34.63	137
36.03	101
34.67	151
34.62	155
34.17	116
34.54	142
34.92	158
34.8	86
34.24	121
33.87	128
34.39	38
34.47	146
35.13	125
33.57	143
33.5	136
33.54	85
33.52	111
35.44	116
40.62	8
34.06	149
35.1	130
46.69	16
33.91	46
33.26	151
35.85	102
34.95	147
34.27	142
34.24	150
34.42	79
33.23	149
35.36	152
35.45	119
34.55	115
48.13	12
34.91	141
35.34	87
35.37	106
35.59	149
35.01	157
35.37	230
35.28	56
34.43	88
35.26	102
34.52	102
35.29	148
45.52	16
34.52	148
33.15	152
34.7	148
34.56	124
35.44	152
36.06	110
36.97	199
51.76	15
34.15	155
37	137
36.65	127
35.09	149
35.35	156
33.82	146
35.24	121
36.6	130
35.13	93
35.22	107
35.11	146
44.18	11
36.48	84
35.24	202
35.57	115
35.66	108
34.73	39
34.26	156
34.65	116
39.26	6
35.54	115
34.93	156
35.12	115
34.87	61
35.96	110
34.84	157
33.53	40
34.77	105
33.02	69
44.58	15
35.1	99
34.56	159
34.96	155
33.21	147
32.25	34
34.65	123
34.29	148
34.39	144
33.16	32
32.61	109
33.46	120
35.46	133
35.19	74
33.86	110
35.54	110
34.32	150
42.35	12
34.2	141
35.98	158
36.29	120
34.94	139
44.61	16
36.16	128
34.43	157
34.71	138
36.05	140
34.68	137
36.09	113
33.51	54
34.26	150
34.84	148
35.23	112
34.07	61
35.14	133
34.78	128
35.36	135
33.78	51
44.65	19
36.36	121
35.19	158
35.71	153
36.98	124
36.36	85
36.7	90
35.39	151
34.6	148
35.78	55
35.81	171
34.82	159
36.11	78
34.87	128
35.7	97
35.1	92
34.68	115
44.7	17
35.95	48
34.55	106
33.78	156
35.75	109
31.8	26
32.8	155
33.02	151
33.57	279
33.92	113
34.71	75
33.07	99
31.58	122
34.6	133
34.76	232
35.31	144
35.32	45
34.75	159
34.65	157
51.84	9
33.58	152
35.5	115
35.92	112
35.92	126
35.46	155
36.27	149
35.22	148
34.62	159
35.23	153
52.36	15
36.75	131
35.97	122
36.34	150
33.65	112
31.96	22
35.7	99
35.48	109
38.72	18
34.42	285
33.9	266
34.26	139
33.51	153
35.18	133
35.14	139
36.46	99
34.52	128
33.86	62
33.9	124
34.37	158
45.19	16
34.05	157
33.55	139
34.94	112
34.93	146
37.83	114
35.86	64
35.97	113
34.82	138
68.83	4
33.76	153
35.58	153
34.89	156
34.35	154
34.77	148
43.49	15
34.16	159
35.82	102
34.28	152
36.82	136
35.56	131
34.57	158
34.32	73
36.36	134
34.52	77
33.94	141
35.53	136
52.08	15
33.76	74
34.36	152
36.51	222
36.63	120
35.13	209
35.06	107
35.09	85
34.7	132
35.03	137
34.23	96
34.34	132
33.99	154
34.74	154
34.62	133
48.92	11
34.35	154
34.97	133
35.53	94
33.85	150
34.59	77
34.43	101
35	124
33.83	126
35.23	131
33.73	49
34.69	92
34.3	112
35.05	144
34.48	30
33.63	136
46.73	3
33.92	158
34.21	147
33.83	146
35.5	102
34.22	155
37.09	124
36.47	144
36.45	132
36.4	129
36.15	149
36.25	134
34.4	155
33.82	150
36.07	124
44.67	19
35.09	138
35.26	155
35.68	141
35.57	100
35.92	245
35.63	138
45.87	42
36.72	160
33.98	142
35.57	159
34.83	116
34.53	149
35.12	124
35.54	117
35.07	128
34.48	159
39.33	1
34.57	155
35.24	41
35.71	105
34.52	159
35	119
33.82	69
34.72	148
34.3	153
35.35	109
33.26	152
35.2	145
34.82	144
34.9	70
34.45	156
33.34	141
34.23	59
35.35	83
35.07	79
32.95	152
34.48	71
33.25	91
34.26	143
34.81	65
34.22	122
35.02	149
59.36	12
34.53	106
34.67	137
34.7	143
34.76	78
36.55	125
34.31	126
35	144
35.99	93
37.31	99
36.83	143
36.76	130
37.04	142
36.46	87
36.42	133
44.85	7
35.5	148
35.42	147
34.63	141
35.17	121
34.25	149
35.34	112
36.47	106
38.53	14
34.41	139
34.02	154
35.22	128
35.23	106
35.19	151
34.76	149
42.77	11
34.69	135
35.38	106
33.95	30
33.33	134
34.32	147
33.87	138
35.81	62
36.34	138
35.18	156
33.93	153
35.07	151
34.72	126
34.68	92
34.55	91
34.44	159
42.04	4
33.99	159
33.96	147
36.86	126
35.5	82
35.31	111
36.09	118
35.49	101
36.04	136
34.34	101
33.1	16
34.24	153
33.62	120
35.29	149
38.29	18
34.13	129
32.77	55
33.56	133
34.51	111
34.29	134
35.35	118
35.04	151
34.34	219
43.53	4
33.34	79
33.4	148
33.12	158
34.22	77
34.12	146
33.97	151
34.35	152
33.49	124
36.18	130
36.31	119
34.63	151
34.37	153
34.86	64
34.94	85
36.81	130
36.91	100
35.47	97
43.73	17
35.38	104
34.87	100
36.1	102
36.17	146
37.15	147
45.07	7
36.98	77
33.92	136
34.55	140
35.09	152
36.44	144
35.45	154
36.78	125
36.17	135
35.63	106
35.01	97
37.27	91
44.86	16
34.84	51
36.87	115
35.57	152
35.86	133
45.91	22
35.93	107
36.03	144
35.33	142
35.9	263
35.34	92
35.82	128
35.15	135
34.48	125
35.66	136
33.05	137
33.78	126
35.24	142
34.05	260
35.27	117
33.76	108
40.64	20
34.96	103
34.33	148
33.94	121
33.75	142
34.85	141
34.46	97
33.24	85
33.71	138
38.69	21
33.1	140
34.03	149
35.03	155
34.82	154
33.78	30
35.72	130
37.27	91
35.76	128
35.26	153
50.84	14
35.9	158
37.41	115
34.08	241
33.22	157
33.62	118
32.72	143
34.98	99
34.1	132
34.64	120
35.17	86
36.22	64
35.04	112
35.35	133
34.26	153
34.45	58
31.94	27
35.68	187
33.37	147
34.48	126
34.37	135
33.05	267
35.64	98
32.42	114
32.59	145
33.74	120
31.22	156
33.25	124
33.44	151
33.94	177
37.56	20
33.26	264
33.01	173
35.14	130
34.14	152
36.01	130
35.68	53
36.29	117
35.92	112
35.99	128
34.93	152
52.38	15
34.09	146
35.27	151
36.93	137
35.66	157
35.83	137
38.22	143
36.9	142
37.92	98
50	4
36.68	123
37.19	141
34.7	126
34.72	111
35.53	140
36.49	132
35.18	106
34.89	141
52.29	15
36.89	83
36.31	192
36.45	173
35.08	74
35.51	101
35.08	108
35.18	132
35.2	157
35.86	140
34.45	157
35.88	122
35.34	61
34.32	150
34.21	217
34.94	113
34.73	154
34.54	102
34.36	153
43.73	8
34.04	156
34.56	132
34.31	146
34.97	144
34.72	151
34.48	102
34.79	135
33.33	155
34.92	144
32.46	35
33.96	62
34.11	94
43.68	20
33.76	150
36.23	75
36.3	155
35.36	69
35.8	119
36.95	118
34.95	56
36.57	121
34.81	133
36.01	147
36.45	130
33.19	104
34.19	144
33.79	132
32.86	152
34.24	121
34.61	101
33.31	144
34.68	167
35.55	138
34.56	97
36.25	131
34.78	125
35.24	151
36.28	147
37.56	136
36.1	158
36.37	116
44.01	20
36.93	139
36.19	145
33.02	143
35.39	105
35.62	137
34.53	112
33.77	130
35.11	99
32.25	102
31.73	157
34.31	138
33.27	158
34.09	157
36.79	139
36.05	116
42.35	66
33.37	146
34.68	97
35.93	80
34.24	151
36.24	75
35.04	105
34.58	141
35.16	67
35.61	141
33.8	153
36.19	110
35.54	139
36.92	75
53.06	16
37.18	123
36.73	130
33.58	145
32.22	34
34.17	89
33.65	80
33.74	138
33.51	96
35.41	100
41.69	15
35.11	152
32.96	153
34.54	154
34.05	137
33.61	28
35.32	142
33.64	154
33.85	147
34.52	139
45.3	9
34.22	86
36.66	98
43.59	5
34.91	119
34.22	131
35.14	133
34.37	65
34.53	129
33.47	156
32.94	157
33.73	41
32.61	159
43.57	18
37.01	144
36.92	157
36.24	121
35.51	138
35.94	133
37.04	132
35.98	140
35.14	136
37	147
36.89	103
35.38	155
35.6	148
34.72	114
45.61	18
36.08	151
36.81	129
36.25	116
36.5	153
35.06	136
35.89	157
35.75	118
35.02	128
34.56	155
36.8	112
36.63	140
36.6	101
35.31	117
35.34	150
46.63	21
36.44	85
47.88	17
35.73	158
35.87	153
36.46	138
35.64	143
35.5	154
35.01	152
34.18	153
34.77	147
35.6	76
34.16	153
36.1	135
37.36	80
34.64	159
36.39	69
35.44	140
35.97	106
44.47	18
36.89	143
34.98	31
37.25	102
36.2	151
35.5	140
46.44	12
35.35	157
35.6	125
36.88	123
37.06	96
35.94	145
36.09	99
44.91	18
35.08	156
35.17	151
37.26	77
37.08	122
34.87	19
37.15	115
35.21	118
37.1	151
35.14	123
35.58	82
36.63	100
36.73	51
35.63	126
34.74	159
36.37	111
35.91	94
33.83	147
36.55	116
35.75	138
36.64	114
35.89	145
45.46	21
35.32	155
36.35	125
35.65	156
35.62	143
34.56	152
34.99	74
34.31	142
35.38	144
36.06	112
34.18	159
34.55	75
37.11	122
34.26	106
35.38	97
34.56	141
35.49	93
42.64	15
33.75	50
34.66	111
33.86	134
34.64	128
34.09	146
33.43	148
34.5	129
35.01	100
32.96	87
34.68	107
34.17	105
34.7	156
33.64	147
34.04	156
35.05	148
34.21	101
34.09	86
33.87	145
34.09	156
36.46	85
46.22	17
34.01	159
35.22	138
35.11	154
33.66	131
35.86	112
35.72	142
34.32	148
34.67	146
36.52	143
36.6	100
44.94	21
34.93	135
36.4	163
36.16	151
35.92	127
34.65	137
37.51	120
34.19	1
36.78	136
44.91	18
35.2	140
36.2	157
35.24	100
36.38	125
36.42	155
37.08	145
36.24	145
37.57	120
37.38	121
37.34	100
36.24	139
35.98	139
34.6	158
35.08	159
36.9	130
35.64	157
36.3	130
37.36	104
35.72	143
35.17	136
33.35	128
44.46	14
34.51	112
34.77	158
34.41	86
34.04	144
33.78	126
33.35	42
34.58	158
36.07	157
43.14	7
35.29	148
35.88	155
35.17	113
35.56	114
37.49	104
36.28	90
36.17	94
36.37	103
35.86	133
34.74	122
35.39	134
46.07	19
35.76	117
35.59	143
34.55	152
34.88	142
36.14	122
44.73	17
35.45	76
35.71	139
36.24	145
35.88	150
36.44	123
36.29	55
36.24	114
35.82	151
35.17	144
34.52	132
35.54	97
35.06	105
34.78	117
35.33	141
34.18	136
35.85	134
31.7	0
37.2	107
34.83	126
44.65	8
37.35	123
35.34	114
34.41	159
35.96	139
36.7	127
35.74	90
35.35	129
36.75	133
37.03	157
34.09	138
36.6	138
35.88	131
34.98	62
37.44	128
35.3	114
45.39	15
35.56	96
35.6	149
37.4	94
36.18	142
34.93	147
35.93	83
35.7	98
35.54	129
35.88	107
35.6	107
36.71	111
41.92	11
34.76	144
37.12	111
34.65	158
36.18	74
45.41	19
35.15	153
36.4	135
37.21	86
36.63	113
36.91	140
34.33	149
35.1	111
33.66	150
35.22	136
33.47	137
34.03	65
33.69	145
34.59	138
33.58	111
33.41	48
43.37	16
35.22	129
44.16	19
36.63	132
34.59	44
35.91	155
34.66	154
34.6	116
36.1	126
36.53	115
35.24	150
34.71	108
35.23	83
40.14	13
33.52	118
33.25	138
33.41	50
33.25	138
33.41	50
32.98	153
34.95	110
32.71	122
34.55	139
34.25	159
34.9	150
34.15	155
33.67	159
35.12	118
33.95	77
36.12	124
33.42	157
35.74	85
35.38	129
50.86	8
36.06	134
35.93	128
35.11	156
34.68	156
34.18	123
35.43	119
34.86	58
36.01	142
35.66	150
43.24	15
36.93	135
36.92	60
34.83	144
36.09	145
34.6	122
34.82	23
35.56	95
37.15	114
35.34	145
35.52	139
34.01	129
34.27	138
34.31	152
35.15	149
33.58	158
34.78	102
36.88	126
45.73	15
34.53	128
34.98	107
33.84	158
36.38	102
35.65	107
34.87	151
34.54	148
32.75	43
35.45	106
37.33	127
36.06	118
44.16	20
37	111
36.47	122
36.2	158
36.16	132
36.91	132
36.43	148
35.91	151
33.85	275
34.06	152
33.86	130
34.55	126
35.05	110
34.45	71
35.44	76
34.25	146
33.52	122
34.42	114
34.13	95
35.06	46
34.45	142
34.88	130
33.79	18
34.47	154
45.73	17
34.91	135
35.74	155
35.34	128
36.21	79
35.77	135
33.42	133
34.86	141
35.66	150
34.87	151
35.47	156
35.24	154
34.79	135
33.5	88
34.16	146
35.93	84
33.65	155
32.2	149
33.67	86
33.79	145
34.1	119
35.37	104
34.38	102
33.63	159
46.91	3
35.94	113
35.7	139
35.34	148
35.32	135
36.27	104
36.2	140
34.2	112
36.27	127
36.12	140
34.6	142
36.05	84
34.65	137
36.43	71
34.47	144
35.98	121
35.53	112
34.53	41
44.48	18
34.85	139
34.41	129
34.7	140
34.11	149
34.41	134
33.89	87
39.02	13
35.24	148
34.34	97
32.77	85
33.68	103
34.78	96
34.18	145
33.15	11
35.36	148
47.34	14
33.16	157
34.75	132
34.82	136
34.22	128
34.79	158
35.69	122
34.29	110
34.39	110
35.06	138
36.08	101
45.21	13
35.2	136
35.52	151
34.32	111
34.89	83
37.35	113
35.06	151
35.09	155
34.36	153
51.99	24
37.24	62
34.2	154
35.64	142
34.51	134
35.18	93
49.3	11
35.26	110
34.77	144
35.22	103
35.85	127
35.44	112
35.81	93
36.22	152
36.17	157
35.58	143
33.56	158
35.36	77
34.83	151
33.98	129
35.54	148
34.37	134
33	148
35.38	205
34.3	86
34.72	101
37.29	122
36.27	98
35.94	109
36.55	159
34.44	147
35.05	120
35.3	149
36.23	105
61.3	5
34.01	143
35.38	140
34.67	67
34.56	106
34.55	137
32.94	144
43.24	16
34.34	86
34.99	107
34.92	150
35.98	104
34.99	146
35.05	157
51.85	1
35.37	143
35.74	157
35.84	67
35.97	199
37.29	100
34.98	116
36.5	116
45.71	15
35.65	120
34.14	112
35.96	63
35.1	102
34.72	147
35.11	141
34.67	98
34.15	145
34.08	144
41.61	57
35.55	151
35.87	90
35.79	102
35.18	159
36.27	103
35.06	153
35.8	151
36.29	136
35.94	124
34.45	119
34.03	126
33.82	131
35.4	107
33.18	115
35.14	122
35.88	129
36.05	55
42.33	15
33.28	143
34.23	129
35.48	86
32.81	35
34.39	151
35.68	142
34.93	109
34.84	136
32.84	27
33.79	157
33.39	131
34.54	151
36.36	92
36.65	109
34.97	134
36.98	97
35.98	214
32.12	5
35.79	151
34.66	103
53.26	8
34.5	106
36.07	99
36.74	128
33.98	140
34.68	141
35.03	110
47.84	16
35.7	155
35.24	80
35.62	98
35.11	139
33.74	149
34.55	108
43.32	1
33.43	124
33.79	136
34.81	151
35.08	120
34.49	100
35.1	158
35.34	144
35.67	156
46.49	15
36.43	106
35.36	144
35.71	127
36.13	133
36.87	132
36.35	140
34.96	132
36.02	121
34.8	142
35.98	101
36.75	93
34.88	135
44.11	14
37.39	110
34.52	155
38.41	105
37.12	119
35	62
35.7	184
34.37	152
34.49	89
34.91	156
34.95	153
35.57	123
34.35	124
35.89	132
35.03	104
39.18	10
34.95	134
34.84	96
33.54	21
35	102
34.44	94
35.1	120
34.47	140
34.46	127
33.16	114
33.25	124
34.96	95
34.81	137
32.96	158
34.79	125
33.98	127
34.59	128
45.82	12
34.79	123
35.1	110
35.4	109
35.48	121
34.98	106
33.33	158
35.55	120
51.32	16
32.55	5
35.14	100
33.33	146
33.71	120
33.92	157
35.11	116
34.44	157
35.84	158
36.34	109
34.58	143
35.65	73
34.96	143
34.65	156
36.57	128
35.12	132
35.58	221
34.41	153
36.65	105
34.39	152
35.48	235
35.82	139
34.86	116
34.45	145
34.84	124
37.66	97
35.82	158
35.44	104
36.79	64
36.27	141
35.32	52
36.88	143
35.69	134
36.37	121
36.16	127
36.34	141
35.16	132
34.2	142
34.97	136
32.87	24
34.1	152
46.33	20
34.6	101
34.93	118
36.14	111
36.35	111
35.58	42
36.36	147
35.11	141
35.2	130
36.76	87
35.98	201
35.62	155
45.39	21
35.48	105
33.14	47
34.41	159
40.36	21
34.08	149
33.47	66
34.64	129
34.91	118
33.42	116
32.46	155
33.88	103
35.91	127
44.5	18
35.32	142
35.96	106
35.34	54
35.81	115
37.91	56
37.06	140
36.92	68
35.04	156
34.96	141
33.5	145
35.6	110
34.01	147
34.08	99
34.27	97
33.18	86
34.73	145
35.07	48
44.14	22
33.94	254
35.08	132
33.89	141
34.34	121
36.25	73
34.44	90
35.45	117
35.34	132
35.05	150
34.59	119
36.84	155
36.7	157
45.21	18
36.03	113
37.21	97
36.83	159
36.54	112
34.16	139
35.16	158
38.49	100
35.45	146
36.43	112
35.23	131
35.75	125
36.89	84
43.65	14
37.62	78
35.66	151
35.77	143
36.62	107
35.7	109
35.98	135
42.1	54
35.35	102
36.88	98
35.47	55
35.71	140
35.31	113
35.64	153
34.6	155
34.77	74
34.61	80
35.28	126
34.8	141
34.87	93
33.55	157
35.11	133
36.45	111
33.1	159
33.58	131
33.19	236
34.04	144
33.67	77
33.61	98
32.96	142
34.63	122
34.1	88
34.63	122
35.76	133
32.3	159
33.69	150
34.19	143
32.71	120
43.65	19
33.56	124
34.57	113
33.33	157
34.22	119
34.34	208
34.27	122
34.52	141
36.2	144
35.44	114
34.51	147
35.01	99
41.02	86
35.74	137
35.13	151
33.73	135
35.34	155
34.15	123
35.44	134
35.13	68
35.91	90
34.27	156
33.53	148
34.45	109
34.66	121
34.56	71
34.95	110
33.97	120
34.22	96
43.71	16
34.44	131
33.17	157
32.95	98
34.74	118
32.56	64
35.35	249
33.81	106
33	116
33.4	77
33.27	46
34.13	148
33.96	159
32.92	102
34.57	154
34.34	71
34.03	142
35.2	113
35.66	66
35.2	92
33.9	145
36.91	108
35.16	106
34.34	109
33.64	142
36.46	73
35.65	152
35.08	82
45.42	17
38.17	91
35.39	158
35.09	97
33.9	142
35.54	116
35.04	107
35.22	93
35.62	205
34.62	152
36.54	148
43.74	1
35.15	125
33.7	157
35.08	143
34.63	92
36.58	157
35.76	103
35.88	62
35.11	76
40.63	17
34.24	79
34.04	147
34.75	146
34.22	86
35.76	134
34.4	154
36.2	77
33.28	146
33.29	53
36.3	105
37.3	136
100	0
36.15	112
34.74	146
34.3	153
34.59	157
34.72	123
35.6	159
35.32	152
34.44	116
34.13	156
35.43	156
34.93	108
33.16	152
34.15	125
34.08	134
34.52	152
44.8	10
32.92	55
36.05	101
35.65	150
35.14	150
50.95	0
35.63	135
35.81	117
34.37	146
35.39	101
35.33	137
35.98	113
34	36
36.03	108
34.86	98
35.52	109
43.15	10
35.53	155
33.99	156
36.05	136
36.57	131
36.25	109
34.53	142
32.93	88
33.15	119
33.49	277
34.74	244
35.23	131
32.94	157
34.16	174
34.56	129
35.82	103
35.67	109
34.87	119
35.66	79
41.39	18
35.41	119
35.2	134
34.03	78
35.01	134
34.37	149
33.06	117
34.32	154
35.46	111
34.22	132
33.75	60
35.9	101
34.82	133
33.78	107
34.12	146
35.05	71
32.99	105
34.86	139
34.55	124
41.78	19
33.34	36
34.02	159
34.87	115
34.89	88
35.57	134
34.36	109
35.45	84
35.09	144
35	104
33.55	145
34.74	101
34	158
35.66	88
42.34	6
33.87	99
36.24	89
34.53	135
33.36	122
33.9	125
33.42	127
35.22	105
33.09	153
35.12	112
32.96	134
34.65	208
32.84	154
34.99	72
35.04	145
35.89	98
33.65	76
35.39	156
37.14	117
34.24	118
36.62	102
34.49	155
33.41	139
34.53	108
34.48	84
35.49	151
34.86	139
35.44	156
33.54	154
34.53	155
35.02	122
44.31	10
35.38	142
34.83	149
35.52	146
35.02	110
35.05	123
33.42	65
34.05	148
35.6	131
35.2	128
34.21	34
33.98	153
35.06	150
35.14	81
35.5	125
35.62	127
36.67	54
35.62	57
33.66	136
40.59	14
34.74	41
35.29	152
35.08	37
36.82	147
34.12	137
33.96	142
35.45	106
34.94	107
33.54	94
34.19	152
36.09	152
34.89	165
34.9	144
34.06	151
35.59	128
35.15	139
34.24	153
34.37	45
35.68	107
35.82	76
36.63	137
45.53	4
34.53	156
34.68	154
33.01	124
35.13	71
35.09	146
35.35	109
34.16	146
33.88	107
35.01	133
33.79	60
34.25	132
35.2	93
35.65	121
41.6	16
34.57	156
34.49	144
33.67	155
33.53	159
35.06	191
36.21	116
33.61	143
32.5	61
35.08	98
34.68	123
34.26	102
33.98	149
34.64	70
34.05	265
33.94	149
33.31	152
34.11	259
32.8	132
34.44	154
35.14	71
35.09	146
34.67	257
35.5	109
34.16	146
33.71	107
33.85	60
34.25	132
36.05	106
33.91	159
35.45	131
35.17	91
35.93	111
34.74	95
33.87	158
33.84	156
35.63	116
35.53	87
36.21	50
34.82	109
34.3	226
33.85	44
35.8	128
34.53	150
35.47	83
33.15	158
44	12
34.65	93
36	149
35.65	149
36.63	148
34.96	159
45.91	17
36.19	131
35.76	123
35.02	116
37.21	78
35.82	115
36.99	81
46.41	18
34.36	159
36.31	141
36.63	204
36.7	110
36.55	139
34.99	158
36.47	109
36.66	135
33.56	149
35.55	120
35.6	104
34.24	137
33.86	128
34.24	142
33.56	41
35.22	101
33.8	144
33.63	140
36.13	123
35.25	116
33.01	25
33.82	149
33.03	143
35.66	109
34.93	138
35.02	71
36.25	101
35.29	141
36.06	145
34.53	129
33.93	107
35.94	129
35.34	104
35.6	109
34.81	98
34.86	150
35.72	137
35.37	149
36.38	188
35.64	125
36.46	110
36.32	100
34.62	143
36.68	111
34.18	158
35.88	128
37.2	128
34.84	146
33.13	135
34.89	108
34.86	159
33.65	136
35.15	136
33.93	146
33.4	42
34.36	153
32.58	15
34.85	140
35.42	137
35.42	109
36.51	112
44.06	14
36.27	158
33.91	50
36.36	129
34.63	150
34.6	156
34.6	159
44.58	14
37.92	89
35.94	113
36.19	50
37.25	145
35.98	142
35.21	120
35.78	129
34.44	123
34.51	151
34.81	135
35.01	140
35.96	121
34.99	155
34.5	32
34.8	147
34.52	101
36.08	214
34.06	153
34.01	42
35.88	155
62.39	3
36.99	126
36.28	97
34.7	154
36.74	109
36.98	115
34.85	158
35.66	156
36.59	158
35.76	126
44.05	7
36.66	91
37.22	157
37.1	130
35.52	94
34.89	153
36.79	143
37.76	96
33.93	158
34.05	153
34.34	135
35.12	123
35.31	125
33.54	155
34.13	159
33.89	153
34.2	109
35.6	116
43.91	16
36.02	122
35.91	56
50.78	11
35.5	137
34.5	156
35.56	216
35.63	113
36.9	93
36.52	144
37.48	124
44.5	18
34.34	145
35.41	130
34.05	153
34.45	100
34.55	142
33.79	108
35.96	91
35.2	121
34.68	157
34.89	157
35.6	155
36.89	147
36.91	102
36.28	95
35.6	154
45.19	18
35.01	145
35.74	158
36.38	159
34.76	146
45.83	13
33.22	46
34.03	132
35.01	68
35.56	112
34.21	157
34.51	93
33.43	112
35.13	99
36.46	117
37.36	120
36.35	89
34.87	123
36.56	124
36.63	109
36.49	153
37.12	108
36.77	174
36.2	62
35.3	105
44.71	16
33.36	141
34.42	88
34.32	139
34.32	75
34.72	103
32.78	132
34.59	173
34.1	149
35.48	123
36.37	159
35.96	159
35.48	104
35.39	147
36.29	118
35.92	86
43.43	15
34.58	155
36.79	122
34.77	156
35.29	117
35.16	201
34.8	138
35	33
34.84	101
47.89	18
34.65	79
34.51	87
34.74	95
36.13	142
34.94	157
45.75	19
37.33	91
36.25	157
35.54	115
35.98	142
35.51	138
35.25	142
37.15	95
36.06	133
34.22	100
35.39	102
35.77	89
35.17	147
35.09	134
34.63	141
34.82	226
44.56	17
35.15	86
32.9	148
34.05	119
34.51	141
34.25	109
33.2	55
34.63	154
34.95	109
34.47	115
34.05	122
34.27	217
46.5	16
34.57	116
33.87	144
34.53	255
34.84	109
35.13	72
35.33	149
35.74	88
35.1	144
35.7	159
35.23	140
35.42	71
35.12	133
35.37	136
37.74	130
35	46
33.6	15
34.76	156
34.77	133
35.29	81
33.45	153
35.1	136
35.01	120
34.74	158
34.39	157
35.02	117
34.31	146
34.82	53
33.98	149
34.27	127
34.57	126
50.06	14
33.23	159
34.32	156
35.81	124
34.73	119
33.6	82
35.39	120
35.11	128
34.2	114
37.48	90
35.78	149
35.39	142
35.44	110
36.37	126
35.68	148
45.38	11
37.3	134
34.96	152
34.89	157
34.98	152
35.95	214
34.83	109
36.36	145
34.24	151
35.59	131
35.54	123
34.66	159
34.55	151
33.18	158
33.91	155
35.28	92
33.51	90
35.19	99
33.98	148
34.17	122
33.11	123
34.47	112
36.37	106
34.74	136
35.17	99
34.25	116
34.94	92
33.63	155
32.93	152
33.24	90
33.22	88
34.04	222
33.77	195
33.95	148
36.02	82
35.58	74
34.63	151
34.68	139
34.18	121
34.43	77
34.53	152
35.48	74
34.37	105
35.7	106
34.8	96
34.35	148
35.38	136
35.39	136
47.63	10
34.54	94
33.37	137
35.93	138
33.99	111
35.19	138
33.54	143
35.03	139
34.8	106
33.61	147
44.79	13
34.1	118
34.13	150
33.1	136
34.97	93
34.21	149
33.07	155
33.9	263
33.49	123
38.01	16
35.11	69
34.56	39
34.67	72
33.61	133
35.12	131
34.11	107
32.79	138
34.51	98
33.98	145
33.97	64
33.52	159
35.03	103
33.17	59
34.6	116
34.78	58
35.44	139
34.1	95
34.48	101
34.72	75
32.92	156
34.48	112
33.61	131
33.68	132
31.77	28
34.24	131
42.56	7
34.58	111
42.1	12
35.31	136
34.82	144
33.63	104
33.68	142
34.77	151
35.3	252
32.49	153
34.83	155
34.93	61
33.75	150
34.13	112
35.74	119
35.16	107
34.67	122
33.63	89
32.89	125
34.13	68
34.84	143
34.9	148
35.39	110
35.12	97
35.98	132
35.08	142
35.56	120
34.99	81
41.6	8
33.86	115
34.62	122
36.49	211
36.33	114
35.99	285
34.72	159
35.86	152
35.64	141
34.87	132
35.23	106
34.52	154
36.43	98
33.82	146
35.09	137
34.65	102
35.49	107
33.81	154
34.47	121
34.92	130
35.01	108
33.73	100
34.71	244
32.6	158
34.57	113
35.61	116
34.75	286
34.8	113
35.17	125
33.68	33
33.68	122
34.74	157
33.84	54
35.29	143
34.8	127
33.51	128
34.44	145
35.62	124
34.55	119
33.65	114
33.37	113
45.27	15
33.27	159
34.32	154
35.05	71
32.51	17
35.32	146
35.42	111
34.16	146
34.56	114
33.8	60
33.52	121
34.12	125
34.85	143
33.68	97
36.27	135
34.61	149
34.7	154
35.52	108
34.42	199
35.23	135
34.25	113
35.62	123
43.7	1
36.79	155
36.12	157
34.48	157
35.05	116
35.85	108
36.23	113
35.38	140
36.86	140
34.02	149
34.64	141
33.28	113
35.28	131
34.63	147
33.71	117
34.91	105
35.08	109
35.18	131
34.08	62
41.1	2
35.74	158
34.95	127
36.4	112
34.89	137
43.03	11
35.85	81
37.05	118
37.09	116
37.15	126
35.07	159
34.04	141
35.99	135
33.75	137
33.83	113
33.66	242
34.94	131
35.52	112
41.3	11
33.38	109
34.01	151
32.91	109
32.83	155
34.68	114
41.6	9
34.45	111
34.75	141
34.86	128
34.53	124
33.74	135
33.31	152
36.16	129
35.67	122
36.7	113
36.53	113
38.83	129
36.73	102
34.5	156
37.08	118
35.84	113
36.25	110
34.09	117
33.45	130
33.42	115
34.27	115
33.34	152
33.24	112
35.43	96
34	251
35.75	105
32.26	45
35.19	78
33.3	146
34.99	97
34.76	141
43.32	13
34.44	146
36.37	194
34.6	35
34.05	18
34.67	143
36.61	145
35.74	145
34.8	159
36.32	260
36.21	137
34.29	146
44.59	17
35.79	157
35.61	150
35.69	125
46.76	10
35.37	138
34.49	149
34.32	47
33.93	120
35.36	242
36.41	132
35.74	148
34.63	131
35.73	129
34.91	144
33.75	144
36.48	105
35.93	133
34.74	138
36.07	134
35.68	119
34.81	108
33.15	143
32.6	10
35	130
35.75	126
33.63	126
33.88	157
33.9	77
33.36	152
35.73	83
34.84	115
34.96	248
34.87	148
34.37	65
35.98	97
35.21	73
34.63	129
33.79	145
36.47	106
34.96	136
35.7	145
34.03	132
34.54	125
33.64	154
34.8	77
32.97	154
35.08	126
35.55	240
34.04	112
35.18	111
33.42	19
32.82	107
33.98	110
34.84	157
32.79	154
34.41	137
34.25	156
40.98	11
33.54	87
33.93	144
35.94	72
35	148
32.32	149
33.47	40
34.61	71
33.83	150
33.51	152
35.39	78
34.43	74
34.65	165
33.45	146
33.98	76
35.68	103
36.55	142
35.77	145
37.13	123
36.65	138
34.34	159
47.71	12
36.93	139
37.08	106
36.88	157
36.15	127
34.92	156
34.8	144
34.96	153
34.81	137
34.72	87
34.61	157
34.55	97
34.24	132
33.71	101
34.98	89
43.83	13
35.55	111
35.58	91
37.44	66
34.26	159
35.2	99
35.3	157
37.04	126
34.62	155
36.05	127
34.09	148
35.56	155
35.72	147
35.6	146
44.26	11
34.05	150
35.87	149
35.52	100
36.12	86
35.93	152
43.99	14
34.51	101
34.04	97
35.81	121
34.9	68
33.17	152
34.29	156
35.22	148
35.22	148
33.8	126
35.14	137
46.49	11
35.7	117
34.83	197
35.96	137
32.53	25
35.8	131
35.7	145
34.89	152
35.7	117
36.03	57
37.22	97
36.63	111
35.08	147
35.45	33
36.9	109
41.14	47
37.4	122
35.68	124
36.25	112
36.01	114
34.93	127
34.58	107
34.77	114
34.08	124
36.86	115
34.82	129
33.03	135
34.09	156
34.62	75
34.6	82
34.54	216
33.91	126
34.88	129
33.58	122
33.83	64
35.15	146
34.29	119
34.29	104
33.73	135
34.56	109
37.27	129
35.56	127
36.11	141
35.32	151
35.79	128
35.36	135
35.9	134
36.07	141
36.13	148
34.19	120
33.59	145
33.93	116
35.98	123
33.17	152
34.98	93
34.3	72
34.63	123
44	9
35.08	117
43.96	11
35.76	133
36.45	69
35.79	140
35.01	127
35.06	157
34.98	151
34.27	156
34.98	27
36.33	141
35.96	107
47.84	2
35.82	131
34.67	157
36.65	120
35.18	91
35.1	77
35.21	103
35.31	110
35.54	134
34.64	135
33.92	148
35.02	91
36.01	146
37.15	111
35.09	143
35.96	146
33.39	156
48.37	3
35.39	110
34.98	126
36.55	135
33.28	144
35.61	121
44.31	14
34.54	152
35.42	64
37.28	79
34	141
34.94	154
35.76	135
34.81	119
47.55	12
34.26	152
34.62	157
34.94	150
35.4	152
34.76	136
33.41	61
35.36	143
35.35	115
35.87	139
35.4	145
34.83	99
35.83	83
35.27	124
35.68	118
36.25	100
34.41	104
34.66	159
35.64	125
35.6	146
35.71	112
34.17	142
36.7	102
34.66	111
36.35	134
44.05	15
35.19	116
34.66	128
34.75	71
34.25	47
33.85	95
34.55	86
35.05	122
35.1	140
34.81	138
32.99	150
34.88	118
34.29	99
34.72	152
34.13	107
35.72	110
35.1	147
36.66	118
35.41	121
35.91	72
34.72	137
35.94	110
34.4	155
36.01	116
33.87	155
35.74	54
33.39	139
49.98	12
35.45	154
35	109
35.28	131
35.36	61
34.64	246
35.2	221
34.54	156
34.86	275
35.9	159
35.17	138
46.49	17
35.34	85
35.54	147
34.09	151
36.18	140
44.52	10
35.11	156
34.8	154
34.39	124
35.08	127
35.64	46
33.47	143
35.05	127
33.2	148
34.97	125
34.21	152
35.31	114
42.02	14
36.65	138
35.83	120
35.97	109
36.53	69
34.56	136
34.44	145
34.43	154
37.11	132
35.16	118
35.55	107
35.76	128
35.51	105
42.75	15
35.32	158
34.98	158
34.98	104
34.74	29
36.2	139
35.3	108
35.44	140
43.31	15
35.64	119
35.84	99
35.49	142
35.11	148
33.58	154
35.18	29
34.79	116
35.73	79
40.14	6
35.73	79
35.73	79
35.73	79
35.73	79
35.73	79
35.73	79
35.22	109
34.74	108
33.39	55
34	136
36.67	9
34.73	90
33.85	118
34.74	75
35.31	115
33.63	142
33.72	159
34.44	115
35.62	126
35.7	135
34.72	125
33.76	144
34.09	159
34.4	153
43.88	11
33.82	158
33.36	41
38.41	39
33.46	143
34.33	255
33.87	150
33.94	231
34.47	135
33.45	120
35.16	108
34.08	156
33.81	148
34.41	146
34.77	50
33.35	134
34.17	129
34.5	104
34.77	146
44	14
35.66	132
34.79	134
33.33	150
34.19	105
36.26	131
34.16	158
35.34	111
34.58	76
33.22	59
47.47	11
37.08	101
35	130
34.52	74
36.57	109
35.3	262
35.08	151
35.69	148
35.13	129
36.16	94
36.72	84
34.81	142
50.08	19
35.04	152
34.6	158
34.65	187
34.01	100
35.17	146
34.21	141
35.1	76
46.44	13
34.43	137
34.91	173
35.13	147
43.5	7
34.56	122
32.41	143
34.13	151
35.08	114
33.06	88
33.67	107
33.72	144
32.21	159
33.42	137
33.61	157
35.5	86
34.75	141
34.82	98
47.94	12
36.74	137
34.84	132
34.48	78
34.67	197
33.01	267
34.99	213
33.8	263
35.13	150
34.66	127
34.46	135
46.15	15
33.53	113
34.58	153
33.93	152
34.57	111
36.01	138
35.52	119
35.3	116
35.78	125
63.05	10
35.52	113
35.4	124
36.16	89
35.64	65
35.39	145
43.34	14
36.32	110
35.02	152
35.29	108
35.92	124
34.46	138
34.73	125
35.34	138
36.94	123
36.91	126
34.86	127
33.71	113
41.35	33
33.85	139
34.66	157
33.66	151
32.25	143
33.87	123
34.88	86
32.79	124
35.63	147
36.15	157
44.69	19
34.78	109
36.16	154
35.19	129
35.86	110
36.22	104
37.34	107
36.8	156
36.62	22
33.94	108
33.73	152
34.26	131
33.39	70
33.34	259
32.8	141
34.29	75
32.5	42
33.34	151
35.48	134
34.54	147
35.52	148
35.47	259
36.03	144
46.2	15
34.25	102
34.4	131
35.6	148
35.53	128
34.02	152
35.31	133
33.94	104
34.53	67
33.17	156
33.16	30
34.81	106
32.8	40
34.9	98
33.21	52
36.28	103
35.31	121
35.16	148
35.07	121
36.43	114
35.05	139
34.97	149
34.57	156
34.49	153
36	136
36.91	129
36.3	117
34.35	147
43.31	41
36.11	150
35.74	63
35.21	131
35.01	147
34.64	124
35.33	46
36.21	188
35	33
35.86	102
34.18	50
33.52	155
34.98	155
35.4	149
31.06	7
34.06	105
35.42	158
35.58	87
34.57	142
36.09	109
35.6	126
33.88	152
34.72	155
33.28	157
32.73	154
35.3	157
33.68	138
43.14	11
33.25	149
34.81	75
34.44	133
35.59	113
34.92	125
33.84	118
36.31	141
34.42	126
33.24	141
35.39	127
36.21	117
33.63	101
34.68	148
34.17	40
35.66	123
34.88	86
40.32	61
33.09	158
34.21	140
35.25	75
34.32	121
34.19	142
34.36	118
34.55	101
33.91	156
43.4	16
35.76	130
35.55	86
35.55	86
34.05	151
35.43	119
34.51	146
34.29	84
34.31	138
34.39	113
34.78	73
35.93	97
45.39	13
34.57	140
34.02	125
34.68	155
33.32	62
33.85	141
34.68	140
34.76	127
36.23	101
33.98	87
34.72	141
33.69	144
35.81	137
34.69	143
33.79	153
33.87	130
35.37	111
35.03	133
35.56	112
35.99	139
34.77	160
35.7	152
42.22	15
33.48	158
33.91	210
34	213
34.31	141
33.44	157
33.64	158
34.24	157
33.84	149
32.66	34
33.35	134
32.75	113
33.39	149
34.53	68
43.02	19
33.57	113
35.53	107
33.88	153
33.98	55
34.66	142
35.85	142
34.46	136
36.03	70
35.4	123
33.59	155
42.45	76
34.97	158
34.83	145
33.73	156
32.58	132
34.66	139
32.73	135
33.53	131
35.93	73
34.05	149
35.26	128
35.96	103
34.99	92
35.08	132
34.66	99
35.51	135
44.26	15
36.04	149
36.82	111
35.62	119
36.74	146
36.3	95
36.16	99
36.39	155
34.92	29
35.41	144
35.48	144
44.59	20
36.15	105
37.27	152
37.57	93
36.04	104
35.3	158
34.96	132
35.72	148
34.35	123
44.57	10
33.08	151
34.24	125
34.77	73
34.7	68
34.5	136
34.73	129
34.31	118
34.78	147
33.41	148
42.77	7
36.53	80
34.66	112
34.31	129
34.39	149
34.95	73
34.25	124
33.91	142
34.23	97
35.94	97
34.79	84
43.6	15
35.22	148
35.01	65
35.77	65
37.26	119
34.83	149
36.07	109
35.94	137
33.8	137
35.58	138
35.19	122
34.26	127
34.62	146
35.61	99
33.57	156
33.63	146
34.89	126
35.84	144
34.12	96
34.06	149
34.83	115
33.38	45
34.48	115
33.21	150
33.5	137
34.2	154
40.32	6
33.9	98
34.14	124
34.55	123
35.39	125
35.05	155
35.75	137
36.1	79
43.37	13
34.06	96
34.51	156
35.48	133
34.45	117
35.95	64
33.85	89
33.89	141
34.22	146
34.67	69
33.62	141
34.17	283
34.34	106
33.52	143
35.49	39
34.71	114
35.82	136
35.1	67
32.75	35
35.14	128
33.98	157
35.12	125
35.43	143
34.92	144
33.67	140
35.05	147
42.81	2
35.64	139
35.12	128
34.63	150
36.77	126
36.03	128
36.44	114
36.38	96
32.74	155
33.05	72
35.02	134
34.53	135
32.82	67
32.65	104
32.8	88
33.24	157
34.52	70
38.47	16
34.8	129
35.7	149
35.03	127
34.34	151
34.01	159
35.56	148
34.7	93
35.36	83
34.56	225
35.3	152
34.85	111
34.49	130
34.35	147
34.75	87
32.46	158
34.05	141
33.97	125
34.81	98
34.12	109
34.79	88
33.19	175
34.57	166
33.25	179
34.14	121
34.6	153
34.36	145
34.62	132
32.65	175
35.39	135
32.45	167
33.65	146
32.88	179
32.23	172
33.24	166
33.97	133
32.76	178
33.81	166
34.25	164
32.68	169
33.45	172
33.31	168
32.75	176
34.04	115
34.06	170
32.88	150
33.21	174
35.35	158
35.86	40
33.27	171
32.95	164
33.93	145
35.4	149
33.06	173
33.34	71
33.7	63
33.94	124
33.93	176
34.51	138
33.58	172
33.72	176
33.85	129
33.48	178
34.76	35
35.44	141
34.17	145
33.57	124
33.94	159
35.2	132
32.78	156
34.34	164
33.46	172
35.95	102
33.62	179
33.87	114
33.97	54
33.55	175
32.99	161
33.58	353
34.91	145
33.91	161
33.5	154
33.3	147
33.17	171
34.34	166
33.97	117
34.87	100
32.04	179
33.52	167
33.09	146
33.97	118
33.3	164
33.91	143
33.31	175
34.98	124
34.44	115
34.12	177
35.39	130
34.24	176
35.57	141
35.15	120
32.87	171
34.08	72
34.44	150
35.22	104
34.84	174
34.77	174
34.01	154
34.59	154
34.27	165
32.76	120
33.38	59
33.2	179
35.21	120
34.91	168
34.32	177
33.56	165
35.6	99
33.61	153
35.75	164
34.5	124
33.88	170
34.24	178
33.68	160
37.06	65
33.56	165
34.56	149
34.08	158
33.4	172
34.99	140
34.22	162
32.63	156
35.4	116
33.85	176
34.03	171
33.58	172
36.61	137
34.82	137
34.41	172
32.86	170
34.12	162
34.15	151
34.45	158
36.03	106
34.09	178
35.27	131
33.82	161
34.72	106
34.58	161
33.91	168
35.04	179
35.56	144
35.84	119
33.7	172
33.72	177
32.85	165
34.24	178
34.62	170
35.08	87
35.34	142
35.45	165
34.5	147
33.73	145
33.67	161
33.58	143
34.33	66
33.84	53
33.83	158
34.39	165
33.77	106
34.23	148
33.72	161
33.03	162
33.03	162
34.12	171
33.48	152
35.62	63
34.8	128
33.1	158
34.57	103
34.46	152
34.95	120
32.44	174
35.41	104
34.08	20
34.13	146
34.13	173
32.83	172
35.64	42
35.59	130
36.12	151
34.58	150
33.29	173
35.92	121
35.97	132
35.21	161
35.57	136
34.37	121
34.08	158
35.74	93
34.49	113
32.87	163
34.79	117
35.93	70
35.17	170
34.4	165
34.66	162
34.84	135
33.47	164
34.18	141
33.24	177
33.33	154
34.12	174
33.99	303
33.84	126
34.84	159
33.22	172
34.98	142
35.12	155
35	154
34.44	152
33.15	146
33.7	172
33.08	172
34.08	161
34.74	195
35.07	103
33.42	150
34.2	118
33.24	170
33.24	170
33.4	164
34.48	148
34.48	148
34.48	148
33.35	178
34.56	123
34.56	123
33.47	166
32.89	174
33.82	174
33.05	141
33.43	179
34.35	153
36.01	134
33.81	167
34.84	137
34.84	137
34.03	129
33.91	127
32.55	162
33.6	144
33.36	147
34.82	87
34.08	162
33.96	157
33.78	117
35.38	157
35.13	120
32.98	165
33.11	182
32.04	172
35.24	40
34.96	125
32.51	176
33.75	129
33.53	142
34.54	245
34.07	142
34.02	147
34.16	146
34.43	97
34.7	93
33.89	147
35.73	139
35.16	154
33.81	174
35.07	98
34.71	99
34.55	170
32.81	154
35.65	106
34.96	177
33.73	140
34.54	159
34.28	158
31.83	176
34.75	143
33.72	40
32.66	177
32.04	177
