sim	len_diff
33.94	69
35.38	85
35.62	38
36.59	23
33.46	73
36.9	17
35.49	57
32.97	81
34.25	42
35.28	27
31.96	36
34.65	51
31.81	14
32.45	83
32.76	75
34.98	39
33.66	51
33.72	54
31.45	69
31.32	27
33.93	20
33.71	85
34.65	43
31.56	43
36.03	8
36.33	30
32.63	42
35.87	23
34.56	28
35.11	44
34.93	51
37.36	27
33.56	70
33.74	73
33.85	79
33.62	16
33.1	66
33.61	71
33.61	71
35.22	45
32.79	11
33.85	81
36.09	35
37.55	20
33.12	47
32.47	81
36.15	38
33.65	41
39.25	30
32.42	75
37.15	30
39.68	23
32.66	57
32.66	57
32.66	57
32.47	17
37.82	16
37.74	16
34.97	35
36.15	14
33.56	30
31.72	41
33.34	37
33.38	42
31.4	41
32.47	39
38.16	31
36.02	23
34.17	26
33.4	42
32.58	29
33.85	81
31.51	83
33.89	42
34.21	63
33.4	82
34.7	28
33.89	42
33.84	44
33.84	41
36.72	10
34.39	52
35.69	21
34.72	15
36.25	31
33.55	73
37.47	11
36.37	54
35.71	28
31.63	60
32.37	23
34.5	30
33.7	55
32.7	86
32.91	75
31.61	70
35.57	49
35.04	71
34.29	43
34.51	35
35.9	59
34.97	18
37.04	36
35.63	31
34.63	69
34.35	39
35.29	31
33.18	33
34.48	31
33.42	69
36.33	14
35.05	52
33.84	58
33.17	61
36.48	22
35.81	14
34.56	40
31.89	36
33.81	58
36.52	54
32.31	84
34.37	29
37.19	19
34.82	32
33.55	78
34.25	81
35.21	57
33.37	77
35.93	75
33.62	41
33.28	24
32.83	40
34.78	66
34.29	69
32.57	59
32.39	33
32.98	64
33.22	25
33.98	81
36	13
33.74	35
33.17	78
32.41	72
37.83	13
36.37	3
33.26	37
34.57	79
32.77	70
34.51	27
34.38	27
36.01	17
33.84	42
33.75	62
33.88	32
34.16	50
33.16	49
35.12	29
32.97	59
33.82	30
37.44	42
32.96	40
32.8	64
33.93	60
31.82	55
39.19	37
32.05	55
34.15	42
32.88	64
35.13	66
34.49	79
34.22	77
32.75	64
34.56	66
34.87	45
33.84	42
34.46	75
34.64	67
34.64	67
33.84	42
33.33	31
36.71	32
33.12	57
34.57	76
32.04	75
37.13	33
33.41	42
33.92	25
31.95	82
34.01	15
35.26	32
35.89	37
32.9	30
33.33	36
34.16	37
37.75	37
34.81	30
36.05	37
33.1	32
34.28	60
37.76	14
35.04	17
34.44	68
35.09	76
37.18	27
35.25	36
35.99	67
36.27	15
33.56	58
35.05	35
34.15	36
33.92	61
32.31	30
33.18	36
33.12	35
33.14	39
33.12	35
35.07	74
33.1	32
31.38	26
36.2	18
35.03	30
34.8	35
32.33	36
33	34
33.89	42
33.53	35
32.01	26
33.27	21
34.63	35
32.72	21
34.81	23
34.02	2
33.48	29
35.54	19
33.93	15
31.93	30
32.52	28
34.63	35
31.54	36
31.83	70
34.3	34
34.04	66
32.87	22
35.36	36
39.37	35
34.58	32
31.61	26
34.16	32
32.99	52
37.84	20
30.77	36
32.96	20
31.2	32
35.56	17
32.39	35
34.95	12
32.71	32
31.01	35
36.08	22
35.2	33
33.3	35
36.28	36
35.02	34
37.03	36
34.02	2
36.89	28
30.55	33
34.52	33
32.49	60
37.18	34
33.61	61
33.77	50
35.61	59
33.06	8
33.26	40
35.81	6
35.41	65
34.03	86
33.91	23
33.25	79
34.21	20
34.01	70
36.21	39
33.8	38
32.76	73
36.22	15
33.58	5
32.3	83
36.1	21
35.38	31
34.41	25
34.09	33
33.62	37
33.61	81
35.98	19
38.02	12
37.16	36
31.44	84
33.37	24
35.84	43
34.11	36
31.99	63
36.89	52
33.61	21
36.04	32
36.85	57
33.93	60
35.27	46
34.8	17
35.11	45
33.71	40
41.68	17
32.02	27
34.56	78
33.89	12
35.85	42
34.08	83
37.52	9
35.91	37
32.32	39
36.23	60
34.69	82
35.38	30
35.09	16
34.59	31
31.65	43
33.5	83
36.05	54
33.85	46
34.11	51
35.03	29
31.64	56
36.45	65
35.07	77
34.03	76
31.91	36
37.79	30
37.36	26
35.33	41
33.88	73
35.01	53
34.87	14
33.95	86
34.76	53
34.51	43
33.88	73
38.08	10
34.1	70
35.38	60
34.6	5
33.95	31
31.05	62
34.58	9
31.91	19
33.74	37
32.48	64
31.17	68
33.33	53
32.71	64
39.59	4
33.9	36
35	66
37.51	34
34.04	6
32.79	27
35.99	48
35.19	15
36.88	26
34.15	41
32.2	60
32.94	43
31.38	22
34.55	59
35.32	43
31.69	36
35.51	66
33.97	62
32.1	55
34.4	8
33.77	53
31.92	22
33.9	47
31.57	47
35.9	10
31.48	3
34.68	48
31.47	3
33.39	23
33.13	11
37.49	36
37.3	60
34.5	23
36.45	30
36.08	51
35.12	29
35.49	50
38.15	58
33.71	60
32.87	7
37.29	32
36.89	60
38.61	37
37.73	55
34.63	38
36.75	62
36.9	65
35.65	40
36.11	29
36.75	30
32.98	36
32.65	35
33.88	58
31.48	40
33.29	68
33.26	55
34.82	15
32.55	13
33.25	31
34.2	29
32.16	2
33.17	22
31.77	63
31.57	63
35.84	8
32.64	53
33.68	18
34.37	54
30.03	3
33.18	19
34.76	19
37.96	37
34.31	43
35.71	36
35.44	8
37.9	45
33.69	68
38.31	36
35.47	26
33.16	16
35.76	64
32.48	26
34.74	53
34.52	15
37.41	43
34.51	61
41.81	22
35.5	32
35.83	28
38.18	8
33.35	56
33.52	38
31.27	29
34.35	51
32.48	34
33.48	51
34.25	35
35.2	34
31.79	19
33.48	51
37.63	32
37.24	64
34.13	67
34.81	15
34.67	63
38.67	4
34.79	7
35.89	64
33.25	68
34.08	64
31.77	47
34.31	46
33.36	65
32.5	56
33.47	20
36.26	37
32.68	63
35.44	13
32.85	21
31.61	60
35.66	15
35.34	19
33.61	20
36.55	32
32.02	64
30.85	48
32.7	38
33.11	4
32.01	25
33.88	27
37.08	53
34.39	64
37.84	35
34.38	53
34.78	64
36.01	6
35.78	42
35.48	54
32.69	28
32.93	17
34.6	42
32.69	22
33.34	9
31.04	17
33.91	27
34.69	15
36.97	20
32.82	5
35.12	32
36.5	30
38.26	30
37.63	44
37.04	34
39.77	30
37.13	57
37.55	18
37.84	37
34.95	26
34	62
34.95	13
34.1	20
33.46	63
32.41	29
35.55	4
35.36	24
33.93	47
32.43	36
33.08	22
32.99	54
31.06	36
34.46	5
33.09	54
33.58	26
33.77	7
33.08	44
31.17	28
33.93	62
37.85	34
36.35	51
39.53	16
34.59	27
32.96	29
34.41	27
33.87	38
38.58	15
38.69	42
38.77	4
38.18	18
33.36	15
35.76	29
31.88	34
35.66	57
39.39	12
32.78	33
35.62	45
33.8	31
34.5	36
35.71	31
34.67	8
32.61	41
37.42	21
35.4	59
34.25	18
32.58	60
36.12	62
35.5	22
34.16	50
37.01	26
39.06	6
36.65	33
34.56	68
35.87	10
37.34	53
33.78	65
35.73	34
36.52	28
34.8	66
34.87	29
33.25	50
30.89	60
35.85	11
34.26	65
32.81	38
31.71	46
30.76	38
32.93	1
34.74	7
33.02	22
35.53	33
38.38	20
37.4	26
35.37	68
37.4	13
35.66	57
39.45	22
34.17	35
36.47	41
34.44	57
35.84	62
35.62	13
35.04	27
35.56	51
34.74	2
36.98	53
36.05	30
37.25	48
34.44	58
37.16	31
35.75	35
37.41	15
35.9	25
37.8	39
35.81	33
31.18	44
36.51	31
34.61	8
32.47	34
34.05	32
33.1	17
35.74	24
32.17	35
34.33	34
31.84	38
30.56	25
31.62	36
32.73	34
32.63	59
35.3	24
34.96	4
34.82	19
34.45	43
36.23	27
35.27	11
35.26	28
32.46	35
33.32	34
33.73	37
37.19	26
34.74	45
35.27	16
35.75	55
32.93	40
33.83	34
34.99	36
34.1	18
42.01	24
33.25	20
35.57	68
36.68	45
34.79	68
36.72	39
33.01	66
33.72	56
37.27	67
33.45	6
36.8	67
34.35	65
33.95	38
36.66	16
34.48	61
37.34	52
36.41	55
36.53	53
41.25	30
35.05	16
34.96	27
37.07	66
34.48	27
34.86	4
32.25	29
31.27	33
32.1	14
33.59	33
30.32	35
30.96	46
30.13	33
35.33	35
33.84	34
32.34	29
31	46
33.51	35
35.1	49
34.41	44
36.21	18
36.18	8
39.48	9
33.6	27
35.68	22
31.41	22
32.8	38
34.37	22
33.96	26
31.12	47
34.59	25
31.87	37
31.87	37
31.96	51
34.36	63
35.48	60
34.34	8
36.56	5
32.86	26
35.14	45
36.61	27
39.17	5
37.63	4
35.02	17
35.15	2
31.27	21
39.6	12
35.14	65
36.3	38
35.91	8
34.94	64
36.43	26
36.19	61
34.32	2
33.84	31
32	66
30.87	10
37.75	25
32.84	62
35.18	36
31.31	9
32.53	38
36.81	39
34.5	51
33.32	33
32.04	60
31.96	66
33.84	34
33.94	62
31.55	68
31.82	59
32.69	12
34.09	20
33.88	63
32.48	41
34.04	37
34.82	25
34.19	26
32.39	51
32.68	62
36.43	17
33.97	61
34.16	31
35.27	62
34.78	51
39.46	25
36.37	15
36.04	47
36.45	45
36.8	54
36.15	14
36.35	54
35.46	53
36.02	25
31.72	25
33.16	16
33.97	56
36.74	43
33.08	25
34.11	25
33.14	58
33.4	56
34.07	54
33.76	53
34.67	40
35.76	44
33.67	23
35.93	37
35	10
33.2	27
34.8	56
37.37	5
38.64	32
32.15	28
32.39	7
34.51	1
35.1	50
35.73	45
34	58
35.98	9
32.27	54
37.62	29
35.19	51
31.33	35
34.56	6
33.07	17
34.2	67
34.76	63
35.72	67
37.54	48
34.9	27
32.23	53
30.88	44
30.97	7
34.82	35
31.48	5
30.8	19
30.49	40
31.05	60
32.6	0
30.51	37
36.54	26
33.06	34
35.14	58
34.18	16
32.47	68
37.95	9
32.35	67
37.2	19
34.05	53
32.79	58
35.33	54
37.85	60
35.61	58
35.81	51
35.59	16
37.21	24
36.09	35
34.52	48
35.14	54
36.71	62
33.91	46
33.94	15
34.29	24
41.25	13
34.8	59
34.11	34
34.89	64
36.08	23
34.14	62
35.47	9
33.73	25
32.34	27
31.06	31
31.77	54
32.21	47
32.45	42
33.47	31
31.37	30
32.25	33
30.55	28
34.76	30
34.98	67
32.74	18
35.61	42
37.12	4
32.93	9
34.8	28
35.86	26
34.72	34
35.9	12
33.69	22
32.8	40
34.9	57
35.67	53
37.23	23
32.33	7
33.51	66
34.9	60
36.05	68
36.98	67
36.1	51
35.73	25
30.96	35
38.21	37
33.72	19
34.52	67
34.22	58
33.89	9
36.73	23
36.03	47
35.09	2
34.55	41
36.43	66
36.2	52
37.03	62
38.91	13
36.18	31
36.75	2
35.75	64
33.75	33
32.86	51
34.04	28
32.9	50
33.89	35
35	67
33.43	64
33.09	35
39.18	5
34.87	35
35.44	44
36.15	66
35.39	67
35.45	34
38.52	18
36.15	28
37.56	37
35.29	22
33.46	16
33.95	65
35.43	60
36.04	12
39.07	2
35.87	20
34.33	67
37.11	32
35.2	49
33.9	63
36.31	59
33.89	37
34.04	11
35.1	20
34.12	67
34.96	35
34.36	6
33.8	44
33.51	52
34.82	67
32.51	21
33.97	38
36.4	50
31.65	28
36.22	38
31.9	48
35.15	47
33.33	22
33.37	57
36.71	19
31.3	43
37.53	8
34.49	33
34.26	60
33.95	32
35	5
32.43	56
36.67	21
33.2	9
33.42	64
32	15
35.42	42
33.23	61
31.75	54
32.53	10
30.64	52
36.1	17
35.54	36
36.21	46
33.76	10
35.78	65
34.29	65
34.11	41
34.38	36
35	32
38.53	9
34.54	62
35.56	48
34.36	50
34.63	16
35.72	46
36.12	41
34.96	60
35.48	59
35.83	44
34.14	37
38.62	12
35.88	29
34.95	51
37.36	35
33.89	23
33.7	38
32.5	30
33.7	61
31.8	38
32.33	37
35.38	44
31.24	63
32.83	51
36.05	28
33.75	5
31.31	25
33.72	25
32.48	35
31.58	29
35.07	52
34.45	45
36.51	4
34.78	45
33.83	62
32.93	39
33.54	34
34.56	18
35.62	26
32.46	15
32.87	36
36.5	14
35	47
38.68	34
36.53	46
36.53	64
34.38	45
33.05	28
33.3	40
36.45	4
33.34	14
32.31	28
32.23	36
31.12	29
32.72	25
37.35	23
34.68	38
36.26	31
37.72	4
33.03	30
34.86	61
36.2	32
33.8	43
33.76	25
33.8	43
33.64	66
34.37	41
35.33	28
36.16	54
33.62	38
35.02	1
36.51	34
31.86	38
37.73	4
34.55	34
36.04	32
34.79	36
36.6	20
31.95	36
34.96	24
33.44	17
32.5	65
31.09	28
33.87	46
34.95	38
32.41	32
35.68	5
34.7	61
30.68	28
33.01	33
31.29	13
32.1	30
31.7	29
33.23	44
33.7	42
34.24	20
33.08	31
32.19	17
33.83	29
32.14	21
34.17	32
32.11	33
33.43	36
33.34	16
33.86	33
30.95	28
33.65	60
36.5	27
34.79	68
34.3	38
34.14	62
37.38	11
32.06	29
35.56	14
36.18	18
34.23	21
34.55	39
36.04	37
32.18	34
30.16	35
33.19	38
31.37	6
31.32	38
32.54	31
31.4	26
35.63	35
35.83	30
34.65	35
35.88	58
36.65	19
35.19	24
35.35	20
33.83	57
35.82	36
37.23	46
37.12	54
35.95	68
34.9	59
35.2	27
35.82	34
33.38	40
35.05	54
33.6	54
34.33	28
37.1	32
34.92	41
36.45	21
34.61	18
36.97	9
35.63	36
32.26	56
33.28	30
31.8	27
34.17	20
30.21	34
32.96	38
31.3	52
33.26	13
34.95	61
36.28	35
33.87	52
33.66	8
34.07	65
35.03	18
33.87	55
36.26	37
35.35	21
32.58	59
36.14	64
36.1	64
36.34	67
35.33	36
35.47	49
36.18	64
35.2	64
34.25	38
37.43	53
34.58	48
33.72	12
34.2	37
32	59
32.35	14
34.47	33
33.77	10
33.33	50
33.63	29
35.43	8
35.53	40
33.32	8
30.87	24
33.51	31
34.67	63
31.55	25
35.61	45
35.27	28
33.38	22
35.04	14
33.4	4
38.93	8
34.95	34
34.44	9
36.31	23
33.9	21
35.73	67
59.96	3
33.19	62
34.03	48
36.03	53
34.4	36
36.75	6
35.11	29
36.42	35
34.97	53
34.21	56
34.44	39
36.31	46
35.4	29
35.8	58
32.82	4
35.25	52
32.11	38
33.86	67
34.49	63
34.38	30
32.2	67
34.21	45
32.3	30
34.29	62
32.62	21
35.09	66
34.72	33
32.52	28
33.42	67
38.53	13
33.51	2
32.44	23
34.36	38
35.51	57
33.58	27
33.64	67
33.73	40
37.29	33
34.1	28
33.94	38
31.82	36
34.92	47
34.25	24
33.55	65
33.81	23
32.41	52
34.5	4
34.33	26
33.06	58
33.82	67
36.66	21
35.48	11
34.95	28
33.28	28
36.14	61
35.79	42
34.7	44
36.96	53
36.19	22
38.09	22
35.09	66
35.88	58
37.22	46
38.72	35
36.85	35
36.47	48
31.98	63
35.29	49
33.51	43
36.13	30
36.36	60
38.08	24
33.06	47
34.42	21
35.22	58
35.18	2
35.45	30
34.04	53
33.85	1
39.11	9
35.06	22
35.46	68
37.28	52
33.79	64
35.53	32
34.41	31
37.13	5
34.12	34
36.16	5
35.64	44
34.76	35
33.04	18
33.56	26
32.66	27
32.49	56
33.81	37
35.59	48
35.97	53
34.53	21
34.61	16
34.18	59
33.81	48
34.37	68
35.41	11
36	52
32.51	23
32.48	21
35.36	16
35.2	41
31.38	20
36.84	56
32.94	33
33.3	50
36.04	33
35.39	64
35.06	20
38.4	31
34.03	33
36.04	61
34.04	29
35.58	28
35.5	58
34.04	17
34.81	26
35.56	27
32.01	35
35.17	55
33.86	33
33.67	16
32.53	13
32.43	62
33.56	27
35.89	21
32.72	32
32.25	23
33.03	28
35.31	48
32.36	60
30.75	56
34.46	16
33.26	42
35.27	55
31.8	23
32.65	2
31.69	23
33	0
35.44	14
33.5	38
38.74	65
34.72	55
33.51	37
33.39	41
36.39	36
38	22
34.99	53
33.96	25
35.17	38
35.19	2
31.95	28
31.21	53
34.11	15
30.41	55
33.81	36
33.95	13
33.83	61
34.48	48
31.67	66
34.08	47
33.74	25
33.67	51
32.56	59
32.04	41
32.9	54
33.77	34
33.54	22
32.75	0
35.3	6
32.74	12
30	43
32.1	26
33.77	17
33.2	43
32.75	58
32.13	33
35.83	26
36.13	62
35.95	60
33.93	60
35.19	66
34.65	57
33.31	22
40.69	16
37.65	57
36.01	56
32.82	27
35.52	14
35.78	43
36.8	35
34.02	12
35.37	61
36.64	19
33.11	67
35.02	1
34.88	22
35.54	28
34.14	68
36.07	22
37.07	39
36.76	39
36.16	38
38.22	20
35.39	34
36.01	24
35.29	61
37.13	45
36.82	33
33.69	66
41.62	29
36.1	44
36.28	55
36.16	39
34.44	52
36.68	43
36.22	37
33.36	35
32.65	64
32.26	52
33.94	43
35.75	38
32.64	39
33.01	11
35.12	42
36.51	24
34.36	19
32.97	20
32.65	7
34.1	22
32.48	28
32.91	35
32.66	52
35.12	37
30.99	48
35.2	63
35.25	56
35.55	61
32.2	52
33.1	22
33.75	57
35.68	9
34.37	36
39.34	13
33.79	40
37.51	11
34.3	67
33.09	66
33.57	17
33.3	18
34.64	53
33.13	66
30.8	17
32.99	60
33.41	8
34.72	36
33.26	55
36.44	12
32.86	57
33.78	64
32.6	64
34.69	65
31.66	59
35.45	25
33.18	36
32.57	63
35.59	25
34.44	46
32.46	59
34.4	44
35.56	21
35.86	35
34.59	36
35.24	47
32.5	60
34.91	29
34.18	24
33.82	39
32.97	23
31.46	36
36.27	50
36.38	17
34.02	32
38.54	28
35.8	33
32.63	26
35.4	41
36.86	51
35.08	39
39.49	37
34.9	54
35.88	61
36.14	44
35.5	52
35.76	53
35.33	63
33.99	68
35.4	19
33.37	10
37.32	12
33.53	26
34.4	62
37.06	4
34.21	55
37.92	46
31.93	44
36.66	34
33.1	60
34.3	22
35.27	34
36.5	49
38.38	18
33.78	47
33.39	19
33.17	27
34.6	62
31.63	28
34.94	67
31.32	34
32.17	13
32.96	61
34.15	45
33.76	31
33.04	32
38.48	18
33.81	59
35.12	41
33.3	67
35.06	36
33.36	50
34.96	4
31.01	12
32.91	60
32.94	25
33.57	58
33.84	47
37.55	36
37	9
34.81	49
34.95	58
36.06	15
35.88	68
37.39	37
37.67	15
36.26	57
41.62	18
33.84	14
33.59	34
33.05	31
33.83	6
32.59	49
33.47	48
33.43	23
31.69	34
31.33	46
30.32	37
35.01	42
35.09	65
37.44	31
35.59	36
35.42	28
38.3	24
37.77	32
36.23	56
33.82	12
36.93	24
33.19	14
31.05	67
34.89	16
33.05	8
34.02	60
33.68	19
33.63	33
33.59	1
32.06	21
30.95	28
36.91	30
34.53	41
33.25	37
37.73	8
37.91	22
35.22	53
32.45	35
37.18	28
35.22	35
32.76	34
34.15	64
34	43
34.95	16
36.41	27
33.6	67
35.4	11
33.04	67
32.61	24
33.94	30
33.32	44
32.59	14
32.24	11
30.32	4
31.63	34
31.11	26
31.61	27
30.47	28
32.67	38
32.31	27
36.82	4
32.32	35
31.17	13
34.44	62
36.6	38
32.41	16
34.74	36
34.89	18
33.45	12
32.41	29
34.28	64
31.36	27
33.37	66
35.73	28
35.52	40
34.58	68
33.73	65
32.85	66
31	29
33.25	34
38.31	6
36.9	19
38.63	26
36.23	34
34.33	33
39.31	20
35.85	59
35.89	31
35.23	41
35.37	66
37.18	25
36.54	5
33.02	35
38.16	43
36.45	32
35.23	9
36.87	62
38.37	20
36.8	35
36.43	26
33.26	29
34.29	47
36.31	51
36.34	33
35.36	30
36.85	12
38.91	23
34.47	23
38.82	22
36.27	59
33.39	23
36.23	24
35.3	61
35.02	63
33.08	55
37.22	26
36.52	38
32.71	51
37.92	44
38.11	18
34.86	62
33.74	34
37.66	42
32.6	22
36.82	27
36.26	21
34.45	19
36.31	30
36.71	57
38.41	22
32.34	26
36.75	37
37	20
36.45	49
38	44
33.18	25
34.71	65
34.16	37
38.46	27
35.82	64
33.95	34
38.05	36
36.66	50
38.55	27
33.33	24
35.88	55
37.69	65
36.14	46
36.13	27
35.56	62
35.76	48
38.47	41
35.57	21
37.34	37
36.74	49
34.08	57
33.38	55
36.34	5
35.4	32
32.91	32
35.73	63
32.45	40
37.4	34
34.15	37
35.95	52
32.85	53
34.83	33
36.37	41
38.21	42
36.11	0
33.58	49
32.87	19
34.16	8
33.47	67
32.93	35
32.6	65
33.46	4
36.58	6
31.71	62
36.29	26
35.8	37
35.69	4
31.7	32
31	35
33.32	29
32.26	24
34.27	62
30.86	27
32	50
30.39	35
35.1	12
30.53	13
32.09	29
32.16	35
34.11	16
33.62	41
32.85	27
33.95	55
33.82	31
33.9	19
34.04	33
35.83	55
33.17	33
35.9	61
33.24	1
36.43	4
34.48	41
35.72	29
35.56	18
35.69	28
35.13	68
35.52	64
35.87	17
36.61	50
37.21	62
36.47	62
35.8	64
35.64	33
36.78	46
34.46	59
36.54	56
37.92	25
37.08	48
35.36	39
37	50
36.54	20
36.24	66
39.16	12
33.59	32
34.37	47
38.25	13
36.8	52
38.05	35
34.57	66
37.6	37
36.82	22
34.5	68
35.15	2
35.14	46
36.62	44
34.74	41
31.37	22
36.21	7
32.5	29
30.89	32
34.26	31
30.8	35
31.01	38
33.61	58
33.32	18
37.48	47
38.05	33
34.7	50
36.04	61
37.95	61
35.14	60
36.64	52
38.51	45
37.59	21
35.56	64
35.38	54
36.4	24
36.43	53
33.25	38
35.74	34
34.84	27
35.43	33
35.59	51
35.43	33
39.66	34
35.76	21
36.52	68
37.4	36
35.33	26
33.78	65
33.42	60
34.9	21
34.47	64
34.81	24
38.24	12
32.47	36
34.33	29
34.88	2
33.35	66
33.91	62
34.2	19
34.91	37
35.19	29
36.74	30
32.8	17
34.61	20
35.42	65
35.95	55
34.03	45
34.33	33
34.63	42
36.09	16
34.65	52
37.85	40
34.16	44
36.46	38
38.67	32
35.65	28
37.25	36
36.7	46
38.59	29
36.48	40
38.24	32
34.73	29
36.15	53
36.14	3
36.12	25
33.98	29
33.62	31
39.6	11
36.25	34
35.57	60
33.76	17
35.81	19
34.75	68
34.9	67
36.88	68
36.2	19
37.52	37
35.92	62
35.9	62
38.13	11
34.05	52
37.82	22
36.85	26
35.76	29
37.17	2
36.04	26
34.26	61
32.22	52
34.3	66
36.77	29
30.84	38
33.19	58
31.63	27
39.57	21
37.43	57
36.64	57
36.21	38
36.57	26
38.68	18
36.29	8
34.73	37
39.78	24
36.12	14
34.46	61
32.67	38
31.74	38
32.51	14
32.7	34
33.4	14
36.29	23
32.43	31
32.47	37
34.33	41
33.19	58
33.23	58
33.66	49
32.09	66
34.74	33
34.79	53
31.44	27
32.03	9
30.53	37
35.5	60
36.22	46
33.43	36
34.41	54
35.77	67
34.68	27
32.26	9
37.2	29
33.28	60
37	28
34.03	30
36.96	24
38.45	13
37.05	34
36.55	29
37.16	15
35.15	65
33.24	29
36.72	46
36.08	44
36.43	51
36.27	35
35.72	58
34.67	42
36.44	21
34.64	62
33.73	48
39.11	17
34.74	41
36.44	61
35.92	14
31.61	29
33.34	52
33.21	13
34.2	38
34.95	24
34.03	21
32.95	25
35.11	13
34.27	43
32.73	28
32.97	62
37.38	22
35.58	57
36.36	13
33.17	62
35.83	43
36.82	65
34.73	24
33.44	50
35.36	47
31.84	35
33.55	39
33.43	65
34.41	67
34.17	14
33.32	23
32.4	31
33.05	34
32.31	33
32.66	24
36.79	0
31.81	35
33.2	60
35.21	66
30.98	32
34.21	65
33.16	27
32.24	31
31.94	61
34.04	8
35.09	46
38.89	12
38.38	13
36	21
38.43	12
35.84	21
37.82	12
38.38	13
35.77	21
39.25	12
34.51	45
32.16	29
35.22	16
32.54	58
33.41	4
36.67	18
33.38	17
33.5	28
32.97	22
34.74	62
33.99	42
34.93	63
37.43	20
32.66	21
35	66
35.67	48
35.88	7
35.28	41
37.5	22
34.55	36
33.44	33
35.72	51
33.59	38
32.68	26
32.69	14
35	28
31.83	47
33.38	61
36.43	22
35.85	61
32.09	25
32.75	50
31.81	40
33.67	67
33.67	67
33.91	4
33.57	34
32.56	42
30.01	36
32.56	68
35.4	31
35.84	27
31.68	7
36.98	1
32.7	34
35.37	19
35.33	4
35.02	31
33.72	20
33.76	35
35.76	2
32.9	24
35.37	22
35.33	43
30.91	36
34.96	33
32.01	34
37.43	29
31.54	3
32.09	66
33.17	27
35.31	65
37.94	20
34.53	56
34.25	23
35.15	55
34.65	66
34.67	38
34.4	51
39.23	6
35.72	7
36.86	17
37.31	22
38.44	29
35.26	33
35.34	28
35.73	66
34.85	55
37.14	42
34.33	15
31.97	16
30.96	29
34.9	29
34.18	68
31.68	37
34.76	39
33.11	23
32.17	30
35.2	22
32.84	59
37.22	29
32.89	28
35.34	6
35.82	50
34.75	59
33.93	62
35.94	39
32.84	5
34.37	50
34.18	33
33.65	58
34.88	4
33.77	4
33.12	38
32.18	20
31.56	35
35.59	18
33.15	22
33.65	63
35.12	30
36.11	29
37.4	44
33.97	59
32.55	10
34.22	15
33.47	64
36.45	55
37	15
34.79	29
31.37	29
33.25	13
34.32	15
33.33	38
35.52	25
34.64	62
34.08	57
33.26	47
34.73	47
32.56	37
35.29	54
36.88	41
37.22	21
36.98	33
38.16	36
34.44	36
37.48	6
35.29	54
34.9	41
35.35	52
33.76	30
36.81	31
35.6	16
31.77	37
32.61	37
31.33	33
31.73	47
33.23	48
35.13	28
31.68	38
32.15	54
33.64	46
33.55	54
33.39	25
33.41	15
32.63	2
37.88	37
35.16	38
35.19	50
37.22	8
36.94	34
37.68	64
34.88	21
35.06	41
36	68
35.54	28
34.61	14
35.2	43
55.59	13
34.14	55
35.03	67
36.98	5
37.61	46
33.46	53
34.88	64
36.18	19
34.43	8
34.27	37
34.78	23
32.3	22
32.01	16
34.29	67
33.44	50
34.22	26
38.77	22
34.63	47
35.23	28
34.65	37
32.74	20
36.15	62
35.65	43
33.47	5
34.01	25
33.38	51
40.68	9
31.8	38
33.33	10
35.1	33
34.27	20
34.15	56
36.9	15
35.33	30
37.9	31
36.83	31
36.64	18
36.29	22
35.29	15
37.48	41
35.45	64
35.26	55
33.27	35
30.53	36
36.05	38
34.1	18
33.05	35
36.2	25
35.69	50
34.56	29
38.14	43
34.32	59
36.83	36
36.56	23
33.42	59
34.33	52
35.18	19
32.41	23
31.95	48
33.6	46
34.44	62
34.21	16
36.26	28
35.56	46
32.24	13
33.32	31
33.45	37
32.58	67
33.18	41
33.34	12
33.06	52
34.01	51
33.23	8
34.22	47
33.89	3
34.92	67
34.62	14
34.89	22
33.39	16
34.19	65
34.87	47
35.41	14
34.09	58
32.94	62
32	15
35.17	48
34.8	17
33.82	13
34.71	32
34.9	36
34.71	63
37.66	36
34.39	17
35.5	66
38.21	23
36.44	28
34.5	32
36.41	53
34.96	42
33.88	27
34.03	39
35.67	68
37.23	31
35.15	44
36.66	16
38.52	18
34.24	24
34.3	64
34.73	38
35.14	32
35.26	25
33.88	14
35.25	14
33.88	34
32.46	68
37.61	32
36.1	8
36.18	5
35.07	56
35.12	37
35.34	34
32.64	48
34.38	2
35.36	43
34.45	68
33.96	60
33.69	15
32.59	65
36.51	12
32.76	60
34.81	7
35.34	41
32.91	65
31.7	11
31.8	45
32.69	29
34.09	21
33.74	16
30.72	29
32.23	35
35.46	6
34.21	65
35.22	68
34.21	65
34.21	65
34.21	65
34.21	65
34.21	65
34.21	65
36.73	29
39.01	38
32.26	28
32.86	26
31.95	34
32.27	41
32.87	37
31.12	64
32.8	17
32.41	37
31.99	62
32.95	51
35.12	33
32.23	3
32.26	35
30.68	51
35.37	55
31.85	41
34.44	24
30.97	49
34.67	22
32.02	60
39.82	19
32.15	35
36.96	34
36.15	24
36.29	12
35.18	35
40.32	23
36.38	27
33.52	66
41.16	20
37.19	10
36.85	62
34.8	25
36.23	63
37.06	46
38.5	26
34.9	67
33.59	63
34.86	32
36.75	37
33.5	4
35.59	33
35.99	19
34.68	67
36.39	18
35.82	6
37.06	12
35.26	33
34.33	36
35.75	55
35.17	19
33.79	25
33.59	63
35.02	40
34.58	22
34.75	26
33.02	9
31.38	31
35.66	35
33.24	29
34.36	20
31.56	58
32.78	45
35.56	24
36.15	26
33.5	8
32.29	6
33.32	44
35.34	26
31.21	64
30.69	24
31.84	36
31.5	32
32.73	29
30.79	28
32.61	63
34.47	20
33.29	45
35.25	35
32.8	33
32.73	33
36.06	67
36.2	20
34.32	54
33.23	1
37.05	39
33.4	27
33.6	66
35.67	59
34.27	26
36.08	54
33.77	68
35.66	12
32.29	62
33.19	62
36.64	51
32.94	62
35.13	37
32.66	25
35.79	14
32.39	6
33.75	67
33.88	23
32.62	31
32.36	63
32.19	62
32.98	65
34.6	9
33.68	56
33.63	33
32.72	17
31.93	4
33.98	36
33.93	24
35.79	34
32.76	52
36.48	4
32.05	35
32.9	14
33.38	64
36.03	62
33.54	46
34.94	55
35.51	1
34.74	61
35.33	48
33.87	33
35.16	25
38.9	27
34.63	10
36.22	6
34.98	30
34.18	25
33.84	27
30.17	25
30.86	36
35.99	41
33.38	40
35.1	42
35.23	33
33.66	34
34.67	48
32.92	64
35.22	67
31.66	26
37.1	56
34.95	38
36.48	4
33.6	32
32.69	61
35.87	0
33.39	63
34.73	53
35.19	31
35.12	32
33.47	36
33.09	51
33.84	18
33.74	33
100	0
34.44	36
35.02	52
34.73	37
36.52	33
35.52	64
36.89	28
33.66	34
37.18	33
37.65	17
34.48	31
32.61	19
35.7	65
37.07	19
34.4	24
34.8	30
31.86	38
32.87	68
33.95	42
34.23	13
35.67	66
50.04	17
36.48	47
35.53	40
35.02	2
35.25	50
36.82	18
35.17	25
35.59	7
34.8	54
36.78	13
38	20
32.97	38
38.54	17
36.48	30
32.94	29
36.12	18
34.58	43
35.47	12
33.5	62
31.01	13
32.05	65
35.1	27
33.66	32
33.87	38
32.16	44
34.7	40
34.09	14
35.77	30
34.88	62
32.47	36
33.81	35
33.34	40
31.62	16
31.33	12
33.83	67
33.29	30
31.98	60
34.72	31
31.77	21
32.52	60
33.27	0
31.37	25
33.48	49
33.01	28
34.5	17
32.4	11
32.14	48
32.47	61
33.12	13
35.08	5
31.45	21
37.36	34
34.68	41
34.79	15
32.54	36
33.23	35
34.28	5
32.71	60
33.25	17
33.71	65
33.59	49
33.27	32
33.75	55
34.14	57
31.37	32
33.83	53
31	29
33.33	65
33.02	61
31	27
31.25	28
36.75	28
35.98	14
33.65	21
31.8	20
33.02	40
33.93	57
35.02	10
38.67	23
33.51	32
34.09	19
36.67	50
34.3	19
33.13	51
34.09	19
35	48
36.9	16
33.19	53
33.56	53
35.11	14
31.02	9
31.62	37
34.95	36
39.08	11
32.02	30
32.56	67
32.47	58
32.65	34
34.17	43
35.62	22
34.68	9
34.47	57
36.64	53
33.12	44
33.54	38
36.83	11
36.33	67
38.95	41
36.63	11
35.92	27
34.45	62
32.42	67
34.87	42
32.7	15
36.49	35
34.24	37
33.3	53
33.58	32
34.71	67
34.46	62
35.45	18
36.51	47
35.37	11
33.21	50
36.68	25
33.67	48
33.33	68
32.96	37
36.27	17
36.59	29
33.34	58
35.03	67
32.77	10
33.85	65
35.09	42
36.65	38
33.62	67
35.29	67
35.51	48
33.76	11
33.27	0
34.73	10
30.94	6
32.19	48
32.45	64
31.79	11
33.79	49
34.09	22
30.67	25
35.74	5
34.2	15
30.34	28
35.17	26
34.08	3
30.56	31
31.15	26
33.43	42
35.01	5
32.24	19
33.83	44
33.39	45
33.62	56
32.9	57
35.02	27
30.73	66
30.9	66
34.11	36
35.1	38
33.67	44
33.76	11
33.27	0
32.98	16
34.66	21
32.19	48
33.83	44
32.74	64
33.79	49
35.19	19
30.67	25
37.69	37
37.9	0
37.2	58
34.2	18
33.6	26
35.67	32
35.58	29
33.19	66
36.45	36
34.59	37
33.09	58
36.36	15
37.46	55
31.43	59
30.47	24
33.81	35
36.07	4
33.69	49
32	28
30.77	19
36.5	13
35.98	23
32.58	35
38.3	13
36.45	42
35.68	44
34.02	36
35.76	38
35.15	18
33.39	35
34.27	11
36.25	28
39.29	26
35.11	56
37.06	42
37.9	31
37.71	45
37.37	19
37.6	62
36.77	52
35	36
36.07	26
31.15	18
33.09	68
32.98	67
32.78	60
32.05	64
32.83	22
34.06	37
34.8	49
34.69	55
34.02	59
36.75	8
37.28	39
32.24	32
34.2	31
35.58	23
32.13	31
33.81	30
34.39	20
35.67	57
33.76	58
34.24	18
36.15	49
37.27	18
32.92	7
33.48	14
36.12	28
36.1	41
35.2	48
31.48	15
34.94	63
36.84	54
34.5	30
32.64	39
37.02	37
34.02	63
34.88	37
34.81	22
35.69	47
35.26	13
36.46	36
34.61	53
32.03	57
32.55	40
31.12	1
35.27	34
31.59	19
33.53	46
32.45	66
33.7	64
33.5	30
35.15	37
37.29	36
37.42	59
38.22	19
37.91	35
34.79	37
35.5	34
35.82	64
34.2	11
35.43	51
35.91	26
34.57	29
35.66	19
35.23	13
37.38	66
35.23	36
35.48	66
35.17	55
36.6	59
35.91	42
33.52	63
33.68	32
38.25	37
36.27	7
35.16	40
36.45	26
33.48	38
33.78	46
37.14	28
35.39	30
32.71	68
35.22	18
36.06	9
38.34	18
35.89	12
37.23	31
38.32	11
37.44	23
34.49	58
32.95	36
37.21	58
35.13	67
36.7	65
37.55	34
38.92	33
37.97	18
34.59	4
35.97	19
35.77	20
37.38	11
36.76	59
37.41	16
37.04	26
34.17	62
37.22	15
32.19	37
33.24	66
33.25	24
35.95	56
38.29	34
34.55	65
33.76	50
36.93	38
33.6	14
34.57	59
34.33	30
35.66	44
38.06	21
34.25	25
33.09	37
32.26	23
34.89	65
35.32	51
32.54	20
32.77	54
36.36	22
35.1	40
34.29	25
34.65	67
34.55	66
34.76	66
35.38	34
35.71	67
33.47	27
36.24	33
36.21	65
35.31	65
35.45	49
34.01	62
34.84	53
33.64	62
36.2	26
33.47	61
32.79	36
33.64	27
34.61	24
32.15	0
32.95	48
36.69	57
36.65	20
33.77	35
33.86	51
36	44
35.55	32
34.82	43
33.79	18
33.79	18
33.79	18
34.98	29
31.27	29
34.29	25
32.21	56
32.58	33
34.29	25
37.03	4
31.91	20
32.8	36
37.39	25
34.74	66
39.93	23
35.47	60
35.76	56
34.43	29
34.55	29
37.44	37
34.55	29
34.94	63
37.14	11
33.47	12
35.62	38
32.47	27
33.64	63
34.86	39
34.56	9
34.18	7
33.33	24
36.23	54
34.46	66
36.03	45
36.34	50
36.05	15
35.72	59
38.61	13
34.29	24
36.76	39
34.57	46
35.14	46
36.12	38
36.89	57
37.24	34
34	57
34.75	50
33.7	27
34.35	65
36.23	31
38.06	26
34.75	50
34.91	17
30.65	56
34.54	44
35	34
32.51	58
35.07	66
34.07	49
33.56	28
34.11	52
36.13	33
36.27	29
32.57	10
32.04	26
36.61	21
34.75	36
34.31	59
34.11	66
35.24	22
35.73	28
33.65	28
35.24	22
31.63	64
34.8	3
35.31	60
33.51	11
36.73	54
32.69	18
35.09	42
35.25	24
34.89	52
35.16	45
33.62	34
36.82	13
35.07	49
39.6	16
34.18	9
33.67	31
35.17	45
35.37	30
33.11	18
34.17	34
33.39	5
34.54	2
30.94	20
32.19	49
33.92	60
32.9	45
36.19	28
35.46	5
34.88	56
33.42	41
33.56	52
37.72	40
37.05	45
38.21	25
35.1	24
34.84	61
37.17	37
34.8	59
36.29	65
33.55	30
34.16	66
35.49	26
35.56	67
34.97	18
33.73	68
32.62	34
35.24	32
36.32	48
33.75	36
34.63	44
34.05	20
30.68	28
33.13	20
35.9	25
34.32	20
32.8	38
32.51	28
35.46	48
33.78	42
33.79	52
30.68	28
33.67	66
34.2	20
34.63	52
33.68	42
31.5	28
34.63	36
32.11	17
31.69	8
35.52	32
36.87	36
33.89	21
37.11	28
34.2	53
34.47	14
32.93	33
37.03	38
38.89	18
32.82	35
34.96	28
32.41	60
32.47	60
37.15	18
35.51	4
32.38	18
34.52	3
31.69	28
35.59	42
33.08	35
32.97	54
33.65	60
34.13	32
34.17	52
35	11
33.39	32
33.14	53
34.97	17
32.53	13
35.95	22
36.06	26
33.24	24
34.17	30
32.85	31
33.68	35
32.15	28
34.79	25
31.9	31
33.04	7
34.4	48
32.71	67
31.2	46
34.77	6
33.33	45
35.1	38
34.03	41
34.25	61
36.63	14
33.27	68
33.04	41
34.22	32
33.27	5
32.38	31
33.34	29
31	15
32.55	63
33.74	13
30.36	61
34.67	19
31.63	28
30.61	68
34.74	14
34.81	15
32.62	27
33.87	32
34.96	30
32.85	58
31.2	45
34.28	5
32.56	26
31.77	2
32.09	31
34.8	36
34.24	16
32.97	57
33.89	16
32.05	12
35.03	35
32.18	68
34.19	61
33.8	46
33.63	25
34.51	34
33.58	38
33.01	32
35.69	29
34.42	5
32.81	33
33.65	63
33.25	22
35.17	12
35.02	60
34.87	22
35.8	55
36.53	14
34.46	53
36.44	29
33.93	67
35.82	66
36.9	39
34.18	33
35.44	21
32.99	67
33.81	7
33.47	38
32.1	38
32.91	34
30.15	37
34.79	28
33.64	67
31.94	36
31.63	55
31.13	34
34.33	23
31.46	28
32.18	29
32.11	36
34.41	36
34.22	31
32.1	22
32.61	37
36.05	5
33.11	58
34.36	7
31.46	35
32.05	25
34.81	19
35.17	19
35.65	4
34.04	63
33.94	24
33.27	0
32.43	61
31.55	6
32.29	48
32.62	64
32.53	11
30.77	6
33.01	28
33.44	49
30.46	25
34.4	35
33.46	14
33.2	27
31.86	57
34.72	63
33.11	29
36.37	11
30.51	29
36.01	38
37.13	38
35.18	17
33.48	62
37.12	26
32.42	59
36.44	58
35.76	22
39.68	19
35.95	34
34.45	7
33.1	32
34.63	27
35.03	29
32.66	19
34.32	1
36.44	28
33.57	42
34.48	32
35.46	53
34.26	63
32.78	61
36.79	15
36.18	57
37.63	38
35.5	19
37.82	35
35.97	32
35.68	30
35	47
35.1	53
35.24	54
34.59	19
31.77	16
36.98	34
32	61
31.81	34
35.09	24
34.7	17
34.76	20
32.76	2
33.68	8
33.33	34
34.51	33
39.85	5
32.3	63
37.25	37
37.93	17
34.45	13
34.08	30
32.97	49
31	28
35.7	16
35.88	26
37.37	29
37.35	60
34.21	59
37.18	8
35.75	50
37.98	20
37.78	46
35.28	39
31.06	15
33.39	57
31.4	59
32.27	64
30.95	58
31.54	30
32.44	61
33.77	52
34.05	41
35.33	38
32.36	20
33.95	67
31.18	34
35.06	11
31.88	46
32.04	2
33.84	3
32.29	58
33.95	34
31.98	57
35.6	21
36.15	26
38.68	18
35.81	34
38.32	37
37.36	51
37.05	29
35.88	43
37.32	31
35.67	29
31.95	27
34.52	29
36.09	49
33.48	47
34.02	34
35.87	21
34.5	42
34.28	58
32.74	38
32.38	35
33.38	14
33.93	49
34.1	60
33.74	39
33.41	20
30.2	1
34.95	59
32.53	6
33.41	30
32.66	67
32.89	47
34.76	34
32.9	41
32.37	45
34.03	29
31.71	52
33.12	6
35.72	33
35.77	62
33.63	60
30.24	7
35.69	30
32.5	67
32.13	59
34.33	18
30.27	67
33.7	52
35.37	31
32.4	51
34.81	8
31.9	56
31.17	56
35.43	32
35.87	24
33.88	51
35.87	24
33.88	51
34.97	18
30.7	21
35.2	18
34.73	36
33.67	30
33.67	5
33.27	37
36.22	31
33.41	34
33.36	57
35.11	24
32.61	60
32.77	32
34.17	59
32.77	53
34.08	29
35.29	16
35.93	32
31.11	43
35.2	18
34.97	15
31.95	38
38.49	32
37.62	24
35.67	40
38.44	37
34.56	60
35.3	63
35.03	35
33.65	32
34.66	53
34.87	34
33.26	24
32.16	67
33.18	33
32.94	35
30.64	1
31.61	38
33.19	52
34.44	14
35.82	51
31.67	20
34.16	34
33.87	60
35.67	24
34.19	56
37.1	19
38.84	26
36.16	54
36.15	28
36.44	21
37.22	28
35.01	65
36.04	45
36.75	46
35.7	64
36.93	27
34.12	1
33.94	45
38.04	57
35.91	8
35.94	57
34.27	11
34.32	62
35.67	17
32.37	25
32.59	26
33.39	6
33.1	12
32.24	68
33.55	20
34.97	7
33.15	59
32.59	16
33.24	63
31.7	27
35.75	44
34.79	48
33.74	64
30.95	22
30.6	3
34.65	32
35.36	61
34.87	67
35.67	14
36.36	41
35.04	67
32.77	66
32.93	30
34.11	34
34.7	4
35.08	33
33.93	62
32.74	41
35.24	43
32.45	15
34.84	32
37.65	37
35.77	36
31.9	4
35.81	18
34.73	49
33.02	9
32.94	68
34.43	4
34.26	67
34.84	34
33.04	55
30.72	63
33.28	40
34.33	50
31	29
33.08	27
36.87	47
34.58	51
33.68	62
36.38	43
36.19	63
32.87	14
32.94	65
33.1	18
34.38	24
33.41	31
33.79	60
32.09	47
33.98	8
32.09	17
34.71	40
35.46	42
33.03	25
33.44	29
33.44	12
36.51	37
38.72	27
33.56	29
35.96	22
35.34	13
38.35	8
32.58	28
35.85	61
34.87	31
35.18	29
34.15	22
32.9	65
36.72	47
37.2	30
35.62	10
33.94	45
33.51	34
34.89	9
35.52	27
34	51
34.87	36
38.15	47
33.86	1
34.15	59
33.84	38
36.21	40
32.3	25
34.91	67
35.72	32
32.02	32
34.2	26
36.38	12
35.33	34
34.43	40
31.47	34
34.5	31
35.82	32
31.63	26
34.29	45
37.67	48
36.06	29
35.28	12
33.24	34
34.32	61
33.1	36
36.29	38
35.99	57
39.61	7
32.25	68
35.42	15
35.5	39
36.41	42
35.34	6
35.65	17
33.13	31
33.57	59
39.6	13
36.38	56
37.36	29
35.16	29
39.51	12
33.73	48
35.81	20
38.63	3
36.96	43
36.15	55
35.8	32
34.1	63
32.85	59
36.58	4
37.87	19
34.4	58
34.11	18
32.4	29
33.23	27
33.65	9
33.31	34
31.65	33
30.01	16
33.06	15
34.86	36
33.04	32
31.32	45
35.92	53
34.06	45
34.68	65
32.53	40
34.43	55
33.4	68
36.13	24
35.99	44
35.17	35
34.03	68
32.02	15
33.2	62
36.32	55
35.26	66
36	27
39.53	1
32.89	14
33.11	2
37.35	4
32.96	36
37.02	27
34.54	32
36.03	11
35.15	66
36.53	56
33.24	31
31.68	32
34.46	3
32.73	26
36.08	28
39.24	22
35.38	14
33.55	37
37.31	35
33.98	1
33.97	30
37.52	19
35.72	36
35.48	50
33.89	42
33.24	12
34.38	66
32.94	67
32.47	63
35.74	18
32.69	58
35.22	35
35.48	34
34.63	8
35.68	64
37.83	43
37.8	12
35.76	29
35.2	49
32.81	35
37.12	13
34.02	29
37.29	47
33.69	62
35.46	42
32.2	27
35.34	34
35.55	37
33.78	63
35.21	65
34.52	37
33.24	51
33.24	51
39.38	24
34.03	39
37.3	10
33.81	23
33.74	68
35.18	30
36.35	25
31.99	39
34.29	59
32.33	67
34.22	36
34.53	48
31.72	64
35.83	30
33.4	46
33.27	5
33.33	6
37.25	35
36.82	17
35.27	48
33.48	34
34.53	66
33.17	28
34.68	24
32.06	33
34.48	17
34.69	51
32.01	29
34.72	45
31.93	35
35.08	35
31.89	6
33.55	31
36.3	35
32.41	27
33.47	21
33.04	4
32.32	60
33.99	38
33.33	56
31.28	27
32.74	65
35.84	52
31.32	27
34.3	4
33.16	57
30.61	33
33.18	31
32.7	26
33.96	25
33.58	35
32.44	12
32.86	50
35.34	2
31.91	63
33.75	31
32.77	13
34.63	1
36.73	20
35.5	34
37.91	17
37.39	29
34.47	35
36.43	20
33.95	44
36.49	15
37.27	58
34.87	32
36.04	37
33.62	58
34.52	41
33.45	48
35.8	2
32.4	23
33.08	63
33.43	53
32.87	5
33.4	32
31.95	23
32.63	17
33.52	18
31.86	38
31.7	23
33.56	15
32.92	57
35.31	47
32.84	53
33.16	32
35.02	34
35.31	58
38.9	36
35.2	2
32.73	59
31.3	35
32.11	28
33.83	11
35.36	33
35.37	3
34.47	48
32.7	31
32.01	35
32.94	35
35.97	2
32.25	65
32.26	28
33.87	17
34.43	59
35.84	58
34.9	46
33.28	56
36.43	62
34.36	47
35.34	59
37.36	21
36.32	64
38.09	15
35.12	38
34.57	66
36.29	34
35.22	8
34.25	68
35.4	37
35.11	59
38.05	22
37.74	14
35.45	34
32.17	28
33.38	47
34.37	23
35.4	30
32.9	35
32.2	34
35.82	28
34.1	38
33.8	68
32.09	24
32.7	36
39	19
37.8	24
33.69	28
34.45	34
35.89	29
35.95	64
35.93	27
35.71	50
36.41	21
34.6	45
31.46	46
30.96	65
32.72	26
32.09	62
33.05	28
33.74	35
33.09	36
32.61	64
32.43	68
36.47	3
32.51	25
35.58	45
31.53	27
37.54	15
33.24	22
34.69	21
32.61	65
34.28	32
31.56	28
33.8	21
33.03	27
34.52	37
31.96	62
31.74	32
33.47	53
32.27	1
31.45	63
31.74	17
34.94	13
33.87	35
34.75	13
35.76	26
32.24	50
32.61	13
33.77	32
34.4	18
36.15	16
35.95	66
33.26	33
36.35	34
37.83	27
35.53	48
35.83	36
36.76	42
33.51	38
35.51	25
32.97	34
36.11	18
36	34
34.68	62
35.82	18
35.54	38
33.85	42
30.44	32
35.74	45
35.28	35
31.83	20
36.27	49
35.55	11
33.27	65
32.41	25
32.5	58
34.38	46
35.81	37
34.45	47
33.25	66
35.45	25
34.03	38
34.8	34
34.03	27
33.31	25
32.69	31
33.53	5
33.46	27
35.76	31
34.89	18
30.41	35
34.02	50
38.36	4
34.03	32
33.22	27
31.8	36
34.58	7
33.14	6
32.79	30
34.86	30
35.16	12
32.83	63
34.82	5
32.76	16
30.87	28
33.38	13
33.63	21
33.73	6
32.19	61
32.47	37
31.04	20
34.31	20
33.35	67
35.48	34
32.92	61
34.26	54
33.34	9
32.81	63
33.1	51
33.71	46
35.33	28
37.9	31
35.94	20
35.92	4
31.69	37
35.41	8
32.31	18
33.45	50
34.48	29
36.91	19
32.85	32
34.74	34
34.33	29
34.53	12
33.34	23
34.33	34
35.26	59
34.31	38
37.47	4
34.53	55
34.96	49
35.26	23
31.25	28
31.15	22
33.94	66
33.69	25
35.06	5
33.65	36
34.23	39
31.8	8
34.81	24
31.94	60
34.69	51
33.59	11
35.41	37
32.96	28
31.05	27
34.19	30
37.22	6
37.75	1
34	53
32.7	60
33.39	66
35.32	17
34.82	33
33.02	30
30.38	35
34.03	25
32.6	45
30.93	37
33.65	56
30.95	37
32.38	11
30.79	28
30.76	32
34.77	41
32.02	53
31.36	21
30.43	22
33.27	8
39.83	31
33.59	35
36.9	36
38.05	16
36.55	49
38.17	30
36.57	30
34.78	57
35.69	52
37.69	21
36.29	36
37.93	11
35.5	66
36.5	15
38.97	27
31.69	34
35.74	24
36.64	45
37.93	11
33.67	31
34.87	31
35.12	36
32.1	60
32.09	38
32.73	5
30.23	28
31.97	50
32.48	30
35.24	41
36.42	51
34.2	52
31.7	56
33.66	41
32.68	61
33.05	41
34.37	34
31.15	66
32.21	33
33.1	28
32.39	66
36.13	34
36.25	57
37.6	35
37.17	58
34.5	56
37.96	66
34.49	67
34.58	25
36.58	47
35.8	15
32.97	61
32.34	35
34.4	33
32.89	37
33.31	25
33.8	15
35.14	24
33.1	0
34.41	49
32.31	34
32.86	63
33.51	37
36.01	16
34.94	12
34.4	17
33.09	46
36.98	26
33.18	8
34.77	25
35.04	4
33.79	13
30.43	37
33.89	65
35.76	31
34.08	59
34.34	33
34.25	21
35.45	34
33.93	56
33.96	51
33.26	32
32.84	3
33.17	14
31.54	62
33.8	39
33.97	9
32.77	28
35.22	6
33.16	24
35.58	5
33.55	67
31.88	67
35.12	21
33.67	54
33.43	62
32.5	2
34.44	32
32.45	60
36.53	66
35.44	61
35.03	67
31.76	29
33.94	5
38.2	25
33.93	33
35.45	2
32.69	34
36.19	15
37.72	8
36.52	19
30.37	34
30.48	5
34.46	44
31.79	55
33.23	53
31.68	65
32.3	42
33.49	32
34.06	63
32.73	5
36.1	56
35.18	47
34.21	55
34.16	54
33.46	59
35.73	51
36.68	31
36.98	18
35.04	60
35.19	50
32.1	7
34.69	46
33.12	24
35.53	27
32.75	18
37.12	15
35.48	25
34.85	49
33.33	50
33.32	21
35.29	27
35.2	35
34.07	79
30.33	39
31.74	35
34.65	32
34.41	28
35.36	86
36.58	29
37.51	21
37.68	27
33.18	31
34.09	37
34.95	25
36.04	28
34.27	72
32.32	62
33.31	46
34.37	67
30.83	37
34.4	19
33.01	71
32.93	35
32.62	34
34.86	66
33.73	21
33.59	29
36.18	24
36.13	33
32.86	32
38.33	22
36.47	36
34.81	33
32.58	74
36.45	33
33.96	63
35.6	19
33.61	26
33.56	68
33.44	75
32.97	37
35.36	33
37.12	18
33.73	42
33.28	24
33.73	42
32.43	24
34.08	16
33.24	65
35.32	7
38.13	26
37.42	28
36.75	27
33.1	33
32.69	79
33.84	37
34.48	37
34.92	66
34.54	29
32.96	62
34.73	75
33.26	42
34.24	22
35.19	31
36.29	31
34.97	39
31	43
34.48	30
30.96	77
36.24	14
34.04	22
36.02	56
36.72	34
32.4	78
33.55	61
32.73	77
31.83	36
34.56	28
33.36	0
31.87	37
33.01	14
35.04	20
36.2	33
37.02	19
33.93	42
33.93	42
37.37	40
35.87	16
30.6	37
37.46	27
31.97	15
34.1	73
33.06	26
31.1	41
33.65	74
36.83	24
35.16	55
32.26	83
35.57	45
34.12	57
35.79	29
32.61	81
35.44	21
35.44	48
33.37	53
37.21	50
33.34	35
31.82	43
32.09	39
34.59	66
35.52	36
32.49	50
35.61	77
36.3	35
34.64	40
34.17	73
34.09	41
37.62	17
30.45	35
33.58	40
36.38	12
33.66	50
34.23	48
33.33	30
34.89	18
35.72	20
34.83	85
34.72	86
34.43	77
35.1	43
35.27	28
34.73	41
31.06	43
34.99	45
33.7	79
36.11	56
38.54	49
30.85	85
34.04	23
32.8	43
33.57	42
33.27	48
31.21	86
33.57	42
31.3	84
33.5	2
35.23	20
34.18	34
32.64	23
36.11	35
32.44	35
33.47	43
34.73	4
36.67	39
36.91	27
31.04	32
30.76	42
36.19	33
33.02	43
33.92	42
34.28	76
33.45	68
33.41	26
37.3	31
35.34	14
34.86	75
33.32	67
33.95	75
33.58	81
33.89	23
33.89	10
35	36
33.7	79
34.15	70
34.41	68
33.82	64
34.93	81
33.22	29
34.97	46
32.63	66
33.36	80
33.44	32
32.76	31
35.03	21
33.8	38
34.71	23
37.62	14
32.48	17
32.01	86
33.79	62
35.63	67
34.25	74
31.58	48
34.58	75
34.35	10
33.11	76
35.52	60
33.57	29
35.19	80
30.48	39
33.4	84
34.76	86
34.75	58
35.3	15
35.3	15
34.27	18
34.31	77
33.88	50
35.65	28
31.39	40
36.24	35
32.49	77
33.98	44
34.46	42
35.09	25
35.75	55
33.19	58
33.16	9
34.09	77
31.48	16
33.32	66
36.04	64
38.1	47
35.06	26
33.05	65
34.34	66
34.72	15
32.29	86
33.23	44
34.7	66
33.54	33
32.52	75
33.9	71
33.9	71
32.11	39
35.01	36
33.49	21
34.15	33
34.65	34
30.62	84
32.27	39
31.86	9
34.83	19
32.11	37
37.91	16
33.13	13
34.03	68
36.38	20
34.08	26
32.92	80
36.12	19
33.67	42
37.46	20
35.04	4
34.9	38
31.86	25
34.11	34
32.12	57
33.13	60
33.84	34
34.94	34
33.85	84
36.33	37
34.59	36
34.92	28
33.79	58
34.51	5
33.9	35
32.92	69
