sim	len_diff
35.04	23
33.58	77
33.31	24
34.43	56
35.24	29
34.96	39
34.77	71
34.32	31
36	26
34.79	22
34.63	27
34.05	38
33.71	36
33.09	65
33.03	10
36.2	81
35.42	65
34.4	56
34.04	38
33.98	38
34.16	66
33.85	54
31.3	41
35.94	31
32.52	25
32.73	60
33.36	87
34.52	49
34.56	41
35.03	63
35.26	57
33.78	88
33.78	88
33.78	88
31.06	40
33.02	10
34.27	44
32.17	78
34.34	33
35.47	13
31.38	38
34.65	79
32.79	81
33.3	67
31.35	86
33.07	45
34.03	17
36.19	63
36.33	59
32.67	64
32.42	29
37.68	37
31.82	4
31.95	36
32.94	38
37.95	25
32.56	43
32.87	43
30.77	40
34.68	41
33.35	43
31.59	31
30.69	33
34.02	17
34.02	36
35.22	43
32.48	41
33.56	38
33.96	39
32.56	60
34.71	43
32.36	7
32.36	7
32.76	86
32.76	86
32.35	34
32.07	65
35.5	65
31.56	71
34.03	28
30.51	8
31.91	85
35.17	22
33.55	52
33.12	18
35.01	31
31.56	74
31.41	85
32.88	20
31.81	52
35.06	33
33.2	19
33.26	35
33.26	35
33.47	84
33.17	39
31.53	34
31.59	15
34.9	41
32.77	13
34.77	26
35.57	31
33.47	33
35.51	41
34.15	37
37.35	20
34.3	39
36.87	30
33.53	34
36.89	35
32.75	36
33.41	75
31.54	87
33.88	20
36.31	31
36.52	20
31.9	29
35.21	86
33.92	57
34.54	34
32.31	81
31.84	21
31.9	71
34.47	25
34.25	25
34.48	34
36.48	31
37.01	12
34.55	14
34.94	38
33.4	17
32.83	72
34.7	53
34.52	71
34.06	78
33.59	36
34.23	43
34.93	15
34.96	9
33.61	24
32.89	61
34.01	88
36.34	30
31.59	32
33.54	30
33.36	14
33.46	26
36.06	40
34.06	73
34.9	71
34.61	31
32.09	17
33.29	37
34.74	63
33.64	37
33.92	13
33.62	13
33.93	13
32.17	27
33.64	40
32.52	5
33.5	31
34.14	44
31.49	77
34.21	15
33.55	64
32.78	22
33.97	71
35.12	50
31.8	28
34.18	37
34.13	36
33.33	71
32.21	4
34.18	35
31.93	61
32.57	31
33.11	38
34.06	31
33.86	36
33.66	7
31.8	69
32.35	31
34.03	33
32.35	46
33.85	88
32.72	68
30.9	15
32.32	73
33.25	23
35.09	28
32.43	42
35.07	42
33.55	34
35.15	40
32.86	41
37.11	30
34.86	39
38.57	15
34.7	36
32.72	36
34.63	9
35.39	33
38.35	5
32.79	81
34.29	29
36.23	12
35.97	29
35.29	26
33.11	70
34.62	39
35.96	21
33.78	72
33.78	31
35.54	30
35.07	31
35.45	52
35.14	11
33.49	34
33.49	34
34.1	24
33.82	28
31.73	34
33.39	22
38.28	25
33.12	27
32.02	77
37.57	22
35.89	36
35.87	35
30.61	33
32.96	22
35.54	20
37.04	33
36.22	19
34.87	36
35.05	33
34.54	35
35.7	29
33.26	38
32.86	37
34.85	33
36.03	38
34.85	36
31.54	37
33.17	36
32.59	27
35.57	32
33.64	21
32.57	33
32.81	36
33.4	43
33.3	37
33.25	33
33.04	30
33.19	24
32.42	37
34.26	34
34.86	33
34.62	38
33.59	33
34.67	35
34.11	23
30.34	31
36.54	38
32.79	34
40.07	29
33.18	36
34.26	24
33.48	38
34.61	84
34.4	37
33.21	78
34.84	41
33.29	54
32.73	34
36.31	31
35.23	53
32.73	34
35.36	14
32.59	40
37.07	50
33.6	85
34.86	78
33.61	76
33.53	88
31.61	75
33.95	22
33.63	77
36.35	30
34.47	28
34.73	31
33.77	74
36.21	34
33.76	56
35.28	16
35.38	38
35.7	24
32.03	30
34.45	34
33.41	68
32.86	38
34.96	27
32.36	44
33.53	67
35.09	19
30.31	35
32.94	87
36.77	52
34.27	83
34.76	33
35.95	9
32.68	56
31.12	86
34.48	76
33.56	53
32.64	38
35.93	19
35.2	37
33.45	36
35.4	19
32.75	21
32.07	62
35.37	23
32.57	77
34.32	61
34.74	51
34.61	41
34.7	40
35.55	83
35.25	18
34.78	41
35.68	35
32.52	26
33.77	27
34.44	63
31.16	83
34.31	37
34.23	41
36.64	55
33.79	64
32.24	20
30.56	28
35.23	33
33.49	67
32.9	44
35.14	82
34.63	24
30.78	44
35.96	10
32.1	15
34.81	28
34.92	21
31.57	19
32.37	23
33.08	53
34.27	4
32	62
33.47	59
34.58	19
41	19
37.27	30
41.49	24
39.43	20
47.9	32
43.99	20
49.64	30
42.07	23
43.98	29
54.52	25
32.72	24
32.62	70
33.28	65
35.79	50
34.26	10
35.77	20
41.17	14
31.59	41
34.14	23
33.26	53
33.15	15
36.12	14
34.17	53
33.14	27
34.37	14
36.34	18
37.61	13
35.26	58
35.59	34
35.23	34
37	50
34.69	25
34.76	39
34.49	67
35.66	25
36.15	36
31.71	38
34.79	3
35.77	54
34.15	58
36.38	20
39.01	13
39.32	19
35.57	60
34.31	58
36.2	42
34.52	33
35.92	29
40.9	21
40.54	35
32.74	56
30.77	23
35.21	32
32.03	65
34.06	32
33.81	60
32.1	42
34.51	59
32.48	40
35.99	23
33.48	16
32.73	2
34.29	63
32.42	55
34.51	12
30.79	38
32.73	65
34.47	52
33.41	50
35.02	9
34.67	21
35.46	49
34.6	28
35.43	34
34.3	29
35.24	49
33.85	39
36.77	69
33.72	40
39.22	31
39.81	11
54.29	24
39.82	44
46.69	34
42.36	27
46.86	51
36	52
41.89	24
37.08	4
45.76	22
34.32	59
31.06	32
34.23	35
40.04	33
41.95	3
41.28	26
35.48	70
33.15	59
35.77	10
35.17	12
32.95	20
38.74	35
35.93	37
32.7	9
39.4	27
41.49	16
35.81	12
33.62	26
32.51	38
35.03	40
33.25	27
38.69	25
34.16	18
32.2	20
33.4	68
32.75	50
32.14	57
31.14	6
33.86	14
36.27	7
34.11	6
33.43	30
33.66	23
33.94	50
32.91	70
33.79	60
32.17	64
34.55	14
34.35	14
33.86	45
35.66	69
34.24	43
33.32	61
33.26	67
34.94	33
34.07	30
36.13	20
35.72	35
35.38	59
33.97	53
36.95	9
33.27	56
39.27	7
34.89	8
33.49	13
32.19	36
35.02	32
32.41	62
33.55	55
32.13	39
35.66	30
40.42	44
38.26	21
38.46	43
39.55	35
35.02	47
33.77	60
33.47	69
33.52	26
43.58	25
33.56	31
34.11	29
33.75	61
35.66	18
32.06	27
38.51	16
35.51	15
33.54	23
35.19	42
31.47	36
34.09	55
34.57	15
32.61	29
44.56	1
33.12	66
31.47	24
33.59	51
33.2	25
33.73	22
34.72	56
34.2	47
40.22	18
36.96	29
32.88	33
34.85	37
34.55	29
34.81	15
31.67	34
34.63	30
33.49	34
34.15	33
41.46	22
37.56	36
35.43	35
34.89	33
34.93	24
35.54	35
34.68	34
36.91	30
33.88	42
39.37	31
34.54	39
34.82	27
33.11	16
34.5	28
36.99	18
33.5	16
33.71	22
34.88	10
32.86	48
35.31	37
46.06	14
39.43	29
41.7	26
49.76	31
45.22	21
37.63	56
36.89	49
49.24	25
42.57	29
35.14	29
32.19	22
31.81	34
34.13	50
33.72	60
32.11	34
35.68	5
31.64	39
34.32	39
35.37	63
40.15	24
40.32	34
39.04	16
34.9	34
35.35	57
39.51	35
35.51	34
33.54	4
39.69	25
40.4	42
35.33	53
34.87	11
36.21	44
35.79	33
40.54	23
33.68	63
34.45	28
33.19	27
34.54	37
34.09	29
41.95	24
35.63	27
35	36
35.79	8
40.41	57
39.24	34
35.67	64
34.04	36
40.15	35
38.49	34
33.77	22
34.75	32
32.57	16
34.5	24
32.97	52
33.03	27
32.31	37
32.53	11
32.3	28
33.19	35
37.58	28
35.46	37
31.68	29
39.89	21
35.06	34
35.16	68
34.27	36
32.7	16
36.67	63
47.67	4
38.34	28
41.58	17
34.47	33
45.77	9
42.1	25
45.33	22
41.52	35
39.06	26
39.76	43
51.15	29
42.28	18
37.73	49
38.55	45
37.64	31
40.2	21
39.93	41
34.93	25
47.74	33
40.19	30
43.34	21
34.51	64
37.66	44
36.97	66
34.85	4
39.19	43
34.09	37
34.38	57
35.32	69
33.94	36
43.34	21
34.78	32
32.42	32
34.11	12
30.96	39
32.77	67
33.99	25
32.64	37
32.55	39
35.5	34
33.25	30
34.38	38
36.28	36
39.65	21
35.72	52
33.11	23
33.79	29
32.3	14
33.95	39
36.37	32
34.98	48
34.54	29
34.05	29
30.92	67
32.5	28
32.86	45
32.86	45
34.22	11
34.18	16
33.26	14
34.19	58
45.64	15
43.43	12
34.07	29
34.47	36
36.14	14
36.44	67
38.6	23
36.28	19
36.58	48
34.73	47
34.98	70
35.41	48
35.67	17
35.68	42
34.35	37
35.76	37
39.71	30
30.84	17
31.8	51
33.02	64
37.05	16
32.8	68
33.34	9
32.18	29
34.75	29
32.75	44
32.25	36
31.09	56
32.52	56
32.27	60
34.26	64
34.02	42
34.47	22
35.97	34
32.83	31
30.84	10
32.84	24
34.39	11
30.31	3
43.16	28
36.75	26
34.34	60
33.75	21
33.97	26
32.52	61
42.57	38
40.3	30
49.49	25
35.62	38
34.45	8
36.23	45
37.03	65
34.82	33
36.64	41
36.53	30
34.92	38
32.72	25
33.09	56
35.96	27
35.64	23
33.53	10
33.21	69
30.28	27
32.46	55
33.53	16
32.85	14
33.71	67
31.06	1
32.28	31
34.22	61
35.94	43
34.09	17
36.64	35
33.5	22
32.79	52
35.51	30
34.57	17
33.9	56
33.94	49
39.89	23
41.01	37
37.57	25
34.09	32
34.55	15
36.24	64
37.16	51
32.57	63
33.57	55
38.1	4
33.36	19
34.18	50
34.86	10
33.78	54
34.7	25
32.03	27
30.48	3
32.91	69
31.59	32
33.18	45
35.38	31
31.59	30
32.43	32
34.77	30
30.39	15
32.85	38
39.04	23
34.49	63
33.55	68
32.6	19
38.2	23
33.15	22
35.92	12
37.95	65
33.27	67
34.61	24
43.91	21
34.92	26
33.32	40
34.34	14
33.99	18
33.08	62
33.95	59
52.15	24
37.33	33
33.55	23
36.06	19
33.84	57
34.49	33
33.04	38
35.01	36
34.12	48
34.26	43
34.73	10
36.05	26
34.97	7
35.59	19
37.12	38
31.03	36
36.54	22
35.78	22
32.81	70
33.35	66
34.55	33
43.42	4
33.35	36
45.68	20
41.33	16
40.92	18
54.25	23
38.05	31
43.86	26
46.72	33
48.76	33
34.52	21
41.34	25
32.98	65
35.56	37
35.48	21
35.46	17
46.67	22
35.19	39
36.14	19
38	37
40.7	51
36.51	31
35.09	40
34.32	13
34.66	66
48.68	58
34.45	16
45.65	22
44.04	27
40.64	33
41.51	57
53.93	23
52.92	25
36.57	69
38.34	42
41.42	23
38.48	11
35.83	51
35.79	10
41.49	23
34.19	22
35.16	61
34.83	42
34.37	35
34.64	28
32.5	24
33.05	33
33.28	57
38.55	30
34.02	12
33.25	26
32.4	69
32.72	14
34.99	38
36.03	60
33.93	36
34.39	14
33.75	58
35.92	40
35.59	39
37.71	24
34.05	51
38.43	18
36.09	25
33.68	48
35.8	58
35.67	52
40.16	41
37.01	17
38.26	34
35.27	25
42.8	11
32.04	33
35.53	16
34	44
39.56	26
38.22	45
33.25	11
33.25	11
40.34	27
36.18	40
34.48	10
31.39	12
34.02	50
33.52	48
35.51	36
32.72	22
36.58	31
31.8	62
34.71	21
33.89	57
39.25	25
35.37	11
32.28	61
32	66
34.05	69
33.03	58
32.22	66
34.01	67
32.76	54
33.6	30
33.54	37
32.64	23
34.31	49
33.03	39
33.86	7
32.89	44
33.66	57
33.88	17
34.69	27
41.14	15
33.31	53
38.72	26
40.63	21
44.09	23
41.67	23
43.03	23
42.28	32
44.49	20
47.62	24
42.86	32
54.25	22
33.95	10
36.51	14
33.85	27
33.43	32
48.11	6
36.22	23
37.6	27
35.2	14
37.33	27
35.91	28
35.76	31
35.13	29
34.62	24
32.72	52
35	67
34.96	14
33.42	52
36.56	10
31.71	38
32.1	32
34.66	15
31.75	36
33.72	16
36.02	13
44.78	2
33.19	52
35.67	11
35.46	52
37.05	26
33.73	14
36.02	9
37.46	14
34.02	30
33.92	6
33.46	34
35.95	5
33.49	52
40.33	24
33.22	24
33.04	15
33.86	29
32.7	63
33.08	54
35.9	28
33.34	11
34.08	62
35.14	30
33.18	37
35.96	37
33.14	12
33.84	70
33.73	14
33.27	69
34.99	14
44.41	19
32.45	8
35.7	23
34.48	63
38.41	39
34.3	34
34.28	33
36.4	14
35.64	13
34.18	39
33.79	34
34.22	13
52.47	2
31.68	39
36.29	27
33.14	33
31.81	38
35.69	41
36.94	40
34.31	63
34.25	36
34.26	63
31.42	28
36.36	9
36.52	17
35.35	22
34.95	20
35.08	55
34.56	32
32.59	28
35.81	41
34.75	36
40.75	10
36.58	26
37.67	20
35.07	15
32.86	9
40.47	9
39.47	33
31.64	36
33.4	31
33	61
36.42	20
35.89	34
38.66	31
39.1	13
36.37	35
42	26
34.63	25
37.67	24
33.54	38
39.87	16
40.79	31
35.6	18
31.8	32
37.96	19
35.86	27
32.18	20
36.92	25
34.92	17
34.07	16
34.2	16
35.44	15
32.94	37
36.23	14
36.23	53
34.73	12
34.75	70
37.35	63
40.72	23
34.85	48
39.6	27
34.94	54
41.92	57
34.33	63
38.88	31
34.07	7
33.44	34
34.62	27
33.65	70
37.08	27
36.2	17
34.12	21
34.27	56
31.87	23
34.19	31
33.98	67
31.12	32
33.64	27
32.81	22
30.56	44
32.24	53
37.19	23
33.37	65
33.22	35
32.68	63
31.14	19
35.08	29
32.69	60
31.14	21
33.87	32
32.74	45
34.85	25
41.88	35
36.03	67
34.44	65
40.45	29
46.45	36
39.78	29
33.1	5
37.86	45
41.65	20
35.11	13
32.79	8
31.95	60
36.73	2
35.15	22
35.39	23
36.51	57
32.3	2
31.71	25
33.89	43
34.3	9
32.43	11
36.78	23
32.5	36
34.38	56
36.27	30
33.72	23
33.56	27
33.04	46
35.09	33
33.48	53
36.48	5
35	40
35.1	10
35.56	67
44.22	19
34.98	41
35.06	28
43.45	34
46.36	23
34.98	53
37.97	53
37.6	43
35.8	40
40.69	50
37.72	41
40.71	41
43.58	30
40.35	21
37.72	41
33.41	37
35.3	31
33.84	69
33.96	70
32.78	58
34.55	23
36.13	31
34.07	61
32.86	35
39.94	16
34.17	47
32.58	60
33.38	24
37.41	22
32.67	55
36.08	37
41.02	35
45.4	27
35.66	32
53.01	21
31.81	29
33.78	36
34.4	53
33.04	28
32.17	19
33.89	70
37.99	22
36.8	17
38.79	31
36.52	18
31.41	63
36.72	52
39.89	21
32.22	34
35.06	34
37.46	28
36.13	23
33.03	16
32.21	28
45.87	15
34.6	51
37.32	15
34.09	33
31.97	36
36.46	68
31.84	6
33.51	57
34.26	28
33.85	26
36.33	10
33.89	60
34.25	16
35.5	63
34.55	46
39.81	24
38.18	15
34.96	37
33.31	23
33.63	70
31.6	12
36.68	56
34.3	58
34.87	59
34.87	59
35.9	22
34.4	5
35.38	56
32.23	11
33.77	60
33.22	16
35.03	7
38.28	33
33.22	38
32.62	7
34.7	30
37.48	24
39.18	36
37.51	61
33.79	43
30.15	5
33.85	53
31	34
32.72	30
32.27	18
34.04	53
32	13
36.75	46
34.73	48
34.7	31
36.36	62
33.2	35
36.78	40
39.59	16
33.87	44
33.52	52
31.54	27
30.7	39
39.02	17
33.93	32
34.99	67
40.85	29
37.88	47
43.29	56
40.69	25
36.05	30
41.75	15
36.12	37
37.22	28
37.51	8
31.38	35
33.93	45
37.95	9
33.79	22
32.59	44
31.07	36
31.68	37
30.9	9
34.86	27
34.1	34
32.67	59
33.28	47
34.92	37
33.43	35
32.9	7
33.05	59
42.78	9
31.97	55
34.94	13
34.62	40
40.91	23
33.82	51
35.72	18
33.54	18
34.68	62
38.81	15
39.64	26
32.22	31
36.21	37
36.21	44
39.33	22
38.47	27
37.51	44
38.15	14
36.05	29
36.37	17
32.62	41
38.4	17
33.68	36
37.19	24
32.67	70
33.12	29
31.53	20
31.4	50
33.83	69
31.4	50
33.5	21
34.09	12
37.27	10
31.03	0
33.56	13
31.3	23
34.06	37
36.1	13
31.56	15
33.97	10
33.87	15
34.09	34
30.76	37
34.92	23
33.76	58
38.57	36
41.04	18
33.81	13
34.98	68
34.8	58
33.98	68
34.95	62
35.84	39
34.78	69
34.41	65
34.48	31
35.14	7
35.65	4
36.3	41
35.15	53
35.48	53
30.65	10
32.4	3
36.36	29
38.36	27
35.53	70
35.76	54
33.91	60
35.52	67
36.54	35
38.05	21
34.23	64
35.82	29
39.14	27
45.9	17
33.57	58
38.89	31
33.29	50
36.88	35
32.79	60
40.2	60
36.88	32
34.48	39
34.86	57
33.08	64
36.5	7
33.5	23
33.6	52
31.63	10
31.95	36
35.84	26
32.86	70
32.69	33
34.53	68
31.61	25
36.69	21
32.38	23
32.89	33
31.9	22
32.14	20
31.67	20
31.38	10
34.05	1
33.37	39
35.15	23
39.34	15
34.08	70
32	23
35.12	12
33.32	70
32.42	43
32.35	28
33.24	57
36.05	31
32.76	1
33.78	15
34.92	67
32.91	69
33.92	38
33.64	11
34.7	40
31.94	41
33.96	62
35.67	49
30.81	44
33.55	24
34.84	57
31.47	7
34.01	33
34.21	56
37.6	32
39.56	18
34.3	12
35.59	34
32.08	55
31.05	13
33.84	33
31.36	23
31.5	30
35	25
31.19	38
32.81	24
34.93	32
35.69	28
32.3	30
33.88	58
34.87	33
34.43	70
34.87	23
33.46	12
35.56	39
32.83	59
33.12	33
42.1	36
33.09	26
36.34	56
38.29	45
36.67	70
35.66	63
33.82	56
43.12	21
39.48	36
45.69	35
35.37	23
33.9	59
34.4	6
34.42	36
34.44	28
34.63	50
34.45	50
33.46	13
38.81	26
35.85	21
37.65	23
32.37	33
35.45	10
36.21	13
38.76	46
34.26	3
35.36	12
37.45	13
36.04	10
33.23	40
36.47	12
33.54	54
32.58	18
36.92	17
34.86	33
32.86	66
34.63	38
33.37	65
34.79	37
33.06	57
33.17	61
33.61	59
35.72	11
33.76	54
32.72	56
34.65	60
36.7	46
36.13	18
42.11	19
36.28	11
37.87	21
36.77	42
35.73	68
33.48	68
40.45	29
35.01	19
35.65	17
36.6	25
36.27	13
34.02	14
30.46	35
31.68	8
35.71	32
33.73	16
36.56	25
30.48	20
34.84	26
33.83	28
33.2	68
33.88	26
38.81	31
34.37	34
36.69	29
35.84	57
37.07	26
34.51	27
32.92	37
37.32	37
36.04	11
34.82	31
33.63	15
36.4	39
32.1	24
32.57	29
36.51	20
33.47	31
32.44	27
31.15	9
40.34	9
34.55	34
35.7	32
37.83	38
42.51	24
41.2	8
49.22	24
34.37	44
34.62	66
34.86	56
43.33	42
37.56	51
34.81	70
34.26	23
35.07	36
34.14	49
35.1	41
35.1	22
36.95	29
33.58	50
36.65	15
35.45	26
30.84	35
33.43	16
34.7	37
32.04	39
32.31	21
32.42	32
35.69	23
33.82	33
32.65	11
33.93	38
37.32	21
34.97	21
34.09	39
35.43	20
33.21	37
33.1	37
37	27
35	10
46.08	18
33.63	63
35.33	38
32.32	25
35.94	13
31.89	24
31.97	63
32.48	32
36.2	29
32.83	18
32.85	8
35.48	48
36.63	45
37.71	30
41.36	25
40.42	23
39.19	36
35.9	30
38.83	34
41.07	11
48.72	32
40.7	27
36.06	18
39.39	39
46.72	7
41.35	42
39.24	31
39.42	17
38.33	33
38.5	46
54.52	22
34.07	57
36.63	34
37.52	31
35.78	33
34.61	20
35.14	20
34.64	8
47.27	27
38.49	15
39.82	24
38.85	31
34.33	39
38.14	28
33.28	48
45.75	22
35.58	49
35.09	19
34.59	13
35.56	56
32.64	22
39.34	25
44.2	4
39.69	25
46.16	28
40.74	20
39.51	21
38.85	23
38.49	32
49.54	23
40.39	29
35.63	58
33.96	52
34.03	20
47.43	17
37.72	19
36.35	22
35.13	23
36.21	40
35.3	39
44.3	31
40.46	18
33.43	39
37.5	14
47.16	25
36.65	39
39.51	24
42.7	19
51.14	19
45.78	27
40.14	41
34.52	65
41.65	17
36.59	41
35.94	23
34.43	56
34.6	55
36.29	37
34.69	35
38.05	25
34.1	28
36.06	27
35.48	21
34.92	53
34.11	48
38.7	37
44.28	22
34.34	10
34	60
45.93	25
35.61	65
33.15	32
32.48	53
34.73	55
33.61	60
32.62	62
32.25	15
35.1	25
35.04	23
32.2	31
31.59	7
34.72	12
34.78	31
34.05	53
34.01	30
34.09	14
32.18	22
38.63	31
39.4	37
32.3	56
37.21	17
33.72	25
33.75	68
36.19	21
32.49	40
31.61	37
36.15	34
33.54	54
36.89	9
33.69	29
32.05	37
34.59	34
34.57	64
35.53	29
37.62	27
43.86	21
34.82	34
34.32	28
41.06	42
43.54	0
38.3	38
38.13	36
31.97	20
40.85	31
37.22	55
33.42	38
33.64	65
37.14	4
35.27	39
36.05	58
36.43	45
48.58	36
35.11	66
35.01	33
35.04	33
35.17	41
37.07	20
33.83	61
33.6	23
37.73	27
39.44	38
37.17	9
36.27	65
38.19	6
36.25	42
43.57	27
51.83	24
43.33	17
45.44	36
45.45	21
43.57	16
34.32	22
34.48	34
33.72	33
35.11	59
36.89	27
35.82	10
35.2	14
33.27	29
32.76	22
50.94	23
45.23	14
46.89	33
45.22	30
41.24	30
48.04	23
40.07	30
42	19
45.68	27
40.12	36
34.31	70
33.68	31
35.7	22
32.5	18
32.82	24
33.17	47
35.6	32
35.2	12
39.1	31
38.88	31
37.85	51
34.48	12
33.82	68
39.77	39
33.92	27
35.02	33
36.03	32
35.24	50
35.92	5
35.02	33
32.56	34
32.65	11
34.36	29
34.59	12
30.09	36
34.3	25
35.84	56
34.69	19
34.34	8
32.36	42
36.31	44
36.58	68
40.89	33
37.87	50
35.09	46
41.63	31
39.2	31
38.39	54
35.21	69
41.61	10
37.11	34
34.11	24
33.78	36
39.34	64
37.03	42
38.82	41
43.34	17
44.16	25
35.64	42
35.23	14
37.76	30
32.98	5
33.93	27
35.5	19
36.77	36
34.98	29
37	46
34.31	67
34.37	32
36.54	39
55.49	24
35	48
36.68	34
43.77	28
43.54	23
36.62	31
44.49	14
48.04	17
46.06	24
40.44	21
37.86	28
35.45	40
33.21	21
38.32	26
35.3	34
35.5	27
34.31	11
34.12	60
36.44	8
33.7	20
44.21	34
36.79	29
35.94	50
36.36	19
34.7	24
38.93	13
37.47	29
37.09	24
32.98	60
35.87	28
46.72	10
34.94	26
34.17	36
32.11	57
34.98	24
33.31	21
34.67	49
32.81	10
40.33	24
35.48	41
32.06	56
32.47	65
36.08	29
32.4	49
32.92	54
33.24	48
31.31	11
31.63	34
31.69	23
32.86	64
34.67	29
33.29	69
35.53	12
33.85	20
34.32	43
33.29	46
38.69	49
35.47	25
36	17
34.39	65
40.24	30
46.97	19
35.32	47
36.8	7
33.72	37
37.54	11
39.5	32
36.21	23
40.49	26
37.8	42
30.23	33
32.8	7
32.04	37
34.73	54
33.36	42
32.01	22
33.82	29
33.07	16
34.57	49
32.44	39
32.93	0
35.9	15
33.27	37
32.42	45
34.1	26
36.6	34
32.89	69
32.51	23
40.31	21
42.75	11
34.02	31
42.34	23
37.7	14
44.63	23
35.68	57
45.22	36
41.22	32
35.67	62
37.98	14
41.09	23
35.32	20
36.09	13
34.82	29
33.7	25
33.98	33
34.31	30
36.1	26
34.94	27
35.46	32
36.28	12
35.71	37
39.93	21
33.95	25
36.04	24
33.65	67
34.65	25
33.39	28
34.03	64
34.1	31
32.38	26
37.84	40
32.51	59
32.32	58
32.86	29
33.44	20
33.78	69
34.77	44
32.99	46
34.29	67
33.46	4
33.42	62
34.62	50
36.69	41
34.36	9
37.45	13
33.13	50
35.39	68
34.69	9
31.85	7
35	37
32.61	14
33.69	53
33.74	40
37	49
37.89	23
40.27	34
33.78	31
33.88	64
34.1	30
37.88	50
36.58	17
33.53	40
33.32	13
33.99	57
39.6	22
34.45	12
34.94	60
32.65	34
36.87	19
34.6	19
34.25	30
33.06	56
35.98	19
32.55	27
38.59	12
35.69	29
32.97	26
33.92	20
34.07	38
33.93	1
40.61	17
35.12	13
37.3	19
40.32	17
38.74	17
43.34	6
42.68	29
45.78	26
42.74	21
33.86	38
34.68	31
39.78	26
34.23	62
34.05	68
35.39	32
35.97	24
33.44	15
44.16	1
36.81	20
38.7	16
34.79	27
35.06	58
33.07	13
33.87	9
35.3	59
33.9	54
32.6	27
34.79	27
35.1	24
42.46	57
43.33	17
34.77	22
34.51	54
35.51	29
35.01	67
40.81	33
32.8	14
46.13	16
41.84	57
32.83	60
38.73	26
36.79	13
37.93	21
32.13	12
33.52	32
47	8
36.82	15
31.98	31
35.21	31
43.27	16
52.45	36
44.81	34
36.4	18
53.95	30
36.52	29
34.77	36
35.46	33
32.81	64
35.57	64
37.75	21
33.94	30
37.41	15
34.16	27
31.15	38
32.14	37
33.62	32
38.34	12
36.35	12
33.5	33
46.51	45
33.76	58
44.13	12
34.4	52
35.16	41
38.51	8
35.34	33
35.55	31
35.55	31
35.55	31
31.28	37
34.74	35
30.43	28
34.71	41
34.47	28
32.58	51
32.8	13
36	16
33.18	30
34.92	11
36.6	27
35.78	15
36.2	42
35.97	33
35.46	22
35.03	66
33.61	56
33.25	69
36.25	30
34.47	27
34.89	19
34.72	29
43.92	5
32.23	32
35.09	20
32.88	68
32.96	23
31.79	35
33.5	19
31.14	63
33.17	34
32.54	44
35.09	35
32.8	37
32	28
33.03	36
37.48	30
32.64	39
32.29	4
36.78	15
32.49	62
33.26	11
34	24
32.95	39
35.22	44
36.74	18
33.73	68
32.51	28
34	16
34.76	54
36.13	7
30.75	9
40.42	26
34.99	29
34.58	30
33.34	1
34.9	14
32.31	38
33.64	39
35.18	11
40.34	26
34.72	23
35.37	36
31.71	20
34.7	35
32.19	34
33.69	53
36.8	35
33.48	39
34.44	39
35.05	26
34.15	20
33.55	24
39.19	22
34.63	61
37.66	29
35.28	23
33.75	54
34.9	28
32.36	37
42.79	38
36.59	31
35.47	9
35.95	36
44.25	18
42.89	41
43.16	26
41.91	36
38.18	21
41.38	22
38.33	24
40.07	23
34	70
34.37	31
35.45	18
34.65	68
36.72	30
39.66	30
35.85	60
34.71	70
34.11	56
33.93	33
33.32	28
33.32	28
33.19	29
32.87	67
38.5	4
35.4	15
33.57	47
33.97	27
34.26	56
39.67	29
37.4	11
33.13	46
33.96	38
36.58	27
33.87	39
36.24	19
41.08	24
34.2	59
32.65	3
33.27	21
33.22	48
35.31	59
32.71	53
33.42	36
34.09	23
35.39	60
35.63	45
35.21	58
33.9	14
39.22	30
33.56	69
34.76	54
34.98	13
35.91	49
33.05	12
37.04	30
33.78	51
34.64	31
35.07	53
34.48	12
33.92	22
32.45	25
34.88	38
34.52	25
36.92	53
49.79	12
32.52	39
33.84	22
34.45	44
36.26	9
35.89	21
34.41	24
38.36	38
37.75	34
36.73	31
33.86	42
32.92	30
36.19	31
33.72	37
39.93	26
40.3	18
37.59	21
36.6	38
35.97	21
38.09	27
33.53	31
34.8	30
36.85	25
33.03	54
42.68	22
34.52	70
37.38	23
35.25	33
32.56	33
37.68	10
32.26	7
35.55	12
32.64	35
34.96	23
37.51	12
33.09	30
33.25	29
33.73	17
38.76	37
34.26	54
33.9	40
34.13	45
53.81	24
33.43	32
37.84	42
33.64	57
36.63	31
39.84	30
36.68	37
42.19	19
43.77	30
41.76	15
33.3	23
35.41	24
33.72	28
34.44	18
35.47	24
31.67	68
32.99	52
31.51	70
35.53	26
43.88	5
32.98	46
32.66	22
32.48	4
37.14	19
32.6	10
33.42	19
31.74	64
33.62	29
35.25	34
35.79	58
47.04	27
38.34	21
35.36	28
34.93	39
35.51	10
37.34	35
42.97	52
43.02	21
39.78	36
44.65	21
44.27	33
34.27	18
54.82	24
37.48	39
39.67	41
52.97	24
40.35	39
46.96	25
53.23	26
34.03	9
34.96	34
34.51	32
32.91	55
36.39	62
35.77	63
33.42	35
37.31	50
36.15	47
35.18	20
33.59	32
33.02	21
37.52	22
33.9	29
34.97	5
33.58	46
34.09	70
31.21	34
32.07	65
32.75	32
36.49	31
32.2	66
32.24	66
34.79	4
32.24	66
34.79	4
32.67	66
31.29	25
33.79	22
33.94	28
31.72	34
33.61	12
32.38	40
33.07	29
31.82	34
36.13	23
33.81	66
37.38	6
33.25	69
32.55	39
31.54	30
34.35	30
34.71	48
33.01	37
33.54	43
33.01	37
36.26	60
33.08	59
34.29	59
36.73	54
34.1	70
34.65	68
32.83	17
33.62	60
30.23	5
33	25
34.57	13
33.03	61
34.6	14
33.58	37
36.54	13
33.82	70
33.75	28
32.51	4
32.61	29
32.43	35
31.82	17
31.59	38
32.03	66
35.31	18
34.52	37
31.5	38
33.94	34
34.47	50
30.95	3
31.84	15
37.85	26
32.09	33
36.42	29
33.71	16
32.65	15
33.51	35
37.96	9
33.96	21
33.19	25
34.87	37
34.07	13
34.02	22
34.6	65
34.94	6
37.97	41
45.04	7
39.16	42
37	61
33.39	56
34.05	36
38.65	26
33.79	28
32.81	17
33.84	14
30.8	9
35.3	35
33.28	26
36.34	30
37.54	17
35.13	27
33.96	64
33.89	31
32.34	18
32.5	26
34.47	30
36.38	28
33.46	36
33.32	54
32.84	64
39.59	0
37.4	26
34.19	38
35.46	35
41.4	21
41.49	29
100	0
35.5	29
36.38	35
35.53	66
34.14	33
33.57	28
35.1	31
36.03	60
33.1	24
35.42	16
35.09	34
36.37	48
34.21	37
32.26	65
36.05	34
38	22
32.01	39
37.77	26
33.41	55
34.9	56
37.28	20
33.72	19
36.88	24
34.99	33
31.59	29
33.3	45
33.48	19
34.25	67
35.22	65
35.19	37
32.07	39
36.35	25
42.82	35
33.67	22
34.7	32
34.68	25
35.62	30
34.47	48
34.44	52
33.82	67
31.76	51
36.7	34
34.24	18
34.05	29
41.92	12
34.18	24
32.91	50
31.53	35
32.73	38
30.37	52
34.02	60
32.17	52
33.02	47
34.19	53
33.46	15
34.17	30
34.66	18
34.79	30
34.87	33
35.32	13
34.64	29
31.82	70
34.51	49
34.78	18
34	50
37.31	7
33.33	33
32.28	30
34.23	34
33.59	70
34.71	35
34.35	67
32.72	62
36.75	53
32.71	38
38.46	38
34.41	29
34.5	29
34.76	38
35.77	48
32.42	39
32.81	12
36.33	29
35.41	12
31.63	4
33.23	37
33.54	20
33.59	26
37.17	36
31.22	34
33.93	36
35.95	25
32.97	35
34.33	30
31.87	27
31.69	65
33.55	13
32.55	65
33.85	11
34.93	30
34.17	38
31.59	49
34.59	61
40.62	18
34.25	49
34.02	49
33.79	58
33.76	39
33.37	63
40.3	17
37.99	27
39.15	16
35.22	11
34	30
31.61	67
32.16	27
38.42	16
34.44	10
37.75	40
34.15	26
37.21	5
39.88	24
33.65	59
33.8	30
34.52	38
39.27	26
32.7	42
33.79	9
34.53	20
33.75	13
38.42	19
34.31	52
34.85	33
33.2	66
34.85	35
34.76	68
32.73	57
39.02	27
38.82	23
37.72	28
36.8	11
33.92	36
33.61	64
33.37	32
40.11	15
39.04	23
32.98	7
33.98	67
36.66	10
40.39	27
35.04	56
34.76	50
38.9	22
33.81	32
36.53	44
36.27	31
37.44	15
34.67	29
33.77	28
35.79	28
33.33	33
34.47	30
33.71	70
35.48	61
35.7	47
33.89	20
33.67	49
33.64	9
34.17	22
32.7	24
33.9	23
33.43	36
34.54	24
39.07	21
34.89	38
35.76	22
33.43	60
34.03	42
35.3	21
34.13	29
34.55	50
34.6	2
34.6	33
37.81	7
36.11	34
32.18	38
34.1	22
36	29
35.32	13
34.67	29
33.77	28
32.17	35
33.27	33
33.95	20
33.59	49
32.18	70
34.92	29
36.31	23
34.62	26
33.78	36
35.88	39
35.61	48
36.98	12
34.96	16
35.9	36
32.29	22
35.02	62
32.64	18
34.44	31
37.45	18
34.65	53
37.65	18
33.89	58
33.27	34
37.32	19
36.07	37
53.01	34
38.26	35
39.58	40
46.73	20
47.77	20
36.23	33
35.1	65
38.21	68
40.23	20
37.43	22
40.66	26
41.63	31
37.73	41
36.65	50
39.43	20
37.95	27
41.7	11
39.41	31
37.9	52
42.53	35
31.25	12
33.09	14
34.23	13
35.65	22
33.05	66
36.12	53
34.54	12
32.56	35
31.69	50
33.55	23
35.31	13
33.08	27
44.48	4
32.73	38
30.44	10
32.15	7
34.07	46
35.17	29
39.85	26
37.94	10
33.7	38
34.62	67
34.86	16
33.65	1
35.02	31
34.35	67
35.67	20
37.97	46
34.78	49
35.83	59
34.67	52
35.45	33
36.15	32
32.81	61
33.96	67
33.95	32
34.72	34
34.39	8
33.19	66
34.62	14
35.37	30
37.71	23
33.45	56
34.63	12
32.14	25
34.45	8
33.97	5
32.85	44
34.37	42
33.43	41
36.52	32
37.76	11
35.27	28
35.47	16
34.77	48
32.87	32
39.41	31
33.94	25
37.77	52
36.1	49
32.8	29
37.77	65
35.75	47
34.75	61
34.4	20
34.23	62
35.3	20
35.23	11
34.14	14
33.19	63
40.01	26
35.75	23
40.52	28
34.6	69
37.52	32
32.75	20
34.44	21
33.9	24
35.74	39
35.83	30
33.05	35
33.19	10
35.5	43
33.42	34
34.94	39
34.72	70
32.73	3
32.45	5
33.5	9
38	54
40.29	32
42.4	25
39.99	56
47.56	16
36.97	39
47.09	33
40.74	22
39.06	24
40.53	33
41.22	32
38.67	12
40.32	41
36.09	23
35.42	3
34.79	67
34.46	61
34.62	25
34.23	43
35.34	34
31.13	33
34.14	61
33.92	64
33.5	10
39.31	26
33.46	68
36.1	33
36.33	39
33.24	50
35.05	12
32.87	67
34.93	52
39.64	31
32.86	35
31.39	36
33.78	28
34.11	24
36.53	64
34.09	27
33.01	51
36.36	20
35.24	53
34.44	27
34.43	23
33.56	36
47.9	17
35.5	34
38.78	33
34.36	29
36.23	23
34.97	30
33.59	31
34.07	30
37.51	17
34.12	48
37.69	23
33.6	55
34.12	48
43.56	5
34.12	48
34.12	48
36.49	40
35.65	55
38.26	26
35.4	56
34.42	47
34.61	53
35.03	47
36.23	7
35.29	14
33.03	17
41.13	27
31.98	32
32.72	61
34.46	16
31.53	38
35.68	5
31.29	33
36.93	12
33.54	33
36.35	13
37.8	20
37.64	33
39.82	24
42.17	28
42.25	23
38.83	32
40.84	29
36.62	44
38.45	29
45.19	25
34.56	65
33.38	62
38.5	1
35.21	36
34.89	38
36.9	30
37.8	26
34.82	52
38.16	23
37.94	21
38.74	66
34.7	68
35.25	13
37.98	35
41.73	23
38.26	38
35.42	20
33.64	68
39.56	40
32.76	55
34.73	46
33.16	55
34.19	48
39.5	31
33.93	30
35.89	58
36.51	27
34.68	34
34.62	20
35.84	27
33.71	22
33.12	56
35.59	62
32.25	60
33.59	39
30.85	11
34.03	15
36.3	15
32.28	29
32.02	44
34.01	20
33.62	7
39.13	20
30.36	34
39.15	15
37.57	20
35.3	37
44.63	12
33.93	39
34.07	9
44.65	28
37.21	12
36.48	39
35.45	54
34.3	23
38.59	16
35.12	57
35.36	35
33.99	55
34.16	56
34.68	32
34.68	32
34.5	27
34.68	32
34.5	27
34.5	27
34.68	32
33.17	18
35.6	19
34.5	27
36.15	38
32.01	34
34.17	8
40.26	24
34.64	21
33.43	30
32.71	60
32.7	15
32.84	21
33.5	37
36.48	32
41.93	18
42.28	38
38.48	24
40.84	32
35.65	35
42.17	28
39.68	47
44.8	23
36.56	50
41.94	38
32.71	61
33.49	70
34.04	21
39.42	18
35.02	38
35.39	11
40.19	35
40.66	33
34.98	18
34.88	20
33.24	69
34.92	11
32.53	28
34.6	37
32.4	61
33.55	27
40.27	10
38.15	17
34.3	32
35.22	55
38.08	17
34.5	37
33.25	70
41.84	10
38.25	29
33.98	28
34.92	11
33.64	69
33.79	25
33.54	24
36.65	38
35.72	20
33.46	32
35.92	33
38.76	27
37.37	21
36.95	32
37.88	23
38.1	32
32.82	14
33.94	64
34.39	51
35.36	25
36.43	33
40.58	24
38.71	27
37.31	41
36.93	34
33.49	22
36.48	11
34.58	30
33.65	36
32.37	2
36.4	29
34.39	58
36.22	12
34.85	23
35.2	63
35.75	30
33.31	9
31.09	37
34.48	37
35.1	10
32.8	29
37.16	43
32.91	69
33.18	31
32.56	70
34.61	32
33.1	30
33.41	41
36.91	7
31.21	30
31.88	33
33.77	56
32.13	12
34.27	25
33.26	58
33.28	10
33.5	23
37.68	44
32.42	38
36.52	44
34.78	12
31.57	31
35.16	37
33.97	69
32.68	25
34.31	26
37.81	35
33.25	24
32.48	39
32.06	36
32.45	27
43.39	10
34.19	54
36.32	31
35.15	66
36.43	9
33.19	20
36.95	34
47.23	4
32.6	54
32.97	38
33.41	63
31.57	6
35.21	3
33.17	69
32.28	35
33.55	30
34.86	21
34.21	16
35.37	32
35.97	39
34.15	60
36.4	14
33.95	34
33.95	34
38.13	14
44.77	10
34.12	36
34.44	44
40.49	20
34.04	66
35.71	60
33.33	70
35.25	24
34.27	21
35.85	12
36	27
33.1	24
32.96	49
32.44	31
33.49	54
32.73	22
33.92	38
32.81	43
32.35	6
31.21	26
31.62	5
33.89	57
33.21	38
34.36	17
33.62	58
35.84	30
34.69	34
33.42	8
34.75	20
37.2	26
33.31	13
34.2	43
34.24	17
43.88	7
38	16
34.07	35
33.26	31
32.79	31
37.5	7
33.73	61
35.32	13
34.31	29
36.41	7
32.49	50
32.6	38
32.78	70
34.31	30
37.66	7
34	50
34.42	49
34.19	29
33.03	67
36.6	30
32.97	5
35.76	20
32.7	43
32.94	46
33.7	24
32.43	18
33.78	45
37.26	60
36.15	47
34.28	55
35.15	67
34.73	17
36.9	13
34.31	30
43.2	28
37.55	70
35.7	56
34.39	34
34.38	58
34.23	57
34.23	67
36.04	22
34.17	23
34.61	70
36.03	27
34.65	37
37.69	16
34.79	27
38.67	39
39.04	23
43.96	39
40.67	31
34.06	59
38.04	26
43.11	24
35.04	60
38.01	23
31.75	14
33.58	49
32.94	36
32.56	23
33.55	30
32.67	25
34.31	35
31.64	36
31.73	58
33.43	27
33.79	39
32.87	28
33.11	37
35.13	30
33.64	43
35.12	57
32.01	2
32.79	34
32.29	21
33.8	22
39.64	21
37.61	31
36.19	22
35.51	25
32.19	39
39.15	12
32.86	22
37.19	16
40	25
31.89	39
34.01	37
33.1	13
32.41	29
32.45	26
33.91	58
33.15	55
32	33
33.56	39
32.41	53
34.54	32
31.62	39
37.49	15
33.78	16
33.77	31
39.09	16
33.61	32
32.61	43
35.59	37
34.13	34
40.31	12
38.85	27
36.44	36
39.25	46
36.45	31
40.03	18
38.52	13
47.53	26
36.56	32
33.86	36
42.52	23
36.54	30
33.79	24
35.86	21
35.44	32
35.23	67
33.1	37
39.57	20
34.02	23
32.62	36
38.67	7
32.79	59
40.81	12
32.93	48
35.92	20
34.34	46
33.17	29
34.13	29
33.64	21
39.31	9
36	32
33.92	18
31.97	46
33.77	25
35.09	56
32.88	54
36.96	28
37.35	28
34.86	24
37.42	31
37.05	22
35.18	66
32.12	6
34.98	58
33.79	37
33.03	29
34.1	54
34.55	68
36.52	26
34.21	19
33.64	23
35.94	26
33.64	49
35.46	42
35.94	26
33.64	49
35.46	42
35.62	28
31.13	39
34.03	23
33.54	28
31.59	38
33.03	37
30.8	35
32.43	39
31.45	31
36.14	9
33.64	35
30.54	31
33.25	39
33.39	66
32.64	61
34.26	54
36.21	9
39.69	1
38.42	26
32.99	46
33.11	24
33.81	21
34.56	42
37.05	21
33.71	61
36.23	67
37.65	15
40.01	36
35.2	35
34.78	50
40.61	13
38.03	27
40.75	20
44.28	19
33.71	28
35.18	51
32.71	6
31.67	28
31.43	23
33.37	29
32.7	37
32.73	32
34.54	11
33.47	34
35.61	64
33.29	8
34.69	43
35.14	44
38.16	34
36.27	23
39.41	27
35.1	35
43.95	41
41	32
49.29	41
46.25	17
38.31	36
38.4	57
43.57	35
43.61	26
40.89	23
41.38	50
34.15	27
33.79	36
30.18	37
35.88	57
35.12	13
34.48	51
39	14
32.89	31
34.2	16
35.21	29
37.2	24
36.98	31
34.02	30
33.23	38
34.92	24
33.67	12
37.05	3
40.1	22
39.6	35
37.52	20
36.48	12
33.69	62
35.54	7
34.49	68
34.01	18
32.75	6
35.42	30
35.63	20
37.16	14
35.93	43
34.05	60
34.77	61
35.95	53
33.37	59
33.98	20
31.52	24
33.79	25
35	67
35.09	60
34.78	39
33.62	31
33.79	65
33.98	68
30	3
34.3	9
33.69	62
34.42	24
34.1	22
32.42	37
32.92	62
35.5	27
34.56	39
34.79	13
37.97	17
32.02	49
33.68	39
34.88	45
33.91	55
35.3	7
34.76	38
39.25	2
32.6	64
37.31	31
33.88	13
32.05	59
33.96	9
36.17	24
30.18	67
36.86	15
35.36	20
36	30
33.79	60
33.71	44
35.36	23
38.61	25
34.19	31
33.2	30
36.38	64
35.52	41
37.51	31
31.86	12
36.31	7
35.9	65
34.73	15
32.9	10
35.23	39
35.14	12
34.8	11
36.51	23
34.02	26
35.2	23
33.93	39
34.4	32
34.16	49
35.26	23
30.77	34
31.68	62
32.84	30
35.08	58
33.65	8
42.07	9
34.94	25
35.21	38
41.39	9
34.68	47
34.77	22
35.22	39
36.73	47
32.8	39
35.93	18
31.81	31
32.97	35
36.8	31
38.99	24
40.5	40
35.73	6
33.8	13
34.34	22
34.01	33
36.75	45
36.1	39
32.13	38
33.86	11
36.58	70
33.34	12
32.73	44
34.61	31
33.34	38
34.12	20
38.95	51
43.7	32
43.44	19
37.96	34
39.47	21
37.53	51
41.99	22
44.48	20
35.52	67
45.21	13
33.24	55
35.5	7
38.09	37
33.37	52
34.27	70
34.57	25
46.31	0
31.69	35
36.73	9
34.31	18
32.19	18
34.62	5
37.45	25
34.13	63
35.25	65
32.71	44
34.12	23
34.81	63
33.28	66
35.35	12
34.93	38
34.39	63
35.44	26
35.44	15
33.38	66
34.38	10
32.4	39
33.43	61
34.67	23
35.85	54
36.19	36
34.63	59
33.6	12
35.17	8
30.54	35
41.97	20
37.64	21
43.17	21
36.7	22
35.64	33
46.28	7
36.05	27
33.79	70
35.82	9
38.27	34
38.9	34
34.75	38
32.27	25
36.13	23
35.77	51
32.68	1
35.47	13
35	7
34.56	65
33.65	56
42.25	13
35.07	23
34.9	43
34.94	57
39.4	39
38.59	54
38.49	35
39.4	39
34.84	13
35.5	50
36.29	45
36.95	64
45.95	32
42.76	20
36.57	11
41.56	22
42.19	19
45.38	32
38.81	39
36.85	39
46.83	18
41.84	13
37.2	19
54.23	21
35.77	52
38.45	18
34.34	16
33.52	54
33.87	19
38.96	28
33.2	46
36.62	49
36.46	46
35.95	55
33.69	28
32.23	20
30.73	18
32.84	20
34.36	12
32.92	21
33.85	24
37.84	11
34.75	36
34.8	62
36.14	41
31.54	36
31.72	38
34.96	32
35.6	35
34.47	38
35.44	18
36.72	16
33.19	38
33.98	62
32.3	33
34.28	24
38.59	18
34.21	49
32.4	31
33.25	28
35.64	62
33.06	35
32.42	37
32.39	31
34.04	33
32.76	28
32.55	32
34.05	33
37.38	57
33.63	26
33.39	60
34.2	51
31.77	62
34.86	36
36.2	28
33.51	47
34.84	10
34.4	38
33.25	18
37.34	17
35.37	11
33.55	70
41.09	25
32.9	37
32.52	33
34.79	3
38.81	30
34.54	9
37.32	31
36.28	35
36.39	12
35.47	5
33.28	38
35.68	38
33.18	37
37.45	32
34.63	14
33.08	37
33.03	60
32.92	34
39.7	25
34.8	31
33.37	68
39.55	17
41.09	18
34.75	25
34.71	32
32.78	25
33.96	49
35.7	25
34.75	17
32.72	36
33.84	37
32.63	28
34.32	36
35.81	43
40.15	13
33.34	53
42.67	5
36.49	38
35.5	30
33.55	38
33.73	64
43.79	8
33.62	49
38.04	30
42.37	2
36.03	24
35.57	33
33.5	16
34.57	59
32.87	34
32.73	23
31.05	34
38.96	26
31.89	33
34.46	61
34.47	65
34.64	22
39.11	28
38.09	30
35.78	58
41.2	32
34.76	21
35.81	56
36.77	37
34.31	63
43.78	30
44.56	21
33.81	30
34.56	35
42.15	27
46.18	34
37.86	12
33.71	17
37.92	25
34.97	54
35.66	30
34.53	58
32.33	27
37.5	12
31.09	33
35.28	8
34.39	25
33.2	31
35.12	64
40.52	29
36.39	41
38.7	14
39.22	30
35.44	13
35.34	23
34.45	33
45.47	15
34.35	31
33.67	50
35.44	39
37.66	21
41.76	15
33.34	29
33.22	60
41.94	15
32.43	65
33.74	70
32.75	34
33.86	53
33.27	35
44.02	5
35.82	54
43.13	4
39.03	17
36.63	24
36.55	19
35.72	34
33.4	11
35.85	16
33.94	68
33.55	19
32.53	45
31.76	38
32.42	31
33.35	56
34.11	48
39.07	25
33.4	35
35	36
38.94	14
36.82	32
32.2	39
34.85	35
33.03	16
40.16	31
33.94	35
35.48	68
34.38	36
34.07	30
35.65	28
35.22	57
36.08	46
33.63	34
35.53	26
34.63	68
36.45	33
43.15	9
34.69	25
33.92	4
33.19	57
36.38	36
32.86	40
36.09	40
32.45	33
33.94	16
35.87	34
32.21	3
30.96	17
33.9	24
32.61	30
34.23	38
35.55	15
33.14	60
34.62	29
31.42	38
47.58	33
31.8	31
37.67	23
33.19	37
35.82	32
36.55	7
33.05	33
33.51	29
33.55	6
33.81	67
33.79	38
35.89	9
34.67	29
37.34	9
32.81	16
33.86	39
41.18	23
38.05	12
48.39	1
33.8	28
35.6	17
32.53	61
37.78	44
35.61	25
37.15	48
34.93	20
34.02	30
35.84	13
35.36	21
33.52	22
33.11	39
31.57	57
34.45	17
39.16	24
36.06	48
34.22	65
33.85	39
34.55	16
34.05	63
34.01	12
33.34	32
34.43	57
36.85	19
34.52	53
34.5	66
43.64	2
33.6	49
36.05	9
33.7	12
34.68	23
32.18	31
32.93	33
35.21	36
34.25	39
37	26
41.74	27
40.48	28
32.35	39
37.46	56
39.86	39
35.86	22
34.82	32
32.28	36
34.52	36
34.43	21
33.43	36
33.12	34
33.95	61
33.53	23
34.42	54
32.08	9
34.96	21
36.68	17
35.91	34
30.89	28
41.37	10
35.68	36
35.07	38
32.59	46
35.84	32
33.6	39
31.79	22
37.73	34
34.92	21
36.36	31
35.32	33
37.67	12
32.23	34
39.83	27
45.01	4
34.17	14
32.51	27
33.71	27
32.35	39
33.2	47
31.81	26
35.55	29
34.59	37
32.67	31
35.53	27
35.71	19
38.4	28
39.55	21
44.2	26
37.94	48
41.34	12
41.71	26
43.78	31
41.16	30
44.41	18
36.68	60
36.43	37
39.95	25
44.43	20
38.02	29
36.09	38
43.8	27
40.64	34
36.27	57
39.46	35
36.09	37
33.05	32
35.98	8
39.36	10
32.73	34
37.2	17
34.39	30
38.59	29
36.31	17
37.01	24
34.42	14
32.28	29
34.78	30
31.32	14
32.79	41
37.06	39
32.08	68
33.72	47
35.03	39
32.88	64
33.53	50
35.07	26
37	45
37.23	69
45.9	19
43.06	20
45.48	25
43.47	23
33.04	28
37.22	44
38.98	44
36.42	19
34.47	28
34.37	68
34.32	35
35.52	8
33.49	58
35.02	14
34.01	21
32.87	29
32.81	25
37.71	7
30.93	58
31.57	28
32.42	19
32.42	19
33.38	41
36.09	29
33.09	15
35.97	11
33.77	40
34.09	6
32.43	23
35.1	37
35.47	32
36.46	40
35.67	39
32.83	31
35	32
33.25	29
36.68	32
38.65	26
35.86	62
36.83	8
37.23	37
33.62	18
37.31	24
35.54	26
33.86	24
39.57	31
35.67	24
33.73	35
36.43	26
35.28	6
34.7	57
33.96	62
35.51	56
35.82	27
31.82	37
34.51	53
34.3	21
49.78	27
35.26	54
35.46	14
37.12	37
35.01	11
41	31
35.43	20
35.54	54
38.11	22
39.88	7
32.46	57
32.73	9
34.59	15
32.67	34
32.86	37
30.69	44
31.53	20
32	62
30.88	7
32.32	55
34.42	34
33.29	14
33.08	64
39.13	8
33.47	69
30.23	32
33.62	22
32.68	48
31.53	1
37.28	36
33.19	22
35.6	28
33.98	24
32.34	22
33.73	22
36.91	29
33.63	55
34.55	26
32.94	67
39.84	33
33.9	41
35.5	19
31.22	39
34.32	75
35.59	28
35.61	37
32.57	38
31.8	82
34.54	35
33.75	15
35.51	62
34.11	37
31.76	77
34.9	36
31.22	85
34.61	31
33.64	23
33.64	23
34.32	34
32.56	33
31.57	88
37.18	37
34.61	32
31.11	38
33.59	26
30.59	37
34	29
34.27	70
32.84	36
34.6	13
37.78	26
35.5	11
32.95	36
31.91	83
33.7	38
34.12	37
32.22	26
32.42	38
36.93	17
34.17	38
33.77	23
32.27	31
33.46	34
35.36	13
32.71	33
36.95	0
32.26	81
32.38	25
32.42	25
36.56	24
34.13	60
32.52	83
33.18	87
32.6	23
35.54	20
32.4	27
35.2	56
34.26	21
31.2	22
31.1	39
33.55	30
33.2	45
33.46	16
31.96	39
32.26	23
35.9	25
36.15	39
35.3	48
34.7	23
33.35	16
34.27	57
37.75	7
34.63	33
33.98	8
33.9	35
33.27	35
34.09	26
33.03	38
35.28	54
32.35	62
34	16
33.56	41
32.43	27
32.96	42
31.59	30
32.65	8
31.51	38
34.84	19
32.51	23
31.67	32
31.97	42
34.89	41
34.45	11
35.68	39
35	19
32.67	41
31.59	44
30.52	33
32.73	24
31.7	64
35.79	61
33.56	69
33.07	52
32.25	40
31.7	37
35.46	30
30.4	44
34.96	37
37.28	30
35.32	27
33.85	78
32.96	22
32.16	87
34.11	46
31.29	70
34.76	51
34.36	28
33.08	70
33.09	38
32.74	63
37.2	16
36.15	28
33.78	74
32.71	42
32.81	24
37.27	27
33.3	19
32.7	38
34.7	59
32.15	75
34.06	21
34.63	24
36.97	10
34.01	36
31.68	42
32.27	35
32.82	44
34.03	38
34.18	71
33.99	66
33.05	60
32.95	25
33.8	24
33.18	47
34.5	42
34.04	76
32.35	68
34.82	14
35.27	15
34.22	18
32.47	37
36.34	38
33.62	35
32.63	43
35.82	43
32.83	42
34	34
31.45	38
33.59	43
33.89	35
32.18	22
31.98	31
35.02	30
34.53	25
32.34	81
32.3	76
34.67	18
34.2	70
32.38	75
35.22	21
33.38	73
36.25	81
32.68	44
31.26	13
34.53	31
34.93	58
31.94	56
33.98	76
33.82	40
34.42	34
34.93	20
33.94	47
35.92	37
33.39	86
33.37	25
34.17	19
34.78	26
34.72	24
33.26	37
33.39	39
33.78	53
32.8	60
34.13	71
34.47	56
32.39	88
34.23	35
34.46	42
33.42	31
33.5	40
32.8	74
34.41	23
32.03	43
33.91	43
31.71	84
32.15	12
32.15	12
34.13	20
34.93	27
33.91	36
32.87	88
33.58	70
33.22	36
33.18	29
36.76	22
34.4	44
35.27	8
33.5	64
34.45	37
34.18	18
35.32	30
32.87	34
36.73	24
31.84	63
35.75	64
35.75	64
33.12	21
33.17	74
31.83	84
30.59	44
33.44	37
32.77	84
31.72	43
32.44	80
33.89	61
34.86	29
35.54	33
34.46	18
32.85	40
33.85	5
33	36
34.94	1
31.89	64
34.16	74
34.7	5
32.12	51
33.39	24
31.14	3
33.58	70
31.57	78
33.17	28
33.16	43
33.19	51
34.52	57
33.69	74
31.76	52
35.15	35
35.54	36
33.46	75
31.81	83
34.79	73
32.54	87
33.25	28
33.44	81
33.34	83
32.43	83
34.17	8
33.72	70
32.33	81
