sim	len_diff
33.34	60
34.21	91
33.13	42
32.47	116
35.07	42
31.98	108
33.05	57
33.39	53
35.07	46
33.39	47
32.59	99
34.84	58
31.19	22
31.34	60
33.23	52
34.11	58
33.69	117
31.88	49
33.4	103
34.36	35
34.76	35
33.29	33
33.33	34
32.78	57
35.73	59
32.6	52
34.1	33
31.78	107
32.41	55
34.35	49
32.26	49
34.7	21
32.41	54
31.71	55
31.89	89
34.06	47
33.97	73
31.98	90
34.85	28
34.56	32
33.3	40
34.55	36
34.5	53
34.47	27
33.3	38
32.5	7
31.84	40
34.77	77
31.13	101
35.36	34
31.46	41
31.39	46
31.22	60
33.96	57
35.08	45
31.29	48
31.75	47
30.89	59
34.17	35
36.14	41
34.59	44
33.34	40
31.35	49
36.36	59
31.75	47
33.58	119
32.83	57
33.48	52
34.15	52
33.42	86
33	32
33	32
34.17	106
33.34	99
32.83	117
32.2	41
33.68	20
33.51	37
31.71	54
32.86	32
32.77	102
33.25	102
31.35	31
32.8	90
34.73	45
31.57	49
33.04	43
34.4	41
34.92	13
32.26	55
34.75	44
33.08	122
35.67	27
32.91	68
33.22	66
32.62	100
32.13	41
32.34	98
34.88	42
34.91	13
31.21	105
34.52	19
31.61	46
32.87	60
33.74	51
33.04	49
34.79	55
35.54	39
33.9	55
32.82	47
31.9	122
34.18	27
36.39	13
32.9	18
32.3	37
33.46	42
42.37	14
34.08	31
32.21	101
32.48	51
33.17	49
33.4	116
33.04	121
34.75	49
34.33	88
33.58	71
34.92	47
34.08	50
32.32	61
35.04	49
32.57	46
33.43	46
33.86	22
31.99	59
32.29	3
33.01	60
32.95	92
32.43	60
33.98	94
35.05	41
33.12	46
33.91	75
32.48	110
30.34	54
34.8	113
32.19	20
32.69	57
34.01	92
34.3	44
33.7	47
33.1	51
31.72	53
35.57	110
32.26	22
35.47	36
32.94	51
33.39	46
30.96	54
32.85	54
34.52	44
34.26	18
35.06	40
31.82	12
31.59	61
34.13	37
31.78	78
31.47	25
34.04	44
33.89	5
32.16	98
31.83	82
38.73	16
30.99	67
31.26	25
33.89	28
33.57	62
30.36	54
32.4	83
32.4	61
31.03	117
31.34	67
32.24	60
32.98	104
32.8	122
33.47	27
33.02	98
31.05	59
36.21	50
31.84	52
31.8	52
34.28	59
31.5	117
34.47	23
32.28	61
30.46	58
30	61
35.17	49
34.69	49
33.39	59
31.6	53
31.56	57
31.12	57
41.54	8
34.67	72
34.89	48
34.89	49
31.82	116
33.19	39
31.56	59
35.77	30
35.56	39
33.85	52
35.24	51
33.13	36
33.03	120
33.21	34
32.98	94
34.52	37
31.46	52
33.19	61
34.1	38
34.12	25
34.3	58
31.43	56
30.4	58
32.82	48
33.65	55
33.52	41
30.25	60
32.71	49
31.23	57
31.33	60
32.41	46
34.26	56
31.99	56
33.04	55
33.94	50
31.05	58
31.31	59
32.26	56
32.85	58
32.86	60
32.13	60
32.39	48
33.43	35
33.43	35
33.24	52
32.04	61
33.33	60
32.2	52
35.02	51
31.84	94
33.66	46
33.16	114
33.39	36
32.36	51
32.81	54
32.36	51
32.74	35
34.1	38
33.5	56
32.46	54
34.72	43
32.16	59
33.02	56
35.07	58
33.87	86
31.71	54
32.47	113
32.23	45
33.34	122
34.12	42
32.63	34
40.79	15
32.44	118
33.22	86
32.02	113
34.56	87
34.49	58
33.25	51
30.85	22
35.08	57
34.69	50
33.07	32
33.82	73
31.83	99
32.9	56
32.99	43
32.83	45
33.15	25
35.27	58
33.79	54
30.68	109
32.25	102
34.96	46
32.78	67
34.27	52
31.29	56
36.18	42
33.12	27
31.1	55
33.56	50
32.98	97
34.78	55
34.71	44
33.07	52
32.06	21
31.82	5
33.48	45
33.25	54
33.56	70
35.18	33
33.51	38
32.63	59
35.17	42
31.63	43
36.04	17
33.01	56
33.59	59
34.39	4
36.7	58
35.81	52
32.96	38
33.18	47
31.2	108
35.83	43
34.35	4
30.64	42
34.66	39
36.11	33
32.83	39
32.92	109
32.73	56
33.83	52
34.74	49
30.95	43
30.3	32
32.15	34
36.52	39
34.65	17
36.4	24
35.08	40
34.43	54
33.26	60
33.46	35
33.53	41
32.86	42
36.97	18
32.23	68
32.38	76
31.19	8
31.09	42
31.51	53
35.23	32
32.43	93
32.8	70
31.24	26
34.24	71
33.02	57
34.07	87
33.97	46
32.37	43
33.87	54
32.92	23
34.11	22
34.92	4
31.64	3
32.41	18
35.71	20
34.17	33
33.62	93
32.2	50
32	85
34.01	34
35.33	59
31.41	44
34.55	42
32.53	90
32.8	37
32.78	47
34.62	26
32.85	34
33.06	48
32.08	14
33	40
33.16	63
32.9	44
32	34
48.7	10
36.36	43
33.51	46
34.33	30
39.97	55
40.56	21
33.89	61
39.28	34
41.06	5
36.36	57
34.8	5
36.94	37
33.73	98
39.57	36
35.29	44
35.18	49
35.15	36
35.41	39
31.63	6
34.95	40
33.54	96
30.81	24
32.6	88
33.88	27
33.61	76
33.81	56
34.22	80
31.6	32
31.41	1
32.38	54
33.93	48
33.35	88
32.38	54
32.4	94
32.45	34
32.68	98
31.58	96
30.76	14
33.66	38
37.52	6
34.56	30
36.2	32
34.45	26
31.57	53
37.52	39
33.39	3
33.62	90
32.89	54
33.3	87
34.53	41
33.69	90
33.05	32
37.34	8
33.99	53
33.34	46
31.58	46
35.31	32
38.56	43
41.27	15
37.08	2
31.16	25
33.31	38
30.22	24
33.72	52
32.3	76
32.42	14
31.13	24
34.62	28
31.83	54
33.36	90
34.34	38
34.41	88
32.98	41
32.65	38
34.39	41
32.51	53
34.01	52
34.9	36
34.19	30
32.89	1
35.1	76
33.92	90
33.53	48
34.6	70
32.2	47
33.65	87
32.34	21
32.28	58
31.49	53
31.77	48
34.84	37
34.65	43
32.52	41
34.78	12
33.07	41
33.3	40
33.69	38
33.78	38
34.02	11
32.95	39
35.77	30
31.76	73
34.87	40
35.41	43
35.34	47
31.3	20
32.84	36
35.36	43
33.14	82
32.62	43
33.26	55
31.77	40
34.1	75
32.54	49
32.72	30
34.64	37
32.34	37
34.32	22
32.58	29
33.65	60
33.18	95
33.39	37
32.3	50
31.4	41
32.81	39
33.68	37
33.08	52
31.84	94
30.26	51
34.9	44
31.71	30
33.89	82
33.14	11
32	24
32.55	50
31.33	21
31.75	50
33.32	97
32.51	39
32.74	67
30.87	28
31.98	48
32.23	95
30.57	98
32.02	21
33.22	79
34.22	51
34.01	31
32.94	85
33.26	43
34.75	59
35.45	52
35.6	33
36.48	41
36.27	33
33.96	45
34.08	34
33.29	61
34.13	45
35.31	75
33.12	53
34.92	50
32.94	40
34.5	90
34.47	44
33.85	79
32.91	35
32.54	96
32.39	27
34.09	23
35.15	36
34.4	27
33.44	47
35.74	30
33.09	53
35.87	33
35.12	49
35.14	51
36.22	19
33.58	20
33.71	12
33.91	47
34.34	52
36.07	23
35.71	48
32.43	50
31.47	27
31.74	40
34.92	62
33.76	25
32.56	49
33.44	27
32.14	33
35.18	48
31.9	48
33.7	52
37.12	40
34.12	40
34.12	32
33.7	90
33.61	69
34.52	31
34.43	46
34.21	44
35.66	47
32.16	14
33.31	49
35.04	24
33.3	44
31.24	18
36.97	49
32.9	90
34.1	50
34.84	32
32.41	44
33.03	52
33.42	27
35.6	25
35.47	48
36.83	23
33.31	31
32.36	49
33.95	68
34.26	5
33.64	44
34.53	27
33.76	33
32	51
32.02	62
31.57	28
32.09	53
32.3	48
31.54	36
35.42	37
30.4	33
33.37	76
33.23	77
34.58	63
32.16	85
34.3	33
32.66	25
34.15	87
31.6	48
35.91	54
35.21	37
33.78	46
35.81	12
32.91	98
33.54	95
35.73	56
34.07	38
31.86	44
34.92	51
32.83	52
35.82	23
36.54	45
34.09	81
37.4	32
36.37	24
31.63	45
33.74	56
33.5	52
35.64	34
34.2	31
37.1	36
32.98	88
32.63	44
35.03	19
32.1	54
36.59	17
33.49	63
34.12	47
34.81	35
35.08	52
33.47	25
31.96	75
33.28	50
36.08	37
31.57	37
32.86	81
35.39	5
32.84	80
32.9	88
35.62	3
32.95	27
34.75	46
33.22	88
30.27	4
34.6	67
32.19	48
33.28	48
32.91	53
33.01	94
37.28	33
34.77	54
32.61	24
31.95	42
35.35	63
35.76	23
33.54	60
31.8	87
35.74	22
32.42	24
37.36	51
34.35	64
35.08	37
30.13	5
34.71	61
34.86	34
33.38	42
36.99	44
32.25	35
33.57	69
34.47	30
33.66	6
33.82	94
33.82	31
34.39	85
34.74	35
35	45
36.21	41
33.94	49
32.21	40
32.68	24
32.91	79
32.84	14
33.39	36
33.11	44
33.46	70
30.31	28
32.24	36
31.81	22
31.66	25
31.87	70
30.71	19
31.27	16
32.84	62
34.18	53
32.3	45
30.51	15
32.39	52
31.34	28
33.52	83
32.67	27
36.56	54
33	56
30.21	25
30.92	4
32.91	38
32.66	39
31.4	44
31.54	54
33.34	33
32.9	45
32.74	13
39.16	10
33.46	60
33.38	76
33.87	51
32.58	48
34.96	1
32.21	32
34.64	47
30.73	14
31.17	43
32.25	82
31.63	12
33.58	25
31.56	43
32.59	20
34.24	56
49.28	5
32.17	57
33.82	46
34.62	93
32.89	18
33.08	78
31.89	84
33.87	23
30.63	42
35.16	10
34.89	29
33.78	45
31.85	49
34.67	64
33.16	45
31.97	1
35.24	23
33.96	98
33.61	39
36.08	26
33.43	59
33.76	69
35.22	86
32.66	45
33.41	52
34.08	16
32.45	47
32.09	47
33.1	52
30.52	10
33.45	20
32.12	59
33.85	43
33.1	48
33.19	37
34.69	42
31.68	5
31.82	54
34.13	33
35.04	35
32.66	35
32.21	54
34.2	43
33.92	52
33.15	98
34.15	37
34.5	42
36.02	53
34.75	97
33.77	46
36.36	6
35.57	46
31.39	44
35.9	45
34.8	95
34.59	47
35.9	40
31.88	14
35.47	23
34.79	30
36.54	41
33.15	95
32.61	40
34.3	18
32.83	89
32.35	82
32.86	82
31.37	22
31.16	38
32.22	95
33.95	53
33.43	49
38.84	5
32.08	6
32.3	23
32.51	5
31.05	52
34.58	25
31.99	42
35.46	53
32.49	16
34.04	43
32.66	55
34.39	29
33.18	95
32.56	46
31.82	43
33.65	61
33.22	51
33.34	53
34.51	87
34.15	38
33.28	29
34.32	59
34.28	19
34.22	44
32.65	47
33.55	45
34.21	41
33.98	95
34.18	41
33.24	12
45.52	15
34.15	37
33.23	44
32.65	43
35.52	45
31.77	52
35.93	23
34.77	38
35.24	62
35.97	60
35.16	32
32.89	92
34.05	51
32.91	39
35.26	4
32.9	86
33.06	7
31.25	81
32.99	98
31.35	4
33.23	28
36.02	56
32.33	51
34.33	94
33.03	86
36.94	23
33.04	47
32.13	64
34.88	37
33.79	80
33.14	38
33.63	38
34.66	77
32.55	43
34.21	32
33.05	29
34.8	31
36.42	69
35.06	41
34.81	46
35.98	42
33.79	52
35.76	79
34.51	55
31.21	44
31.19	33
34.32	39
34.05	46
33.5	96
34.08	32
32.71	0
34.68	35
31.89	28
32.1	37
32.17	21
31.86	49
34.33	74
34.3	73
34.25	62
33.77	25
33.76	56
33.28	90
33.92	93
33.3	67
33.1	69
32.03	60
34.67	48
35.32	43
33.88	54
33.75	49
33.63	29
36.71	40
31.95	98
32.77	46
31.08	22
32.67	83
31.89	30
33.43	51
31.65	2
33.14	54
33.95	34
31.47	49
34.17	22
30.51	17
36.03	55
35.82	38
36.04	37
34.92	11
33.51	49
32.79	13
32.69	33
35.66	27
39.96	7
33.13	54
35.73	46
33.54	34
33.46	71
32.65	37
32.72	42
32.91	48
34.52	53
32.26	36
32.86	25
35.05	14
34.85	39
33.08	43
32.04	2
33.3	55
31.91	94
32.58	43
34.08	49
31.99	48
33.5	47
33.85	30
32.65	79
34.24	70
30.57	52
31.43	47
33.21	47
30.79	54
34.04	44
34.69	27
34.97	39
31.16	25
32.08	44
35.9	37
32.4	34
32.01	34
33.25	72
33.27	14
32.89	48
33.75	85
33.34	25
34.89	23
33.4	93
31.11	51
33.52	19
31.73	62
30.16	5
32.76	10
33.32	31
32.44	23
32.66	8
30.16	5
31.74	43
32.03	6
32.63	41
32.82	21
32.73	53
33.95	29
30.89	90
31.98	37
32.27	81
34.15	42
33.3	52
35.44	51
31.73	70
35.47	45
31.81	49
33.68	60
33.8	69
30.5	53
32.86	23
36.35	38
31.69	84
31.81	32
34.74	35
33	35
34.71	80
31.96	64
31.17	49
33.08	44
34.42	35
31.98	53
31.42	34
31.52	91
34.1	76
33.38	47
31.34	45
32.7	2
31.12	16
32.45	56
34.08	41
32.15	89
32.11	25
31.8	9
32.51	38
33.93	35
30.69	3
36.37	55
35.83	40
32.91	37
33.35	79
32.79	51
35.66	34
35.37	94
31.66	35
31.78	97
31.89	54
32.31	25
34.47	51
32.94	93
35.35	48
33.78	22
31.4	72
32.02	52
33.11	43
32.97	59
33.81	59
32.62	24
35.46	25
33.29	47
32.18	85
31.34	37
32.26	49
33.15	15
34.97	57
32.94	48
34.65	51
34.64	58
34.9	17
32.63	41
36.21	51
33.46	46
34.3	70
34.13	31
34.05	21
34.33	90
31.39	46
32.9	10
32.64	70
33.44	60
33.69	6
32.05	79
33.47	48
33.5	79
33.74	22
33.86	45
32.52	76
33.2	64
34.81	54
32.68	7
34.06	66
31.42	35
32.36	50
32.15	24
32.56	37
34.64	54
34.31	31
33.28	54
32.68	26
33	94
32.04	37
35.62	9
34.6	65
38.44	6
33.98	74
40.05	3
32.46	52
38.89	6
32.77	82
33.12	65
33.38	26
34.64	48
32.5	52
33.96	33
32.29	85
33.53	49
33.66	49
33.03	43
30.95	34
32.33	34
33.23	87
31.86	92
31.73	68
33.61	90
31.56	37
32.24	31
30.86	32
31.65	37
33.91	21
36.55	6
33.5	51
32.6	98
32.43	5
33.77	39
32.87	24
53.29	1
56.37	2
34	54
33.63	26
53.33	2
34.3	82
34.62	53
37.97	19
34.13	87
33.66	51
35.02	15
34.07	91
35.21	40
34.17	52
33.07	39
34.7	38
31.93	40
31.86	40
34.17	49
33.24	51
32.11	65
34	57
32.72	47
34.76	76
33.24	17
39.73	6
35.11	14
36.43	18
35.63	48
34.86	35
33.38	91
32.86	68
33.82	80
34.94	49
35.33	7
33.92	49
33.49	47
33.07	81
33.47	35
30.47	48
32.86	81
34.03	46
34.44	5
32.8	11
33.7	33
32	43
32.62	47
34.2	40
33.1	96
33.34	76
32.84	35
33.71	43
32.1	85
32.51	31
34.3	33
33.35	22
32.17	11
35.33	43
33.72	22
31.16	19
33.31	27
32.26	89
33.14	90
34.33	75
33.26	50
35.54	48
34.22	28
33.46	27
30.95	52
33.07	15
35.23	95
33.43	20
35.72	46
33.95	56
32.04	2
33.49	44
33.97	42
35.1	35
36.8	49
34.33	44
34.47	15
34.74	95
33.27	52
33.78	15
32.57	80
32.37	47
33.76	32
33.08	52
33.62	44
30.54	27
34.01	66
34.79	51
31.73	11
32.13	28
34.04	36
33.62	73
32.43	47
32.47	43
32.96	48
32.59	22
33.7	30
32.15	21
30.26	16
31.88	51
32.05	25
33.92	61
33.69	54
32.98	61
34.49	68
33.33	72
34.09	44
34.11	36
35.62	27
38.07	5
33.69	13
33.92	47
35.46	52
42.45	1
33.09	71
34.37	38
32.96	38
33.64	47
35.06	39
31.3	42
33.2	55
35.06	55
34.21	37
33.56	41
35.62	36
33.04	22
32.32	49
31.35	18
30.97	77
37.12	25
33.47	50
33.11	49
33.99	91
33.04	96
32.42	44
33.63	50
33.47	34
33.27	84
35.85	44
32.3	50
32.45	18
32.91	48
31.83	54
33.61	48
34.33	17
35.88	4
37.51	3
33.17	58
31.5	47
33.84	18
32.58	29
33.9	29
33.21	34
34.11	57
32.84	53
34.54	37
32.1	46
33.76	4
34.59	46
34.13	64
32.67	5
31.68	45
31.97	70
32.46	56
31.82	20
35.63	68
31.64	34
34.17	34
32.05	37
33.54	88
32.79	35
31.65	43
35.3	35
31.84	9
33.17	54
32.44	75
31.45	50
31.57	69
33.03	81
31.73	88
35.78	33
33.49	57
33.57	29
32.96	39
34.32	59
32.54	25
33.21	23
34.06	79
33.75	82
34.11	35
33.84	84
31.09	91
33.24	53
32.51	49
32.7	52
34.86	25
34.88	91
35.71	31
36.26	31
32.96	74
33.56	48
34.67	49
33.21	9
33.37	95
33.79	44
32.91	89
30.13	31
35.17	59
32.45	50
33.32	56
34.56	18
33.84	79
36.25	4
34.32	82
32.91	10
33.3	98
33.08	27
36.19	45
32.66	24
32.95	41
34.7	61
34.22	33
31.95	95
33.67	58
34.04	81
33.97	41
31.87	43
31.46	25
32.43	41
33.34	79
33.27	22
32.48	44
31.22	38
32.14	53
33.3	42
32.18	53
33.64	52
31.86	48
32.79	94
31.76	43
32.79	22
31.7	19
33.02	86
35.54	37
34.47	42
34.26	76
34.71	35
32.67	53
35.25	27
30.54	78
33.42	61
35.13	59
33.86	28
33.06	56
35.28	46
32.46	40
31.49	79
31.9	81
33.72	48
31.4	47
31.95	50
33.48	90
31	95
32.63	84
33	54
32.9	54
30.85	34
33.09	37
31.16	98
32.57	94
32.84	67
32.74	25
31.05	32
33.41	67
32.07	17
31.88	18
35.23	47
31.63	48
32.72	56
32.8	81
31.4	33
32.58	57
34.06	32
32.87	46
36.57	3
32.72	87
32.96	24
32.49	76
34.47	46
32.26	53
32.41	30
35.39	56
33.09	86
34.46	15
33.2	26
31.08	43
33.65	40
33.2	87
33.27	98
34.79	59
35.17	79
32.9	18
33.68	38
31.82	9
35.52	46
33.45	50
31.69	6
32.47	18
35.34	83
33.63	28
30.83	42
31.41	37
33.57	37
34.59	27
33.38	46
30.77	13
31.74	79
31.99	18
33	50
32.59	51
35.87	41
32.31	44
32.17	28
32.27	12
33.91	46
35.59	52
31.61	92
31.83	26
31.95	54
34.26	57
33.23	91
34.47	79
33.03	44
31.7	51
35.18	40
32.13	30
34.2	36
32.65	95
33.2	73
32.75	94
34.21	85
34.83	68
32.16	19
36	0
35.41	23
35.07	60
33.51	52
32.26	50
34.5	47
34.56	59
34.08	3
33.77	44
32.17	44
33.75	37
31.47	87
31.37	7
35.34	44
32.06	28
32.52	38
34.54	19
33.27	38
33.59	7
32.14	44
34.42	35
34.13	54
35.38	92
33.83	90
35.25	53
34.85	46
35.01	47
33.24	9
31.73	8
31.47	50
34.96	73
34.13	32
32.6	42
33.22	42
32.76	76
34.13	46
33.43	79
33.57	36
33.84	39
34.07	50
33.76	80
34.86	40
33.26	50
33.17	39
34.04	52
33.15	54
31.17	47
33.33	82
33.5	31
32	86
33.99	29
37.47	6
34.9	83
32.8	32
35.34	47
36.57	46
32.81	92
32.92	50
32.03	3
31.84	67
31.52	46
32.77	76
30.44	84
32.81	2
33.43	44
33.81	58
31.37	92
33.75	58
33.25	65
31.47	40
32.48	54
33.56	49
32.08	47
32.69	48
33.03	47
32.52	37
33.86	55
33.64	30
31.24	78
33.62	70
35.35	49
33.96	83
33.34	51
33.38	47
34.87	18
32.86	61
31.02	15
34.15	36
34.12	89
35.87	52
35.87	53
35.16	81
34.59	82
33.98	58
34.8	24
32.86	23
35.28	28
33.78	47
35.3	91
33.79	44
36.17	0
33.05	95
32.94	85
36.28	34
34.43	40
33.13	93
32.91	52
35.04	2
33.51	41
34.1	27
34.59	83
33.13	66
33.16	17
33.88	62
33.92	93
35.21	93
35.29	28
33.33	73
34.91	36
40.76	7
34.97	51
33.17	54
36.5	3
35.37	31
31.38	27
32.89	50
36.15	42
34.13	85
37.75	21
39.41	26
32.92	24
34.86	38
34.21	48
34.22	48
35.13	29
33.7	16
32.36	18
33	24
35	17
36.12	29
32.53	51
34.09	52
33.13	94
37.04	23
34.69	62
33.16	88
34.37	61
35.68	30
34.2	54
32.19	75
33.67	51
34.7	50
35.13	40
32.35	49
35.73	20
31.96	44
32.81	49
31.64	45
35.54	30
33.8	93
33.73	52
34.3	57
33.94	34
34.34	80
33.08	38
35.15	7
34.56	25
33.6	38
33.45	13
33.65	48
34.75	29
35.41	47
34.5	51
33.86	53
33.61	48
33.9	53
34.7	51
32.07	36
32.75	31
32.26	33
33.21	54
32.82	30
33.84	59
34.21	51
36.3	59
33.52	84
33.65	46
33.24	32
34.06	42
33.9	96
33.83	83
34	46
32.69	95
30.02	10
34.08	63
31.61	34
34.77	37
32.11	45
35.68	40
32.71	83
32.67	37
31.14	79
33.06	86
34.08	44
32.4	63
33.71	70
33.76	36
31.72	48
32.98	86
33.6	23
37.7	8
33.24	47
33.74	9
33.76	50
33.63	84
33.39	20
37.6	10
33.79	49
33.24	94
31.92	23
35.4	49
32.69	40
34.32	70
32.35	35
34.75	47
35.45	36
34.84	15
32.51	29
33.26	89
33.78	50
34.63	67
33.67	91
32.41	37
33.78	49
31.52	50
34.57	39
34.48	74
32.26	48
44	12
33.38	44
35.77	24
32.14	54
34.1	86
34.79	96
36.19	17
39.62	4
33.94	88
34.59	70
33.57	79
33.04	51
32.86	95
32.99	29
31.63	30
31.12	83
31.08	24
32.58	37
31.86	29
35.18	10
33.22	88
34.16	83
35.43	46
33.97	47
35.75	20
35.75	20
32.13	15
34.78	23
32.78	45
32.79	33
35.19	31
32.38	60
33.66	79
32.69	45
33.57	73
33.18	37
33.6	50
33.76	21
34.2	45
32.73	45
33.04	20
31.76	39
33.59	93
33	47
32.57	75
35.66	66
32.81	92
34.85	83
35.46	31
32.31	29
34.3	52
35.02	50
32.1	24
34.24	28
33.34	39
32.27	51
33.69	50
34.3	43
33.27	83
34.06	37
34.11	28
33.45	47
34.77	84
35.26	33
33.49	90
37.12	38
36.47	44
34.09	62
32.8	39
35.08	64
36.79	48
35.11	76
32.87	45
36.37	26
33.81	29
35.78	49
34.54	12
33.21	29
34.31	40
36.24	35
33.61	27
36.05	22
32.91	46
35.72	46
32.23	10
34.54	90
33.68	54
34.86	57
34.43	38
33.91	0
34.72	45
34.86	50
36.56	49
35.55	45
35.26	40
34.38	89
32.91	33
35.05	61
33.75	80
33.49	15
32.72	39
32.09	17
33.01	1
31.56	98
36.38	40
34.41	63
34.52	33
32.93	80
31.91	82
33.81	30
36.43	46
33.95	81
30.97	15
33.12	30
32.95	43
34.19	38
32.95	51
34.68	44
32.47	53
33.38	92
31.56	95
34.61	48
33.83	47
34.47	82
34.6	47
31.85	45
34.41	31
35.57	71
33.38	86
33.83	89
33.95	19
32.52	91
33.15	45
34.04	38
32.71	34
33.27	75
31.12	98
32.44	69
33.66	85
34.94	28
37.61	30
36.42	39
33.91	36
34.49	46
32.79	27
33.3	78
34.22	87
33.13	54
33.95	84
34.61	21
34.78	23
35.95	24
33.53	72
33.45	30
35.76	50
34.49	94
34.85	52
34.16	73
32.89	90
33.41	70
33.12	69
32.76	42
33.02	73
35.62	33
34.91	50
34.3	51
32.86	33
32.49	31
33.09	56
30.8	19
34	53
35.56	30
33.34	36
34.4	7
33.73	66
32.34	84
33.83	95
34.96	46
36.97	71
33.24	15
33.35	97
35.02	94
39.81	7
33.66	60
34.86	39
35.47	48
34.43	48
32.89	98
36.07	46
33.86	47
36.18	46
33.62	98
30.96	51
33.07	56
33.92	72
32.31	29
31.55	44
33.88	32
32.17	87
34.68	37
32.25	39
32.64	14
34.86	46
32.43	19
32.78	29
34.04	76
31.78	35
34.92	60
36.61	23
32.45	43
32.47	36
32.62	89
35.39	50
30.56	50
35.34	26
32.88	95
32.32	29
35.97	5
33.69	29
31.06	46
32.34	46
34.15	49
32.19	71
32.97	28
32.99	81
31.73	88
33.92	36
34.71	90
32.81	98
33.85	85
33.76	47
32.85	14
37.89	27
33.34	84
34.36	90
33.41	96
36.93	37
30.74	20
31.61	90
34.42	54
32.37	9
33.12	48
34.19	40
32.71	34
34.41	84
37.46	37
30.89	47
32.57	97
32.84	43
32.83	27
30.93	94
34.31	38
34.34	85
30.33	82
33.62	44
30.31	31
31.43	50
35.98	48
32.15	26
35.17	4
33.38	77
32.52	87
34.68	24
33.24	33
32.6	26
32.52	11
33.89	33
33.95	26
31.49	48
38.38	20
31.59	86
33.34	36
32.62	49
30.13	52
34.17	76
31.84	50
30.56	51
35.8	34
32.43	18
32.81	37
35.09	72
32.07	43
34.46	50
32.8	48
31.94	42
33.47	22
33.13	44
32.96	87
35.56	39
34.12	45
45.53	12
39.22	8
36.96	29
40.95	47
33.41	24
35.73	21
34.69	95
34.67	42
32.26	33
31.43	28
34.49	54
32.73	47
30.31	35
34.71	9
31.96	56
30.04	13
32.41	41
32.52	45
32.05	46
34.74	21
31.5	54
32.03	35
46.02	11
32.41	46
35.14	26
33.51	31
33.09	48
32.79	20
31.37	48
31.82	41
33.24	77
33.33	87
34.11	49
30.88	37
32.86	56
30.99	54
35.17	40
34.07	67
35.47	35
35.13	49
33.98	47
38.31	19
33.06	14
33.94	35
35.76	32
36.22	34
33.1	14
32.26	37
32.94	48
34.2	53
30.34	51
34.91	39
32.06	54
32.88	3
33.24	37
32.74	37
34.24	84
35.39	66
33.25	40
32.39	54
34.43	78
34.96	53
33.79	82
34.04	45
34.08	84
32.64	66
32.13	22
31.82	49
32.53	92
30.46	37
30.61	18
34.13	90
31.9	96
32.77	52
30.63	48
33.03	32
32.24	57
33.22	41
32.84	22
31.91	54
34.82	53
30.21	8
33.15	47
33.33	58
36.26	21
31.82	45
35.01	54
31.69	40
33.92	61
36.89	34
33.73	17
34.9	67
33.51	67
35.69	82
34.93	57
33.44	66
34.95	95
31.78	92
34.25	38
32.3	77
34.64	25
33.28	97
34.35	55
31.41	79
34.64	56
34.63	31
34.98	30
33.42	73
32.39	47
32.25	25
32.17	6
31.86	51
33.67	93
32.21	35
32.99	27
34.17	85
31.39	23
32.43	59
34.16	17
33.63	83
33.65	88
34.19	47
32.63	54
31.48	26
33.57	20
33.65	90
34.26	54
34.26	98
31.32	18
33.8	90
35.11	98
33.77	50
31.75	52
34.58	44
33.06	86
32.43	92
32.81	38
32.92	2
33.66	49
32.74	42
33.78	41
37.24	7
33.93	47
33.13	60
34.13	7
32.46	26
33.18	91
31.11	49
33.44	33
31.56	84
33.13	57
34.43	31
32.28	34
32.76	45
33.31	86
34.07	56
32.42	67
32.69	89
33.24	19
32.52	24
32.49	8
34.61	27
32.65	10
34.1	88
32.52	40
32.89	56
33.15	41
33.77	47
32.75	79
32.95	42
36	45
35.14	18
34.38	27
34	54
32.85	94
34.5	60
35.57	77
33.13	47
35.25	16
34.34	31
33.15	89
33.93	90
34.35	54
33.26	15
32.93	55
34.73	37
33.23	49
33.13	17
33.42	18
32.17	12
34.41	53
32.86	41
35.74	2
33.39	13
32.53	43
34.99	44
31.18	25
35.86	32
32.41	3
30.92	4
33.12	44
35.04	57
34.03	84
33.41	22
33.17	61
34.21	46
40.24	17
32.58	51
31.72	37
32.08	42
33.67	65
34.94	44
32.56	15
33.55	88
33.47	45
33.28	21
33.13	88
34.61	95
31.35	19
35.53	51
34.51	42
33.28	38
34.17	44
31.34	42
32.69	47
32.13	18
33.24	85
33.65	58
31.91	52
31.8	32
32.47	48
32.66	15
34.18	68
31.51	46
34.69	44
37.9	6
34.27	35
34.43	52
33.83	68
34.43	47
33.94	34
33.16	27
33.96	54
31.65	8
32.54	41
31.56	53
32.3	35
32.22	88
31.41	89
31.66	33
37.14	22
31.78	52
32.7	55
33.42	90
33.66	91
34.58	88
35.52	39
32.63	71
33.68	93
32.3	54
33.39	79
32.04	16
33.4	46
31.81	28
33.41	31
33.94	53
34.48	56
33.11	43
35.79	3
33.73	49
35.34	59
34.52	49
33.82	92
34.56	54
33.06	54
34.42	32
33.95	69
36.25	14
34.26	27
33.93	53
33.85	73
34.78	23
34.47	43
35.43	37
34.39	66
33.68	54
32.91	79
32.66	79
32.61	37
35.39	28
34.26	46
31.31	54
33.45	50
32.64	53
33.59	54
33.21	31
33.93	66
32.26	94
33.36	42
33.08	33
30.69	44
32.21	23
35.08	45
33.4	68
33.82	34
33.5	51
32.67	54
33.71	54
32.27	35
32.06	45
31.12	55
35.13	12
33.06	43
30.99	8
30.04	54
33.87	51
32.69	90
31.42	19
30.94	19
32.49	11
34.47	7
32.74	80
32.05	17
34.84	54
35.36	95
34.57	38
32.52	38
32.83	54
32.58	50
31.77	48
32.37	57
32.69	4
32.28	34
34.63	39
34.22	80
34.04	69
31.76	62
32.07	95
32.64	98
32.99	93
33.52	27
34.01	59
32.87	31
30.29	13
31.17	39
32.12	24
31.24	65
31.87	44
35.19	45
33.97	24
33.1	66
31.93	83
33.19	54
34.14	52
35.15	41
31.5	19
33.6	77
32.9	39
32.16	81
31.09	48
33.88	43
31.41	80
31.08	42
33.36	81
32.85	25
37.29	1
32.59	69
32.13	44
35	53
31.02	17
35.46	35
34.54	58
37.29	1
34.48	16
34.03	15
31.59	33
32.3	74
30.85	57
32.73	13
31.55	48
34.56	44
36.1	59
32.79	44
33.89	52
32.68	39
33.59	37
32.82	52
32.58	5
32.6	17
33.26	35
34	30
32.26	53
35.45	72
33.87	32
33.62	72
33.6	53
32.95	75
31.25	52
33.9	95
34.33	57
32.16	92
32.48	46
31.45	65
55.87	26
69.05	6
36.11	28
100	0
31.89	45
53.44	2
33.58	39
37.09	48
34.74	44
36.44	32
33.04	75
32.82	52
33.8	48
33.42	65
35	52
32.91	64
33.31	73
37.57	19
34.39	22
34.01	39
33.99	93
34.6	53
33.45	45
33.78	53
34.33	38
33.3	45
32.63	54
36.82	48
33.54	49
32.69	54
31.89	40
33.88	53
35	10
32.56	39
33.74	32
32.52	46
34.84	54
32.08	84
34.65	48
32.43	54
32.9	31
31.82	56
30.69	49
32.15	40
34.13	42
32.95	73
32.59	52
32.91	51
33.27	49
35.01	80
32.42	50
32.75	26
33.08	23
32.48	86
31.88	98
31.83	20
36.18	34
32.56	71
34.2	84
33.4	57
31.34	35
32.42	28
32.71	29
33.13	36
32.07	59
33.27	53
36.05	43
30.85	45
32.29	20
33.87	30
30.42	11
33.19	37
34.38	45
32.82	43
32.61	96
33.51	46
30.7	24
33.42	86
32.46	93
32.39	48
30.95	32
31.95	41
32.19	33
32.92	47
34.05	42
32.24	47
33.25	85
34.3	39
31.82	35
30.86	6
31.99	16
32.79	94
33.52	37
31.38	26
34.48	50
32.03	54
34.32	64
32.86	12
34.53	48
34.8	86
34.18	28
32.6	34
31.98	93
31.88	94
33.82	39
33.6	39
33.5	95
33.76	79
34.75	86
35.3	91
34.8	60
32.62	26
33.41	62
32.11	46
33.51	62
33.73	75
33.61	85
32.62	25
31.97	87
35.79	39
32.75	25
34.03	6
33.15	46
35.26	57
33.07	48
32.63	2
33.59	78
33.14	51
32.5	78
33.74	37
33.31	70
34.45	92
33.27	26
33.47	40
31.07	17
32.52	45
32.49	98
40.05	10
34.16	51
32.47	47
35.07	46
35.92	33
34.52	31
33.18	46
33.12	40
34	27
33.45	47
33.82	45
34.83	76
32.83	21
32.86	50
35.06	28
33.24	75
34.61	29
33.45	47
31.98	53
33	52
38.9	21
35.59	43
36.22	46
35.51	49
32.78	23
33.04	35
30.16	7
32.94	39
33.03	53
33.3	29
32.46	28
31.02	35
34.19	74
34.78	37
33.91	69
32.1	42
32.93	38
33.27	66
34.52	34
31.78	11
32.83	45
32.64	91
33.04	28
32.6	33
32.72	13
33.77	53
34.71	95
31.67	96
35.87	40
31.8	27
33.22	47
32.08	23
31.02	35
33.44	48
36.22	46
32.78	23
33.03	53
33.35	29
32.12	49
30.82	34
36.65	43
32.46	28
32.39	59
34.77	71
34.93	79
31.39	40
31.79	11
36.38	42
33.63	19
36.15	21
34.14	78
34.65	35
32.01	28
32.94	98
34.35	32
32.94	74
32.24	35
35.5	68
33.1	91
34.17	17
34	40
32.82	42
34.19	28
35.29	47
33.03	18
34.11	30
35.21	52
34.14	36
32.88	98
32.73	5
37.69	1
37.05	3
33.88	53
34.38	82
33.71	87
35.07	11
35.79	87
32.66	95
32.95	41
35.56	35
35.57	46
32.11	49
31.7	57
32.49	90
33.73	23
31.99	34
33.05	81
34.3	30
34.18	31
32.9	31
32.93	24
32.04	83
33.66	45
34.99	36
33.77	24
33.44	64
32.52	87
32.78	37
31.39	40
31.43	50
32.11	52
34.27	64
32.91	9
34.2	53
33.23	58
33.34	32
37.6	5
34.06	31
33.84	19
33.06	29
32.1	54
36.44	44
35.04	29
35.14	33
35.28	73
34	85
32.67	88
34.16	92
33.55	36
32.76	50
32.08	33
34.82	19
32.37	13
32.19	79
33.12	17
32.76	53
33.17	18
31.69	42
32.55	67
32.97	91
31.91	45
32.94	37
30.22	13
32.76	98
32.58	38
32.73	27
33.39	77
34.92	70
32.63	37
32.6	93
32.25	53
33.49	37
33.61	93
33.32	27
34.42	33
35.69	33
34.8	17
31.68	29
33.63	44
34.25	37
34	59
33.94	58
32.21	22
34.93	52
32.47	47
32.68	4
33.4	42
32.85	32
34.03	39
34.66	30
35.53	26
33.3	49
35.27	28
32.09	27
34	53
32.33	37
34.21	14
33.73	28
33.47	85
37.25	62
36.83	26
34.19	60
33	37
37.47	30
36.38	47
36.89	45
33.12	71
37.02	47
36.25	29
37.53	56
31.7	13
35.34	37
33.03	93
32.23	45
35.03	56
34.25	52
34.05	97
35.26	35
32.28	36
32.79	83
32.26	36
34.56	47
34.14	48
34.47	49
34.52	46
32.96	47
34.57	36
34.37	48
34.32	43
34.86	54
34.5	45
32.47	61
34.21	32
35.62	20
32.44	70
35.73	29
34.56	35
32.61	89
31.48	53
32.33	93
32.6	35
35.62	54
36.58	34
34.47	96
35.09	51
33.97	40
33	98
32.7	94
32.84	47
32.9	81
32.95	91
33.1	71
33.18	26
32.64	71
33	39
36.52	34
34.17	47
33.62	93
33.02	37
31.28	25
34.56	52
34.3	29
34.74	22
35.35	50
33.06	91
35.11	77
34.81	41
33.07	42
34.17	44
33.43	51
34.75	37
34.25	67
32.36	32
32.28	53
35.48	36
33.51	89
33.37	77
32.39	48
31.49	24
33.3	44
33.84	68
33.29	31
34.46	59
31.95	54
33.13	51
34.95	29
35.07	35
33.95	21
36.29	34
40.58	3
33.12	49
31.39	43
32.89	59
37.42	15
34.19	63
34.49	38
35.55	46
33.75	6
33.13	27
32.51	78
32.78	28
34.17	51
32.96	25
34.89	44
33.1	54
33.56	43
33.23	54
35.54	15
33.33	50
33.08	23
33.97	63
33.95	81
32.96	72
33.05	93
31.68	74
30.89	14
32.7	41
34.24	68
33.45	8
32.63	25
30.31	81
31.7	38
33.57	38
33.06	89
30.11	11
34.35	73
34.25	47
32.19	53
33.24	87
30.67	22
32.86	42
30.08	7
33.06	69
34.26	54
30.08	7
34.16	70
30.08	7
30.08	7
34.85	30
33.95	50
32.38	67
32.38	66
33.49	12
31.37	46
32.67	23
32.39	43
35.26	19
34.52	13
33.72	23
35.05	23
34.7	35
32.69	61
32.84	34
32.91	78
33.16	31
33.08	36
34.51	88
34.13	69
32.45	71
32.78	74
34.51	9
31.42	49
35.57	42
32.47	39
32.98	53
36.04	55
31.11	97
31.76	47
34.69	98
32.33	4
36.53	34
40.39	13
36.72	5
41.2	1
33.88	91
34.33	89
36.67	33
38.28	12
34.06	25
34.09	50
34.31	30
32.44	52
34.4	71
33.11	50
33.04	40
33.56	56
32.2	88
34.86	41
32.18	11
34.76	46
31.98	45
33.33	47
30.19	24
33.1	75
32.85	53
32.85	49
32.36	62
32.7	51
34.59	45
33.84	33
33.39	47
30.75	50
32.52	45
31.07	24
35.07	45
31.72	90
33.01	54
32.71	64
34.05	45
30.82	30
32.7	49
32.95	52
33.51	48
32.73	44
33.45	54
32.73	48
31.82	49
33.62	91
34.98	40
34.38	33
38.66	40
33.88	47
33.06	40
34.39	52
32.35	65
31.47	48
32.86	84
34.98	80
32.42	54
33.48	76
34.81	73
33.22	48
33.38	65
33.38	69
33.52	45
34.03	6
32.82	64
33.83	10
32.65	58
31.13	10
34.41	31
32.18	23
32.08	32
32.77	38
33.17	44
33.51	77
32.65	28
33.63	69
32.47	7
30.51	32
39.09	36
32.66	10
34.21	40
33.51	66
35.78	33
32.15	48
31.82	9
34.95	93
33.71	29
34.15	49
34.95	42
32.59	36
33.09	91
34.04	73
32.35	86
33.29	18
31.69	75
32.54	38
35.59	3
33.81	54
31.86	53
35.25	29
32.82	46
31.71	94
34.72	27
30.87	62
32.34	36
30.86	67
31.22	36
33.34	40
32.53	59
34.57	60
32.45	50
32.49	92
31.34	16
32.87	33
32.32	69
34.52	21
38.81	12
33.2	37
32	50
34.6	28
34.61	18
34.76	52
30.43	37
33.6	53
32.56	32
33.6	36
33.88	93
33.65	24
36.14	44
33.7	88
35.44	77
34.46	88
36.48	46
32.81	98
33.49	38
33.48	31
31.6	11
32.33	16
33.84	75
33.66	44
30.07	8
33.97	26
32.35	50
33.37	47
31.98	47
33.62	46
36.06	48
33.02	46
34.25	41
36.18	42
32.9	19
34.75	34
32.77	25
33.82	91
34.29	51
34.59	2
33.95	77
33.44	89
33.12	95
32.65	35
34.93	36
32.11	19
32.93	20
31.17	35
34.92	15
32.29	20
30.94	45
31.4	26
33.66	98
31.5	14
31.74	24
33.3	36
32.42	28
32.91	46
33.43	54
31.27	31
32.38	43
33.35	54
34.58	32
34.21	41
32.31	40
32.59	45
31.51	44
34.78	50
33.21	23
33.14	41
34.17	48
34.43	49
35.04	51
33.19	50
31.47	15
35	32
33.69	63
33.98	77
31.78	51
32.3	25
33.17	50
32.26	47
33.7	50
31.46	54
34.41	37
33.02	89
32.26	38
33.17	52
35.17	25
35.28	12
34.91	44
34.32	88
32.4	80
38.45	23
31.91	50
33.86	32
35.32	73
30.6	9
34.89	36
33.92	42
33.42	31
32.38	70
33.34	58
32.71	62
34.27	35
32.81	56
33.9	29
34.19	52
37.64	42
30.64	53
34.15	81
31.17	54
33.85	67
33.43	30
32.92	48
31.84	21
32.91	41
35.52	63
34.58	60
36.22	77
35.84	38
33.27	50
33.18	54
34.4	87
35.02	45
31.97	4
33.26	51
33.71	89
45.28	3
34.56	35
34.97	35
33.41	76
32.2	41
31.69	13
31.76	15
33.89	48
32.59	91
33.11	53
35.17	40
33.86	43
31.87	61
34.1	74
32.7	53
32.96	53
34.5	68
31.62	27
34.45	7
33.38	49
34.26	96
38.92	32
32.3	38
34.38	68
33.89	58
34.02	90
34.21	20
34.92	84
33.39	84
34.93	36
31.83	47
33.21	40
31.25	53
31.21	54
31.78	36
32.96	53
39.05	23
32.04	50
33	77
32.32	5
33.57	57
33.93	10
33.85	77
34.3	32
33.98	46
32.82	50
31.83	96
30.36	31
33.73	21
32.43	92
32.63	35
30.52	51
31.53	26
33.96	90
33.51	62
32.89	36
32.71	15
33.14	56
34.12	57
33.73	80
34	89
34.82	36
33.08	35
33.13	77
31.7	9
32.39	61
34.18	35
33.12	1
34.4	53
33.45	54
33.14	79
32.98	54
33.97	10
33.98	46
32.62	74
35.54	14
34.26	65
31.51	89
32.97	88
33.32	69
31.69	31
34.3	49
34.56	35
32.95	60
36.34	3
32.7	45
32.91	36
33.35	47
32.6	29
32.47	40
31.56	13
34.13	58
33.11	87
36.56	36
33.07	96
35.87	19
32.55	91
33.52	68
35.5	17
34.85	89
34.52	36
33.34	62
33	54
35.53	49
34.28	97
33.51	76
34.56	29
33.61	50
33.73	8
35.69	35
34.54	77
33.34	28
33.16	2
34.3	76
34.16	56
33.62	64
31.96	71
31.34	52
34.61	90
33.23	88
30.01	1
31.12	52
33.82	83
33.06	54
32.37	37
33.87	41
33.84	42
36.31	26
34.72	49
33.13	33
34.71	94
33.13	30
33.1	34
34.22	23
33.34	81
34.68	85
33.4	94
32.82	54
33.23	48
35.22	38
36.43	32
33.37	57
35.4	87
35.4	87
33.97	48
34.11	53
31.83	29
32.41	47
30.26	52
32.42	47
32.98	84
32.87	41
30.9	51
34.08	22
33.01	36
34.94	68
33.93	54
32.63	48
33.94	45
34.91	68
35.49	32
35.7	78
34.97	31
33.98	39
33.8	40
35.34	19
35.24	58
33.79	71
32.14	70
32.7	24
33.47	36
33.99	61
33.41	98
33.61	46
30.54	50
32.34	47
32.2	28
34.1	63
33.45	54
33	88
32.47	13
34.27	87
34.37	59
32.91	14
32.93	54
35.05	83
34.35	47
33.77	26
34.94	46
34.13	44
32.94	63
32.87	54
34.44	94
34.38	35
34.28	53
31.93	46
32	27
31.78	26
33.05	96
32.48	54
33.87	32
32.84	77
32.05	94
33.61	78
34.26	84
33.54	50
32.49	11
33.49	43
36.98	5
34.22	66
33.48	44
33.3	33
34.89	56
34.43	72
35.43	17
34.01	78
33.54	9
33.78	38
34.2	10
33.39	20
33.21	40
35.14	19
32.5	98
34.51	54
34.86	49
33.13	54
32.26	50
34.29	31
33.55	56
34.54	64
35.39	37
33.71	83
32.77	32
33.19	33
34.93	82
32.86	38
30.78	53
34.68	97
33.91	31
32.78	53
33.3	80
31.94	26
34.53	32
33.73	71
35.17	71
31.49	42
33.81	41
36.08	47
33.31	84
32.25	52
36.28	2
35.28	14
34.58	25
32.95	8
35.59	26
34.66	43
33.28	95
31.99	43
33.69	66
35.08	38
32.18	80
33.01	37
31.72	54
33.9	88
36.54	26
33.76	39
34.69	35
32.28	96
33.39	12
32.05	12
32.76	41
35.26	38
33.78	68
34.72	93
30.56	44
31.53	32
30.47	54
33.53	70
39.02	15
32.96	38
32.8	97
32.53	54
31.88	53
33.63	98
33.74	89
32.34	42
32.53	74
34	26
33.4	47
31.15	24
34.08	59
31.77	98
32.51	18
34.69	38
34.64	51
33.41	48
32.47	30
33.45	54
32.42	32
34.36	17
32.9	68
34.33	35
32.78	48
32.56	32
31.97	45
33.85	76
33.13	43
36.06	63
36.42	43
33.3	44
32.82	52
31.93	35
34.56	90
36.61	17
33.19	58
33.47	50
33.49	50
35.69	68
32.2	51
33.83	49
31.91	49
34.71	62
32.53	42
35	34
32.11	61
33.64	98
34.35	82
33.3	39
38.52	43
32.49	33
34.93	22
32.88	39
33	40
33.28	51
39.33	6
34.67	35
34.14	38
34.86	47
32.45	37
34.48	58
32.9	98
38.58	8
32.86	49
34.7	73
32.73	53
33.37	19
35.23	38
34.17	35
40.37	6
34.32	49
34.85	41
32.91	42
33.39	24
34.46	71
33.1	96
35	32
33.98	62
32.86	48
32.65	39
34.37	33
31.88	48
34.19	71
33.28	36
33.42	56
35.5	35
31.98	43
32.18	22
34.96	82
33.94	34
33.57	91
31.91	71
34.9	48
33	91
32.68	33
35.59	63
35.39	29
32.55	23
34.27	84
34.95	25
34.64	37
32.85	78
32.08	31
34.89	24
34.74	45
31.48	52
31.8	53
33.16	3
32.85	77
32.43	30
32.81	94
33.53	5
33.06	89
35.66	23
33.61	35
33.6	51
32.69	86
37.3	0
33.75	67
35.66	36
32.03	50
36.87	22
34.03	89
33.87	89
34.5	40
32.57	45
33.83	68
33.48	48
31.48	31
34.15	57
31.83	51
34.19	82
35.15	4
32.81	47
32.43	38
32.94	33
33.83	46
31.44	98
33.32	52
32.39	52
33.65	34
36.71	13
34.97	29
33.71	7
34.16	52
32.64	54
34.42	71
34.68	26
33.44	26
32.73	31
33.56	39
32.62	35
30.9	42
33.16	83
31.74	70
31.71	23
34.15	49
32.66	54
33.45	47
33.05	34
32.1	18
35.64	74
34.24	46
31.67	85
30.89	44
34.46	69
32.29	51
32.87	86
33.86	47
32.29	27
33.14	73
34.14	36
33.05	98
33.82	49
34.76	20
36.35	20
36.35	20
31.69	53
33.11	26
32.04	40
32.67	54
33.02	23
32.89	94
33.19	49
35.76	23
34.88	47
33.68	63
36.88	19
31.2	50
33.63	46
31.4	53
35.23	42
34.26	26
33.82	83
32.67	25
33.43	49
34.71	54
31.69	46
32.69	37
32.51	47
34.65	33
35.56	26
33.67	23
34.4	52
34.39	33
33.15	58
34.43	41
35.16	23
33.47	55
32.67	88
32.29	33
32.7	52
32.16	46
31.73	61
34.92	48
33.39	54
34.91	50
31.62	8
35.92	26
33.91	40
34.71	33
34.39	43
34.9	54
35.4	36
32.26	45
32.55	54
32.15	44
31.93	19
31.28	80
31.66	54
33.3	74
32.13	22
32.23	22
30.91	27
32.5	37
36.52	20
36.57	20
32.71	53
32.26	40
33.45	53
33.93	88
32.31	85
32.34	52
32.71	39
33.42	67
32.91	51
32.83	32
32.81	46
32.73	39
30.68	4
33.08	72
32.26	71
32.54	95
31.17	13
31.7	25
34.81	49
31.63	24
33.8	42
32.43	97
32.79	46
34.04	21
32.61	55
33.22	47
32.88	39
33.3	34
33	50
33.86	53
35.12	26
33.34	37
32.29	37
30.44	13
32.32	79
34.06	58
32.24	19
33.88	26
32.18	86
33.36	19
33.85	80
33.8	82
31.67	26
32.65	49
31.56	26
32.71	51
31.4	52
30.48	15
34.28	65
33.51	65
37.9	14
35.07	96
32.74	74
36.09	29
33.76	51
31.78	19
35.5	32
33.24	14
34.35	55
34.4	41
34.2	51
33.23	45
32.3	54
32.03	77
32.49	53
31.91	36
31.95	48
32.59	37
32.89	44
32.49	43
34.61	42
34.8	38
32.59	83
38.14	5
32.29	44
34.04	69
38.18	15
32.73	45
32.75	35
33.12	23
32.84	9
33.87	34
34.86	46
33.4	31
36.75	37
33.05	41
36.36	40
32.06	36
33.01	44
32.9	38
33.65	53
31.99	33
31.89	87
33.69	34
32.84	47
32.38	11
32.33	48
31.66	51
35.14	68
35.25	65
32.43	45
31.65	51
31.68	31
34.62	63
34.6	44
32.68	15
33.95	43
33.19	44
35.34	37
32.41	35
31.62	31
31.69	45
33.47	42
32.36	58
33.93	39
33.4	19
33.36	45
34.09	32
33.37	83
31.71	87
33.85	20
33.71	50
33.56	31
35.25	28
34.7	44
33.77	50
33.71	50
31.58	52
33.82	32
34.52	51
31.74	44
32.22	46
35.28	91
33.99	55
31.49	97
32.19	54
33.19	37
32.3	28
33.06	28
31.68	33
33.34	0
32.26	12
31.81	85
32.75	43
30.81	54
35.11	67
34.04	44
33.39	31
34.82	38
35.63	24
35.57	38
33.73	30
37.06	26
32.26	49
35.33	92
37.47	36
36.56	54
35.42	37
38	25
34	93
34.91	46
38.11	28
33.11	90
33.25	40
35.17	33
34.82	57
33.52	49
33.95	49
33.21	83
32.08	50
32.78	86
30.96	2
32.54	87
35.17	43
33.46	48
36.21	6
32.86	35
34.37	90
32.77	37
33.55	88
30.42	19
33.14	18
31.16	63
33.41	16
32.38	58
33.23	63
34.27	84
32.54	89
34.63	31
33.74	28
34.47	30
34.68	74
34.77	94
38.41	21
34.19	87
40.67	0
35.02	54
33.45	57
32.14	54
34.3	24
35.1	6
34.16	35
35.32	17
33.04	64
33.36	35
31.77	40
31.92	22
34.22	79
33.12	86
34.88	35
33.82	18
33.83	19
32.23	58
34	32
30.87	46
32.96	89
30.86	41
33.31	62
32.78	86
32.3	22
33.49	53
33.82	43
31.08	27
34.68	66
36.49	5
32.96	46
34.13	41
32.86	49
32.69	47
34.07	27
31.62	93
31.88	32
36.52	41
33.45	67
32.9	31
32.79	54
34.58	69
32.39	40
31.75	56
33.71	27
33.98	50
33.26	49
32.04	51
30.39	11
35.93	27
33.47	42
32.73	50
45.32	2
32.6	31
35.61	50
34.86	50
34.24	27
34.68	42
33.03	74
32.43	61
32.72	40
31.28	71
33.04	36
33.08	36
30.93	80
33.18	45
33.52	23
31.01	36
32.32	74
32.42	42
33.05	25
33.05	25
34.3	65
33.56	54
32.17	79
33.81	42
32.78	24
34.06	64
32.14	21
32.62	42
30.92	59
31.73	78
33.39	88
37.84	22
32.36	33
33.42	51
30.85	9
31.24	13
32.04	13
33.52	68
32.85	47
33.7	35
33.74	87
33.33	58
32.09	58
37.3	27
32.03	75
31.89	58
32.37	123
32.86	79
33.28	1
36.26	52
32.26	45
35.99	56
34.74	48
32.45	51
30.49	60
31.34	11
32.91	49
34.5	52
30.49	60
30.88	54
35.87	38
35.55	43
31.01	61
32.97	61
30.52	60
34.14	54
34.21	54
32.21	35
34.12	50
33.51	76
33.69	41
31.47	25
33.92	57
33.79	50
33.23	60
35.21	33
31.42	119
33.81	32
32.52	44
32.02	42
33.36	93
33.77	45
33.65	32
32.2	78
33.11	103
31.08	50
30.52	60
33.24	59
36.36	34
33.39	59
35.5	36
32.72	54
32.41	61
30.58	58
32.18	57
32.17	44
33.57	38
33.2	101
31.6	61
35.45	27
31.92	52
32.57	52
33.77	59
30.59	50
32.18	51
31.65	56
33.76	51
33.26	95
32.6	44
34.18	61
32.23	3
35.87	69
33.61	49
36.6	27
31.28	57
31.49	52
37.11	60
34.4	57
32.79	78
33.23	115
32.43	46
32.97	50
31.91	59
34.05	63
34.05	63
32.05	114
33.28	47
35.3	37
33.82	54
34.82	53
34.24	35
31.85	13
35.1	56
31.76	20
33.39	60
34.81	41
34.85	41
35.71	44
34.41	57
32.83	25
34.89	72
32.87	62
37.26	55
32.97	23
31.36	50
30.88	47
33.6	118
35.01	57
33.44	121
33.82	50
31.93	112
31.68	45
33.58	32
30.89	53
30.47	60
31.17	49
34	16
36.49	48
33.39	53
30.51	0
32.69	15
32.84	12
34.21	31
31.51	9
40.57	16
31.14	69
31.22	60
32.17	111
32.52	45
36.55	19
37.3	22
33.22	58
33.7	79
32.24	122
32.76	37
32.86	4
32.41	115
33.03	4
32.35	17
31.95	22
32.16	61
34.63	13
31.91	51
33.14	67
33.14	4
32.69	49
33.91	60
30.31	56
31.75	108
35.73	17
33.27	57
34.97	59
33.38	37
31.88	27
31.26	52
32.52	46
33.22	57
34.2	41
32.96	103
34.32	110
32.87	17
33.64	15
35.22	57
33.9	69
32.46	83
31.99	105
32.47	52
32.57	38
33.68	24
33.87	121
31.67	104
32.15	56
35.82	36
33.82	50
35.29	35
34.35	39
32.33	31
38.4	39
33.55	49
33.45	57
33.22	48
33.44	49
31.38	60
33.36	53
32.67	35
31.55	12
34.26	56
32.7	47
32.36	101
33	79
33.11	17
32.32	3
33	100
32.69	103
35.29	58
33.5	57
33.62	105
33.78	85
33.19	93
33.87	92
33.22	28
33.2	82
31.45	66
35.41	31
30.89	50
34.4	52
34.85	80
31.94	48
33.78	119
32.7	123
35.34	41
32.22	105
32.78	108
31.7	101
33.1	106
33.2	87
32.33	57
31.85	59
31.39	90
32.28	29
32.28	29
33.87	34
32.05	79
32.86	33
32.14	59
31.87	117
31.14	60
33.13	48
32.58	39
33.86	87
33.16	57
33.59	66
34	58
32.27	111
33.92	61
31.62	93
32.86	101
31.57	25
31.7	6
37.43	21
32.96	120
33.53	85
33.35	99
31.36	86
33.19	64
33.88	94
34.41	55
32.47	30
32.28	102
33.65	57
36.08	24
31.4	120
32.7	57
34.21	80
34.1	31
32.5	39
33.09	83
31.19	123
35.25	43
32.21	55
33.26	54
33	45
32.82	54
31.52	43
32.56	36
33.13	49
33.18	38
