sim	len_diff
36.73	121
34.69	186
36.25	161
35.45	187
35.58	318
36.1	122
37.28	139
37.88	125
34.92	172
32.73	190
33.69	180
34.46	174
33.96	137
33.45	191
34.14	186
34.44	189
33.93	183
34.44	170
34.21	44
32.52	185
34	184
35.05	171
35.04	168
34.05	192
33.78	183
33.8	343
34.77	150
34.74	168
34	173
33.17	186
33.08	161
33.96	68
34.81	53
34.64	168
34.64	168
35.95	216
32.03	191
34.1	138
34.2	162
32.27	152
33.41	189
34.49	185
33.39	55
34.42	164
32.74	183
33.43	173
33.31	190
33.64	106
33.64	106
34.68	187
33.42	187
34.81	113
33.28	175
34.59	110
34.11	165
33.63	166
33.85	166
33.85	166
33.85	166
33.09	183
34.04	172
34.96	189
33.85	179
33.23	191
33.23	191
33.93	191
31.89	156
35.59	131
35.87	119
33.76	155
33.45	161
33.19	187
35	117
33.16	158
36.59	130
33.52	176
33.54	163
32.97	174
34.97	118
34.11	185
34.85	126
34.46	120
33.68	192
35.1	133
34.75	181
35.29	132
33.91	182
34.67	183
34.74	179
34.69	133
32.9	190
34.55	153
35.06	158
33.63	190
36.17	128
35.67	128
34.44	170
33.14	350
36.54	106
35.88	129
35.58	289
34.37	193
33.62	192
35.19	169
34.73	172
34.52	191
37.33	166
35.49	149
37.06	159
34.37	164
33.57	179
34.61	152
34.01	192
34.45	184
35.96	114
35.17	147
32.63	182
32.67	190
34.52	261
35.25	181
35.1	191
34.94	165
34.88	152
34.1	114
35.38	179
34.33	177
34.85	173
33.79	180
34.64	154
35.83	154
34.55	175
35.85	106
33.86	140
34.28	189
33.8	94
34.58	168
32.48	177
34.38	182
35.82	56
34.95	228
33.06	189
34.77	162
35.99	57
35.57	329
35.57	329
34.37	86
34.83	166
34.6	131
34.83	170
33.48	181
32.2	182
32.2	182
34.32	182
34.36	132
32.09	192
33.41	190
33.8	157
34.42	127
35.29	186
33.37	190
35.35	140
35.14	128
34.18	177
35.12	165
33.9	193
33.9	170
33.11	122
34.02	183
34.12	181
34.94	162
34.46	172
34.31	151
34.27	175
34.12	162
33.85	74
35.12	168
33.91	154
34.6	193
34.09	172
33.81	186
33.21	188
33.11	163
34.3	152
33.79	84
33.18	181
33.71	171
34.32	102
33.18	187
33.28	144
32.89	193
34.56	167
34.6	174
34.32	174
33.91	158
33.62	180
33.85	137
35.24	181
36.33	182
33.5	168
36.03	91
33.48	175
34.84	178
33.83	193
35.52	100
34.87	151
34.81	178
33.71	140
34.8	363
33.06	190
33.7	185
34.94	79
34.4	173
34.35	90
33.88	186
34.09	186
34.64	153
33.58	191
33.58	130
33.63	90
33.42	174
35.42	118
31.06	3
34.65	170
36.19	135
33.27	172
32.15	193
33.82	150
32.63	177
33.17	182
33.45	370
32.85	186
33.23	161
33.97	164
36.37	139
32.35	126
32.05	174
32.27	178
31.99	188
32.71	173
33.78	298
32.29	163
32.89	174
34.12	178
36.18	155
33.64	175
34.34	185
35.36	122
32.33	181
32.98	175
34.59	368
32.6	188
33.1	178
33.43	180
32.49	172
32.68	191
33.85	174
32.79	186
33.75	189
34.65	193
34.86	144
36.44	161
34.02	175
33.75	189
33.63	224
34.05	178
34.06	63
33.18	62
33.35	62
35.9	58
34.02	315
35.88	121
35.49	180
35.29	167
33.55	181
35.22	191
33.54	176
34.37	116
32.86	185
34.3	319
34.89	130
33.16	186
33.63	188
33.52	179
36.21	140
35.13	90
34.97	184
34.35	186
34.28	328
34.02	183
34.26	182
36.02	54
34.18	42
33.78	157
37.11	91
33.31	51
34.17	145
33.59	187
33.98	190
34.69	136
33.01	189
36.02	131
35.51	168
33.6	175
34.8	185
36.89	89
35.84	118
34.33	163
33.43	161
34.59	154
37.35	149
35.39	190
35.02	189
32.75	187
35.38	147
35.37	183
33.83	179
34.18	168
34.03	167
34.52	188
35.47	171
34.59	48
35.63	107
35.81	151
32.79	167
35.68	63
36.44	120
34.7	174
36.1	136
34.12	177
34.18	127
36.78	80
36.62	185
33.62	188
33.59	191
34.27	165
35.32	178
35.3	188
33.91	165
35.84	118
33.05	191
36.82	162
34.03	189
35.74	122
35.48	148
34.95	173
35.38	179
34.59	187
35.31	144
35.36	188
35.39	185
32.86	163
32.77	53
33.4	126
33.72	103
33.96	171
33.28	79
33.33	116
32.72	60
34.14	260
34.77	60
35.39	142
36.13	89
37.49	150
37.16	147
37.52	49
36.75	164
36.69	122
35.7	170
36.71	156
41.06	11
35.67	96
34	134
33.98	150
34.14	297
32.51	2
34.92	148
35.05	152
33.47	243
33.65	66
33.37	167
33.45	77
34.62	236
34.07	90
35.23	107
32.51	162
33.3	169
34.86	163
34.12	60
33.66	129
33.89	161
53.87	9
36.79	133
35.39	149
37.71	91
34.83	97
36.77	166
38.04	136
36.88	150
36.03	161
38	95
37.5	26
35.56	172
37.09	134
37.36	149
37.08	125
36.64	168
36.66	128
35.78	168
35.58	167
37.71	159
32.78	297
32.72	130
34.11	141
34.95	62
34.42	134
35.33	138
33.44	166
34.7	166
32.46	23
34.05	121
34.66	64
33.69	106
34.74	137
31.98	41
32.12	169
33.22	164
33.17	151
34.83	59
32.99	55
34.03	168
36.98	121
36.21	139
36.58	168
37.93	183
35.35	152
35.46	155
38.72	87
35.38	109
36.95	155
37.13	73
36.01	165
37.64	122
36.14	161
36.39	303
37.24	115
36.94	145
36.77	156
37.68	128
37.42	111
35.89	54
31.81	169
35.64	90
35.12	153
35.48	141
34.35	169
36.27	140
35.09	46
33.13	170
34.35	135
36.17	122
37.27	107
35.67	296
36.35	132
36.57	161
37.22	91
37.71	86
37.04	59
36.54	161
37.43	131
37.57	166
35.45	108
34.24	288
33.51	164
32.77	160
35.71	156
34.31	149
34.33	172
32.77	31
34.34	78
33.32	8
33.64	157
33.05	147
34.14	161
34.99	91
34.03	126
33.57	164
33.85	103
34.59	139
33.31	165
34.17	160
36.49	155
34.77	162
36.46	150
37.53	148
35	154
34.92	156
36.04	166
34.85	97
33.38	28
36.77	123
34.29	158
33.8	159
34.85	147
33.69	45
33.47	101
33.6	172
33.14	122
33.44	169
33.6	62
31.16	171
39.48	100
36.32	106
36.16	155
43.8	4
34.91	157
37.69	142
38.05	105
36.87	169
35.94	171
37.15	292
33.49	165
34.18	99
33.67	167
35.05	93
35.26	161
34.02	117
34.88	162
35.99	123
34.47	153
36.54	135
33.45	149
32.7	164
32.87	167
34.84	82
34.31	153
33.67	170
34.42	161
31.96	171
34.2	137
33.02	131
37.84	169
36.04	172
37.27	163
37.48	63
37.43	73
38.79	105
36.26	47
37.15	34
37.36	129
36.05	70
36.52	58
36.15	83
36.02	74
37.23	131
33.63	15
34.51	165
35.56	143
37.86	111
35.87	141
36.59	127
34.35	138
35.22	166
33.97	44
34.34	170
35.14	78
33.85	88
34.7	158
34.91	151
34.66	96
34.92	164
37.79	142
36.75	135
37.65	163
35.85	166
36.15	139
36.25	145
38.09	152
36.78	135
38.16	132
35.39	154
34.29	149
33.51	52
32.45	170
32.89	167
34.57	170
34.45	169
32.65	167
34.14	134
33.96	157
34.46	126
37.58	154
36.58	65
38.79	124
36.51	136
37.24	143
36.85	118
34.62	170
37.38	148
36.52	163
36.46	160
34.4	171
36.84	163
36.01	115
34.98	172
34.57	161
34.56	172
34.51	154
35.8	160
35.88	117
35.77	155
36.52	152
37.46	108
35.77	161
35.88	128
36.73	126
36.37	162
34.98	139
40.19	0
35.86	155
35.81	153
34.62	194
35.03	93
33.56	165
33.92	157
32	19
35.12	152
34.12	157
35.47	144
34.96	168
34.44	169
36.14	138
34.72	168
35.35	152
33.62	167
35.72	111
34.96	164
34.39	144
33.93	165
35.01	134
35.23	137
34.91	165
36.43	169
36.49	164
35.17	172
43.46	8
36.06	160
37.17	137
36.08	154
36.52	127
36.51	167
37.34	127
35.86	172
36.94	92
35.16	171
36.65	140
38.31	172
35.41	155
38.09	109
37.48	161
37.13	205
35.53	165
36.63	167
36.78	163
38.18	80
36.82	138
36.84	65
35.34	40
35.58	157
38.16	120
37.77	66
33.28	166
35.52	68
33.97	51
33.3	159
32.43	303
32.56	167
34.33	165
35.09	133
35.42	98
33.69	44
36.68	138
33.32	159
34.64	90
33.77	132
35.08	216
33.64	162
34.16	166
35.68	135
34.63	170
34.33	171
33.61	163
32.29	251
30.8	98
33.22	60
32.75	309
32.65	163
33.91	92
32.28	149
33.63	133
32.68	161
36.16	145
37.33	44
35.56	124
35.84	170
36.54	154
36.98	166
36.02	159
35.78	138
36.3	154
32.67	5
36.33	162
36.5	266
37.25	161
38.54	132
36.17	166
37.77	132
36.35	136
42.59	13
37.49	135
36.21	155
33.02	37
33.63	84
34.73	258
35.62	137
31.08	30
35.18	95
33	139
34.05	277
33.5	161
32.84	180
34.79	209
34.75	196
33.56	129
32.82	146
32.18	169
33.19	134
33.85	39
33.76	164
33.51	142
46.45	27
35.57	168
34.47	83
33.69	76
33.86	140
33.42	136
34.62	126
39.64	22
33.61	166
33.25	158
34.15	151
36.84	170
36.86	137
35.71	158
37.08	163
38.07	154
35.66	92
38.3	68
37.26	166
37.04	166
37.34	133
33.79	131
34	205
35.29	220
35.16	124
34.28	167
33.68	165
35.27	119
34.62	78
33.35	139
34.62	150
34.97	134
53.59	11
35.97	150
34.77	135
36.5	166
33.88	138
34.22	80
30.34	6
35.06	82
34.52	61
37.4	164
35.01	116
35.6	156
34.25	31
34.92	158
36.77	163
42.29	29
35.32	143
36.63	78
34.37	167
36.86	109
35.59	126
33.83	170
36.18	137
34.18	163
34.86	172
36.21	169
36.18	135
35.86	160
37.04	142
33.12	93
34.35	57
33.06	136
33.75	127
33.22	134
34	169
34	139
33.62	75
32.14	56
35.12	252
36.09	70
34.79	109
35.39	124
35.58	160
34.05	109
35.54	152
34.49	163
37.08	150
35.78	125
34.61	162
37.03	161
37.68	146
35.89	168
46.51	15
37.37	110
37.43	145
37.55	144
37.11	159
37.81	167
37.35	136
36.65	128
35.95	166
35.68	161
35.91	72
37.98	160
36.55	100
34.95	161
35.5	171
37.52	138
34.99	168
35.52	147
34.82	140
34.54	120
33.84	104
34.02	165
33.89	142
33.04	49
33.93	85
33.73	168
33.24	144
36.09	157
35.98	166
35.12	143
36.54	160
37.19	139
37.02	140
35.08	169
37.17	129
36.44	167
35.46	171
37.35	169
35.55	167
37.18	112
35.18	107
36.03	165
36.58	65
36.29	115
35.95	169
37.08	124
36.46	152
35.06	123
36.06	103
34.17	171
35.81	130
39.24	83
36.06	131
54.69	12
35.02	167
34.8	172
35.22	158
36.33	146
37.03	145
38.67	91
37.54	153
36.18	162
37.26	157
35.55	158
37.63	109
37.79	147
36.56	166
36.85	145
35.02	26
35.17	150
35.46	159
35.06	154
32.79	169
33.24	171
35.54	97
36.39	145
33.71	53
35.57	128
36.02	221
37.39	117
35.29	160
36.56	115
35.63	151
36.01	91
34.67	157
35.64	163
36.74	104
39.01	117
37.62	209
37.39	128
35.39	170
37.74	90
35.43	109
35.98	159
35.4	134
36.44	160
38.58	141
37.43	140
35.45	139
36.6	90
35.04	168
33.92	150
36.25	146
34.48	148
34.55	160
36.02	126
35.03	138
33.39	163
35.76	158
35.1	132
35.38	90
36.58	153
33.46	167
34.16	299
34.74	119
35.19	135
34.09	165
34.11	148
35.3	135
33.57	149
36.13	129
35.22	102
35.45	126
41.06	25
35.66	163
35.64	121
35.31	140
33.33	111
34.43	150
34.11	139
32.96	164
34.86	276
34.39	80
33.9	157
35.61	135
34.64	112
34.72	106
35.7	160
36.94	166
36.77	146
36.28	152
35.37	169
36.76	165
38.24	126
36.24	163
37.19	140
37.12	133
34.91	149
37	93
36.27	43
33.18	45
35.43	124
34.25	161
34.02	45
35.45	131
35.73	96
36.13	138
33.73	104
34.61	164
34.51	163
35.45	146
32.39	156
35.26	172
34.73	105
33.95	165
32.56	171
33.65	129
34.24	154
36.8	125
35.44	168
34.93	163
34.04	145
34.77	158
37.03	92
33.11	162
34.74	86
35.47	141
32.87	22
36.03	160
34.94	169
35.86	83
37.44	110
36.61	158
35.3	149
33.78	172
37.03	91
35.65	83
33.48	155
33.66	126
32.85	51
36.67	96
35.48	157
35.19	164
34.21	160
34.39	143
34.85	63
33.16	171
35.17	140
35.57	152
36.18	116
35.17	140
36.12	147
37.22	141
35.4	153
35.32	136
36.08	93
35.29	183
43.16	15
36.86	122
36.28	165
36.85	115
34.89	167
35.13	145
35.19	143
32.73	156
35.51	155
35.24	40
35.43	154
34.43	158
34.41	144
34.68	292
34.13	98
33.7	164
39.56	12
34.69	167
35.05	157
36.37	144
34.91	165
32.95	166
32.49	159
34.97	122
33.54	163
33.42	150
33.57	72
32.65	162
33.61	59
34.65	91
33.53	171
33.43	154
32.68	138
35.77	87
35.93	87
34.21	152
33.47	150
34.09	75
33.48	153
34.28	152
35.89	66
37.09	94
35.68	124
36.28	148
36.28	158
34.91	160
35.32	138
34.76	69
34.86	76
36.94	145
34.17	144
34.58	153
35.02	142
36.16	106
38.32	39
34.52	125
33.09	49
33.2	151
35.63	129
33.67	149
36.37	91
42.37	12
34.81	72
36.72	150
35.73	154
35.83	110
36.96	61
35.74	150
35.11	120
35.48	150
36.93	147
36.71	161
34.64	170
35.85	134
36.35	298
34.76	169
35.86	145
40.71	38
36.04	119
34.85	151
33.99	61
33.57	157
33.7	73
33.85	91
34.49	152
34.86	164
31.89	161
31.7	170
33.43	139
32.82	41
35.55	155
35.14	203
35.23	139
35.14	150
36.08	113
35.58	130
36.61	140
33.56	14
35	153
36.43	159
37.71	120
35.12	164
36.29	74
35.65	155
35.69	153
36.2	172
37.02	129
34.7	170
37.26	160
36.25	109
32.9	154
34.35	128
33.56	140
35.5	95
35.12	125
35.57	136
34.69	136
35.44	81
33.08	172
33.78	154
35.16	94
34.83	134
32.95	160
33.45	161
34.62	94
34.13	165
34.32	115
34.34	160
36.7	134
33.4	148
35.91	119
34.64	141
35.9	67
32.48	171
36.91	70
38.17	150
37.37	265
36.32	159
39.36	207
60.66	17
37.05	142
35.29	137
35.52	144
35.15	167
34.75	172
36.52	155
36.68	111
36.88	151
42.19	2
36.56	122
35.53	143
36.41	119
35.41	87
34.43	93
35.72	115
34.82	164
36.78	140
36.24	147
36.42	179
36.43	164
35.9	141
36.31	160
34.67	152
34.08	138
36.27	111
34.73	172
34.71	172
34.88	154
36.67	126
34.45	158
34.95	138
39.14	31
35.04	298
35.33	86
34.26	153
34.17	138
34.54	170
33.56	107
36.08	164
36.4	114
35.73	134
36.28	137
34.18	148
33.12	167
33.98	161
34.4	190
34.63	52
35.24	138
35.04	137
35.04	134
37.05	138
34.91	147
37.3	96
34.14	168
36.84	105
42.33	16
34.9	165
36.6	165
35.18	132
37.18	137
35.94	132
36.1	115
37.49	260
34.64	144
35.8	142
35.17	66
36.2	133
36.73	161
37.25	122
36.44	52
35.25	167
34.36	172
35.19	157
38.69	199
37.48	141
36.47	68
36.94	157
34.86	171
36.28	166
36.06	62
34.45	63
33.11	172
36.01	121
34.4	152
35.58	104
34.83	164
34.64	100
34.87	158
34.42	265
35.96	65
33.47	117
34.97	75
34.38	164
34.2	153
34.75	192
33.59	163
36.23	156
34.83	142
35.54	126
33.68	169
34.74	160
35.33	131
34.7	154
35.8	166
34.13	59
36.06	101
33.44	164
54.05	5
34.98	101
35.9	83
37.01	144
39.2	128
36.85	133
37.35	181
35.93	136
35.88	51
36.64	140
42.5	10
34.97	172
35.07	159
35.7	150
34.35	134
32.11	163
34.28	64
34.09	128
34.03	144
34.42	163
33.93	165
34.63	212
34.52	169
34.7	159
33.74	171
33	121
34.57	148
33.75	172
33.91	153
34.64	82
33.3	156
34.38	88
32.92	172
34.29	166
34.92	170
36.29	151
35.42	132
34.99	160
35.69	159
36.34	163
34.35	167
36.13	165
35.55	154
34.16	167
34.5	97
36.37	84
34.66	73
37.28	100
35.17	165
33	167
35.97	163
36.53	139
35.56	128
34.84	135
34.98	276
34.16	148
32.6	17
34.8	125
33.16	164
32.22	172
34.91	83
33.14	139
33.88	136
33.44	151
34.27	157
35.33	79
34.47	151
33.08	166
32.63	42
35.11	103
34.31	224
33.24	80
32.82	136
35.54	290
36.13	127
37.04	90
35.44	161
36.67	149
34.63	158
37.62	149
35.37	158
35.99	117
37.06	152
34.77	105
35	158
36.42	83
36.59	168
35.56	163
34.96	153
37.19	158
37.11	147
36.03	77
34.74	170
34.34	152
34.38	169
36.06	144
35.54	233
36.88	144
36.91	152
35.93	55
36.38	232
36.92	165
36.72	170
38.31	108
38.07	108
36.8	125
34.8	123
36.66	166
36.32	172
35.94	57
35.47	96
36.33	169
36.65	126
32.56	136
34.5	144
34.49	165
35.36	111
34.37	135
35.05	159
34.71	162
35.37	93
35.9	117
33.57	103
34.94	115
33.11	135
35.19	92
33.66	171
34.69	95
35.03	230
33.98	173
33.88	154
33.47	71
33.73	166
36.57	152
35.17	54
34.75	155
35.29	66
35.01	149
34.65	66
35.96	132
36.6	129
35.19	107
36.94	71
34	68
35.33	113
35.87	173
35.13	141
35.95	147
34.64	154
33.65	156
34.28	114
34.26	128
34.89	198
33.78	156
34.84	128
35.51	154
33.5	154
33.64	157
34.12	146
34.68	109
34.9	69
34.65	120
34.89	136
33.4	143
32.7	157
32.71	134
31.63	149
32.71	134
32.71	134
32.71	134
32.71	134
33.53	116
33.75	84
35.04	159
34.39	163
36.68	108
36.21	124
35.78	144
36.24	141
42.03	23
35.27	100
34.59	167
34.89	172
36.62	154
37.46	102
37.04	27
35.64	162
37.61	167
36.67	47
36.38	163
36.73	128
37.33	286
38.96	129
36.4	139
35.88	92
37.14	157
37.14	121
36.07	145
37.09	125
35.98	100
35.71	160
36.53	303
35.12	157
37.03	141
36.29	133
35	120
35.02	160
33.37	167
33.88	170
35.21	77
34.18	167
36.63	142
34.88	148
36.11	109
34.46	95
34.52	60
34.75	101
35.25	160
33.44	147
35.1	162
33.45	154
33.3	161
34.38	301
34.21	165
35.11	154
33.77	163
34.68	165
33.28	172
36.29	136
34.28	93
34.82	172
34.97	51
34.1	163
35.29	105
36.51	150
37.03	106
37.93	124
36.71	101
36.66	166
36.58	161
35.5	52
36.02	157
38.53	147
33.73	42
31.46	26
34.81	164
33.99	148
34.26	113
33.87	120
34.11	130
34.25	244
32.8	165
33.73	133
36.06	146
35.77	170
37.51	150
34.36	162
37.57	121
36.31	164
34.41	169
36.66	136
37.01	127
36.76	141
34.82	152
34.65	81
33.72	141
33.72	141
36.49	154
33.49	183
36.15	157
33.44	150
33.53	128
33.59	155
35.33	110
35.23	88
37.27	126
35.41	172
37.78	119
35.63	134
36.74	102
35.84	134
35.95	163
36.07	172
37.1	101
35.38	157
36.87	115
36.64	121
34.69	53
37.28	89
37.07	139
41.4	22
36.3	163
35.4	131
34.29	133
33.72	152
33.7	165
32.6	163
35.03	132
33.92	62
32.7	151
33.17	172
32.76	159
37.56	23
34.13	150
33.72	166
35.16	93
35.62	163
33.37	160
34.64	171
34.19	163
33.71	140
34.18	147
34.35	166
33.88	157
33.46	75
32.99	162
32.62	166
34.66	135
34.42	172
35.68	166
34.08	114
34.48	76
33.95	55
36.29	153
37.37	159
37.25	120
35.96	130
37.27	131
36	159
36.27	156
37.41	164
35.77	66
37.28	80
39.06	117
35.11	38
37.54	143
37.4	152
36.07	171
34.1	164
37.33	169
36.72	139
37.28	59
36.98	147
36.62	170
36.77	162
35.87	132
37.48	151
35.77	160
37.63	86
37.29	162
36.86	148
36.1	164
37.21	142
37.29	149
36.28	169
36.32	148
37.98	167
36.02	126
35.67	307
36.99	139
36.62	171
34.9	149
35.49	294
37.3	134
36.32	140
37.4	125
37.28	138
35.84	166
37.66	155
38.09	139
35.47	150
35.4	162
36.42	234
37.48	235
36.98	38
36.22	152
38.56	101
35.51	145
36.17	205
37.7	122
37.77	125
37.07	158
36.34	109
37.86	109
35.95	141
38.1	159
36.81	106
36.22	166
37.57	158
35.9	224
35.65	137
36.33	110
36.86	55
36.2	163
36.62	137
35.94	118
36.33	135
35.73	158
43.08	21
36.26	162
36.75	121
35.45	168
37.55	52
34.29	158
36.02	130
36.23	161
36.11	170
35.69	128
36.26	116
36.37	155
37.09	120
36.74	119
36.24	166
34.8	164
35.97	146
35.78	64
36.43	165
35.39	153
35.44	129
35.28	71
33.53	48
34.82	161
36.73	119
34.38	42
35.56	144
34.36	111
34.3	116
35.08	101
33.08	161
35.15	73
33.75	148
35.74	83
33.65	172
34.25	170
35.28	84
35.27	172
34.28	134
34	170
35.38	142
33.97	119
35.07	121
35.37	93
34.28	140
35.16	35
35.39	126
34.97	90
36.25	167
35.22	145
34.05	152
36.9	113
35.93	85
35.04	115
34.27	156
36.21	170
36.68	165
38	193
36.65	163
36.25	172
36.61	139
41.37	17
37.22	53
35.91	81
36.34	157
36.2	171
36.55	165
36.06	170
34.91	98
37.61	88
38.25	170
36.49	159
42.05	14
35.67	169
38.83	140
37.35	163
38.09	132
36.41	168
37.19	161
36.33	160
35.54	157
36.1	164
36.4	156
37.91	124
36.17	165
34.9	133
33.93	145
35.61	128
34.28	165
36.59	165
35.21	124
34.16	161
33.81	155
35.31	134
34.07	164
36.27	166
36.92	147
35.2	142
38.56	141
36.89	148
37	155
37.5	155
36.26	169
37.03	137
36.75	81
37.61	130
35.33	146
36.53	158
35.93	88
36.39	134
35.21	116
35.96	169
35.57	158
32.98	167
36.12	191
36.59	166
37.09	143
36.52	154
37.63	74
37.1	137
37.12	160
35.95	162
36.26	156
35.91	171
37.31	146
35.24	162
35.03	168
35.11	150
36.03	170
33.71	112
32.96	156
36.2	139
35.33	134
34.96	60
34.95	163
37.37	119
36.25	64
36.33	149
36.34	144
37.38	114
36.11	152
36.63	126
35.41	155
37.04	113
35.13	125
38.29	145
35.61	146
36.23	153
36.72	146
37.31	156
38.24	134
37.09	157
37.65	73
36.94	134
37.05	126
35.97	163
38.37	141
36.72	165
37.07	97
35.35	57
37.14	124
37.32	77
37.76	243
36.74	152
35.64	152
37.66	106
35.87	143
36.68	78
37.05	89
42.93	8
36.9	163
37.2	166
38.7	115
34.86	123
35.66	170
34.07	114
34.42	92
33.33	170
33.69	158
34.58	130
33.87	95
33.51	72
36.1	72
35.11	103
35.52	134
36.05	29
35.67	94
36.66	55
34.93	172
36.37	154
36.08	164
34.18	9
37.04	127
37.57	124
36.4	160
33.03	120
34.48	140
33.71	172
35.36	156
34.66	111
33.43	165
34.7	113
33.8	100
35.39	134
34.98	292
33.6	65
33.89	169
33.58	148
34.09	127
34.6	168
35.46	162
34.53	133
33.59	145
34.54	158
33.26	155
36.57	165
36.48	133
35.23	118
36.31	113
36.55	135
36.26	104
37.01	134
43.05	28
34.54	172
35.34	171
37.42	159
35.86	156
36.6	131
42.65	2
35.55	154
36.72	169
35.19	172
35.26	154
35.83	137
36.73	167
35.66	148
34.52	138
34.57	156
35.06	148
34.87	145
34.93	80
34.41	291
33.46	162
35.05	233
36.31	160
34.75	147
34.73	111
34.72	118
33.24	160
34.11	169
35.81	143
35.2	160
34.54	172
35.18	220
34.7	150
34.44	169
36.11	172
35.08	149
35.49	170
36.6	145
37.09	165
36.66	163
36.73	159
36.54	171
37.84	132
34.66	91
34.81	100
33.77	60
34.12	127
33.69	139
33.8	197
34.88	156
33.89	73
34.02	119
35.58	257
34.09	168
33.74	167
33.98	171
33.72	169
34.2	121
40.89	34
35.54	158
36.25	130
34.46	134
36.22	112
32.4	300
37.37	205
36.54	137
35.49	139
41.98	5
35.19	166
36.21	140
35.64	68
34.88	146
36.74	144
34.93	161
34.24	154
34.75	92
34.85	120
35.4	161
33.47	143
35.2	134
34.17	117
33.14	81
35.26	136
34.81	100
36.59	149
37.58	135
35.58	133
37.22	142
37.44	103
35.62	297
37.23	133
35.22	120
36.62	156
36.22	102
33.75	138
35.96	117
34.77	163
35.78	138
34.89	128
36.17	122
33.93	131
35.62	95
34.6	138
33.89	132
33.81	157
33.7	161
34.19	296
32.25	21
33.43	159
33.83	142
34.26	170
34.11	154
34.43	108
34.92	157
36.13	142
36.97	158
34.61	159
35.16	37
34	148
35.27	159
36.21	239
34.54	134
36.21	125
34.73	158
34.42	167
35.14	194
35.64	141
34.36	120
35.07	145
36.04	134
34.81	134
39.64	11
35.42	162
36.22	159
36.83	120
35.91	163
35.71	162
37.88	151
37.38	99
35.87	143
35.6	121
36.04	169
36.61	151
39.18	129
36.88	162
37.5	153
37.34	83
36.62	105
37.19	122
37.32	153
36.4	73
37.87	30
36.45	169
35.77	93
34.52	98
33.43	169
33.92	254
34.17	158
34.52	98
31.55	17
34.01	137
34.52	98
33.24	45
36.89	120
36.33	147
37.03	137
35.63	140
37.42	124
36.91	94
35.33	165
36.06	134
35.18	161
36.06	136
33.44	102
34.59	152
35.01	133
32.72	165
33.68	158
34.94	158
35.11	130
34.12	160
34.25	130
32.95	172
37.14	161
38.37	121
42.87	5
35.37	137
37.76	161
36.93	138
36.92	121
36.26	170
35.49	166
35.27	145
34.54	93
34.57	147
33.73	154
34.54	96
35.98	114
33.94	171
34.27	160
34.78	134
34.15	138
33.86	162
36.12	131
35.7	167
34.44	49
34.69	70
36.27	168
36.83	218
36.29	136
36.13	122
35.14	165
35.93	165
34.07	162
33.78	155
34.54	65
35.24	150
34.03	153
34.01	149
33.93	142
34.5	118
32.72	136
33.11	142
33.31	168
34.67	134
33.98	171
34.14	116
35.67	133
33.88	60
34.18	91
34.72	170
34.16	49
35.18	154
35.52	159
35.94	160
35.36	126
34.88	106
37.77	79
36.37	170
36.44	25
36.75	74
36.45	90
36.55	120
35.52	150
36.19	166
37.45	108
35.7	157
36.9	95
36.06	133
36.12	106
34.83	165
36.53	68
35.14	167
33.83	168
36.59	136
35.98	139
33.49	168
34.63	120
34.27	161
36.01	109
34.55	256
34.14	134
39.96	19
37.03	125
36.88	151
37.19	110
36.7	249
35.44	77
37.76	149
36.33	281
36.73	154
36.12	129
37.52	94
36.27	127
36.48	95
38.65	101
36.3	150
38.32	144
36.41	60
35.38	153
36.06	86
37.08	96
42.17	14
35.31	144
35.9	134
36.74	158
35.56	104
36.34	162
34.67	156
33.76	51
35.04	250
34.2	165
35.2	76
34.88	157
34.74	98
36.17	87
34.93	168
33.81	40
33.74	166
32.88	157
34.09	158
34.18	156
35.17	236
33.13	153
35.56	79
36.11	146
35.4	143
34.35	149
36.24	132
34.53	134
35.52	143
34.79	59
34.52	141
34.37	123
34.33	137
34.69	140
34.74	154
35.57	102
34.22	146
34.72	121
35.28	123
34.86	171
34.96	149
36.01	101
36.29	145
35.82	158
36.17	120
36.57	172
36.83	162
37.27	74
35.68	157
35.72	162
37.6	109
35.06	129
34.7	170
35.54	141
36.15	87
35.77	129
36.49	130
36.93	133
36.11	213
33.92	163
34.13	141
36.12	165
36.89	68
37.03	52
35.14	171
36.11	80
37.5	139
37.22	80
35.28	156
37.45	118
37.01	164
37.51	85
33.96	170
35.01	166
35.09	172
36.29	162
36.13	153
36.34	227
36.7	109
34.91	159
36.37	109
36.24	281
35.71	130
36.27	103
35.46	142
36.32	148
35.89	210
36.13	127
36.34	170
40.54	33
33.75	166
34.27	108
32.75	25
33.63	107
33.96	123
34.15	54
33.82	75
34.1	158
33.25	166
35.72	154
33.2	171
37.1	68
36.45	167
37.22	160
36.5	149
38.06	96
38.58	97
36.98	132
37.53	164
35.96	149
37.83	133
33.63	124
33.93	131
34.26	172
34.32	156
35.03	151
33.49	116
34.04	153
33.45	62
33.71	147
33.81	122
33.36	77
33.36	65
35.05	140
33.08	163
34.65	129
32.84	170
31.68	41
31.97	149
34.52	140
35.66	236
37.35	172
37.65	127
36.85	239
36.72	297
36.31	168
36.81	156
38.81	128
37.19	92
38.27	123
37.12	172
37.14	167
35.84	117
35.41	171
43.95	10
36.65	157
35.71	160
36.12	163
36.67	92
34.83	154
36.8	145
35.2	160
36.98	118
35.45	159
36.06	154
35.6	168
36.8	125
35.81	137
37.69	121
35.51	121
37.36	177
34.28	103
35.34	152
33.72	149
33.25	170
47.85	12
34.16	133
34.28	93
34.66	160
34.44	151
34.62	151
33.45	96
33.28	118
33.56	80
33.92	286
33.63	156
33.45	63
32.71	66
33.96	72
43.94	28
32.83	156
34.25	166
33.42	166
33.28	165
32.99	154
34	83
33.58	144
32.34	66
34.53	86
33.77	100
34.65	129
35.32	165
35.08	157
38.06	161
37.07	148
35.15	166
35.91	75
35.1	160
37.47	123
33.98	23
36.38	72
34.07	124
34.43	136
34.91	134
34.88	85
33.93	86
32.97	166
33.73	161
34.96	168
34.43	119
35.9	142
35.37	147
36.46	158
35.17	92
34.47	163
33.69	61
33.75	111
34.65	102
33.9	168
34.18	59
32.15	9
33.99	308
33.68	121
35.16	152
33.33	71
33.33	71
32.12	133
34.04	296
33.78	163
34.96	150
35.4	134
35.69	156
33.37	167
34.57	137
35.22	92
36.86	127
41.49	28
35.37	159
34.73	155
36.31	154
35.39	150
35.77	93
37.42	137
36.33	60
34.67	170
35.06	133
35.54	143
36.39	133
35.6	90
35.37	145
34.67	83
37.92	125
35.57	154
34.3	155
36.18	178
34.91	170
34.96	118
34.87	168
36.16	77
35.45	133
35.98	161
32.73	135
34.92	167
34.88	143
35.77	131
33.19	170
32.58	15
34.24	167
34.22	84
33.6	276
33.24	169
35.75	90
37.13	165
35.3	163
100	0
35.59	14
36.18	126
39.37	92
36.31	91
37.63	127
37	211
34.49	61
34.67	143
33.69	58
34.79	140
34.6	238
38.46	5
34.88	290
34.65	171
35.75	99
37.27	92
36.48	156
35.48	169
35.37	162
36.16	294
35.4	93
36.11	77
36.32	218
37.63	46
36.14	60
34.82	171
35.98	171
36.19	133
35.98	147
36.99	72
35.76	169
35.34	150
36.94	148
36.75	261
35.25	153
36.93	168
34.26	100
32.09	27
33.62	145
32.45	112
33.98	230
34.07	84
33.72	147
35.2	110
34.8	80
33.01	85
34.67	94
33.31	136
33.95	150
34.87	188
33.39	150
33.56	172
36.08	154
34.17	105
30.35	3
34.52	73
34.83	58
33.59	100
34.29	59
34.45	141
33.61	119
34.84	157
32.77	63
33.38	30
36.38	134
35.19	162
34.76	152
32.79	155
35.51	151
35.85	140
35.21	125
33.33	162
34.16	36
34.79	168
34.85	117
35.12	89
34.13	156
33.04	160
34.79	246
34.69	198
35.67	127
35.14	148
34.79	134
33.77	61
40.2	13
34.39	172
34.44	128
34.83	160
33.85	99
32.99	170
33.34	288
35.3	153
35.9	127
36.22	113
34.66	199
33.37	309
35.11	96
34.93	110
33.54	171
33.67	166
34.59	115
35.62	134
34.73	157
40.77	29
36.16	123
35.66	139
35.05	94
36.63	94
35.54	92
36.46	71
34.86	161
32.74	36
34.93	104
33.75	171
35.59	60
35.14	150
34.21	157
36.19	121
37.2	124
34.68	125
36.43	148
36.64	279
35.8	152
36.49	147
35.03	171
37.26	112
35.03	148
35.38	176
34.86	167
35.62	154
37.28	114
34.41	163
34.47	120
34.95	143
35.25	126
34	142
35.82	116
34.48	124
36.17	232
35.64	100
35.92	160
35.66	169
34.26	154
34.32	148
34.86	118
35.81	163
35.91	172
33.48	137
37.63	90
36.87	145
34.18	150
35.16	148
36.21	166
36.84	210
34.84	118
35.34	144
35.13	98
34.16	100
34.05	59
33.42	30
33.05	66
34.51	157
34.98	162
36.52	103
32.45	136
33.88	161
34.86	120
35.36	150
35.33	95
35.74	236
36.4	91
33.42	156
39.92	34
35.47	101
34.61	166
34.52	84
34.52	131
33.83	140
35.15	155
33.49	171
35.11	154
35.23	157
33.57	172
33.51	158
34.38	101
35.15	95
34.99	98
34.16	100
34.07	59
33.44	30
33.05	66
34.02	140
34.1	152
32.56	136
33.88	161
34.74	162
36.57	146
35.74	150
34.28	82
35.53	149
36.51	137
35.1	61
36.26	140
35.69	164
36.74	156
36.77	162
33.86	172
34.58	169
35.15	109
35.99	147
34.8	37
34.35	127
35.42	85
34.22	81
40.59	9
34.11	119
35.45	150
35.63	163
35.76	156
38.45	67
35.95	118
38	83
37.22	129
37.89	156
35.9	163
37.77	107
37.94	87
37.5	102
38.33	168
37.07	274
35.79	35
37.12	168
35.51	166
36.66	155
36.2	110
38.35	137
35.47	133
34.51	189
33.69	66
39.51	20
34.84	141
33.84	83
34.37	171
35.5	53
33.97	122
32.57	48
33.63	159
35.51	159
35.12	144
34.33	164
33.81	123
33.58	172
34.74	132
34.48	171
37.81	71
34	147
37.32	150
35.55	69
35.49	305
35.87	215
36.09	124
35.01	168
36.36	120
33.52	16
36.25	197
34.5	104
35.68	60
36.87	103
35.97	97
35.26	133
36.06	166
36.92	96
37.85	124
37.33	103
35.24	136
36.8	65
34.57	146
35.42	166
34.03	161
35.21	134
33.4	162
34.52	66
35.16	121
33.32	53
34.24	165
35.26	150
37.27	116
34.42	97
34.79	160
36.1	139
35.8	112
35.44	166
35.83	163
35.35	134
36.01	157
35.05	167
33.88	164
35.64	168
35.13	41
38.49	102
36.32	157
36.48	103
35.44	167
37.43	109
35.58	168
34.39	167
36.83	150
34.97	154
35.76	91
35.16	170
35.76	153
35.06	158
36.41	170
35.03	164
34.97	154
35.88	160
34.9	159
35.29	163
37.79	177
53.42	14
36.73	112
35.72	45
38.1	92
35.35	154
38.18	144
36.89	169
37.42	161
36.16	155
36.86	121
36.86	129
37.88	134
36.32	58
37.88	145
38.4	125
36.8	141
38.74	148
35.01	158
35.07	167
36.17	120
34.48	139
33.93	111
37.24	48
36.01	167
36.04	147
35.68	153
36	139
35	166
37.28	117
36.9	154
38.68	155
37.6	139
36.13	152
35.77	165
36.7	77
38.11	122
38.33	131
35.03	135
34.12	125
34.51	127
32.06	3
34.31	171
34.29	140
34.26	160
34.24	171
34.37	119
35.71	95
37.15	117
35.03	169
34.81	171
37.88	137
35.08	166
37.08	69
37.35	150
35.93	165
36.2	36
33.96	31
35.65	223
36.41	233
34.63	134
34.77	146
33.49	52
35.16	169
34.8	67
35.17	125
35.47	153
35.17	132
36.76	157
37.23	119
33.78	0
36.97	156
37.79	160
36.37	168
37.84	151
36.09	166
36.32	254
35.97	108
33.48	61
33.84	164
33.73	166
32.9	160
34.39	135
33.74	106
33.79	163
34.19	103
34.26	134
35.09	184
36.44	152
38	130
37.03	160
35.9	167
36.44	152
37.36	135
35.14	148
36.33	145
37.47	97
36.27	171
35.64	155
36.33	125
35.16	138
34.42	144
36.66	131
35.88	124
34.77	94
34.91	151
36.37	139
36.7	94
35.93	145
36.95	144
36.38	111
37.5	122
36.35	147
37.34	148
37.71	94
37.91	89
37.02	127
34.93	141
35.16	280
34.88	160
35.15	128
35.82	118
37.27	70
35.64	138
35.3	134
37.53	96
34.11	170
35.73	123
33.87	138
33.13	289
33.69	112
34.46	109
32.56	171
35.14	233
33.46	129
34.04	139
33.63	171
34.54	151
34.93	157
35.33	120
36.67	166
36.24	150
34.91	169
36.21	136
36.75	147
35.24	126
35.43	166
35.14	172
33.83	167
33.74	160
34.96	126
35.53	64
34.41	162
38.15	133
34.86	158
35.04	103
36.09	135
36.84	243
34.81	266
35.46	97
33.78	37
32.81	42
35.05	129
32.4	161
35.04	141
34.1	72
34.31	172
34.17	163
34.11	171
35	147
33.65	172
35.22	146
35.17	171
36.18	69
35.39	166
34.27	87
35.48	132
35.25	187
37.87	152
37.65	131
36.83	115
34.85	147
35.28	275
36.09	91
35.38	133
36.26	166
38.24	165
36.69	66
35.29	290
36.01	171
36.72	128
37.49	123
35.79	122
36.07	79
34.18	84
36.37	96
35.78	79
32.53	12
34.06	131
34.3	155
33.79	162
33.66	155
34.88	86
34.94	122
34.27	137
33.68	131
34.86	104
33.44	165
33.88	162
33.54	165
34.03	102
31.88	171
33.31	131
35.37	264
33.7	166
34.79	122
35	86
32.68	147
35.02	167
34.39	86
35.26	158
35.12	163
36.03	149
34.22	172
34.58	158
36.13	138
34.82	189
35.57	166
31.97	168
35.06	161
36.39	182
34.96	69
35.86	171
35.09	172
34.18	156
34.41	145
34.42	154
33.69	170
35.65	116
34.57	161
34.85	137
33.55	130
35.53	97
33.95	158
35	184
34.2	121
34.81	170
33.5	139
34.65	138
35.45	158
35.07	96
34.85	260
34.53	165
35.59	84
32.79	152
35.71	95
33.31	154
34.12	171
33.98	147
31.9	9
33.2	163
33.32	124
34.19	270
34.36	138
32.75	169
33.4	102
35.17	164
34.77	168
33.39	123
34.35	130
34.47	151
32.77	126
35.03	77
34.57	130
34.2	154
33.64	137
33.27	165
34.84	129
33.85	149
34.41	117
33.67	77
34.71	170
34.99	91
35.32	131
33.78	195
33.6	146
33.41	164
35.21	201
34.12	137
34.41	152
33.54	104
33.97	98
33.22	165
33.99	156
35.59	153
33.52	168
32.34	46
32.72	297
34.95	172
35.56	143
36.77	120
36.33	147
37.02	151
34.69	169
34.13	169
32.15	10
33.87	147
32.07	8
37.36	130
38.61	138
35.99	161
35.11	148
36.76	158
37.27	256
35.42	162
36.98	161
37.93	128
35.18	144
35.45	116
35.05	156
35.14	166
34.9	135
34.67	144
33.98	37
35.07	296
34.53	151
33.74	47
33.36	120
32.87	165
34.68	166
37.01	154
35.15	142
34.03	48
33.54	68
35.4	149
33	170
34.46	153
33.34	169
33.18	158
33.43	172
34.02	142
32.92	158
34.23	161
35.93	131
33.77	160
33.74	162
34.41	138
36.72	97
32.48	168
34.45	141
33.38	30
33.03	63
34.81	157
33.5	156
35.71	156
34.14	119
36.19	134
34.5	66
35.21	218
33.57	145
34.08	159
34.35	158
34.2	135
34.54	150
35.43	141
34	101
33.83	155
35.97	115
34.66	166
37.52	151
37.9	138
36.7	131
37.47	168
35.45	171
37.52	122
37.99	137
38.13	127
37.44	127
33.18	206
35.53	153
34.6	168
35.45	125
36.59	5
35.11	193
34.75	97
34.27	82
35.11	152
36.08	114
36.59	116
36.79	140
36.01	172
36.58	147
36.11	163
36.06	121
35.78	157
36.06	161
36.76	140
36.68	151
32.79	158
34.21	164
34.41	106
33.65	126
34.15	166
34.56	117
33.9	161
35.71	151
34.75	196
33.86	161
34.67	170
35.66	74
35.63	159
32.58	114
35.1	126
34.71	273
33.05	52
35.78	133
33.89	164
34.28	146
34.6	147
36.12	149
36.03	42
36.46	287
37.22	146
34.87	167
35.87	117
36.7	143
36.46	165
36.24	100
31.52	4
33.45	63
33.31	137
33.47	146
32.28	48
33.56	123
34.75	227
32.99	165
34.54	166
34.71	154
34.42	154
34.09	168
33.62	156
32.98	153
33.04	153
33.95	106
34.06	257
33.39	58
35.19	142
34.05	172
35.74	171
34.73	169
35.72	159
37.25	170
36.77	82
35.81	161
35.76	46
38.91	150
38.76	126
35.57	171
35.32	142
34.2	165
35.17	149
35.12	165
35.55	213
35.77	161
35.12	140
32.72	150
34.79	120
35.8	143
34.48	111
36.5	122
35.29	57
35.86	155
36.04	141
34.88	154
35.08	165
33	157
34.16	162
35.02	223
33.09	165
34.93	52
35.51	137
34.88	277
34.97	151
33.59	163
33.76	172
35.08	97
36.46	99
34.75	155
34.68	167
35.39	138
35.17	168
41.06	28
35.34	135
35.53	158
37.02	177
35.91	165
34.94	172
34.25	106
36.06	153
33.6	43
33.6	43
35	128
34.5	141
34.27	82
35.45	162
35.6	128
34.31	148
33.83	137
33.9	151
35.16	141
33.89	244
34.48	116
35.91	108
34.14	159
33.62	148
33.05	172
34.94	159
32.68	93
34.33	143
33.33	147
33.21	156
32.07	23
34.13	130
33.44	65
33.87	134
33.66	298
32.68	31
33.95	170
37.34	139
36.01	65
36.68	128
37.16	167
38.33	156
36.77	148
36.71	142
36.73	168
35.88	63
36.81	150
33.68	141
34.5	160
34.91	137
33.9	164
39.26	27
34.86	145
33.94	162
33.31	165
34.4	152
33.67	111
37.15	164
37.65	197
37.89	144
35.76	95
36.82	107
42.23	4
34.11	168
36.66	154
37.24	129
34.96	293
35.54	163
36.82	212
33.97	168
35.94	148
35.44	158
35.56	166
37.63	146
37.03	126
36.59	166
35.55	161
33.4	43
35	212
35.03	165
34.4	120
33.83	166
34.44	128
33.86	72
33.2	76
34.6	73
34.06	200
34.02	170
35.47	94
35.05	151
34.93	80
38	127
34	144
34.06	169
34.13	95
34.27	44
35.58	158
37.05	157
34.94	133
37.58	86
38.32	156
34.93	167
36.87	156
36.12	169
37.6	149
36.23	164
37.01	69
34.28	303
35.49	279
35.44	123
34.64	143
34.27	99
36.37	291
34.03	153
35.24	163
35.21	78
35.28	91
34.2	117
33.82	118
34.75	153
33.53	150
34.86	133
36.6	141
34.97	159
34.54	122
40.76	15
35.16	96
36.25	261
36.16	165
36.15	124
34.78	129
36.15	137
37.49	170
36.27	145
40.71	18
35.39	132
34.66	280
34.81	139
34.25	163
35.16	184
33.31	169
34.22	136
33.77	170
33.97	163
33.5	74
34.31	68
33.58	152
35.81	168
36.77	170
34.88	172
37.9	58
36.41	165
36.49	66
37.02	135
36.61	129
43.02	1
36.58	150
35.13	165
37.17	142
34.67	169
35.04	306
37.38	154
35.48	144
35.48	140
36.96	142
34	129
36.01	133
36.5	140
35.41	143
36.16	102
35.96	146
36.85	156
36.75	120
36.51	142
36.77	138
36.43	140
35.83	168
32.65	169
35.37	146
34.79	75
34.85	147
34.33	153
36.53	129
34.77	159
35.06	140
35.51	154
40.81	16
34.88	168
34.93	35
36.34	105
37.7	226
36.88	137
35.2	288
35.62	71
35.81	145
36.31	162
36.11	160
36.56	165
34.15	166
36.08	109
34.36	171
34.55	165
37.82	107
35.86	144
35.17	172
35.66	140
34.36	157
36.21	161
35.43	171
35.01	157
37.53	122
37.29	163
43.39	1
35.7	170
36.06	155
36.12	117
37.28	162
35.36	94
32.67	158
33.98	128
34.14	171
34.47	92
34.79	168
35.3	68
35.18	134
32.92	159
34.84	96
34.94	127
35.34	139
34.62	155
34.77	161
34.6	83
34.22	135
35.91	151
35.46	109
33.82	39
36.07	125
34.94	163
34.55	169
36.85	213
36.86	94
37	99
35.46	162
34.96	127
34.83	130
32.74	167
35.93	158
35.46	149
36.56	167
37.33	109
35.56	167
35.02	106
36.41	167
35.51	165
35.23	162
37.14	150
36.39	181
35.26	104
35.7	139
34.14	147
34.34	160
35.67	124
35.65	162
34.57	156
34.19	172
34.19	157
34.47	170
37.91	219
36.55	172
35.97	84
35.3	170
36.09	135
34.23	167
37.14	135
38.62	105
38.46	112
36.67	141
36.5	150
41.97	2
34.83	159
36.39	134
36.43	117
34.87	168
37.35	164
36.34	70
35.74	164
36.01	69
36.48	126
34.02	163
36.45	149
36.08	171
42.97	1
35.38	158
37.2	132
36.7	297
35.58	170
36.35	149
34.28	145
35.54	172
36.21	75
37.16	90
35.43	167
36.26	116
37.14	90
36.05	158
36.02	171
35.63	293
35.15	84
34.29	126
35.14	151
37.7	45
34.93	162
34.19	136
34.71	144
34.07	161
34.25	123
33.65	147
36.43	186
35.07	134
36.17	128
34.7	169
35.74	167
35.01	139
34.5	168
35.36	70
36.28	136
38.26	112
35.18	91
33.32	170
33.05	70
34.32	133
36.26	104
34.87	134
34.37	148
33.8	159
39.97	14
33.61	162
34.48	151
35.6	160
35.87	153
33.8	135
35.88	150
34.53	127
34.46	166
35.26	50
34.05	141
34.8	116
35.57	134
33.9	165
35.69	82
35.69	147
35.01	128
34.8	73
35.52	153
35.1	147
35.05	116
34.44	97
36.48	161
35.7	122
35.85	150
34.24	166
37.78	105
34.83	158
36.11	160
36.72	151
36.04	134
34.77	159
34.24	159
33.77	163
35.15	169
34.86	267
34.61	73
36.84	100
35.35	147
34.31	171
33.25	167
34.21	172
34.04	73
34.89	163
33.22	172
32.1	69
34.17	76
35.06	166
34.68	184
32.5	171
33.73	159
33.21	172
34.35	156
36.22	187
33.97	165
34.7	137
35.04	170
35.23	90
35	192
34.56	134
32.64	170
34.52	165
35.8	186
35.34	234
34.34	145
34.96	192
35.29	118
35.09	170
34.81	156
36.91	141
34.63	170
34.64	165
35.82	136
35.68	138
37.1	135
37.22	99
36.87	131
37.05	142
37.97	186
56.08	10
35.78	169
36.16	147
36.06	155
36.75	147
34.76	13
35	172
41.13	10
35.22	123
36.22	142
34.98	159
35.94	161
36.45	92
33.94	172
34.69	58
34.63	92
32.29	168
32.16	116
34.53	138
34.26	88
33.94	74
33.2	157
34.83	95
38.19	120
37.5	144
37.29	139
36.28	164
37.05	158
38.34	134
36.58	157
36.32	169
36.24	172
36.88	159
34.66	96
32.23	156
33.35	101
33.5	165
33.66	274
33.77	274
34.11	113
33.59	121
34.51	113
33.48	99
34.19	44
36.23	189
35.61	162
35.01	132
35.3	130
34.71	170
34.57	170
35.57	157
34.6	153
34.37	165
33.96	89
33.25	162
35.49	166
32.35	134
35.55	127
33.68	135
35.01	78
34.26	77
34.28	169
34.01	305
34.5	105
35.24	85
34.24	166
36.34	168
35.17	192
34.77	103
34.49	73
34.63	150
35.77	228
34.66	44
37.29	73
35.5	91
36.79	135
35.73	104
34.92	169
34.56	132
34.87	153
35.68	164
36.8	151
35.94	91
34.01	153
34.64	161
35.79	127
32.81	25
34.61	171
36.83	137
35.6	166
35.64	54
35.03	163
34.08	45
34.42	145
33.44	92
34.73	136
34.4	157
35.51	74
34.42	143
36.01	122
35.76	166
33.56	152
34.91	106
33.99	62
34.35	161
34.98	91
34.08	167
32.95	134
34.94	102
35.74	134
34.41	162
40.42	12
35.82	90
34.78	100
35.19	161
33.67	96
33.89	167
33.24	168
35.07	109
35.19	120
35.73	98
34.39	166
34.87	92
33.17	123
33.76	135
34.9	188
34.7	96
34.23	162
34.93	141
35.29	134
34.51	156
35.22	156
33.84	169
34.45	170
35.21	118
34.75	56
35.31	169
33.81	152
35.25	171
33.96	172
33.93	168
36.45	98
35.11	48
35.24	93
32.34	2
34.29	170
33.88	166
33.51	160
32.95	150
32.57	170
34.87	134
34.98	160
34.04	161
36.57	124
35.91	166
36.95	142
35.83	157
35.39	135
35.84	172
35.61	127
34.29	135
38.03	129
35.25	164
33.87	158
34.74	156
34.37	128
35.13	126
34.8	158
33.38	170
38.33	24
34.44	160
33.69	166
32.91	172
33.63	127
34.99	126
34.43	156
34.99	166
33.77	130
34.48	120
33.37	165
33.93	153
33.26	99
34.96	84
35.19	99
33.44	155
36	99
35.39	79
34.17	296
33.44	138
36.05	159
33.68	153
32.93	70
35.65	93
32.89	171
35.44	64
32.87	169
33.44	149
31.67	19
33.68	163
35.57	151
34.22	172
35.53	214
34.48	159
36.25	170
36.01	167
38.59	136
37.95	148
36.7	165
37.25	168
36.26	148
34.88	165
36.24	167
36.5	160
37.77	122
36.64	82
36.79	147
34.59	169
37.64	161
36.53	159
36.01	169
37.91	141
35.82	164
36.71	124
35.12	196
35.36	85
34.86	95
34.67	56
34.37	159
33.81	129
31.52	158
34.05	28
35.35	134
34.52	78
34.81	83
32	19
34.88	153
32.67	132
32.32	159
34.16	167
34.83	85
34.04	132
34.12	136
33.35	172
36.96	159
36.1	122
35.42	145
35.94	138
43.21	2
35.97	135
38.15	124
36.1	168
35.83	169
37.52	111
34.91	163
34.29	103
34.47	167
34.06	156
35.02	167
36.19	85
33.57	128
35.19	306
40.32	29
35.63	104
32.67	14
33.67	165
34.91	162
33.79	154
33.8	48
33.17	145
33.45	165
33.52	116
34.06	152
34.9	80
35.23	152
36.87	146
35.83	150
35.85	119
35.29	137
35.69	151
35.13	160
40.18	10
35.32	149
36.73	157
34.33	134
35.32	132
35.79	158
33.56	172
35.31	139
35.17	256
34.94	151
34.58	170
35.25	152
36.68	149
32.98	82
34.54	73
33.73	138
35.98	100
34.3	162
34.25	162
36.08	156
36.44	154
35.68	73
34.99	172
34.77	161
36.85	148
35.92	109
36.61	138
42	12
35.83	141
36.52	92
38.06	128
36.36	136
36.98	143
33.18	132
34.13	146
34.02	141
33.07	92
32.36	106
32.28	146
34.07	139
32.13	150
32.33	39
33.93	23
34.17	156
34.86	121
33.16	7
34.63	110
34.67	153
34.45	162
35.94	154
35.61	123
33.52	37
35.79	157
34.35	147
35.04	206
33.97	157
33.47	130
35.41	138
33.58	159
33.58	147
33.7	161
34.2	102
34.98	144
34.4	188
35.57	150
34.7	165
34.22	192
33.22	192
35.51	122
33.77	173
34.55	158
34.23	185
34.43	185
33.69	177
33.38	154
31.83	192
34.28	162
36.15	139
33.53	188
32.97	184
32.18	111
32.44	190
35.49	187
34.47	184
34.04	152
33.3	165
34.07	190
33.83	190
34.01	149
33.49	158
33.91	166
34.8	149
33.12	173
34.97	135
34.03	167
35.19	145
33.68	146
34.87	148
35.44	96
33.53	167
33.25	62
33.75	175
33.31	175
33.62	191
35.54	72
35.39	141
34.37	175
34.63	160
34.3	175
35	92
34.98	148
34.21	159
34.61	159
33.83	163
32.8	178
36.38	131
33.75	187
33.17	182
33.68	182
33.27	176
34.37	162
35.2	67
33.29	179
33.32	186
32.76	191
33.05	178
34.29	189
34.71	128
34.82	160
35.24	126
32.32	188
33.69	181
32.01	163
34.2	189
36.05	146
36.43	97
35.5	173
33.8	180
34.69	146
36.35	72
34.92	40
33.41	172
32.82	186
33.57	189
32.76	158
34.34	164
35.62	133
34.41	156
35.32	118
34.08	166
33.17	188
34.82	147
34.06	167
35.17	127
33.68	174
34.99	163
36.85	170
35.55	162
35.14	189
35.61	135
33.04	166
35.48	180
34.74	186
33.28	177
34.42	188
35.44	189
35.34	173
35.04	183
34.68	165
34.58	147
35.85	180
38.1	94
35.85	157
34.47	169
35.44	159
34.98	193
35.93	182
34.78	162
34.65	160
34.02	171
34.14	175
36.42	157
36.78	113
35.13	179
37.02	148
34.16	177
36.4	151
35.16	159
36.59	173
34.16	174
35.73	189
34.65	179
34.4	192
35.11	159
35.01	179
36.39	128
34.46	169
35.79	171
37.42	92
34.35	160
34.93	170
34.04	169
34.22	192
33.9	182
34.02	137
32.36	193
34.53	215
33.6	143
34.11	105
35.11	95
33.87	146
33.68	187
33.62	177
35.88	126
33.68	183
33.14	193
35.4	190
33.91	157
34.21	115
34.02	178
34.36	169
34.26	194
33.26	183
35.1	70
33.35	192
34.94	189
34.28	178
35.11	173
33.84	359
35.47	170
34.89	97
33.04	173
35.41	180
34.28	190
33.5	172
33.12	185
34.66	165
35.32	134
32.82	190
35.32	113
34.49	131
35.99	126
33.56	175
35.56	218
34.44	133
34.3	118
33.9	174
33.88	137
33.38	192
34.88	168
32.83	190
34.41	182
35.19	181
34.76	137
34.59	266
34.48	176
36.81	153
34.92	324
35.85	94
34.76	137
35.4	116
34.31	179
33.35	192
35.15	198
33.84	183
34.12	171
33.9	141
31.89	183
35.26	124
34.34	160
33.76	272
33.63	251
34.95	143
34.33	86
34.67	183
34.93	125
33.97	178
34.83	182
33.21	182
34.68	182
33.86	168
35.81	164
33.82	166
34.32	62
33.42	188
32.72	175
33.7	185
34.48	156
33.88	188
33.84	29
33.19	174
33.83	177
35.01	95
33.56	156
35.5	275
35.32	164
33.6	183
33.6	183
33.6	183
33.6	183
33.99	125
34.34	168
34.05	166
35.64	57
35.26	142
34.82	175
33.63	179
35.03	172
35.03	172
32.75	182
34.1	175
34.26	80
33.23	155
33.68	86
33.96	162
35.16	235
32.29	193
33.47	175
34.88	148
33.79	110
34.53	180
33.67	366
35.96	128
34.55	59
34.52	162
35.05	184
33.96	169
34.23	166
35.07	140
34.48	177
33.47	150
33.97	370
33.87	110
