sim	len_diff
34.22	266
33.52	397
33.95	370
33.53	375
34.19	360
34.44	277
34.87	292
33.2	396
33.78	329
33.45	396
33.77	287
34.25	355
33.38	368
34.74	459
35.16	196
34.49	398
34.38	339
33.94	348
33.22	342
33.7	363
35.42	287
33.95	391
34.31	319
33.83	356
33.95	347
34.47	351
34.48	346
33.53	370
34.14	358
34.45	206
33.92	376
33.35	396
33.37	402
34.17	333
34.17	333
34.83	155
33.49	397
33.32	388
33.61	360
33.37	378
33.37	378
33.06	383
33.06	383
33.64	398
34.3	305
33.94	339
33.94	339
33.83	375
32.69	397
33.36	400
34.34	299
34.45	335
33.95	398
33.25	395
33.79	174
33.59	335
33.48	278
33.32	385
33.04	374
34.85	198
34.08	174
32.9	396
34.17	333
33.82	346
35	259
45.37	73
34.37	286
33.88	337
33.12	353
33.49	370
34.95	313
33.91	356
33.85	400
33.87	399
41.85	33
34.4	306
32.91	394
33.89	251
33.74	402
32.87	392
34.07	363
34.98	324
34.53	335
34.2	341
32.99	398
33.69	310
33.71	359
34.27	348
33.3	396
33.52	394
34.71	350
32.91	358
33.45	400
33.8	380
33.77	355
33.77	355
33.38	186
33.65	398
33.18	399
34.59	338
33.74	328
34.22	398
33.52	350
34.16	336
34.59	217
34.23	380
33.93	358
34.54	336
33.85	346
34.4	386
35	257
33.41	381
32.86	402
34.54	318
33.64	393
34.06	324
32.98	386
34.47	379
34.07	235
33.31	377
35.78	329
33.01	402
33.95	398
34.83	345
33.2	399
33.23	386
34.22	355
34.07	338
34.43	268
33.72	401
34.29	388
34.6	292
33.68	367
33.48	401
33.66	387
33.6	395
34.24	349
33.86	391
33.86	391
33.72	391
33.26	385
33.95	322
33.39	348
33.85	350
34.04	333
32.6	387
34.28	349
33.11	370
34.53	358
33.71	316
33.75	371
33.84	387
33.77	264
34.34	384
34.34	384
34.34	384
34.34	384
34.34	384
33.05	361
35.47	190
33.38	384
33.81	381
46.37	81
34.62	284
33.06	377
33.43	365
34.09	236
34.38	355
33.38	360
34.51	284
33.12	380
33.61	388
33.68	391
46.01	79
33.45	392
34.49	383
34.49	383
32.8	364
34.56	383
34.43	323
34.28	376
35.08	249
32.96	356
33.3	395
34.25	276
33.79	351
33.06	352
33.76	387
33.8	349
34.7	186
35.08	264
33.57	328
35.65	369
34	305
32.87	384
34.45	346
33.62	353
33.89	351
33.82	317
32.98	364
33.6	347
33.96	356
33.42	359
33.86	359
33.73	359
33.6	365
33.21	381
33.79	379
32.8	389
33.38	398
32.69	401
33.68	382
32.94	398
33.14	398
33.26	301
33.97	365
33.19	351
33.67	397
33.89	371
34.49	316
33.81	392
34.25	338
33.64	373
32.94	400
34.46	310
33.01	381
34.66	274
32.54	383
33.43	383
34.26	282
33.5	354
33.76	353
33.62	385
32.91	400
33.99	341
33.96	322
35.06	257
34.14	165
33.91	384
34.27	384
34.03	372
33.68	395
33.52	368
34.54	248
34.09	303
34.06	374
33.76	385
33.34	345
34.17	323
33.44	326
33.87	320
34.36	303
33.97	319
33.79	352
33.88	353
33.71	285
33.33	353
33.72	347
33.24	399
33.51	385
33.44	387
33	400
33.54	305
32.98	402
34.16	400
33.59	351
33.53	392
34.92	285
33.84	378
34.42	379
34.28	367
33.02	390
33.36	363
34.09	392
34.85	324
33.73	385
34.35	349
34.95	264
34.26	377
33.55	369
33.64	352
34.12	371
34.66	492
34.43	140
34.23	354
34.29	349
34	287
33.74	397
32.81	376
34.16	308
33.99	359
34.1	303
33.47	384
34.29	376
34.04	357
34.12	358
32.08	387
34.17	348
32.62	379
34.14	357
33.52	399
34.06	375
33.74	368
33.96	362
33.37	394
33.05	401
33.16	388
34.89	233
33.77	389
33.81	390
34.56	356
33.16	399
35.47	308
34.68	336
33.65	359
34.62	332
33.15	402
32.79	380
34.15	340
33.71	351
33.94	385
46.07	76
33.65	389
33.81	329
33.09	380
32.41	397
32.7	361
33.05	354
34.14	343
33.89	358
34.16	260
34.28	225
33.71	339
33.87	356
34.45	359
33.97	370
34.88	334
34.99	300
34.44	388
34.72	346
35.19	381
33.3	369
33.95	332
33.4	399
35.17	137
34.96	261
34.15	383
34.5	141
34.92	202
62.29	0
34.39	245
34.46	348
33.42	110
46.69	179
34.83	314
33.98	321
34.97	346
33.79	354
34.9	330
35.4	348
34.35	310
34.3	345
36.01	216
34.21	345
35.14	340
34.93	346
57.8	147
35.25	354
34.58	236
35.71	179
33.96	196
34.07	268
60.06	31
33.68	325
33.5	329
33.67	317
35.33	258
34.74	238
34.67	256
33.49	303
33.67	355
34.26	329
34.61	188
55.42	167
33.01	353
35.45	266
33.75	347
34.17	169
74.41	3
33.87	348
35.38	246
34.95	335
47	133
34.8	340
35.59	239
34.78	347
34.95	343
34.67	317
34.3	275
34.4	355
35.13	346
34.11	136
53.76	142
34.74	338
46.11	99
35	335
34.87	348
35.2	187
52.68	134
33.49	254
33.58	356
34.25	330
35.43	302
34.71	205
34.35	314
55.93	163
33.85	102
34.02	357
32.85	82
34.13	217
34.15	221
59.48	25
33.44	338
33.79	324
34.01	355
34.73	256
34.28	276
34.16	334
34.46	347
34.64	318
34.71	340
47.13	103
34.81	337
34.89	336
52.03	119
35.61	315
35.51	277
34.85	308
34.29	319
34.7	335
34.54	297
35.66	270
35.52	273
46.28	112
34.95	345
35.23	320
34.47	315
54.5	155
34.15	347
32.93	355
33.63	338
51.26	149
35.29	223
34.98	348
34.57	343
56.62	164
33.98	327
34.47	345
35.07	196
35.35	342
36.01	236
34.67	355
35.73	303
35.03	320
59.18	1
35.24	335
35.14	350
34.99	122
33.74	354
34.23	328
34.29	347
34.19	260
33.94	307
34.12	346
59.48	16
33.5	235
35.4	235
33.36	300
33.85	338
34.55	337
34.56	240
34.95	302
33.75	334
34.92	276
33.74	307
55.69	166
50.65	169
34.27	346
34.87	350
44.85	81
34.52	308
34.19	306
49.23	92
34.35	345
35.44	292
34.17	287
34.34	356
52.14	119
33.98	262
34.13	349
33.36	347
55.91	155
56.25	162
35.27	230
35.16	337
34.51	210
33.62	356
35.24	334
52.37	128
35.5	285
33.86	354
35.09	287
35.41	295
35.12	356
47.6	116
34.7	273
35.58	189
55.92	164
34.05	298
52.78	148
33.67	336
33.22	323
34.63	324
34.57	355
34.04	349
34.74	344
34.86	299
34.08	146
33	86
34.05	176
33.62	338
34.68	346
56.08	166
33.81	351
34.97	281
33.78	332
34.24	315
34.63	316
35.26	328
34.23	334
55.21	99
35.09	295
35.4	293
50.1	168
34.46	241
34.76	350
35.26	149
56.11	156
34.4	334
34.18	301
34.81	329
34.52	332
34.65	303
34.61	357
34.94	283
34.08	356
33.8	355
34.89	198
33.72	347
34.9	261
35.24	347
34.74	294
56.59	9
34.84	320
34.15	350
34.93	305
35.1	304
34.49	343
35.02	274
34.07	328
34.39	356
35.64	326
34.55	304
33.32	55
34.99	258
52.81	175
34.2	351
33.34	341
57.59	173
34.08	307
34.17	320
35.14	226
35.08	253
35.43	283
33.56	350
33.11	112
33.82	318
34.62	357
35.55	271
46.35	99
34.39	347
51.37	124
34.66	300
35.32	244
35.01	334
34.86	354
34.82	171
34.69	292
33.91	316
62.14	19
34.7	349
34.54	332
35.08	332
33.92	342
34.82	329
34.18	303
34.66	322
35.09	220
35.14	353
46.94	103
34.76	330
34.13	309
34.29	349
51.7	118
35.02	258
34.84	304
34.52	340
34.27	316
34.38	277
34.43	271
34.93	285
51.62	139
35.52	266
34.21	308
34.62	321
34.2	314
57.41	166
34.7	186
34.15	346
34.95	267
34.32	321
35.1	291
34.1	317
52.14	146
35.31	300
34.61	350
57.89	169
34.95	344
35.21	178
34.83	335
34.74	355
34.7	329
34.63	302
34.55	305
34.09	357
52.38	120
34.45	346
51.42	127
34.77	278
34.63	334
34.73	354
35.71	330
35.06	354
36.25	267
35.81	306
34.68	302
35.97	288
52.11	128
35.53	279
35.39	267
35.74	304
35.87	261
35.73	321
35.99	280
34.68	350
34.96	352
34.48	348
33.76	357
33.48	331
51.72	134
33.98	349
34.6	332
33.71	353
34.56	343
34.24	329
55.94	160
34.9	342
60.05	9
34.35	337
32.99	316
34.79	312
33.78	258
34.89	222
33.89	327
34.19	346
35.04	279
33.61	350
33.93	221
34.35	157
49.56	162
52.3	171
32.5	336
34.09	315
33.19	291
34.57	315
34	353
34.89	139
35.03	320
34.91	340
34.33	344
34.72	270
34.81	306
35.55	243
34.39	111
58.69	171
33.92	114
34.98	201
35.51	352
35.33	304
34.33	344
35.29	257
33.77	161
35.44	337
35.18	241
34.45	342
34.54	333
57.31	161
34.48	353
34.42	334
34.75	166
34.51	152
34.16	353
33.26	98
34.97	397
33.53	332
49.88	164
50.65	155
33.94	356
34.5	351
45.74	142
34.18	322
34.53	294
66.66	2
34.15	287
33.93	140
34.54	353
35.08	293
34.52	250
33.11	92
33.97	357
35.29	237
34.51	309
34.94	335
33.97	334
57.07	166
33.59	282
35.2	94
51.29	119
36.15	301
35.31	288
35.83	283
34.76	290
35.48	187
35.69	303
46.99	112
34.74	348
34.44	341
58.28	30
34.83	340
33.33	350
33.59	352
34.74	288
34.68	322
33.86	349
41.9	199
34.64	316
33.83	349
34.11	335
34.14	238
68.48	7
34.45	353
34.4	340
33.63	328
47.37	145
34.5	329
34.2	336
34.68	331
35.57	282
34.63	221
34.64	345
35.11	343
34.21	245
35.02	294
35.22	311
58.36	169
34.68	335
33.93	143
46.12	107
34.95	344
34.29	310
35.1	243
34.27	323
34.68	348
50.14	115
33.96	328
35.06	335
35.54	151
41.35	206
33.67	351
54.75	171
34.96	295
33.7	220
34.08	353
35.38	260
33.78	342
33.62	336
34.16	236
35.3	217
34.87	240
34.13	310
34.89	351
56.11	163
34.52	313
34.22	331
33.43	343
34.49	346
35.25	277
35.4	332
34.61	265
34.92	306
35.02	355
34.7	356
33.97	355
35.08	335
59.25	10
35.27	150
35.54	340
34.27	110
36.27	330
34.45	338
35.27	347
34.01	320
49.06	179
33.97	94
34.76	347
64.3	0
33.87	341
34.01	331
33.92	326
33.65	190
35.01	252
35.01	283
49.04	156
35.05	288
57.62	170
33.87	341
35.15	272
34.7	307
35.03	333
35.38	224
34.49	350
58.4	10
34.91	317
35.65	203
34.89	339
35.56	310
34.37	356
34.8	335
46.83	103
34.59	284
35.43	291
35.87	276
34.18	357
50.99	109
34.64	295
33.9	344
35.25	323
48.25	152
35.44	246
35.47	274
35.58	298
35.34	286
34.22	342
73.72	0
34.55	309
35.27	337
35.17	247
34.74	347
34.49	357
45.62	95
35.68	253
33.29	63
35.54	186
36.16	264
35.79	282
48.25	94
34.76	178
34.91	254
42.31	192
33.79	345
34.3	113
34.2	316
34.6	342
34.12	329
58.15	2
34.82	316
34.17	340
34.28	326
33.29	80
44.43	132
34.55	291
33.91	349
62.38	69
34.96	269
34.63	304
35.23	332
35.11	348
35.26	170
35.17	357
34.95	276
35.11	249
34.79	305
34.66	287
56.64	167
34.42	340
36.16	183
34.54	354
35.05	229
34.72	334
34.54	330
61.21	3
34.44	351
34.44	351
33.71	332
34.67	327
34.82	290
33.72	312
33.77	262
34.23	349
34.99	290
32.72	65
34.85	325
34.35	149
56.78	172
33.5	352
35.02	241
34.37	351
65.93	8
33.9	311
34.03	340
34.57	346
48.68	177
34.45	325
34.59	331
34.32	325
35.05	250
34.47	159
33.67	338
34.21	331
34.1	242
34.48	285
35.85	177
59.52	36
33.86	113
34.81	283
35.55	270
34.98	347
34.89	350
34.06	355
34.12	349
35.64	311
34.59	354
33.89	347
34.3	345
51.4	109
34.38	312
34.13	335
34.41	324
34.6	353
53.25	160
34.78	207
34.65	299
33.96	328
34.79	308
58.58	167
34.89	269
35.42	284
34.97	337
34.48	306
35.14	232
33.92	257
54.32	153
35.43	250
33.49	343
51.52	132
33.8	289
34.02	325
34.24	328
34.08	334
52.8	149
35.19	268
34.06	353
34.22	283
34.88	307
56.85	164
34.69	262
35.06	335
34.27	225
34.33	335
34.77	338
33.54	350
33.93	354
34.64	302
34.63	355
63.71	10
34.29	337
35.28	242
35.49	250
52.91	149
34.4	319
34.52	325
34.67	288
34.95	329
57.44	168
34.19	355
33.8	333
34.31	355
35.12	247
34.63	266
34.29	311
34.54	333
34.47	311
34.18	353
34.03	325
35.81	296
61.68	3
57.14	164
34.01	353
33.63	349
33.84	301
33.95	337
34.33	336
34.2	344
35.61	242
35.08	289
35.21	303
34.21	338
34.15	347
34.2	180
34.37	319
33.99	354
54.64	147
33.14	112
34.22	318
34.45	351
52.25	142
34.48	351
34.41	319
35.15	317
34.31	259
33.32	341
34.37	279
35.02	352
33.86	341
34.62	303
56.87	166
33.73	353
34.12	141
33.66	353
34.45	235
34.84	321
35.09	300
33.48	334
58.23	168
49.21	156
34.85	191
35.6	238
35.4	228
35.39	291
33.74	339
34.1	357
34.58	311
31.85	32
35.14	342
52.03	121
35.47	306
34.26	298
34.26	346
34.33	289
55.96	150
34.4	244
34.62	318
34.45	280
33.24	349
34.63	249
34.65	319
42.55	147
35.37	321
34.62	356
34.57	349
34.95	197
34.37	349
35.29	342
35.44	357
52.24	126
35.37	271
33.59	348
34.32	190
34.98	351
34.18	335
34.05	330
34.27	162
35.47	302
34.73	314
35.09	215
52.73	131
32.99	346
34.15	305
35.7	251
34.45	310
32.46	291
33.42	82
56.55	120
35.07	177
33.64	328
34.35	267
33.43	329
34.59	353
48.28	177
34.7	313
34.47	334
34.2	315
33.48	327
34.68	286
64.02	2
34.26	310
35.55	196
34.86	352
50.85	162
34.47	317
59.56	10
34.89	335
34.61	323
35.42	334
35.25	354
35.38	274
55.04	175
34.11	326
34.21	292
34.13	333
34.39	296
33.95	355
33.62	341
34.56	281
34.02	306
34.09	340
57.63	164
34.9	301
32.92	332
33.86	356
34.65	297
50.74	124
34.99	285
34.66	305
34.97	244
34.58	354
34.88	355
35.1	325
34.94	318
35.62	332
34.99	309
35.14	327
32.02	7
75.08	9
34.61	251
47.55	140
34.88	318
35.14	190
35.51	276
34.82	326
34.37	357
35.74	277
35.31	294
34.38	88
34.58	352
53.18	130
34.49	352
34.29	354
34.94	258
34.87	344
34.45	350
34.21	328
34.74	351
62.23	11
34.89	238
34.5	320
35.23	328
34.86	221
33.87	336
34.66	353
34.22	342
34.43	265
34.88	344
34.69	354
35.33	303
56.86	74
34.82	339
55.7	159
33.97	339
34.23	342
34.71	293
34.06	275
34.43	198
34.74	321
33.82	355
35.15	283
35.11	267
34.9	266
35.1	291
52	146
34.65	350
34.44	346
34.6	225
34.34	357
35.4	257
57.79	169
35.7	343
35.57	278
45.45	102
35.46	314
35.09	281
34.89	357
34.77	340
34.35	343
53.79	139
34.27	221
35.1	282
35.32	156
50.25	162
35.58	291
34.85	310
35.07	295
56.51	153
34.97	339
34.9	340
33.87	298
35.01	146
34.27	337
35.37	303
35.37	311
34.58	326
34.25	313
34.59	312
34.7	311
55.61	160
35.6	180
35.62	245
32.76	51
35.53	263
35.54	302
61.76	5
34.7	313
35.46	418
33.45	76
34.44	324
34.76	296
34.85	355
34.49	337
34.21	329
33.85	350
34.98	238
60.16	2
34.82	255
34.79	208
34.21	283
35.38	300
36.34	491
34.7	308
48.72	126
34.35	313
34.57	194
34.51	307
35.56	245
69.86	15
34.9	348
35.6	245
35.43	393
34.25	338
46.26	103
34.93	286
35.87	279
35.01	323
34.19	357
48.41	86
34.99	201
35.3	251
33.79	354
34.17	351
34.55	214
33.77	319
33.58	127
34.31	356
33.46	333
55.39	155
52.81	155
34.26	305
34.38	227
34.46	254
56.66	168
35.1	291
34.47	315
34.89	151
34	345
34.26	177
57.3	163
35.3	292
34.28	356
33.47	61
34.76	301
34.13	297
34.95	304
34.72	108
34.93	267
46.31	383
34.43	356
35.11	306
34.26	312
54.07	167
34.8	304
34.58	254
34.96	337
34.21	309
34.09	338
34.44	334
56.45	161
34.32	320
34	340
34.36	245
33.2	345
34.88	209
33.94	219
34.8	337
34.26	279
34.57	257
33.76	343
53.02	155
33.76	355
49.47	153
33.65	355
34.36	304
33.75	343
33.64	354
57.26	168
33.58	316
35.23	284
34.31	345
34.21	354
35.31	203
34.65	339
34.83	351
35.41	345
35.46	254
34.86	300
34.25	332
52.52	130
36.28	299
33.8	344
34.64	306
34.56	354
33.9	353
34.64	283
34.72	353
34.29	332
56.85	163
34.76	292
35.57	201
35.53	297
34.64	233
35.44	244
36.77	176
35.67	361
35.48	220
34.75	354
33.94	356
34.79	299
52.12	121
34.77	355
46.77	100
36.29	237
34.9	311
36.3	217
35.32	350
34.06	354
34.29	344
48.92	94
35.84	211
34.44	354
34.74	277
35.28	239
34.73	323
34.75	200
35.44	221
34.83	355
33.86	138
34.61	298
55.48	169
35.03	295
32.96	338
33.74	351
33.22	356
34.61	298
35.51	291
35.04	254
55.9	178
34.33	290
34.39	335
34.68	354
34.64	306
35.1	291
33.87	346
34.57	306
33.87	345
34.31	332
35.64	345
62.44	3
34.01	354
34.11	342
34.05	352
34	313
34.15	255
34.99	197
34.46	340
58.67	6
34.84	285
35.95	220
34.69	251
33.51	143
33.57	350
34.44	237
34.42	297
33.61	311
52	164
34.23	309
34.79	302
34.81	301
34.45	275
34.36	302
33.18	243
53.7	156
34.32	263
34.01	207
34.35	261
33.54	302
34.12	270
34.33	298
49.81	174
34.41	306
35.2	311
34.53	357
36.44	252
35.3	330
34.23	347
34.47	343
61.86	9
35.53	268
33.4	351
36.2	306
34.76	345
34.74	265
35.03	289
59.27	10
35.64	357
35.59	286
35.14	307
34.43	286
32.74	65
34.5	339
34.37	344
34.88	229
35.07	356
34.93	309
63.38	10
34.54	352
34.6	311
34.43	302
34.58	353
34.09	338
34.73	346
35.25	328
34.86	314
34.7	287
34.67	349
34.44	343
57.65	9
33.7	347
34.94	233
33.77	348
35.47	253
33.94	305
41.48	147
34.55	204
34.53	329
35.17	230
56.08	162
34.84	301
52.55	151
34.77	217
34.93	286
34.06	343
34.36	336
35.92	281
33.68	346
57.16	160
33.49	333
34.99	322
34.13	351
35.19	345
47.75	113
34.87	346
33.59	350
35.62	331
34.7	353
35.5	319
54.09	141
33.65	331
34.53	308
32.77	94
33.4	343
35.31	241
33.81	354
34.51	275
32.85	93
34.03	323
56.98	7
46.59	98
34.73	324
35.54	278
33.62	356
34.74	336
34.7	307
50.36	113
34.85	325
35.04	334
36.76	248
33.62	356
34.68	291
49.47	156
34.8	210
34.99	234
34.11	243
35.09	470
33.74	342
57.18	168
34.66	328
34.82	354
35.7	399
46.98	102
34.44	343
35.08	348
34.12	350
34.47	323
34.41	119
49.65	103
34.93	272
34.59	352
35.29	333
34.49	353
34.09	345
35.2	355
34.99	328
34.61	312
34.77	357
33.29	345
63.88	10
34.13	333
34.96	342
34.21	342
34.18	137
32.91	338
49.15	154
34.74	321
34.06	344
33.66	324
57.6	168
34.53	302
34.75	234
35.1	307
52.16	138
33.12	357
35.44	306
33.79	348
33.6	355
34.39	322
56.42	161
34.52	201
34.34	275
33.71	355
34.85	287
34.1	342
33.99	322
58.23	20
34.86	177
33.83	345
35.81	263
35.42	305
47.28	125
34	357
34.71	65
34.94	338
35.65	341
35.88	327
34.72	125
34.73	345
54.16	148
34.74	351
35.14	340
36.13	314
47.59	92
35.2	310
34.79	333
35.56	237
50.51	107
34.62	344
34.51	349
34.78	313
34.1	342
35.57	243
35.2	264
47.9	104
34.27	346
34.74	159
34.54	333
55.08	160
35.25	325
35.47	315
48.01	96
35.57	313
35.39	270
34.95	341
34.33	357
36.01	249
35.26	275
35.53	288
50.96	122
34.94	347
35.46	386
34.84	351
34.83	340
35.11	355
34.36	284
36.72	247
34.33	351
34.6	356
53.78	149
34.65	321
34.13	347
35.97	319
35.5	276
35.13	249
46.94	90
34.82	294
35.13	344
35.78	340
51.29	124
35.34	188
35.23	338
35.81	199
34.53	342
46.79	120
35.53	232
34.89	328
34.87	312
35.21	339
54.82	155
34.67	307
35.61	200
35.58	290
34.35	353
35.05	344
34.81	336
56.81	56
35.49	267
34.98	287
34.32	351
34.69	351
34.83	330
35.29	218
47.04	103
34.71	350
35.93	249
34.38	346
35.28	319
51.32	110
34.71	298
33.62	349
41.68	192
58.38	47
34.66	286
34.51	351
34.02	349
34.24	342
34.37	300
34.5	347
34.88	349
33.4	356
34.93	282
35.26	229
34.89	271
33.95	326
34.69	298
34.65	320
34.03	328
57.18	165
52.77	150
33.91	338
34.48	310
34.52	294
34.68	342
34.61	312
34.9	325
34.45	351
57.93	163
34.78	326
34.19	356
52.81	149
35.02	168
34.13	321
33.69	343
36.49	230
33.85	350
33.83	357
35.06	229
57.08	170
35.58	348
47.26	104
34.66	308
35.38	301
34.93	266
34.85	335
33.98	67
36.32	268
34.21	305
49.03	85
35.81	258
34.98	327
34.97	325
34.79	193
48.65	115
35.17	342
35.36	330
34.82	338
34.73	328
54.57	158
34.74	335
35.6	300
35.47	304
35.71	317
35.39	328
58.63	3
35.04	345
35.5	255
35.16	343
35.47	311
34.79	211
34.11	335
34.03	327
52.6	149
34.83	244
33.78	334
58.17	165
34.05	348
34.26	148
34.77	335
35.45	220
35.59	279
46.74	97
35.67	278
35.06	341
35.14	337
35.49	318
35.2	353
52.13	120
34.89	331
34.8	296
35.44	273
46.16	82
34.4	344
35.46	205
34.97	333
35.91	286
51.52	119
35.8	278
35.08	280
35.04	326
34.47	348
34.27	355
35.97	318
34.72	298
35.24	345
54.73	151
46.14	104
34.89	351
34.2	304
34.82	238
59.26	3
46.54	154
34.66	314
34.23	298
35.74	292
35.32	332
34.37	319
33.96	345
34.47	257
35.73	303
35.15	187
46.68	95
34.49	354
35.08	337
50.01	104
34.47	338
36.75	239
34.82	341
34.9	284
34.63	275
46.83	96
33.73	335
34.98	330
35.47	340
54.29	144
34.45	328
34.91	311
34.89	349
35.22	348
35.32	307
57.28	167
35.23	269
34.97	339
33.86	332
33.67	338
33.78	354
36.04	250
45.99	131
35.66	264
52.05	127
35.67	289
34.78	323
34.99	354
35.25	323
34.92	357
46.78	111
34.99	214
35.16	355
35.58	291
34.55	321
35.21	271
32.84	90
34.39	380
34.27	333
35.16	210
34.8	324
58.94	172
34.46	134
34	264
35.7	376
35.1	332
34.84	352
34.62	336
34.64	345
34.39	353
35.68	293
54.11	142
47.21	111
35.24	250
34.26	344
34.49	261
34.23	302
33.64	319
34.72	275
54.97	163
35.2	302
34.73	263
33.4	38
35.81	337
33.72	345
34.65	272
34.67	284
34.92	312
34.37	349
33.96	260
34.62	344
57.2	13
34.48	223
34.59	306
34.74	338
34.96	345
35	285
33.5	80
34.55	332
65.4	1
34.33	309
34.19	346
48.37	177
35.67	219
34.93	350
35.27	335
34.96	342
33.62	268
34.13	332
34.6	355
36.23	227
35.29	337
34.76	344
52.52	130
34.72	337
33.99	349
33.56	214
33.52	330
48.56	175
65.62	1
34.73	276
34.38	317
34.12	351
34.21	314
52.78	150
35.2	266
34.29	347
34.05	346
35.13	330
33.9	98
35.43	347
58.2	168
34.11	314
33.65	353
34.83	133
35.4	296
35.17	334
35.45	242
35.01	346
34.5	351
50.76	119
34.95	298
34.8	268
46.1	98
56.69	151
33	177
34.81	236
33.67	352
34.66	297
34.49	354
34.43	276
35.24	321
34.3	333
34.36	246
34.27	353
34.6	325
34.9	347
34.78	349
34.22	294
58.56	170
34.46	355
33.89	115
35.09	167
34.73	308
34.09	339
33.71	243
35.35	245
34.72	270
34.12	295
33.25	439
31.74	1
33.82	331
67.25	7
49.86	156
34.66	332
52.17	150
34.41	304
33.93	347
34.41	317
34.31	354
56.12	159
33.7	356
34.71	282
33.85	314
35.87	255
60.57	7
35.65	213
34.06	353
35.8	287
35.61	224
34.77	338
35.89	223
34.36	349
35.82	203
35.43	240
33.88	339
56.22	163
35.12	288
34.42	319
51.85	150
34.84	313
35.07	332
35.21	239
34.24	329
33.75	349
34.43	335
34.46	343
32.85	104
33.75	341
34.71	254
34.65	254
34.4	316
34.1	278
56.06	178
34.24	352
34.06	335
51.96	146
35.21	292
35.09	140
34.76	300
56.83	169
34.01	346
34.97	347
34.44	308
34.9	332
33.93	289
33.38	341
34.12	320
34.88	300
33.57	336
34.22	320
34.3	299
58.7	170
34.28	306
34.6	338
34.78	296
46.03	135
34.38	340
34.07	302
34.78	351
63.35	12
35.1	323
33.95	345
35.37	287
34.41	353
35.52	349
35.54	207
35.29	271
34.4	308
34.41	343
50.46	160
34.75	342
61.33	27
36.12	321
34.35	352
52.16	148
34.5	335
35.12	347
34.7	314
33.25	333
34.16	103
33.79	356
57.51	165
33.83	340
74.16	6
43.68	95
34.11	343
34.51	324
35.35	242
34.54	348
34.35	332
35.67	218
35.12	357
32.61	20
33.61	266
34.53	262
35.11	253
52.91	154
34.02	341
33.33	332
34.46	276
57.08	164
33.68	336
34.18	330
34.68	342
35.55	185
48.19	158
35.49	248
35.66	334
34.8	350
34.92	340
61.74	16
35.67	332
53.2	149
34.48	342
35.23	266
34.38	355
34.88	302
34.33	346
57.22	159
34.42	336
33.58	340
34.92	319
34.59	324
34.39	329
35.66	269
34.43	333
34.77	339
54.3	162
34.48	351
34.32	331
35.6	261
34.45	320
33.92	250
34.75	291
34.93	193
34.15	126
34.94	235
34.11	334
34.19	333
57.62	170
48.81	156
34.4	285
33.88	356
34.42	308
34.26	191
56.82	36
34.56	311
34.63	322
34.83	293
34.52	350
34.15	339
34.23	309
34.77	340
36.2	343
33.62	357
47.73	165
34.34	287
34.63	338
35.11	346
65.68	2
35.08	315
34.63	347
34.39	119
34.78	282
35.35	303
33.25	341
60.02	11
34.34	328
33.9	355
33.76	66
33.61	353
34.9	332
34.59	158
34.92	281
34.06	357
35.07	280
56.25	161
34.52	326
33.6	343
33.97	288
33.58	341
34.31	357
34.38	142
34.18	340
51.1	157
34.79	305
34.32	330
35.15	297
58.6	156
34.28	340
34.24	338
34.77	326
34.71	294
35.84	389
34.52	356
35.72	285
34.49	341
34.3	332
34.99	130
34.32	265
34.64	351
52.03	117
49.07	170
35.2	259
35.23	175
34.42	304
33.9	321
35.42	380
34.38	352
35.14	233
54.69	19
33.76	337
34	357
34.66	290
34.54	319
34.07	354
34.22	296
33.87	333
33.61	305
34.39	302
56.17	174
34.03	338
35.09	257
34.46	337
34.96	332
34.12	306
34.25	292
60	13
34.14	330
34.27	350
34.88	326
34.16	355
35.86	295
33.61	336
33.98	355
47.66	176
33.97	339
33.62	339
35.1	347
34.39	203
64.44	3
34.93	341
34.72	283
33.69	129
34.97	330
35.77	199
35.27	220
35.26	224
60.38	4
35.25	283
34.14	354
34.12	318
34.53	349
33.84	331
34.36	354
35.04	296
34.2	336
57.74	165
34.75	325
35.06	287
33.38	357
34.57	303
34.42	347
34.34	347
35.19	342
35.54	309
54.25	158
34.68	350
35.93	258
34.26	226
35.44	251
34.94	309
33.62	155
34.76	322
34.58	338
34.65	320
34.41	339
35.11	168
34.27	258
60.26	2
34.84	301
34.34	354
35.41	296
57.61	169
33.72	330
34.46	354
34.26	98
33.63	341
34.27	176
34.48	333
34.51	344
34.92	343
35.7	249
34.54	268
34.3	348
34.1	334
34.39	345
55.82	172
33.6	342
33.45	349
33.5	322
34.27	335
35.62	212
35	339
34.14	347
35.36	157
34.42	341
33.46	38
34.81	312
34.63	352
35.02	352
53.78	135
34.71	319
34.46	347
34.46	323
34.15	283
34.88	275
34.69	305
34.49	347
34.35	336
54.89	163
32.9	355
34.18	341
34.92	351
34.92	351
34.78	338
34.92	351
35.12	335
34.41	326
55.93	168
33.11	350
35.14	296
51.69	125
34.84	311
34.53	354
34.57	353
34.64	346
34.24	342
35.45	351
35.61	289
35.35	356
34.56	356
34.93	351
35.4	412
34.41	285
34.5	316
35.49	305
34.95	327
34.52	349
33.92	352
51.37	120
34.4	344
35.81	309
35.81	294
34.84	332
34.34	306
34.27	355
54.88	160
35.86	181
35.19	291
34.72	269
36.05	218
44.68	119
34.25	327
34.78	325
67.2	2
34.21	338
34.7	153
35.02	296
33.69	323
33.89	312
33.51	337
64.59	15
34.13	202
34.1	343
34.69	325
34.32	202
34.68	302
33.8	295
33.38	343
33.73	318
34.59	329
33.96	348
34.52	345
34.22	257
35.18	240
49.86	157
34.02	355
34.43	321
34.16	271
33.96	342
57.76	167
33.93	356
34.83	330
35.33	277
35.19	299
34.34	316
35.33	340
33.97	354
51.35	118
34.1	356
33.68	357
34.26	351
34.63	327
34.61	313
34.7	331
33.68	357
35	283
33.66	357
34.33	167
53.47	168
34.31	291
33.69	337
56.35	170
35.32	303
35.19	280
34.63	350
33.74	335
34.07	308
34.6	321
34.77	312
33.54	350
34.27	299
34.36	357
34.32	334
60.98	46
33.85	146
35.19	268
34.02	348
33.62	347
35.01	262
34.21	326
34.54	294
34.37	336
47.58	167
34.49	113
34.72	343
34.46	315
34.8	356
66.63	12
34.56	311
35.05	277
34.22	299
35.19	296
34.29	285
35.32	337
34.77	305
34.76	327
35.02	306
34.74	303
57.58	170
34.98	253
35.24	282
35.68	273
46.99	102
35.66	396
35.36	263
50.19	119
35.42	301
34.7	241
34.52	336
35.41	300
33.98	349
51.6	118
34.54	345
33.93	357
33.98	338
34.34	310
52.46	133
34.72	314
35.03	318
34.9	336
34.13	333
100	0
35.79	314
44.2	110
34.27	343
34.85	354
34.71	304
34.4	356
35.2	216
34.34	347
33.81	325
34.56	302
34.83	215
34.84	288
34.35	328
35.5	327
56.47	157
33.94	153
35.05	177
34.57	262
35.14	351
35.21	210
34.13	333
34.63	332
35.06	329
35.17	344
35.47	306
48.25	171
35.45	247
34.58	354
34.36	331
35.51	296
34.67	298
35.09	333
35.18	291
34.63	343
57.48	169
34.54	349
35.21	351
34.7	339
34.06	357
58.25	47
34.16	154
35.56	272
34.55	226
34.92	314
34.41	345
33.76	350
33.9	341
35	253
34.24	340
34.3	339
34.45	335
33.13	346
34.88	286
33.89	305
55.92	171
35.05	227
34.3	352
35.17	297
34.42	348
33.75	340
34.59	297
33.08	341
34.46	349
33.99	354
34.04	355
33.94	354
58.82	172
34.39	340
34.43	316
57.25	171
33.65	354
33.84	345
33.62	344
34.42	294
34.36	305
34.91	332
33.85	314
34.91	285
55.83	167
32.99	64
33.89	352
34.76	343
34.43	202
56.02	165
35.02	335
34.76	233
33.57	350
34.16	346
34.56	347
34.13	318
33.94	307
49.5	162
34.17	253
34.53	339
33.48	291
34.66	238
58.24	169
34.2	353
34.3	352
34.75	179
34.44	320
34.66	290
35.44	272
34.87	349
42.11	208
57.72	169
35.23	344
34.57	320
35.02	281
34.72	338
35.11	243
33.83	330
34.59	356
33.88	353
57.33	166
35.01	340
55.1	168
33.83	353
34.51	278
55.34	84
34.78	357
34.19	349
35.17	314
49.97	153
34.68	329
34.27	321
34.5	329
35.11	292
34.29	338
34.97	202
50.01	109
41.81	33
34.53	357
34.89	331
35.05	346
34.4	315
34.15	327
35.21	231
35.38	165
35.73	186
33.99	346
34.79	333
34.79	348
34.43	323
34.22	354
34.53	304
57.93	2
35	119
34.05	328
34.66	292
35.13	244
34.93	341
34.35	348
60.44	8
34.72	200
33.93	79
34.58	343
34.95	297
33.47	355
33.8	354
34.42	308
34.27	332
33.99	330
34.43	297
34.51	352
34.33	229
58.36	172
34.35	348
34.88	287
34.69	183
57.13	170
35.53	224
34.39	349
34.7	337
35.55	219
33.6	349
34	351
33.54	349
34.08	315
34.49	321
33.51	341
34.58	300
35.32	282
34.03	329
33.53	345
34.01	352
58.09	172
34.94	297
34.34	344
33.51	355
33.78	354
34.43	297
34.5	352
34.28	332
33.08	341
34.19	229
58.36	172
34.69	282
36.09	142
34.01	330
34.14	349
57.98	4
34.9	228
34.81	240
35.16	312
34.36	354
35.52	317
33.98	350
34.43	328
34.03	338
34.05	221
33.24	48
36.08	195
35.14	296
34.4	118
33.88	317
57.12	159
35.6	267
35.37	284
47.31	93
35.42	231
34.95	258
35	335
35.17	337
34.62	324
52.3	123
34.53	303
35.48	238
47.64	96
35.75	277
35.3	297
37	263
34.72	354
34.35	294
34.84	345
52.56	131
35.26	300
34.55	212
41.61	203
33.59	337
34.04	183
59.1	1
33.05	284
33.66	135
34.26	324
34.24	343
34.47	293
33.59	343
52.1	137
34.49	309
34.17	313
34.07	350
56.68	157
34.15	346
35.28	264
34	135
33.77	305
34.29	352
34.65	332
34.64	144
35.26	417
63.8	0
34.64	355
34.95	292
48.51	171
34.39	340
35.5	372
35.39	324
33.54	73
54.36	138
35.24	259
33.61	119
33.75	324
34.9	315
34.64	214
36.02	289
33.91	128
35.8	304
57.11	14
34.8	348
35.1	345
35.13	345
33.98	349
34.74	309
34.84	319
34.15	341
34.67	279
34.56	351
35.17	295
34.57	306
34.53	329
51.84	124
34	345
34.12	355
35.04	238
35.83	209
52.31	132
34.78	307
34.6	355
34.66	355
34.62	345
35.18	340
34.12	353
34.32	347
36.01	294
33.94	345
34.38	355
34.48	357
34.63	324
34.73	357
35.15	356
34.8	353
59.27	6
34.43	351
35.02	350
35.65	356
35.93	347
46.72	127
34.9	236
34.65	332
66.74	13
34.74	303
35.01	315
33.77	335
35.65	234
35.27	264
34.45	304
34.1	353
34.33	333
35.28	273
34.85	357
36.16	353
35.2	311
34.57	356
54.35	159
35.35	345
35.04	283
35.33	251
34.24	316
34.54	296
52.51	123
35.03	248
47.37	104
34.89	345
34.35	330
34.03	294
35.01	338
34.72	330
34.83	191
35.28	278
61.69	10
34.94	287
33.62	352
34.57	357
34.35	350
34.58	357
34.82	337
34.91	178
35.12	313
34.12	354
34.76	263
34.36	318
52.08	123
35.17	252
35.08	334
34.68	344
35.73	303
35.02	291
34.4	352
33.99	101
34.73	338
35.28	333
34.62	128
35.11	239
57.74	170
35.52	238
34.39	344
34.11	345
34.28	344
33.93	339
34.77	245
34.2	222
32.34	36
34.54	268
55.49	160
33.7	315
55.05	163
34.89	313
34.67	329
34.53	340
34.79	147
35.42	312
35.33	315
34.43	318
34.92	353
35.79	273
33.55	322
52.62	147
34.11	219
32.07	33
33.97	350
35.44	260
34.22	304
35.21	306
57.47	165
34.43	297
56.27	166
34.54	336
35.19	309
34.31	348
35.94	305
34.47	320
34.96	334
34.54	354
35.24	309
53.14	130
34.45	305
33.62	355
33.71	345
34.41	263
34.88	236
34.3	337
35.12	287
34.91	282
61.64	6
33.81	357
54.77	161
35.15	350
34.97	352
33.98	337
36.11	227
34.76	348
35.24	305
33.79	314
34.59	352
35.14	330
34.81	271
34.46	336
35.44	345
35.18	331
35.54	329
34.2	344
35.18	215
52.33	131
35.37	280
34.87	307
33.51	339
34.89	305
34.21	303
34.77	320
33.95	215
57.2	19
33.35	156
35.01	281
34.02	144
32.7	344
35.06	225
33.53	320
34.71	288
34.01	307
34.12	325
34.41	179
42.71	144
34.38	332
55.61	163
34.22	293
35.4	163
34.47	350
34.65	304
34.24	348
35.03	291
33.79	330
57.68	170
34.35	299
35.27	344
34.91	357
34.66	143
34.45	260
34.35	240
41.26	180
33.92	144
55.93	152
34.06	239
34.67	338
35.43	253
33.61	336
34.39	147
33.71	352
34.17	336
34.85	352
33.35	350
33.79	353
34.02	342
34.8	293
35.22	274
60.15	11
35.26	344
34.79	328
35.45	354
35.58	340
34.35	348
34.87	329
33.34	82
34.24	324
54.48	145
35.78	331
33.61	356
34.86	338
34.53	212
35.1	281
34.45	314
34.74	315
57.08	167
34.09	351
34.59	321
34.83	128
34.51	351
35.27	317
35.41	285
34.26	259
33.9	339
34.85	351
56.72	168
34.34	312
34.63	318
34.48	343
34.18	351
34.41	346
35.18	317
33.51	351
34.96	239
56.86	168
34.02	335
34.78	350
35.13	249
34.06	259
34.29	336
50.47	168
34.8	341
35.05	344
34.3	332
52.15	92
34.92	286
34.43	190
34.55	312
34.13	337
35.13	300
35.23	302
35.13	282
35.16	306
33.86	346
34.45	264
34.33	356
34.61	342
33.98	348
58.94	170
34.64	333
34.48	344
41.65	150
34.22	329
33.82	349
33.14	354
34.59	321
33.95	226
34.45	174
57.23	171
34.66	147
54.61	175
34.69	285
34.55	138
35.24	296
34.44	353
34.48	193
34.42	258
34.28	317
34.51	326
34.79	341
57.1	19
34.39	357
34.7	301
34.58	349
34.94	229
34.97	308
33.96	346
35.47	306
34.36	329
33.11	355
33.93	129
34.63	342
41.21	144
34.19	315
34.14	319
33.41	346
57.22	164
34.18	325
35.43	250
34.2	347
51.75	138
34.94	280
33.69	333
34.19	351
34.58	213
34.79	340
35.2	287
56.39	156
33.54	90
33.76	287
34.74	338
35.84	214
34.5	320
32.87	357
33.38	355
34.96	299
52.65	156
33.61	332
35.15	231
35.13	210
33.89	320
33.94	324
35.3	213
34.04	348
34.82	366
34.7	344
41.94	144
35.06	344
54.86	155
35.72	236
33.77	88
34.15	336
54.1	150
34.53	312
34.35	342
34.96	337
35.9	294
35.58	296
35.93	251
35.42	149
35.32	302
33.8	322
34	349
35.33	309
35.13	322
64.4	5
46.46	164
33.91	346
35.12	183
67.2	6
33.9	226
34.14	307
35.1	271
34.93	325
35.44	288
34.54	232
34.33	356
33.61	347
34.2	357
34.21	356
34.48	353
33.6	328
34.47	347
58.81	172
33.89	302
34.3	323
34.92	341
34.14	322
34.18	318
58.64	172
35.18	297
34.63	312
33.85	354
34.32	294
34.5	305
34.46	297
34.53	348
33.81	277
33.82	340
33.91	352
35.4	319
42.71	144
34.15	338
34.24	315
35.33	284
33.4	347
54.26	143
33.19	355
34.75	267
35.55	326
34.51	287
50.42	112
33.45	351
33.68	355
36.02	290
44.03	66
35.39	301
35.33	220
42.88	162
33.48	357
34.37	164
34.15	258
34.42	236
34.28	254
34.88	341
49.17	109
34.44	353
41.62	143
35.23	285
34.5	333
34.72	334
45.75	95
35.39	279
34.36	353
34.67	314
34.32	344
34.72	346
35.78	340
50.3	101
34.4	252
34.14	354
33.28	322
33.68	332
33.6	353
34.8	294
34.22	343
34.34	315
34.29	312
34.43	328
34.71	285
34.26	155
33.95	133
34.38	344
33.78	326
35.15	273
51.54	119
41.57	138
33.86	346
33.68	314
34.71	327
35.1	340
34.69	275
34.28	328
34.26	355
36	345
54.43	170
35.47	344
34.53	341
34.68	299
34.83	296
34.4	296
34.05	336
62.36	17
34.51	306
34.58	191
34.12	313
34.93	303
33.4	355
34.04	342
34.46	348
34.61	294
34.38	357
34.15	329
33.65	334
34.31	341
34.49	291
56.8	171
34.19	303
56.55	169
34.41	351
46.65	95
51.65	125
34.77	336
34.44	309
34.39	340
34.36	355
34.85	325
46.42	102
51.47	128
34.45	329
34.34	312
35.2	292
34.17	331
34.71	252
34.48	355
34.38	346
34.78	210
58.94	166
35.21	287
34.76	352
34.73	206
35.06	245
33.85	304
35.27	295
34.43	355
52.49	128
34.45	333
34.46	331
34.92	268
34.55	330
33.37	353
35.2	242
35.13	266
33.78	303
33.79	322
33.44	344
34.42	287
41.78	191
34.73	332
35.11	347
34.46	339
34.52	325
33.22	357
53.74	145
34.94	229
34.58	353
35.05	299
33.92	320
34.19	352
54.88	174
34.19	331
35.19	326
34.36	293
34.17	310
33.33	350
33.29	338
34.41	349
35.05	309
34.45	319
33.74	349
35.7	287
33.84	289
34.14	217
34.94	260
33.15	353
33.56	320
34.15	300
34.6	344
55.45	157
34.23	265
33.79	303
33.33	322
34.89	258
34.35	343
35.27	234
59.24	9
33.97	300
34.03	328
34.38	201
35.49	333
34.99	328
35.09	341
35.42	321
35.27	342
47.2	97
34.97	304
35.46	355
34.65	351
52.39	128
34.15	244
34.49	331
33.91	312
34.48	216
34.31	109
55.65	167
42.58	200
34.29	281
34.25	320
33.54	342
34.7	294
34.61	326
34.65	307
35.77	279
35.41	352
32.05	21
35.2	344
34.78	269
51.94	119
35.06	353
34.94	317
35.33	306
35	326
35.43	293
34.79	323
34.6	287
35.11	327
35.46	244
49.89	155
35.07	316
33.82	349
34.64	304
35.06	345
34.88	323
34.64	244
34.04	215
34.59	346
57.47	170
33.51	332
34.34	345
35.18	382
35.37	292
34.63	312
34.51	312
34.86	326
34.08	270
34.32	280
34.55	347
34.21	311
59.11	169
34.97	357
35	344
34.8	298
33.25	337
35.02	156
55.09	168
35.33	323
35.18	343
35.2	256
35.52	300
35.21	342
34.36	325
33.85	294
33.58	340
33.87	349
34.84	338
34.71	353
64.91	5
46.17	170
33.88	355
34.59	351
33.45	356
33.98	314
34.58	310
34.16	329
34.05	322
34.2	350
33.12	352
53.8	145
51.46	114
34.53	318
35.48	299
35.31	262
34.92	282
34.63	333
35.89	219
53.99	115
34.26	344
35.03	292
35.11	337
34.74	273
33.95	328
35.13	285
34.54	298
60.02	1
34.73	331
34.18	355
35.64	258
35.01	261
35.49	274
34.12	352
34.44	188
34.1	357
34.64	318
34.5	157
33.94	282
33.95	340
34.97	145
34.58	333
53.09	134
35.38	169
34.81	344
34.79	344
34.33	350
60.55	2
34.03	326
34.95	318
34.57	354
34.75	304
34.44	356
34.47	346
35.81	274
34.64	323
34.88	272
34.12	299
34.99	286
34.54	333
60.45	7
35.12	264
34.54	323
34.16	205
34.39	232
34.39	346
34.42	231
34.4	170
34.32	301
35.43	254
34.8	290
34.49	328
55.77	165
60.22	2
34.44	357
34.86	328
33.98	328
34.28	328
34.48	290
34.51	350
34.54	348
35	288
33.83	348
34.38	346
41.8	196
34.72	349
34.02	339
35.04	286
35.01	289
35.41	306
57.68	169
35.4	302
35.41	310
35.55	324
35.24	344
35.03	317
35.31	308
34.29	216
35.18	261
34.02	353
35.73	283
53.34	130
33.84	329
34.61	315
35.05	286
52.02	146
34.71	290
34.15	350
34.26	351
33.7	180
57.44	165
34.43	319
32.57	259
33.51	327
34.31	330
34.43	291
34.76	150
34.63	336
33.88	320
55.8	160
34.82	293
34.45	307
34.74	220
35.09	302
35.24	270
34.56	343
35.75	224
33.8	350
35.47	258
48.67	176
65.43	4
34.83	348
34.83	344
34.65	297
53.15	148
35.52	286
34.4	289
34.86	164
33.9	354
34.86	349
57.44	169
34.96	247
34.37	316
34.54	325
35.58	253
34.66	217
34.78	166
34.87	339
35.16	328
34.15	185
33.96	126
58.73	172
35.73	183
35.06	334
35.17	299
55.65	169
36.12	288
33.65	351
33.8	357
35.64	288
35.24	352
34.79	286
35.34	306
53.23	130
34.66	320
35.96	340
34.61	345
34.07	342
34.79	323
34.85	355
34.93	334
34.77	321
35.28	154
34.81	355
34.77	354
34.7	338
34.78	345
32.93	344
34.6	355
52.87	130
34.88	298
34.43	322
32.83	335
34.44	329
34.85	324
35.12	252
34.13	344
35.68	262
34.34	262
35.54	180
56.57	166
35.26	310
33.83	323
54.28	164
33.93	325
34.65	319
34.11	307
34.62	297
34.26	321
34.09	254
30.94	17
35.31	243
33.79	162
34.19	335
34.24	343
34.84	333
34.19	295
35.06	237
34.91	291
34.4	315
55.79	133
34.44	332
35.62	244
35.41	237
50.32	130
35.17	299
34.28	350
34.29	305
35.69	314
34.04	349
34.91	343
54.92	158
33.67	347
34.46	251
34.89	313
34.56	340
34.28	251
34.14	331
34.49	169
34.6	338
56.96	167
34.09	349
34.86	291
54.33	167
34.08	331
34.42	312
34.85	329
34.59	142
33.87	338
35.01	359
34.61	260
56.39	161
33.77	354
34.69	305
35.22	354
46.21	149
33.93	275
34.79	355
34.63	341
35.17	336
34.63	306
65.21	5
33.65	340
34.41	285
34.41	235
53.28	167
34.81	325
34.84	327
34.79	330
34.2	321
56.11	161
34.51	250
33.95	272
34.24	354
33.95	353
33.7	355
35	347
58.91	140
34.21	336
34.03	335
33.34	347
33.38	325
34.82	264
52.81	168
34.36	357
34.83	291
34.31	345
34.64	349
35.36	305
34.08	351
56.58	161
33.73	356
34.16	320
52.95	168
34.17	333
34.1	354
33.97	354
34.22	333
35.95	229
34.15	338
56.14	161
34.49	341
34.18	317
34.53	331
44.16	102
34.77	260
35.78	346
34.8	337
34.38	314
75.32	12
34.75	297
34.16	340
34.88	299
34.89	329
34.93	333
34.41	338
33.85	334
34.6	332
35.29	341
34.97	280
35.19	188
52.1	126
34.41	357
34.99	220
34.11	291
34.02	289
56.76	162
33.41	320
33.61	356
34.51	238
51.4	139
33.27	320
34.98	278
35.05	351
35.9	242
52.72	132
35.05	340
46.67	95
35.19	352
35.18	355
36.11	260
35.17	312
34.17	351
34.17	332
33.94	357
34.7	150
34.53	265
33.25	354
34.18	240
52.52	163
34.45	286
34.79	282
35.23	304
53.08	168
33.82	294
34.4	333
34.49	347
34.12	357
33.71	357
34.14	329
56.45	161
34.9	335
34.52	268
33.45	337
33.96	351
35.09	265
58.09	12
34.82	285
34.72	260
34.4	275
34.92	239
33.64	307
34.49	322
34.37	328
33.91	315
34.25	301
35.11	320
34.12	335
35.13	255
57.46	13
34.83	241
35.38	298
34.83	346
35.78	289
33.9	157
34.39	350
34.92	349
34.1	349
57.24	168
36.36	210
34.92	324
34.21	332
35.81	171
33	50
35.81	259
34.29	276
34.31	240
33.6	338
34.13	345
35.49	250
33.9	106
35.4	485
35.09	330
35.01	256
35	341
35.47	317
34.73	335
34.96	209
35.27	324
33.62	351
34.46	329
59.14	9
33.99	357
33.91	356
35.03	114
52.51	120
34.68	237
33.5	333
35.4	287
34.04	349
55.88	163
33.58	339
34.69	355
34.23	341
34.87	239
52.23	147
34.02	318
34.7	348
33.77	276
34.36	338
34.68	328
57.97	162
35.06	293
36.16	239
33.14	357
35.13	250
41.57	146
33.66	261
35.27	398
33.94	320
57.1	164
34.19	128
51.28	152
34.63	340
34.44	332
34.55	342
34.91	311
33.8	102
34.63	299
56.5	162
34.74	324
33.85	355
34.17	350
34.81	241
53.02	150
35.46	244
34.48	216
34.44	342
33.86	347
34.53	332
34.12	338
57.64	167
35.17	296
34.77	343
33.96	350
52.78	148
34.46	131
34.19	317
57.88	168
34.37	332
34.03	352
35.47	292
34.59	333
33.93	328
49.81	155
33.84	285
34.36	340
34.66	261
34.08	340
34.98	235
33.8	159
56.84	168
34.29	322
35.03	292
33.52	343
33.74	345
33.52	353
34.53	286
35.35	182
33.33	296
34.37	336
57.44	172
34.27	357
33.61	344
34.39	353
34.66	345
35.47	249
34.33	194
34.88	305
56.52	161
34.91	248
34.83	283
33.67	351
33.7	337
33.91	356
49.65	154
34.03	317
34.2	354
33.93	322
34.91	249
57.13	169
33.24	285
35.41	344
34.24	357
33.87	357
33.77	355
34.48	342
52.59	121
53.53	148
35.5	302
35.12	354
35.45	219
34.76	347
35.5	235
35.32	334
34.51	352
34.58	334
34.83	341
34.24	341
51.33	120
46.55	98
34.24	347
41.55	145
34.37	195
35.11	281
34.92	236
33.46	326
34.61	285
33.91	342
56.88	163
34.15	332
33.75	343
34.25	354
48.34	154
33.36	340
35.33	216
35.05	262
34.94	288
34.23	195
57.16	168
34.57	344
34.6	208
34.64	150
34.86	320
34.3	354
34.92	213
35.1	339
34.4	344
34.72	332
34.11	328
35.25	280
52.36	128
35.35	325
34.18	327
34.79	347
33.75	346
66.54	1
34.47	344
34.65	318
34.01	225
48.65	173
34.36	355
34.65	341
34.67	356
33.51	339
33.13	342
33.92	329
53.97	150
35.05	251
33.17	352
49.61	144
34.38	208
35.08	304
35.57	226
34.68	335
34.83	310
34.66	328
34.14	322
34.68	313
34.04	357
52.27	120
33.6	334
58.55	1
34.15	351
35.25	306
33.91	341
34.26	346
34.09	317
41.22	197
33.98	333
34.04	355
34.8	306
32.74	345
34.52	334
33.85	192
34.79	332
34.52	253
34.91	328
35.47	351
48.16	143
54.33	156
34.67	353
34.4	316
35.29	308
34.35	355
34.65	349
33.99	327
34.65	352
55.77	161
34.5	260
34.53	355
35	269
31.45	52
33.02	125
33.18	280
32.97	90
34.23	346
31.4	14
49.69	134
34.03	323
33.9	242
34.13	299
34.42	338
34.34	201
35.3	297
34.71	346
33.71	344
34.79	334
35.19	291
34.74	320
46.91	177
60.64	66
34.71	315
34.6	177
47.5	178
35.77	246
33.3	350
34.02	350
65.49	0
34.95	347
34.37	335
34.66	316
35.04	225
33.06	399
35.27	421
33.87	322
34.16	171
34.4	369
34.36	354
34.6	339
32.61	394
33.68	393
33.16	177
34.01	350
32.23	374
34.25	334
33.35	338
34.14	384
33.96	350
33.02	383
33.65	380
35.15	276
34.12	332
33.51	385
33.35	350
33.31	350
32.89	374
33.41	343
33.29	390
34.08	359
34.13	389
33.71	361
33.5	343
32.69	374
34.29	201
33.58	349
34.51	303
33.06	402
32.47	385
53.55	152
33.91	347
32.82	401
33.05	381
33.91	354
33.13	401
33.97	385
33.77	384
34.46	251
34.75	251
34.31	365
33.12	381
48.48	105
34.54	234
33.92	333
33.85	393
33.71	393
33.64	308
34.39	349
33.89	358
33.54	370
35.01	216
33.39	350
33.9	375
34.23	262
34.11	325
34.45	318
34.35	319
33.76	382
33.42	378
33.19	360
33.6	396
33.99	395
35.06	357
34.23	380
33.57	384
34.1	306
34.26	361
32.55	386
34.6	330
33.86	353
34.1	362
34.02	338
33.09	394
34.21	277
33.28	363
34.52	293
32.93	391
33.23	378
32.2	399
33.03	361
33.75	358
33.98	389
33.93	349
34.74	360
33.31	402
35.5	239
34.54	304
33.72	381
34.65	181
32.7	391
34.21	379
35.02	358
33.34	395
34.76	267
33.67	387
33.91	315
35.45	306
34.15	359
33.58	395
32.51	402
33.91	396
34.29	194
33.65	401
35.07	361
34.29	341
33.6	386
35	390
34.49	351
45.73	76
34.32	388
32.53	367
33.42	350
33.71	359
34.53	249
33.84	399
34.88	264
34.15	351
33.3	382
34.08	358
33.52	394
33.74	367
33.33	337
34.12	340
33.67	389
34.08	392
32.96	398
32.9	399
33.76	367
34.18	337
34.32	327
34.64	195
35.29	284
34.46	294
34.32	365
34.07	340
34.06	239
34.47	339
33.91	323
32.84	394
33.57	374
33.45	399
33.21	121
33.55	297
33.26	390
34.99	224
33.92	375
34.96	335
33.58	376
34.37	299
33.95	368
35	331
33.59	365
33.52	388
32.34	399
34.92	280
34.72	347
34.19	366
34.62	363
35.05	354
33.97	399
33.59	312
33.76	361
34.42	327
34.04	382
34.09	299
33.92	354
36	258
34.18	358
34.37	339
33.35	144
33.6	379
33.97	399
33.81	352
33.34	362
33.52	387
34.21	342
33.47	387
34.3	371
34.29	398
34.13	379
35.06	348
33.99	383
33.74	371
34.97	331
33.69	396
33.03	368
33.9	378
33.87	364
33.85	374
33.79	374
33.89	374
34.02	374
33.72	374
34.1	375
33.72	318
34.75	286
34.89	221
33.3	385
33.5	372
33.4	374
34.64	305
33.3	398
33.34	267
33.68	343
34.92	244
33.91	361
33.97	382
33.27	383
33.84	375
33.65	388
33.66	393
34.47	183
34.31	353
35.16	274
33.83	392
34.27	288
34.98	181
33.34	39
34.84	355
34.13	256
33.68	382
32.72	394
33.25	393
32.48	395
33.49	308
34.72	210
34.04	349
33.87	386
33.8	370
34.3	313
33.61	376
33.32	366
33.87	391
33.46	393
33.67	347
34.2	314
47.2	86
33.42	365
34.08	318
34.42	341
33.72	342
34.3	359
33.24	394
32.65	366
33.31	368
33.34	380
34.79	339
34.66	300
33.45	397
33.43	397
34.03	365
33.89	368
35.42	301
33.67	383
34.3	341
34.8	357
33.89	371
35	318
