sim	len_diff
32.61	31
34.12	103
33.78	57
32.69	75
33.87	50
33.03	60
35.58	69
34.5	69
34.29	37
36.79	56
33.07	47
32.6	67
33.97	142
33.38	67
41.92	38
32.44	6
34.46	107
34.13	93
32.58	63
33.84	63
32.92	99
31.28	68
33.28	108
33.7	93
40.33	45
32.37	46
34.65	50
32.56	68
34.79	74
34.27	121
32.62	46
34.31	100
34.98	47
34.98	47
34.56	31
34.18	55
33.28	46
34.21	48
34.08	58
32.82	55
31.8	72
33.65	65
32.82	55
32.8	41
32.95	124
32.44	70
32.86	70
31.2	70
33.48	75
33.07	21
34.51	109
32.27	74
32.18	60
33.44	62
32.8	54
33.32	70
30.18	74
31.73	49
30.72	75
34.21	48
34.21	48
33	135
31.99	48
33.24	52
31.99	100
33.4	70
30.52	70
34.36	71
31.51	146
32.55	73
40.45	48
40.45	48
40.45	48
34.52	44
34.52	44
34.77	43
32.46	69
34.1	66
35.15	57
33.9	47
32.15	73
34.97	54
32.63	70
38.3	44
33.07	47
35.32	65
33.07	47
32.81	67
35.21	68
32.46	72
33.03	43
31.23	53
36.52	63
32.39	141
33.53	60
33.45	88
32	69
33.09	31
33.3	73
34.48	63
41.14	16
33.66	133
33.97	70
33.68	59
33.3	89
33.81	68
33.34	61
33.52	64
31.92	62
35.94	56
33.15	54
34.34	18
38.83	13
31.38	28
33.07	47
35.2	19
31.88	75
33.07	47
32.58	63
35.35	54
36.22	57
41.2	26
32.98	73
33.07	47
36.44	49
33.07	47
34.36	43
33.57	119
32.53	32
34.49	144
34.93	42
31.32	74
42.54	38
36.59	36
32.99	74
32.96	130
34.2	32
33.6	40
35.04	41
32.48	2
35.1	48
32.97	108
32.28	69
34.08	76
32.24	149
32.92	61
31.72	57
33.03	62
33.62	62
33.86	67
34.53	31
30.76	53
33.61	118
32.44	71
33.12	130
33.12	130
33.82	73
32.91	9
32.32	56
33.07	74
41.72	38
34.74	45
32.98	64
32.84	59
32.45	103
35.64	45
33	77
32.47	102
31.16	53
34.33	118
33.74	60
33.96	40
33.06	40
31.68	57
32.54	64
35.23	68
34.41	43
35.23	68
32.58	86
31.16	35
34.27	77
32.37	68
34.33	30
35.23	13
33.12	56
33.88	107
32	68
34.16	149
32.91	42
32.43	64
33.06	65
34.12	67
33.73	88
41.76	29
33.3	61
33.3	35
33.07	47
33.78	64
32.79	67
32.82	51
33.24	74
35.54	50
32.42	121
39.22	32
33.47	107
34.18	69
34.68	13
33.07	47
32.09	58
33.07	47
33.82	62
35.32	64
33.44	45
32.26	68
34.99	37
33.3	39
34.67	63
33.82	62
35.69	57
34.49	71
41.33	42
31.6	70
32.52	73
32.06	68
32.5	71
30.85	71
33.15	58
33.78	75
34.44	64
31.56	57
32.08	63
32.81	58
31.64	63
32.13	57
31.06	63
30.92	74
33.3	75
33.04	61
32.5	71
33.04	71
32.4	69
33.16	40
33.85	64
32.5	71
34.28	53
31.78	72
31.03	75
33.6	74
33.94	71
34.98	48
32.5	71
30.05	74
34	54
33.65	54
33.65	54
31.69	73
32.57	75
34.16	64
33.97	75
35.38	73
32.84	67
32.91	62
31.74	75
33.24	62
32.97	63
33.45	37
32.1	56
31.57	74
30.72	73
34.44	64
40.26	15
35.01	61
32.74	144
35.39	34
36.65	57
34.19	136
32.63	120
32.68	76
34.25	70
33.88	144
36.2	40
32.75	73
34.15	66
41.35	38
33.95	93
34.23	107
33.66	37
33.66	135
32.85	47
33.07	47
35.76	69
33.07	47
33.07	47
39.07	56
31.88	74
33.51	126
33.91	22
32.68	72
32.79	75
32.61	61
38.44	28
34.76	69
35.08	69
33.04	59
35.46	66
33.06	141
34.09	64
33.74	49
32.98	71
35.11	60
32.69	70
34.04	70
33.3	72
34.5	38
36.01	41
37.08	41
32.94	28
34.54	64
33.74	62
34.21	37
33.67	49
31.94	71
33.81	74
34.36	75
31.56	66
35.28	31
34.66	54
34.15	70
32.72	42
34.54	66
33.8	66
33.93	51
34.82	73
36.33	75
34.38	68
31.74	66
35.08	28
35.02	53
43.56	43
31.75	34
33.74	33
35.94	32
32.31	75
33.12	69
36.38	59
32.88	62
33.3	71
36.18	45
34.4	68
33.93	74
33.1	61
34.69	48
30.88	23
33.56	38
34.94	35
32.84	49
33.78	82
48.9	1
32.92	35
31.14	27
42.6	15
34.5	46
34.71	64
34.31	31
38.17	32
35.87	32
35.98	39
32.76	96
34.04	57
33.88	45
33.22	97
32.94	63
37.8	3
33.45	47
32.52	61
34.04	71
34.82	61
31.41	7
33.02	43
31.86	30
35.39	57
34.04	59
32.83	96
32.67	58
32.62	69
34	55
34.25	49
32.37	106
32.6	118
32.6	55
33.89	62
35.04	71
34.24	59
34.7	15
34.55	48
36.03	57
35.09	116
34.36	55
52.95	17
36.08	50
32.68	41
33.16	65
33.96	59
34.29	65
36.91	8
33.72	58
37.52	55
32.72	62
35.74	41
36.15	44
40.35	4
34.59	51
32.07	102
34.55	59
34.66	35
32.46	26
34	30
33.21	71
33.28	62
33.05	37
32.95	52
31.32	29
33.7	109
31.9	56
32.94	51
32.95	67
31.5	52
33.53	78
33.47	88
35.76	86
36.38	47
33.96	63
33.97	28
33.83	65
36.37	95
34.25	34
35.93	19
33.9	61
37.4	58
37.13	79
34.81	51
35.04	55
35.79	64
36.3	55
35.91	57
36.94	51
36.4	45
34.44	64
40.56	6
33.27	46
33.2	58
31.82	66
36.88	64
32.88	61
35.28	65
33.57	64
37.68	85
32.83	44
32.83	57
36.14	30
33.66	77
36.1	59
34.73	69
36.44	64
34.84	50
33.72	33
32.98	61
36.28	58
37.96	36
36.58	18
34.5	104
30.54	64
34.16	32
34.18	45
33.56	45
33.36	93
31.58	55
32.53	103
32.75	87
32.98	85
33.07	99
32.7	24
34.19	94
33.6	60
30.92	66
32.06	63
32.07	66
35.12	45
33.14	56
32.75	63
34.83	61
35.93	34
31.91	41
33.16	58
40.7	30
34.68	104
32.54	66
36.17	76
34	16
31.76	64
34.36	100
33.82	59
32.33	61
35.64	30
31.32	55
33.63	51
32.13	18
30.87	47
37.07	75
34.55	58
43.71	8
36.53	57
35.25	33
36.74	33
37.12	55
35.47	36
37.62	59
35.06	62
32.28	53
33.5	66
32.38	46
33.84	57
34	110
31.19	86
35.78	62
33.08	46
33.77	54
34.48	56
33.67	87
31.01	24
31.01	24
34.76	34
34.06	93
32.22	46
30.89	66
31.56	37
32.93	66
32.34	62
35.65	93
35.92	75
40.74	21
33.64	59
33.11	64
33.59	58
33.66	85
34.84	31
33.45	46
34.22	56
34.54	52
35.8	55
35.74	49
38.45	27
34.85	26
34.78	47
35.28	66
33.93	54
34.36	60
36.48	50
32.91	61
34.47	58
33.51	61
34.31	47
35.88	43
32	59
33.27	49
32.36	63
42.83	7
34.98	16
33.06	64
38.2	29
34.1	34
34.7	97
35.96	96
35.43	56
34.5	64
34.25	62
33.64	50
34.91	13
33.95	48
31.05	4
31.76	109
33.64	41
32.96	32
31.86	62
32.94	15
32.29	61
31.86	31
33.84	56
33.85	60
36.1	59
39.18	4
35.06	31
38.78	53
34.43	66
33.83	60
37.99	28
35.04	114
34.36	39
41.73	7
34.1	63
35.04	50
35.6	45
34.66	94
34.9	56
32.31	65
34.82	59
34.96	66
34.17	64
36.45	81
34.31	51
33.82	45
34.06	62
34.62	25
34.39	42
36.04	52
43.91	15
33.16	62
36.38	57
32.23	53
43.58	3
33.19	61
33.96	85
30.94	55
34	42
32.92	57
34.1	63
33.64	49
34.55	61
34.6	62
32.55	46
36	43
33.81	47
35.88	84
43	3
34.24	54
34.75	59
34.27	109
33.67	51
33.51	64
34.94	49
34.11	60
34.98	52
34.78	55
37.62	54
43.87	7
35.5	62
33.97	33
34.42	40
36.28	25
34.86	54
33.33	61
35.2	70
36.71	83
35.74	63
33.73	58
44.62	11
35.25	37
36.48	39
36.2	43
34.74	17
34.94	120
35.9	44
35.76	55
36.62	61
32.32	62
45.12	14
32.24	32
35	42
34.83	64
34.54	50
33.97	59
32.74	38
32.98	63
33.22	61
34.43	102
34.22	78
34.17	94
34.43	101
33.76	56
33.94	54
35.01	55
32.7	58
33.98	33
34.57	42
35.27	94
32.91	95
34.32	54
32.25	61
34.5	62
31.62	60
33.01	46
31.58	50
34.96	18
35.36	28
33.07	39
32.81	62
35.36	43
30.21	34
34.77	66
32.61	59
34.98	54
34.98	43
34.58	48
32.64	20
33.09	33
31.73	61
32.78	63
35.74	64
37.28	60
33.16	57
36.89	22
48.49	4
37.29	48
35.13	53
34.68	32
36.28	56
33.79	82
34.41	28
33.64	69
33.64	69
33.89	36
32.5	63
32.41	39
32.06	14
32.76	66
33.38	43
32.13	30
32.6	44
34.44	25
33.7	33
34.15	44
33.46	51
30.28	60
31.5	60
33.16	25
33.24	40
30.31	5
32.45	69
31.63	46
33.62	20
31.35	63
33.94	57
32.15	64
32.62	35
33.22	103
31.6	54
33.96	43
34.35	23
36.1	48
34.52	44
34.7	40
34.4	52
38.66	0
34.32	97
35.76	30
35.59	55
35.84	60
35.43	53
31.98	63
31.16	61
33.45	30
32.42	44
34.16	19
30.14	64
33.05	111
33.23	120
32.57	65
32.92	62
34.89	82
35.02	43
34.27	66
33.13	106
31.23	10
35.73	10
34.88	52
34.55	61
33.65	59
33.92	72
35.24	41
32.14	32
33.99	57
33.34	66
37.16	64
33.7	61
34.81	32
35.16	64
35.32	40
33.24	45
35.7	30
34.2	108
35.38	51
33.51	46
34.16	110
34.04	102
33.78	60
43.78	10
36.32	48
34.07	35
30.87	35
35.14	46
32.12	58
33.22	26
33.96	52
33.48	32
33.62	30
33.22	103
31.37	64
31.87	31
34.66	60
35.55	119
35.87	32
33.21	66
35.64	40
35	37
33.61	61
31.54	61
34.18	46
35.59	67
37.74	67
38.12	62
36.1	55
35.47	60
33.78	112
35.42	44
36.2	34
35.38	61
34.24	49
35.05	60
32.15	22
33.86	59
34.38	105
60.31	2
33.04	32
35.28	61
35.87	50
35.24	52
33.65	89
36.86	33
34.68	44
33.52	31
33.96	58
32.41	43
31.77	52
35.32	58
33.62	87
32.8	64
33.22	47
34.54	50
35.37	97
33.22	65
37.15	49
35.42	61
33.06	54
35.06	62
38.5	54
38.75	79
33.54	119
32.53	3
34.84	63
37.92	5
33.16	35
35.87	60
34.52	80
35.28	33
37.69	27
34.97	44
34.74	62
34.69	87
34.22	100
34.65	54
34.44	55
33.14	40
34.89	51
56.14	3
33.8	31
37.96	41
34.74	59
36.38	38
33.01	57
42.46	9
36.71	93
34.65	36
36.12	25
33.32	59
33.68	116
33.32	78
34.44	11
34.68	66
33.24	64
34.28	42
30.81	57
34.13	64
33.1	32
34.27	65
35.15	78
32.49	34
33.77	24
34.5	60
43.98	2
34.45	58
36.55	58
34.76	54
33.2	64
37.34	66
32.94	20
35.48	50
34.15	64
33.34	64
32.2	65
32.5	56
36.1	66
32.16	57
33.15	59
37.24	52
39.31	80
36.18	52
34.38	41
34.44	26
34.09	49
35.06	53
34.58	107
33.22	20
33.29	8
35.34	14
34.97	63
34.74	31
32.58	60
34.96	52
37.24	64
34.99	41
34.18	65
33.07	62
33.72	25
34.04	47
34.5	105
33.66	16
34.88	108
32.38	62
33.07	61
34.09	114
36.63	60
33.54	39
51.3	5
30.86	60
32.04	55
37.43	54
37.3	53
35.82	12
32.15	21
32.45	39
31.77	77
33.03	101
32.6	118
31.97	90
35.06	56
33.14	67
32.88	61
32.35	65
35.49	24
37.59	63
36.74	42
34.1	54
33.8	65
35.72	25
41.41	5
37.37	43
35.66	51
35.32	44
36.44	64
33.41	54
34.56	63
32.53	44
33.82	41
33.73	51
34.38	113
33.61	17
32.68	51
43.27	5
31.18	21
31.18	33
35.02	43
33.36	98
32.74	95
33.47	84
33.98	59
32.04	63
33.59	116
34.04	65
34.75	106
31.98	34
36.76	63
34.44	63
33.43	60
35.52	43
34.37	52
34.76	35
34.14	33
46.1	8
33.92	62
35.82	42
32.8	66
35.37	112
37.16	23
33.94	95
35.17	57
34.64	50
33.63	48
35.26	31
33.86	65
33.6	63
43.02	7
34.54	30
33.48	19
34.14	50
35.55	41
33.31	98
34.89	59
35.56	54
34.82	54
36.17	35
32.82	106
33.95	30
38.53	19
33.21	62
32.66	49
33.72	54
31.3	62
34.88	50
33.03	54
34.6	61
34.49	48
34.77	57
34.21	62
35.12	50
33.12	60
34.15	110
34.14	93
33.32	117
32.44	36
33.86	62
34.4	52
34.6	47
33.12	17
33.73	91
34.3	64
34.28	65
33.11	112
34.26	66
31.63	51
36.41	64
32.91	62
34.98	59
33.52	47
32.73	34
32.95	61
31.82	25
31.58	41
34.34	46
32.14	64
33.75	41
32.84	64
32.82	87
33.21	43
32.14	63
31.8	57
31.52	117
34.91	48
32.92	33
34.76	64
37.03	2
35.44	54
32.52	59
33.45	16
33.45	38
34.88	59
34.18	50
33.7	101
34.2	84
32.06	64
34.2	47
33.7	98
34.3	69
31.66	62
33.94	47
33.46	93
35.34	25
36.98	47
34.47	37
32.65	52
35.48	46
34.47	66
34.62	54
34.04	58
32.62	32
37.05	35
34.4	60
36.23	40
36.58	32
33.38	93
34.99	70
33.91	86
37.78	2
35.57	18
36.76	48
31.96	75
34.61	53
33.62	48
32.37	61
32.77	59
34.51	29
30.16	26
34.11	99
35.36	47
30.92	52
34.22	45
33.26	41
35.76	3
31.73	100
33.86	55
33.36	66
34.33	19
33.56	60
35.32	56
33.02	48
34.53	6
32.12	61
32.24	61
33.12	100
34.3	116
34.93	54
38.87	40
36.35	76
34.94	48
35.65	49
34.56	63
35.8	95
34.14	65
33	58
32.71	63
32.44	66
33.92	80
33.96	92
33.55	27
33.26	61
34.53	41
34.92	21
33.77	64
34.74	62
34.76	38
43.67	0
34.96	62
34.27	50
34.29	54
33.62	33
34.37	42
33.72	16
33.07	63
34.61	58
62.16	3
33.02	20
38.56	66
53.23	15
36.48	31
37.54	26
35.7	61
37.17	44
36.07	62
34.44	58
36.27	41
42.88	9
35.01	60
35.14	51
36.24	48
35.16	51
35.52	50
36.06	51
36.34	66
37.06	59
32.15	58
34.94	45
33.57	45
34.3	60
34.98	62
33.91	44
34.06	113
38.74	23
33.63	65
35.2	62
33.06	5
34.24	49
35.44	62
38.82	78
33.86	46
34.52	59
32.01	63
33.61	22
34.94	56
33.64	54
34.6	46
35.36	48
35.62	36
35.83	87
33.86	47
33.51	77
39.27	46
32.73	49
33.7	34
35.1	64
36.93	43
35.33	63
34.6	83
31.26	50
34.68	103
37.51	93
42.86	3
35.14	59
34.75	59
34.8	109
35.59	49
35.92	64
34.76	46
33.48	51
38.75	7
34.1	63
35.8	57
32.96	53
38.91	29
35.99	27
35.32	18
35.69	40
37.17	43
35.35	50
35.06	37
33.88	35
31.66	66
34.79	44
36.08	98
35.78	58
37.83	45
34.52	118
31.41	59
41.47	88
34.58	46
35.51	29
34.8	55
34.15	90
35.76	17
33.77	44
37.87	25
34.04	18
31.08	39
32.71	59
36.8	60
36.04	38
33.89	38
33.85	59
35.9	32
32.93	59
33.78	51
35.58	26
34.73	65
32.71	22
32.13	24
34.54	42
33.1	48
31.41	18
32.33	44
33.57	78
31.13	35
33.92	35
34.44	61
34	59
33.6	54
35.96	20
35.16	23
31.47	65
34.9	60
36.72	9
32.76	34
35.46	61
35.31	53
35.63	40
35.26	39
34.04	47
32.98	45
40.55	8
35.23	48
34.36	53
34.83	63
33.43	50
35.42	32
34.14	51
34.48	48
32.08	49
34	48
33.3	59
33.92	81
34.36	36
33.67	100
32.4	64
33.82	95
31.51	53
32.54	109
33.44	47
31.91	30
34.52	65
32.02	60
32.66	18
35.32	61
34.97	53
46.42	12
34.75	92
34.98	117
33.23	65
35.21	9
34.84	117
35.22	20
36.54	100
34.58	117
36.34	50
33.32	38
33.4	50
33.54	100
33.26	61
30.82	66
35.24	76
34.69	78
33.39	103
33.32	102
32.18	50
33.11	95
32.98	65
35.26	33
31.98	62
35.13	110
34.63	71
32.57	43
34.09	46
32.25	78
33.53	61
34.02	66
34.28	29
34.45	56
33.58	50
31.91	61
33.61	120
33.1	120
36.01	48
35.99	92
34.42	115
34.73	63
35.87	73
34.57	46
36.42	48
42.26	8
35.26	120
36.38	68
33.84	108
33.06	41
34.26	52
35.08	58
33.92	62
36.72	65
34.96	11
32.47	43
37.18	11
35.02	55
35.64	45
34.26	65
37.88	54
32.64	106
37.42	3
32.72	38
37.92	60
33.16	33
34.86	78
34.05	48
34.01	23
32.26	56
36.09	71
36.23	45
33.58	94
34.24	66
34.64	63
34.72	22
35.25	58
41.26	5
31.5	36
33.16	26
34.94	50
34.76	96
32.95	59
32.83	48
33.86	39
34.23	34
32.5	42
33.22	18
35.72	57
32.46	12
32.6	59
33.11	11
32.24	67
31.42	58
33.77	109
31.62	38
31.57	41
32.85	36
32.84	32
34.04	61
34.74	53
32.62	40
31.48	40
31.39	40
33.87	63
33.48	38
35.32	47
36.71	19
32.32	28
32.44	30
31.55	58
33.83	95
32.15	96
35.17	41
32.94	65
33.59	39
35.36	64
33.31	101
33.25	64
36.54	60
32.23	93
30.73	6
34.12	28
33.89	53
31.9	61
33.67	15
32.66	61
33.28	59
30	4
31.16	69
30.53	30
32.12	45
30.88	117
32.14	65
30.7	66
32.95	67
35.52	17
33.71	64
34.26	50
34.45	89
36.17	66
33.5	113
37.21	34
32.98	50
35.14	55
33.58	79
33.94	41
35.46	50
37.79	73
35.31	109
35.46	61
36.8	61
35.12	37
36.25	63
34.91	41
34.48	34
35.12	94
35.48	50
33.92	65
34.65	44
33.48	60
35.04	36
36.3	46
33.57	59
34.54	57
34.27	14
34.37	23
34.9	44
32.11	13
34.13	55
33.47	66
35.62	103
34.22	111
34.97	16
34.13	58
33.74	65
33.98	58
35.4	28
32.58	50
33.7	10
35.67	73
34.67	52
33.21	105
33.4	19
33.3	92
32.9	58
32.69	27
32.93	63
44.62	6
35.09	38
44.05	7
35.43	51
34.42	32
33.35	46
45.3	4
35.92	31
32.55	48
33.91	56
33.97	97
38.52	32
34.53	61
35.9	82
41.1	12
35.69	48
36.64	59
34.96	64
34.46	65
34.88	86
45.45	12
33.73	44
34.42	58
34.23	16
35.06	43
35.42	42
31.42	58
33.07	118
35.87	58
31.02	66
35.2	24
37.5	42
38.07	3
37.7	64
36.15	47
34.62	57
37.42	39
35.46	48
34.32	63
35.2	61
37.25	64
31.7	65
31.72	64
35.01	56
33.64	36
32.84	70
34.84	60
32.87	78
32.71	66
32.58	62
32.36	44
34.74	13
36.21	50
35.24	44
34.18	56
32.54	65
35.53	52
35.7	21
35.55	48
42.9	4
32.61	47
34.11	41
33.34	65
33.35	46
35.2	49
35.6	46
38.45	23
36.5	105
35.39	33
33.14	59
33.45	74
32.54	40
34.15	53
37.34	64
30.22	66
32.49	42
33.05	37
30.14	66
32.49	42
32.73	55
35.81	62
35.9	58
33.56	44
34.1	45
41.88	9
35.82	36
34.27	47
34.72	64
33.38	66
33.7	64
31.65	19
32.43	66
32.75	108
33.73	95
33.78	76
30.9	5
34.9	48
33.25	60
33.83	30
35.24	67
38.12	40
36.14	50
35.09	29
36.58	29
43.02	9
35.39	63
34.08	45
37.2	70
34.95	34
35.56	60
35.89	67
35.83	61
39.31	1
34.92	54
33.61	28
35.95	50
36.87	72
35.06	79
36.07	115
34.55	26
35.4	98
35.06	61
34.42	31
34.98	55
31.94	42
40.01	5
33.9	85
33.98	64
34.48	60
35.17	68
34.77	41
34.59	39
35.51	65
33.51	35
35.62	36
34.36	76
33.25	55
36.68	58
35.86	57
36.13	110
36.96	39
36.06	61
36.44	77
33.98	14
35.2	66
36.03	44
38.39	39
34.6	43
34.06	52
44.01	13
36.18	37
35.51	44
33.52	51
33.94	35
33.32	62
34	49
34.77	57
34.07	20
35.28	44
35.33	23
34.14	48
35.14	41
36.65	42
34.68	41
34.9	61
34.8	53
35.26	54
34.56	62
33.02	43
42.05	9
34.15	62
34.67	37
34.87	45
33.8	66
34.94	79
34.4	52
37.33	4
35.13	40
33.92	52
46.68	1
34.45	61
36.01	35
37.15	14
34.58	54
34.58	54
34.58	54
34.58	54
33.62	56
34.58	54
36.63	57
33.77	64
35.29	74
34.58	45
34.18	63
35.02	64
34.93	53
34.32	36
33.69	27
34.91	39
33.36	111
32.38	25
36.04	64
33.49	66
33.25	55
34.16	68
31.41	27
33.26	63
33.65	52
32.39	100
37.61	62
35.22	62
43.74	13
36.12	47
36.97	64
32.86	104
32.26	83
33.46	23
34.6	33
33.41	64
31.86	61
33.91	40
33.78	58
36.46	65
33	33
37.4	64
35.34	62
36	99
32.73	61
34.82	42
33.8	42
37.11	51
34.56	118
34.23	83
33.38	3
34.98	20
36.02	52
35.06	68
34.72	54
36.26	17
35.66	106
34.52	100
33.53	19
35.2	71
36.24	47
41.16	9
34.34	118
35.9	78
33.99	65
34.41	47
34.41	62
36.34	106
35.52	60
35.68	97
33.42	1
35.6	67
32.94	65
36.67	66
35.13	53
35.56	41
36.72	48
34	50
44.01	6
34.5	56
34.68	57
32.25	63
30.91	42
33.22	16
43.59	0
32.31	114
33.63	107
35.11	48
38.41	8
33.99	97
37.58	39
35.81	35
37.07	71
33.57	64
36.94	53
36.79	33
35.92	54
43.04	10
34.54	51
34.33	65
37.87	32
33.72	33
32.53	30
33.42	51
33.01	50
34.46	95
34.11	117
35.15	58
36.07	39
35.79	12
36.21	57
35.1	75
36.24	64
35.72	35
33.5	44
35.86	65
33.97	62
32.04	62
33.44	54
34.5	39
33.97	41
32.86	110
34.09	40
32.7	45
33.63	114
32.92	50
31.93	13
34.73	112
37.95	18
34.9	44
36.38	40
37.52	20
35.67	31
34.85	112
35.55	34
35.6	76
34.9	63
35.01	53
33.34	65
35.87	34
37.91	58
35.77	90
35.91	66
36.01	52
35.22	54
37.53	6
34.66	62
35.85	27
37.89	51
33.06	57
37.18	41
37.89	51
37.4	49
33.23	58
37.4	49
34.02	59
40.16	82
36.18	95
33.46	13
35.79	56
35.37	82
36.88	60
36.38	54
33.2	63
35.78	39
43.18	9
35.18	72
31.66	12
34.63	47
33.34	38
35.13	114
32.25	63
33.57	64
31.92	52
32.05	66
34.31	63
33.92	64
35.69	52
35.22	87
34.4	65
32.84	45
32.78	55
35.21	60
34.82	48
36.1	52
33.74	61
33.02	58
36.4	30
33.46	35
32.34	62
32.85	41
34.17	66
32.22	61
34.19	8
32.47	36
33.1	108
32.25	15
34.48	46
32.73	99
32.4	52
36.06	22
34.78	31
33.12	101
44.9	4
33.16	60
34.38	51
33.73	37
34.07	59
35.64	96
33.2	51
34.26	62
32.92	66
36.45	27
48.15	1
32.92	66
35.45	65
34.01	63
34.62	51
37.6	51
36.66	51
34.91	51
36.15	53
38.91	3
35.23	71
34.54	64
36.78	56
43.73	9
32.22	65
34.38	49
34.1	65
33.2	66
33.75	54
34.95	105
33.2	56
32.41	59
34.88	38
55.56	0
34.38	51
34.11	112
36.68	64
44	6
33.59	24
34.7	63
32.8	55
32.93	98
32.88	62
34.63	52
37.1	61
34.09	21
35.71	72
36.13	96
38	2
35.69	90
35.8	55
37.21	45
36.19	63
33.34	46
33.08	61
37.12	64
33.04	51
31.72	56
34.79	105
32.33	44
32.49	46
32.41	48
36.01	63
34.01	91
35.21	48
32.54	65
35.11	76
32.94	58
32.64	63
32.54	71
33.24	48
32.31	107
35.42	56
34.49	90
34.55	36
34.05	66
34.89	44
34.76	63
34.3	57
32.65	44
33.78	42
34.6	47
34.58	59
34.98	50
40.52	10
34.94	50
35.77	90
34.54	48
32.98	57
34.35	30
33.02	60
35.82	40
32.46	62
32.87	63
36.21	71
33.28	48
37.44	49
34.8	57
36.2	69
34.51	58
35.47	104
34.59	12
34.98	97
35.02	81
34.19	13
34.76	30
31.46	62
43.07	1
33.31	49
35.2	46
34.14	57
35.95	43
32.63	66
32.92	65
31.71	41
32.42	62
34.08	22
32.12	35
31.75	100
35.13	57
32.29	107
33.85	90
32.09	66
32.74	104
33.22	59
32.77	64
33.72	62
31.51	66
36.2	95
34.44	64
32.11	40
34.57	59
33.79	91
34.23	38
34.42	52
32.7	45
34.9	57
34.42	54
32.22	66
33.34	64
33.76	64
33.19	42
32.8	47
33.52	42
34.88	49
34.81	86
34.92	48
34.98	115
34.32	41
34.5	64
33.56	54
33.56	66
36.28	25
54.89	6
34.5	63
36.55	66
34.63	69
34.29	95
35.33	93
34.66	50
41.75	41
34.3	59
34.97	115
36.37	52
36.39	64
34.48	53
33.67	40
34.36	60
36.67	31
33.05	24
31.74	29
33.3	17
32.92	76
34.73	65
53.52	5
32.76	60
32.86	64
33.78	32
33.64	54
34.94	67
37.03	60
34.99	32
35.11	57
34.32	63
34.4	37
34.47	28
34.24	64
32.68	61
34	58
33	43
34.24	79
33.89	86
34.4	57
32.62	52
34.01	50
35.7	44
35.71	62
34.96	47
34.83	22
33.46	56
33.52	61
36.11	71
31.7	45
35.96	49
33.7	65
32.4	48
34.97	100
33.07	40
32.71	33
42.02	4
33.75	70
33.34	50
32.68	55
36.61	32
38	85
34.69	10
34.95	97
34.83	61
34.57	111
34.27	56
33.57	53
36.58	46
34.86	38
34.88	105
33.06	40
30.23	42
34.44	58
33.57	88
32.42	64
33.52	62
33.56	59
32	25
33.44	59
32.36	51
31.82	54
34.11	103
38.89	3
33.2	64
34.52	75
36.06	49
33.3	106
34.7	36
31.54	25
33.6	52
34.82	48
38.18	47
33.44	100
35.43	58
33.26	57
36.92	53
52.04	6
34.19	44
33.6	64
33.73	63
34.48	86
34.71	113
35.17	32
33.94	33
33.71	97
32.94	57
34.02	120
32.41	59
33.78	39
33.24	61
39.56	22
36.45	55
34.17	62
35.02	99
32.58	56
33.32	56
34.88	61
34.31	99
34.05	14
34.49	25
34.08	36
43.3	11
33.63	63
33.48	98
34.2	53
32.82	63
34.46	87
34.49	110
34.54	107
34.52	76
35.34	58
34.67	61
35.57	59
36.96	29
33.5	46
36.28	54
34.99	48
35	19
35.22	26
44.85	9
33.77	50
34.3	65
34.66	47
35.56	50
34.4	62
34.94	36
35.79	75
35.46	73
33.82	63
45.88	15
34.46	64
34.76	48
32.76	67
33.81	74
32.68	34
34.07	54
33.57	105
32.81	25
35.08	31
34.7	38
33.21	119
35.98	40
32.68	49
34.58	54
34.34	30
34.99	39
33.62	103
34.69	44
31.78	57
32.76	120
35.65	51
34.42	99
55.53	14
33.56	54
33.57	41
34.42	33
33.71	88
31.65	41
32.01	102
33.92	51
33.8	50
33.19	63
34.64	61
36.43	55
34.22	57
34.22	57
33.52	66
33.67	5
34.23	53
36.64	54
44.13	12
33.45	30
34.91	54
35.38	49
32.71	65
33.31	41
33.11	52
34.45	116
35.66	49
33.87	60
32.81	15
36.45	85
36.7	63
34.84	102
36.7	59
33.87	105
44.17	14
35.26	54
35.5	84
32.99	51
35.24	52
34.29	64
37.92	21
35.26	31
32.66	64
36.81	54
35.08	37
31.87	66
33.54	56
32.12	13
34.3	59
33.44	52
31.98	2
33.62	65
35.24	51
35.77	62
37.72	36
34.08	56
35.09	81
33.38	45
32.63	92
32.82	78
33.57	62
32.08	26
31.35	1
31.68	47
33.51	59
33.42	111
34.52	53
32.51	44
34.95	72
36.81	53
34.61	92
35.46	41
35.62	37
33.93	60
41.68	5
34.82	40
36.15	44
34.76	59
35.78	59
34.05	50
31.74	57
35.53	42
32.69	59
33.65	34
33.56	59
33.09	39
34.05	56
33.35	102
31.12	63
30.21	64
33.85	89
30.96	2
35.67	35
33.98	87
33.96	113
35.08	33
34.63	51
32.73	38
33.82	49
37.32	42
35.59	96
37.57	64
35.43	115
35.02	42
36.35	30
44.54	14
37.39	44
36.19	59
40.01	5
36.22	44
33.4	51
40.17	37
33.69	84
34.25	49
34.85	51
37.05	62
35.2	15
34.76	36
33.73	54
35.72	46
34.56	46
33.38	61
33.48	38
34.68	88
37.64	83
34.61	61
32.3	61
36.86	50
32.82	66
35.78	55
33.11	64
32.75	95
33.34	37
33.96	60
32.92	9
33.42	66
33.32	55
31.78	64
33.87	58
31.28	10
34.4	41
31.28	10
31.16	59
31.28	10
31.28	10
34.4	41
32	14
33.51	59
34.85	84
33.1	27
34.6	48
34.58	28
34.25	59
34.46	45
34.86	29
34.2	113
31.37	18
33.1	30
37.52	2
33.25	53
34.4	96
32.42	66
35.46	41
33.67	102
35.16	47
34.96	62
34.6	96
34.23	51
41.25	32
34.3	58
34.06	53
34.72	57
33.46	53
33.93	13
32.4	104
33.28	64
34.15	62
35.84	25
31.34	63
33.53	75
31.67	64
35.67	51
33.98	65
32.98	61
33.64	54
31.57	65
35.14	44
33.13	32
30.82	24
34.53	117
31.33	25
34.53	117
31.33	25
33.16	50
33.75	48
32.82	63
32.85	107
34.16	54
35.24	50
35.13	57
35.42	78
33.94	88
35.81	73
32.82	41
37.07	53
34.76	57
51.21	13
33.7	61
33.66	54
35.24	60
37.6	64
33.52	61
41.68	2
33.86	38
33.9	57
32.8	57
33.49	116
34.48	66
35.9	46
35	49
32.38	65
34.48	47
33.89	68
32.66	49
34.16	52
35.92	52
35.82	26
35.82	66
33.62	33
32.5	118
34.45	66
35.69	56
33.48	118
33.77	21
31.03	53
34.17	103
32.66	53
33.1	113
36.14	38
32.74	30
100	0
35.26	66
36.94	50
36.85	66
36.95	23
35.71	84
33.46	6
35.87	20
36.05	57
37.16	47
34.29	42
34.23	100
33.62	23
34.29	81
31.64	64
33.24	66
34.23	23
33.77	111
34.98	62
33.94	49
37.44	27
36.3	40
35.36	24
34.01	55
35.75	46
34.46	21
52.05	1
33.99	105
35.74	109
35.63	108
37.02	52
34.48	71
41.03	87
34.52	57
33.2	41
34.93	64
36.06	49
35.15	51
32.99	59
35.64	48
33.83	39
34.22	52
34.72	54
34.02	59
31.84	66
33.05	72
34.1	6
36.6	6
32.08	38
34.99	61
34.42	30
33.45	80
32.42	58
33.64	56
33.27	94
31.59	46
33.55	58
33.39	82
36.59	64
32.18	120
33.91	70
34.34	63
32.5	53
30.56	61
34.26	62
33.06	46
32.92	65
33.44	29
33.21	47
33.48	91
36.93	59
33.6	63
32.04	53
34.13	35
34.86	60
32.44	42
34.44	70
33.83	40
36.66	64
33.26	55
33.59	41
34.01	65
36.23	53
32.8	66
33.35	95
32.28	52
34.66	64
34.66	73
34.35	78
32.1	64
33.91	64
37.61	64
33.91	64
32.79	110
32.07	111
30.12	55
31.52	58
33.02	58
34.51	49
32.64	92
36.97	41
33.82	78
33.08	64
32.97	25
34.5	116
32.52	66
32.71	65
33	25
36.59	73
33.02	105
36.98	64
33.4	115
34.98	43
34.6	52
32.58	120
33.68	45
33.56	59
33.37	53
34.43	65
35.12	16
35.77	43
35.78	58
34.73	2
33.36	8
35.68	61
36.11	42
34.46	55
44.64	21
33.9	29
36.56	15
33.21	86
32.8	64
34.28	56
32.77	11
35.89	44
34.24	54
34.84	42
33.02	11
33.17	5
35.14	106
34.43	111
34.68	47
33.66	61
34.09	52
35.39	53
33.84	81
33.58	44
35.09	64
34.45	81
34.36	49
35.1	51
34.01	49
32.63	66
35.2	66
36.06	45
35.6	52
33.8	47
33.34	44
36.59	64
31.33	56
34.89	110
33.42	46
32.21	62
35.1	47
33.41	62
34.12	61
33.04	56
33.93	65
31.24	3
34.88	42
33.47	61
36.5	64
33.48	14
35.29	35
34.34	39
35.45	58
34.54	53
33.09	57
33.58	19
31.6	60
33.87	53
32.72	60
35.21	38
32.49	46
31.94	59
31.91	62
32.61	84
32.96	101
36.59	64
32.27	48
33.42	46
33.41	62
34	61
34.06	95
33.04	56
33.02	53
33.93	65
31.77	48
33.46	6
33.94	54
33.3	40
34.99	59
33.12	53
34.22	56
34.37	38
33.17	19
35.06	60
34.76	72
32.85	57
34.11	57
34.23	33
33.08	22
33.46	63
34.5	47
31.78	64
34.83	111
31.97	47
32.27	48
36.04	61
37.6	41
34.58	57
35.8	110
35.17	67
37.69	53
33.61	115
34.84	46
43.52	10
37.52	51
35.47	86
37.78	59
35.64	40
35.41	101
36.72	64
36.66	57
36.46	51
36.95	46
45.97	13
36.54	51
31.67	63
32.47	58
34.59	112
33.02	55
33.57	50
34.08	22
32.19	59
35.62	16
35.08	59
33.16	40
34.66	51
32.48	43
46.4	17
33.34	62
34.27	66
36	62
34.46	57
34.25	68
33.3	72
34.46	35
56.97	2
32.14	61
33.55	53
33.74	64
34.78	36
34.4	30
33.19	54
34.09	104
33.85	52
35.1	57
32.58	60
38.09	50
36.65	58
35.42	56
36.27	55
34.72	56
34.44	58
34.68	65
34.03	46
34.74	38
33.3	43
32.5	49
35.88	60
34.57	83
32.54	59
45.3	10
32.78	25
34.18	64
32.16	58
33.8	55
36.67	48
37.5	44
34.5	40
40.52	11
35.59	52
34.91	60
34.54	44
34.11	111
33.06	64
35.34	55
33.2	35
35.53	59
35.22	84
34.75	38
35.64	35
36.5	45
38.01	2
34.5	49
37.99	44
33.25	66
33.77	57
35.44	23
34.59	100
36.12	59
35.46	62
35.09	14
36.42	42
34.35	75
35.04	37
35.88	57
36.47	89
35.15	44
52	2
34.7	63
34.82	16
34.77	59
37.27	53
37.3	58
35.59	106
34.94	83
35.48	66
35.92	51
35.84	41
35.51	42
36.14	55
36.54	102
34.38	63
36.45	32
38.77	31
33.58	39
34.7	49
35.95	76
34.53	66
34.53	64
34.74	77
34.12	64
35.48	92
34.68	74
31.43	62
36.64	47
36.94	40
34.54	120
32.17	55
34.75	47
34.74	31
34.71	44
34.78	49
34.07	114
34.88	89
34.42	81
34.26	61
36.57	46
36.15	34
33.71	53
32.04	65
35.54	42
34.21	1
35.08	42
33.8	47
34.8	6
35.44	27
36.01	56
37.45	35
36.04	87
35.69	64
34.92	40
34.8	53
36.09	55
34.39	59
34.07	6
36.04	68
32.86	65
33.07	103
33.91	53
33.36	49
33.74	44
33.34	62
33.13	45
33.78	47
35.51	41
36.92	29
39.39	36
34.94	16
36.26	53
37.29	52
37.06	84
35.8	46
34.05	49
35.82	40
35.66	57
32.31	110
32.34	55
36.32	64
33.23	57
31.24	61
41.84	7
35.08	53
33.69	60
35.48	44
33.8	59
32.74	51
34.63	77
35.42	66
37.25	45
33.76	106
35.02	118
43.86	8
35.94	72
36.92	53
35.05	30
37.2	44
33.76	64
35.76	72
35.86	53
34.72	65
34.72	65
34.72	65
33.97	61
33.96	66
32.38	36
35.04	118
33.82	63
36.02	47
34.85	6
36.36	60
35.41	65
34.37	58
35.86	52
38.4	14
36.02	48
33.16	65
34.14	58
34.91	73
33.78	56
34.04	38
34.07	118
33.69	58
33.58	50
33.99	114
35.36	52
32.94	65
32.17	57
32.64	107
32.12	21
42.86	11
31.95	115
32.85	52
34.66	60
34.77	50
32.83	32
35.28	44
34.78	27
34.31	104
36.16	64
34.71	49
35.17	96
31.84	66
32.71	52
32.6	54
32.04	65
34.22	113
33.43	31
32.53	42
32.83	25
34.42	28
33.69	107
34.39	81
34.94	60
32.88	58
33.98	30
33.88	116
35.03	52
35.98	46
32.06	59
34.13	37
30	64
31.42	52
32.71	58
33.61	44
34.62	52
34.63	72
32.64	66
35.07	63
33.24	61
36.52	17
34.05	13
36.36	21
34.41	68
35.6	36
31.96	60
34.75	59
36.74	41
37.42	52
34.76	66
33.41	65
37.12	54
36.5	76
35.04	60
42.41	8
36.55	70
36.32	41
33.75	112
33.26	109
32.73	4
34.16	53
35.11	56
36.06	52
36	62
42.32	2
34.4	41
34.02	111
34.34	27
32.34	41
34.08	48
32.31	62
35.96	64
32.76	63
33.16	49
30.89	16
33.33	47
34.5	57
34.36	59
32.26	61
33.31	70
33.68	34
31.88	52
36.01	64
34.44	48
33.06	80
34.2	22
32.85	64
35.28	20
33.64	61
43.5	20
34.89	28
34.98	54
35.4	19
33.53	61
32.32	62
35.47	47
33.82	55
34.18	63
32.36	33
34.43	76
31.93	40
35.12	48
32.7	64
35.27	58
35.02	9
33.66	89
32.54	45
33.61	45
31.59	8
34.83	46
34.32	58
34.71	27
32.93	57
33.62	48
32.32	63
32.7	44
34.16	62
34.81	56
33.06	66
33.14	115
31.34	65
34.66	27
34	103
34.36	33
33.8	75
34.88	19
45.42	10
33.16	60
32.22	66
35.04	99
34.63	37
31.26	63
36.04	60
35.61	37
32.97	93
32.98	63
31.49	20
32	62
33.42	31
34.62	63
32.92	39
34.21	44
33.53	61
32.64	41
30.96	55
34.63	21
34.24	61
32.31	41
33.74	112
34.64	65
33.54	62
32.44	59
35	54
34.78	25
32.11	103
34.42	63
33.47	21
30.06	6
33.29	59
34.65	55
33.67	61
33.12	50
41.05	19
33.83	61
33.58	41
37.16	28
33.82	119
33.07	57
35.26	64
34.94	48
34	46
34.72	66
34.53	60
35.46	65
33.05	46
33.13	52
33.5	12
36.57	55
36.44	54
36.95	49
34.97	53
36.46	50
33.41	110
33.41	8
35.41	89
35.13	57
33.2	58
32.4	60
33.39	99
33.12	42
33.22	39
35.14	24
33.8	29
33.08	119
35.22	104
31.38	38
34.01	27
34	31
31.34	61
31.69	64
31.61	46
34.02	96
35.73	29
34.1	55
33.9	50
32.42	61
32.48	56
33.61	104
33.66	111
30.2	64
32.18	53
32.77	43
31.72	36
34.14	49
32.54	55
34.63	58
36.59	64
31.86	57
30.94	57
33.52	48
33.06	46
34.26	62
32.99	56
34.23	63
30.82	60
34.4	33
36.76	63
32.21	116
34.26	47
31.21	30
33.86	60
33.15	26
31.35	60
33	117
38.26	37
33.68	32
35.55	81
37.02	41
34.44	57
35.63	99
35.56	42
34.78	63
37.8	19
35.26	52
38.18	57
33.28	96
32.04	65
34.32	35
33.26	59
34.06	39
34.6	57
33.28	22
33.02	22
32.69	65
33.34	56
34.3	66
37.01	51
35.1	45
35.76	60
33.86	78
37.72	4
35.71	85
35.26	55
38.32	48
34.81	66
35.65	59
31.44	56
33.15	56
33.55	30
33.9	27
32.41	96
32.15	49
33.19	27
32.31	62
32.68	63
34.78	48
33.79	47
33.08	63
33.96	47
35.19	89
36.98	62
35.03	62
35.49	32
34.71	26
34.05	59
34.9	63
35.46	45
34.51	33
36.08	35
34.08	64
34.39	81
44.09	24
36.63	31
33.38	32
33.46	61
31.21	63
35.26	47
34.21	46
32.8	62
36.72	43
32.27	56
31.53	60
42.42	1
32.16	45
33.56	53
34.67	56
31.57	11
36.48	64
31.94	55
32.85	54
34.2	48
34.41	37
32.68	61
32.65	92
39.49	5
34.03	60
34.94	53
35.21	30
33.16	62
33.8	51
35.1	105
36	61
35.42	52
35.09	64
34.08	80
33	43
35.98	15
34.94	49
33.44	59
33.76	41
33.01	47
33.22	77
33.87	41
33.41	48
32.19	42
34.99	55
36.6	33
31.94	64
35.14	78
34.39	97
32.95	26
32.37	50
34.62	109
33.37	62
35.58	8
33.19	61
33.44	35
35.26	34
33.03	35
32.56	31
32.12	37
32.86	115
34.8	58
35.46	46
33.15	73
35.07	71
31.56	62
31.61	62
32.85	104
33.05	91
36.36	30
33.42	31
34.58	38
31.48	5
36.48	63
34.26	29
34.62	83
34.08	92
34.76	30
34.22	58
33.39	88
33.23	51
34.5	45
33.53	71
34.38	46
33.53	61
34.34	35
32.71	79
34.26	96
31.82	60
35.29	28
33.39	55
33.84	50
31.23	16
34.76	60
33.35	27
33.52	57
34.47	23
32.98	51
32.12	64
33.23	32
31.91	6
35.01	36
36.37	38
35.76	44
33.3	61
36.62	60
33.66	113
34.79	55
35.56	59
36.72	41
36.42	16
34.99	38
34.71	62
32.82	57
34.4	22
32.8	65
32.8	65
35	53
34.28	68
33.54	60
33.72	60
33.02	65
31.22	59
34.85	49
36.94	53
33.63	118
33.8	63
35.76	2
33.94	42
36.45	64
34.94	59
34.94	64
42.16	2
34.24	29
39	36
32.89	65
33.92	66
34.6	49
34.36	88
34.74	53
35.98	65
35.69	57
32.4	50
32.33	65
32.58	50
32.91	47
34.7	78
32.46	61
33.51	40
34.92	58
33.28	42
33.53	48
33.88	48
31.65	15
32.55	80
33.51	47
33.56	49
32.71	64
33.52	59
35.2	31
31.91	47
34.1	55
33.96	64
34.71	101
36.67	60
35.52	58
37.07	41
35.86	46
39.33	76
33.97	87
34.18	61
35.87	100
34.05	52
35.1	35
33.31	94
37.9	24
34.82	65
35.5	46
34.56	103
33.51	34
33.47	95
32.97	48
34.89	57
33.65	110
34.26	62
32.36	66
34	60
32.49	43
34.25	32
32.85	114
31.7	43
31.84	47
37.19	64
34.08	57
37.92	51
34.9	66
35.87	26
32.84	62
33.95	61
36.76	90
35.28	63
33.22	60
32.62	116
33.77	56
34.27	90
33.91	55
33.55	100
33.86	47
33.46	112
31.46	102
33.02	88
33.38	51
34.46	49
36.14	55
34.69	65
36.14	55
37.52	57
36.48	46
38.13	56
34.35	64
42.88	5
36.11	59
36.58	44
30.34	64
35.14	24
32.98	65
34.34	48
35.75	37
34.53	63
34	107
32.32	62
32.15	51
34.4	55
31.79	57
35.61	26
35.11	92
34.35	62
34.12	97
35.61	25
32.07	64
35.34	49
33.54	65
34.59	56
34.03	45
32.66	59
35.87	104
32.9	60
33.66	115
36.05	40
33.67	45
34.12	62
32.6	56
36.95	59
34	109
33.53	54
32.91	53
35.68	23
35.99	40
35.93	60
32.83	0
32.45	63
35.26	25
34.5	117
33.53	30
34.11	19
35.46	50
34.52	57
36.2	34
33.05	26
36.51	97
35.68	69
32.72	9
37.12	48
32.91	51
34.67	100
34.23	100
36.18	58
31.95	59
36.24	57
42.62	9
35.51	41
34.92	20
34.82	62
33.37	107
34.72	63
33.62	43
33.25	46
32.41	57
32.04	56
42.7	8
42.75	4
32.06	53
35.1	58
32.66	27
34.85	76
34.05	101
33.94	25
36.09	64
33.31	52
33.87	60
32.89	62
32.68	65
33.22	60
36.74	77
33.91	74
32.62	56
35.16	39
32.41	54
33.49	59
47.95	2
34.95	57
34.58	46
31.36	19
35.04	113
32.46	4
33.22	57
33.95	18
34.55	20
37.48	96
34.17	12
37.49	43
33.62	46
33.82	37
32.87	42
33.54	59
35.42	65
33.21	42
33.11	66
33.89	37
33.41	59
31.44	15
32.78	48
46.78	13
34.12	23
31.95	65
38.98	49
35.77	61
35.44	53
33.38	120
33.59	58
32.94	25
34.98	51
35.98	62
33.96	61
32.9	44
43.47	9
34.98	54
33.64	64
34.07	10
37.89	41
34.78	82
35.69	61
35.1	90
35.83	49
34.78	52
35.82	26
38.65	44
33.68	45
33.19	62
42.38	8
33.65	47
35.65	62
32.85	60
33.27	23
35	31
33.53	97
34.76	51
33.82	47
38	83
34.04	62
35.12	54
34.42	39
33.02	49
33.77	102
34.54	60
33.48	46
33.03	36
33.22	23
35.12	53
31.96	61
34.1	33
34.3	21
34.18	47
32.96	17
33.87	59
33.81	35
36.84	44
34.23	54
33.76	61
33.59	66
33.24	62
34.26	71
32.1	35
32.12	65
34.36	35
34.5	41
35.07	64
35.58	47
34.39	37
34.29	51
33.92	59
32.92	63
35.1	59
32.16	55
33.35	120
34.35	25
33.68	35
34.94	60
32.01	48
35.92	45
32.01	23
34.68	52
34.75	50
34.45	117
35.69	54
33.6	59
33.89	55
35.24	60
33.61	38
34.01	78
33	58
50.22	11
34.49	57
34.26	59
32.48	58
35.29	75
33.88	58
34.76	55
34.39	49
35.1	30
36.11	57
33.35	63
34.74	42
34.2	117
34.79	109
32.9	59
35.15	60
35.28	60
33.82	37
35.72	90
35.15	53
32.15	35
32.78	81
33.43	112
32.68	52
33.94	81
32.42	37
33.3	60
34.93	78
33.64	25
35.2	78
36.34	54
31.5	41
37.2	64
35.17	40
33.2	61
33.11	89
33.48	99
34.24	65
34.76	62
33.42	39
32.42	44
34.42	105
37.28	64
32.54	42
33.4	117
35.13	55
33.14	59
34.35	37
32.07	26
34.51	31
55.83	13
34.16	62
34.86	46
37.26	51
34.81	43
34.1	65
34.1	65
34.72	31
35.82	58
37.43	57
35.62	62
33.85	32
35.69	61
34.76	44
34.94	46
36.88	38
34.89	55
34.06	49
37.86	8
36.23	61
33.21	48
34.34	41
36.11	59
34.4	68
34.01	33
35.18	57
40.74	0
35.1	32
33.91	53
33.62	62
34.88	57
35.76	43
35.46	50
35.41	84
34.15	52
38.66	6
34.86	47
34.34	11
37.71	56
35.87	57
34.03	77
32.54	61
31.06	65
32.74	61
33.08	82
31.8	44
34.84	80
32.47	36
31.16	78
32.44	105
35.34	42
34.25	63
37.56	64
34.1	45
32.98	117
33.25	97
33.55	61
35.19	54
33.14	59
34.17	37
32.38	33
33.08	109
30.23	57
31.96	27
34	61
34.42	47
33.13	102
33.12	62
35.8	31
33.7	50
35.33	23
32.89	56
33	49
33.02	60
33.1	84
34.13	51
33.42	59
33.93	47
33.32	38
35.77	28
32.9	61
37.64	64
33.04	64
34.85	28
34.63	72
35.8	97
35.38	92
34.45	38
33.88	66
35.68	53
33.3	57
31.71	5
33.08	36
34.48	22
32.62	30
33.48	74
35.79	27
34.32	55
35.92	65
33.3	57
34.59	99
32.41	63
32.83	65
33.1	52
34.6	48
36.05	29
33.78	64
32.23	63
33.67	43
35.78	57
35.15	83
34.86	63
32.4	64
31.81	114
31.92	45
34.52	59
33.81	60
34.54	41
31.6	7
32.3	113
36.39	64
32.18	64
34.67	47
34.28	59
37.04	56
34.24	36
34.32	60
34.7	30
33.04	33
33.54	109
32.46	114
36.76	61
31.83	57
31.43	37
32.19	63
33.07	12
33.21	72
32.79	63
34.86	51
32.96	14
35.74	55
35.16	50
33.28	63
34.26	104
33.95	54
34.65	98
35.37	64
32.13	42
33.34	59
36.55	64
35.61	64
34.81	62
45.47	7
36.52	64
32.9	66
32.84	65
32.68	42
33.89	119
35.75	22
33.66	65
36.62	87
33.9	80
35.43	65
33.34	91
32.94	61
33.69	93
33.81	66
37.23	64
34.49	60
34.89	38
37.25	64
32.37	57
33.74	43
33.52	32
34.56	11
32.97	44
33.08	97
34.37	56
31.34	54
34.4	48
32.21	115
33.74	44
35.84	53
34.72	55
31.7	46
32.81	79
33.2	22
35.23	65
32.81	79
33.61	56
33.5	62
33.44	45
34.24	95
33.74	56
32.55	32
34.41	91
32.86	62
32.15	15
32.91	108
30.75	64
33.87	50
34.08	55
31.48	36
34.04	86
35.4	43
32.24	65
32.02	117
32.36	55
33.5	89
32.98	61
36.3	100
33.48	64
36.48	57
35.04	62
34.38	48
41.8	5
35.23	62
33.77	66
35.54	43
34.15	87
34.64	44
35.25	65
36.55	60
36.46	49
34.48	57
35.08	59
34.99	80
39.55	3
35.34	64
34.54	53
34.12	23
32.48	24
32.63	62
32.94	39
33.83	57
32.64	65
32.58	106
31.17	66
33.2	53
33.38	112
31.53	23
33.33	78
34.23	68
35.42	109
35.05	56
35.54	109
32.86	28
31.96	113
33.45	47
34.64	68
36.93	45
37.14	51
34.89	30
35.77	46
36.9	63
36.37	45
35.12	48
37.54	48
43.13	9
37.08	52
34.38	51
32.25	60
32.76	57
33.42	10
32.58	66
50.62	6
34.07	52
32.22	66
33.12	65
34.64	62
33.85	102
34.38	33
33.09	120
32.91	116
33.12	36
33.09	120
32.91	116
33.12	36
36.16	44
36.16	39
35.38	42
34.36	63
33.64	110
34.7	114
34.82	59
34.28	114
33.87	59
34.39	98
33.24	64
34	64
36.04	24
33.08	46
32.38	66
32.5	64
33.92	75
32.82	56
35.65	49
36.05	57
33.01	9
32.71	27
35.29	50
34.31	37
32.53	13
32.8	47
33.87	34
33.92	52
32.45	63
32.69	19
31.46	58
35.92	52
37.02	35
32.92	40
37.34	59
34.56	56
36.22	72
36.2	18
33.95	59
44.11	1
35.2	47
31.93	65
33.74	34
31.72	57
32.2	61
32.92	97
32.95	39
33.5	57
31.97	64
33.79	58
33.86	62
31.13	63
32.57	10
34.29	66
32.83	26
32.67	60
35.4	34
33.39	34
32.88	16
35.67	54
32.41	59
33.3	62
36.1	52
33.42	57
32.78	40
35.61	49
32.75	72
32.85	39
31.61	39
36.02	64
32.85	47
40.02	38
33.07	47
31.8	72
32.84	38
32.14	73
32.65	65
32.82	73
35.57	67
32.9	52
31.59	61
34.36	59
32.04	70
33.04	70
35.16	9
34.96	51
33.14	119
34.02	59
37.36	50
31.81	68
35.22	26
34.76	14
32.24	44
31.44	71
34.97	45
30.74	74
36.57	38
33.02	66
32.5	73
31.6	75
36.02	38
30.44	75
35.62	75
33.94	32
35.82	29
35.24	40
33.18	8
31.53	71
35.26	69
33.83	33
34.51	77
31.9	75
38.38	38
33.89	82
37.92	38
33.47	34
32.82	75
40.99	51
30.4	75
35.23	54
36.06	57
35.52	26
32.69	74
34.52	63
31.28	75
36.26	54
32.89	66
32.56	62
33.4	52
33.65	68
33.3	72
31.69	75
31.43	73
34.55	59
30.9	73
33.42	75
31.64	75
33.08	58
33.15	34
33.33	55
34.04	71
33.82	97
34.38	71
33.18	39
33.07	47
33.18	61
32.85	47
40.82	30
32.22	139
33.82	97
34.62	40
33.61	73
31.59	49
35.29	36
33.54	65
35.29	36
31.63	136
32.11	40
34.19	44
35.03	26
34.32	57
44.25	51
32.57	65
35.5	23
34.62	62
34.05	34
34.91	52
34.27	57
34.65	56
33.2	71
31.75	72
34.8	63
33.49	64
32.15	72
34.25	61
33.84	68
32.17	125
35.1	68
35.08	68
35.12	33
34.43	62
33.5	137
33.36	67
33.9	65
35.1	52
34.49	74
33.42	73
31.79	72
34.13	53
31.96	70
36.19	77
35.04	63
34.3	54
34.6	39
36.66	66
33.86	66
34.59	68
33.98	66
32.9	73
33.03	74
33.33	66
33.2	18
32.93	62
34.18	74
32.1	75
32.64	68
35.21	45
35.13	54
38.66	42
32.42	73
30.33	66
32.98	43
32.84	133
34.83	34
33.65	57
32.11	59
32.46	10
32.66	48
31.07	62
32.46	10
32.76	75
33.66	67
36.04	65
32.7	74
37.1	46
34.37	59
33.27	72
32.41	56
33.07	47
34.14	64
34.1	119
32.73	96
31.42	57
36.1	67
33.34	109
32.56	146
33.52	82
32.82	53
32.99	55
32.08	73
32.92	63
33.07	47
34.33	29
33.07	47
34.02	64
39.07	16
34.22	74
33.1	111
34.87	71
33.16	58
35.06	75
35.5	86
33.08	74
33.5	55
31.7	58
33.64	47
33.07	47
34.7	66
33.07	47
37.88	37
34.29	82
32.87	104
34.73	32
32.5	29
34.57	50
34.08	119
31.36	57
33.2	34
40.04	72
33.4	33
32.63	56
31.09	111
31.44	102
31.69	96
34.1	99
32.94	66
32.25	102
33.55	54
33.55	54
33.38	40
33.62	140
33.26	63
33.26	63
35.32	75
34.43	68
32.77	75
31.95	51
32.7	52
32.7	52
33.74	65
33.4	60
33.79	18
33.79	18
34.85	24
33.06	61
33.63	47
34	110
36.46	41
32.69	64
33.3	29
33.17	85
33.56	67
31.62	103
34.69	46
34.69	46
34.69	46
34.77	47
33.34	51
33.34	51
33.34	51
34.48	118
34.12	58
30.01	69
37.78	85
37.78	85
36.66	37
34.29	55
33.92	74
34.43	26
33.9	72
31.92	9
31.94	57
32.98	61
31.5	60
34.1	63
34.36	96
31.89	136
32.8	39
32.39	139
33.74	58
37.26	73
32.59	62
34.03	50
32.93	70
34.91	106
35.48	54
33.07	47
34.13	61
33.23	70
34.16	75
