sim	len_diff
35.32	147
35.81	145
34.7	153
33.28	174
33.92	189
34.07	142
33.85	187
35.05	166
34.77	139
36.57	101
35.25	92
33.62	181
33.03	181
35.34	140
35.5	162
35.16	181
34.28	146
33.7	189
34.1	159
33.74	182
34.58	147
34.69	122
34.78	166
34.7	148
34.9	114
35.34	81
35.43	178
36.03	148
34.49	177
34.39	147
33.28	186
33.67	166
34.44	145
34.92	157
35.67	145
33.12	37
32.91	186
33.47	177
35.4	129
33.46	214
33.35	165
32.45	62
34.7	143
34.93	116
33.22	178
33.67	180
35.3	93
35.3	93
34.37	126
33.46	189
34.28	170
33.75	188
33.75	188
32.94	160
33.79	78
35.55	116
33.76	173
32.16	26
34.81	156
33.8	125
34.5	174
32.86	174
33.1	178
32.3	184
33.21	166
33.56	173
34.07	121
33.09	176
33.27	137
34.66	30
35.2	89
33.04	34
31.9	188
34.34	177
34.45	168
33.39	181
33.25	187
32.72	173
34.05	147
34.18	186
34.36	165
34.12	157
34.24	82
32.4	179
33.89	184
34.47	189
33.06	185
33.22	180
35.31	108
34.21	189
33.86	135
34.08	119
35.07	134
33.99	150
34.12	181
35.56	159
34.56	137
33.59	156
33.32	92
33.41	184
34.98	167
35.65	164
34.34	63
33.51	184
34.12	183
34.34	174
33.86	184
34.72	168
33.22	174
34.32	88
32.11	151
34.3	189
34.41	129
32.76	189
35.62	132
35.74	119
33.24	173
34.55	181
32.85	175
34.98	152
33.48	187
34.68	181
34.95	87
34.08	181
34.07	152
36.33	92
33.38	188
34.47	173
35.17	165
35.88	131
34.73	148
34.46	167
33.72	60
33.08	163
34.4	149
33.16	182
34.3	158
36.36	134
34.93	82
34.93	82
34.93	82
33.66	233
34.24	120
33.55	181
34.7	151
33.29	188
34.53	160
33.58	179
33.24	156
35.56	175
35.11	129
34.62	172
33.31	227
33.02	159
33.24	168
34.82	178
33.44	186
34.14	267
35.66	175
32.5	188
33.51	184
32.51	170
33.05	162
33.42	166
32.82	175
34.4	171
33.2	180
34.81	143
32.77	175
34.41	164
35.46	184
34.49	147
32.38	188
34.68	82
32.49	188
33.87	67
34.34	121
34.33	150
32.83	170
33.97	124
34.73	90
34.03	173
33.71	119
32.62	179
32.28	189
32.97	186
35.45	82
33.88	177
31.74	158
32.81	54
32.88	85
34.37	189
34.22	171
35.61	138
33.06	165
34.64	97
33.25	180
33.76	299
33.54	174
32.82	179
34.91	158
33.66	188
36.49	165
33.79	179
34.44	143
34.26	124
36.32	169
34.55	181
33.46	232
34.9	94
31.76	189
34.04	134
33.91	130
35.22	102
34.96	158
32.93	161
34.33	140
33.69	166
34.08	172
32.98	107
33.31	177
33.1	161
33.44	186
31.26	170
33.61	89
34.71	149
33.86	262
33.59	185
34.39	157
33.64	172
33.03	176
32.95	189
33.8	184
33.09	155
34.9	153
32.08	185
33.33	169
34.08	165
32.81	156
33.17	185
33.04	175
35.5	91
33.87	156
32.06	186
33.36	165
33.74	221
33.93	160
33.67	145
33.74	221
33.51	103
32.89	179
35.9	175
32.94	164
31.66	188
33.47	168
32.27	164
31.33	180
32.9	185
32.93	169
34.76	142
33.13	140
34.54	96
32.67	170
35.03	146
35.06	108
33.81	90
33.35	188
33.08	168
34.21	153
34.01	174
36.26	146
34.11	139
34.19	90
34.23	322
32.5	182
35.21	117
33.05	178
34.36	116
32.29	181
35.22	116
34.97	184
34.26	146
33.14	185
35.86	126
34.38	177
35.03	140
35	111
33.7	183
34.07	186
35.61	92
33.87	189
33.91	172
33.03	181
33.87	59
33.62	185
34.4	151
33.72	182
35.08	143
34.37	133
33.06	176
34.36	55
34.87	175
33.44	181
35.35	162
33.52	172
33.5	181
33.93	168
34.61	159
36.16	142
34.93	179
35.4	131
34.03	186
35.25	155
37.23	147
33.79	172
35.86	149
36.93	81
34.49	187
35.06	179
35.28	163
35.22	187
34.1	172
35.09	110
33.52	149
35.71	161
35.63	128
31.61	186
36.14	131
34.44	173
34.1	129
34.91	159
34.39	154
34.76	161
33.64	188
35.15	127
33.59	179
33.9	200
34	176
34.92	147
34.38	168
35.26	113
33.92	174
34.67	166
33.75	159
34.96	185
34.17	160
33.68	129
36.39	126
34.27	186
33.51	188
32.73	84
34.36	93
33.49	253
32.75	160
34.16	119
33.32	115
32.91	144
34.99	110
33.26	84
33.83	107
34.94	112
36.46	140
35.05	160
32.69	25
36.08	134
35.44	165
34.89	105
35.19	39
34.01	166
35.55	150
32.83	119
32.25	152
34.26	281
34.56	79
35.22	132
34.16	142
34.5	118
33.4	111
34.14	125
33.91	141
33.95	102
32.74	154
34.31	146
33.49	158
34.89	101
33.91	166
33.62	107
33.33	120
33.53	154
34.97	138
36.63	71
35.19	132
35.47	134
37.24	99
35.38	154
35.86	74
36.31	141
55.57	83
37.04	133
35.31	282
33.19	159
35.92	107
35.58	79
37.12	117
35.39	161
35.82	165
34.82	159
35.51	129
36.59	144
36.36	132
34.72	146
35.24	165
33.63	151
32.25	161
34.25	116
33.82	106
32.22	143
34.75	108
32.97	83
33.12	66
34.82	129
34.25	130
30.55	34
33.86	271
34.83	119
34.96	130
31.08	31
32.91	167
34.3	160
33.42	152
35.65	154
35.38	150
35.73	151
34.46	151
35.2	165
35.34	145
34.35	65
35.88	161
36.32	86
36.5	155
35.53	168
34.87	53
35.42	150
35.6	16
35.29	140
35.71	129
36.16	101
35.44	164
34.32	165
34.26	154
34.9	61
33.08	168
32.85	149
33.65	137
34.03	152
34.9	143
33.84	138
36.16	134
34.36	55
34.51	266
36.92	143
36.21	162
35.58	127
36.25	128
35.51	134
36.75	247
36.06	158
35.74	168
35.67	137
34.42	150
33.71	145
33.09	163
35.64	267
33.32	157
33.46	130
33.96	127
33.51	157
32.98	167
34.24	161
33.21	71
34.31	123
34.6	124
33.95	156
33.56	113
34.59	56
34.06	114
33.13	166
34.9	152
31.84	160
34.34	73
35.65	137
34.87	62
35.25	82
34.64	141
35.74	116
35.16	131
35.22	167
34.34	209
35.18	103
32.96	60
33.15	137
33.86	114
33.83	164
33.94	160
34.21	132
33.76	163
33.46	149
33.79	245
34.37	176
34.33	133
35.93	150
36.21	127
37.77	123
34.66	71
36.13	144
34.47	168
36.2	139
35.97	110
36.07	148
36.84	138
34.72	78
32.72	82
33.84	124
34.97	158
34.16	122
33.42	117
34.55	145
35.29	133
34.21	75
32.49	157
34.72	125
32.42	165
34.9	138
33.95	80
32.89	65
34.33	167
32.72	21
32.83	153
34.43	92
33.65	147
36.36	168
35.63	162
37.1	130
35.26	32
35.93	130
36.24	142
36.05	86
34.35	123
35.72	135
35.72	135
35.48	134
35.64	124
36.97	109
35.26	150
35.56	160
34.82	161
35.94	110
35.63	109
35.07	128
35.86	152
32.68	55
34.27	145
35.01	103
35.47	138
36.23	120
33.72	160
35.01	140
33.38	17
34.51	43
34.52	164
36.16	122
35.14	166
36.16	125
34.38	146
37.8	106
35.12	168
36.38	132
35.23	150
34.04	159
34.84	167
31.75	50
31.81	42
33.64	133
35.23	145
33.76	135
33.05	50
34.38	98
33.8	126
33.37	168
33.65	141
35.44	122
36.23	152
37.14	95
35.29	124
37.8	108
36.28	105
34.94	123
35.83	166
36.01	133
35.1	72
36.01	98
34.65	168
34.6	121
35.39	162
34.66	138
36.15	100
34.09	166
35.33	145
34.51	165
35.08	152
35.34	102
34.4	160
35.59	111
33.21	12
37.32	119
37.08	102
33.44	161
34.43	158
35.26	129
35.35	192
35.38	113
31.91	160
32.43	152
35.77	133
35.04	119
33.51	100
34.7	127
34.46	92
33.99	168
34.41	95
33.69	154
34.3	126
33.59	103
34.52	165
34.11	86
36.29	87
34	74
34.34	156
32.15	166
33.03	71
36.25	112
35.22	136
35.58	163
35.48	165
35.54	148
34.75	157
36.49	110
36.64	119
36.6	117
36.32	117
35.67	167
35.88	127
35.1	163
36.36	110
35.02	166
35.67	147
36.09	103
36.03	230
36.48	143
36.03	163
37.32	119
37.24	242
36.55	150
37.33	162
38.24	159
36.47	152
36.19	140
36.57	151
36.91	117
35.78	150
34.16	158
33.78	127
33.73	160
33.3	167
34.99	91
33.87	164
32.89	66
34.62	122
31.39	5
33.54	167
33.96	143
34.66	168
34.65	161
31.79	27
33.74	138
31.91	8
33.96	99
33.74	113
33.93	86
33.98	150
33.03	141
31.97	49
33.86	101
32.55	88
35.4	149
32.95	84
31.73	165
34.55	54
34.21	146
34.2	153
35.15	148
35.12	104
34.82	151
35.95	70
34.38	149
34.18	150
34.84	147
34.82	129
34.59	156
36.74	130
36.28	74
36.13	114
34.72	134
36.03	161
36.35	145
35.37	153
35.44	159
36.88	77
37.55	120
35.67	143
32.49	140
34.11	224
33.93	240
34.05	80
34.27	157
34.05	96
33.72	253
34.71	148
34.41	148
32.57	127
34.15	128
31.8	161
33.41	124
33.95	131
35.27	171
31.74	13
34.79	124
32.64	33
35.07	133
35.08	196
34.27	120
34.34	128
33.78	290
33.45	113
33.38	115
33.82	127
32.1	161
35.18	143
32.89	64
33.32	156
36.2	128
36.31	109
34.92	155
35.37	150
37.63	115
37.14	93
36.89	107
35.79	155
34.69	163
34.84	161
33.81	136
35.3	161
33.37	168
33.42	138
33.64	82
33.3	165
33.6	129
33.14	167
34.04	118
34.77	105
35.31	141
35.15	96
35.23	144
34.79	117
34.67	47
34.84	128
35.45	158
34.93	47
34.19	146
33.45	135
34.69	89
34.65	162
35.93	164
32.87	46
34.71	143
36.1	133
36.21	164
34.89	142
36.25	163
35.91	149
35.74	67
34.88	154
35.28	84
35.61	135
35.85	165
35.66	152
33.72	13
35.14	155
34.55	99
35.25	143
35.07	128
33.88	110
34.09	84
32.66	42
32.03	42
32.96	255
33.11	163
30.8	26
33.44	45
33.61	63
34.3	142
35.22	154
34.22	120
33.98	114
35.34	86
35.25	56
33.9	40
35.37	138
35.64	136
33.16	33
36.37	144
35.21	161
34.05	123
35.62	82
36.14	67
35.52	154
36.41	162
37.1	136
37.79	137
35.3	102
33.96	71
36.43	113
34.84	63
34.46	21
36	131
34.69	168
34.3	167
36.84	133
33.75	159
36.5	86
32.84	147
33.8	133
35.96	87
33.84	299
32.59	156
33.83	108
32.83	155
34.3	124
34.22	142
35.42	116
37.9	149
34.65	155
35.51	133
34.26	165
35.53	100
35.5	126
33.74	55
34.67	162
35.12	118
33.18	163
34.72	146
34.7	157
35.55	158
35.11	138
35.79	126
35.35	100
35.61	134
36.15	153
35.32	161
36.06	145
36.28	128
35.44	155
37.01	155
36.53	153
37.67	152
34.5	166
36.29	206
34.73	168
34.6	67
35.65	142
35.56	167
35.42	142
35.12	166
35.53	127
35.89	80
35.67	109
35.98	158
36.15	124
36.51	150
34.61	74
32.1	17
35.01	89
35.62	118
34.48	124
34.46	158
34.43	135
34.71	161
34.29	166
36	162
34.98	112
35.26	149
36.29	109
34.79	88
35.21	104
36.96	120
36.79	150
35.9	135
35.36	137
35.29	100
35.02	65
35.52	158
35	140
35.77	128
35.22	154
35.5	123
35.71	150
35.28	73
35.74	155
34.63	165
35.78	120
35.15	110
34.87	140
35.49	34
34.4	102
34.86	144
34.03	40
34.03	40
35.27	127
35.7	161
34.62	159
34.18	96
33.77	153
35.8	269
33.48	106
34.72	125
33.93	166
33.84	120
34.55	257
33.55	147
34.86	158
34.24	154
34.17	161
34.37	236
33.51	166
34.8	95
34.82	96
36.4	140
34.33	103
33.75	162
32.85	150
32.41	143
33.94	74
32.75	147
33.9	97
33.31	166
36.17	126
34.65	129
32.23	136
33.11	153
33.04	151
36.4	112
36.18	141
34.11	150
36.37	98
36.16	101
34.7	161
35.31	154
36.64	74
35.28	154
37.1	109
33.88	75
34.57	114
34.13	138
33.86	128
34.26	103
35.51	130
33.13	158
35.59	137
34.54	96
34.27	144
34.96	128
34.27	164
33.11	154
33.51	161
33.55	150
34.63	72
33.36	167
33.6	132
32.47	150
32.88	161
35.82	130
33.55	113
34.03	162
35.23	142
34	120
34.75	132
34.19	141
33.62	127
35.3	117
33.84	162
34.39	270
34.07	84
34.35	152
34.24	161
34.79	85
36.95	120
35.26	154
35.05	120
33.09	26
35.38	168
34.13	164
34.31	145
34.17	161
32.71	151
34.44	109
34.76	146
34.01	151
34.67	136
34.28	163
32.08	18
36.12	168
36.11	110
35.43	125
34.55	160
36.06	96
34.78	139
35.94	156
34.2	143
33.69	39
35.91	104
33.93	159
34.54	216
36.01	167
33.65	136
35.9	108
34.62	72
35.82	125
34.33	164
35.58	69
42.8	52
33.6	35
33.34	127
35.41	92
33.84	80
33.35	92
33.79	166
35.82	142
34	159
33.92	101
34.34	90
32.36	157
33.49	156
35.49	106
32.49	165
33.7	123
34.22	126
33.37	61
35.32	271
35.35	120
33.44	94
33.39	37
33.03	163
32.44	156
33.79	136
34.74	49
33.03	88
33.76	81
33.41	147
32.68	33
33.78	153
34.82	240
34.92	163
35	160
34.57	110
35.53	160
35.39	115
35.29	76
33.82	167
35.2	81
35.18	161
32.98	164
34.24	98
31.53	155
33.69	63
33.04	166
34.21	151
34.76	129
35.78	142
32.77	162
33.61	147
35.08	38
35.25	157
36.1	130
35.45	165
35.88	114
34.96	287
34.72	163
36.51	102
34.69	16
34.65	143
36.07	168
35.58	47
34.98	113
35.89	105
34.52	161
33.82	141
34.13	168
36.07	135
35.26	116
33.92	50
33.9	65
34.39	133
33.17	203
33.33	56
33.39	70
34.68	85
34.51	138
32.72	79
34.14	115
34.73	127
33.66	155
34.35	95
34.62	144
35.58	122
35.6	84
34.64	135
33.07	43
35.12	132
34.86	109
34.06	78
36.27	92
34.72	86
34.62	22
35.63	152
34.72	119
35.67	46
36.6	155
34.88	85
34.35	166
35.32	121
33.13	130
33.87	160
33.29	66
34.49	104
34.73	164
33.98	68
35.25	133
34.01	146
33.69	106
33.99	158
34.11	268
35.52	124
33.27	145
33.97	118
34.42	187
35.58	117
34.39	149
34.34	63
35.16	126
33.94	137
36.69	119
34.94	138
35.91	121
34.48	54
35.23	122
35.64	155
35.1	79
34.7	160
33.75	168
35.29	159
34.95	135
38.2	69
35.55	127
34.72	151
36.94	85
34.58	160
37.18	78
35.12	99
34.69	164
35.87	159
35.58	143
34.98	90
36.08	139
35.24	133
32.36	151
35.34	107
35.05	132
35.17	123
34.84	139
35.2	167
34.31	86
33.92	163
34.77	123
33.85	57
34.69	119
34.34	134
35.35	108
33.86	135
33.95	64
33.49	167
35.93	99
35.34	159
35.03	213
34.39	161
35.99	106
33.74	130
35.46	156
34.56	110
35.49	108
34.69	144
35.54	75
34.7	165
34.03	126
34.33	103
33.69	80
34.3	76
36.26	192
34.12	147
33.19	71
33.65	154
35.28	148
35.91	141
34.79	162
35.8	41
34.85	159
37	112
35.63	165
36.16	80
36.81	127
37.32	108
36.13	105
35.47	114
33.75	135
35.64	152
34.5	162
34.87	143
32.35	27
35.98	158
36.22	135
34.06	99
34.62	156
34.08	159
35.5	128
35.24	146
33.97	141
36.36	123
36.6	130
33.74	36
35.71	73
34.67	168
34.35	161
35.2	127
34.33	132
35.97	156
36.54	137
35.35	109
34.01	146
34.62	18
33.87	68
34.16	121
33.11	129
33.15	44
33.96	110
35.5	101
33.86	164
35.42	82
34.53	152
34.92	165
34.77	118
34.58	131
34.91	140
34.89	259
33.45	168
34.8	89
35.52	137
34.53	165
34.52	120
34.97	152
34.48	157
35.02	138
35.76	126
35.6	187
36.04	165
35.97	141
35.46	147
36.53	125
35.56	123
36.23	137
36.55	152
36.21	87
34.41	87
36.58	110
33.03	161
33.26	136
34	41
34.51	86
35.77	101
35.49	153
33.9	74
34.95	72
34.29	129
33.13	151
35.74	133
34.45	119
33.88	273
35.43	97
33.71	99
33.1	163
33.07	164
34.22	70
35.28	159
35.49	115
34.7	133
36.17	148
35.39	153
33.25	35
34.75	134
34.68	84
35.35	73
34.44	151
34.34	141
35.2	132
34.61	140
34.06	95
35.82	132
35.37	140
42.4	35
34.77	105
34.97	103
35.04	128
33.83	147
33.9	162
32.84	155
35.88	139
36.41	133
34.36	162
34.73	118
32.6	143
33.58	271
34.11	145
33	163
35.89	68
34.72	70
33.56	108
32.91	160
33.55	255
33.88	131
32.5	153
35.05	139
33.42	102
32.29	7
35.43	168
35.94	79
35.58	117
36.03	117
35.48	154
36.55	88
34.87	69
36.26	112
35.85	153
34.18	119
36.6	125
34.56	132
34.28	156
34.03	160
35.88	94
35.66	159
35.51	131
34.13	140
34.7	164
35.24	80
36.57	146
35.16	153
34.81	232
35.86	127
35.41	137
34	161
35.45	162
34.77	39
35.35	127
35.77	154
35.7	78
35.82	154
36.37	109
36.94	138
36.89	81
36.49	135
35.62	154
37.65	123
36.74	107
34.87	108
33.7	145
33.53	99
33.41	152
33.81	157
33.49	141
32.18	23
33.46	99
33.91	144
34.57	220
34.59	76
33.8	162
33.56	160
34.14	117
33.01	129
34.41	138
33.23	147
33.89	158
34.73	130
34.88	178
34.97	167
33.86	126
35.77	138
35.04	134
34.55	147
34.02	159
33.34	163
36.34	113
34.5	144
35.88	151
34.19	91
30.72	21
34.52	260
33.86	256
33.72	54
33.46	153
33.86	85
33.32	117
35.79	86
34.79	112
33.54	159
33.18	161
34.6	161
33.71	146
33.43	148
32.84	24
33.01	73
34.82	81
33.08	94
33.14	125
33.85	135
34.23	139
32.03	105
31.76	65
33.2	104
33.29	165
33.75	157
32.95	108
33.35	156
33.07	92
35.17	120
35.72	160
34.65	136
34.82	283
36.59	154
35.45	121
33.57	158
33.73	165
34.85	73
33.63	166
36.25	166
36.1	133
36.97	98
35.32	44
36.95	77
35.41	162
35.91	50
36.24	189
36.39	150
37.16	153
34.85	216
34.74	140
36.77	135
35.18	161
34.23	158
35.2	108
35.57	120
33.79	153
36.04	104
35.64	171
34.7	268
34.94	129
34.55	59
36.81	143
34.34	124
34.52	105
33.88	32
32.39	116
35.41	129
34.29	153
35.13	98
34.3	156
33.67	151
33.3	143
32.69	35
35.05	130
35.02	115
33.49	167
33.77	44
34.46	121
33.13	147
34.02	106
34.26	87
33.04	44
33.92	129
33.65	120
34.6	139
35.22	125
33.6	151
33.3	160
36.98	93
36.5	120
35.15	110
36.87	146
36.18	144
35.95	106
35.08	130
34.25	46
36.79	105
35.95	167
34.34	156
32.34	157
32.96	160
33.13	51
33.73	53
34.77	122
33.02	47
34.69	162
33.64	105
33.32	115
35.97	149
34.79	151
36.87	141
34.79	161
35.59	88
35.67	166
35.64	160
37.32	131
35.28	133
35.27	129
33.42	155
32.64	38
33.52	164
33.03	222
34.14	130
33.83	145
33.73	150
33.58	89
34.45	146
33.72	162
36.15	101
36.3	132
35.08	125
34.51	85
36.17	124
35.15	146
34.55	106
34.53	160
35.04	160
35.51	143
35.1	122
35.02	140
35.19	166
36.53	131
34.84	154
35.52	144
35.06	141
35.84	78
35.37	149
35.61	131
34.28	117
33.88	127
33.89	83
33.69	140
33.74	145
34.62	82
34.66	101
33.5	128
33.22	112
33.39	130
34.84	76
33.39	122
35.25	127
34.11	139
33.03	163
31.94	157
33.94	105
35.98	116
33.56	85
35.11	91
35.42	130
34.29	164
33.55	151
33.75	168
34.05	85
33.26	87
34.43	154
35.07	117
30.98	11
33.99	159
35.96	167
36.85	115
35.98	134
35.51	159
35.61	151
36.15	139
36.58	159
36.61	118
36.78	150
36.33	96
36.4	81
36.83	134
35.51	124
35.18	98
36.91	98
36.13	153
35.97	145
36.18	136
35.63	75
36.55	47
35.55	138
35.36	109
36.55	136
35.28	163
36.93	112
36.5	137
36.56	148
36.32	120
34.87	209
35.95	272
36.16	121
36.16	164
35.35	146
36.19	139
35.78	129
35.35	136
32.76	2
36.52	149
35.2	233
36.08	153
34.36	162
35.75	139
35.56	237
34.15	35
36.12	155
35.18	102
35.72	167
34.59	164
34.81	40
35.07	167
37.46	57
35.24	249
35.25	146
36.66	136
36.32	84
35.19	40
35.34	150
35.74	163
36.33	153
35.79	143
35.35	240
35.45	148
35.7	120
35.1	41
36.64	113
35.5	148
35.5	98
35.3	102
34.46	158
33.3	165
34.22	162
32.64	8
32.94	57
36.55	98
35	105
34.51	167
34.77	122
36.34	115
35.25	51
36.17	134
36.2	142
36.11	125
35.73	41
36.36	134
35.26	149
34.26	34
35.49	153
35.97	119
36.17	131
34.72	152
35.39	133
34.88	167
32.28	23
34.17	149
35.3	84
34.73	133
36.95	143
35.49	121
35.6	124
34.4	127
32.78	132
34.02	136
33.78	167
33.65	166
34.41	274
33.93	105
33.33	19
35.47	90
33.28	139
33.91	131
35.08	79
33.85	116
34.87	168
35.86	104
34.93	128
33.17	168
34.31	126
31.63	160
34.56	289
33.12	132
33.98	155
35	118
34.32	143
35.55	164
34.83	132
36.19	106
34.59	114
35.37	115
33.87	159
31.59	13
35.47	145
32.89	7
36.35	135
36.09	158
35.68	159
35.44	152
37.6	132
35.26	73
35.7	164
35.42	168
35.54	91
34.34	145
35.64	150
36.34	101
37.15	89
35.79	150
35.96	159
36.69	153
36.76	128
36.83	154
37.78	110
35.3	149
36.24	133
36.05	127
36.04	126
35.82	141
38.55	116
36.03	147
35.86	168
36.57	146
34.96	96
33.35	163
34.99	123
33.79	144
35.41	110
34.12	122
36.05	168
35.1	130
33.94	167
34.37	153
37	140
36.84	138
35.83	132
37.1	129
37.6	125
36.26	142
36.95	158
35.3	86
36.44	110
36.62	130
35.32	143
34.11	158
35.61	99
34.65	131
36.16	72
37.09	106
33.59	168
36.32	165
35.65	150
34.6	152
36.8	84
36.13	156
36.34	128
34.6	71
35.6	213
34.16	126
35.72	159
35.82	67
37.48	165
36.44	159
35.78	114
34.41	163
36.65	121
34.64	162
34.26	61
34.78	124
35.27	119
34.93	114
32.72	161
34.67	187
34.86	125
35.47	86
36.22	128
34.97	154
33.63	147
35.79	151
36.28	168
35.76	168
35.25	88
35.64	153
36.35	147
36.57	156
36.19	129
35.91	166
35.77	146
35.4	51
36	117
35.15	149
36.45	143
35.14	156
35.65	122
35.08	125
35.46	104
34.54	157
35.09	152
35.96	138
36.36	144
35.11	154
35.22	110
34.7	151
36.41	118
36.23	28
35.44	125
37.86	149
36.92	78
36.89	136
34.79	125
37.25	77
36.75	84
36.17	121
34.07	93
34.74	136
33.67	159
34.93	95
34.68	143
35.53	153
34.77	124
34.11	92
34.43	114
33.32	78
35.06	158
37.49	98
36.94	142
35.08	163
37.18	166
35.92	98
36.24	90
34.6	142
35.22	136
35.93	278
33.66	156
35.23	142
34.48	162
35.5	101
33.92	102
34.86	125
33.91	160
34.8	143
34.03	115
35.16	142
34.52	160
34.95	139
32.79	242
34.84	136
33.42	86
31.91	29
33.78	114
34.72	125
32.85	122
33.29	291
34.03	238
34.98	90
31.72	17
36.14	109
35.13	152
35.83	90
36.19	149
35.6	123
35.69	112
36.08	143
36.42	208
36.68	100
35.95	119
36.71	77
35	107
34.56	152
36.07	155
35.29	89
36.27	137
35.43	138
34.37	160
34.55	148
35.71	117
34.87	87
33.85	134
34.46	167
34.45	93
34.48	166
35.73	147
33.4	32
34.44	129
33.18	166
33.39	150
34.41	159
34.8	100
35.17	120
34.67	166
34.65	120
34.63	107
35.5	130
36.06	121
35.65	160
36.78	143
37.08	152
35.92	153
35.88	122
37.13	119
35.84	98
35.68	102
35.78	134
33.82	83
32.81	81
34.28	132
33.34	160
33.02	146
34.19	52
33.16	91
34.07	148
33.95	109
34.04	157
34.67	106
33.44	153
34.71	150
34.54	147
35.85	137
34.15	155
35.57	122
34.71	130
35.45	145
34.99	141
32.98	155
35.11	67
34.79	133
34.76	159
34.85	113
35.58	129
36.27	108
36.23	108
36.21	108
35.42	87
34.86	148
34.64	136
34.91	156
34.99	127
35.49	131
33.53	139
33.92	120
34.25	57
34.12	100
33.8	139
35.25	255
34.38	151
35.63	157
36.62	271
35.35	55
36.11	105
35.35	143
35.25	93
34.66	120
37.1	86
34.91	127
36.12	50
35.27	116
34.93	144
33.54	70
35.04	90
34.55	281
34.5	108
35.79	155
34.73	120
32.66	143
35.19	133
33.41	163
33.51	160
33.97	146
32.83	61
35.05	76
33.65	92
35.63	82
34.34	167
34.48	147
34.27	128
35.05	147
33.08	81
33.27	161
33.06	42
33.48	297
34.08	113
34.02	139
34.45	124
34.71	121
35.58	123
34.56	251
35.43	141
36.5	133
34.84	139
33.37	160
33.41	158
33.79	163
34.72	168
35.58	133
34.04	124
36.59	158
33.95	143
35.81	149
34.51	156
34.1	104
35.34	71
33.35	160
35	167
33.75	32
35.45	163
35.71	166
34.98	162
35.78	163
35.58	161
34.84	65
37.17	102
35.48	139
36.72	99
35.38	138
31.83	157
35.81	134
35.16	146
34.36	124
35.14	148
35.17	116
34.83	103
33.93	84
35.47	124
35.48	123
37.25	133
36.98	124
35.82	159
36.31	137
35.51	131
35.64	85
35.38	164
35.63	167
35.69	162
35.18	88
32.09	165
34.61	151
33.54	166
33.36	151
33.68	156
33.69	160
32.92	165
33.81	133
34.31	141
35.69	153
34.39	164
35.35	75
35.48	153
35.4	167
36.67	158
35.56	158
35.12	146
36.85	177
36.13	103
33.62	137
33.8	212
33.9	132
34.17	157
35.43	117
34.88	69
33.42	64
35.37	137
35.26	128
35.56	130
34.33	143
34.9	135
35.29	153
33.41	29
36.27	47
33.88	161
34.35	63
35.79	91
35.27	140
36.16	140
33.06	166
32.08	128
33.87	101
34.13	247
32.93	167
35	70
33.75	106
34.11	81
33.54	102
33.7	153
33.57	160
33.22	136
35.16	120
34.03	122
34.69	69
33.93	45
35.04	79
34.25	131
32.33	157
34.37	41
34.08	142
34.81	289
35.37	84
34.75	155
34.74	147
35.2	74
34.5	72
36.08	96
35.76	92
35.75	74
35.58	111
35.9	132
34.92	247
35.77	143
33.85	167
35.34	163
35.28	146
35.51	89
36.77	137
34.94	130
34.72	145
32.63	46
33.82	162
33.91	133
33.53	246
35.17	65
34.07	156
34.55	156
34.23	142
34.18	46
35.38	85
35.89	134
35	161
34.86	157
35.67	102
35.29	127
36.69	85
35.21	142
35.26	147
35.86	146
35.09	145
35.69	166
35.16	88
36.29	105
36.17	133
32.66	29
36.6	121
36.18	111
35.18	123
34.48	166
34.86	144
33.57	164
48.31	2
34.61	259
34.95	91
33.72	158
35.17	159
35.38	144
35.4	97
34.32	154
35.13	147
33.59	135
34.17	123
34.29	158
33.06	164
34.84	161
33.13	166
33.56	162
34.67	130
34.92	84
33.22	154
34.56	214
36	134
34.43	137
34.78	77
34.75	114
35.81	147
33.78	256
33.89	223
34.2	143
32.78	49
33.69	129
33.79	192
35.89	141
33.76	110
34.27	50
35.23	103
34.86	113
34.67	147
34.11	75
33.3	162
34.98	180
36.15	148
36.95	74
35.81	112
35.51	52
35.31	149
33.92	91
34.94	220
33.05	12
35.94	109
34.48	136
34.21	109
35.33	76
35.24	108
34.59	155
32.59	40
33.82	153
34.35	142
34.07	160
36.82	118
35.49	138
38.16	144
37.18	101
36.07	147
37.18	117
35.85	162
35.27	161
36.06	126
35.03	167
34.42	153
34.34	129
34.75	96
34.55	124
34.76	124
34.46	112
34.17	123
34.33	158
33.02	168
36.16	168
33.56	166
34.6	153
35.69	132
37.14	177
36.06	105
34.82	130
34.07	137
34.67	133
37.44	195
34.92	147
32.72	42
34.65	162
34.55	149
34.41	52
35.07	125
34.96	84
33.67	96
33.96	145
34.11	158
35.03	118
34.9	160
36.93	153
35.36	116
35.65	165
36.56	156
34.26	165
37.46	132
35.47	122
35.41	153
36.26	59
35.41	174
33.83	94
35.24	96
34.51	124
34.33	166
32.4	48
34.56	66
32.62	166
33.51	69
33.64	132
31.11	163
33.51	86
33.55	142
33.84	151
33.47	139
33.82	155
34.25	111
35.19	149
34.76	130
34.32	244
36.69	104
35.86	140
35.28	91
35.23	89
37.15	142
34.51	153
35.55	123
35.57	148
36.19	128
35.71	166
37.43	74
35.74	102
35.64	111
35.89	140
36.49	130
35.39	163
34.87	161
34.77	165
37.15	163
35.93	150
35.54	162
35.23	147
33.67	167
35.73	110
35.91	122
35.99	136
34.73	167
35.01	133
35.03	236
34.46	24
33.48	286
33.4	161
35.21	162
33.98	167
35.43	137
34.89	136
33.26	122
33.73	123
34.5	85
34.1	149
35.06	133
34.67	132
33.5	145
33.85	161
32.94	143
34.04	48
33.84	160
33.75	160
35.29	46
32.54	165
33.45	150
34.82	159
33.68	166
34.19	113
34.43	143
34.65	109
33.98	151
32.86	166
33.98	164
32.94	142
35.3	136
35	142
35.98	105
33.63	60
34.91	96
34.48	158
35.82	143
35.11	142
34.78	145
34.6	164
36.57	106
35.07	227
34.98	79
34.72	156
33.17	161
34.28	131
35.22	111
34.86	108
35.79	132
33.97	156
34.21	33
34.6	156
32.33	112
35.13	120
33.4	154
34.84	112
34.6	125
33.81	145
34.68	144
33.71	88
33.89	154
35.28	132
33.93	163
33.4	71
35.3	123
34.08	100
35.01	58
33.61	162
33.58	54
33.92	137
33.22	11
35.57	163
35.54	160
34	161
34.44	54
34.52	128
34.73	128
34.7	145
34.59	158
34.15	63
34.17	150
34.16	71
35.79	112
35.18	134
35.65	147
34.34	167
35.73	125
36.73	69
31.91	1
36.78	98
35.57	134
34.42	136
36.97	120
36.07	138
35.04	151
34.11	82
35.34	133
35.62	100
33.7	168
35.34	149
35.12	100
35.6	111
34.88	192
34.03	160
35.45	158
34.06	151
34.37	155
34.56	139
33.41	129
34.81	125
100	0
35.31	17
35.92	164
35.36	57
35.1	163
34.05	159
36.94	130
35.82	101
35.4	167
36.79	151
34.56	257
33.69	117
35.82	132
33.64	84
34.61	229
34.14	57
34.69	77
34.5	105
33.62	54
34.27	163
36.21	164
34.65	159
35.17	160
34.49	39
35.58	155
35.79	167
36.38	126
34.94	134
34.73	155
35.91	83
35.57	141
35.75	82
36.65	158
34.53	155
35.36	119
35.01	139
36.72	108
35.94	142
36.24	157
34.16	165
33.69	163
34.58	166
35.05	107
33.34	146
34.75	132
34.89	129
33.56	106
33.56	126
34.36	134
34.5	120
32.38	167
34.98	175
33.53	149
33.92	147
33.96	106
34.09	95
33.4	164
33.59	163
34.04	99
33.52	255
33.37	88
32.63	81
34.2	152
34.51	126
33.63	93
34.2	52
33.88	253
30.93	157
34.41	93
34.53	88
33.79	123
35.04	61
34.37	167
34.16	150
34.27	121
35.73	84
34.28	127
34.17	154
34.23	167
36.98	90
33.95	74
34.64	275
33.86	72
33.94	162
35.11	166
34.29	235
34.03	164
33.57	166
34.55	114
33.11	118
33.43	161
33	155
34.12	120
33.12	91
33.6	114
33.62	297
33.02	86
32.95	140
34.53	292
33.03	152
33.2	163
34.48	30
34.26	105
34.12	123
34.1	133
33.71	153
34.29	117
34.33	121
35.56	144
33.75	62
34.96	156
35.48	131
35.59	128
32.22	65
36.07	114
35.06	94
34.28	96
35.62	166
34.85	135
33.98	163
34.22	143
35.64	116
35.31	162
36.43	107
34.48	123
34.52	161
35.96	122
34.77	125
34.7	129
35.38	137
36.77	133
36.06	121
35.25	159
35.24	127
32.89	167
34.61	159
34.17	162
35.89	136
35.23	72
36.18	58
33.68	158
32.74	11
34.72	142
32.6	35
33.62	48
36.16	130
32.97	33
35.07	114
33.92	217
35.6	121
33.67	153
34.91	150
35.8	83
36.49	106
35.27	128
35.06	143
36.26	148
34.26	163
34.03	153
35.8	83
32.78	81
33.7	167
34.63	88
33.66	164
34.37	78
34.6	93
33.29	150
34.12	92
34.75	154
34.04	153
33.65	80
34.93	183
33.75	105
34.93	141
34.21	134
35.19	158
33.79	149
33.75	132
33.61	159
33.08	165
33.44	92
33.83	83
34.24	148
34.97	119
33.9	162
34.06	99
33.57	150
34.33	147
33.11	93
33.57	157
34.11	153
32.78	81
33.7	167
34.63	88
34.52	81
32.55	24
34.98	154
34.57	141
34.05	148
33.63	167
31.26	17
31.26	17
34.13	157
33.63	118
33.63	118
34.1	130
33.63	118
35	138
35.78	124
35.62	86
34.43	160
34.71	82
36.29	138
35.3	136
34.38	87
34.06	146
34.17	303
35.01	104
34.51	148
35.03	127
34.5	164
36.68	137
35.59	144
34.88	144
36.94	80
36.3	148
36.1	152
35.02	168
34.84	168
35.11	157
36.52	91
36.12	73
36.29	114
35.1	111
35.89	150
36.43	93
37.13	80
36.41	150
36.11	62
34.21	164
34.06	139
33.72	280
33.93	79
32.22	17
33.01	144
33.9	167
33.73	133
32.93	163
34.37	139
33.22	256
35.53	119
34.98	156
35.52	144
34.31	159
34.83	140
34.55	47
34.93	96
35.03	158
34.27	85
34.66	70
34.85	155
34.95	164
33.45	56
34.53	219
35.65	113
35.73	128
34.6	135
34.8	156
35.68	153
35.64	101
36.08	58
34.09	32
36.59	148
33.75	163
36.05	159
35.73	142
34.87	125
35.26	156
37.65	120
36.93	139
34.73	138
35	124
34.29	105
35.95	108
34.57	140
32.91	63
34.03	48
34.03	91
34.48	149
34.44	145
34.53	58
35.03	158
35.7	158
35.1	166
34.86	279
34.93	133
36	110
36.35	184
34.11	168
35	49
36.21	127
35.73	120
35.36	63
34.86	150
35.53	145
34.83	66
36.1	177
35.86	106
34.85	165
35.02	162
35.01	143
34.46	158
35.39	135
35.44	160
34.97	142
36.7	166
35.32	165
34.46	97
34.64	114
35.09	119
34.96	138
35.82	136
35.53	288
35.52	83
35.24	131
35.72	147
34.56	167
36.63	153
35.94	154
36.07	128
35.33	167
37.19	134
35.33	151
37.06	102
34.26	163
36.37	141
35.13	149
35.43	164
35.59	148
36.55	80
35.08	64
35.66	146
36.73	134
35.47	56
35.06	125
36.51	91
35.14	160
36.64	91
33.75	161
34.08	113
36.06	154
36.63	137
36.7	126
36.35	148
35.27	124
35.84	119
34.58	166
34.91	156
34.13	166
35	144
35	168
34.55	164
34.61	264
34.25	88
35.54	139
35.01	157
35.24	159
34.15	163
34.63	163
34.98	121
34.69	102
35.5	46
35.74	141
35.25	230
35.89	142
35.59	73
35.51	128
35.76	109
35.2	164
36.75	130
33.28	153
35.64	112
35.26	97
32.72	42
35.6	128
34.23	144
34.54	128
33.87	163
33.99	149
34.96	133
34.8	104
35.72	153
36.64	75
36.07	153
35.39	145
35.71	147
37.28	136
34.25	159
35.84	125
37.19	135
33.05	146
32.07	157
34.78	94
35.12	123
34	157
32.84	168
34.21	45
35.49	133
33.07	130
33.68	148
34.88	149
33.99	150
34.94	116
35.82	156
35.29	142
34.23	167
37.27	163
36.74	117
35.38	144
35.88	158
34.7	232
34.41	165
33.78	131
36.5	134
35.87	212
36.39	125
33.26	55
34.63	201
33.67	153
35.07	155
35.53	106
36.98	112
35.58	34
36.02	126
37.32	100
34.69	147
36.02	157
35.62	78
36.75	150
34.86	93
34.8	160
35.16	160
35.34	246
34.25	62
35.52	117
35.62	138
35.06	134
33.84	168
34.89	128
35.45	159
34.25	77
32.86	165
33.67	45
33.89	42
35.31	143
32.92	162
32.57	168
33.15	47
34.24	99
35.76	123
33.74	134
35.01	158
35.39	77
36.35	142
34.12	72
34.3	162
31.39	41
34.2	144
35.44	177
35.32	140
35.74	96
31.85	8
34.5	46
34.69	159
35.8	125
34.96	132
34.69	131
35.23	150
34.09	63
35.15	94
33.77	158
34.66	186
33.82	201
34.22	140
33.54	59
33.82	138
33.66	122
33.55	143
34.29	167
35.45	119
33.72	88
34.86	112
36.13	100
34.37	124
34.74	102
35.39	137
33.79	125
33.7	97
35.18	70
31.65	16
35.74	133
37.26	143
37.04	126
36.75	140
32.71	283
34.84	149
36.89	118
36.55	145
36.1	147
36.06	99
35.55	107
35.57	97
34.95	138
34.4	163
33.35	8
37.09	120
35.04	135
35.34	123
36.62	163
33.64	161
33.44	135
35.57	107
35.12	126
32.9	165
33.19	118
33.26	155
33.25	147
33.05	165
33.86	103
34.16	128
32.94	125
33.07	130
34.21	113
35.8	107
33.69	164
34.04	201
32	41
33.08	147
33.7	116
34.83	107
35.14	215
35.27	148
35.51	198
33.82	71
34.71	128
33.71	70
34.24	151
35.56	89
34.98	159
34.94	160
34.22	164
35.43	161
35.26	128
34.21	146
34.87	57
35.59	135
33.62	105
34.29	177
34.61	150
33.27	147
32.19	154
33.4	156
34.98	126
32.32	143
33.11	157
33.27	161
32.84	153
34.42	17
34.09	162
34.11	151
33.32	153
33.71	64
34.03	164
33.86	278
32.4	90
35.08	94
35.58	126
33.39	162
35.28	126
33.3	73
33.82	119
33.83	165
34.44	118
34.73	137
34.27	166
33.96	130
35.08	124
33.91	161
34.01	154
35.21	118
32.24	133
34.04	119
32.83	37
33.42	265
33.61	156
34.44	139
34.15	168
33.12	143
32.88	162
34	123
34.64	141
34.13	156
33.86	151
35.04	139
33.6	123
34.73	146
33.94	76
35.06	142
34.94	86
33.64	156
34.25	160
33.11	112
32.47	52
33.48	129
33.69	166
35.34	136
34.84	171
33.7	154
33.89	164
33.64	116
35.31	164
33.47	140
34.65	113
33.78	147
35.09	117
34.81	65
36.18	167
35.49	123
35.79	141
34.9	129
35.25	131
36.2	121
37.3	190
36.88	95
36.21	135
35.75	151
36.06	130
35.9	100
34.93	127
35.36	150
35.34	112
34.55	136
32.69	40
34.59	121
33.19	266
34.35	94
34.88	90
32.58	48
34.12	165
34.68	122
34.08	157
36.95	61
32.79	166
33.46	116
33.88	145
33.85	46
33.92	78
30.79	29
33.17	153
33.43	60
34.5	113
33.72	124
33.84	150
33.17	158
34.48	158
34.41	124
35.13	156
33.88	154
34.58	103
34.5	66
33.56	153
32.6	76
32.96	164
33.7	167
32.91	160
34.78	164
34.28	52
33.73	253
33.59	130
33.77	148
33.15	159
34.31	143
34.85	82
34.81	222
35.01	144
34.38	146
34.19	107
34.27	128
34.05	91
34.88	146
37.18	162
36	114
35.86	166
35.02	164
36	165
36.08	115
36.32	153
37.05	140
36.95	124
35.59	239
35.07	148
33.25	302
34.55	133
34.75	56
33.82	125
33.38	101
34.17	122
34.43	168
35.55	153
34.37	144
36.46	94
35.78	92
35.2	149
34.89	165
37.6	109
36.69	107
36.24	121
34.81	122
35.53	135
36.29	124
33.47	165
32.7	19
34.01	155
35.97	75
34.59	104
33.62	74
36.26	113
34.89	145
34.05	151
33.75	132
32.42	130
33.48	153
34.04	142
33.93	146
35.03	86
34.86	152
34.02	158
33.22	39
33.73	89
34.11	146
35.98	144
35.3	152
34.54	135
36.12	116
36.36	158
35.91	140
35.02	168
35.3	63
35.13	129
35.07	149
33.56	138
35.43	96
34.29	264
34.74	129
33.86	154
33.55	92
34.36	79
32.69	83
33.16	117
33.94	197
34.86	56
34.39	148
35.12	164
33.83	139
34.32	158
34.1	54
34.02	117
34.36	129
35.24	117
37	115
36.12	164
34.69	155
35.61	168
35.48	141
36.79	124
37.02	136
36.12	142
35.25	165
36.04	107
34.56	149
33.96	63
34.61	248
35.14	221
35.78	154
34.59	135
34.63	167
34.88	90
34.7	48
35.66	45
34.46	160
33.95	146
33.22	277
34.43	108
33.1	168
34.63	144
35.04	145
34.66	120
33.06	168
35.41	133
34.32	79
33.48	31
34.51	164
33.93	162
33.96	69
33.97	147
33.55	160
33.4	163
34.78	136
33.72	101
33.96	138
34.62	144
35.94	126
34.75	167
34.79	107
35.33	148
35.52	138
34.5	85
34.48	132
34.11	155
33.06	32
34.74	47
33.35	166
32.8	158
34.97	103
34.45	139
34.74	154
33.97	66
32.83	99
35.12	129
34.94	129
35.17	125
34.74	139
33.86	155
33.95	96
34.65	97
34.42	126
32.97	142
35.51	148
31.99	52
34.12	164
33.23	136
32.92	59
33.24	157
33.87	95
33.8	293
32.68	142
35.14	128
33.89	222
34.19	163
36.54	136
35.45	118
36.2	167
36.75	159
35.44	165
36.91	98
36.91	152
36.66	140
34.55	155
35.9	144
33.43	78
35.05	296
34.31	133
33.54	117
33.88	131
32.86	154
34.48	137
33.15	51
34.16	230
33.37	248
35.61	51
34.68	163
33.2	98
35.48	124
35.2	114
34.56	15
35.13	160
35.73	80
35.87	97
35.09	42
34.99	208
36.82	165
35.41	257
36.25	133
36.08	145
34.85	146
35.14	132
35.59	146
36.46	124
35.2	157
34.32	103
35.49	153
34.36	136
35.68	128
34.57	156
34.29	148
34.65	154
34.44	156
35.67	200
35.4	67
34.42	161
35.33	162
34.68	152
33.93	147
34.96	90
34.77	129
35.82	157
35.8	44
33.91	167
35.08	163
35.65	148
36.04	138
36.16	131
36.4	115
36.67	148
35.33	147
34.62	161
36.16	165
36.17	129
35.23	160
33.21	165
34.84	99
33.58	38
34.89	145
34.17	126
34.95	161
34.96	67
34.34	159
33.96	146
35.07	89
34.39	105
33.99	114
32.88	164
34.36	164
35.09	150
34.59	167
33.42	52
32.89	164
33.63	166
33.7	64
34.51	157
35.13	157
34.77	274
35.72	113
35.56	125
33.72	38
34.44	141
35.83	133
35.31	86
35.68	150
33.75	141
33.22	27
34.52	133
34.31	128
34.32	129
34.79	147
34.79	119
33.25	126
34.25	144
34.22	159
35.92	151
36.44	117
36.28	120
35.98	162
37.14	87
34.99	151
36.24	123
34.95	59
34.96	155
36.03	113
34.74	158
33.65	165
35.56	154
34.56	71
35.09	89
33.2	166
34.04	143
33.16	166
36.49	112
35.66	149
34.42	85
35.31	163
35.21	139
36.13	201
35.29	122
36.17	213
36.04	119
34.38	161
35.48	168
35.21	290
34.13	150
33.72	153
35.37	114
34.94	101
36.03	118
34.13	150
35.16	164
34.41	93
33.6	160
34.45	102
35.15	109
34.46	107
34.84	139
34.21	134
35.94	54
34.3	148
33.77	162
33.81	153
35.94	134
34.66	104
35.57	184
34.43	127
34.94	129
33.25	117
34.64	275
35.15	137
34.18	167
35.75	137
35.31	154
35.35	125
36.4	78
35.24	152
35.36	153
36.04	85
34.91	135
37.69	71
35.69	167
36.74	131
35.3	160
36.5	160
34.91	112
35.06	143
34.15	129
33.92	151
34.3	166
34.77	106
35.15	119
34.29	135
33.58	151
34.64	105
35.29	92
34.77	107
35.58	119
34.66	161
35.31	276
34.42	164
33.35	161
34.73	153
34.11	139
35.03	147
33.96	127
35.37	151
35.36	158
36.01	140
34.32	155
34.76	121
33.49	58
32.23	168
34.09	280
33.95	88
34.4	102
33.87	103
35.01	126
35.77	92
36.06	145
35.19	164
34.51	148
35.34	168
34.68	164
35.28	105
35.28	151
34.74	127
35.94	176
35.88	131
34.89	154
35.71	157
34.54	46
35.04	80
34.65	128
33.9	143
36.11	134
34.66	157
36.15	110
36.25	94
35.35	162
34.72	157
35.44	145
35.39	110
35.68	118
35.29	125
35.87	115
37.01	124
37.36	78
34.66	127
36.64	122
35.22	121
35.84	131
34.81	145
36.32	157
36.81	114
35.85	157
34.69	168
35.79	164
36.8	114
35.16	148
35.68	90
35.63	145
35.56	94
34.9	153
35.05	116
34.85	157
36.26	176
35.01	79
34.69	152
35.14	70
36.01	111
34.22	168
35.18	130
36.5	246
35.19	75
33.62	262
33.51	137
34.23	144
33	121
33.32	165
34.18	146
33.42	161
34	159
34.41	75
34.09	148
33.75	134
34.37	124
35.01	155
34.84	127
33.55	161
34.23	153
35.48	123
33.74	154
35.12	98
35.3	128
33.21	151
34.57	296
34.34	94
34.21	164
34.16	145
33.72	151
34.91	146
33.38	167
32.96	154
33.95	147
34.57	117
34.12	143
33.61	157
34.4	253
33.71	168
33.97	167
33.37	148
33.85	277
34.39	126
34.08	156
34.85	132
35.49	126
32.72	151
34.67	161
34.29	93
35.79	132
34.08	130
34.5	140
35.78	110
32.93	167
35.65	150
36.01	128
35.5	76
35.18	128
34.94	159
34.09	155
33.79	140
35.3	91
36.03	162
33.68	168
34.72	93
34.25	93
33.99	294
34.45	100
33.9	168
34.94	159
34.87	82
34.05	155
33.38	65
34.89	140
34.3	107
35.07	129
32.06	150
33.5	131
34.1	121
33.78	131
33.24	127
33.45	145
34.5	67
34.43	161
33.76	152
33.32	125
35.31	132
35.02	130
34.38	160
35.55	129
34.01	140
35.31	143
35.94	61
35.86	145
34.34	134
34.26	160
33.97	158
35.14	140
35.24	114
35.81	92
35.12	141
35.36	161
34.28	163
33.37	153
36.63	109
35.86	111
35.43	119
36.5	91
36.22	127
36.19	71
35.59	121
36.1	166
34.98	91
35.08	116
36.54	154
35.65	112
35.24	213
33.54	158
35.94	99
35.6	121
35.5	159
35.26	151
35.19	147
34.85	153
32.32	48
34.18	142
33.47	160
32.37	160
32.02	54
33.14	159
34.24	168
34.15	131
32.84	127
33.27	167
35.27	155
33.51	9
34.03	143
35.08	160
35.96	137
35.99	107
36.79	154
37.21	73
36.09	98
35.87	164
33.38	152
33.2	131
31.9	65
33.94	111
34.82	146
33.99	120
33.22	131
32.98	162
34.32	134
34.72	67
34.04	155
35.21	136
34.22	163
34.5	276
36.08	171
35.21	161
34.4	88
33.55	163
35.86	120
33.51	154
34.1	140
32.84	120
31.61	14
33.78	159
33.17	66
34.26	93
33.75	161
34.63	130
34.09	159
33.22	71
34.28	158
36.08	121
33.09	168
33.58	38
33.16	163
34.41	149
35.64	142
35.1	160
33.75	166
33.69	157
35.34	130
35.91	119
34.36	118
35.54	98
36.37	102
35.37	168
34.22	140
34.93	52
34.18	142
36.01	155
32.37	24
32.17	17
35.63	135
33.99	32
34.56	71
32.91	21
35.48	136
35.03	158
35.07	155
34.48	53
33.58	23
34.37	108
33.49	154
34.65	165
33.79	158
34.46	110
34.03	154
34.38	135
33.48	43
34.66	109
33.48	120
33.75	161
34.93	113
33.56	72
32.42	161
33.83	123
35.04	147
34.83	196
33.9	116
35.53	108
33.35	115
33.51	31
34.13	161
35.57	123
33.62	155
33.91	66
33.15	162
33.12	81
32.08	153
34.75	152
32.9	89
32.7	152
33.02	35
33.08	167
33.39	156
34.69	138
35.32	109
34.65	235
33.67	73
33.44	98
32.11	47
34.17	166
35.2	159
33.35	161
35.68	136
34.93	125
35.19	106
35.02	167
35.49	111
35.2	109
33.75	135
34.81	165
32.93	74
32.66	14
33.92	124
34.79	104
34.68	139
33.44	85
33.3	103
34.18	155
35.04	158
34.06	165
34.21	129
35.12	157
34.02	137
34.16	81
34.06	159
35.89	133
34.9	122
35.72	148
34.64	101
35.18	104
32.28	40
32.52	168
33.29	160
33.93	106
34.32	109
33.17	115
32.15	55
32.74	161
34.26	114
32.47	166
33.71	161
33.64	155
33.3	76
35.16	73
32.72	158
34.34	83
33.67	161
34.66	70
34.58	167
33.9	164
33.37	164
33.18	164
34.18	155
34.46	133
35.02	126
34.59	165
33.81	74
33.85	85
34.37	136
33.17	163
32.49	127
33.22	160
34.1	140
34.46	127
32.85	162
33.85	151
35.11	128
33.17	151
36.06	91
36.48	112
34.44	166
36.01	60
35.82	165
36.04	167
37.44	126
35.35	129
36.39	136
35.28	153
34.86	143
34.61	165
35.75	117
36.99	142
34.98	159
34.58	159
35.42	151
36.71	141
36.24	105
36.7	82
34.31	128
34.78	124
33.5	126
33.89	151
34.93	112
33.94	128
35.02	149
34.58	121
34.29	124
35.27	44
34.59	149
34.41	104
33.88	159
32.94	61
33.86	91
33.56	130
33.19	80
33.17	147
34.94	129
33.14	150
35.53	111
35.73	161
34.74	153
35.05	119
35.51	157
36.05	122
34.92	117
36.62	75
36.07	160
34.97	92
35.31	125
34.49	93
33.32	66
34.36	156
33.62	35
34.3	127
33.26	21
34.49	151
34.93	159
34.74	72
34.35	142
32.75	158
33.63	137
33.57	163
32.66	40
35.24	101
34.35	242
35.04	60
33.51	135
33.87	84
35.72	137
34.2	141
35.31	134
35.2	144
36.07	135
35.33	160
33.75	159
34.22	35
36.68	166
34.71	117
32.39	167
33.65	159
34.16	133
35.16	236
34.94	167
34.24	156
35.54	99
33.95	110
33.26	161
32.98	126
34.44	159
35.16	157
33.99	160
34.97	110
32.92	167
33.6	52
34.18	69
34.68	48
33.98	164
34.86	166
34.56	57
34.29	154
35.16	72
37	133
36.21	162
35.09	152
36.11	136
34.05	79
35.8	133
36.2	58
33.64	146
34.15	140
34.74	138
32.6	162
34.16	155
34.03	156
32.29	136
34.06	103
34.9	55
32.27	225
35.52	76
33.6	85
34.45	110
34.2	155
34.34	134
33.35	163
33.84	148
33.44	141
33.63	99
35.18	149
34.71	114
33.79	129
33.64	149
32.21	79
35.95	90
33.39	163
33.79	155
34.83	160
32.99	121
32.9	140
35.32	132
32.78	179
35.24	114
34.54	154
33.28	184
31.89	185
35.1	92
33.65	169
34.93	126
32.28	189
32.96	187
33.5	141
33.57	181
34.04	183
33.32	184
33.1	173
33.19	189
34.04	125
33.2	132
35.55	135
35.68	139
33.27	168
33.59	141
35.13	146
32.29	153
34.02	293
31.77	22
32.82	174
32.65	143
33	185
33.66	174
34.36	248
34.38	183
32.31	184
32.31	184
34.62	119
34.2	139
33.12	183
33.04	175
32.3	164
34.61	101
34.14	264
35.51	213
34.52	144
34.15	148
33.7	184
36.4	141
34.74	67
35.2	121
32.53	183
35.1	134
33.49	160
33.47	178
33.55	182
33.38	173
32.69	185
33.25	175
34.55	182
32.7	175
33.1	187
32.52	180
32.68	188
33.86	99
33.27	153
34.81	91
32.54	189
33.22	181
33.33	187
33.03	185
32.27	167
34.5	181
33.99	164
35.26	69
34.94	121
35.83	148
33.09	163
32.52	182
33.47	173
32.89	178
34.77	114
33.07	171
31.25	187
32.87	176
34.51	99
34.18	124
34.1	180
33.82	311
32.89	169
34.96	80
33.59	182
34.7	157
34.64	164
34.31	173
36.23	138
33.91	177
35.26	150
34.18	158
35.39	172
34.18	183
36.6	147
35.7	49
35.66	115
34.2	93
35.24	180
33.97	184
34.4	114
33.46	185
32.85	189
34.65	184
35.21	150
33.6	180
34.56	165
34.09	186
34.28	150
34.54	143
34.9	47
35.93	240
35.85	170
32.88	182
34.32	179
35.58	76
34.34	180
32.25	185
32.78	189
33.59	176
35.55	184
32.76	179
35.74	163
35.38	128
34.3	167
34.23	163
33.29	188
36.17	96
34.48	186
34.48	92
33.36	179
33.94	183
36.41	99
33.13	166
34.06	177
34.11	188
33.51	38
31.86	189
33.59	78
34.09	187
33.55	72
34.24	179
33.07	178
35.6	168
33.11	163
33.1	148
34.46	100
35.1	153
33.9	179
33.74	188
33.5	148
32.75	164
34.34	157
34.38	94
33.19	182
35.67	134
34.23	89
34.5	281
34.28	62
33.03	326
34.1	170
34	182
37.08	105
34.17	42
34.86	129
35.31	131
33.9	173
35.65	165
35.31	142
34.7	138
34.7	75
33.67	188
33.66	69
35.94	91
33.74	343
34.34	185
35.26	145
32.17	189
33.6	164
34.31	275
33.54	177
33.75	184
33.83	34
34.64	163
34.02	179
33.09	158
35.41	153
33.96	163
34.88	99
32.81	171
33.71	260
32.35	170
33.68	65
36.24	91
34.1	170
34.02	184
35.52	115
33.38	165
34.63	173
32.15	188
34.03	182
33.97	162
35.1	153
32.71	189
34	178
33.25	182
35.79	139
32.96	169
33.76	57
34	113
33.8	172
33.95	115
33.55	115
35.71	176
33.91	277
32.69	187
34.21	178
33.46	162
33.46	161
33.01	178
32.94	169
33.38	169
34.84	117
34.78	117
31.45	141
33.74	327
33.58	156
32.76	111
31.96	177
34.44	141
34.36	172
34.02	165
33.72	176
34.34	139
35.54	216
32.47	174
34.57	51
34.86	130
32.79	182
33.3	183
33.98	169
34.66	155
33.54	124
31.81	23
32.68	188
32.89	188
34.47	145
35.89	94
35.25	176
36.23	133
35.51	160
32.9	161
34.18	173
34.89	139
34.42	87
34.52	175
34.86	118
34.39	179
33.55	177
34.03	185
33.54	183
34.72	128
34.58	171
33.37	186
34.69	118
