sim	len_diff
34.9	200
40.04	130
31.32	100
33.36	100
36.82	148
39.3	76
35.7	2
35.46	66
34.01	100
34.17	103
37.12	89
37.09	84
41.05	76
39.26	10
35.69	10
41.2	37
37.82	97
38.1	66
35.89	81
35.15	13
38.57	32
32.39	95
35.4	194
36.1	83
36.27	165
34.24	87
36.58	73
35.72	2
35.62	67
37.87	34
32.09	102
39.49	81
34.44	52
35.09	95
35.09	95
36.17	36
36.32	1
30.04	101
39.57	58
34.83	63
36.66	93
33.25	198
33.97	89
32.75	95
32.75	95
38.18	77
38.46	78
37.62	23
38.46	41
33.3	202
33	95
36.28	89
37.74	50
37.74	50
37.74	50
34	93
34	93
34	93
34.71	90
39.41	75
32.98	94
34.39	101
33.92	72
36.64	58
36.12	59
33.36	25
37.03	33
40.31	37
33.53	78
33.17	99
33.99	104
37.05	17
34.84	102
32.89	97
39.46	72
32.73	98
32.73	98
36.11	80
35.47	183
35.36	83
38.97	30
36.43	201
37.01	206
40.07	13
33.69	102
40.85	113
41.71	49
37.05	166
38.33	91
37.14	87
39.2	5
32.98	95
39.93	43
35.15	134
35.36	54
36.63	14
34.8	97
40.39	11
35.92	198
34.4	72
33.49	103
36.59	42
38.31	74
37.12	93
38.66	38
36.86	103
36.24	141
38.08	88
34.85	91
41.44	20
34.1	103
39.69	68
33.55	190
38.05	77
40.63	27
35.2	97
35.15	93
36.36	161
36.52	79
33.24	103
42.38	57
36.82	95
37.32	143
36.83	95
35.74	99
33.92	83
40.11	53
40.36	27
37.53	88
37.06	61
32.85	99
32.56	101
33.12	86
33.44	103
35.2	90
36.62	86
34.27	98
36.43	89
34.19	76
35.05	146
32.58	52
30.9	101
35.8	128
33.07	103
37.64	87
33.77	98
33.52	103
39.05	31
32.77	83
36.19	45
33.43	89
31.12	97
36.85	26
32.39	73
34.97	191
36.75	66
34.69	191
35.16	82
36.39	89
34.16	84
36.27	78
34.26	102
35.47	34
32.84	98
34.75	66
35.42	184
35.66	38
33.16	98
32.66	98
33.11	98
35.81	124
35.29	88
34.81	84
35.71	88
37.82	3
35.18	76
33.69	58
37.4	47
35.84	68
41.7	32
36.83	58
35.23	43
36.77	73
39.36	8
37.84	59
35.76	56
35.09	74
35.56	74
36.66	122
31.28	100
36.48	96
41.3	21
37.58	81
37.37	159
41.21	44
34.04	99
36.46	101
34.49	104
33.69	99
41.61	56
41.25	31
40.27	82
36.01	82
34.06	102
34.95	100
38.54	103
35.26	89
34.44	191
35.08	98
33.37	96
39.17	39
36.82	187
32.41	97
34.75	95
33.13	101
39.08	33
37	33
35.39	95
34.91	100
33.11	104
30.63	81
37.44	60
34.15	101
35.06	78
35.91	70
36.64	87
33.17	84
38.74	66
36.85	70
30.63	81
34.21	94
31.76	83
36.6	83
34.88	68
38.39	89
38.23	54
33.87	78
38.24	16
34.83	59
35.27	71
31.82	95
36.24	73
33.25	184
33.63	102
34.35	84
32.87	102
32.87	102
33.71	74
31.66	92
33.5	69
34.1	102
39	60
34.71	75
34.83	70
34.38	92
30.44	104
32.93	77
33.49	89
33.5	69
33.64	91
34.29	90
37.1	14
35.94	171
33.32	91
31.58	65
33.95	90
33.34	95
35.95	134
34.9	35
32.74	93
36.86	15
39.34	24
35.57	70
38.23	28
34.6	98
33.04	99
37.73	51
38.06	95
34.49	141
36.67	102
37.94	60
40.34	61
39.85	30
35.9	102
35.45	80
32.88	103
41.58	23
38.92	48
35.37	98
36.48	74
39.94	60
34.38	79
33.78	88
41.91	54
35.57	71
33.7	103
36.34	95
37.44	86
33.8	96
37.88	99
37.82	72
39.63	67
41.06	90
37.81	2
36.78	68
34.46	99
34.13	104
36.19	84
35.69	89
36.16	75
37.35	5
35.57	90
35.85	89
35.06	104
39.91	42
41.28	31
37.91	91
38.21	80
37.45	84
38.2	74
38.2	74
38.2	74
38.97	58
35.71	88
38.2	74
39.05	60
35.89	83
34.88	97
38.56	77
35.81	93
37.27	98
36.88	91
37.12	66
35.74	65
37.09	167
37.08	86
39.99	58
35.41	96
43.19	57
40.39	31
36.66	92
36.49	89
37.91	78
37.43	81
38.64	49
36.65	89
32.23	95
41.4	84
41.45	80
33.89	104
34.22	118
35	134
33.58	99
34.15	146
36.32	61
32.99	46
36.07	102
30.75	69
34.04	70
33.81	85
35.58	90
39.25	71
37.16	52
35.55	111
38.32	82
39.03	121
35.2	90
36.11	84
38.35	46
35.51	88
33.95	92
34.67	83
38.25	63
34.26	54
35.6	124
34.14	82
31.57	75
34.57	104
35.17	101
34.5	136
34.66	50
34.04	117
31.5	21
32.9	75
33.78	81
33.01	40
32.95	89
33.09	35
32.94	58
35.42	120
42.24	46
38.29	124
38.52	155
40.11	47
37.31	49
41.92	97
34.41	80
37.59	77
36.69	67
37.74	92
41.22	40
38.99	59
40.58	112
37.55	45
38.06	88
39.5	109
39.23	39
36.38	79
41.7	25
38.26	23
34.06	126
35.43	76
32.95	60
35.03	12
36.75	138
35.15	87
32.27	86
33.56	15
35.05	1
36.46	88
33.96	77
34.19	123
33.39	68
34.19	72
33	86
32.38	79
34.09	37
32.89	42
33.66	83
31.53	142
38.19	109
37.86	150
34.85	77
40	60
38.99	78
38.34	86
37.3	87
37.88	15
33.75	82
39.05	48
38.66	82
34.93	81
38.62	51
36.07	61
39.62	69
38.32	82
38.47	126
37.9	38
38.78	17
39.73	68
33.48	50
37.05	62
32.63	66
34.02	162
36.28	130
34.87	80
35.48	85
38.28	48
35.03	65
35.54	23
36.31	78
37.93	140
38.42	145
38.51	111
36.54	85
35.06	83
38	12
40.68	58
34.39	86
37.31	56
33.34	76
32.19	140
34.71	90
35.43	80
31.66	74
35.6	71
34.83	50
34.96	130
30.06	92
32.83	65
35.76	79
33.37	90
32.66	156
35.5	84
31.84	90
35.63	141
34.08	85
34.97	68
31.25	68
33.08	88
38.42	91
34.29	83
36.99	131
41.18	57
39.63	55
39.39	25
33.98	82
37.35	114
36.02	74
35.79	80
35.3	29
33.18	86
35.47	88
34.37	88
34.37	68
32.34	80
34.8	67
33.09	69
32.62	43
33.36	161
34.59	92
36.3	65
38.79	44
37.8	87
37.29	154
38.3	52
36.39	80
37.4	59
37.18	111
39.92	101
32.77	83
35.84	44
36	76
36.19	98
33.59	88
36.06	64
36.64	56
35.79	144
36.04	46
34.75	116
32.71	114
34.44	76
37.75	34
37.75	34
32.71	61
33.62	90
31.84	86
30.3	33
33.91	149
34.47	83
36	49
36.99	97
35.33	74
35.77	54
39.78	132
36.18	90
37.83	87
39.89	23
39.62	37
38.29	101
34.73	79
35.37	79
35.27	2
34.96	48
32.56	84
34.07	49
39.72	47
36.22	123
37.13	122
33.81	67
36.16	68
35.44	65
36.34	43
33.61	50
34.71	48
32.8	92
34.41	57
31.76	91
34.17	81
33.55	85
37.91	87
36.64	58
38.05	4
37.4	65
37.7	88
34.55	84
37.72	30
36.69	107
38.96	45
37.57	151
31.07	89
34.77	50
31.05	79
34.46	63
31.27	73
35.74	102
33.17	29
33.72	81
33.2	62
33	92
34.93	79
39.39	71
36.52	111
40.1	85
39.5	70
35.44	77
38.8	60
36.29	89
38.42	72
37.09	154
34.17	83
35.85	72
37.07	55
38.35	151
35.91	91
36.24	116
35.63	92
35.23	90
35.61	74
33.43	84
35.42	161
34.55	90
34.2	63
34.2	63
35.77	60
34.2	63
34.2	63
38.18	77
35	65
36.75	149
34.79	87
33.36	88
35.71	86
35.34	61
35.5	9
32.49	83
32.96	85
35.07	61
31.88	90
34.29	159
33.06	68
34.83	82
33.76	156
34.91	76
35.66	81
38.63	49
35.5	75
34.21	79
32.67	85
33.69	71
40.77	37
36.07	75
38.48	83
35.26	65
35.95	92
37.57	130
40.17	50
37.53	37
42.51	41
34.27	87
40.44	37
35.86	80
37.52	140
39.59	43
40.01	67
36.42	83
37.09	73
39.48	89
38.88	81
37.71	130
38.87	84
39.4	71
38.97	78
38.04	82
34.87	85
38.78	127
39.05	134
33.86	85
37.58	145
39.82	74
33.42	54
34.37	39
32.53	76
34.7	151
32.1	53
34.92	38
37.26	46
34.3	26
32.83	80
37.59	90
31.57	3
36.37	74
34.84	150
31.95	80
33.95	16
32.76	60
35.06	81
31.3	92
34.8	160
35.22	65
30.51	71
33.37	51
32.24	86
32.04	84
32.21	76
33.83	79
31.83	92
33.56	70
34.2	117
33.46	86
35.27	65
35.74	99
36.69	118
37.29	59
37.27	105
35.97	74
34.19	72
35.09	21
36.73	44
36.47	43
34.56	73
38.8	97
37.48	137
37.91	66
35.11	82
34.56	83
40.87	101
37.24	76
39.96	39
37.43	119
33.52	126
33.21	121
33.3	166
33.33	70
34.81	85
32.46	79
34.7	152
32.39	87
32.06	50
33.26	77
35.31	39
33.99	83
32.67	70
35.16	141
35.85	103
31.1	130
32.44	42
31.71	77
33.05	147
32.69	89
32.61	77
33.6	60
32.27	87
31.65	88
32.73	80
34.21	53
33.65	90
33.59	69
32.13	78
34.94	81
39.86	75
38.83	148
36.44	88
34.09	88
35.98	70
37.89	74
38.3	60
39.64	119
35.77	87
35.27	89
35.87	68
34.18	93
36.34	68
35.02	88
35.92	3
35.32	62
35.91	73
33.56	44
34.49	79
30.81	62
33.94	62
34.74	54
34.61	74
34.86	133
33	71
34.69	150
36.02	69
37.39	64
36.02	85
37.07	99
36.71	34
34.85	161
34.77	64
37.02	14
34.95	80
37.04	32
35.02	66
37.81	50
34.19	68
35.52	80
35.81	104
35	88
33.38	85
37.68	44
33.44	79
36.82	45
34.78	74
36.56	85
36.91	144
35.94	85
36.18	128
34.13	122
34.62	65
32.89	129
33.39	129
33.4	65
32.84	118
33.96	127
33.01	139
34.45	64
33.61	10
36.19	70
37.95	55
35.02	85
35.73	81
35.35	160
37.2	71
35.94	69
34.79	141
35.81	148
41.2	25
39.81	49
37.62	71
40.91	33
35.97	87
37.71	145
39.01	26
35.88	87
37.56	74
38.2	78
35.56	76
32.9	90
36.54	91
33.57	77
33.99	84
37.4	114
37.06	89
38.02	66
35.97	42
35.97	48
34.97	87
32.55	83
33.31	8
33.69	68
32.36	88
33.31	8
34.41	64
35.13	84
32.7	82
35.99	60
36.2	118
34.51	84
35.69	74
36.57	31
37.12	59
37.38	59
33.77	86
36.95	61
36.68	111
33.75	85
38.69	107
35.34	50
38.46	44
39.76	23
40.78	37
38.63	36
36.45	68
39.22	11
34.66	72
35.61	89
37.36	128
38.62	59
38.05	45
41.3	96
34.14	82
34.04	82
36.33	123
34.54	67
36.18	74
35.64	90
39.11	67
35.85	38
37.12	92
38.29	88
36.12	67
36.6	70
36.7	92
37.59	160
39.23	87
37.54	52
36.32	77
36.38	77
35.26	140
33.68	67
33.08	90
34.35	84
31.42	92
35.65	161
36.58	23
36.17	86
40.01	29
37.03	132
36.89	60
36.12	124
36.5	85
38.04	80
35.27	64
36.49	77
38.98	49
35.72	51
34.88	57
42.5	54
38.11	40
34.51	89
36.4	92
35.94	78
37.51	113
37.74	64
35.19	81
36.6	66
36.06	65
34.75	81
34.78	48
35.56	55
35.83	129
34.23	81
35.58	54
36.8	72
35.87	80
34.58	71
33.46	61
34.66	70
37.11	36
36.04	47
31.43	73
32.46	45
33.35	61
37.19	44
37.32	109
33.38	82
32.1	85
35.2	58
32.26	67
34.19	49
33.55	92
35.23	85
36.33	57
33.14	84
35.27	39
34.59	88
34.48	42
35.23	84
36.66	51
32.92	68
38.1	58
36.53	75
35.64	78
32.8	86
32.54	57
32.67	87
37.05	67
37.08	81
40.31	29
38	140
36.4	161
40.2	94
40.27	56
37.18	75
37.06	4
37.54	88
32.25	88
32.95	90
35.03	80
35.48	68
33.34	69
36.53	46
31.88	84
35.16	79
36.4	57
32.84	91
36.16	115
32.62	90
35.22	127
34.65	27
31.73	91
35.25	86
32.92	86
32.75	20
33.91	68
33.79	88
32.97	81
35.1	41
33.87	88
33.39	66
35.34	148
37.19	64
33.57	81
34.5	84
32.63	80
33.61	66
35.67	67
35.84	81
35.66	62
37.66	61
38.19	49
34.82	80
35.79	65
35.67	67
33.29	80
32.28	90
33.72	90
33.98	163
35.96	82
35	73
35.66	58
33.07	61
35.76	134
32.59	84
35.45	108
33.11	81
35.41	81
35.56	63
36.42	89
33.52	81
35.07	30
33.1	65
34.44	65
36.73	49
34.72	81
32.77	79
37.77	57
35.31	77
33.98	83
33.14	87
35.11	47
34.4	139
33.68	41
38.86	65
37.33	49
37.78	102
36.82	50
35.39	79
36.09	67
36.6	89
33.66	58
35.59	47
32.24	88
34.93	8
35.72	7
34.76	74
34.58	105
34.14	84
34.16	104
33.77	32
35.64	150
32.22	81
33.51	92
34.58	135
32.93	79
30.06	87
34.87	77
34.72	62
35.31	151
32.38	59
34.63	108
35.72	26
36.13	85
36.09	104
33.74	73
31.41	88
37.02	109
38.21	74
36.43	45
37.07	85
37.69	47
33.64	92
35.81	75
37.76	71
32.94	91
39.26	22
33.89	82
38.37	73
33	82
34.74	77
35.64	52
32.08	88
34.98	124
35.33	123
34.49	64
33.96	124
36.93	63
38.24	67
36.06	138
37.5	60
35.3	87
37.95	71
41	18
36.86	68
38.35	125
36.71	82
36.96	48
35.68	9
36.27	158
36.17	122
35.58	64
35.16	80
36.5	12
36.46	17
37.71	70
34.75	79
33.22	62
32.12	67
33.49	91
34.59	118
33.22	22
30.23	84
35.27	29
37.24	47
32.98	72
34.94	124
34.69	34
32.36	85
35.5	82
34.26	91
36.27	117
33.28	85
35.9	143
36.45	34
34.98	36
37.25	63
35.16	12
37.9	42
34.46	74
35.73	85
36.81	57
38.86	44
37.78	120
37.01	153
35.74	85
32.75	92
33.22	41
35.09	84
35.06	85
34.25	128
35.17	118
35.62	123
34.4	137
30.88	85
36.03	75
35	83
37.11	52
33.37	49
36.2	43
32.49	92
35.65	87
39.03	74
33.57	82
36.78	104
35.75	87
32.51	88
34.75	71
34.54	62
34.63	71
38.7	89
35.75	83
38.51	84
37.83	143
35.87	87
36.22	79
38.16	43
37.83	63
37.18	76
39.58	67
42.92	4
39.43	35
38.34	16
35.68	46
39.28	62
38.18	75
34.65	92
34.71	82
33.97	90
35.23	19
36.27	161
33.61	82
35.12	113
34.85	82
34.74	92
33.13	59
38.12	38
32.78	89
34.02	91
36.53	60
34.8	82
32.51	86
36.03	68
33.51	75
35.9	33
34.55	87
35.17	35
34	83
36.23	151
34.74	89
35.12	75
35	69
33.26	89
35.55	75
36.51	59
35.25	74
34.14	81
33.59	81
33.77	78
35.56	38
38.92	40
32.25	92
36.91	12
33.25	42
36.53	53
36.23	121
38.78	81
38.65	111
36.37	82
38.3	114
37.8	47
36.85	32
38.08	42
37.87	87
39.33	24
38.05	125
37.82	137
36.32	37
33.65	73
35.75	50
36.32	136
34.35	59
34.26	68
35.5	52
35.31	73
35.03	32
36.38	152
36.89	88
35.64	147
33.54	85
36.76	120
36.33	37
33.11	91
36.15	163
36.75	72
37.65	56
37.2	92
33.13	82
36.8	67
34.32	137
34.04	81
42.09	53
37.04	117
34.92	79
36.51	78
37.02	151
38.87	82
34.87	51
35.03	80
34.45	69
33.74	73
35.17	84
35.19	97
35.14	69
35.32	23
36.5	76
36.2	63
33.84	91
34.87	80
35.36	87
38.85	78
37.26	90
34.36	89
36.75	19
34.55	90
35.74	91
42.41	49
35.57	92
38.1	51
38.64	80
36.5	79
35.32	88
37.15	83
40.1	101
37.57	41
36.2	64
36.58	50
33.48	20
34.2	67
34.87	55
35.48	154
35.85	82
34.34	4
36.41	100
34.63	81
31.51	80
34.98	28
34.24	25
34.64	80
31.97	89
32.69	77
32.61	65
34.29	106
33.61	41
34.12	139
33.63	67
35.13	143
36.96	126
36.3	78
35.69	133
34.51	71
37.32	23
35.04	85
35.27	87
39.9	67
38.78	48
39.41	102
34.43	84
37.82	84
32.81	90
33.57	88
37.33	81
36.64	75
35.06	84
39.31	69
34.16	71
34.49	63
31.27	81
33.04	110
33.86	162
34.21	164
35.14	83
35.09	96
33.47	67
34.14	79
35.15	125
34.28	67
35.33	124
30.62	77
33.41	103
35.26	87
33.83	55
33.31	88
34.95	84
33.88	76
34.9	57
33.85	90
35.23	61
36.38	139
35.48	35
37.31	75
37.52	162
37.45	1
36.57	42
35.99	69
38.36	68
36.61	69
32.32	26
33.93	74
35.3	48
33.85	88
35.84	65
34.01	59
33.93	85
35.61	71
33.14	87
36.02	44
35.38	57
34.91	73
37.36	15
36.85	114
38.99	64
37.7	114
35.79	160
35.25	71
35.31	88
35.89	63
38.7	79
33.85	44
37.39	166
37.84	93
36.4	147
35.86	50
35.88	88
33.94	56
34.87	77
36.13	87
35.79	42
31.29	90
33.09	65
34	124
34.2	101
31.86	41
35.1	85
33.37	80
33.54	60
34.47	148
34.83	141
30.56	89
32.36	73
34.25	136
35.24	84
32.69	92
34.06	78
30.66	76
34.97	70
30.77	86
36	63
36.6	89
36.56	72
33.37	82
34.22	43
35.93	149
36.39	82
36.77	76
32.6	92
36.28	48
35.03	138
34.3	95
33.6	36
33.73	66
34.05	44
36.32	78
31.84	64
32.87	79
36.21	37
34.69	80
31.36	89
35.46	134
35.29	157
30.62	84
35.22	83
36.55	58
35.2	99
33.5	158
32.88	79
33.48	151
33.15	68
30.42	30
34.82	87
33.3	151
33.34	157
33.43	154
32.66	86
35.13	107
35.67	79
33.87	85
36.39	69
33.37	51
35.09	89
39.36	39
36.33	16
37.58	56
35.68	84
38.26	50
35.39	63
35.53	87
38.34	109
38.49	105
38.61	53
36.26	86
36.01	48
37.48	70
39.39	88
37.77	126
37.65	91
37.82	139
33.46	58
36.2	162
36.81	39
35.03	74
38.11	71
36.2	78
34.42	70
33.1	90
34.19	76
33.79	10
37.03	78
34.08	71
35.49	89
33.38	79
35.46	129
38.34	58
35.69	51
33.59	78
34.2	80
34.08	70
36.95	68
35.71	102
32.94	67
34.26	102
35.39	77
35.54	141
34.23	73
35	77
33.65	61
32.69	28
32.27	90
35.45	34
32.48	82
37.08	90
35.32	55
36.78	143
35.08	115
31.81	83
33.97	77
33.39	145
35.82	120
39.24	62
39.82	49
40.72	28
37.06	59
39.55	90
37.23	52
39.75	76
35.41	90
36.67	87
33.37	85
33.29	89
34.45	80
32.72	73
37.55	53
31.72	86
33.83	89
33.78	59
35.06	77
33.95	72
37.22	79
39.56	59
36.63	69
37.08	35
42.08	47
35.95	91
36.74	139
38.08	59
37.36	91
38.74	54
35.44	43
33.72	46
31.57	88
32.94	91
35.25	69
32.35	83
32.12	67
32.53	63
33.18	124
37.06	106
38.52	35
35.92	89
35.77	74
38.71	70
35.85	61
36.56	79
37.41	89
37.68	111
36.76	131
34.05	89
33.22	81
36.88	86
35.49	50
36.49	62
36.71	149
34	62
37.59	39
36.12	91
32.98	78
36.96	53
35.43	61
36.07	88
34.2	88
33.67	144
34.79	50
32.18	89
32.74	153
32.24	70
35.15	134
33.29	76
34.61	104
33.07	89
33.36	89
34.44	86
32.87	77
31.83	78
33.44	41
35.14	72
37.25	55
35	151
33.67	165
36.18	50
33.48	88
32.49	90
35.87	82
35.74	110
34.53	62
31.59	80
36.31	118
35.54	124
38.22	2
39.22	27
34.19	83
34.56	87
37.63	28
37.21	36
37.9	137
33.57	85
39.95	77
36.4	72
36.25	92
38.08	85
37.42	57
38.35	51
37.88	76
36.62	84
40.34	36
37.38	79
37.2	72
38.61	126
38.53	76
36.44	75
38.38	69
34.51	92
37.33	54
37.85	133
35.09	165
38.4	22
37.58	53
38.22	62
38	141
36.16	84
37.86	73
38.39	87
37.85	68
35.47	42
36.62	75
36.63	57
38.71	42
38.17	83
37.45	74
38.78	85
35.1	76
36.78	88
36.12	69
35.8	86
39.54	34
35	65
36.73	46
35.88	68
39.33	95
35.64	88
36.28	87
37.65	98
36.57	86
40.86	65
37.82	86
39.16	38
38.73	42
36.22	86
34.9	90
35.61	88
35.53	70
38.98	64
37.75	147
35.23	76
35.4	91
34.23	91
37.08	82
37.93	135
36.91	60
35.85	39
36.57	58
34.62	87
37.99	89
36.72	61
36.7	82
38.68	65
38.01	65
34.4	68
38.6	38
38.44	105
35.67	84
39.87	88
38.29	142
36.99	89
37.78	51
38.35	87
41.05	17
38.2	55
34.89	39
37.07	58
35.94	26
32.99	69
36.54	52
35.93	53
34.82	44
41.6	17
37.03	138
33.2	65
34.39	115
33.44	104
33.37	74
33.62	136
33.76	136
34.37	54
36.66	138
35.6	109
34.01	37
35.18	141
32.64	46
32.75	88
35.57	92
32.48	47
34.55	75
33.66	97
35.58	92
32.34	75
34.31	74
31.42	86
35.36	24
34.12	39
33.57	77
36.9	46
37.96	119
33.04	91
36.39	14
34.56	64
37.37	63
39.22	62
37.52	53
35.92	46
36.55	20
36.17	154
39.49	61
38.2	131
39.19	47
41	126
36.62	66
36.77	148
37.68	65
38.6	87
39.54	51
41.31	82
36.53	66
37.58	109
39.41	141
35.4	69
40.17	134
37.56	105
39.18	104
36.33	71
37.25	64
34.74	78
34.5	149
38.37	15
39.26	86
37.1	3
36.38	86
38.62	48
35.29	38
31.74	84
34.82	110
34.84	91
34.82	131
34.63	104
35.28	145
33.24	86
32.62	88
36.93	89
40.45	70
36.17	92
39.34	141
34.64	82
37.08	42
34.31	92
38.44	68
38.69	15
35.13	82
38.87	57
35.77	68
37.32	103
36.16	46
38.72	54
36.59	84
35.19	74
37.1	65
35.74	80
35.91	86
37.22	51
34.52	91
38.38	16
34.76	89
34.82	78
35.87	59
37.17	112
36.43	57
36.11	68
36.63	75
37.93	37
37.12	42
35.55	161
38.25	57
34.03	118
34.19	51
34.93	82
34.55	81
34.56	72
32.81	92
32.21	92
37.16	126
34.75	91
37.98	97
36.15	83
35.43	90
36.73	92
37.12	91
37.76	66
37.78	79
35.79	61
37.36	20
34.62	80
35.89	70
38.96	64
36.8	75
38.85	52
42.74	59
36.93	76
41.14	81
35.12	92
36.46	132
38.21	38
35.85	78
37.08	72
36.75	148
36.14	141
35.29	78
37.87	81
33.76	80
37.22	127
40.43	125
36.45	85
37.28	56
35.04	90
35.96	79
36.46	161
35.75	78
39.35	97
38.52	146
35.18	85
36.02	93
35.46	138
39.46	81
35.28	77
36.89	140
35.48	43
34.45	163
34.29	76
36.06	85
37.22	39
38.34	84
36.95	70
34.51	74
39.43	68
37.13	80
38.54	63
36.32	86
35.5	97
37.15	154
34.98	71
33.52	88
35.3	53
34.92	140
34.2	151
33.75	116
35.23	78
34.03	57
33.68	89
35.57	84
34.28	79
35.24	65
35.63	55
33.57	91
32.23	73
35.23	60
32.98	58
34.73	76
33.78	83
34.17	118
35.75	88
37.34	66
36.1	110
35.51	79
33.99	116
33.67	82
36.32	86
32.97	78
34.04	86
35.1	47
36.87	116
37.01	153
38.9	73
36.48	106
36.67	126
38.31	67
35.25	74
40.04	59
36.91	71
42.68	33
41.87	71
36.37	112
32.78	87
34.12	62
35.42	87
35.18	34
33	62
33.45	91
32.56	81
35.9	85
40.94	18
34.14	51
34.43	81
33.96	118
31.89	68
32.09	88
35.6	81
34.41	52
34.25	74
34.98	80
35.88	103
38.01	40
37.85	76
38.2	41
36.32	77
39.77	59
36.84	79
36.09	88
38.37	86
36.03	123
34.94	76
31.61	89
35.27	123
34.41	21
32.66	16
32.79	146
32.48	70
32.18	138
32.2	30
33.75	53
34.06	158
35.2	80
35.36	141
34.39	53
34.53	160
35	160
34.85	52
36.22	64
34.19	164
34.31	91
36.21	91
34.15	84
34.61	60
38.74	68
36.52	82
37.62	104
36.59	2
39.19	48
35.25	73
34.31	81
32.7	81
32.51	87
32.74	67
32.4	72
35.01	71
33.41	73
33.57	56
32.87	83
31.59	89
36.1	74
33.9	83
36.79	74
36.87	69
37.97	83
36.53	75
34.25	64
35.88	33
35.79	73
37.37	85
37.9	137
34.35	92
34.27	62
31.94	79
34.3	86
35.95	136
34.2	90
35.07	49
33.25	88
32.02	87
36.99	131
35.78	16
34.33	67
35.33	39
30.26	90
33.08	70
34.01	145
32	63
35.24	84
35.67	136
35.16	77
31.26	76
34.59	127
33.19	90
37.06	96
35.5	149
35.5	81
36.15	52
34.16	61
36.1	102
33.68	74
33.92	88
34.05	73
35.33	55
33.68	82
36.11	129
34.92	68
36.7	23
33.18	74
36.65	14
34.17	91
36.06	147
36.26	58
36	25
35.82	69
38.3	45
36.62	79
33.66	92
36.56	85
39.14	102
35.96	88
35.37	68
38.09	83
40.07	39
37.74	90
41.09	48
37.87	5
38.36	145
38.07	92
38.84	124
34.75	79
37.82	53
35.62	52
33.58	90
33.69	84
33.71	88
35.94	144
35.83	158
32.87	77
33.01	83
35.37	129
33.11	87
35.85	63
36.58	30
37.28	132
37.59	39
34.85	56
33.08	91
34.2	92
39.25	17
36.29	79
37.43	71
33.93	104
32.93	88
34.97	83
34.71	139
34.48	120
33.74	80
33.8	116
35.45	62
32.88	90
35.54	134
39.74	54
36.71	159
35.7	53
39.78	53
39.5	107
37.74	82
37.79	61
37.14	67
37.46	133
37.44	19
34.13	88
34.61	76
34.1	85
36.75	43
36.67	128
32.3	88
32.15	75
39.59	47
34.78	146
33.74	136
36.15	51
37.21	63
35.52	144
34.38	82
35.33	31
32.7	89
36.46	133
35.53	67
34.24	72
37.7	20
35.53	86
35.77	59
34.18	88
31.44	84
35.16	88
35.52	130
35.06	84
32.53	149
33.05	83
33.62	79
35.21	116
34.98	63
34.03	55
32.24	68
34.5	114
33.3	157
32.15	65
34.32	85
34.22	67
32.87	70
35.04	50
39.63	27
36.09	78
35.19	71
37.32	72
34.6	88
33.02	90
38.14	83
37.66	85
37.08	61
35.55	19
33.76	54
33.8	164
36.46	123
31.43	70
34.89	27
36.43	148
36.84	61
34.34	68
34.94	89
34.6	74
33.69	67
34.91	81
35.48	25
34.75	159
34.78	32
35.81	39
34.72	66
32.14	63
35.58	67
35.23	135
35.65	66
35.86	112
36.48	130
37.9	102
34.22	79
35.9	83
34.61	83
33.2	66
35.25	53
33.66	84
38.27	81
39.49	64
34.26	80
34.68	82
37.17	152
38.55	128
37.57	88
36.87	79
37.2	166
40.65	12
33.39	82
39.5	2
32.86	80
34.46	141
33.92	52
33.77	79
38.61	43
33.89	71
37.61	61
37.21	63
36.95	63
36.47	64
34.84	59
33.68	157
34.47	42
36.76	63
32.77	78
34.04	91
34.19	107
34.1	74
35.13	74
33.46	90
34.52	51
34.08	144
34.97	11
33.05	91
34.54	50
35.67	107
34.42	82
31.95	89
36.63	72
34.3	43
33.26	85
34.04	83
34.54	61
35.73	40
39.17	48
33.97	85
38.84	60
34.85	65
36.39	150
34.69	81
35.21	55
36.79	108
33.58	78
34.86	75
37.37	53
36.8	111
38.13	17
35.05	146
35.47	44
35.83	156
37.57	55
34.37	77
36.98	27
34.37	81
36.42	28
34.36	64
35.47	92
40.12	67
39.23	157
36.45	64
35.86	65
35.16	80
37.9	74
38.24	64
37.26	84
38.93	91
38.34	108
32.76	74
35.71	83
33.19	89
34	92
35.65	62
35.71	81
35.71	94
32.6	87
36.14	66
37.68	106
35.75	36
36.67	122
32.46	88
33.14	84
33.41	81
33.68	87
40.11	75
35.73	86
35.33	82
38.22	26
31.54	91
30.99	80
36.32	81
34.45	154
35.98	152
35.09	81
31.37	90
33.28	80
32.29	85
32.96	87
38.96	114
37.91	91
37.62	79
41.91	6
40.84	78
35.83	73
38.13	98
39.73	61
38.47	80
41.5	22
33.34	156
33.49	70
31.42	46
37.43	62
33.31	60
33.75	46
34.15	69
34.5	81
34.28	38
34.27	28
34.41	139
32.5	86
35.9	74
34.93	80
34.46	85
34.69	48
36.14	6
33.27	90
35.66	56
33.04	66
35.21	91
35.79	79
38.62	68
35.72	77
39.09	80
36.34	67
38.89	12
40.07	64
39.12	80
40.8	57
36.97	59
35.48	92
37.57	151
35.73	71
36.56	75
37.25	87
37.82	85
37.66	44
38.64	37
37.72	77
33.22	75
33.01	87
35.07	81
35.41	73
34.71	82
36.09	150
36.02	52
37.11	138
36.33	89
34.07	83
32.02	79
34.01	82
34.56	43
35.3	88
33.98	114
34.12	89
34.01	77
39.14	49
32.57	79
32.61	51
35.1	27
32.61	51
33.34	75
34.46	50
37.45	40
34.48	79
35.48	56
34.96	86
33.99	34
34.44	84
34.71	127
34.06	46
34.84	87
31.69	26
34.53	87
33.95	65
32.17	124
35.51	107
35.47	157
33.31	83
38.81	33
32.94	84
38.61	47
35.52	160
38.12	55
36.03	54
34.9	88
37.49	124
36.94	78
32.43	67
34.37	91
37.21	101
32.66	87
33.86	71
33.07	44
34.59	19
36.27	54
35.43	136
30.13	73
34.62	79
33.84	66
33.71	140
35.37	87
35.05	130
34.56	123
31.76	84
35.53	154
34.4	53
34.59	90
33.8	139
31.9	57
36.73	60
34.11	114
33.53	52
33.38	118
32.63	71
35.82	106
32.47	68
32.62	33
37.75	58
35.86	62
38.44	56
36.16	13
37.2	42
36.37	83
32.08	90
36.6	137
37.28	157
31.92	90
36.29	165
36.13	133
34.44	36
36	112
35.19	52
33.24	79
34.92	77
34.27	133
38.98	47
39.46	69
36.37	50
37.71	146
34.59	77
36.93	48
38.88	101
37.75	96
36.6	70
35.1	77
37.35	121
36.52	147
33.1	50
34.92	69
33.82	84
34.58	65
36.79	61
36.75	87
36.45	104
36.71	164
35.38	60
34.7	28
37.93	78
36.7	82
35.17	91
100	0
36.57	72
40.51	45
38.06	37
33.57	79
38.41	78
35.83	70
35.82	38
35.09	66
32.7	88
40.31	63
33.84	88
35.25	88
33.52	63
35.95	37
33.81	86
34.42	45
36.94	115
36.41	50
33.88	82
37.4	76
38	54
37.17	56
35.44	65
38.31	41
42.27	37
36.15	10
35.85	161
33.05	83
35.64	92
35.43	88
37.81	41
35.13	36
34.34	87
35.5	80
35.49	76
34.61	71
34.9	110
34.62	106
32.46	82
33.25	91
33.93	142
34.37	100
34.58	52
33.67	118
35.29	44
34.82	160
35.49	62
36.7	140
33.29	52
34.8	101
35.36	88
37.81	77
35.51	15
32.87	77
37.31	62
31.96	71
35.57	143
34.05	55
32.79	71
33.38	33
33.85	81
34.02	76
34.56	83
32.43	87
33.23	88
33.22	86
34.8	121
33.27	81
35.67	47
34.5	32
34.34	61
38.34	74
35.81	45
31.76	86
35.12	63
36.72	81
36.26	85
35.57	32
33.91	86
34.2	87
33.84	73
36.16	63
31.94	90
37.37	58
33.87	65
34.15	82
31.97	91
32.87	89
34.7	82
34.02	152
34.04	64
35.31	103
34.44	77
34.48	36
35.07	48
35.38	92
35.57	131
35.21	59
35.03	63
33.48	79
37.02	76
33.95	79
32.95	90
36.19	78
35.43	68
33.79	86
32.36	85
32.2	81
31.25	55
35.09	85
34.53	48
32.99	86
33	69
35	136
33.68	84
32.66	28
34.69	82
35.85	48
35.44	119
34.06	92
42.44	38
34.38	57
36.85	67
35.52	125
38.56	117
33.25	89
37.53	10
33.48	89
37.67	65
37.84	51
37.47	139
36.73	123
35.39	87
36.83	57
35.07	76
34.3	85
39.34	47
35.34	62
36.34	62
35.88	56
34.73	49
36.34	62
37.21	11
35.15	65
32.32	86
33.47	109
35.74	161
37.68	148
35.53	82
36.96	57
34.79	89
35.67	67
35.06	80
39.18	46
36.6	84
33.26	84
32.22	89
35.38	122
34.15	86
34.6	100
33.2	88
35.68	140
35.27	142
31.85	11
33.23	71
33.11	55
35.4	38
37.83	71
34.62	76
35.31	51
40.04	73
33.99	74
34.82	46
36.05	139
34.31	86
35.43	42
33.78	78
34.35	84
31.62	83
34	86
32.87	70
32.47	56
33.54	86
34.83	60
33.12	86
34.5	84
32.22	89
34.13	123
35.38	122
34.19	86
33.2	88
34.85	58
35.27	142
34.78	54
33.11	55
30.76	91
34.56	58
34.27	64
33.36	70
33.31	89
35.4	92
37.23	98
35.87	98
35.52	137
35.68	92
36.94	152
35.21	34
35.58	77
32.87	72
32.82	91
33.81	141
39.98	63
34.62	87
34.45	62
34.81	80
32.83	89
39.36	114
37.34	74
38.05	101
39.27	112
38.67	134
37.95	44
40.44	43
41.35	72
38.11	158
40.11	45
36.37	83
35.76	87
39.74	123
39	119
37.28	90
33.62	80
39.8	65
34.86	89
36.67	60
37.7	76
33.05	85
31.92	86
35.56	54
32.77	100
32.8	58
33.93	74
33.37	82
35.94	74
36.32	41
32.76	85
32.83	92
32.61	73
38	106
37.57	146
36.01	156
41.08	59
35.57	67
37.54	162
33.98	89
35.73	39
37.55	110
35.28	71
35.12	68
35.24	61
35	81
35.53	73
33.67	76
33.74	92
35.71	87
39.13	66
35.3	93
35.93	115
39.38	67
35.78	88
33.56	83
35.77	55
36.15	58
34.87	52
35.68	87
35.41	43
33.41	155
35.11	68
34.77	86
35.73	68
36.44	46
34.06	78
32.55	60
33.88	76
33.67	131
33.71	25
36.31	73
34.08	85
34.26	65
38.6	115
36.07	91
37	23
38.5	36
35.42	80
37.05	89
33.46	90
37.7	46
38.56	36
34.55	5
38.96	49
37.6	58
36	88
36.05	54
37.22	17
36.22	86
40.42	76
37.62	100
36.87	70
37.61	64
36.6	79
37.51	68
35.63	89
34.76	89
36.45	90
33.73	92
36.74	138
38.47	147
35.2	63
38.13	86
38.79	118
37.13	67
34.87	91
37.91	100
38.14	42
39.67	118
37.6	150
39.79	36
36.51	165
34.9	91
38.86	40
34.07	88
37.51	16
41.44	89
39.35	75
37.48	50
38.48	22
34.83	164
32.5	90
35.79	12
34.59	84
36.89	47
35.82	59
37.4	108
36.14	34
37.85	146
37.83	131
38.4	34
36.81	55
34.37	83
37.09	63
33.02	84
37.42	161
32.91	62
36.55	55
36.21	50
34.86	75
36.2	155
38.02	130
36.24	80
33.98	89
34.12	62
36.37	75
37.05	18
39.56	56
38.58	84
35.15	156
41.63	50
38.08	106
38.58	104
34.91	91
36.02	62
35.53	88
39.51	56
39.53	52
35.34	117
34.56	86
36.36	89
31.61	81
33.79	88
34.23	64
34.23	64
34.23	64
33.38	75
35.75	82
34.23	64
35.53	72
37.3	113
35.11	113
36.13	80
36.41	80
36.24	75
37.76	107
37.17	153
37.15	91
37.2	124
36.75	22
33.97	88
33.65	158
33.28	89
34.07	73
35.56	52
32.96	124
34.66	127
36.38	146
31.73	59
32.3	10
35.52	74
38.3	82
36.57	46
37.85	80
39.14	41
38.11	138
37.15	53
37.4	161
34.28	90
35.06	82
33.34	68
35.14	84
33.71	79
34.46	82
32.67	85
36.39	82
36.61	164
35.06	77
34.43	111
35.84	89
35.58	115
38.87	44
39.38	129
35.45	92
35.08	88
39.35	23
38.27	72
39.98	90
37.37	55
36.5	106
35.52	75
36.13	89
35.1	39
35.7	80
36.17	156
36.13	141
37.73	103
35.03	144
32.98	83
34.38	57
37.5	78
33.58	144
33.6	166
32	69
34.35	81
33.54	78
33.27	142
32.59	60
33.3	83
37.43	65
35.53	76
34.92	71
36.21	24
36.16	35
36.23	59
35.19	83
35.61	87
35.5	68
35.76	81
35.8	83
35.03	127
34.01	78
35.16	53
34.47	73
33.72	62
34.5	26
34.66	151
34.86	80
36.49	65
35.59	76
30.65	92
36.79	37
36.9	84
36.59	40
34.21	92
37.27	77
34.78	30
35.06	49
33.3	50
32.06	64
32.31	128
34.84	128
34.63	92
35.32	83
35.4	93
30.18	92
34.01	36
34.77	68
32.72	74
32	37
37.81	119
37.5	73
36	81
38.72	79
40.69	31
37.42	87
38.26	71
39.09	86
39.5	46
38.37	89
34.69	83
37.34	91
36.42	147
38.62	103
38.28	1
33.87	84
34.45	85
39.71	61
35.08	83
33.28	89
34.48	104
34.63	135
33.36	60
35.5	150
30.78	89
33.47	62
31.77	76
32.57	88
34.41	105
35.12	56
34.23	135
33.46	36
34.96	105
32.53	88
35.86	25
34.1	63
32.06	69
31.25	65
34.34	104
32.37	161
33.01	53
34.74	90
36.08	42
36.9	64
35.61	78
36.05	88
34.82	39
34.33	75
34.08	53
33.39	89
35.61	142
35	69
35.11	134
34.81	60
34.84	66
36.19	133
34.51	87
32.29	74
34.3	35
30.72	91
35.26	80
34.79	53
35.63	54
32.51	29
30.38	79
33.97	87
34.31	85
36.16	61
33.55	67
34.06	84
35.44	123
33.17	147
35.46	83
33.46	71
36.23	88
34.55	136
34.47	47
32.93	66
35.26	57
35.24	77
31.33	77
35.23	75
34.95	117
32.38	79
33.48	91
34.35	26
36.39	53
33.74	81
33.56	63
32.32	59
32.61	85
32.8	80
33.81	64
33.56	47
36.57	125
31.39	68
33.5	66
36.07	79
32.5	91
35.76	25
34	160
36.02	125
33.71	51
33.72	88
32.32	87
36.55	98
33.84	23
34.43	54
34.76	117
35.72	78
32.91	80
34.68	64
33.26	41
35.85	47
32.86	153
32.6	74
34.35	91
31.92	79
33.23	76
33.56	85
35.85	63
40.46	72
35.48	48
33.88	86
37.24	6
37.56	55
37.89	10
37.77	79
34.06	66
33.64	69
35.26	69
33.6	88
35.9	76
37.63	36
36.05	67
38.09	42
35.17	45
38.33	45
38.77	21
36.89	87
33.32	35
34.8	39
33.75	82
34.9	40
34.36	91
33.18	50
33.24	54
35.37	89
36.37	66
33.47	42
34.5	89
30.35	87
34.58	144
32.59	86
33.62	79
32.1	59
36.01	87
36.04	101
33.37	73
31.95	80
34.72	55
35.39	43
32.48	83
33.22	24
35.51	30
34.9	69
34.33	78
34.37	71
32.7	83
37.27	75
33.99	138
35.26	78
34.19	86
33.23	88
34.06	78
35.42	143
32.54	138
34.1	73
33.45	66
33.05	71
34.75	62
33.82	50
33.28	77
32.23	83
32.7	11
34.96	79
39.19	85
34.92	85
34.11	84
33.56	90
36.42	60
37.97	166
36.03	45
39.09	34
35.25	80
39.72	69
39.37	45
37.26	14
39.45	53
37.12	78
36.94	86
34.87	154
33.84	50
35.37	42
39.01	1
35.25	33
32.59	90
35.74	83
33.79	80
43.32	59
34.58	91
38.82	86
38.51	67
36.42	83
36.09	61
36.16	83
34.68	87
41.34	32
36.94	56
36.91	83
35.11	55
33.81	142
34.46	15
33.52	91
35.02	85
31.31	25
33.8	122
31.81	78
35.46	46
35.51	104
34.54	78
33.49	74
36.39	73
32.79	86
37.41	87
34.54	30
33.43	92
34.5	43
34.63	106
35.09	84
35.43	68
34.46	71
34.46	89
36.47	44
34.99	66
33.98	159
34.31	72
36.06	132
34.12	2
33.25	69
31.43	89
34.45	56
33.04	62
34.05	87
33.62	61
35.75	64
36.97	105
34.88	139
35.65	163
35.67	138
35.12	15
34.69	48
32.08	65
34.53	30
34.81	84
36.9	113
33.74	15
35.37	94
35.72	32
33.17	54
38.43	72
38.04	26
39.31	65
35.31	80
36.32	86
36.41	92
34.79	66
39.14	87
41.04	62
36.68	77
33.89	80
36.75	44
35.32	56
32.31	57
33.26	87
33.83	146
33.75	79
37.18	86
35.63	91
33.51	79
35.17	14
36.47	92
34.15	8
33.05	89
32.71	67
37.57	98
35.43	68
34.88	65
34.91	70
37.28	31
34.18	59
38.6	55
36.02	66
33.46	92
38.62	26
35.99	75
34.26	160
32.66	90
36.2	141
34.54	57
34.29	142
34.73	38
35.25	157
35.43	82
34.94	65
35.29	79
35.77	60
36.87	88
36.72	129
34.62	120
32.36	73
33.42	92
35.7	85
34.44	17
33.75	83
35.89	165
33.8	82
35.01	62
33.57	80
34.37	75
35.77	52
34.61	41
32.83	88
34.16	63
35.37	59
33.74	42
35.58	86
36.33	80
33.94	146
33.99	88
32.45	73
34.79	69
35.61	85
35.56	82
35.26	81
34.18	142
33.45	85
39.8	64
35.17	49
32.23	62
38.9	47
38.32	150
37.78	82
36.09	85
39.84	60
35.61	67
36.35	60
39.15	14
38.06	125
36.76	84
33.26	141
33.74	92
34.27	78
35.63	88
35.35	144
34.57	68
32.74	80
34.94	72
33.26	51
34.07	147
38.31	117
36.9	117
38.69	77
35.5	67
35.89	46
40.78	68
37.68	86
36.07	67
38.07	23
34.56	33
35.66	72
40.16	22
38.62	29
36.64	71
38.74	119
37.85	43
38.06	41
35.23	81
36.36	76
36.38	83
33.97	5
35.47	52
32.87	61
34.57	83
32.38	50
35.16	76
37.45	45
36.54	69
37.09	43
34.72	126
34.31	91
35.96	78
34.56	91
35.57	81
34.61	143
35.64	51
36.54	26
34.47	81
35.3	47
36.16	31
34.67	82
36	65
35.24	86
36.16	130
40.41	56
38.03	83
35.83	159
37.86	89
34.65	82
36.56	110
33.96	94
34.49	75
34.28	76
35.19	86
37.59	34
32.83	90
35.27	36
35.6	67
35.09	48
34.89	83
33.47	163
36.68	44
35.24	127
33.26	50
35.2	85
33.71	90
32.1	86
34.84	39
34.72	142
36.45	128
37.37	93
35.61	120
35.46	144
34.97	84
33.38	1
36.43	139
37.46	82
39.8	80
38.4	150
35.92	74
32.81	117
32.59	80
35.17	78
33.84	80
32.59	164
34.37	94
32.76	90
33.47	53
34.95	55
32.21	82
36.42	20
38.44	165
37.93	71
37.41	61
34.15	89
36.85	58
41.92	36
34.58	78
34.92	90
39.17	19
33.14	65
34.12	67
35.68	76
35.8	85
34.35	8
35.7	91
36.55	85
35.43	75
35.19	72
35.84	60
32.21	92
36.27	84
36.02	159
34.93	49
37.77	61
34.14	86
38.63	59
36.79	62
36.71	102
35.73	100
34.1	124
34.1	59
35.42	137
34.17	108
36.01	47
35.3	142
33.25	80
34.83	84
36.28	124
37.11	38
33.46	72
34.51	85
35.14	84
36.03	60
35.87	80
34.15	82
35.99	21
39.21	65
33.92	83
34.86	77
34.87	81
38.48	141
34.39	82
35.87	74
36.24	135
33.66	92
36.48	142
35.78	163
35.39	81
33.46	56
38.55	85
34.25	80
40.07	131
40.84	3
37.43	151
36.41	91
35.32	85
37.8	51
39.75	90
35.43	57
35.52	90
33.17	89
33.8	74
34.64	66
34.94	102
35.76	50
37.67	48
33.18	77
35.9	67
32.77	89
36.6	116
35.54	80
33.35	80
36.31	77
34.09	69
32.98	81
32.05	47
36.48	76
35.62	57
33.66	45
33.52	70
36.37	80
40.54	25
35.91	72
35.27	46
36.18	86
39.4	67
35.12	57
35.78	11
32.5	63
37.63	39
34.91	73
35.87	45
35.93	76
33.77	62
37.9	11
36.7	84
36.07	52
35.08	139
36.79	128
35.24	129
30.96	57
34.45	69
35.49	24
34.26	30
35.4	99
31.97	89
35.19	77
31.44	86
34	87
37.3	69
37.36	54
38.25	56
37.83	117
36.28	82
36.59	71
38.83	58
36.88	59
39.87	25
35.49	150
39.63	19
37.99	91
35.83	64
37.92	126
41.53	17
35.97	86
36.27	73
38.68	72
33.42	92
37.87	92
38.17	76
38.61	83
37.97	80
39.84	48
35.16	82
34.19	69
36.37	73
41.65	19
40.6	39
38.93	72
34.55	73
34.15	91
36.83	79
37.29	134
36.72	48
35.17	57
33.76	92
34.71	77
34.06	70
37.14	21
33.09	83
33.46	67
33.35	74
35.2	82
32.67	78
35.34	83
34.47	79
32.52	58
34.18	151
35.52	94
38.87	79
34.62	85
34.8	125
33.43	92
36.29	150
31.75	90
33.74	85
34.51	20
34.77	86
37.29	47
32.41	74
36.37	88
35.24	40
33.24	87
33.66	69
34.04	61
34.14	80
35.58	67
34.84	144
33.25	56
33.84	82
33.8	41
35.76	92
34.67	70
34.16	63
35.05	135
36.17	88
33.64	36
33.53	87
32.43	87
33.03	88
34.58	132
33.91	66
36.58	38
32.52	90
33.4	91
34.86	86
37.76	75
34.17	71
37.65	65
39.35	123
38.08	43
35.77	77
34.59	86
33.37	84
34.16	70
36.75	80
36.53	65
34.86	88
35.31	89
34.37	54
34.98	90
33	88
32.87	69
33.7	74
32.62	90
33.39	92
37	64
35.29	147
35.8	84
34.73	53
34.31	71
33.24	123
35.22	54
34.72	108
32.56	2
32.81	35
33.7	87
34	46
31.95	80
33.19	66
34.05	75
35.64	78
33.81	85
32.44	90
35.23	65
36.95	59
35.77	88
36.46	47
33.85	81
34.3	70
35.2	132
35	83
42.23	70
40.48	23
35.59	56
32.25	89
36.73	79
33.87	72
35.31	130
36.81	24
34.21	85
36.46	76
35.71	88
38.73	59
40.58	59
37.81	70
39.14	93
34.69	90
36.75	67
36.1	64
38.11	28
36.19	50
34.77	92
35.35	62
38.14	90
37.46	42
37.08	150
36.12	82
36.93	74
32.69	77
32.54	66
31.48	90
34.86	91
32.58	12
32.41	66
33.08	90
34.06	113
32.6	54
31.22	77
39.08	57
37.64	37
39.5	54
39.57	84
37.22	150
36.83	64
40.45	80
37.65	88
37.73	64
38.49	72
35.06	83
30.76	81
33.25	137
34.64	66
31.16	88
33.32	91
31.74	92
34.12	111
36.38	104
32.52	87
33.64	83
35.78	147
30.75	80
34.86	82
33.53	68
34.32	74
36.19	137
31.99	89
36.35	79
35.09	77
33.13	50
32.96	149
33.77	149
31.62	57
34.39	79
35	67
34.83	86
31.91	89
35.32	84
34.59	79
33.15	87
36.19	81
32.88	68
33.36	75
38.71	65
36.08	141
32.75	85
32.1	67
37.83	59
34.95	50
34.81	82
36.65	53
35.84	54
37.25	99
37.29	72
37.97	42
37.02	107
34.19	84
35.33	75
35.47	109
36.09	158
37.15	27
35.26	154
36.52	63
35.18	154
34.64	80
35.83	35
37.68	125
33.37	87
35.32	70
38.44	69
33.25	87
33.55	62
35.76	88
34.72	157
31.91	56
33.79	30
34.68	64
38.38	40
33.95	59
35.82	121
33.18	84
32.41	90
34.24	77
35.06	68
33.79	88
32.65	88
32.93	29
34.11	9
35.65	89
36.16	87
33.15	58
32.37	79
33.83	76
34.13	153
32.12	49
35.33	69
33.68	76
33.39	90
32.37	88
33.14	82
35.31	123
36.15	76
31.43	84
34.99	37
31.05	78
36.33	80
35.87	81
34.4	77
34.2	76
34	87
33.49	91
33.21	52
32.47	64
33.83	88
35	79
31.27	88
35.72	54
36.85	132
34.79	166
34.42	85
33.09	88
36.04	92
34.53	49
34.83	81
34.38	63
37.01	53
34.91	67
31.73	87
33.92	77
37.79	77
40.16	62
36.82	126
38.95	62
33.87	91
36.95	76
35.66	44
35.97	156
38.21	83
36.4	75
33.08	55
32.56	46
32.37	89
33.17	89
32.87	92
32.63	60
35.76	85
35.45	53
33.6	66
33.35	160
35.26	117
35.99	19
33.01	92
33.31	92
37.31	45
34.54	83
32.87	78
34.77	92
34.45	95
34.36	75
35.25	69
30.64	92
34.83	90
32.13	86
36.85	78
36.83	80
36.09	26
31.38	90
34.09	88
35.33	164
34.54	80
35.69	124
35.99	93
35.37	125
32.2	89
35.21	105
31.01	85
34.39	59
36.37	150
38.93	85
36.64	155
37.34	79
34.17	86
36.79	83
37.31	49
37.28	63
42.02	38
39.98	50
36.31	50
38.37	69
40.55	74
42.19	80
39.12	22
40.9	47
39.08	81
36.41	89
40.24	87
39.11	49
38.14	64
35.84	119
35.47	83
34	124
36.01	112
33.56	37
36.71	65
33.67	86
35.97	81
35.08	77
32.5	89
32.89	40
34.75	163
34.3	58
34.22	89
33.3	91
35.07	67
33.48	70
33.75	76
31.94	70
35.78	116
36.33	90
39.46	162
36.87	68
37.41	160
36.48	89
43.09	40
40.05	40
37.91	143
37.86	52
37.15	44
35.54	149
32.98	82
34.85	88
36.3	84
32.94	79
34.01	79
32.72	85
32.57	88
34.36	71
37.76	27
33.53	31
31.92	29
32.95	88
34.84	144
33.11	111
33.03	71
33.94	91
33.07	86
34.9	65
33.75	88
36.27	71
35.84	63
36.38	125
38.77	54
37.55	16
34.64	89
36.7	88
36.76	49
39.38	20
34.09	74
32.06	25
32.32	71
36.4	52
34.63	53
35.31	82
37.02	81
31.97	30
30.93	91
33.9	90
36.08	46
37.31	33
38	77
35.02	45
37.31	33
34.1	30
33.46	63
34.96	153
34	89
36.82	56
35.02	77
33.53	86
35.16	87
37.27	41
34.33	11
36.01	83
35.42	75
37.62	52
38.62	147
34.01	86
35.64	5
32.33	91
32.07	28
33.28	31
34.59	66
33.67	79
31.58	91
34.15	80
33.17	91
31.06	91
35.5	43
34.62	66
34.9	85
37.76	86
36.11	14
35.72	8
37.05	15
37.55	114
34.47	122
33.14	84
34.85	83
34.87	86
34.67	61
33.65	78
36.94	81
33.47	60
35.76	114
33.41	84
37.64	73
34.61	49
37.03	61
38.91	83
34.9	151
42.72	43
32.65	89
34.46	101
31.4	104
37.19	101
36.35	88
40.51	17
33.57	86
36.08	54
35.37	68
37.18	84
31.12	102
31.57	99
37.99	67
36.8	57
30.8	103
34.04	101
38.38	57
33.32	85
33.22	87
33.62	103
41.09	64
36.87	96
31.47	62
38.02	60
32.88	92
35.65	82
36.64	96
37.5	71
33.75	78
38.15	84
39	25
41.85	87
37.66	30
42.5	86
34.3	87
37.16	93
35.95	71
35.13	99
35	99
38.76	60
38.96	23
36.03	96
35.25	104
36.25	96
36.17	42
35.06	78
34.18	74
34.87	67
38.21	84
33.06	92
33.07	101
33.58	100
37.11	82
32.78	99
35.68	71
32.93	98
41.82	62
33.75	91
36.41	72
37.34	93
36.69	91
36.18	50
32.75	77
31.35	104
32.78	97
32.77	101
40.72	66
38.37	97
35.73	91
40.59	13
35.62	97
41.45	30
38.1	27
31.72	98
40.03	42
37.06	155
37.07	62
30.92	100
35.38	84
39.21	90
35.54	85
36.79	121
35.2	84
31.09	100
35.06	84
39.97	43
37.72	88
36.36	167
34.15	93
34.81	103
36.5	87
37.66	83
35.37	78
36.28	89
38.46	5
35.81	63
36.33	91
43.46	48
35.45	82
38.32	61
37.62	85
41.09	52
35.74	85
38.58	131
38.83	94
42.34	81
36.65	85
36.98	75
37.87	72
38.21	49
36.72	73
37.09	84
36.76	69
35.71	90
36.35	79
39.95	46
37.04	96
35.46	104
36.48	72
38.41	81
36.46	104
37.52	90
36.56	76
37.2	61
34.97	89
37.21	37
38.55	33
35.45	101
36.59	85
36	143
35.06	103
37.69	62
39.1	37
38.11	53
39.34	24
37.37	140
33.83	11
35.1	109
34.2	122
33.02	72
33.66	61
33.02	72
33.74	109
33.02	72
32.95	98
33.95	98
33.31	99
38.06	79
38.78	79
40.01	8
33.21	100
35.95	169
36.64	93
34.78	74
36.04	47
36.51	178
37.19	77
39.09	67
36.5	198
40.4	69
38.08	108
36.68	189
36.47	182
33.78	102
38.05	47
37.31	56
39.44	40
37.85	88
37.92	87
34.61	72
38.8	33
42	30
33.99	86
34.58	95
34.72	96
33.91	97
34.83	68
36.22	51
38.29	21
39.56	44
32.94	74
34.78	71
33.82	205
33.32	98
35.24	78
34.24	69
36.47	93
37.11	67
36.13	171
38.61	70
37.15	43
35.96	193
36.62	84
34.14	200
38.64	18
37.05	77
34.83	84
36.8	52
35.65	192
34.31	79
34.81	101
36.37	35
34.75	75
37.95	45
33.25	52
35.04	99
34.3	84
34.72	98
35.89	93
34.72	42
34.75	77
35.59	64
33.2	71
35.18	94
33.55	86
34.06	92
34.06	92
36.15	35
37.77	70
34.96	21
35.72	85
35.16	80
39.37	24
31.53	98
31.81	91
31.75	98
37.15	57
31.59	98
37.27	150
36.7	47
34.95	72
32.28	72
32.5	53
32.5	53
33.62	82
35.95	60
35.42	80
32.01	77
32.01	77
36.06	97
35.7	189
35.51	9
33.46	73
36.18	45
37.94	66
35.45	77
37.15	196
41.12	77
35.01	69
36	84
34.6	104
44.47	43
40.2	27
42.12	81
35.42	89
39.15	57
34.35	92
37.2	93
35.22	72
33.41	93
36.4	72
41.64	36
37.05	101
34.51	0
35.06	98
33.45	77
