sim	len_diff
33.72	107
35.55	129
32.77	209
34.36	133
33.48	210
32.65	210
32.9	207
34.28	174
33.92	170
32.77	144
32.86	197
33.63	154
34.83	207
34.27	177
35.22	128
34.2	148
33.04	186
35.01	173
34.13	170
34.72	185
34.2	207
33.71	181
33.43	190
33.8	200
33.27	202
34.22	112
34.88	128
33.68	63
34.62	191
33.28	200
33.72	208
34.03	199
34.55	177
34.47	132
34.71	134
33.42	292
32.82	317
34.16	89
34.25	195
32.7	211
33.58	366
33.66	190
33.43	195
33.23	207
33.69	147
35.1	210
33.41	112
33.47	179
33.27	202
33.28	196
33.28	196
33.28	196
32.56	195
33.87	203
32.81	112
34.85	118
33.72	157
34.19	157
34.39	190
33.88	200
33.64	177
32.93	182
33.67	184
33.44	162
33.12	173
34.89	134
33.4	175
35.12	150
34.45	156
33.47	197
33.83	222
33.9	205
32.94	211
34.4	120
33.15	70
33.27	190
34.69	196
32.24	191
33.72	165
34.42	157
33.53	191
35.92	161
33.74	160
36.14	160
33.71	207
33.45	185
35.01	194
34.5	207
34.42	122
33.98	177
33.5	195
34.27	152
33.59	153
35.18	115
34.68	91
33.1	160
34.15	136
34.36	129
32.99	184
35.63	196
32.48	210
34.37	188
34.31	201
34.05	194
34.6	172
33.9	121
34.43	124
33.97	200
34.32	178
33.87	194
35.08	157
34.01	177
35.22	200
34.76	139
34.24	186
33.47	188
33.98	165
35.44	123
34.33	206
33.83	186
33.99	178
36.35	139
33.15	203
33.54	190
34.92	183
33.65	209
34.11	184
33.25	184
34.76	165
35.38	174
33.73	130
33.33	205
33.51	139
33.28	168
33.13	184
34.7	134
32.37	210
34.6	141
33.13	208
32.28	201
34.73	155
34.31	143
33.8	195
33.35	179
33.85	180
33.43	176
32.45	35
35.09	161
34.62	158
33.93	180
35.58	141
33.26	182
33.07	201
33.16	196
34.1	55
34.92	164
33.51	68
33	193
32.24	207
34.43	111
34.51	119
34.77	138
33.74	131
34.43	129
33.83	176
33.33	196
34.36	75
35	163
34.15	116
33.07	204
34.03	159
33.72	210
34.64	111
35.74	120
33.53	204
33.14	189
34.71	163
33.65	193
33.29	200
34.99	163
32.32	208
33.63	133
34.06	162
33.26	203
34.4	159
33.58	176
35.02	109
34.31	168
33.87	174
34.83	177
34.87	159
33.2	196
33.85	168
34.82	90
34.18	199
34.35	179
34.01	188
33.32	193
33.68	133
34.67	106
35.55	194
34.37	204
34.08	192
37.16	165
33.8	165
32.71	200
35.31	144
33.41	211
34.09	210
33.49	209
33.12	198
34.13	193
33.04	188
34.37	155
33.11	204
33.77	194
33.41	192
33.66	201
33.27	192
32.09	209
34.18	162
34.12	270
32.93	208
34.09	123
33.58	194
34.3	156
32.58	207
34.68	156
34.09	190
32.98	191
33.53	201
33.09	182
34.29	199
32.76	207
33.45	149
33.37	157
34.88	107
33.68	117
32.79	129
32.68	162
33.09	196
34.51	160
32.96	201
33.71	151
35.02	144
33.43	177
31.93	209
32.33	200
34.8	158
33.72	50
34.63	80
33.95	207
33.92	195
34.41	89
33.43	150
33.26	192
32.81	204
34.13	200
33.21	196
34.06	144
33.86	193
33.45	184
33.54	179
34.35	93
33.37	196
34.89	97
32.65	211
33.16	206
33.19	211
34.2	183
33.59	173
34.03	211
35.12	160
34.51	155
33	184
33.99	189
34.88	181
34.55	167
34	143
34.79	210
34.66	201
34.27	170
34.78	166
35.26	204
34.27	148
35.36	128
34.26	203
34.46	133
35.15	181
33.65	143
34.49	154
34.38	195
34.18	191
34.4	206
32.7	174
32.87	188
35.18	184
36.3	149
33.41	211
34.78	203
34.87	177
33.71	176
33.33	207
32.46	206
32.44	208
34.76	201
34.58	180
35.56	169
34.6	135
34.71	172
33.09	201
33.97	147
33.51	179
34.03	171
34.69	204
34.5	93
34.74	174
34.32	174
33.91	179
32.71	206
35.44	157
34.05	177
33.87	196
33.73	170
34.01	154
33.77	157
33.53	190
34.9	149
33.68	207
34.64	191
32.57	211
34.45	84
33.26	178
32.94	203
33.02	195
33.49	195
34.12	181
33.93	155
34.87	183
34.57	197
34.11	127
34.63	197
35.13	86
33.47	193
33.27	132
34.46	133
34.52	201
33.32	176
33.14	200
33.98	208
35.46	113
35.54	108
34.1	175
32.2	49
33.74	44
34.12	145
34.78	163
33.75	186
33.11	172
34.39	244
34.3	141
35.16	180
34.36	110
35.32	146
35.01	175
35.06	168
35.15	145
33.47	166
33.64	178
34.36	122
31.46	26
34.58	114
34.51	168
32.58	100
33.92	169
32.75	184
34.93	175
34.96	146
35.23	174
32.85	151
34.01	149
32.23	173
33.75	164
34.29	93
33.78	181
35.18	179
34.14	78
31.15	24
33.3	161
33.37	128
34.11	163
35.2	152
35.33	101
35.04	180
33.62	145
35.24	175
34.8	186
34.23	182
35.53	63
35.12	122
35.37	156
35.58	132
35.02	156
34.52	169
35.31	158
34.52	143
34.26	151
34.93	124
34.37	335
34.15	184
34.11	184
33.88	186
33.84	185
33.39	177
33.4	180
33.71	182
34.09	185
34.1	108
33.97	152
33.04	163
33.62	138
34.01	124
34.06	337
34.29	148
33.43	103
34.07	147
33.79	184
34.4	183
34.92	101
34.06	116
34.95	124
34.49	174
35.64	146
34.67	184
34.64	101
35.01	148
34.85	108
35.27	157
34.54	83
33.86	184
34.16	184
34.21	138
34.53	187
35.14	157
35.08	157
34.91	177
33.37	21
34.79	176
34.61	181
35.51	146
33.97	174
34.01	162
34.05	171
36.67	150
35.61	161
34.49	157
32.7	187
34.75	128
33.48	174
34.96	117
34.25	185
34.17	335
34.08	125
35.81	150
34.63	160
33.32	177
34.29	124
35.07	149
35.12	166
34.09	182
34.18	173
35.02	131
34.22	169
34.54	143
34	184
34.46	160
33.97	184
33.59	138
33.45	155
34.33	180
34.37	64
34.06	181
33.32	158
34.13	170
34.16	157
35.14	134
34.58	130
32.88	138
35.08	122
34.69	214
34.33	175
34.61	144
34.84	170
35.21	157
35.09	184
34.68	129
34.61	114
33.85	179
34.83	157
34.96	92
32.77	167
33.23	142
34.27	110
34.24	131
33.82	165
34.8	91
32.91	139
34.74	117
33.78	168
34.36	154
35.15	86
34.68	163
34.76	187
35.09	151
34.72	154
36.3	98
35.59	128
35.17	178
36.14	155
35.45	160
33.95	122
34.86	138
33.19	161
35.27	109
34.54	178
34.26	181
32.71	180
33.56	132
34.5	164
33.19	171
33.3	90
32.14	156
34.88	99
33.41	186
33.48	93
33.81	168
33.77	126
34.24	115
33.73	181
34.58	306
33.36	152
34.94	183
35.61	168
34.39	166
35.19	171
34.94	163
35.84	122
35.94	122
35.55	132
36.04	121
35.45	167
35.71	168
33.66	152
33.88	143
34.22	109
34.55	179
34.33	115
34.59	173
33.42	24
33.48	183
33.63	178
33.13	126
35	147
34.16	81
31.56	59
33.96	94
32.86	177
34.42	151
34.22	154
35.27	152
34.74	162
34.56	170
35.16	153
34.44	168
35.87	110
34.49	140
35.56	99
34.58	182
34.11	175
36.14	154
34.41	120
34	196
34.43	107
34.95	108
34.45	173
33.5	153
33.81	168
33.23	29
34.9	117
33.5	95
36.16	145
33.95	179
33.89	177
35.31	122
34.01	185
34.44	91
34.71	96
35.24	175
33.71	146
34.01	156
34.14	102
34.2	160
34.63	123
34.24	178
34.51	172
34.72	179
34.15	169
34.3	186
34.73	175
34.52	141
34.75	166
34.4	87
34.9	179
33.96	89
34.2	186
34.18	162
35.63	147
34.36	162
35.04	184
34.16	176
33.49	181
34.22	167
33.87	182
33.97	162
34.23	168
33.89	180
35.24	106
33.26	177
33.47	177
35.56	129
35.43	131
34.24	127
35.34	92
34.42	257
35.06	203
33.49	174
33.36	68
34.98	171
34.48	129
34.56	168
33.76	179
34.68	172
35.64	111
34.54	181
33.98	171
34.58	172
35.26	118
34.29	158
33.98	78
35.38	154
33.63	156
35.39	119
34.61	161
35.4	138
35.38	120
35.51	153
34.61	182
33.3	10
35.4	67
35.05	64
34.2	181
34.12	182
34.68	223
35.91	117
36.04	150
33.21	171
35.71	128
34.39	179
34.8	150
36.73	138
34.5	168
34.97	163
35.09	120
34.07	181
34.73	184
34.86	182
33.82	176
34.09	175
34.59	183
34.23	177
34.18	163
34.18	147
32.9	181
33.53	179
35.28	116
34.98	183
34.5	175
34.75	168
33.92	81
32.19	17
33.53	184
34.48	170
33.42	182
34.05	183
31.88	124
34.2	88
35.05	127
33.09	171
33.6	68
34.39	111
35.18	153
33.67	165
34.37	140
34.61	176
34.86	109
34.53	169
35.23	134
34.31	156
35.02	269
33.82	115
35.17	179
34.24	172
35.26	144
34.25	165
35.24	136
35.52	121
33.75	156
34.29	182
34.49	157
33.22	44
33.68	183
32.2	37
34.5	100
34.57	174
33.37	56
32.46	24
33.3	173
34.87	134
32.7	62
33.45	156
34.35	158
34.37	133
34.04	142
33.56	170
33.35	159
33.39	169
35.8	127
33.86	142
34.03	119
32.77	76
35.28	157
33.74	167
32.25	10
32.98	181
32.94	67
34.76	165
34.54	131
32.89	182
33.21	172
33.72	86
34.27	118
34.46	171
35.67	93
33.75	163
34.82	206
35.6	143
34.76	166
34.63	54
35.92	163
33.5	154
34.78	127
31.14	16
33.55	111
32.64	172
33.59	157
35.09	61
33.25	61
33.56	166
33.78	115
34.47	134
34.2	158
34.25	187
34.96	175
34.85	146
34.11	89
34.19	137
33.87	149
34.45	131
35.43	82
34.71	172
32.85	23
34.08	176
34.61	139
33.35	144
32.57	29
33.64	169
33.63	118
34.43	134
35.54	125
34.85	85
34.08	165
35.5	108
35.83	143
34.33	179
32.99	179
34.1	170
32.95	185
34.46	177
34.33	171
34.3	175
33.27	142
34.25	160
33.28	42
34.7	111
32.87	168
33.28	293
33.24	63
35.08	115
33.62	177
33.36	140
34.26	179
34.65	163
34.26	282
33.35	184
33.5	156
34.35	133
34.77	131
33.63	104
33.78	179
33.88	104
34.44	74
34.46	151
33.72	124
34.42	123
34.33	156
35.55	117
34.91	166
34.86	126
34.41	183
35.02	168
34.99	277
34.75	163
33.57	177
35.01	136
35.15	146
33.74	164
34.31	161
34.8	161
35.77	131
34.18	113
34.22	111
34.4	131
34.21	130
33.74	177
35.64	176
33.91	168
33.36	187
33.62	161
33.53	174
33.97	163
34.33	178
34.61	185
34.55	174
35.19	159
33.64	165
36.26	149
33.9	182
35.85	170
33.79	186
34.2	187
35.78	143
35.49	152
34.55	181
34.59	86
35.4	90
35.25	145
36.83	82
34.95	164
33.85	187
35.25	194
35.06	169
35.38	118
34.58	123
34.78	110
35.21	106
34.39	130
33.78	182
34.52	110
34.71	187
35.22	154
34.99	105
33.52	181
35.43	172
35.47	107
33.72	172
34.63	184
35.03	152
34.35	166
33.25	125
35.17	178
34.07	180
33.86	176
35.42	141
33.18	165
33.62	184
34.03	150
33.06	28
33.68	186
34.45	131
33.87	186
34.08	165
34.42	165
34.84	150
34.47	176
34.22	171
34.19	81
35.17	178
33.74	174
35.39	130
36.13	122
33.64	180
34.47	173
34.94	169
35.12	171
34.68	173
34.48	147
34.2	160
34.51	171
34.67	176
34.44	184
32.97	27
35.13	126
34.1	174
34.9	134
34.59	177
33.32	168
34.11	128
34.65	180
34.73	170
34.7	178
34.45	159
35.46	336
35.19	170
34.95	98
33.96	160
33.53	155
35.1	146
33.65	86
34.3	170
32.87	173
34.27	164
35.05	128
34.66	174
32.83	169
34.68	173
33.34	177
35.39	179
34.15	174
33.85	155
34.6	87
33.11	111
33.67	176
33.25	177
34.71	168
33.45	85
34.65	94
34.29	154
34.85	130
35.21	170
33.98	76
34.99	150
36.03	185
35.01	173
35.75	166
34.48	150
34.42	179
33.84	119
36.22	148
34.5	185
35.6	152
34.7	172
34.72	163
33.58	175
33.57	172
33.52	107
33.78	180
31.14	18
34.52	127
35.57	135
33.22	137
32.92	183
34.83	171
33.37	174
35.77	158
34.93	144
33	38
33.54	131
33.96	185
35.94	131
34.81	102
35.79	116
34.05	159
36.5	133
34.84	161
35.09	97
34.83	137
34.78	162
35.33	137
34.91	165
33.03	136
36.65	146
34.5	175
33.99	86
33.59	124
33.17	179
34.74	185
34.27	111
34.74	94
34.11	174
35.7	162
34.56	170
33.82	164
34.55	167
33.6	38
34.08	182
33.1	60
33.08	186
36.04	97
34.18	149
33.95	186
34.28	118
34.99	167
35.5	177
35.44	110
34.8	149
34.72	160
34.44	177
34.99	164
36.01	122
33.53	168
35.29	184
34.29	135
34.54	176
34.09	143
33.97	170
34.87	171
34.92	132
35.02	110
35.86	138
35.54	121
34.85	147
33.75	110
34.9	171
34.3	161
34.52	141
33.94	171
33.47	65
33.06	185
34.4	134
34.52	136
32.78	179
34.55	158
33.37	135
34.97	132
34.11	172
32.73	157
34.21	141
32.59	80
32.68	167
35.31	147
34.5	146
34.31	111
34.48	98
33.97	116
33.78	162
33.34	123
33.9	186
36.36	124
33.21	84
34.03	182
33.39	170
34.99	144
34.14	180
35.23	154
34.33	127
33.77	156
34.64	171
34.34	98
35.54	174
34.49	137
33.38	92
32.98	41
33.31	175
35.39	184
33.4	157
34.11	164
33.2	179
32.86	185
33.34	182
31.31	6
35.66	175
35.41	152
35.95	121
35.09	117
34.35	169
35.31	163
34.41	112
34.66	173
35.68	155
35.22	73
33.94	176
34.2	96
34.39	133
34.01	94
34.78	206
33.96	170
34.46	172
34.79	171
34.76	60
35.01	144
32.51	180
30.94	2
34.61	89
33.9	108
33.28	187
33.81	113
33.95	309
33.89	163
33.94	98
34.34	145
34.51	218
34.5	102
34.85	275
35.47	136
33.54	135
34.27	325
33.71	184
32.67	155
34.48	127
35.06	167
34.99	142
34.57	169
34.62	124
34.84	150
33.99	169
33.99	163
34.69	162
33.44	179
34.62	173
35.66	137
34.87	109
35.39	128
33.44	178
34.37	126
33.95	157
34.05	177
34.26	147
35.24	161
34	157
34.39	147
35.11	171
34.9	216
33.97	108
34.43	135
34.79	140
34.54	177
35.15	158
33.42	100
35.24	136
35.25	168
35.12	171
46.8	12
34.4	181
37.76	113
35.7	128
34.83	187
34.71	151
34.45	75
35.33	116
33.82	163
35.16	152
34.07	154
34.92	180
34.84	95
34.65	157
34.98	153
35	150
34.85	171
34.52	186
33.78	157
33.05	185
35.25	157
34.08	90
35.35	209
35.87	153
32.84	181
34.67	102
33.16	7
34.57	112
34.07	155
35.4	171
34.6	178
31.88	37
34.18	134
34.18	159
34.94	178
34.38	127
36.71	127
35.12	162
35.65	107
33.24	67
35.17	102
32.49	22
34.92	179
33.66	164
34.67	170
33.9	81
34.95	184
34.35	186
36.05	131
33.67	114
35.23	131
35.14	92
36.59	181
34.42	177
34.52	185
34.96	173
33.5	174
33.46	180
34.59	168
35.22	167
34.36	20
36.4	131
34.06	133
35.16	135
34.52	95
33.93	81
35.15	129
35.26	148
33.59	44
35.94	162
34.38	174
35.01	149
34.23	140
33.54	119
33.99	324
35.8	133
35.44	166
34.38	173
34.37	143
33.21	53
34.5	140
34.84	186
34.29	80
34.34	161
34	155
35.94	161
33.29	186
33.59	91
33.96	180
34.91	168
34.28	145
34.57	105
33.83	146
33.42	179
34.7	97
34.8	176
33.57	161
34.4	152
34.69	155
35.29	142
34.41	112
36.27	147
34.79	123
34.34	152
34.6	155
34.59	136
33.61	162
33.38	39
34.04	89
35.23	153
32.69	185
35.43	70
35.56	182
34.2	97
33.83	116
33.73	176
33.17	181
33.98	160
35.08	131
35.37	146
34.84	140
34.98	179
34.53	135
35.27	136
34.86	160
34.53	135
34.53	135
34.58	166
34.78	144
33.63	178
34.96	213
33.9	152
33.07	34
32.9	185
34.15	132
32.99	143
35.03	170
35.71	119
34.16	143
33.21	183
34.51	104
33.7	166
33.26	172
34.05	187
33.38	175
33.46	105
32.98	173
33.65	71
34.23	164
34.93	113
34.68	104
34.39	322
32.68	159
35.61	121
34.27	187
35.03	88
34.29	161
35.56	159
33.88	157
35.06	168
33.98	145
33.78	158
33.5	165
34.62	156
35.04	141
35.96	144
33.61	166
34.17	169
34.13	158
33.37	184
33.3	168
33.21	69
34.14	171
35.09	155
33.68	111
32.92	46
31.95	15
33.47	159
33.27	148
34.54	149
33.82	177
34.1	146
34.5	184
34.08	184
32.97	132
34.16	172
33.07	39
34.9	65
33.95	137
33.99	178
33.65	37
34.15	163
35.48	150
31.23	8
34.87	154
33.8	180
34.71	149
34.3	174
34.93	134
34.35	128
33.47	169
35.33	166
32.72	168
34.78	155
34.5	162
35.19	177
33.75	176
34.31	199
34.59	137
34.28	134
34.48	165
33.77	92
35.66	125
34.31	154
34.66	271
35.1	147
34.99	167
34.81	121
35.8	139
34.34	133
34.53	185
35.22	132
34.2	183
35.72	135
34.61	91
35.67	170
34.6	185
34.63	179
36.26	171
33.6	164
33.92	175
33.75	156
33.83	166
34.2	118
34.38	169
34.5	129
34.5	88
33.9	122
34.03	141
33.09	182
34.28	126
33.47	142
33.88	152
33.85	110
35.13	127
33.28	180
32.91	160
35.4	156
34.53	167
34.46	175
35.03	75
34.66	127
35.4	111
34.77	165
35.01	126
36.63	147
35.3	159
33.51	168
33.88	184
32.39	55
33.96	178
33.74	162
34.98	163
33.39	67
35.55	175
34.37	130
34.12	119
34.12	143
34.67	178
31.65	22
34.26	161
34.11	119
34.14	153
34.39	116
33.81	102
35.46	140
33.49	218
34.09	129
34.16	173
33.89	178
34.04	124
33.73	176
33.1	184
30.27	1
34.43	128
33.78	180
34.12	36
33.3	183
33.68	303
35.69	150
34.36	80
34.9	167
35.32	117
34.1	171
34.52	160
34.72	54
35.47	150
34.22	184
35.06	177
34.54	76
35.35	86
34.32	75
35.72	185
34.27	118
35.5	107
35.58	174
35.5	145
34.97	173
33.86	180
34.37	133
34.67	162
35.24	120
34.22	171
35.01	159
34.12	74
35.36	176
36.39	122
35.99	147
34.74	183
33.4	173
34.89	80
33.59	162
33.28	179
33.46	167
34.9	151
35.17	129
35.05	173
35.45	148
34.54	101
34.39	246
33.82	154
34.16	175
33.94	282
34.54	184
34.35	164
33.65	330
33.28	45
33.38	182
34.46	156
33.23	74
34.38	184
34.82	150
34.43	183
33.66	176
35.42	92
33.73	171
33.9	186
35.01	131
31.8	47
35.57	147
35.03	166
35.42	147
35.23	180
33.95	185
32.72	70
35.08	181
34.66	91
34.66	296
34.93	141
33.17	161
34.02	119
33.28	123
32.83	43
33.27	161
34.25	180
33.63	69
33.35	29
34.36	124
33.33	164
35.22	184
35.42	174
34.69	181
34.34	102
34.38	84
34.5	184
33.59	183
34.71	172
35.47	160
33.7	187
34.36	184
33.31	156
34.65	178
33.95	173
33.99	80
33.57	88
33.51	142
33.87	98
35.5	174
34.4	146
34.81	168
35.48	175
34.81	149
34.78	182
34.78	86
34.87	185
35	165
35.63	109
34.42	180
35.53	151
35.5	223
34.1	175
34.6	173
35.11	158
34.85	156
34.9	65
34.79	176
33.59	170
34.12	179
34.64	100
33.54	174
34.85	144
34.9	104
34.63	169
34.01	157
33.04	149
36.02	139
32.08	50
33.66	163
33.68	145
33.64	142
34.36	174
34.37	167
30.71	4
34.42	177
34.61	138
34.6	84
33.76	125
32.47	22
34.6	117
33.84	91
33.72	187
33.22	35
34.51	184
35.2	104
34.5	179
33.74	174
34.53	184
35.07	127
33.4	187
34.68	165
34.65	185
34.57	179
35.01	181
34.21	147
35.81	125
35.08	184
35.19	139
34.59	174
36.2	154
35.09	153
34.61	108
35.49	113
36.46	151
35.48	156
34.66	94
35.62	152
34.25	182
35.9	185
34.78	87
34.66	74
35.02	174
35.17	179
34.37	168
34.36	154
35.45	178
34.82	160
35.12	96
34.89	69
35.1	143
34.86	163
35.48	95
36.17	171
34.84	88
34.83	84
36.29	176
35.15	80
34.64	132
35.87	111
36.95	138
35.65	155
34.03	168
33.69	180
35.09	148
35.35	110
35.07	182
33.91	183
35.69	131
37.18	107
35.35	187
34.76	140
36.14	147
33.29	123
35.29	118
34.64	114
33.88	185
36.13	171
34.89	166
36.31	148
34.77	88
34.88	121
34.97	178
34.27	172
34.65	187
35.31	131
34.74	184
34.76	150
34.74	166
34.34	148
35.05	176
33.94	166
33.91	171
34.72	177
34.91	165
34.48	149
33.47	176
34.86	280
34.75	125
34.34	158
33.86	180
34.68	181
36.15	125
34.87	172
34.98	170
34.46	132
34.7	86
34.97	145
34.11	186
34.97	171
35.2	167
35.13	103
34.81	161
33.16	163
34.1	59
33.76	151
34.14	131
32.53	38
34.75	159
32.52	183
34.23	187
34.38	131
34.6	171
33.81	164
34.38	122
35.27	162
33.78	170
34.86	168
34.34	86
34.22	162
35.29	171
34.49	108
36.56	100
33.52	168
33.65	180
34.45	77
34.22	122
34.14	320
35.11	280
35.04	137
33.54	40
34.9	140
34.6	173
34.41	210
34.19	128
34.36	143
33.53	180
32.71	146
33.7	171
34.79	160
33.89	186
34.86	144
34.8	187
33.4	181
35.4	156
35.29	131
34.97	219
34.03	154
34.24	175
35.12	166
33.65	181
32.98	177
34.88	109
33.99	158
34.56	151
35.16	96
35.23	132
33.77	176
33.91	29
34.31	179
33.82	158
35.81	117
34.77	166
34.33	167
36.18	158
34.9	290
35.48	186
35.55	176
35.16	177
33.49	174
35.23	127
34.63	133
33.35	100
33.77	122
34.69	156
34.34	153
34.58	75
34.27	181
35.38	135
33.49	72
34.55	134
34.91	154
35.83	169
35.41	174
34.57	148
34.33	179
35.54	168
35.47	83
34.34	84
36.08	179
34.32	163
35.41	151
36.18	96
35.64	108
33.83	155
35.14	96
35.23	174
34.18	180
34.61	88
34.83	186
35.46	199
34.2	68
35.44	172
35.34	165
35.81	105
34.69	186
35.44	154
34.1	174
34.78	64
34.26	89
34.51	93
34.34	122
34.51	123
33.94	138
33.92	94
32.69	83
34.93	169
34.09	158
33.03	187
34.23	148
35.09	69
35.1	143
34.1	129
35.05	196
33.81	57
34.77	82
35.13	181
34.5	166
34.96	123
34.78	177
33.98	171
34.99	180
33.39	181
35.05	186
34.04	186
33.92	178
35	143
34.15	173
35.13	160
34.37	182
35.88	114
33.65	152
34.07	184
33.69	66
35.33	174
33.24	47
33.67	174
32.88	29
34.96	168
33.65	88
34.27	148
35.08	172
35.02	184
35.87	170
35.21	127
35.95	118
34.91	181
34.54	81
34.2	169
34.2	65
34.7	175
33.91	175
34.27	166
33.15	179
34.33	135
34.33	158
34.78	171
34.36	179
34.97	183
32.75	177
34.44	180
35.31	143
32.72	53
35.17	176
34.29	118
34.66	120
33.94	176
35.8	159
35.04	107
34.92	168
34.78	173
34.98	169
32.41	16
35.58	185
34.51	138
35.04	96
34.95	162
34.36	67
33.23	146
33.31	173
32.89	162
34.28	173
34.55	109
33.81	182
33.63	116
35.24	174
34.24	182
33.36	175
34.83	180
31.67	25
33.92	150
34.96	192
33.64	141
34.59	104
33.01	173
34.18	174
34.51	150
35.5	90
33.71	166
34.75	164
35.46	126
34.19	172
33.77	171
34.66	138
35.72	238
34.55	184
33.93	182
33.22	170
34.38	167
34.75	146
33.77	187
35.93	125
33.28	179
34.05	57
34.33	170
34.44	96
34.69	135
34.24	169
34.4	167
34.47	164
34.26	174
34.21	169
34.44	172
34.09	116
34.07	150
34.17	75
33.73	126
33	172
34.2	124
33.3	141
34.56	116
34.32	185
34.4	86
34.29	171
35.29	169
33.46	171
34.69	183
35.12	162
34.46	160
35.04	174
34.21	103
34.14	114
34.1	175
33.35	150
34.55	259
33.3	182
33.48	183
35.47	70
33.94	187
33.7	186
32.74	183
33.78	174
33.06	177
34.63	110
34.19	173
34.92	142
32.99	167
34.53	128
33.95	109
32.77	120
33.73	130
34.27	184
35.31	176
35.97	146
34.64	324
35.72	112
33.37	98
35.11	186
33.91	164
34.95	74
35.89	154
35.15	136
32.73	186
33.4	185
33.75	161
34.24	176
33.57	332
33.56	172
34.63	91
35.19	182
34.68	163
34.38	166
32.46	24
34.8	179
34.32	179
36.37	142
33.93	164
34.57	179
34.38	168
33.52	59
35.61	139
33.11	187
33.29	147
34.91	159
34.27	128
34.09	158
34.27	126
34.01	181
34.21	122
34.07	170
34.87	122
33.78	177
33.43	126
32.89	35
33.24	182
32.53	172
33.8	168
33.75	59
34.28	120
35.16	126
34.07	179
34.07	127
33.8	171
33.61	119
35.5	109
34.9	158
32.82	59
34.93	135
33.74	166
33.79	168
36.51	85
35.34	175
35.16	166
36.18	119
34.85	128
34.19	167
35.24	112
33.77	173
33.68	171
34.54	158
34.07	176
34.22	114
34.41	116
34.49	176
34.59	159
34.31	181
35.07	171
33.48	182
34.45	166
35.02	169
35.25	123
34.31	175
34.62	182
34.26	144
35.04	130
35.06	162
34.12	167
33.96	144
34.5	149
34.2	161
35.46	195
34.27	130
32.81	154
34.33	177
33.97	127
34.85	83
33.05	182
33.47	175
35.77	127
34.69	123
32.74	175
35.49	112
35.24	161
33.45	182
34.78	178
34.38	161
33.83	169
34.05	129
36.48	116
35.63	116
34.58	143
34.33	91
33.52	142
33.33	55
33.78	154
33.94	167
34.24	127
33.59	43
33.6	82
33.04	176
34.03	182
34.52	166
34.26	148
34	177
33.2	50
33.95	187
34.98	103
33.41	173
34.64	139
35.73	149
35.56	156
34.17	114
34.55	128
34.06	171
35.22	175
35.33	175
34.51	186
32.16	114
34.15	143
34.72	118
33	42
35.81	128
33.49	184
34.52	144
34.71	115
34.03	161
35.37	113
34.97	146
34.23	183
33.65	155
34.42	269
33.25	114
35.32	161
34	178
33.05	124
32.94	31
34.78	170
34.46	130
34.32	162
33.66	130
33.92	168
32.63	179
33.81	151
34.23	122
34.14	302
33.69	174
34.84	164
34.85	168
33.06	174
34.27	156
34.16	174
34.27	172
34.22	118
44.62	22
33.95	168
33.29	172
34.29	183
35.59	67
35.3	162
35.86	142
34.65	133
34.7	135
33.78	108
33.98	130
33.46	325
34.6	169
34.48	60
34.25	143
35.78	160
34.99	149
33.35	132
34.75	115
34.28	174
34.6	153
34.77	296
35.32	110
34.87	263
34.8	150
34.88	182
34.74	173
34.93	183
34.73	170
33.78	164
35.1	95
34.68	180
35.26	161
33.99	175
35.22	111
33.78	185
33.77	142
33.98	102
34.18	176
34.67	173
34.02	159
35.31	148
34.97	149
35.72	123
34.7	133
34.82	123
35.98	181
35.11	181
35.09	101
35.44	160
33.95	184
33.66	187
34.18	92
34.39	268
32.87	160
34.45	124
34.22	149
33.43	165
34.03	182
34.03	182
35.09	182
33.43	147
31.47	24
33.61	182
34.53	161
34.44	162
33.9	182
34.06	182
34.74	167
34.95	227
33.53	170
33.91	129
33.47	91
34	139
34.07	168
35.52	182
34.76	111
34.98	124
34.88	247
34.59	129
33.09	117
35.26	100
33.03	35
35.45	166
35.14	122
33.73	140
33.93	126
33.27	184
34.5	284
34.47	164
32.49	21
34.66	187
34.21	181
34.18	155
34.27	167
33.24	172
34.03	140
34.23	88
34.79	131
36.33	122
35	173
32.76	182
33.79	164
33.85	140
34.37	137
35.22	81
34.23	149
34.12	104
34.8	133
34.35	167
33.97	183
35.06	155
34.6	178
34.26	70
34.19	169
35.69	117
34.87	168
35.38	136
33.81	183
34.32	135
35.16	183
34.17	185
35.13	132
35.52	155
32.88	169
33.77	69
34.1	180
34.78	144
35.39	199
33.94	187
34.23	42
33.24	169
34.28	133
34.37	255
35.48	137
33.98	181
34.4	163
35.15	108
34.96	90
33.74	113
35.85	97
32.77	59
34.59	166
35.43	136
34.77	111
33.86	99
34.68	172
34.06	109
34.04	179
34.67	185
35.27	159
34.48	174
33.83	182
33.49	165
33.61	74
36.32	151
34.59	167
33.63	183
33.77	41
34.49	179
34.37	69
34.27	154
34.62	254
35	141
33.98	129
33.42	183
34.64	186
33.37	167
33.66	94
34.4	40
32.27	172
34.81	129
33.8	167
33.89	180
34.3	169
34.75	158
34.99	155
34.73	201
34.16	142
35.6	216
35.63	174
35.74	135
35.02	93
35.29	135
35.4	137
34.19	64
34.95	179
34.57	66
34.12	184
34.83	152
34.8	151
35.12	94
34.61	175
34.86	178
34.03	159
34.75	156
36.15	134
35.68	88
34.05	155
33.52	42
33.54	181
34.36	166
34.53	182
34.2	119
34.5	165
35.88	84
33.84	113
33.65	185
33.77	40
33.75	123
33.66	141
35.46	87
33.45	89
34.05	155
34.48	138
33.31	176
33.67	113
32.97	180
33.72	125
33.76	152
31.98	28
34.72	141
34.69	170
35.03	136
33.34	182
35	161
33.32	252
32.29	25
33.16	179
35.31	134
33.54	172
34.61	138
33.88	185
34.71	124
33.81	182
33.91	187
34.15	119
33.57	168
34.3	171
34.44	95
35.21	142
34.93	217
34.51	134
33.32	87
34.75	123
33.48	180
35.59	162
33.82	182
34.47	92
33.9	70
34.92	130
34.26	185
34.69	169
34.51	74
33.3	178
33.82	106
33.51	152
34.45	132
33.7	81
32.29	135
33.71	182
34.85	165
33.05	80
34.48	141
33.91	85
34.21	107
34.07	129
34.49	85
34.22	159
32.29	54
34.53	89
34.81	172
34.41	187
34.95	160
33.82	135
34.74	111
35.02	177
34.16	238
34.98	165
32.97	161
34.04	276
35.06	159
34.6	170
35.27	140
34.51	136
34.15	167
35.03	119
35.03	122
34.54	155
33.56	173
35.04	172
35.07	152
35.62	146
35.72	142
34.07	168
35.59	144
34.92	68
33.97	157
35.45	133
35.58	114
34.39	181
34.73	156
33.96	173
34.26	152
34.25	147
35.47	99
34.04	100
35.27	161
34.36	182
35.74	86
34.27	150
33.95	173
33.59	93
36.15	160
34.9	147
34.01	96
32.55	12
34.73	159
100	0
35.55	108
34.5	121
35.54	170
34.13	183
34.82	173
34.3	164
34.88	119
36.02	169
34.75	172
34.1	182
33.97	109
34.06	88
34.86	175
34.32	174
32.44	41
34.87	182
33.86	156
35.01	110
34.5	128
34.02	184
33.18	176
34.03	71
34.29	126
34.04	96
35.85	155
34.1	94
33.02	184
34.42	162
35.44	172
35.48	101
35.57	163
35.27	174
33.99	170
35.36	50
34.28	134
36	94
35.15	128
33.42	51
34.9	161
33.44	180
33.21	243
33.51	170
33.2	151
34.58	175
33.45	97
34.2	140
34.42	131
33.68	184
34.77	163
35.39	154
35.39	74
33.95	155
35.98	143
34.66	241
33	135
35.14	119
34.07	181
34.67	118
33.51	174
33.06	176
34.45	113
34.88	86
34.11	79
34.51	179
34.2	173
33.73	173
33.01	114
36.39	118
33.8	130
33.66	88
32.53	28
34.98	153
33.27	172
34.45	184
34.25	210
34.56	183
33.92	174
33.76	95
34.33	118
35.27	158
35.21	168
33.81	161
34.51	178
33.8	176
34.51	174
34.38	156
34.09	172
33.56	74
33.54	151
35	161
33.84	71
35.56	122
34.08	171
35.43	127
33.53	165
34.79	111
35.6	121
33.44	177
33.18	34
33.79	153
36.04	164
34.78	173
34.16	203
34.1	152
33.6	165
33.9	276
34.22	156
33.8	156
34.5	58
33.7	167
33.89	169
33.95	179
34.24	144
33.58	136
34.31	107
33.5	134
34.07	184
34.65	119
32.22	36
33.13	176
35.61	166
34.23	101
33.74	144
33.54	184
34.77	122
34.39	34
35.06	163
34.33	186
33.6	184
35.5	257
34.84	76
35.02	181
34.11	99
34.02	164
34.55	172
34.46	91
35.95	132
34.48	187
34.68	171
32.84	36
34.54	175
34.71	94
34.77	154
35.23	177
33.63	129
34.79	185
33.81	143
32.87	165
34.14	143
34.26	157
33.84	167
35.02	151
34.63	76
34.21	87
35.08	167
34.4	154
33.21	21
34.04	329
33.92	173
34.44	105
32.87	176
34.03	79
34.94	113
34.77	90
33.39	175
35.15	121
34.41	179
32.84	177
33.55	170
34.09	187
34.58	147
34	172
33.87	177
34.67	150
33.77	223
33.78	103
33.35	159
34.06	323
33.8	146
33.1	175
33.83	85
34.14	118
34.79	123
34.08	166
34.18	158
33.13	182
34.4	131
33	114
34.14	184
34.44	105
32.87	176
34.15	79
33.39	175
33.83	173
33.18	114
34.2	173
34.23	179
33.49	174
33.15	177
35.67	143
34.38	114
33.31	62
34.03	179
34.67	187
34.79	162
33.79	178
34.19	182
34.7	197
34.97	243
35.21	175
35.19	173
33.19	171
34.97	137
34.58	95
34.62	161
33.98	179
34.58	129
33.45	184
34.98	180
34.83	137
35.55	92
35.61	174
34	146
34.45	222
34.23	183
35.09	164
34.73	166
35.06	133
34.67	183
34.98	102
34.27	176
34.5	53
35.97	152
36.21	170
35.12	154
34.59	175
34.99	183
34.61	132
34.92	86
34.2	172
34.81	217
32.92	184
34.63	135
33.5	144
33.55	168
34.29	174
31.52	16
33.97	235
34.22	167
34.41	178
35.27	130
33.79	179
34.33	141
34.72	183
34.51	131
33.61	147
34.6	177
36.2	122
35.17	114
34.5	104
34.8	134
34.11	69
34.66	86
35.82	160
34.75	123
34.45	121
34.53	187
34.09	158
34.5	157
34.33	179
34.6	234
35.09	140
31.46	5
35.64	97
34.12	125
35.54	146
34.28	143
35.44	135
33.39	169
34.05	143
33.43	137
33.97	159
31.23	10
35.25	105
34.2	101
33.45	128
35.47	177
33.33	88
34.11	185
35.02	170
34.77	182
35.41	103
34.95	112
33.78	171
33.37	160
34.86	154
35.26	137
35.23	146
35.15	99
34.27	167
35.37	169
34.49	173
34.58	90
34.13	143
35.3	166
34.83	184
35.12	162
33.81	173
35.37	138
34.54	165
34.54	101
33.13	170
34.96	149
34.76	106
33.95	165
34.91	103
33.93	172
34.86	153
33.07	186
34	92
33.4	183
34.54	181
34.65	106
34.47	187
34.09	178
34.41	151
37.83	21
34.18	80
33.97	178
34.79	103
34.49	184
35.36	168
35.25	175
34.45	177
34.22	52
34.63	167
34.54	146
35.6	141
34.91	134
34.6	139
35.69	140
33.62	176
35.76	152
33.8	176
36.41	87
34.46	180
34.62	149
34.47	54
33.66	156
35.86	146
34.38	186
33.96	170
33.57	179
34.12	131
34.68	170
35.31	174
33.88	156
33.75	140
34.68	116
34.99	160
35.54	136
34.74	184
36.29	118
34.28	41
34.61	155
34.91	132
35.07	93
35.75	105
35.55	172
34.19	145
34.21	178
34.59	164
34.46	170
34.06	72
34.85	245
33.9	174
34.14	163
33.75	167
33.44	177
33.56	166
34.66	155
34.02	150
35.09	71
34.02	150
34.29	178
34.02	150
34.71	169
34.02	150
34.01	181
34.13	175
35.52	139
34.47	169
35.39	111
34.96	145
33.97	147
34.73	123
33.77	186
34.64	133
34.98	180
34.41	169
33.98	139
32.99	185
33.57	144
32.59	116
33.54	167
34.69	170
33.66	173
34.64	142
34.15	187
35.2	99
33.77	113
35.03	178
34.84	170
34.42	162
36.88	87
33.89	172
33.69	184
33.75	174
35.86	112
34.86	127
34.89	164
34.24	152
35.18	175
34.9	153
33.22	186
34.62	164
34.6	180
33.4	162
34.94	101
35.52	174
35.65	180
34.48	254
34.26	181
35.22	175
34.15	114
35.39	155
35.23	147
34.08	154
35.57	127
33.69	149
34.47	84
33.82	333
34.47	156
34.6	176
34.4	177
34.29	171
34.56	171
35.03	150
36.52	125
33.95	151
35.04	180
34.14	151
32.54	82
34.67	162
34.16	167
35.59	145
34.22	176
32.57	151
34.37	172
35.31	158
35.12	130
34.9	170
33.99	185
34.8	132
34.99	126
33.73	283
34.3	183
34.72	151
35.93	133
35.27	209
33.92	180
34.28	153
34.67	179
35.64	150
33.29	127
33.56	182
33.45	159
33.17	94
33.81	151
33.09	41
33.8	142
34.25	164
33.37	142
33.82	142
34.68	75
33.93	130
34.66	121
33.78	74
33.35	117
33.9	163
34.88	179
34.18	127
33.8	178
34.04	98
32.56	158
32.1	74
34.13	170
33.3	333
34.77	139
34.85	151
34.33	159
35.06	139
33.74	165
34.72	179
35.24	173
35.14	175
35.77	168
34.22	175
34.38	176
34.72	172
34.44	167
33.9	138
34.06	179
32.89	98
33.96	187
35.43	87
32.01	32
35.05	159
33.68	67
33.63	162
34.57	128
33.19	182
33.58	97
32.66	80
34.67	132
34.23	142
33.17	182
33.53	90
32.73	162
34.71	187
34.59	150
34.72	140
34.98	209
33.04	80
33.1	157
34.18	140
33.81	178
33.11	137
34.52	172
36.06	62
34.66	166
34.98	180
34.45	170
35.21	172
31.83	12
33.38	178
31.26	12
35.47	154
34.44	155
33.83	170
34.02	112
33.94	171
34.43	100
34.32	108
34.43	167
34.28	174
34.51	136
33.69	184
34.06	174
33.72	178
33.05	186
32.65	182
35.69	175
33.24	40
35.92	137
34.34	182
35.29	128
34.64	160
33.95	153
34.53	173
34.38	123
34.38	154
34.92	245
35.1	128
34.08	87
34.97	88
31.53	19
34.14	173
34.94	89
33.92	160
34.01	176
34.1	97
34.67	144
34.08	235
34.18	173
32.71	39
33.07	184
34.39	95
34.63	154
33.52	186
33.5	152
34.33	78
33.92	182
33.86	173
34.2	80
34.08	178
34.37	156
35.03	111
34.07	171
32.73	178
34.18	154
34.95	299
33.72	149
34.47	184
34.33	171
35.33	129
35.31	90
34.04	160
32.32	54
33.95	125
35.18	87
34.11	167
34.79	140
35.02	161
33.63	180
34.08	142
34.33	91
34.61	112
34.3	158
33.85	102
34.42	100
34.31	113
35.07	77
33.66	177
33.53	182
34.31	113
35.07	170
33.96	139
34.81	160
33.5	164
35.13	181
35.84	94
35.16	107
33.87	164
34.7	174
33.99	139
34.22	163
33.86	176
35.42	139
34.95	174
33.03	185
33.58	183
31.22	27
34.6	132
33.95	122
32.57	186
33.31	135
34.72	132
33.14	154
34.56	165
34.32	163
34.06	180
34.91	162
33.98	126
32.32	179
34.33	177
33.37	182
34.7	298
35.06	98
33.98	172
35.12	180
34.55	102
35.07	331
33.97	177
34.9	115
35.14	154
34.48	161
34.5	160
33.45	187
35.03	105
33.97	251
34.46	113
33.67	175
33.85	130
33.87	143
34.21	186
34.45	179
34	79
33.74	174
35.52	98
33.74	185
33.29	171
34.99	176
34.64	88
33.45	38
33.9	126
34.2	179
35.22	164
35.61	152
36.01	142
34.76	165
33.61	150
34.2	175
33.56	184
36.12	150
35.96	135
34.52	184
35.63	127
34.38	178
33.7	114
34.86	109
34.67	128
32.28	26
35.04	130
33.72	63
33.91	181
33.42	165
35.14	143
33.99	176
35.4	175
34.53	187
35.32	186
34.27	150
34.07	162
33.98	81
34.88	166
34.55	171
34.84	155
34.84	184
35.53	85
33.76	123
33.18	163
34.26	167
35.15	143
33.27	161
34.81	180
33.93	152
34.33	140
32.93	174
33.44	39
35.78	178
34.11	166
33.45	187
31.72	32
34.71	173
33.94	187
33.73	186
31.87	40
33.52	255
35.38	136
35.31	136
33.68	187
33.46	171
34.64	171
33.28	187
34.51	206
34.1	169
33.55	155
35.04	112
33.4	177
33.47	134
33.02	69
35.16	137
36.72	109
35.24	86
35.42	122
34.24	160
33.55	80
35.24	114
34.08	240
35.3	159
32.66	175
33.98	43
34.01	184
33.57	179
35.04	167
31.32	20
34.94	164
34.36	163
35	161
34.22	185
35.15	185
34.99	166
35.2	141
35.51	140
35.13	184
33.05	176
34.72	61
36.49	142
34.47	232
34.56	113
34.69	175
33.78	174
33.69	64
35.63	117
34.03	165
33.08	34
34.54	154
34.52	59
33.86	136
33	50
34.78	108
34.34	126
34.22	171
34.61	58
32.75	36
35.15	142
35.67	157
33.7	174
35.03	136
34.66	156
34.45	116
33.4	179
34.91	180
32.72	147
34.86	95
34.38	177
34.83	166
34.33	153
34.63	141
34.03	181
35.26	173
34.5	180
35.31	83
35.14	162
34.3	312
35.12	125
33.93	168
34.03	179
32.09	29
34.31	187
34.01	170
33.5	176
34.39	80
33.62	167
33.33	181
34.27	154
34.64	132
33.55	183
33.15	187
34.51	145
33.55	181
34.16	126
34.79	111
34.02	78
31.8	31
34.84	134
35.27	108
34.12	155
33.83	104
34.82	180
32.63	166
33.21	170
33.31	108
34.81	165
34.7	89
34.03	136
34.11	168
34.33	143
33.34	184
35.57	153
34.81	172
35.2	179
34.29	131
34.19	120
35.31	159
33.86	171
34.95	84
34.67	158
33.39	176
33.98	79
34.03	73
33.89	140
34.41	149
33.84	186
34.27	187
34.63	165
34.52	171
34.49	162
35.91	135
35.09	164
35.73	151
35.07	91
32.84	10
35.48	148
34.6	158
35.01	115
32.49	14
35.37	126
35.15	144
34.95	123
35.1	32
34.71	161
34.44	178
33.97	166
35.45	116
34.51	155
34.63	166
33.62	179
34.24	191
33.43	182
31.58	35
33.05	38
33.71	162
34.36	137
34.39	139
33.87	179
32.02	18
33.56	32
34.93	175
33.97	113
32.73	24
34.85	117
33.56	174
33.35	41
33.57	174
33.87	157
34.42	132
34.15	103
33.68	155
33.75	184
35.91	161
34.49	276
34.62	161
35.16	102
34.48	116
34.19	132
33.6	54
34.1	176
31.94	46
34.2	126
34.31	104
34.46	102
32.72	47
34.58	185
35.11	129
33.9	140
34.96	160
34.66	188
35.16	116
33.73	174
33.72	152
34.61	179
34.39	127
35.19	72
33.94	179
34.19	134
35.16	164
34.48	131
35.7	179
34.8	170
34.8	153
36.1	108
34.6	110
34.85	204
33.69	89
35.74	148
34.64	234
34.99	172
33.92	112
33.54	148
34.13	162
34.41	157
34.5	126
34.03	174
33.84	88
34.06	127
32.46	31
34.72	181
35.21	187
35.41	166
36.27	145
34.54	131
34.45	176
34.61	164
34.2	183
33.51	92
35.53	142
35.07	145
34.76	86
35.3	121
34.6	132
34.3	138
33.76	155
33.04	183
31.25	14
34.51	140
34.62	268
33.71	171
34.49	169
33.62	77
33.9	184
34.23	48
33.72	169
34.54	164
34.64	143
33.29	158
34.14	88
35.09	44
34.35	122
34.53	168
35.92	110
34.45	157
33.05	174
33.89	148
33.55	174
34.33	162
34.68	128
35.43	167
35.37	100
34.24	161
33.56	72
34.31	149
34.68	144
35.05	116
33.45	180
34.53	175
34.58	95
34.06	187
34.1	166
35.01	114
34.64	175
34.01	73
35.54	144
34.44	169
34.82	122
34.82	183
33.75	103
34.64	139
34.1	169
34.46	182
34.95	102
34.48	149
35.48	158
35.88	91
36.11	123
34.98	170
35	151
33.91	185
34.69	146
34.29	124
33.82	167
34.73	162
35.16	85
35.22	196
33.77	155
34.88	130
34.04	180
35.65	137
34.51	68
35.48	254
33.9	158
35.04	173
35.45	121
32.56	33
34.94	128
34.65	128
33.02	176
34.97	167
33.79	181
33.09	179
34.7	58
35.95	159
34.24	172
33.31	183
35.34	139
33.86	157
34.14	166
34.42	177
34.13	171
33.57	148
35.59	139
33.99	145
35.33	115
33.74	185
34.87	185
34.87	135
33.65	187
33.59	172
34.36	123
33.23	141
34.01	138
34.06	250
33.19	183
33.75	186
33.89	169
34.05	178
33.37	182
35.76	132
34.6	184
33.81	187
33.94	162
33.92	170
34.42	185
33.82	115
33.68	81
33.88	157
35.75	181
35	180
34.75	172
34.09	182
34.85	161
34.12	185
34.61	156
35.54	160
35.35	71
35.43	134
35.5	184
35.66	106
34.83	157
34.93	165
34.36	74
34.36	157
34.59	176
33.84	144
34.85	150
35.29	168
34.27	177
33.36	173
35.41	109
33.95	187
33.3	176
33.63	176
33.43	187
34.81	105
34.81	168
33.95	167
34.09	135
33.35	165
34.57	251
34.03	187
32.9	144
34.49	187
34.55	89
34.21	111
34.09	174
33.45	184
35.36	182
33.9	164
35.11	166
33.95	184
35.25	134
33.18	181
34.84	132
34.62	128
34.72	161
36.06	241
34.99	112
34.43	93
34.47	186
34.36	117
34.66	182
34.91	129
34.69	126
33.2	187
34.87	168
34.91	161
34.74	55
35.03	172
31.54	185
34.08	170
34.43	99
34.39	140
32.78	57
34.54	140
33.29	122
33.37	164
34.33	160
33.42	134
35.3	141
34.02	145
33.57	181
34.42	174
34.93	156
32.92	72
34.1	169
32.1	29
34.15	101
35.45	153
34.84	81
34.81	172
34.32	215
34.84	205
33.43	88
33.75	187
33.66	83
34.74	180
33.34	127
34.3	330
34.14	172
34.6	133
33.96	173
36.28	146
34.25	153
35.56	157
33.07	140
34.17	169
33.88	160
33.27	174
33.1	159
34	223
34.1	160
34.74	142
32.78	182
34.71	160
34.94	242
33.85	152
34.09	177
33.66	73
33.62	163
34.57	67
34.84	160
33.71	175
34.2	164
34.9	150
34.96	151
34.51	166
34.04	164
33.99	160
34.72	181
34	145
35.84	158
34.06	160
34.18	117
33.45	154
33.7	148
34.78	172
35.03	168
33.64	186
34.8	170
34.26	157
35.29	175
34.44	122
34.24	148
34.18	170
34.89	179
35.88	124
36.01	148
38.19	74
34.67	165
36.59	103
34.39	168
34.64	80
33.98	173
33.91	163
34.48	69
35.44	167
33.77	165
34.09	159
35.3	129
35.43	159
33.63	186
34.97	123
35.05	187
34.4	150
33.6	173
35.05	137
34.11	169
35.1	156
33.74	182
34.98	171
33.92	146
34.72	165
35.05	182
34.41	83
34.26	166
34.65	145
35.52	179
34.42	179
34.62	95
33.72	122
35.5	126
34	301
34.04	179
34.22	146
34.04	52
34.51	236
33.89	109
33.39	172
35.12	168
35.36	174
34.65	155
33.66	179
33.79	116
33.16	182
34.54	168
32.38	170
33.87	184
34.32	116
33.04	138
33.57	118
33.49	154
32.97	155
34.35	235
32.82	182
35.17	173
34.47	99
33.24	108
33.28	182
33.82	128
34.28	109
34.57	117
34.85	148
33.09	167
34.95	112
33.69	65
34	136
33.91	183
34.42	122
35.52	229
33.76	153
35.64	181
35	70
34.29	162
35.08	111
34.31	164
35.58	108
34.52	169
35.27	154
35.38	67
33.68	56
35.26	124
33.86	143
35.83	94
33.64	118
34.25	64
34.06	179
34.21	169
34.88	98
35.02	151
34.41	186
33.31	168
34.62	174
34.68	125
34.92	159
33.53	186
35.14	145
37.25	148
35.16	160
33.6	128
34.97	118
34.91	171
34.89	136
33.53	119
33.44	181
34.99	110
33.84	176
35.14	150
34.04	184
35.07	176
34.78	141
34.86	154
33.99	158
34.15	128
34.59	120
33.88	149
34.67	158
33.77	157
34.63	92
33.67	158
33.32	178
33.9	82
34.28	98
35.12	174
33.89	163
33.55	176
33.28	173
32.25	31
34.1	176
33.98	123
35.28	144
35.98	168
34.24	78
35.99	102
34.02	181
34.11	77
35.44	76
33.18	168
32.06	168
35.01	151
34.45	167
34.39	122
35.11	151
35.4	122
35.12	158
33.89	182
34.23	181
33.52	185
33.94	164
35.07	158
34.13	133
33.84	182
34.14	140
33.73	285
33.9	82
33.85	168
33.72	178
34.63	113
34.07	166
33.44	94
34.36	120
34.38	166
35.07	147
33.46	186
34.15	182
33.5	169
33.61	180
34.35	137
35.13	174
34.08	178
34.26	129
34.03	148
33.99	102
34.33	166
34.28	176
33.57	179
34.64	169
35.14	142
35.59	151
34.99	169
34.09	67
32.88	163
35.96	126
34.13	228
34.17	178
34.22	140
32.89	185
32.95	173
35.41	173
34.99	173
34.25	154
34.11	187
34.78	165
34.09	150
33.74	170
33.88	184
33.71	181
32.67	181
33.8	155
35	149
33.17	151
34.97	111
35.92	172
34.28	178
35.46	179
34.19	187
34.57	123
35.74	131
34.85	183
35.31	97
34.43	138
34.81	61
35.05	185
35.64	171
34.77	144
35.25	93
34.95	173
34.19	182
34.72	169
34.99	149
34.12	182
33.09	159
34.32	143
34.2	131
35.58	147
33.82	114
34.39	132
34.63	152
33.24	186
34.52	160
34.67	126
34.76	174
33.48	141
34.11	176
33.73	186
34.27	86
33.34	176
32.7	180
34.48	132
33.87	182
36.68	136
34.22	155
34.77	163
34.83	97
35.22	135
34.83	149
35.38	170
35.91	122
34.43	149
34.36	99
33.82	101
34.69	142
34.75	123
35.18	140
34.83	121
36.72	145
35.02	145
33.6	187
33.82	139
33.85	186
33.17	187
34.4	151
34.94	152
34.73	170
32.6	175
34.08	110
33.77	185
34.68	125
34.61	172
33.81	80
32.75	41
35.32	152
33.64	163
34.64	168
34.9	122
34.02	162
33.98	124
34.9	138
34.86	164
34.24	132
35.07	132
34.62	154
34.69	110
34.59	169
33.64	172
35.05	63
34.12	178
35.17	118
33.44	136
31.86	38
33.45	132
34.23	187
33.5	125
33.05	164
34.39	158
33.94	171
35.16	136
35	174
34.25	73
34.66	153
35.69	160
34.4	151
33.58	151
34.8	179
34.82	109
33.28	186
33.9	147
33.41	58
34.45	185
35.15	114
32.82	165
34.47	134
33.71	87
33.13	130
33.41	136
33.22	136
33.86	165
32.52	167
33.24	130
34.16	136
34.52	86
36.26	152
32.98	184
33.81	178
33.62	180
34.5	144
35.02	136
33.47	179
34.21	150
35.02	220
33.02	140
33.72	187
33.5	115
33.93	95
33.16	175
34	92
35.71	136
34.61	77
33.48	56
35.5	150
33.27	198
33.21	175
33.62	190
34.42	195
33.64	203
34.01	64
34.9	181
33.96	124
33.47	203
32.85	135
34.51	151
32.29	190
35.02	129
33.21	204
32.29	169
32.98	207
34.68	125
32.99	197
33.27	201
33.9	179
33.21	210
33.02	199
34.14	117
34.5	185
32.82	180
34.79	125
33.03	129
33.65	193
33.4	196
34.18	184
33.23	210
34.77	128
34.45	200
34.52	123
33.68	192
33.64	195
34.39	182
33.4	183
33.35	182
34.14	116
33.25	191
31.89	207
32.34	205
33.5	112
34.4	93
33.93	178
32.68	112
33.24	208
34.29	173
34.51	149
33.65	181
34.4	120
33.37	201
33.64	180
33.4	159
34.68	163
33.37	196
33.4	196
32.78	197
33.06	197
33.72	208
34.37	86
33.85	193
33.82	166
33.19	193
33.36	163
33.44	157
33.65	201
33.39	178
34.26	207
35.27	136
34.58	205
33.6	175
34.81	87
35.09	181
33.43	201
34.53	171
33.83	211
33.64	192
34.65	103
32.27	198
34.26	149
35.65	153
32.36	211
36.06	124
33.6	172
33.29	184
34.69	167
34.68	109
34.86	185
33.95	194
32.61	204
32.51	205
34.11	206
33.4	347
34.99	204
33.79	182
32.82	207
35.22	124
34.75	60
33.32	198
34.02	188
34.34	172
33.72	172
34.41	169
33.27	180
32.6	192
33.41	181
34.15	189
33.45	193
33.36	200
34.41	182
33.13	194
32.21	201
33.84	204
33.88	172
34.02	197
33.61	207
33.07	194
34.97	148
33.09	181
33.3	160
34.51	178
34.63	120
34.04	199
33.93	177
33.35	208
33.41	181
33.55	72
33.55	177
33.53	171
33.39	181
31.82	201
33.99	206
32.73	186
33.24	202
33.95	181
33.82	196
33.24	207
33.92	203
33.81	207
33.94	182
33.26	207
33.98	174
32.33	29
32.9	201
32.97	205
33.77	94
34.08	171
33.9	169
34.52	181
34.34	196
33.9	150
33.8	203
33.95	164
34.92	200
34.14	210
32.74	185
33.97	178
33.89	202
34.67	156
33.79	197
35.05	139
34.13	165
34.74	145
35.12	107
33.64	96
34.13	210
36.35	126
34.11	160
33.89	181
33.72	185
34.03	276
33.32	169
34.89	176
33.49	207
34.3	168
35.81	160
36	88
34.09	127
33.34	208
34.41	193
34.19	204
33.67	154
33.99	99
33.51	165
35.38	148
34.13	208
34.22	53
34.14	324
34.2	99
34.12	146
34.52	81
33.87	208
33.8	211
33.85	178
33.29	404
33.98	173
34.52	171
33.27	254
33.92	173
33.7	65
34.51	131
34.38	132
33.18	176
32.6	207
33.22	151
32.96	132
33.44	357
34.58	181
33.28	149
34.07	152
35.81	124
31.1	20
33.44	141
33.08	201
31.94	210
33.87	204
33.57	201
34.46	162
33.61	180
33.49	206
33.04	210
34.04	198
32.74	153
34.8	207
34.43	142
33.67	183
33.77	183
34.88	107
34.44	153
34.65	104
34.07	200
34.53	284
34.05	98
32.8	204
33.77	163
33.6	171
33.99	129
34.48	149
35.85	160
33.93	163
32.39	202
34.56	204
34.07	148
34.48	148
34.05	131
33.22	180
33.22	180
33.16	208
33.69	176
35.3	124
32.42	59
35.78	193
34.27	130
32.22	206
33.53	208
33.67	190
34.95	153
35.39	170
34.53	150
34.43	164
32.98	202
35.3	101
33.14	205
34.19	191
34.04	167
34.04	168
32.67	184
