sim	len_diff
32.26	131
33.09	133
33.1	104
34.46	118
34.42	79
36.24	89
34.88	123
34.51	119
33.97	266
32.59	127
33.71	96
33.54	126
33.23	226
33.92	133
35.33	127
34.27	141
34.31	114
33.61	108
34.5	225
33.29	70
35.11	53
33.83	103
33.17	46
33.92	118
32.84	83
35.7	161
34.15	117
33.99	185
34.15	114
31.91	130
33.11	103
33.62	130
35.04	135
33.56	63
33.66	63
33.16	129
34.21	77
33.67	97
33.11	103
33.11	103
33.92	107
32.27	112
32.41	42
34.11	44
34.8	72
32.9	139
34.41	111
34.85	110
33.95	107
32.23	127
33.11	102
34.81	127
33.66	215
32.1	82
32.79	66
34.45	76
33.1	123
33.54	101
33.11	89
34.2	93
33.36	124
33.49	117
32.89	116
33.35	131
33.61	124
33.83	81
33.83	81
33.27	183
33.84	175
33.5	184
35.35	106
33.98	88
31.85	105
33.91	93
33.91	93
32.73	131
32.06	127
32.76	107
34.5	101
32.05	88
33.64	100
35.33	127
32.46	131
33.77	74
33.71	99
33.17	133
33	106
33.09	125
32.72	126
33.18	114
34	74
32.84	120
35.48	49
33.93	117
31.11	133
35.64	70
33.41	126
32.32	130
34.87	63
33.02	14
35.01	129
34.1	248
32.35	132
34.5	115
34.27	91
32.83	133
34.35	103
33.78	129
35.58	87
33.05	123
34.02	108
35.13	102
34.35	75
33.34	69
36.18	93
37.14	96
33.76	80
32.98	132
33.42	106
34.43	56
33.61	116
33.52	83
33.67	101
32.62	98
34.03	103
32.96	117
35.87	79
34.14	44
34.64	102
33.04	99
33.31	103
33.02	106
33.32	105
33.34	124
33.2	126
33.34	103
33.16	103
33.16	103
33.16	103
33.26	257
33.16	103
33.16	103
34.44	59
33.31	103
34.49	106
33.31	103
32.86	241
34.05	106
33.49	121
33.96	110
33.31	103
32.8	85
33.96	89
33.49	85
34.34	84
33.31	103
32.98	66
36.54	52
31.32	123
33.55	106
31.83	129
33.81	117
33.25	129
34.04	90
33.07	131
33.52	79
33.71	99
34.55	129
33.07	100
31.92	114
32.25	131
33.41	113
33.53	103
33.46	124
33.09	105
33.31	103
33.29	103
33.29	103
33.29	103
32.53	123
34.96	72
32.89	122
31.73	91
32.45	118
34.78	196
34.16	83
31.28	15
33.33	155
33.21	99
32.68	123
33.49	81
33.31	115
34.05	115
31.2	130
32.4	112
33.93	83
34.49	65
33.65	132
34.34	95
34.7	101
33.22	93
33.69	257
33.05	124
31.56	121
34.21	115
36.01	57
33.4	106
34.01	127
35.36	98
33.45	92
32.68	133
32.68	133
33.16	97
32.99	87
33.18	128
33.34	109
32.85	126
33.07	126
34.1	93
33.96	129
34.04	90
33.22	128
33.23	108
34.43	81
32.19	42
32.44	115
33.94	109
33.8	112
31.98	131
33.41	126
32.82	133
35.71	95
34.46	75
32.23	130
33.43	119
32.8	25
33.72	116
34.18	115
33.18	103
31.82	129
32.53	108
31.62	129
33.89	127
33.2	117
35.69	80
33.39	102
33.11	103
33.33	124
33.23	123
33.88	102
32.43	108
32.65	127
32.28	124
34.36	128
32.27	120
31.09	112
34.07	225
33.01	70
33.97	78
33.46	103
31.43	12
32.31	48
32.84	58
33.59	128
33.55	104
33.04	115
33.33	69
32.33	130
32.38	125
33.33	69
33.22	121
34.16	121
32.51	80
37.78	98
32.15	110
32.49	132
32.9	87
35.21	117
33.17	131
33.52	119
33.64	113
32.29	108
32.95	125
33.95	123
33.81	102
33.39	124
33.07	92
34.41	114
33.79	230
32.42	122
33.22	130
33.12	130
33.26	106
33.2	59
33.21	116
33.96	128
34.78	68
33.72	99
34.11	86
33.72	166
34.32	127
33.54	120
33.21	124
33.19	101
33.58	127
32.73	124
33.4	102
33.36	105
34.13	94
34.18	112
33.98	102
33.13	106
32.33	116
32.76	127
33.8	229
33.49	129
35.43	125
32.89	97
35.05	121
33.66	126
33.94	72
34.45	113
33.43	131
33.9	133
34.17	133
33.9	133
33.45	119
33.69	98
33.25	123
33.02	102
33.22	131
33.27	93
33.16	102
33.03	119
33.94	253
35.94	95
33.31	126
34.6	119
33.97	107
34.92	116
34.32	120
33.97	125
34.98	119
35.19	67
32.44	125
34.8	106
34.43	61
33.76	125
32.45	92
32.35	126
32.53	159
34.04	106
31.99	114
34.48	112
32.47	117
31.65	8
33.53	92
32.14	113
32.09	110
32.63	118
35.47	99
34.41	82
36.27	83
34.96	115
35.87	179
35.94	70
35.1	107
34.76	116
34.12	82
45.55	7
33.82	81
39.26	70
33.1	117
37.33	180
34.5	138
34.66	113
32.49	102
32.92	75
32.12	116
32.48	50
33.73	87
33.05	99
34.66	164
32.78	149
33.72	61
33.85	105
41.2	57
32.38	118
33.82	178
35.83	99
36.46	88
34.77	109
36.08	112
33.92	73
34.52	115
36.14	82
42.03	204
34.24	45
34.42	55
33.19	118
35.31	112
34.93	93
34.49	104
35.43	111
35.13	97
35.68	78
35.7	90
34.59	118
38.49	82
33.16	100
32.86	112
31.71	103
32.92	99
34.78	91
32.32	114
33.65	95
42.82	80
34.23	93
33.95	74
32.62	56
33	96
32.5	114
32.11	74
32.01	38
33.77	109
32.61	100
30.63	115
33.49	114
34.17	96
35.5	107
34.22	100
36.18	82
33.68	111
36.21	92
36.12	92
36.19	69
34.61	76
34.82	170
34.52	89
36.14	84
34.82	64
36.35	118
33.69	118
34.93	45
34.7	114
35.3	113
39.9	167
35.67	45
34.4	114
33.99	117
34.17	181
33.15	100
35.54	99
35.01	109
33.48	114
33.77	107
34.47	100
32.71	108
33.34	210
35.35	111
39.92	211
35.23	171
36.56	54
35.86	136
34.02	93
35.5	113
36.84	60
34.42	101
32.68	113
34.18	114
33.47	112
34.19	99
32.56	61
31.6	102
32.93	107
33.45	101
33.74	159
33.1	106
32.9	66
34.85	43
38.29	52
32.82	47
33.67	112
34.5	101
32.93	109
45.47	50
39.23	175
32.07	45
33.4	57
33.15	117
34.78	113
33.61	116
35.37	83
37.17	102
34.89	91
34.44	205
33.82	117
34.09	74
32.96	95
35.03	87
30.98	15
33.71	98
34.97	92
33.82	53
32.94	158
38.55	59
38.35	198
32.07	56
32.25	32
34.79	116
34.56	84
36.38	84
33.64	110
34.63	114
35.18	92
35.88	117
34.61	106
35.16	103
34.77	116
35.87	74
32.82	86
32.8	93
32.92	114
32.53	103
35.26	45
35.25	93
33.76	178
32.07	111
34.29	201
33.17	74
32.98	145
32.46	102
33.92	77
32.63	166
33.82	57
42.11	42
31.02	118
31.86	104
32.29	78
35.51	183
36.6	160
35.05	39
35.19	99
35.06	96
35.04	65
36.26	64
33.62	112
45.96	48
34.55	51
36.06	62
34.02	40
34.63	65
35.56	113
36.07	76
41.03	189
34.68	167
33.14	36
38.96	202
35.21	78
35.17	62
32.95	85
36.12	80
34.03	157
34.02	197
32.91	6
34.9	100
38.94	186
34.13	114
34.98	89
34.2	102
34.45	107
36.37	76
33.88	117
39.07	191
36.28	89
34.69	41
34.41	117
34.41	117
34.8	116
33.46	106
31.81	9
34.64	71
33.93	89
34.26	103
32.91	115
32.9	82
32.98	95
33.98	102
33.27	86
34.53	29
35.37	62
34.28	100
35.2	100
34.78	94
33.86	19
35.02	90
34.81	104
33.26	8
34.36	113
33.88	105
34.84	108
42.3	53
33.17	117
44.94	88
40.46	199
34.73	85
34.82	88
35.58	93
43.76	67
34.38	117
38.86	185
34.01	118
35.55	81
33.65	78
34.93	134
35.06	66
34.02	97
33.32	113
35.43	135
34.11	108
33.84	88
32.07	19
31.37	117
34.48	71
32.63	115
32.94	104
47.13	44
33.46	210
38.74	68
42.83	35
44.48	35
33.57	108
34.94	187
33.88	93
31.82	101
33.86	100
32.62	112
39.23	199
34.26	86
36.1	80
35.72	71
36.22	93
35.29	96
36.63	97
34.11	118
34.92	80
34.71	97
34.19	117
35.11	110
35.57	33
41.2	49
35.2	114
33.75	114
36.31	105
35.28	33
34.2	102
36.04	85
34.52	117
34.79	116
34.84	105
34.59	100
35.37	102
33.01	117
39.46	65
35.25	81
36.13	107
34.94	118
34.54	104
40.12	185
32.85	116
34.05	104
34.93	82
41.09	56
34.2	99
33.25	94
33.73	101
35.54	50
32.89	54
33.78	109
34.75	42
37.28	62
33.96	200
33.67	50
34.41	84
33.65	85
31.95	57
42.22	201
33.65	83
34.3	100
34.4	54
33.01	85
34.16	95
32.4	103
32.56	74
31.6	127
34.25	106
31.73	42
33.29	97
32.09	102
33.67	115
33.32	209
35.55	87
33.02	110
35.7	106
34.17	90
33.65	14
33.92	83
36.01	89
41.34	181
35.15	115
35.42	94
40.87	191
34.43	113
34.54	85
35.07	98
35.02	108
34.27	97
36.48	108
35.35	106
34.01	185
32.05	165
33.17	111
33.19	64
33.27	108
33.1	92
33.39	185
32.82	107
34.69	102
33.9	87
33.77	110
31.27	36
32.87	35
31.42	24
33.29	120
33.68	143
33	69
34.46	140
32.89	124
32.32	71
33.66	84
32.57	105
40.26	206
32.95	104
32.83	79
40.18	154
33.2	100
33.04	76
32.25	25
32.72	27
34.31	111
40.34	199
38.3	73
36.93	58
34.27	105
35.64	101
35.36	104
35.52	79
35.95	104
36.16	64
33.73	208
34.18	132
32.38	113
33.9	109
41.42	50
34.52	34
32.38	118
32.91	116
33.46	31
34.01	126
33.34	104
34.93	84
35.12	98
34.86	104
34.11	155
34.95	55
33.29	107
34.89	84
34.23	174
34.57	181
32.82	1
34.53	111
34.5	112
33.68	90
33.47	20
41.37	183
34.15	83
34.24	176
37.38	99
34.57	67
33.77	96
34.86	112
33.91	105
34.41	114
36.7	53
38.57	194
35.27	95
33.83	53
36.16	105
34.07	90
33.57	90
33.61	125
31.86	64
33.74	185
32.38	87
33.79	114
33.7	80
32.83	70
32.92	69
32.45	62
40.83	209
35.38	116
35.14	90
33.84	96
35.38	115
33.32	96
35.76	77
33.1	72
33.99	200
33.59	86
34.86	169
34.62	85
35.13	108
35.36	180
34.36	211
39.9	196
33.44	100
34.99	91
35.5	25
35.55	112
34.85	112
35.27	102
48.27	79
39.87	208
33	116
35.22	93
34.83	115
34.85	98
35.98	52
34.48	100
33.05	107
33.11	67
33.3	104
32.06	42
34.58	64
39.79	66
40.31	47
38.23	205
34.76	55
33.18	111
39.95	196
33.87	50
33.33	78
35.23	87
34.67	118
39.66	40
32.78	92
42.24	51
39.08	202
35.5	87
34.93	110
34.73	105
34.75	207
33.33	118
34.17	118
34.88	107
34.16	89
35.01	116
35.28	76
35.44	118
35.19	102
33.85	37
33.94	64
33.46	116
35.74	81
33.89	97
36.17	91
35.42	48
33.02	117
34.52	114
35.16	200
35.25	99
35.5	111
35.96	38
35.05	117
36.26	86
33.95	69
35.33	114
38.93	72
36.43	66
35.08	103
33.82	75
32.92	111
33.11	68
32.93	112
33.79	109
32.54	48
34.59	197
39.25	69
32.26	116
35.91	83
35.37	162
33.74	74
35.7	109
35.05	172
36.28	88
34.86	115
35.32	105
34.7	100
34.19	25
36.02	75
36.87	86
36.22	102
34.46	88
34.13	115
40.07	191
33.2	91
34.23	81
35.93	84
35.47	110
34.15	65
33.73	114
39.36	185
36.01	101
34.71	62
34.53	95
34.19	78
40.22	51
34.68	161
41.19	124
34.31	116
31.69	112
34.54	181
31.18	78
33.43	110
33.58	111
35.08	73
32.35	113
32.64	112
34.21	82
33.93	89
31.96	27
34.35	117
41.82	198
33.17	104
34.29	43
34.04	95
33.87	190
34.34	159
32.44	74
32.98	101
34.03	45
37.72	171
41.78	39
35.31	110
33.14	109
33.79	136
32.34	105
32.75	47
33.42	112
36.28	96
35.13	109
35.37	111
36.29	97
35.85	110
34.44	64
35.35	115
35.71	98
34.47	87
33.88	115
33.7	117
34.05	102
34.46	84
34.55	64
34.46	139
37.12	58
33.28	112
43.73	43
34.44	49
34.34	122
35.74	78
34.25	87
42.26	46
33.19	103
33.67	77
33.31	148
34.21	82
32.64	114
33.06	112
40.01	52
33.21	115
33.32	84
34.56	46
33.65	111
38.16	188
34.87	98
35.94	109
43.21	43
34.58	95
34.37	184
38.21	76
43.68	53
36.22	41
34.06	98
35.69	203
36.38	108
34.14	97
32.7	115
34.87	101
38.21	76
33.73	52
35.5	101
33.27	116
33.26	118
34.44	87
33.21	82
37.27	58
33.49	205
32.73	117
32.73	116
33.79	114
33.99	104
34.18	105
42.94	99
33.11	117
33.29	16
42.96	118
34.91	74
42.7	81
32.32	77
33.79	42
32.33	101
33.14	100
33.19	74
34.11	72
34.56	30
35.46	108
35.03	74
39.23	146
35.23	106
34.13	94
34.75	84
42.69	36
35.01	116
34.25	76
33.26	32
34.01	117
31.47	108
34.23	52
33.68	21
39.23	181
32.71	107
33.98	91
32.49	113
33.67	136
33.09	89
32.8	117
39.88	191
31.77	110
32.29	86
34.03	82
34.04	113
33.23	109
33.41	116
33.22	200
46.06	50
33.13	82
41.7	45
41.27	60
33.3	75
36.4	101
33.94	79
34.13	89
34.33	170
34.47	19
33.2	110
35	84
34.78	116
41.61	63
33.99	104
33.49	110
34.79	57
31.96	112
40.94	17
33.95	114
33.11	107
32.87	61
35.01	97
31.84	80
31.73	11
35.61	46
35.6	43
34.89	112
35.13	115
34.42	64
35.73	82
34.28	88
35.48	149
35.1	86
34.29	105
34.16	59
33.93	106
33.99	90
31.8	1
34.66	157
31.35	6
33.9	158
31.75	67
34.98	92
34.94	167
32.49	54
33.82	176
35.49	99
33.23	169
32.33	68
33.89	96
32.49	113
33.97	176
34.05	104
33.03	53
35.22	102
33.81	11
34.15	124
39.55	198
34.44	116
35.25	102
35.09	151
34.96	80
34.49	111
36.19	107
35.23	89
34.41	103
40.51	197
40.53	188
37.13	93
34.96	103
34.26	113
33.43	117
34.71	105
34.08	111
39.18	160
39.42	145
33.53	80
34.01	76
32.52	110
33.02	93
33.89	180
34	115
34.56	138
33.56	200
33.67	109
34.03	90
34.41	91
33.55	87
34.15	53
34.26	101
43.45	40
34.41	68
33.76	183
34.66	91
33.74	112
35.47	86
34.82	116
35.03	110
36.27	105
36.05	142
44.87	36
33.38	66
36.72	106
35.13	103
33.15	98
36.83	111
35.98	103
36.07	74
34.95	105
34.82	106
34.33	92
35.26	65
34.84	108
35.19	110
33.8	110
41.19	63
33.88	75
32.96	109
40.05	186
35.22	86
34.98	202
34.34	97
32.9	114
34.29	105
34.31	167
32.92	93
43.74	37
41.13	184
33.99	143
33.56	98
34.09	104
36.12	86
42.28	61
34.25	88
34.74	106
33.58	118
37.54	212
34.99	73
41.41	28
34.07	109
33.69	11
34.13	196
32.59	106
34.49	200
42.41	35
44.26	35
33.82	108
34.43	96
33.03	118
34.11	82
34.37	72
33.77	192
39.19	199
34.28	86
34.41	183
34.67	52
35.51	108
34.65	102
35.31	106
34.47	104
36.28	116
35.37	107
36.07	106
36.13	74
34.05	110
34.75	53
32.5	113
33.78	110
33.95	91
34.59	103
33.9	102
33.91	100
44.28	17
36.24	80
32.59	112
46.54	38
40.77	209
33.93	65
35.25	50
35.27	64
36.36	39
40.37	61
36.34	83
34.42	93
33.69	98
33.55	112
38.62	92
33.95	102
33.55	113
34.78	118
33.77	115
34.89	139
33.46	57
34.88	139
38.9	63
33.86	116
32.73	110
33.41	108
35.14	102
32.86	96
34.27	115
32.91	105
33.88	94
33.88	43
33.49	102
33.28	110
33.22	40
34.57	57
35.01	113
34.23	63
33.92	97
33.92	98
34.16	65
33.26	114
34.73	112
34.89	52
36.85	109
34.98	98
35.59	108
36.25	100
34.95	149
34.32	111
35.35	71
35.05	150
34.94	89
33.87	118
33.64	97
34.23	104
33.62	159
34.53	93
35.14	58
33.45	54
33.87	103
34.24	137
34.68	140
32.52	70
33.47	19
33.3	101
33.3	110
33.54	63
48.7	36
34.17	112
32.89	117
33.5	109
34.64	87
40.38	211
33.46	150
34.78	96
36.05	153
41.03	109
42.65	62
34.4	111
32.97	116
33.34	111
33.47	107
34.42	97
39.55	196
43.12	64
33.63	64
35.15	167
35.45	95
33.57	55
36.69	63
33.74	31
33.12	86
33.02	53
34.46	93
44.54	62
31.6	83
33.34	66
33.28	110
38.44	149
33.46	47
33.73	88
33.76	89
33.21	184
31.56	117
32.1	82
33.38	113
31.59	108
33.25	100
33.15	43
43.38	48
44.77	50
31.93	8
35.48	104
35.5	107
34.09	81
35.47	107
36.1	92
34.49	112
33.86	102
32.96	109
34.54	208
33.98	96
34.52	70
36.59	89
35.7	99
33.07	114
34.26	103
33.92	49
34.67	105
35.08	78
34.04	49
35	105
34.98	164
33.08	97
34.68	117
33.7	112
35.63	74
35.89	103
40.03	191
34.43	43
35.16	95
36.1	56
34.86	81
35.07	104
34.51	179
39.01	213
35.62	61
33.71	89
36.19	121
34.23	95
32.62	102
34.45	86
33.08	110
32.94	41
30.52	0
32.22	13
32.97	98
33.03	107
34.15	176
40.15	141
32.2	27
37.41	165
32.74	98
34.93	167
33.84	91
33.48	62
33.64	102
33.61	115
31.96	6
33.26	68
31.95	16
35.53	83
34.1	112
40.11	65
35.1	52
34.27	116
33.97	111
34.81	105
32.15	115
36.07	98
33.64	107
33.51	103
33.52	75
33.56	76
34.89	75
33.42	77
33.41	208
33.32	111
32.81	103
33.22	78
32.95	105
38.19	159
33.34	91
33.28	117
33.36	152
31.16	6
33.49	149
33.62	76
37.7	159
31.99	118
33.9	94
33.15	87
31.84	27
31.97	117
33.27	76
34.09	159
32.47	117
32.14	108
34	132
32.36	54
32.3	27
43.15	111
32.61	113
43.17	81
39.19	192
35.23	114
33.58	108
35.71	82
35.46	91
35.41	98
35.64	96
44.66	67
40.42	201
34.17	112
35.83	146
39.2	198
44.72	52
34.93	85
37.11	88
35.51	107
33.94	118
43.8	81
34.79	143
39.69	187
33.52	91
34.35	67
33.38	48
34.75	210
32.68	95
33.53	84
32.74	76
34.74	51
34.61	90
33.61	63
35.3	58
34.91	81
32.97	114
34.59	117
34.16	116
34.56	103
34.56	110
32.72	83
32.5	107
42.35	94
33.18	76
32.95	37
32.47	109
34.01	105
32.91	115
34.43	47
33.38	15
32.5	93
35.08	74
31.81	113
33.35	135
32.48	118
34.16	107
32.78	111
33.04	114
33.98	58
43.71	41
32.83	112
33.56	30
35.23	34
35.93	114
38.46	184
34	118
34.7	114
34.52	115
36.07	85
36.71	69
34.11	84
32.56	93
37.32	203
33.27	88
32.69	116
34.97	113
34.1	71
33.1	103
33.55	95
33.77	27
36.23	99
34.61	116
34.92	97
34.94	202
35.89	104
34.08	111
34.42	102
34.66	113
36.08	85
36.69	121
34.54	102
32.32	102
33.09	113
33.43	108
34.44	62
44.29	50
32.54	93
33.48	103
33.38	59
33.1	75
35.41	166
35.13	83
35.59	82
35.44	99
32.86	114
34.25	111
35.01	113
34.32	114
34.3	105
33.9	108
33.97	28
35.47	96
33.45	115
33.73	58
40.7	185
34.5	108
35.29	116
35.51	98
34.38	110
34.18	118
35.46	54
32.01	43
33.74	81
33.07	63
34.11	94
42.4	42
44.28	50
34.39	99
34.76	166
32.53	101
34.06	101
33.79	82
34.44	117
32.82	70
32.56	106
35.37	67
32.91	113
32.47	52
43.8	56
32.96	69
34.11	99
32.5	100
32.58	102
30.52	17
33.9	87
33.22	45
33.49	65
35.55	67
33.59	95
32.62	116
34.73	106
39.96	200
34.13	86
35.49	109
36.08	90
33.87	115
36.59	79
36.54	108
34.16	101
34.67	94
34.12	104
35.1	103
34.34	89
34.22	102
36.1	76
35.93	82
33.74	117
34.44	117
42.62	48
35.3	117
34.54	94
34.59	93
34.84	76
34.86	213
36.08	74
35.7	107
35.72	81
35.31	110
35.61	190
34.58	113
34.51	81
36.23	65
35.2	113
35.75	114
34.29	116
34.41	110
36.62	53
35.34	55
35.17	109
32.89	101
34.05	115
34.82	105
35.51	111
35.11	90
35.9	190
35.53	149
35.49	134
35.19	96
36.16	89
32.6	3
35.12	71
32.4	46
35.29	74
34.18	117
35.44	102
36.7	59
35.93	106
35.89	83
34.87	145
34.15	165
33.67	90
35.41	109
34.14	110
35.19	82
36.69	88
34.62	96
35.48	112
34.71	116
39.17	188
35.59	106
32.73	117
35.41	108
40.26	192
36.8	80
41.58	200
40.41	204
39.94	205
34.86	72
33.45	116
34.02	111
36.13	118
36.39	48
33.44	107
34.79	108
34.58	107
33.59	75
39.3	211
35.43	37
35.2	76
35.11	96
32.76	98
34.77	117
35.23	83
34.34	96
34.83	78
33.28	113
33.31	100
33.81	209
35.1	50
39.05	191
33.89	113
32.7	88
32.17	51
32.84	95
35.08	84
33.36	87
39.85	41
33.01	108
36.01	90
33.13	104
33.83	74
34.07	47
33.09	87
33.64	204
33.27	113
40.1	70
32.69	111
47.85	48
34.28	206
33.74	111
34.55	44
45.06	38
34.46	107
34.59	114
35.08	68
33.7	99
35.2	45
44.28	34
33.77	22
34.17	118
34.94	49
33.63	112
36.26	105
33.91	81
34.75	101
35.71	70
36.79	99
33.81	92
36.78	105
32.69	34
34.5	109
35.6	111
36.69	110
35.17	111
35.46	197
35.1	135
34.86	118
33.88	109
36.78	102
34.83	114
35.02	88
35.28	118
35.32	113
36.69	85
36.77	83
34.33	102
32.83	97
36.73	110
36.19	110
44.82	59
33.47	116
32.53	99
33.65	176
31.98	37
38.57	60
33.53	79
33.11	80
35.19	60
34.5	69
34.33	152
35.11	164
34.08	89
34.82	99
35.67	110
39.93	200
35.07	69
35.96	79
35.92	102
36.51	100
36.79	117
34.41	80
35.71	75
34.22	106
36.02	76
35.65	108
33.29	71
34.93	207
32.73	37
35.53	100
34.91	117
35.5	108
34.01	113
35.19	87
34.88	116
34.87	107
35.82	152
33.5	5
33.1	26
33.51	111
36.06	95
34.46	172
35.42	103
38.6	197
36.82	213
34.47	156
33.58	87
39.17	173
32.6	115
34.07	85
32.1	116
33.87	52
36.19	49
35.2	97
35.56	58
35.08	169
33.91	174
34.63	75
34.38	111
35.41	61
36.18	110
33.26	114
34.44	95
35.46	49
34.97	117
36.68	91
36.04	96
35.44	107
35.22	203
34.63	111
34.68	115
43.27	3
33.44	107
34.82	66
44.73	29
35.4	111
36	75
51.24	24
34.79	213
35.18	114
35.89	75
34.32	97
35.9	76
35.92	69
37.17	86
35.15	62
37.92	91
34.02	117
34.51	94
35.87	119
35.44	88
33.07	59
33.49	114
35.6	102
33.39	196
33.18	28
38.09	212
40.88	39
33.06	102
33.13	103
34.18	88
35.28	59
36.26	95
34.35	115
34.47	97
34.52	117
34.47	115
34.75	114
35.38	95
33.89	108
34.16	107
33.91	53
35.78	82
35.8	111
34.81	157
34.34	87
34.2	107
34.67	164
33.22	61
34.82	126
33.92	117
32.77	87
33.41	114
33.28	98
32.71	104
32.75	101
33.21	209
33.2	57
33.65	131
33.22	107
33.85	167
43.71	197
35.08	80
33.94	112
33.28	103
34.45	108
34.63	96
34.56	86
33.83	28
35.32	115
34.17	42
34.21	102
35.29	32
35.37	118
34.81	94
33.95	101
33.27	103
35.9	47
35.76	144
34.98	92
32.81	118
42.89	197
33.33	93
34.46	88
33.54	60
32.44	118
34.17	111
33.77	114
33.91	86
34.22	103
34.07	117
35.2	92
34.89	96
33.12	207
34.13	91
32.46	102
38.4	62
38.32	60
34.88	100
33.07	56
34.84	94
33.72	110
36.1	102
33.16	117
34.74	68
35.44	107
35.84	68
34.76	117
34.7	85
36.08	80
34.63	112
35.17	83
33.92	89
32.71	110
35.03	63
32.62	79
34.53	112
33.69	99
40.24	66
33.05	84
34.31	76
40.43	175
31.84	24
34.04	84
34.83	112
33.81	103
34.16	82
34.72	37
34.21	91
34.51	110
35.27	87
33.92	91
34.58	112
35.62	91
34.2	69
33.73	47
34.34	95
34.53	202
33.13	64
38.65	203
33.8	24
32.04	33
32.98	104
34.13	83
33.98	110
33.6	113
33.44	116
34.47	47
34.1	106
31.5	100
33.56	115
34.07	73
34.12	26
35	115
38.9	203
36.4	99
33.34	48
35.43	115
33.17	111
40.65	176
34.43	117
39.24	55
34.48	142
33.82	108
34.28	79
34.34	110
34.33	110
34.25	117
33.94	75
34.16	48
33.21	86
34.33	91
33.88	62
32.3	34
32.82	115
32.11	113
33.76	113
32.56	22
37.79	147
31.84	113
33.54	111
32.63	115
33.52	112
34.38	118
33.32	212
33.84	97
33.12	109
44.25	33
33.39	84
39.05	199
33.13	110
33.94	100
32.67	112
33.13	103
33.49	100
34.25	90
42.11	59
33.12	76
36.34	56
34.97	92
32.24	55
35.56	93
35.36	55
43.43	204
34.11	57
35.5	105
39.25	74
34.38	76
36.04	123
36.29	64
40.58	68
34.33	101
33.71	26
35.46	67
39.95	198
34.11	106
35.68	100
44.64	28
35.53	98
35.59	101
36.51	104
34.35	101
34.58	110
34.38	84
34.14	97
31.97	47
33.89	118
32.91	45
33.19	61
33.78	135
34.04	100
34.74	65
35.54	108
34.45	101
34.4	75
34.92	105
33.61	74
45.24	41
33.62	69
34.36	103
51.86	26
33.22	92
33.4	97
32.93	97
31.46	112
34.79	62
33.95	112
36.65	52
32.89	106
34.31	109
34.05	79
34.63	98
34.69	107
35.1	87
34.85	65
34.92	118
35.01	103
41.02	63
33.02	98
34.48	84
33.52	107
34.54	140
32.97	53
32.13	103
34.2	100
32.56	117
36.98	80
37.16	53
32.49	109
33.15	96
33.65	108
35.02	44
33.59	96
34.7	91
35.49	89
40.74	174
34.76	103
35.07	106
33.02	0
34.03	104
35.99	118
33.97	84
33.07	116
32.23	70
33.91	71
39.7	66
38.04	212
32.91	70
41.74	44
33.07	40
33.82	169
34.62	106
31.54	85
33.98	185
33.8	106
34.66	77
33.54	106
33.75	94
37.24	211
35.32	111
32.27	6
34.17	114
35.91	49
42.28	205
34.88	90
34.02	109
34.03	92
34.67	83
35.44	101
34.21	113
35.69	77
34.95	95
34.18	86
34.92	107
34.91	33
34.91	33
33.68	97
35.31	81
34.42	70
33.02	96
34.24	108
34.36	103
35.92	115
35.11	98
41.06	21
41.91	90
35.12	86
33.75	50
40.49	137
33	84
34.16	99
35.26	105
33.89	47
39.11	210
34.26	107
34.85	86
34.15	110
34.09	45
36.27	158
34.75	140
34.22	114
33.71	76
34.23	97
34.94	99
35.34	37
41.18	186
35.4	65
33.99	115
34.21	115
35.45	32
34.06	90
34.39	98
33.08	112
48.17	39
35.24	79
38.08	75
33.37	106
34.25	86
35.29	116
41.07	71
33.43	106
35.19	142
38.37	161
33.58	118
35.24	103
40.25	39
31.04	34
33.2	102
33.68	77
33.13	48
32.33	117
33.56	112
33.74	101
34.28	87
33.26	121
34.22	109
34.61	111
34.37	91
31.64	111
33.44	92
33.26	107
33.28	35
32.44	108
34.74	62
34.14	172
34.77	148
35.2	88
32.82	104
34.62	114
34.92	68
34.29	105
39.84	182
34.81	150
34.43	53
41.1	199
35.75	112
35.22	40
36.41	70
34.08	89
34.44	186
34.88	175
46.82	22
32.94	97
33.4	106
33.43	118
41.42	117
35.28	114
36.49	103
34.68	100
45.26	42
33.98	92
35.63	147
34.86	46
34.82	162
34.39	104
36.1	125
34.13	39
35.23	55
34.8	113
35.12	124
33.6	11
35	82
33.52	48
42.9	193
35.03	92
39.84	191
32.73	115
44.23	187
34.4	94
35.28	115
34.53	117
34.88	127
35.71	76
33.91	180
35.29	106
34.14	113
35.24	81
39.4	57
34.34	116
33.93	117
33.82	105
34.03	132
33.39	155
34.73	112
40.68	70
41.39	67
32.6	104
33.78	86
32.78	51
33.42	59
31.87	63
34.86	87
34.26	90
40.16	200
39.53	203
34.83	100
36.03	99
35.51	140
40.11	60
35.89	118
34.59	113
34.59	101
32.79	108
33.61	40
33.53	105
32.77	105
39.51	159
38.01	160
33.32	110
34.51	54
33.65	83
33.94	77
32.87	112
34.62	106
32.97	108
34.7	127
32.73	43
31.73	107
34.5	104
32.8	107
34.6	97
36.5	88
36.65	108
36.31	87
35.55	113
36.44	98
35.78	93
34.23	104
36.78	100
35.45	62
35.21	99
34.44	76
35.17	113
34.4	98
34.19	90
35.46	114
36.07	101
33.49	96
33.77	83
35.17	61
33.12	116
34.87	116
33.96	114
33.75	117
34.25	117
35.13	115
34.61	104
38.71	209
35.1	113
34.78	100
33.61	213
34.41	75
34.02	92
34.35	157
33.36	43
33.13	62
32.76	90
32.58	109
31.83	4
32.5	72
32.4	58
33.12	101
33.29	100
32.59	37
34.24	95
33.94	158
33.42	107
31.23	37
33.8	123
33.6	144
32.39	100
33.62	139
33.93	131
31.97	108
33.65	185
32.28	105
33.26	83
41.2	45
42.73	47
35.5	50
40.26	67
34.33	95
34.7	102
35.51	92
35.95	77
34.32	109
34.55	87
35.23	92
35.37	74
34.87	83
34.28	100
34.43	109
33.34	102
33.14	75
35.4	91
33.75	77
40.11	134
34.17	152
32.63	22
34.65	173
32.91	107
32.63	107
33.54	89
34.95	110
34.23	115
39.83	68
32.9	164
39.42	190
33.6	84
31.58	107
33.74	90
34.6	125
34.49	77
33.32	136
33.29	35
31.1	10
34.62	136
33.63	102
34.53	30
34.5	200
33.12	107
35.36	95
35.45	83
32.82	27
33.36	101
35.83	70
34.16	101
32.77	111
42.53	200
33.53	110
36.32	82
35.79	57
34.07	83
33.88	115
35.53	109
34.44	107
34.39	207
32.02	111
35.19	79
40.78	59
35.57	94
36.19	100
31.76	105
34.89	59
34.29	172
34.9	105
34.58	101
36	109
35.11	151
35.28	78
35.3	153
34.42	68
40.08	59
41.35	73
34.77	87
34.91	100
33.69	96
35.3	37
33.7	92
34.55	85
34.21	83
34.94	85
33.61	99
35.49	89
43.72	81
100	0
35.81	97
60.93	50
35.19	109
45.98	108
36.08	37
33.98	90
33.61	112
34.17	69
33.43	110
34.01	62
34.82	83
32.47	101
32.68	107
39.37	189
32.39	102
35.02	36
34.46	107
35.38	213
34.01	114
35.91	76
34.49	64
33.68	82
34.34	84
36.15	134
37.32	53
35.44	108
35.53	113
34.1	75
36.15	197
35.46	101
35.5	79
33.86	116
33.74	83
34.19	90
34.69	102
33.08	81
33.03	116
43.08	35
32.5	112
32.67	116
33.04	57
32.84	116
30.9	31
33.52	193
33.12	111
34.97	49
32.34	90
34.41	112
33.01	94
33.97	109
39.02	161
34.02	162
31.22	34
33.27	186
32.68	116
31.96	112
34.47	83
33.34	69
33.5	187
38	190
34.16	101
33.6	106
34.52	77
34.19	90
33.51	102
35.63	87
33.53	77
32.17	103
34.34	42
34.25	64
33.51	35
36.88	46
34.14	107
31.3	4
33.98	174
33.28	112
34.36	62
35.15	95
33.66	43
33.82	120
32.72	13
38.55	188
32.32	113
33.19	49
33.78	140
33.41	108
34.88	103
33.95	74
31.17	106
39.11	207
30.37	96
43.9	34
33.8	163
33.75	102
45.83	48
33.43	88
33.93	99
34.18	112
33.26	42
33.18	39
33.07	113
34.41	159
37.33	204
40.3	201
34.16	55
33.63	23
33.87	88
33.89	186
43.35	68
49.24	46
42.97	34
34.33	167
34.23	167
34.24	109
34.26	72
34.27	86
34.68	109
35.01	72
32.86	54
33.44	71
46.35	47
35.18	55
36.25	117
35.66	96
39.65	110
33.8	87
33.34	117
34.22	90
35.48	110
33.22	57
35.06	122
35.44	94
35.32	90
34.38	109
33.56	62
32.52	118
34.2	96
34.11	88
34.91	50
34.07	90
34.64	114
33.36	95
33.88	79
42.08	81
39.56	193
35.33	93
35.41	94
33.56	113
35.68	146
34.57	43
34.83	118
36.86	106
34.91	104
39	199
41.19	180
32.04	90
34.01	83
33.4	64
33.1	84
34.52	77
33.45	106
33.54	101
32.35	104
37.87	190
34.37	99
34.86	106
34.46	106
33.08	113
35.13	89
39.38	55
35.07	123
33.5	97
34.18	96
31.93	3
33.84	44
32.97	42
31.88	11
34.53	82
33.91	44
34.3	40
32.24	106
32.97	42
33.82	88
32.7	92
37.77	204
31.96	90
34.01	83
32.05	112
33.1	84
33.84	74
34.52	77
33.92	101
32.32	104
38.01	190
34.52	99
34.75	111
34.88	101
34.5	52
39.96	204
42.61	79
33.53	89
32.73	23
33.7	102
33.25	10
36.27	93
34.06	120
34.09	67
34.43	100
34.27	100
34.76	124
33.59	118
35.38	64
34.87	88
34.47	107
38.72	198
35.54	170
35.5	104
36.46	77
35.11	108
36.05	52
36.33	104
35.41	179
34.67	105
36.25	91
34.62	114
34.55	107
37.81	91
35.29	98
35.17	68
34.43	56
36.29	77
35.13	75
34.45	104
34.76	82
34.54	117
33.59	62
33.71	110
34.07	101
33.41	112
32.72	35
34.23	61
33.99	89
33.88	113
33.23	173
35.15	157
48.22	42
44.31	42
33.94	42
32.53	117
47.7	46
35.92	105
34.64	90
33.98	89
31.8	68
33.13	56
33.58	110
32.97	118
33.61	49
42.28	202
42.94	211
36.98	82
35.62	111
35.11	29
35.2	118
33.68	113
33.23	109
33.96	38
34.73	64
34.22	48
34.31	118
33.87	79
33.94	34
33.62	113
36.22	89
33.34	38
33.29	112
34.77	80
33.73	63
32.88	89
34.32	112
33.94	183
35.02	78
34.66	129
33.71	104
34.13	112
33.79	113
33.2	34
34.6	54
33.52	6
36.77	71
35.02	49
44.34	39
33.73	104
36.03	163
34.24	48
35.02	109
35.62	93
35.07	114
36.01	86
35.13	110
34.69	50
33.88	101
35.59	105
35.52	80
33.84	113
39.46	185
34.89	82
33.89	68
33.6	184
34.78	94
35.64	99
34.49	109
34.64	60
33.94	108
32.28	33
34.83	118
33.91	105
36.71	118
35.35	96
34.62	151
34.9	129
35.87	174
34.75	116
34.69	109
34.16	87
36.14	60
34.55	116
35.19	108
36.57	112
34.18	81
36.2	77
33.32	115
34.68	84
34.75	112
35.79	86
35.89	58
34.73	66
35.49	93
34.16	34
34.25	106
34.37	85
33.57	102
33.92	107
33.77	207
35.32	61
35.97	73
34.89	103
32.28	11
34.63	106
34.54	73
34.88	73
35.92	30
40.12	198
34.16	106
34.8	118
34.02	93
34.44	54
35.09	113
34.46	77
33.49	202
36	102
32.94	68
34.86	177
39.6	196
33.35	102
36.29	96
34.47	98
34.83	112
35.26	84
34.85	74
34.79	92
34.38	96
35.09	100
34.55	53
34.95	87
33.55	99
34.08	191
50.11	26
38.17	196
34.88	80
44.6	59
34.32	114
35.17	117
33.26	93
34.01	118
42.28	40
33.02	103
35.65	99
40.3	35
34.61	60
35.2	118
35.38	106
35.43	108
34.58	103
34.95	49
34.1	97
32.82	116
34.67	157
31.7	41
34.6	104
32.99	114
38.26	195
32.35	111
34.68	89
33.34	109
34.38	116
35.23	113
34.67	116
33.81	111
36.56	109
34.41	99
34.78	109
32.73	108
35.47	108
33.7	102
32.36	7
33.53	100
33.68	78
34.03	61
33.19	25
40	166
34.46	113
33.04	89
33.09	106
33.14	35
34.92	109
33.23	34
35.97	110
40.3	117
36.85	109
34.61	109
34.22	105
36.02	110
33.78	112
35.18	110
36.05	84
33.56	106
34.76	165
33.85	105
34.96	103
33.79	104
34.92	47
33.58	114
33.46	87
35.4	52
32.9	95
30.51	4
32.41	213
32.49	139
32.97	110
32.84	68
34.63	63
32.82	107
34.15	170
37.31	207
48.67	48
33.73	99
32.04	72
35.13	90
34.83	82
34.63	91
34.88	85
45.61	40
34.1	103
39.93	23
34.31	89
36.03	85
35.53	70
35.51	105
34.95	116
34.8	116
34.43	91
34.22	196
35.45	111
34.25	199
34.29	59
44.9	59
44.64	59
33.27	111
33.12	107
33.36	75
33.59	181
40.01	201
39.42	119
40.52	70
32.8	202
38.6	199
33.32	162
33.5	100
33.69	116
32.99	85
33.59	54
33.53	109
34.01	107
34.65	98
34.11	70
34.49	115
35.37	43
35.54	107
34.71	104
34.96	138
35.78	105
35.23	104
34.97	66
34.76	111
39.8	166
35.58	160
35.73	60
33.43	89
38.95	200
34.84	104
44.68	65
35.58	82
33.49	105
34.7	49
32.28	113
32.07	87
32.7	67
33.57	88
34.26	176
39.55	179
34	91
39.8	191
33.73	108
33.1	156
32.9	114
33.13	78
33.05	157
36.75	201
39.26	181
39.85	191
32.84	106
35.15	65
33.77	88
33.5	116
32.94	104
35.06	81
34.49	117
34.17	118
33.37	20
33.35	95
35.55	75
33.8	54
33.06	104
34.19	109
35.86	49
34.66	80
33.58	117
33	111
34.52	81
34.02	36
33.27	104
33.14	106
34.51	85
32.99	26
34.47	116
34.3	153
33.29	80
33.57	59
34.94	118
31.46	107
40.33	198
33.15	113
32.55	77
31.94	117
40.92	125
33.48	98
34.24	117
34.1	87
34.07	106
34.69	107
33.1	83
34.18	106
34.84	75
33.4	170
33.39	210
35.37	86
33.25	67
32.91	117
34.01	88
33.75	106
32.37	43
33.54	36
34.54	91
38.42	212
32.88	100
32.11	79
32.91	112
46.16	65
32.8	14
33.51	108
38.8	35
33.62	118
38.92	200
32.66	108
30.61	17
34	97
33.52	102
33.76	169
33.13	107
33.76	99
33.03	108
39.16	63
35.23	53
35.15	100
34.03	124
32.88	60
33.65	100
36.71	183
32.87	11
33.99	57
33.41	96
33.29	99
32.37	68
33.72	127
33.85	116
34.44	107
34.4	118
34.28	118
33.53	106
33.73	109
34.14	87
33.94	86
34.9	103
35.47	44
35.94	84
35.29	116
33.85	113
37.6	62
36.63	110
33.83	111
34.29	30
34.64	77
34.43	82
33.9	35
34.41	65
34.7	179
34.23	117
35.88	67
32.51	62
33.92	163
32.12	28
34.46	96
32.6	57
34.17	124
34.37	116
31.98	112
33.08	108
30.59	32
34.65	115
33.79	96
32.66	105
33.73	110
32.88	118
33.64	94
33.23	103
32.96	94
32.53	118
34.85	87
35.21	78
32.73	46
32.47	117
32.65	105
37.52	74
34.24	108
33.91	116
32.36	113
32.17	23
34.02	86
32.09	112
33.34	102
34.42	77
33.45	106
34.16	101
33.04	98
34.35	55
33.44	104
33.76	100
33	100
34.41	99
34.46	80
42.41	28
33.26	107
36.03	13
33.7	104
33.72	110
36.66	62
35.07	111
45.18	48
34.56	93
36.21	47
41.16	165
34.7	94
34.13	162
33.56	109
34.12	50
34.58	104
33.07	109
33.87	86
34.75	86
34.48	101
33.17	113
34.59	118
47.52	35
33.42	110
34.2	77
36.55	94
34.49	31
41.42	54
34.02	89
35.1	118
35.07	97
35.57	106
35.11	72
36.8	50
32.31	53
33.82	43
33.51	112
32.94	96
35.9	41
33.68	101
34.18	68
33.78	52
32	108
33.45	117
33.2	200
34.15	117
35.36	93
34.27	85
33.59	83
33.56	57
35.24	102
34.29	59
34.45	107
33.39	116
35.28	45
35.15	104
35.09	118
35.67	40
41.82	61
34.08	118
34.33	113
36.14	107
35.99	129
35.4	114
33.36	97
33.26	114
31.86	117
31.95	82
34.01	95
30.34	21
33.16	114
32.01	13
34.01	79
30.24	30
32.5	79
34.2	104
35.12	107
33.63	117
34.19	97
48.26	46
33.14	107
35.2	84
32.68	113
33.3	38
33.78	109
35.02	208
37.21	89
32.8	26
33.91	84
34.55	106
35.14	81
35.13	112
34.36	116
39.35	189
34.26	77
33.83	90
34.44	91
33.82	35
33.37	83
34.69	71
33.16	32
34.69	121
34.35	19
34.87	202
34.1	106
34.07	212
34.98	66
33.83	118
41.49	69
32.91	104
35.11	42
34.18	87
39.6	190
33.01	91
33.94	100
33.63	117
31.73	116
33.34	103
34.45	96
39.84	123
33.66	106
37.04	61
38.18	56
34.02	116
34.38	56
34.73	97
47.56	7
33.78	107
34.08	204
32.17	109
33.61	56
33.82	41
33.68	117
34.07	75
33.73	106
32.42	32
33.26	114
32.96	89
33.29	128
33.15	100
34.75	83
40.55	37
33.89	70
34.32	78
34.97	79
34.44	93
39.17	59
33.45	99
32.77	54
38.02	196
33.55	67
32.55	104
42.85	37
33.5	88
32.75	16
32.87	81
38.4	209
38.57	66
32.55	41
34.32	143
32.83	31
33.42	207
33.01	83
32.98	98
33.71	98
35.21	112
33.85	118
35.19	101
35.75	87
35.22	117
37.19	80
36.31	52
34.62	45
35.34	96
32.8	113
33	107
32.3	113
33.03	127
34.41	80
33.03	127
33.71	33
33.03	127
32.75	104
33.57	96
34.25	109
34.41	113
34.34	79
34.97	93
35.23	76
35.99	110
34.23	78
33.37	105
34.77	66
34.77	66
33.36	53
34.61	81
34.83	114
34.61	104
36.62	101
34.22	101
34.98	104
34.52	110
34.92	110
33.05	92
33.63	71
33.79	116
40.77	20
34.17	163
35.18	77
33.3	107
34.56	95
32.95	93
33.59	116
31.94	107
33.82	116
34.2	96
32.92	108
34.44	68
33.96	108
34.25	42
35.43	98
35.54	68
33.5	67
35.22	90
33.62	36
34.01	106
35.27	90
33.47	107
35.04	91
35.01	74
39.01	213
35.41	49
34.74	64
36.52	86
34.74	82
34.41	98
34.1	91
33.5	110
38.3	184
33.79	185
34.28	87
33.42	14
34.26	115
34.43	92
34.88	82
32.88	117
38.41	198
34.22	187
34.59	90
34.27	53
34.27	113
36.53	58
34.02	93
30.14	19
33.98	112
33.3	55
34.29	74
33.47	20
34.23	86
34.92	91
34.71	110
34.05	97
37.29	212
34.18	67
32.21	101
33.29	98
35.49	174
38.58	193
33.51	154
33.28	75
33.03	54
32.42	69
32.8	114
30.8	23
34.52	116
33.5	115
34.53	113
35.28	92
35.98	118
35.62	67
35.21	116
36.14	76
35.38	117
35.66	156
33.48	36
35.25	113
34.46	100
34.44	116
39.35	63
34.74	78
33.65	110
33.98	106
35.02	184
32.42	112
33.67	102
34.06	101
34.08	106
35.83	91
34.43	94
40.52	212
36.4	181
41.89	154
33.98	114
33.95	111
34.45	84
35.26	40
38.75	61
35.77	96
38.42	185
33.15	117
38.62	61
32.53	115
38.96	198
37.69	49
41.94	197
33.71	118
35.54	73
35.01	102
34.49	33
35.23	150
34.71	108
35.23	117
34.06	105
40.6	147
35.43	113
34.83	110
33.02	92
34.35	88
34.52	73
34.2	198
35.33	104
34.2	117
33.96	146
33.7	207
34.73	89
33.7	94
34.13	111
36.38	75
35.94	106
34.36	92
33.61	114
35.76	139
35.7	88
34.97	54
32.89	106
31.79	98
33.64	99
32.43	107
33.12	94
33.84	105
41.06	41
36.41	58
33.97	114
38.85	63
38.8	189
35.5	56
34.42	160
34.25	119
32.85	118
35.41	89
33.35	111
33.61	64
33.48	12
34.29	35
32.98	108
40.38	206
41.93	207
35	110
34.12	95
39.38	195
34	23
43.29	209
34	46
35.54	104
34.18	89
35.88	70
35.72	104
34.64	67
34.94	105
40.2	68
32.28	98
40.18	201
34.62	50
33.34	106
34.87	102
33.8	107
34.53	56
34.73	111
32.63	112
33.2	104
34.4	95
38.87	213
43.28	55
40.82	62
41.71	208
48.36	20
40.91	189
34.63	202
34.79	197
33.79	112
33.83	113
36.4	89
34.14	27
36.74	50
32.97	104
36.37	100
34.65	110
36.16	68
35.09	104
34.3	112
35.05	47
35.25	100
37.23	73
35.95	52
36.19	102
35.44	79
35.2	118
35.27	60
35.1	80
35.58	83
35.11	109
35.16	109
35.57	157
37.27	80
34.19	75
41.98	68
38.7	201
33.05	103
33.32	98
34.52	113
39.45	201
35.71	114
34.91	45
35.13	53
39.08	144
35.05	63
33.19	188
34.58	35
34.62	144
32.73	86
33.48	93
33.42	172
33.34	113
32.91	27
33.75	115
32.14	14
34.31	154
34.4	117
35.7	34
33.98	87
35.11	99
35.32	56
34.59	118
38.87	197
36.01	73
32.41	6
36.97	204
37.8	193
35.15	45
33.16	193
33.49	119
33.26	19
33.57	56
35.23	91
34.82	64
37.19	204
37.88	55
33.97	57
33.47	62
38.35	198
33.2	82
34.37	48
33.69	177
33.37	87
33.68	101
34.2	115
33.4	104
33.87	182
34.22	115
34.02	116
39.38	196
43.78	64
33.66	60
34.23	45
34.68	86
33.41	99
34.98	100
34.64	111
34.93	176
35.53	150
36.12	108
35.44	88
33.92	112
33.93	93
32.36	117
33.26	20
35.5	106
34.26	104
32.53	105
34.95	108
39.86	196
33.38	77
34.2	58
33.96	98
32.9	72
33.49	112
43.85	76
32.18	28
37	213
33.12	110
39.2	196
39.69	184
33.21	116
33.68	69
32.92	7
34.59	118
33.26	118
33.23	114
33.89	160
38.94	196
37.54	193
46.53	49
34.18	49
35.61	92
33.28	83
33.65	105
32.85	111
32.4	118
40.74	57
39.05	195
46.58	49
35.51	120
32.43	115
33.99	15
31.97	114
35.04	113
35.19	105
34.93	23
36.08	117
49.41	4
33.78	113
35.43	78
35.03	59
34.73	117
32.93	118
33.17	75
33.9	26
36.05	89
34.59	100
34.46	99
36.43	112
33.34	100
33.34	101
35.4	93
33.08	39
31.72	73
33.81	156
34.52	80
33.52	116
32.26	113
33.91	147
32.46	111
32.89	88
32.29	107
33.73	117
34.35	113
35.49	90
35.72	109
37.18	101
35.58	96
34.18	114
34.79	104
35.74	98
36.08	39
34.08	69
32.52	77
37.45	173
37.43	206
33.13	208
31.96	208
34.71	110
33.28	101
37.31	18
33.92	194
33.5	83
33.61	33
32.89	104
33.33	104
40.9	57
38.9	196
46.57	49
35.01	120
34.02	79
33.59	96
31.99	117
33.14	104
33.11	118
33.57	106
31.67	17
41.66	66
33.6	65
33.7	113
34.28	110
33.87	109
33.2	113
35.84	108
34.08	92
34	108
35.35	55
34.89	92
34.11	92
39.42	180
34.37	158
35.5	62
34.97	118
35.17	89
34.4	104
35.5	83
37.08	103
34.31	91
33.87	111
35.2	81
34.4	166
34.73	175
36.41	86
32.67	11
35.53	144
34.77	138
34.46	64
34.87	58
33.98	111
34.17	66
34.92	111
34.6	96
33.25	103
34.11	88
35.1	92
32.97	117
33.92	135
32.04	91
33.28	17
34.84	105
32.96	112
34.85	61
33.32	74
32.25	114
38.76	198
33.15	101
32.51	118
35.36	75
33.26	78
34.32	63
33.28	53
32.57	28
34.45	114
36.7	82
33.76	109
32.4	45
42.63	39
40.32	63
35.48	46
33.31	106
33.43	106
33.66	118
34.83	104
33.02	87
34.74	79
32.16	113
38.28	198
38.74	197
34.67	122
37.59	54
34.8	48
32.24	14
33.31	111
34	82
34	49
34.7	73
35.29	61
44.12	17
34.08	106
34.43	115
35.4	79
33.53	113
33.27	187
34.22	107
32.74	117
35.15	77
33.08	105
33.29	107
33.94	112
39.23	65
33.54	87
33.59	82
33.32	204
33.64	99
36.4	93
34.32	35
35.86	97
39.56	201
33.82	194
44.68	36
32.89	80
39.07	198
34	73
37.84	194
34.33	126
42.28	44
42.76	45
33.14	102
33.74	116
33.73	59
31.76	118
33.48	168
32.82	117
32.56	115
33.95	109
33.53	93
33.47	93
33.19	62
47.4	39
32.59	63
34.05	108
33.64	106
40	44
34.94	204
32.74	33
32.84	31
32.86	116
33.77	54
43.28	64
33.4	169
33.99	62
32.7	43
33.98	74
33.04	49
33.5	138
38.51	197
33.23	92
32.36	111
34.83	124
34.22	112
41.3	45
41.87	48
35.87	107
34.75	51
36.44	65
35.86	62
34.32	103
36	100
35.35	117
35.64	170
34.07	100
36.62	86
34.35	112
35.53	90
35.1	112
34.32	111
34.55	116
40.53	183
36.47	108
34.02	100
39	189
34.85	114
34.2	178
33.01	104
33.41	98
33.63	77
34.5	110
33.54	112
33.58	105
33.23	186
35.07	46
31.95	37
33.4	105
34.21	98
46.02	50
34.28	82
32.47	58
32.24	164
32.07	117
33.32	46
32.77	112
34.86	110
35.35	97
34.43	106
34.38	34
35.43	177
35.03	176
35.18	111
33.68	115
34.29	114
36.35	83
41.96	81
42.65	200
34.17	105
35.3	103
33.98	57
34.19	39
33.07	21
33.04	83
33.9	54
34.01	107
43.42	48
33.08	188
33.89	86
30.04	19
33.42	171
34.18	100
33.37	57
33	55
33.42	95
33.75	68
35.04	112
33.59	110
34.83	93
33.41	114
33.2	108
34.59	50
34.71	112
37.11	105
33.31	108
35.48	154
33.68	14
34.35	104
35.04	123
34.38	73
36.84	205
33.77	89
38.69	203
32.96	96
33.58	89
33.81	112
34.79	81
33.49	34
33.47	79
34.21	206
33.59	84
34.43	124
32.41	98
33.09	78
32.94	17
31.49	26
45.24	48
45.79	50
34.55	70
46.34	22
34.3	28
46.58	12
40.55	210
34.2	116
35.09	89
44.83	48
32.69	106
32.65	58
33.59	86
31.79	113
32.28	103
32.28	103
34.89	96
33.17	193
32.01	104
32.89	108
34.61	110
34.68	97
34.89	84
33.28	108
35.23	57
33.42	66
38.46	148
34.13	134
33.51	132
34.99	78
32.09	108
32.81	111
32.58	96
38.23	62
32.93	113
34.43	165
33.73	111
30.89	107
33.41	41
37.77	197
33.82	114
33.72	119
33.17	122
33.93	104
32.92	130
33.98	87
34.25	71
32.7	114
33.57	130
35.18	77
33.65	130
33.14	102
32.59	132
34.01	82
31.69	123
33.38	124
32.73	126
33.41	124
32.67	123
33.69	89
32.64	128
34.44	107
33.4	123
32.36	121
33.11	102
34.23	118
33.7	130
34.11	45
34.61	169
34.07	107
33.06	108
34.4	182
33.55	120
36.43	66
34.05	50
34.79	86
32.79	129
32.48	121
33.11	102
33.11	103
33.47	107
34.06	75
33.53	90
33.17	128
33.92	97
31.34	127
33.28	160
32.79	129
33.11	102
33.04	131
33.38	107
33.65	97
34.1	130
32.71	56
33.04	130
33.26	125
35.11	169
32.49	133
32.71	129
35.07	128
33.88	103
32.19	126
32.48	124
33.9	102
32.63	131
34.17	109
32.36	86
31.77	126
32.84	131
34.89	55
34.62	123
33.24	112
33.64	98
34.31	82
32.62	120
32.13	124
33.06	128
31.67	131
34.76	117
34.61	82
32.43	131
32.54	104
32.83	119
34.15	121
34.12	117
33.12	63
32.43	131
32.67	84
33.13	63
33.45	90
34.45	108
34.66	105
34.44	131
34.24	110
34.16	75
34.19	130
34.14	103
33.45	128
31.87	130
34.58	127
35.77	85
36.37	120
35.4	78
32.23	130
34.74	69
35.1	100
34.22	129
34.84	90
35.94	111
36.11	76
35.76	101
33.63	73
34.09	113
36.11	81
34.07	109
32.61	130
33.07	123
35.8	89
33.97	168
33.26	102
33.26	102
35.25	77
33.89	116
34.04	127
36.76	81
33.92	129
33.64	51
32.82	124
33.26	128
35.65	65
35.16	51
35.71	59
33.66	111
33.01	124
34.58	81
32.26	132
35.65	186
35.85	107
34.54	83
33.94	106
33.71	56
33.38	206
31.4	117
34.91	107
34.28	72
32.99	83
32.35	128
33.21	21
33.6	130
33.92	115
34.75	145
33	106
33.56	128
33.84	116
34.64	129
33.44	119
32.16	131
32.62	97
33.05	126
33.75	110
33.61	122
32.94	22
34.51	90
34.21	112
32.44	98
32.56	131
35.3	217
34.23	111
34.15	87
32.65	131
33.52	113
34.54	114
33.61	129
34.51	56
33.71	55
33.5	106
34.26	120
33.37	102
34.1	107
32.59	123
34.05	132
32.82	133
33.4	49
33.34	106
33.98	92
32.32	107
33.98	63
34.45	127
33.27	130
32.9	100
33.94	216
33.72	115
33.28	117
34.36	129
34.43	41
34.64	96
33.39	129
33.79	127
34.02	232
34.55	98
34.66	97
33.73	248
33.8	60
32.41	132
33.71	132
34.68	120
33.01	111
33.01	111
32.99	232
33.87	128
33.87	128
33.87	128
33.81	129
35.58	127
33.52	95
33.48	63
33.4	61
35.06	118
32.8	261
33.68	83
33.33	63
32.78	253
32.04	34
34.5	104
36.83	80
33	132
33	132
32.64	112
34.73	130
33.08	103
33.11	103
32.64	91
33.5	93
32	116
33.89	182
33.27	131
33.24	132
34.02	107
34.29	105
35.23	132
33.14	55
31.6	124
34.02	59
33.52	78
33.22	250
33.73	124
34.35	100
31.56	119
32.15	117
33.34	106
32.06	126
33.51	127
33.56	113
32.26	56
32.26	133
32.37	128
33.17	74
32.29	77
31.46	131
35.21	51
33.51	125
33.38	120
32.61	113
33.35	131
34.14	114
32.99	128
33.83	126
33.74	123
33.37	99
32.78	132
