sim	len_diff
33.68	101
33.84	161
35.44	123
34.03	115
35	106
34.53	82
33.93	88
35.3	102
32.04	126
33.54	133
33.77	224
32.5	130
34.21	102
33.86	130
31.42	133
33.49	94
34.94	127
32.94	120
33.11	116
33.48	202
34.14	170
32.87	101
34.25	178
32.74	130
34.46	108
34.09	26
34.98	91
34.83	100
33.88	109
34.38	120
31.55	121
32.31	131
32.31	131
32.24	86
33.56	169
33.15	52
33.36	105
32.47	87
34.66	149
32.06	128
34.19	195
32.95	103
34.67	107
32.51	133
32.51	133
32.51	133
32.51	133
33.48	100
30.31	16
30.31	16
33.05	80
34.35	71
31.88	119
35.14	107
35.04	98
33.55	115
32.41	130
32.84	125
32.17	125
32.21	130
32.21	130
33.25	85
31.99	106
33.04	130
34.27	100
34.46	109
32.46	121
31.39	130
33.12	103
32.54	131
33.27	103
32.05	132
33.77	120
33.75	38
33.32	69
33.44	73
32.48	250
31.82	116
33.01	99
32.49	96
33.31	73
34.42	110
33.02	123
34.05	126
33.33	115
34.08	23
34.34	88
32.84	126
32.81	20
33.96	91
32.79	230
33.68	112
33.16	209
33.67	61
33.3	127
33.05	257
33.63	69
30.13	17
32.84	125
32.08	89
33.14	126
34.26	128
35.07	109
33.1	107
34.96	93
33.22	108
34.16	90
34.05	128
33.92	114
33.98	133
33.62	94
31.88	67
32.82	131
33.65	126
33.5	90
33.38	125
33.74	117
33.63	96
32.98	109
33.53	125
33.24	117
33.33	108
34.88	89
34.35	116
33.62	131
32.74	129
33.66	136
32.49	119
33.37	118
32.96	116
33.63	103
33.16	249
32.61	115
34.26	164
33.57	78
33.85	107
30.89	130
32.22	133
33.83	99
32.33	129
33.05	122
33.6	132
34.48	148
32.42	133
33.06	198
34.45	92
33.18	109
34.58	120
32.93	125
33.99	108
34.23	91
32.1	133
33.72	64
33.68	103
31.25	132
32.84	109
34.65	93
32.4	93
35.35	96
33	95
31.47	113
32.02	126
32	132
32.42	130
32.61	127
34.2	130
33.52	130
32.03	119
32.33	63
34.47	164
33.45	131
32.85	125
32.77	111
33.24	122
32.73	96
33.33	116
33.54	97
33.27	132
33.61	103
33.12	125
32.97	186
33.74	105
33.62	133
31.92	114
34.4	101
34.37	44
33.21	119
33.81	71
33.8	102
34.31	153
33.72	98
34.37	121
33.36	45
32.24	122
33.51	63
32.86	124
33.33	117
33.93	124
33.85	94
33.89	128
33.05	126
32.87	132
33.97	120
33.23	108
33.21	116
31.87	14
33.31	100
33.24	260
33.63	108
33.06	133
32.46	131
31.78	130
33.14	124
33.42	124
33.42	123
33.31	116
33.59	116
33.77	103
33.09	76
34.47	111
34.02	131
34.25	102
35.01	104
34.29	93
32.47	134
34.34	120
31.06	134
32.84	123
34.66	115
32.46	118
33.26	103
33.98	96
33.98	96
33.64	116
32.6	232
31.43	130
34.26	100
33.82	109
33.09	129
32.81	132
33.02	263
32.53	130
31.97	122
34.64	102
33.07	106
34.37	115
32.37	128
32.4	132
33.93	60
33.07	98
33.01	99
33.15	99
32.45	131
33.01	99
32.21	117
32.6	130
34.37	103
33.92	90
33.7	120
33.82	97
33.03	108
33.1	103
33.07	131
32.82	104
33.45	109
32.91	119
32.84	123
34.1	104
33.03	81
31.64	134
33.71	123
34.42	108
34.58	110
35.17	92
34.01	85
34.41	110
33.48	54
33.71	130
32.51	132
34.25	97
33.87	129
32.77	116
33.84	130
34.06	59
32.13	130
33.62	127
34.86	97
33.49	94
33.4	115
33.41	224
33.97	108
34.49	84
33.58	264
32.1	130
34.09	146
32.83	134
34.32	87
31.15	128
33.21	48
33.68	99
33.64	72
31.8	125
33.08	104
32.83	125
33.36	126
33.96	113
34.27	97
33.26	116
34.52	128
33.37	116
34.94	98
32.05	133
35.03	69
35.28	122
33.08	125
33.64	122
35.1	60
34.4	122
32.52	121
35.56	87
36.18	103
32.65	128
33.31	134
34.21	102
30.71	134
31.56	133
32.6	109
35.27	120
33.68	111
34.46	67
35.27	120
34.28	119
33.86	107
33.23	122
32.33	225
34.07	133
31.45	125
34.88	113
33.26	107
32.25	134
33.23	115
33.5	120
32.81	22
33.59	104
34.49	194
33.52	123
35.22	126
32.56	130
32.39	130
34.58	114
33.18	65
33.57	64
32.47	80
34.41	150
33.91	119
32.33	25
33.13	109
33.01	73
34.5	190
33.81	101
33.92	105
35.62	144
35.4	91
36.36	61
36.14	99
33.66	117
34.42	195
34.78	115
34.89	29
33.95	102
33.77	92
34.34	80
33.67	84
33.54	147
32.57	79
33.2	81
32.99	91
33.82	68
32.54	117
33.15	102
33.2	85
33.69	55
33.55	64
33.48	96
34.51	73
32.53	119
34.36	89
32.29	45
35.32	71
33.3	90
36.13	101
34.02	94
33.45	67
34	105
35.62	131
34.9	88
36.57	104
35.6	41
34.19	68
32.47	74
34.55	107
36.42	85
32.94	107
35.13	96
33.91	112
36.6	31
34.93	62
35.96	100
34.92	78
34.44	106
31.71	59
31.08	94
35.27	92
32.14	16
32.41	61
34.21	97
35.77	75
33.4	98
33.43	76
33.83	150
33.1	61
33.3	161
30.21	3
34	62
32.4	25
33.1	117
32.5	31
30.59	12
32.28	22
35.1	91
34.31	119
36.09	113
33.97	108
34.18	105
35.9	70
35.44	123
34.63	110
33.74	212
35.89	110
34.82	39
35.13	134
35.89	97
34.48	187
34.73	101
35.28	103
33.54	101
34.18	50
34.33	69
35.72	87
33.78	108
33.53	80
34.43	92
33.15	39
34.36	105
34.64	62
35.49	107
31.97	92
34.41	95
34.01	115
34.64	164
33.64	107
33.77	105
34.55	111
34.4	13
34.77	71
34.15	198
34.22	59
35.17	111
34.47	116
33.85	147
32.91	93
32.96	114
32.14	95
32.78	88
33.77	56
34.46	72
32.75	203
31.91	37
32.44	50
34.04	90
34.81	73
34.32	81
33.1	73
33.52	109
32.75	77
33.54	160
32.96	111
33.24	107
33.23	67
32.29	28
34.65	174
33.15	107
33.62	32
32.64	113
34	106
35.47	99
33.06	9
34.91	104
34.07	61
34.28	84
31.73	19
33.47	157
33.77	84
33.66	112
33.36	129
33.86	94
33.43	134
32.4	100
32.4	70
33.56	106
34.62	95
36.97	98
35.12	94
35.29	119
34.98	57
35.04	169
33.33	113
35.42	96
34.63	72
34.25	89
33.55	100
35.02	90
34.4	111
34.46	159
33.24	113
35.48	104
35.07	44
31.92	10
30.78	111
33.23	212
32.69	115
32.02	112
32.71	215
32.62	168
32.34	94
33.19	129
33.6	199
33.27	60
34.16	98
33.73	83
34.32	80
33.57	48
35.05	40
34.6	103
34.06	23
36.62	111
33.43	34
35.17	154
33.01	24
33.45	118
33.17	56
33.6	75
33.76	88
34.5	74
34.34	115
35.94	116
34.84	59
36.02	69
35.03	100
32.52	116
33.08	162
32.73	85
33.65	118
33.45	113
34.3	104
34.23	113
33.26	116
34.2	84
33.25	97
32.8	118
33.71	117
35.38	128
34.98	116
36.13	90
36.13	118
34.44	52
35.73	100
32.92	113
35.2	80
33.71	118
33.78	118
32.7	101
34.33	85
33.56	102
32.57	110
33.88	97
34.15	107
32.95	93
33.74	93
35.19	92
34.02	113
34.35	96
34.58	177
34.78	119
36.25	117
37.79	89
37.97	101
34.99	192
34.79	113
35.45	97
33.5	74
33.14	107
34.5	64
34.71	75
34.43	149
35.18	82
33.9	101
34.63	110
33.44	96
34.26	163
34.16	92
33.91	134
33	113
34.19	109
34.43	90
34.94	100
36	61
34.04	110
33.65	54
34.94	103
42.63	66
32.05	76
33.26	119
34.23	115
32.37	94
32.07	101
32.93	36
35.45	91
33.39	115
32.72	116
33.06	87
34.31	50
35.16	113
33.82	117
34.09	101
33.96	92
32.87	119
32.41	43
34.15	97
34.33	98
33.92	113
34.58	100
34.88	116
33.66	119
34.63	41
35.39	50
36.81	85
34.51	115
36.11	98
35.41	115
35.07	122
35.19	117
34.55	117
34.72	42
35.04	94
34.1	115
34.77	153
35.62	117
34.3	96
35.02	99
35.22	207
35.94	74
33.79	107
34.15	88
36.5	95
34.65	122
34.61	119
31.51	3
35.67	109
34.23	166
33.35	107
33.01	102
33.91	167
34.41	84
34.51	96
33.43	111
34.25	108
34.4	103
34.23	89
32.61	85
34.6	173
33.66	112
32.73	119
33.67	114
32.34	117
35.34	85
34.37	85
33.28	43
34.82	62
31.2	117
34.94	95
32.1	114
32.22	109
33.97	107
31.43	87
31.97	95
32.78	41
32.52	32
31.2	117
34.91	172
34.73	59
34.5	46
31.37	3
33.56	109
33.56	111
35.58	91
34.97	68
33.77	119
35.31	46
35.29	77
33.94	105
34.3	102
34.27	118
35.15	100
34.86	113
34.97	79
35.86	110
33.41	24
35.19	112
31.56	187
31.4	32
33.51	118
33.51	53
33.72	66
33.7	92
32.03	74
33.01	114
33.2	96
33.45	138
33.83	87
33.49	64
33.75	70
31.45	67
33.12	181
32.3	189
33.53	79
32.6	32
31.98	39
33.2	117
33.36	114
33.39	114
33.07	91
33.29	114
32.95	176
36.28	121
31.83	50
32.88	107
33.03	97
32.47	114
34.79	104
35.37	96
34.56	96
33.42	35
35.05	128
34.75	114
35.11	109
34.76	138
34.22	40
34.96	118
33.27	63
34.51	83
33.16	104
35.07	80
34.9	111
34.51	87
34.82	102
34.23	119
33.01	99
32.38	92
34.04	215
35.33	102
32.98	32
32.49	92
30.55	4
46.31	33
33.33	109
34.11	142
33.68	156
34.78	95
35.04	113
32.92	50
33.61	66
35.35	115
34.28	97
33.74	118
31.56	14
34.39	193
33.63	119
35.16	87
35.11	47
31.28	21
34.4	70
34.94	51
35.35	79
34.12	52
35.06	130
34.95	101
35.52	57
35.68	76
32.6	67
31.48	21
31.95	110
33.2	85
32.29	89
33.67	125
33.01	85
33.07	49
33.11	64
33.08	60
34.29	183
33.1	119
33.74	95
35.8	97
33.82	200
34.07	71
33.9	104
35.21	54
34.4	105
34.23	73
35.02	162
34.02	144
34.35	92
35.9	100
34.23	40
35.76	95
35.53	102
36.02	49
34.98	83
34.18	118
32.87	68
35.53	196
34.49	113
34.1	109
34.15	72
34.45	98
34.51	87
33.88	111
35.55	113
32.54	30
34.08	202
33	145
32.01	19
33.83	172
33.19	119
32.65	114
34.27	102
32.34	117
32.93	110
33.39	115
34.71	98
33.51	82
33.4	56
34.3	99
34.38	101
35.55	89
35.98	131
35.31	108
34.15	95
34	110
34.89	155
34.11	112
35.98	107
35.21	149
33.95	97
33.41	43
35.14	98
34.31	115
34.48	188
35.82	102
33.02	114
34.38	32
34.72	84
34.57	113
34.6	98
35.49	109
35.94	187
43.63	23
44.53	0
35.54	111
37.33	100
33.6	119
33.78	64
34.04	119
34.24	68
35.89	110
34.74	69
35.43	115
36.4	107
35.19	106
33.79	95
32.6	113
32.92	105
35.43	87
34.63	92
35.27	118
33.67	90
33.34	119
34.96	194
33.31	42
34.92	117
35.81	108
33.62	87
33.89	98
34.86	118
34.16	84
34.43	193
34.48	106
34.39	112
33.3	118
35.25	150
34.46	211
33.36	119
35.91	130
34.43	93
34.83	148
33.67	22
33.26	118
41.84	66
35.62	147
34.3	119
44.57	61
35.31	99
34.06	128
35.2	95
34.02	64
34.68	54
35.34	105
33.17	85
34.97	101
35.11	88
33.81	20
33.15	48
34.2	86
34.79	74
33.88	102
31.77	112
32.06	116
30.88	11
34.16	162
33.48	185
33.92	74
35.35	87
33.79	114
32.96	81
33.1	115
33.86	190
34.75	106
34.52	107
34.33	52
34.13	79
34.87	54
33.98	83
32.89	50
33.11	87
32.83	117
33.74	117
34.02	97
33.3	114
34.23	179
34.75	107
34.93	115
35.52	99
35.56	99
35.26	179
34.33	99
35.22	115
34.8	183
34.75	114
34.5	116
33.87	89
33.53	113
33.51	102
35.35	73
32.85	107
33.38	71
34.36	118
33.82	87
33.36	175
34.36	54
35.3	119
33.98	67
34.73	181
33.32	70
34.01	103
32.01	81
34.8	117
34.32	75
31.46	28
34.6	82
33.95	111
33.01	53
33.21	112
33.27	118
33.45	110
33.92	187
33.34	96
32.53	116
34.76	107
33.75	100
34.76	115
35.37	117
34.33	108
35.39	136
35.13	160
34.9	109
35.59	85
47.95	54
33.98	21
34.85	113
34.16	104
32.98	96
32.79	79
33.18	103
33.12	21
34.85	162
34.84	74
34.26	111
36.65	93
34.29	32
35.14	114
33.9	105
33.96	100
34.16	106
33.9	105
33.37	78
34.01	110
33.9	105
35.28	134
35.83	108
35.3	57
34.25	176
34.17	103
34.99	149
36.61	78
36.52	78
34.21	208
33.63	125
34.29	117
34.81	36
33.86	181
32.96	112
32.96	30
32.15	23
33.56	107
32.14	61
33.32	52
32.81	113
33.65	119
33.11	165
33.57	49
33.14	145
33.99	106
34.52	146
32.44	116
32.78	64
33.66	109
33.14	92
32.39	118
33.13	174
33.88	117
32.07	111
32.77	67
33.44	208
31.08	2
33.56	115
32.97	65
32.84	115
33.73	91
34.57	81
34.62	103
32.97	113
34.2	114
34.82	108
34.09	213
33.76	80
36.14	86
34.74	162
33.73	50
31.73	10
33.38	97
31.74	117
32.94	143
33.99	87
33.39	116
34.23	67
33.14	37
33.81	175
33.88	115
33.76	51
34.02	116
34.84	89
34.46	90
34.3	97
34.95	130
35.09	94
33.29	114
33.86	74
34.69	117
35.35	87
35.17	89
34.44	119
34	114
32.34	101
34.35	201
34.42	105
35.83	91
34.78	65
33.57	72
35.2	179
33.97	103
34.5	91
31.77	151
33.5	105
32.91	92
35.69	98
32.93	132
33.59	92
31.2	36
32.42	117
33.57	120
34.84	90
34.55	108
34.46	90
34.4	102
34.76	140
34.72	148
34.18	106
33.88	113
36.33	41
34.66	96
32.88	112
36.31	84
35.73	81
35.07	109
36.1	113
35.59	61
35.99	129
35.06	102
35.16	65
32.81	119
33.69	44
32.75	113
45.99	76
32.95	106
31.75	37
33.39	117
34.06	116
33.63	45
34.23	65
33.91	80
32.7	103
33.55	81
33.72	57
35.3	103
34.91	158
33.93	41
34.33	103
32.76	98
32.76	71
33.52	110
34.56	97
33.51	115
34.28	205
34.32	47
51.02	2
32.26	106
34.97	89
34.5	115
33.63	67
34.32	72
34.47	113
34.9	45
35.98	112
34.02	100
35.06	118
35.23	106
35.69	96
34.57	71
34.66	71
34.58	94
34.09	157
34.1	68
35.18	29
33.56	102
36.2	56
32.74	118
34.01	96
34.03	99
34.02	106
34.58	105
33.37	111
34.13	106
32.72	117
34.04	169
34.5	153
34.43	167
34.4	112
33.18	67
35.04	106
33.04	118
33.96	31
34.38	42
32.64	90
32.6	31
33.57	81
34.33	108
34.36	99
34.6	66
33.34	42
32.56	8
32.91	108
35.31	136
34.06	66
33.97	102
32.78	116
34.01	111
33.9	92
32.28	43
34.85	97
35.08	204
34.69	138
35.4	113
34.35	209
35.06	67
34.43	118
34.76	97
33.91	118
35.75	92
34.05	63
32.95	114
42.89	49
34.64	199
34.64	150
34.59	206
35.13	49
34.48	80
34.66	90
33.85	71
34.51	75
30.75	2
34.97	156
33.7	21
34.44	100
34.05	110
35.76	93
33.38	9
34.5	101
35.03	82
34.49	118
34.59	52
33.67	68
34.4	102
33.17	180
33.8	92
32.89	116
33.89	54
34.15	119
48.11	56
34.06	93
30.86	16
32.07	45
35.71	118
33.6	56
31.9	57
34.1	104
34.39	98
34.42	91
33.72	117
33.75	50
34.24	94
35.78	96
35.62	63
35.14	115
34.34	101
36.2	97
35.04	91
34.01	70
33.12	101
34.56	107
33.72	114
34.68	104
36.62	118
35.4	90
34.99	151
35.61	132
34.42	109
34.58	193
35.81	117
34.48	118
33.57	129
35.71	129
33.8	76
33.58	100
34.23	93
34.35	85
34.62	84
31.44	5
34	130
33.5	53
33.61	103
33.71	58
33.81	111
34.02	103
34.01	83
33.04	114
34.7	118
32.86	76
33.85	96
34.03	39
34.57	48
34.67	115
33.32	118
34.66	194
35.05	68
35.43	88
34.43	154
33.2	21
33.7	109
34.42	36
35.34	119
33.45	30
34.32	89
34.69	80
33.16	85
33.63	109
33.45	107
34.26	94
34.92	123
34.17	99
46.71	60
33.69	111
33.45	94
33.75	41
33.85	80
32.4	116
32.84	109
32.17	117
35.07	95
33.65	82
32.94	111
30.08	32
33.48	195
34.19	123
34.57	124
33	88
33.89	90
33.5	89
33.47	52
33.42	57
33.13	32
34.11	184
36.18	78
35.62	87
32.73	114
34.39	103
35.8	67
35.19	63
34.3	204
33.93	107
36.48	80
34.42	86
34.5	115
34.37	95
34.34	119
34.06	100
35.13	102
34.08	116
33.72	200
34.52	115
35.11	75
34.2	110
35.46	85
33.21	117
33.68	104
33.53	110
34.07	68
35.12	105
34.69	101
34.77	84
34.24	97
32.6	38
34.36	77
35.07	114
33.4	26
36.42	92
34.6	113
35.68	107
35.37	84
34.84	119
33.63	86
34.72	179
34.1	103
34.18	90
35.24	112
33.28	108
33.97	81
34.53	81
34.39	90
32.72	113
32.53	77
33.72	118
32.58	90
32.87	99
33.1	170
33.41	50
30.55	37
31.88	106
32.46	41
34.27	73
34.24	111
35.3	86
34.51	119
34	112
34.23	115
34	107
35.48	191
33.82	94
34.66	73
33.74	97
32.98	88
34.92	114
35.22	81
33.07	94
33.2	201
32.17	116
33.12	97
33.41	90
35.09	92
33.85	72
34.94	104
33.14	72
32.49	108
41.09	46
31.62	65
34.26	48
33.12	106
33.85	56
33.87	130
32.75	204
34.34	95
31.35	201
32.78	100
30.2	17
32.92	90
32.72	110
33.26	176
31.76	30
33.6	204
34.24	86
32.51	39
35.28	63
35.04	111
35.66	92
35.21	110
34.31	105
35.2	68
34.66	106
33.13	93
33.75	107
34.7	177
36.62	100
34.84	111
35.59	97
35.55	145
36.46	111
34.79	117
32.77	114
35.03	101
35.67	102
33.8	177
35.11	110
33.72	119
34.29	111
32.96	118
33.86	111
33.68	179
32.92	119
34.89	112
35.12	122
34.82	193
33.03	26
33.82	108
33.93	92
33.86	88
36.08	124
46.04	61
33.7	86
33.59	96
34.6	62
32.85	113
33.44	112
32.59	67
33.24	205
34.12	141
34.91	149
34.93	81
33.85	112
32.97	109
32.96	109
32.18	64
32.24	30
33.4	92
33.65	102
34.02	113
32.46	27
33.31	167
33.12	25
34.25	101
33.98	107
32.84	117
34.66	38
35.69	89
36.44	99
34.87	34
34.48	69
33.75	114
36.07	81
35.65	65
33.67	121
33.48	169
34.47	87
32.09	115
32.82	84
34.14	72
32.89	166
34.52	98
32.58	114
32.68	39
33.05	119
34.48	116
33.85	116
33.83	113
34.76	116
36.52	113
33.8	107
37.61	100
35.16	107
34.56	117
36.93	87
31.86	106
33.37	116
33.01	183
32.26	202
33.93	214
33.43	157
33.97	81
34.07	195
35.25	119
34.71	155
30.9	13
36.8	70
34.53	119
35.2	56
34.82	68
34.28	93
33.61	113
34.01	86
35.89	99
35.86	96
34.83	64
33.82	106
33.15	119
34.73	110
34.58	136
34.19	94
35.93	90
33.96	115
34.38	67
34.84	119
33.02	182
33.53	149
31.69	86
33.41	126
33.26	111
34.29	109
34.7	112
33.5	102
34.06	80
33.15	116
33.72	124
33.08	106
35.18	70
32.97	112
34.92	82
33.32	115
41.11	25
34.21	81
34.47	71
34.72	111
33.56	80
33.38	117
33.06	79
33.4	98
32.94	102
33.15	183
34.3	181
34.8	112
32.79	118
32.59	97
35.86	57
34.1	117
34.59	115
34.39	79
33.43	37
36.55	80
34.91	118
34.71	130
34.51	192
36.03	85
35.56	59
35.47	68
33.74	117
36.15	84
36.31	94
36.27	88
34.35	180
34.33	146
35.53	111
33.86	91
34.28	83
34.18	116
35	85
35.05	109
34.63	71
35.46	118
36.1	69
35.49	92
34.86	84
32.84	114
35.18	108
35.98	79
34.73	102
34.51	118
35.45	36
35.59	77
33.84	52
34.75	44
34.33	49
35.07	89
34.74	100
33.88	109
34.4	113
35.2	201
33.98	24
33.75	71
35	40
35.69	102
35.51	86
34.15	211
35.75	99
36.39	133
33.01	119
35.03	105
33.82	118
36.11	133
34.96	59
35.44	92
34.78	113
34.31	149
36.15	90
34.9	118
33.62	117
34.15	105
35.09	33
35.12	84
34.03	53
33.28	118
35.06	106
35.44	98
33.92	77
34.63	96
34.28	66
33.75	96
35.46	57
34.11	108
33.87	99
34.44	73
34.45	106
33.47	115
33.99	21
34.23	92
33.47	115
33.26	23
34.73	112
35.76	152
34.57	92
34.1	109
35.2	90
36.68	102
33.16	118
33.07	97
34.27	110
33.67	201
34.05	56
33.79	103
34.78	102
32.36	114
34.19	80
34.53	53
32.66	64
33.47	88
33.19	187
33.25	72
33.6	168
32.88	23
33.91	73
32.42	89
33.07	64
32.56	43
34.19	52
35.91	84
33.22	119
31.77	18
34.01	113
33.42	206
33.82	95
33.21	112
34.6	112
33.86	88
35.09	83
32.84	66
33.5	75
33.54	34
35.22	115
35.11	90
33.11	109
33.26	105
34.01	23
34.73	74
35.23	111
35.76	111
35.33	71
33.29	43
34.67	67
34.13	20
34.55	118
35.61	102
33.19	102
34.79	112
35.05	191
35.91	100
35.07	35
34.8	36
34.54	112
34.55	118
32.76	8
34.15	112
34.68	103
34.79	83
34.74	119
34.34	117
34.36	53
34.97	114
34.94	119
35.37	66
35.89	70
31.79	10
35.28	215
32.78	7
33.78	89
35.15	77
33.9	103
33.95	86
34.34	159
33.12	115
33.68	87
34.36	90
34.43	67
34.62	111
33.81	115
35.19	203
35.03	58
36.65	90
32.94	117
33.89	177
37.05	95
34.26	118
35.02	115
34.37	109
33.58	32
33.93	74
33.74	72
34.81	119
34.4	109
34.97	77
33.95	108
33.54	56
36.19	89
34.17	200
36.15	116
35.55	89
34.08	190
34.79	82
34.37	35
35.49	88
34.21	115
34.96	95
34.39	111
33.57	107
33.82	211
34.1	92
32.96	187
31.57	15
33.58	101
33.64	100
34.01	90
32.95	117
34.37	145
33.89	51
35.23	127
34.04	154
33.51	40
34.82	77
34.01	112
34.54	41
34.69	54
32.55	24
34.15	200
33.95	75
33.53	97
34.92	117
34.84	94
34.26	96
34.01	117
34.73	112
35.4	149
35.23	110
34.02	60
34.39	102
34.92	84
34.45	52
34.89	94
34.81	25
32.55	116
34.01	199
33.57	105
33.33	42
36.12	74
34.67	96
35.27	112
36.39	72
35.08	88
34.2	115
34.44	118
34.92	188
36.4	81
34.08	66
34.68	33
35.06	19
34.47	85
33.94	116
34.65	183
32.81	42
32.3	40
33.89	107
33.37	83
34.76	94
34.24	177
32.24	28
33.86	61
35.99	148
33.55	24
33.98	85
34.85	108
34.46	112
33.56	117
34.59	60
35.6	59
35.88	86
33.94	84
33.97	109
33.69	81
34.42	105
34.7	81
34.62	80
34.14	117
34.14	117
35.55	69
34.95	56
32.44	74
33.83	109
32.23	103
31.65	109
33.28	110
33.05	170
33.75	70
34.13	109
32.91	116
33.28	113
35.29	118
34.1	92
35.25	107
33.97	108
33.98	117
34.14	92
34.61	53
34.03	84
34.16	116
36.74	93
35.43	197
35.04	68
35.47	120
34.72	113
34.38	114
35.65	67
34.11	107
36.13	93
35.95	58
33.15	98
33.44	27
34.83	119
33.63	115
32.44	116
33.62	108
32.55	113
33.93	202
34.02	125
34.49	59
35.27	87
33.68	110
34.78	96
33.06	43
34.45	142
34.1	195
34.33	117
33.26	86
36.11	73
34.23	112
33.36	204
35.92	84
34.68	45
34.87	104
35.68	110
37.71	99
33.29	28
33.97	116
35.76	92
33.57	119
33.63	58
35.37	114
34.7	92
32.98	109
33.16	36
33.28	88
33.62	80
33.38	115
36.09	104
33.86	98
34.03	89
34.16	71
35.68	100
34.73	105
33.56	93
33.22	117
34.15	110
33.54	16
34.15	71
33.94	118
35.25	125
33.48	32
34.82	91
32.47	119
34.2	212
36.31	63
33.73	184
35.94	85
33.88	103
34.88	110
35.13	84
35.18	81
34.24	94
34.2	181
32.52	117
34.63	112
34.12	115
33.41	115
34.42	100
33.1	45
35.04	46
33.26	117
33.95	117
33.32	82
34.55	116
34.12	97
35.09	113
34.75	84
33.97	67
45	48
34.36	90
34.86	73
33.89	105
33.08	118
36.31	112
36.72	90
33.42	105
32.74	114
35.59	73
34.04	48
33.21	113
33.26	63
32.53	156
32.38	116
33.71	40
33.12	54
33.84	136
33.09	118
33.98	128
33.08	98
33.6	109
34.39	111
34.63	83
33.23	100
32.06	62
33.91	120
34.64	79
32.76	20
37.01	96
31.87	119
33.67	13
33.86	97
33.67	110
32.46	55
33.03	116
31.76	22
33.34	117
33.89	103
34.41	75
35.1	163
34.1	137
35.27	101
34.22	167
32.69	2
34.42	85
34.44	107
36.33	90
32.02	16
33.96	118
35.68	113
33.84	97
34.64	91
35.47	97
35.02	103
35.52	111
33.92	112
36.9	119
34.25	104
34.33	207
34.08	82
34.3	159
30.55	19
33.08	85
34.92	24
35.04	73
33.94	117
33.96	90
34.53	113
33.59	119
33.73	108
35.38	120
34.09	92
34.76	142
34.1	146
51.67	6
35.59	89
36.4	71
33.6	62
33.56	110
34.49	69
32.08	113
33.44	102
33.77	118
32.89	61
33.35	204
33.92	55
33.49	106
32.89	94
31.24	112
35.17	100
34.61	99
35.08	108
35.01	43
34.56	119
35.28	161
34.78	73
36.26	109
35.74	126
33.21	129
33.98	61
34.36	66
35.73	71
33.75	103
34.62	160
33.28	112
33.64	98
33.42	106
33.79	106
32.79	82
34.2	110
33.71	82
35.3	109
34.65	112
34.72	74
35.72	77
33.62	178
32.39	14
34.65	75
34.75	80
35.42	215
32.44	69
32.5	119
33.75	97
34.12	87
33.36	78
32.43	154
34.33	124
33.69	79
32.94	96
34.28	197
34.09	150
34.75	72
34.21	87
33.8	112
32.12	22
34.21	164
32.32	24
31.42	14
34.36	97
33.42	86
34.96	108
34.65	88
35.86	84
35.22	104
35.11	108
33.61	102
35.37	53
34.56	113
34.41	92
34.84	30
34.91	129
34.78	75
34.03	108
32.23	108
34.63	112
35.57	89
34.68	89
33.36	38
34.18	88
35.47	106
33.29	97
32.17	47
32.84	116
33.02	85
34.15	62
35.01	46
34.59	100
33.39	111
33.02	83
34.39	137
35.7	107
33.92	111
34.66	80
35.87	100
34.88	44
33.79	38
35	192
34.05	51
34.6	116
34.99	87
35.72	87
34.04	97
34.35	170
34.89	103
34.35	117
34.32	108
36.04	137
33.48	116
33.85	108
33.99	112
35.31	62
33.83	196
34.7	153
33.67	187
34.13	78
33.66	64
35.63	18
32.8	110
33.99	104
33.33	108
33.25	102
33.48	76
34.45	203
33.36	113
32.9	106
34.13	57
47.08	61
33.03	59
34.02	77
33.91	111
35.52	64
34.8	143
34.74	117
34.49	69
32.66	85
33.35	116
32.95	19
32.17	27
33.34	113
32.79	34
34.39	66
33.63	171
33.14	98
35.08	110
33.03	113
32.66	197
33.91	38
33.75	116
34.63	215
33.25	41
33.82	59
33.8	119
33.41	51
35.36	86
35.19	78
33.72	12
34.32	44
34.72	112
32.56	88
34.46	92
34.57	86
35.71	80
35.16	112
33.33	48
34.41	91
33.95	118
34.09	34
34.72	92
35.31	108
34.09	34
35.66	102
37.57	114
34.48	150
34.87	116
34.58	110
33.59	103
36.24	72
35.85	94
36.07	164
36.1	121
33.34	173
34.06	113
33.62	107
35.63	85
35.17	85
33.86	83
35.08	160
33.97	84
33.02	45
33.82	105
35.52	105
32.88	24
34.34	85
33.94	61
35.01	115
34.97	84
34.22	109
35.1	118
35.32	102
34.62	59
33.38	114
33.51	88
33.25	186
33.13	41
33.88	120
33.1	92
32.69	111
33.1	116
33.26	63
34.12	94
34.24	98
35.58	100
33.82	179
34.68	104
34.35	99
34.15	148
35.68	116
33.83	174
33.56	37
34.85	39
33.88	108
33.2	90
32.3	115
33.48	176
32.98	104
33.34	60
35.56	67
32.86	38
32.91	119
32.87	20
34.19	77
34.17	122
33.46	99
33.4	104
33.28	62
33.43	213
32.44	116
33.64	90
32.82	77
32.53	104
34.86	87
34.88	119
36.12	93
34.28	73
34.87	214
35.28	112
34.8	106
33.98	116
34.88	114
36.05	114
34.57	59
33.62	45
36.04	63
36.44	82
35.36	97
36.64	85
35.35	113
34.56	96
33.35	72
35.04	103
35.73	82
33.72	42
33.8	59
35.08	101
35.66	97
34.65	116
34.43	111
35.67	138
34.24	154
35.55	88
33.82	113
33.45	41
33.92	90
33.58	162
33.53	117
33.08	204
33.58	65
34.17	154
33.84	88
33.33	118
33.47	85
33.06	113
33.63	51
33.3	107
33.1	199
32.87	110
33.89	86
32.42	37
33	102
34.08	103
33.08	110
33.3	129
34.32	65
33.49	73
34.58	79
34.77	47
35.11	110
32.62	98
32.46	107
34.7	187
34.42	85
34.52	88
35.37	67
34.11	119
33.87	65
35.06	155
34.9	108
35.16	121
33.65	109
31.93	43
32.18	2
33.86	83
35.21	96
36	82
31.82	20
34.48	102
34.14	83
33.84	104
34.4	106
32.78	118
34.07	104
31.5	119
34	125
33.89	109
32.33	65
32.62	109
32.23	78
32.71	86
32.93	91
33.33	100
33.83	119
33.57	92
33.67	175
34.18	18
33.47	177
34.88	119
32.41	94
33.05	108
33.02	84
34.94	101
33.58	100
31.14	2
35.17	110
35.05	148
31.1	25
36.13	91
33.58	70
35.15	93
32.28	119
35.05	60
34.84	104
35.02	93
35.18	164
35.13	149
33.99	117
35.32	89
35.34	117
35.31	107
33.13	94
35.55	109
33.61	150
34.05	34
36.74	60
33.98	109
32.92	68
33.26	115
32.84	110
34.98	109
34.11	176
33.94	88
33.22	166
33	117
33.3	114
34.49	109
32.51	101
31.04	15
33.86	82
33.72	102
33.47	200
34.78	68
100	0
35.61	106
35.36	48
32.34	18
35.14	103
33.88	119
34.82	105
34.81	70
34.24	111
32.56	46
34.67	77
32.9	119
34.05	83
33.56	91
34.01	114
33.53	99
34.34	145
33.66	100
34.76	124
33.73	118
34.46	113
34.3	43
35.23	96
34.02	117
33.82	118
34.52	87
34.53	86
33.72	108
35.87	59
34.22	108
35.13	54
36.43	88
34.53	142
36.44	67
35.32	47
35.43	67
34.53	102
35.62	74
34.86	167
32.88	115
33.38	115
33.07	71
33.37	83
31.55	117
34.02	75
32.88	84
31.48	110
33.36	113
32.05	96
33.68	199
32.12	119
33.07	75
32.59	28
33.2	110
33.71	106
33.44	95
33.18	55
34.03	155
32.73	118
35.27	73
33.62	91
32.72	88
32.9	97
32.11	113
32.44	107
33.05	206
33.89	57
33.34	39
32.81	104
34.1	65
33.89	142
34.36	175
33.85	106
34.03	156
34.26	81
33.26	29
32.1	111
32.78	106
34.22	83
33.13	114
32.92	110
34.62	124
30.44	21
33.49	63
33.55	118
34.73	108
31.46	34
32.66	82
33.92	148
31.91	105
32.26	86
33.58	155
34.89	110
33.65	122
33.36	102
33.05	109
33.66	112
34.23	85
33.44	113
34.84	184
34.98	86
34.13	85
33.81	112
34.19	76
32.11	7
34.11	144
34.25	212
33.75	113
33.81	108
33.91	109
32.83	109
34.79	108
33.41	84
31.44	19
35.02	92
33.59	110
33.49	112
33.5	61
32.88	44
35.42	158
35.87	93
36.11	141
34.95	73
33.1	113
34.26	187
35.24	117
33.37	110
35.06	119
30.8	9
35.09	92
34.14	81
34.51	96
33.68	119
34.74	107
32.29	5
35.16	74
33.96	110
33.65	27
33.48	89
33.97	23
34.21	119
34.13	66
35.4	72
34.74	118
32.86	178
45.31	46
33.12	32
34.13	84
35.84	88
35.4	95
33.09	174
33.74	89
34.75	75
33.45	168
35.03	72
35.57	84
35.5	57
34.08	98
34.83	85
34.07	100
33.84	64
33.86	117
33.97	57
33.94	79
33.4	119
33.04	206
33.19	105
34.1	91
35.72	85
33.17	76
34.97	67
33.68	117
33.8	106
33.31	117
34.07	111
33.81	175
33.29	86
34.42	107
34.14	112
35.87	85
33.23	130
34.32	67
32.6	86
34.86	61
30.7	21
31.54	105
32.41	83
33.75	184
32.97	111
33.86	64
33.78	86
33.37	65
33.89	57
33.94	79
33.01	119
33.05	206
32.44	107
34.14	91
35.47	85
36.57	67
34.48	55
44.34	55
34.85	78
36.4	69
33.01	31
34.06	80
33.07	31
35.35	75
36.18	104
33.84	166
35.35	151
34.36	116
35.3	113
34.35	81
31.92	38
33.37	70
33.23	63
34.35	59
33.67	64
34.56	80
34.5	117
34.49	172
35.14	102
36.01	109
35.37	105
35.16	83
35.37	116
34.78	90
35.34	108
34.45	116
34.31	111
34.81	77
36.46	87
34.83	101
35.73	125
34.45	38
35.51	106
35.5	118
35.87	98
30	4
34.33	81
32.09	97
33.86	115
33.69	125
33.54	112
32.3	116
33.79	116
31.69	171
33.67	132
32.42	118
33.14	116
34.13	90
33	119
35.76	82
33.66	87
33.94	82
33.71	116
33.58	102
33.97	118
34.89	116
33.28	108
33.67	97
33.78	115
34.11	106
32.78	117
33.21	112
35.73	61
33.8	113
35.13	123
34.6	207
36.05	76
36.25	50
33.72	74
35.82	116
34.75	162
34.84	115
36.71	94
35.39	86
34.54	56
32.71	115
34.12	67
35.4	84
32.19	34
33.86	102
34.03	74
32.83	45
33.53	109
35.54	74
31.27	28
34.18	119
34.4	111
33.63	43
34.46	62
33.81	112
34.04	165
34.42	74
33.44	31
33.38	102
34.65	150
35.49	90
34.49	90
34.18	119
36.52	118
33.85	119
34.13	102
35.01	60
35.14	118
35.5	101
34.13	113
32.59	25
34.58	69
34.61	117
34.62	72
34.11	109
33.82	76
34	175
35.02	94
34.1	98
34.34	50
36.44	97
34.8	177
34.9	117
33.25	114
35.52	118
35.36	102
35.28	67
35.35	88
34.61	107
32.56	19
34.35	107
35.4	40
36.22	112
34.11	96
36.23	102
35.11	118
34.04	101
33.34	119
34.66	134
34.35	101
35.13	47
34.3	54
36.5	95
34.6	110
34.07	99
35.54	127
33.67	210
35.22	138
34.29	63
34.05	79
34.54	110
35.27	37
36.89	82
35.4	74
37.07	57
33.28	119
33.1	117
32.95	118
35.28	152
35.28	99
33.53	115
34.35	94
36.13	59
34.93	62
33.75	119
34.43	118
35	104
34.49	208
32.25	37
36.4	78
34.97	171
36.92	89
34.69	117
35.13	79
33.52	26
35.16	200
35.9	168
32.49	118
35.95	102
35.45	87
34.31	100
34.27	174
33.3	87
35.52	89
32.66	31
34.94	67
33.38	44
33.8	116
33.83	103
33.82	100
35.41	43
34.81	101
34.36	118
34.65	57
36.35	113
34.66	92
35.2	61
35.15	74
35.38	117
33.83	113
32.64	28
33.7	85
34.05	129
33.19	190
33.73	77
33.46	17
33.87	105
34.03	201
33.95	109
33.37	79
34.78	55
37.05	100
34.84	112
34.52	186
32.84	25
33.99	119
35.96	114
33.98	80
34.78	180
33.87	83
33.38	55
35.14	94
34.72	111
34.34	117
32.85	84
34.83	197
33.85	77
35.1	111
34.01	94
34.63	200
32.21	8
34.72	146
35.63	118
34.02	110
34.63	43
34.49	184
34.63	213
35.05	89
36.04	117
35.39	107
33.03	38
33.92	42
33.85	97
33.27	85
35.69	91
35.07	60
36.52	87
34.02	114
34.64	78
34.67	168
32.15	101
35.96	88
34.07	159
35.17	52
32.86	118
34.13	148
34.6	103
32.66	89
32.95	84
33.25	66
34.23	78
34.06	50
33.4	113
31.66	48
33.69	112
34.1	160
33.75	25
33.71	198
34.2	105
34.87	79
34.52	49
34.7	86
33.51	61
35	74
33.65	98
33.68	94
34.1	190
34.51	154
35.57	122
36.65	87
33.02	84
33.44	113
32.71	72
33.44	100
34.14	82
33.38	115
33.51	110
33.39	53
32.46	115
34.5	83
34.63	131
34.7	89
33.92	118
34.36	68
45.32	56
34.44	50
33.43	101
32.73	108
33.06	76
35.47	97
34.57	160
34.06	118
35.03	98
34.3	112
36.51	94
35.61	107
35.18	118
33.26	19
36.85	84
34.98	112
33.72	61
34.67	198
34.84	143
35.73	112
35.43	158
33.45	77
34.66	119
33.52	108
35.39	126
34.68	89
33.38	131
33.55	71
34.47	112
32.66	115
32.74	103
33.22	92
35.17	92
33.13	118
31.11	10
33.49	110
32.83	110
33.17	68
33.33	97
34.78	108
32.76	177
34.63	146
33.19	90
34.76	148
32.42	103
33.77	74
34.2	114
34.42	87
34.22	113
33.46	110
33.99	109
33.9	116
33.95	193
33.42	24
34.21	56
33.54	43
32.47	20
35.57	159
34.22	100
33.57	204
33.37	118
33.4	43
33.72	79
35.1	152
34.54	109
33.26	39
32.82	86
33.62	76
33.2	117
32.87	110
35.32	98
32.43	34
32.88	119
32.25	38
33.43	80
32.63	56
34.28	93
34.52	125
32.39	84
33.15	115
33.55	110
33.81	99
33.75	111
34.1	111
34.73	111
46.65	61
33.2	115
35.28	92
33.07	105
33.69	192
34.88	122
32.62	109
31.15	16
33.28	44
35.34	76
32.22	23
33.83	86
33.82	81
34.2	88
33.69	69
32.65	102
33.1	49
34.72	48
34.51	48
33.59	46
34.52	83
33.39	113
33.94	92
32.35	116
33.41	84
33.46	54
33.73	79
32.55	83
33.58	97
33.91	95
33.48	71
33.36	86
31.85	89
34.08	155
34.73	61
34.1	115
33.12	153
32.96	47
33.31	87
33.79	127
33.22	111
34.18	109
34.19	54
34.17	101
33.5	106
34.02	106
35.15	81
33.48	99
33.49	96
32.69	13
32.81	93
33.67	107
34.57	75
33.86	102
33.92	95
34.24	106
33.51	69
34.04	113
34.29	80
35.19	87
35.31	103
33.09	209
32.62	31
34.88	121
33.08	42
33.87	166
33.49	65
30.94	11
51.36	34
33.72	84
35.62	65
32.23	113
34.88	88
33.03	76
33.97	94
34.41	85
32.71	36
33.94	114
32.77	98
33.03	164
32.8	80
34.14	98
33.85	92
33.67	105
35.04	117
34.83	64
33.38	196
36.08	94
31.76	25
33.68	119
32.83	114
32.82	104
32.36	109
34.09	57
31.78	113
33.78	91
34.06	162
32.98	88
33.67	91
35.27	84
33.4	39
33.4	114
32.79	80
33.47	111
34.28	107
34.06	116
34.28	85
33.88	107
32.93	39
33.67	117
34.13	114
34.54	199
34.45	57
34.73	101
33.8	215
35.01	93
35	104
33.99	100
36.08	101
34.68	118
34.89	127
33.64	72
34.3	114
33.02	106
33.22	41
33.71	114
33.7	113
33.8	156
32.34	11
35.54	127
33.56	112
34.67	111
35.43	97
33.35	113
33.95	103
34.29	189
35.36	92
35.17	50
34.63	131
34.76	35
35.49	115
33.91	84
31.56	111
33.6	177
33.5	69
32.46	119
33.35	33
34.17	108
33.4	109
34.49	67
35.72	83
33.9	74
33.86	192
34.62	70
34.07	84
34.59	61
33.4	78
33.55	116
33.98	118
33.63	105
33.17	77
34.98	98
34.78	73
33.8	199
34.19	64
34.59	115
33.46	182
33.76	118
34.87	151
34.73	86
35.29	110
34.3	52
32.62	79
32.98	80
33.48	48
33.15	91
33.24	82
34.21	86
32.86	50
34.09	91
33.2	155
33.35	197
33.26	97
34.82	111
34.03	117
33.6	112
34.5	94
34.16	180
33.27	108
33.21	100
33.24	68
34.94	69
34.91	100
35.08	112
35.6	70
37.52	100
33.37	115
33.26	116
34.23	102
36.45	78
34.2	89
34.23	117
34.3	112
34.54	108
30.9	2
34.27	102
33.04	116
33.17	53
34.42	103
33.57	74
34.57	98
34.15	107
34.44	192
34.67	105
34	61
31.94	113
33.21	105
33.11	165
31.88	115
35.56	179
33.4	63
33.31	114
33.01	61
35.03	111
34.03	84
35.12	138
34.07	60
32.48	118
32.55	88
33.88	118
34.05	204
34.72	65
36.21	72
33.71	192
34.75	124
32.81	20
34.91	96
33.77	184
34.03	92
33.53	119
34.24	77
34.14	130
47.86	63
31.91	15
33.33	64
33.25	60
34.77	142
34.35	109
35.24	84
35.35	60
32.71	119
32.19	90
32.86	90
33.23	95
34.19	89
32.57	113
32.88	110
32.96	156
33.73	69
30.2	0
34.69	103
32.06	56
32.74	60
33.63	119
32.44	34
33.71	63
33.01	118
33.46	114
32.87	108
34.55	141
32.48	53
32.61	13
35.13	156
34.82	113
34.65	111
35.36	109
35.41	67
35.3	149
35.41	181
34.86	97
35.75	112
35.11	83
33.93	138
33.38	86
33.96	115
32.97	88
32.96	90
33.29	168
33.86	170
32.79	96
33.94	208
35.15	56
36.16	107
34.96	177
34.51	95
35.24	44
34.59	68
34.39	95
35.16	80
34.75	40
35.01	80
36.44	76
34.8	104
34.39	99
36.47	86
35.79	117
36.02	121
32.45	8
34	107
36.81	85
35.06	96
32.16	46
32.61	102
33.6	91
32.84	48
33.46	156
32.09	31
32.96	156
33.6	89
31.72	118
34.17	93
34.71	106
34.73	97
34.5	117
35.46	143
34.75	97
34.4	107
33.79	100
33.26	111
34.3	78
33.58	103
35.55	66
34.33	78
34.63	112
35.13	116
34.5	118
35.16	84
33.85	211
36.07	110
35.59	101
36.05	115
32.63	95
33.63	74
32.59	25
33.63	112
33.91	114
35.2	89
33.14	200
35.28	80
33.88	156
33.63	80
33.84	108
33.32	109
34.04	34
32.78	118
32.19	54
34.05	92
33.37	77
32.69	119
33.88	118
33.91	110
35.07	117
34.06	68
34.04	101
35.02	103
32.02	6
33.93	103
41.67	45
34.66	61
34.98	98
34.3	105
34.74	83
31.15	27
33.03	207
32.74	6
33.73	104
33.37	75
32.83	53
32.11	98
31.47	18
33.66	66
36.95	102
35.3	96
33.98	100
34.99	75
33.24	17
34.17	74
35.5	80
31.22	12
33.57	110
34.68	138
33.36	102
34.65	115
32.14	25
46.88	57
35.24	172
33.45	42
34.33	98
34.95	86
34.34	106
34.74	84
34.61	191
37.62	61
35.29	62
33.44	174
33.66	114
33.61	108
33.78	119
33.5	57
33.47	57
33.84	40
34.11	95
34.76	53
35.53	77
33.18	83
33.23	80
34.72	90
34.8	98
32.92	41
33.94	173
33.39	177
34.55	102
33.48	73
36.15	88
33.23	119
35.15	118
33.79	113
34.44	99
34.22	193
35.67	116
34.89	102
34.4	118
34.2	74
34	108
34.48	81
36.01	97
35.35	151
32.35	110
33.8	104
33.28	202
32.26	110
34.48	91
34.21	74
34.36	117
35.5	95
36.18	73
35.54	26
34.72	170
34.63	115
35	42
34.62	90
34.33	115
33.9	70
33.88	93
34.38	116
34.57	107
33.54	111
34.44	152
33.57	114
33.99	93
33.55	103
34.26	157
33.8	79
34.55	113
33.21	60
33.76	120
34.75	161
34.01	91
33.57	90
34.23	144
31.93	31
34.38	117
33.41	112
33.33	107
35.45	116
32.64	118
33.92	111
34.34	88
33.89	100
33.66	92
34.39	107
36.04	83
35.09	108
32.84	34
34.27	54
35.08	50
34.01	175
33.89	69
33.48	119
33.82	108
34.95	96
33.47	62
33.88	90
34.42	104
33.76	169
35.68	78
32.56	113
34.04	34
32.46	50
33.28	158
34.99	126
32.7	29
34.98	100
35.21	82
33.44	116
33.33	41
35.1	140
34.5	133
34.08	205
34.96	91
32.22	3
34.4	196
34.28	111
33.54	119
35.87	57
34.66	90
35.01	72
35.36	96
34.29	175
33.19	100
35.22	112
34.49	96
35.97	84
35.19	139
35.09	75
32.94	104
34.47	81
33.46	43
34.13	113
34.66	51
34.1	110
34.08	137
34.08	96
34.33	67
34.86	118
34.36	59
35.98	116
33.11	52
35.83	89
35.19	84
33.36	109
35.89	52
32.4	111
47.09	58
33.93	56
34.33	114
33.67	113
34.48	69
34.35	24
32.46	74
33.58	198
34.39	163
32.71	202
33.24	60
33.07	105
34.11	92
34.56	69
34.16	44
33.49	99
31.77	47
35.65	30
33.16	112
34.48	81
33.67	154
33.66	100
34.93	98
33.05	86
33.19	117
35.44	95
33.72	97
33.17	106
33.71	114
34.1	100
32.86	119
33.62	77
32.61	104
33.41	46
34.46	106
34.01	116
33.24	106
32.78	106
33.89	96
33.57	109
34.63	75
33.79	30
33.81	114
34.69	124
35.21	80
33.18	110
34.1	94
34.25	123
33.39	215
35.67	164
35.03	95
33.69	208
34.14	211
35.42	96
34.08	211
34.91	68
34.26	81
35.97	107
35.04	60
33.69	54
33.86	139
34.5	89
34.77	123
31.85	24
33.05	102
32.93	24
33.61	209
34.58	96
32.54	71
34.18	97
34.66	74
33.92	185
33.1	75
31.8	115
34.46	187
34.03	91
33.74	161
32.39	96
34.65	101
32.72	119
32.49	50
37.22	73
32.91	117
33.55	84
34.85	94
35.75	83
35.16	111
33.09	110
34.11	99
33.28	111
32.53	95
33.93	129
31.79	23
32.97	117
33.15	215
33.4	15
32.92	94
33.41	109
33.99	109
34.99	98
35.24	100
34.9	42
35.89	89
34.4	113
35.71	74
34.52	119
54.14	1
33.34	117
33.98	110
35.15	57
35.39	41
35.71	178
34.94	112
35.12	85
33.84	142
34.43	99
34.36	117
37.6	85
34.03	123
34.55	41
31.7	23
33.76	84
35.04	64
35.23	75
34.55	100
34.83	92
33.42	143
34.03	60
35.57	111
34.5	29
33.27	113
33.69	98
38	72
33.64	114
34.63	210
34.89	14
34.37	108
34.67	205
33.56	56
31.97	42
39.16	52
34.2	27
33.5	71
34.24	76
35.11	87
33.21	95
33.51	153
33.19	59
31.79	7
33.9	104
33.53	111
33.41	29
32.95	97
33.76	102
34.73	68
33.86	110
33.18	109
34.3	102
32.81	118
33.14	116
34.43	82
32.28	76
32.84	83
33.55	175
32.43	61
32.33	118
45.67	43
32.83	31
34.25	116
34.16	104
32.24	11
33.22	113
32.62	118
32.73	117
32.33	76
34.71	83
31.86	14
33.4	113
35.07	114
32.39	11
34.11	119
34.23	150
33.89	103
36.55	89
36.54	105
34.55	96
35.55	152
36.24	104
33.3	199
32.12	67
34.39	67
34.04	142
33	35
33.98	53
34.84	66
35.59	66
35.23	60
34.54	109
32.59	118
33.76	85
33.16	88
33.33	200
33.75	95
33.81	107
35.14	91
32.27	8
32.55	118
34.32	83
33.7	117
34.28	84
34.13	214
33.58	161
33.31	100
31.19	6
33.86	119
35.39	84
34.18	49
34.07	96
33.08	110
35.37	97
33.69	112
32.56	92
32.49	78
33.95	86
32.02	113
32.98	116
34.04	110
34.53	160
34.42	106
33.86	108
33.13	70
31.32	35
31.89	105
32.64	136
33.14	116
33.04	154
33.55	89
32.83	90
32.42	117
36.46	89
33.71	115
33.15	31
34.26	102
34.52	107
33.56	96
35.1	112
34.67	51
34.68	101
34.19	97
34.21	71
33.08	73
34.5	159
33.14	27
34.56	127
33.91	76
33.86	152
32.53	89
35.04	109
33.57	112
34.81	56
35.14	109
33.15	71
33.69	108
34.55	104
35.14	136
34.49	116
33.95	78
33.49	113
32.44	112
33.72	118
32.7	75
32.71	64
32.56	110
33.86	82
31.78	25
33.9	124
30.95	9
31.34	118
33.93	132
34.74	104
33.51	68
33.02	119
33.33	166
36.15	65
32.73	110
33.38	106
32.52	190
34.47	76
33.38	98
34.28	200
34.49	104
33.51	191
34.91	60
32.48	64
33.4	51
33.62	91
34.27	108
33.93	111
32.58	49
33.24	110
32.91	114
33.16	133
34.37	196
34.87	123
33.42	82
32.72	110
34.16	112
32.7	110
34.76	110
36.02	119
35.34	83
34.21	100
34.61	116
33.53	117
35.08	114
34.87	107
33.37	119
35.82	113
36.2	96
36.86	89
34.18	104
35.07	114
34.45	118
34.33	105
34.22	181
34.18	115
33.61	28
33.96	45
35.44	57
33.84	39
32.95	115
32.5	117
35.44	93
33.99	107
32.41	51
33.65	57
34.54	66
31.45	99
32.84	80
32.42	117
33.61	196
31.39	49
33.86	85
31.97	102
33.43	118
34.61	122
33.76	76
33.4	158
34.46	96
35.47	112
32.12	3
34.28	105
34.69	112
35.19	108
33.83	24
35.2	103
35.14	109
35.96	91
34.56	122
30.96	10
33.3	108
33.15	117
34.34	37
32.18	90
36.08	90
33.71	97
33.85	83
33.76	78
33.35	140
33.92	114
33.81	116
34.29	34
33.75	52
33.23	207
33.35	185
33.49	100
33.49	100
34.28	84
34.81	28
34.62	206
31.47	6
34.83	117
34.47	106
33.77	65
34.87	169
33.75	83
34.02	75
33.72	93
34.44	126
33.32	91
33.5	70
31.92	29
32.54	34
35.52	75
34.19	106
33.13	113
34.38	44
32.9	99
33.76	79
35.15	141
33.54	96
34.58	47
34.26	181
33.09	203
33.46	62
32.25	6
34.06	126
34.33	55
34.94	84
34.44	114
35.49	107
34.7	112
33.88	109
34.88	80
36.02	104
35.3	72
34.32	166
33.53	95
32.42	34
33.3	94
33.82	125
32.45	57
33.49	157
32.49	81
32.76	169
33.71	102
33.18	62
33.8	104
33.74	121
32.21	115
33.01	97
34.15	86
34.1	179
33.01	97
35.4	59
32.92	107
33.19	72
32.78	97
33.52	102
32.55	88
34.25	112
33.08	111
32.15	200
33.71	112
33.09	77
33.27	186
32.96	212
34.37	79
33.06	122
35.32	81
33.54	131
34.33	88
32.13	128
32.85	133
34.78	106
33.42	123
34.6	113
34.62	98
34.27	76
34.2	124
32.54	65
33.89	91
33.32	109
33	109
32.82	86
33.08	125
33.8	131
34.11	99
34.82	102
33.3	115
33.47	109
33.39	109
34.09	97
33.31	129
32.97	109
33.34	121
33.23	86
32.99	83
32.89	109
35.2	109
33.45	96
33.24	109
33.34	109
34.99	101
34.92	73
31.99	89
32.26	123
32.37	130
33.42	109
33.81	97
34.9	111
33.04	125
34.46	76
32.04	118
33.09	104
35.04	98
32.31	128
33.29	104
34.42	95
34.42	95
34.42	95
32.39	129
31.31	133
32.74	132
33	116
33.41	107
32.82	78
32.65	128
32.54	123
33.72	93
33.86	92
32.5	106
33.53	128
34.95	133
34.16	138
33.72	128
33.26	123
33.09	110
33.61	127
33.63	117
33.29	64
34.2	121
32.67	129
35.2	109
33.83	112
35.44	126
33.28	85
32.6	128
31.6	34
32.76	122
32.38	106
32.54	123
33.33	117
33.36	244
33.94	102
32.91	126
32.5	116
32.91	126
34.15	151
34.61	55
33.98	123
33.05	127
33.25	115
34.52	96
33.44	122
35.09	68
33.74	35
33.98	70
33.86	93
32.64	121
34.98	81
34.43	120
32.92	61
35.04	78
33.94	84
34.07	220
32.31	109
34.14	106
34.53	112
33.02	124
36.35	92
34.59	111
35.52	126
33.95	44
33.98	121
33.91	182
32.78	29
34.53	57
36.28	124
35.59	114
36.12	100
33.2	127
33.1	112
32.3	129
33.23	130
34.7	65
31.57	134
33.97	45
33.14	118
33.84	98
34.16	94
32.29	124
33.42	130
33.01	123
32.8	105
33.79	91
34.65	73
34.71	124
33.2	155
32.06	133
34.19	109
32.9	123
32.07	89
31.99	245
32.85	116
33.76	191
36.37	63
33.3	117
34.47	99
33.05	116
33.3	81
32.49	131
35.3	127
31.71	127
34.7	103
33.03	134
34.45	124
33.12	128
33.34	97
33.15	133
34.87	86
33.45	93
34.43	84
36.06	89
33	209
33.87	209
35.03	100
34.55	125
34.2	79
33.49	117
35.43	116
33.8	105
34.52	86
34.82	88
31.85	118
32.38	124
35.23	118
34.79	50
32.86	126
33.14	104
34.4	175
35.19	94
33.96	113
32.44	130
33.91	136
32.62	35
33.03	121
34.36	87
35.12	41
33.04	97
34.62	130
33.08	130
32.98	103
32.83	133
35.41	101
34.78	97
34.8	73
32.76	128
33.65	193
34.02	110
32.97	113
31.97	129
34.32	146
35.29	106
33.08	80
33.4	113
33.35	102
33.95	128
34.48	52
32.39	133
31.31	128
33.3	90
33.3	90
32.74	134
33.21	59
34.14	101
34.14	101
33.19	174
31.98	63
31.87	132
33.8	189
33.88	95
33.24	91
33.46	84
34.41	117
34.41	117
32.65	134
32.65	134
32.65	134
34.05	96
33.88	113
33.11	121
34.47	97
33.95	124
32.37	109
33.92	219
33.95	101
35.12	83
32.36	121
34.72	123
34.92	111
34.12	89
33.42	236
32.65	45
34.05	65
33.37	64
33.51	95
34.5	97
33.47	46
33.1	103
33.58	129
33.26	119
34.21	116
34.93	110
33.76	129
33.01	127
33.1	128
33.56	122
34.14	116
33.82	76
34.13	121
34.33	71
31.43	130
33.98	130
34.19	106
32.86	131
34.14	89
31.72	131
