sim	len_diff
32.73	170
33.26	220
34.03	156
34.56	208
34.22	229
34.26	125
32.92	253
32.91	252
33.02	251
33.09	230
33.26	240
34.75	228
34.12	242
33.52	248
34.33	208
31.87	251
32.35	241
35.62	207
35.32	148
35.84	133
33.21	241
34.11	156
33.86	147
35.9	139
33.59	449
31.84	229
33.5	163
36.85	141
34.11	77
32.6	249
35.15	208
34.26	234
35.66	153
32.3	199
34.38	218
34.55	344
34.23	168
32.93	195
34.21	203
33.02	230
33.08	241
34.68	203
34.07	181
33.01	235
33.85	209
32.12	252
34.33	145
32.13	220
32.11	252
32.69	234
34.1	213
31.9	254
31.67	254
31.67	254
31.67	254
32.28	256
32.83	249
32.18	234
31.54	240
32.15	250
34.14	126
34.92	65
35.76	153
33.83	205
34.39	191
32.93	208
33.77	203
32.41	240
33.6	187
34.18	227
32.94	240
33.19	255
32.1	250
33.27	239
34.11	204
33.04	244
33.29	221
32.71	221
33.21	233
34.25	170
36.61	183
33.01	185
34.06	231
35	181
32.56	39
35.32	191
34.52	240
34.18	222
33.76	251
33.89	148
33.91	157
34.6	196
33.26	440
34.94	281
35.72	201
35.62	240
31.84	243
35.62	111
33.84	207
33.75	244
35.07	169
35.92	208
34.84	193
33.5	30
33.09	213
32.96	232
34.9	154
32.11	239
34.37	210
34.46	228
33.08	205
32.91	231
32.67	218
34.58	252
34.14	216
33.53	150
33.63	247
34.15	367
32.07	252
33.21	248
34.43	249
34.03	215
34	212
33.07	205
33.17	199
33.8	217
34.31	229
35	372
34.19	218
33.98	215
33.62	250
32.38	240
32.5	251
32.03	232
34.39	209
34.18	219
32.55	438
32.33	239
33.03	134
33.47	242
32.67	243
32.9	235
33.13	245
32.68	238
33.87	238
34.18	232
32.43	256
34.13	225
34.27	190
32.45	230
34.35	150
33.87	74
34.75	207
33.07	252
33.1	241
32.47	226
34.09	232
34.07	227
33.93	237
32.2	253
33.57	227
33.62	171
33.21	219
34.15	134
32.4	253
33.26	203
32.92	240
33.32	193
33.08	222
32.57	243
33.34	146
33.42	221
32.07	231
32.44	220
33.06	256
32.25	234
33.94	237
32.41	220
33.96	212
32.45	462
32.58	208
34.87	137
32.99	208
33.56	238
33.5	195
32.93	242
34.66	221
35.32	251
32.28	220
33.45	242
32.89	451
33.7	185
33.98	208
34.53	171
34.51	175
32.83	230
32.48	239
32.59	256
32.85	235
34.89	243
33.06	240
32.65	250
34.36	115
33.35	215
34.08	220
33.66	217
34.28	248
34.34	210
35.37	119
33.71	237
33.96	174
32.42	230
33.44	228
32.54	228
35.09	208
34.27	205
35.64	287
34.01	174
33.51	247
33.97	156
34.26	189
33.41	243
32.7	199
32.53	227
33.26	95
32.48	248
32.43	221
32.48	248
32.98	242
32.93	212
33.16	241
33.28	214
32.32	250
33.67	188
33.01	203
32.73	242
33.44	236
32.71	247
33.38	155
31.29	241
33.65	244
32.98	247
33.53	253
32.34	201
33.37	216
32.81	248
32.98	210
32.99	186
33.59	216
33.81	220
33.29	248
33.77	180
35.59	196
31.56	256
32.78	173
32.88	241
33.66	227
31.66	255
34.88	180
31.93	256
33.02	208
32.29	252
34.68	168
32.99	206
32.69	165
32.92	241
33.13	181
34.75	195
31.83	249
33.94	244
35.83	77
33.52	234
34.18	233
35.23	231
34.36	356
34.19	163
34.59	235
34.13	209
32.33	253
34.37	204
35.24	229
33.02	232
34.32	488
33.88	233
32.99	245
33.28	254
34.19	185
31.95	252
33.77	247
34.96	188
35.14	83
35.88	124
33.73	229
34.45	195
34.16	254
33.19	255
32.96	241
33.94	237
35.16	89
33.4	239
33.35	247
32.43	248
32.75	229
34.47	305
33.45	234
31.88	185
32.63	241
32.54	239
33.72	159
31.96	247
35.04	182
32.24	242
33.46	227
32.59	256
33.35	210
33.46	229
32.75	161
33.21	249
34.73	201
33.69	245
33.25	161
32.63	229
33.72	213
32.73	247
33.97	250
32.92	211
33.1	248
33.96	228
33.41	243
34.36	229
34	149
34.99	211
35.08	137
33.48	255
34.84	124
32.61	210
34.54	245
32.46	163
35.08	163
33.83	67
33.36	191
33.85	214
34.49	208
35	278
33.52	227
33.65	233
32.45	247
33.69	233
32.66	255
33.21	126
34.03	186
34.12	157
33.29	198
33.35	97
33.68	178
32.96	127
32.7	46
33.5	289
33.21	84
33.41	218
33.77	227
36.49	256
33.98	192
41.1	76
35.25	141
35.2	210
34.83	171
34.73	165
34.98	86
33.61	129
32.49	210
32.73	144
32.91	207
34.07	155
32.31	216
32.22	220
33.29	122
33.8	222
33.75	175
33.66	193
33.42	144
31.74	225
33.62	182
34.05	163
32.42	213
33.87	115
33.96	121
33.83	179
33.78	115
33.92	226
33.89	136
35.38	170
34.18	171
34.94	167
35.24	201
33.37	207
35.01	169
35.52	185
35.12	186
34.93	190
33.96	194
34.27	216
35.5	188
34.24	197
35.02	121
35.81	170
33.88	227
34.3	176
33.93	121
34.39	203
31.93	92
32.89	85
34.33	193
33.75	135
33.18	166
34.73	211
33.03	174
34.81	182
33.13	211
34.24	189
32.11	106
33.63	124
32.15	215
33.52	179
33.48	167
33.12	170
33.24	172
33.04	323
35.01	146
33.9	227
33.54	211
34.5	155
33.89	103
33.93	147
33.4	224
33.01	201
34.86	181
34.82	182
34.26	215
35.52	98
35.35	193
35.32	179
35.38	99
35.02	118
34.67	212
35.27	203
33.25	219
33.46	176
33.81	154
33.86	201
33.19	181
33.88	198
33.15	156
33.71	135
33.96	117
33.54	218
35.24	216
34.18	192
33	51
35.71	77
34.39	127
34.53	207
33.56	135
34.47	165
34.35	199
33.33	221
34.45	208
33.56	368
34.1	202
33.33	206
33.16	208
33.22	219
33.24	182
34.79	286
33.15	225
31.85	222
33.78	174
33.53	119
33.87	219
33.01	126
33.82	221
33.9	165
34	212
33.39	223
33.51	155
34	186
33.19	190
33.98	132
34.18	134
34.05	224
35.51	137
34.49	235
35.29	199
32.96	51
34.21	184
34.83	168
34.91	204
35.51	76
33.06	41
33.18	143
33.59	148
33.11	217
32.53	177
33.75	197
33.05	213
33.41	223
34.36	80
33.24	218
33.98	179
35.33	214
34.25	69
33.35	211
34.81	195
36.4	144
33.46	227
33.02	192
34.39	218
33.26	219
35.24	193
34.17	193
33.91	200
33.19	200
34.02	152
32.99	146
33.94	227
33.88	134
34.22	197
32.89	67
33.66	194
35.42	203
33.51	131
34.06	156
33.61	200
33.56	223
34.15	200
33.13	203
33.51	202
33.42	193
35.61	159
33.23	171
34.65	146
33.98	158
34.66	207
33.58	206
33.67	206
34.18	198
34.57	128
33.72	196
34.31	172
35.07	197
34.22	211
32.84	409
33.94	214
34.02	173
34.08	209
33.64	212
33.77	223
34.68	213
34.01	113
34.39	226
32.63	160
33.09	224
34.54	194
32.91	88
32.72	218
34.32	108
35.43	125
33.84	117
35.1	226
34.24	166
34	220
34.21	192
33.38	210
35.72	207
34.86	161
34.21	146
33.96	215
33.48	214
34.82	208
34.65	150
34.08	140
33.23	96
32.87	199
33.83	174
34.06	152
31.77	9
33.1	218
33.92	146
33.84	114
33.59	204
34.04	197
35.63	115
34.88	208
35.06	213
34.3	222
35.13	211
34.9	197
34.79	182
33.75	208
34.31	209
34.48	160
34.62	179
34.1	209
34.22	169
34.14	161
34.23	220
33.96	189
34.43	199
35.06	108
35.46	141
35.19	202
35.11	172
33.52	148
33.53	206
35.21	139
33.69	122
35.38	150
33.77	195
34.16	203
33.62	172
35.22	114
34.04	262
34.3	64
33.32	148
33.91	202
33.34	215
34.59	173
33.63	217
33.95	173
32.99	190
33.28	179
32.73	173
34.34	193
34.16	223
34.43	218
32.65	72
34.65	194
33.64	200
35.27	126
34.54	153
34.08	220
34.19	193
34.21	208
34.32	188
34.41	105
35.81	206
34.34	173
34.41	115
34.89	216
32.84	225
34.55	207
34.19	223
34.68	186
34.08	210
34.55	141
34.6	191
34.99	208
34.08	157
34.78	107
34.3	224
34.33	193
35.16	208
34.8	210
34.68	151
34.94	189
33.97	222
33.56	226
34.77	225
34.81	187
34.13	87
33.28	219
33.5	171
33.26	221
33.32	181
34.57	153
34.77	132
34.16	226
33.09	220
33.9	220
33.84	205
35.27	142
33.8	226
33.77	158
33.38	368
35.26	290
33.79	196
34.57	162
33.77	115
32.92	214
33.33	104
32.94	168
32.22	167
32.83	211
32.86	190
32.27	225
32.72	220
33.13	65
34.82	187
33.23	148
33	217
34.12	162
33.58	86
34.9	193
34.46	203
33.25	226
34.58	208
34.85	197
34.82	173
33.54	201
34.55	225
33.32	221
33.83	154
33.45	208
33.89	194
34.83	212
30.69	8
34.94	216
35.02	150
33.61	224
34.7	190
33.79	127
31.54	12
34.96	128
33.83	154
33.4	66
33.84	214
33.46	223
32.02	155
31.9	227
34.23	157
32.99	164
32.91	219
33.25	127
33.64	220
33.56	192
33.09	188
33.54	105
32.53	226
32.09	154
35.76	2
33.75	147
34.81	175
33.47	175
33.94	170
33.46	48
31.8	52
33.82	208
33.8	200
33.08	156
34.21	146
34.26	196
35.55	329
35.27	163
35.19	180
35.31	129
34.08	163
34.76	221
33.8	208
34.62	206
33.77	199
32.65	102
34	129
33.83	199
34.22	163
32.04	196
34.82	118
33.13	153
32.57	122
33.87	169
33.91	181
33.59	210
34.62	206
33.81	214
32.91	219
33.74	209
34.22	227
34.73	166
33.26	195
34.35	172
32.88	225
34	273
34.13	173
32.51	225
33.14	70
33.31	180
34	137
33.46	216
33.08	142
33.7	165
34.21	79
33.79	184
32.87	201
34.72	174
33.62	205
34.54	189
33.74	214
34.47	145
34.38	110
34.28	205
33.34	150
32.32	123
33.87	171
33.14	160
33.75	74
32.9	216
33.13	171
31.38	225
32.54	193
32.49	78
34.84	119
34.79	201
33.68	180
33.72	221
33.87	211
34.52	144
33.67	193
33.92	183
33.97	188
32.08	212
37.76	181
33.54	218
32.63	20
34.19	212
34.74	83
33.77	66
33.84	214
34.38	189
34.27	147
34.04	201
33.73	221
34.49	173
33.19	155
34.33	197
33.25	56
35.09	210
35.41	196
34.22	226
34.33	208
34.25	189
33.49	218
33.97	217
34.37	219
32.07	220
33.17	402
32.66	33
34.98	180
32.09	146
33.09	226
34.18	195
34.22	305
34.51	213
36.2	252
34.08	208
33.53	188
35.36	384
35.07	384
35.08	189
34.58	194
35.61	323
34.16	216
34.93	201
34.29	206
33.43	72
33.74	152
33.77	222
33.24	222
33.58	203
34.99	198
35.6	188
34.31	222
33.94	163
33.79	219
34.34	181
35.73	136
33.67	219
34.28	187
34.8	167
33.79	44
33.38	224
34.17	165
35.06	185
35.58	122
34.63	188
35.38	224
34.23	223
33.95	194
33.91	205
34	206
34.34	210
33.25	155
33.72	227
33.21	102
32.46	194
33.86	213
34.65	94
33.49	220
34.56	209
34.19	192
35.08	171
33.81	223
34.71	120
33.17	216
33.8	170
33.91	199
33.69	202
34.22	83
33.86	199
34.31	211
34.29	200
33.32	193
33.7	195
32.81	206
34.38	166
34.19	197
34.7	169
33.43	219
32.86	60
34.31	191
34.28	162
35.19	114
33.56	334
34.03	213
32.95	222
34.69	115
32.33	225
33.64	213
33.71	220
32.06	75
33.62	206
32.71	222
33.31	333
34.98	114
34.57	229
33.23	201
34.54	174
34.5	164
33.48	195
33.09	226
33.42	195
33.09	163
34.15	118
33.58	186
34.45	227
35.6	167
33.18	108
33.26	115
34.19	174
33.66	175
33.79	45
35.44	176
33.4	216
31.41	42
33.59	198
34.35	91
33.21	125
33.94	180
33.22	166
34.09	65
32.36	218
34.53	207
33.63	199
33.05	25
34.27	218
33.74	93
34.11	116
34.33	199
33.46	90
34.01	210
33.07	103
31.92	220
32.84	178
34.46	134
33.56	192
34.12	172
32.2	195
34.32	193
33.81	215
33.78	92
33.48	132
34.35	191
35.61	141
33.96	217
32.63	219
35.46	111
33.2	223
34.38	122
33.71	198
34.02	100
33.02	193
35.08	206
33.74	185
33.35	216
33.27	75
35.11	160
33.86	182
34.3	189
34.44	205
33.25	167
32.81	34
34.5	70
35	361
34.01	198
33.6	103
33.66	186
34.35	118
33.69	205
33.98	162
32.63	208
32.13	58
33.71	153
33.07	220
32.86	219
34.27	86
34.05	170
34.27	204
34.2	164
34.22	170
34.04	222
34.01	220
33.93	215
33.35	216
34.54	96
34.04	181
33.36	170
34.09	120
35.16	104
35.09	212
34.25	56
32.85	207
33.23	187
34.06	127
34.32	225
33.77	182
33.53	176
34.02	193
34.05	182
33.93	180
35.2	119
33.13	119
33.12	191
33.87	375
33.49	185
34.17	226
33.54	220
33.54	137
34.67	175
33.49	175
33.4	207
33.54	130
32.94	226
34.29	196
33.13	167
34.12	190
31.97	220
32.26	111
33.16	225
32.42	186
33.57	148
33.61	152
33.82	288
32.85	214
33.62	193
33.36	221
32.96	200
33.85	196
32.8	207
35.51	197
33.99	70
34.62	223
33.06	181
34.13	185
33.79	227
33.72	194
34.06	171
35.18	209
34.91	169
35.04	152
34.46	180
34.63	206
34.17	192
34.57	159
33.52	227
33.38	198
33.61	200
33.35	214
33.75	210
33.15	172
34.16	174
33.99	184
34.57	209
34.7	216
35.38	101
35.41	171
35.11	176
34.67	168
34.99	207
35	118
35.83	169
35.06	117
34.55	177
33.13	221
34.41	178
34.45	138
34.36	88
34.28	140
34.62	194
34.73	226
33.17	163
34.69	202
32.43	175
33.08	212
33.49	170
33.68	139
33.06	210
34.05	80
33.55	154
33.04	145
34.57	224
33.5	221
33.18	224
32.74	191
33.66	142
33.4	152
33.55	180
32.73	85
33.29	252
34.01	214
33.66	203
34.76	191
34.06	197
41.17	53
33.89	210
33.76	227
35.22	274
34.82	95
32.52	202
32.58	45
33.78	56
34.27	223
35.55	184
33.59	154
34.75	169
32.26	223
34.43	175
33.25	191
34.55	218
33.91	190
33.12	163
32.97	180
34.48	204
32.73	209
32.83	195
33.74	205
32.2	227
33.53	225
34.34	75
33.83	218
34.58	184
32.73	172
34.75	182
33.6	216
47.96	3
36.28	203
33.95	50
33.16	173
34.94	200
34.56	112
34.49	218
33.74	225
35.24	53
34.54	163
33.63	211
34.16	141
33.63	211
33.63	211
33.63	211
33.63	211
33.63	211
33.63	211
36.19	169
35.59	265
32.69	206
37.51	240
33.43	220
33.28	29
34	224
34.1	214
34	218
34.53	184
35.68	135
33.84	225
35.14	234
35.26	225
33.13	86
34.03	206
34.41	225
33.98	212
31.5	10
35.68	182
35.77	210
35.4	109
35.21	218
33.93	140
34.82	193
35.6	182
33.33	225
35.89	294
33.37	196
34.02	115
34.62	174
33.58	88
34.35	193
34.57	179
33.84	223
34.58	210
34.46	218
34.79	202
33.75	200
35.01	126
34.89	211
34.74	169
33.89	221
33.17	214
34.51	199
34.62	147
34.3	215
34.21	170
33.92	184
33.92	225
34.94	181
33.95	214
33.74	198
35.52	184
40.24	31
33.95	193
34.26	191
33.77	138
34.01	189
33.77	212
33.34	222
33.78	18
33.01	227
34.14	145
35.57	165
33.93	227
32.9	220
33.46	106
34.42	187
34.45	90
32.73	216
33.46	174
35.48	139
33.26	205
34.14	261
33.91	98
34.74	149
34.28	206
33.24	209
33.44	186
32.82	195
34.67	108
34.06	206
33.65	136
33.47	191
33.48	111
32.99	208
33.51	170
34.14	217
34.97	325
34.98	90
33.33	180
33.17	201
34.35	215
33.57	174
35.37	134
34.2	221
35.15	203
33.99	155
32.68	198
34.74	204
34.67	214
34.47	218
34.95	58
36.44	151
33.11	216
33.62	187
34.3	141
34.22	176
33.95	186
35.25	175
33.85	219
34.85	217
34.17	203
33.6	206
32.51	188
33.63	199
33.72	216
33.89	221
33.23	183
32.84	221
32.9	186
31.78	202
34.03	75
33.13	159
33.67	116
33.37	222
33.34	207
34.3	208
34.01	172
34.88	191
35.64	154
36.4	222
35.09	209
34.64	147
32.65	210
35.31	144
34.11	189
34.26	195
35.73	259
33.5	178
33.47	204
33.55	157
32.92	227
33.53	133
34.82	122
33.63	221
31.69	219
33.36	205
34.48	193
32.03	47
32.58	199
31.7	217
33.49	215
34.24	133
33.41	221
33.58	211
33.33	197
34.28	198
33.13	202
32.51	203
33.42	164
33.21	286
33	104
33.59	188
32.35	201
33.45	212
34.63	217
33.04	160
33.8	218
34.14	165
34.34	200
33.42	206
33.86	187
34.23	226
35.3	213
33.61	169
34.13	216
33.76	68
35.08	198
34.24	108
31.6	175
33.49	152
32.66	206
34.73	123
32.76	226
34.24	108
34.24	108
33.78	106
33.88	84
34.06	213
34.28	138
35.05	200
33.73	197
33.67	208
34.36	217
34.91	157
33.68	185
34.37	189
34.45	210
33.09	86
34.08	159
34.37	141
34.09	215
34.16	204
33.9	203
34.44	184
35	161
33.28	180
34.88	194
34.34	109
34.34	181
32.81	219
33.39	193
34.38	181
33.65	203
32.56	135
33.42	177
32.57	177
33.8	193
33.07	208
31.89	196
33.58	143
32.98	157
33.96	150
33.39	194
33.7	193
32.79	178
33.18	217
33.31	195
32.99	209
33.17	224
34.34	184
33.5	196
33.99	174
33.48	197
33.81	165
34.26	146
36.37	108
33.07	141
33.7	227
33.68	213
32.74	210
34.79	178
32.7	201
33.31	170
32.83	171
33.57	188
33.45	115
34.11	115
33.61	178
33.76	185
32.88	91
34.49	134
32.92	205
34.2	184
33.08	205
32.83	208
33.6	222
33.49	217
33.78	310
35.19	402
34.81	109
32.07	200
33.41	75
31.97	219
34.9	183
36.3	118
35.52	159
33.44	206
33.82	198
32.52	227
33.93	178
36.26	134
35.07	202
34	225
33.59	227
33.52	203
34.62	155
34.24	180
34.74	209
33.03	171
34.35	195
34.2	142
34.28	98
35.12	205
33.43	223
33.87	96
34.27	192
33.99	161
32.99	221
34.84	196
34.99	146
36.17	160
33.96	214
34.53	404
34.75	186
34.94	219
31.87	28
34.72	387
33.64	93
33.91	175
33.66	216
33.67	218
34.66	158
33.55	195
35.83	213
32.96	190
33.83	221
33.46	126
32.68	188
34.02	212
34.4	227
33.42	117
32.88	222
33.18	165
34.53	146
33.09	46
33.71	136
34.24	117
35.59	211
33.59	193
34.18	198
33.17	71
34.22	200
34.53	351
33.86	105
33.57	113
34.14	131
32.61	219
34.53	202
34.96	174
34.33	220
33.47	221
34.26	172
34.55	208
33.69	171
34.52	151
33.58	212
34.06	216
30.95	15
32.64	211
31.9	183
31.6	208
33.55	197
32.58	219
34.17	154
33.37	219
33.94	182
33.27	188
34.76	201
33.78	222
34.89	392
32.97	199
34.53	181
36.4	105
35.44	109
34.47	130
33.64	206
34.88	49
35.5	164
32.15	227
33.49	221
32.7	259
32.44	194
34.74	170
32.91	206
34.57	193
33.84	194
33.46	361
34.29	69
33.73	210
33.16	216
33.84	215
34.68	207
33.76	218
33.89	225
33.89	226
34.17	134
36.05	153
33.66	127
34.55	177
34.66	203
31.69	225
34.63	70
34.06	192
34.38	149
33.93	214
33.28	78
33.36	164
33.01	205
33.91	197
34.01	153
33.36	151
33.92	208
33.77	212
32.16	214
33.25	163
34.31	128
33.02	225
33.06	217
34.2	213
34.18	226
33.41	219
33.32	215
32.46	210
33.47	208
34.58	106
33.17	199
33.97	134
33	64
32.7	137
33.43	225
35.24	162
33.23	160
33.78	204
32.92	210
33.9	178
35.56	209
33.23	180
34.78	219
34.48	159
34.74	226
33.5	194
33.28	163
34.17	198
34.38	173
35.2	194
34.35	184
32.72	221
34.15	223
34.4	202
34.32	177
34.96	153
35.23	222
32.51	28
34.48	224
35.16	108
34.24	139
34.91	164
33.8	223
34.53	168
34.18	225
34.14	144
33.68	88
35.32	144
34.33	175
34.75	203
34.73	222
32.89	227
35.13	183
35.09	190
35.64	204
34.78	121
33.95	204
33.93	195
34.51	165
35.89	184
34.07	174
35	296
35.4	160
33.87	202
33.34	188
34.7	159
34.78	200
35.13	204
34.38	205
34.5	95
33.5	197
35.32	202
33.88	152
33.65	202
34.37	124
34.79	143
34.3	83
34.04	128
34.2	208
35.54	169
34.39	200
35.45	152
35.09	224
34.71	224
34.57	157
32.98	216
34.26	227
34.53	209
34.29	211
34.72	217
33.83	189
34.21	194
35.78	179
34.26	290
34.34	149
36.82	348
32.41	206
34.81	119
34.59	216
33.53	35
32.94	29
35.95	314
36.31	96
33.6	210
34.99	141
34.06	206
32.76	225
34.17	215
33.69	226
35.01	231
35.65	107
34.46	215
33.29	182
34.92	225
33.57	221
33.19	79
33.61	216
34.98	193
33.47	210
35.07	134
34.29	165
33.42	163
33.31	207
34	119
33.32	223
33.27	64
34.06	218
32.63	200
35.1	139
34.01	126
31.99	212
32.93	222
33.01	222
33.41	193
33.93	179
33.76	220
33.23	209
33.53	224
33.4	221
32.43	203
33.07	227
34.44	205
33.76	160
33.54	222
33.5	176
34.37	154
32.07	220
34.61	209
37.05	75
33.64	222
34.6	168
33.58	223
34.03	161
34.24	114
34.21	205
34.46	150
35.22	224
35.76	110
35.29	156
34.05	223
34.45	212
35.29	166
33.68	209
34.16	194
35.03	195
34.87	103
33.28	223
35.13	195
34.02	164
34.07	56
34.22	119
36.18	170
33.2	126
35.07	138
33.69	93
33.88	226
33.84	216
33.7	188
34.51	216
34.33	195
33.35	202
34.83	134
32.9	222
31.86	220
34.58	194
34.34	193
31.72	220
34.39	175
31.86	220
33.54	133
31.86	220
34.39	183
34.68	170
34.25	187
33.76	219
32.92	212
34	201
32.71	26
35.04	162
31.82	21
35.39	184
34.59	222
34.19	212
34.78	113
34.8	199
34.39	193
34.53	118
34.66	219
34.54	184
35.61	146
35.94	132
35.51	181
35.32	191
34.49	200
33.77	212
34.01	189
33.5	215
34.34	190
35.19	188
35.12	86
35.43	180
32.97	158
32.91	174
32.73	225
32.73	190
34.49	122
33.69	167
32.97	217
35.22	181
34.04	158
33.51	209
34.9	206
34.01	164
33.81	202
35.39	290
33.58	202
34.69	183
33	213
35.08	189
35.15	97
33.33	218
34.36	222
34.02	227
33.52	216
35.63	216
35.51	170
35.02	141
34.64	175
33.43	77
34.95	95
35.55	121
35.52	175
34.89	148
34.07	220
34.97	225
33.79	193
33.5	210
34.94	137
33.56	204
33.37	197
34.94	128
35.4	185
35.21	171
34.16	203
34.31	188
34.94	190
33.44	199
34.52	98
33.17	214
34.81	159
34.06	205
34.91	152
33.75	184
31.94	219
34.14	146
32.65	215
32.99	177
33.83	222
33.52	47
34.94	84
33.26	195
34.96	130
34.72	191
34.2	136
33.91	219
34.96	180
34.91	84
34.36	224
33.72	85
33.63	199
36.19	190
35.02	197
34.86	154
34.4	199
34.41	224
33.3	221
33.43	130
34.6	132
34.82	154
34.82	154
32.04	44
33.98	227
32.24	212
33.29	206
32.69	223
31.99	196
32.5	208
32.64	227
31.62	60
35.65	114
32.57	203
34.95	239
33.7	129
33.98	219
32.92	197
34.59	321
34.01	211
33.84	146
33.25	217
34.18	179
34.01	219
35.65	173
34.17	226
35.34	227
32.91	188
34.47	118
34.08	51
34.35	179
33.6	117
34.14	217
34.13	289
35.06	195
32.9	137
32.82	204
33.04	219
33.27	223
33.95	44
34.3	199
34.41	194
34.25	226
33.8	184
33.16	198
33.5	118
34.37	193
33.88	197
33.24	88
34.77	193
34.36	201
33.83	227
34.67	204
34.61	219
34.34	192
34.07	190
34.73	171
35.18	164
33.76	222
34.76	175
33.64	200
32.9	227
33.58	189
34.75	146
35.17	181
32.85	210
33.72	199
35.23	121
32.62	186
32.61	224
34.31	157
34.19	197
33.8	188
33.55	215
34.87	135
32.58	205
33.53	182
34.3	178
33.71	208
33.85	199
33.59	184
34.12	150
31.44	66
31.09	66
33.94	195
34.13	134
34.85	140
35.23	140
34.06	185
34.02	134
33.63	134
33.35	197
34.39	288
34.15	180
32.77	203
34.51	97
33.65	199
34.73	149
32.9	165
35.68	189
34.42	210
34.39	197
33.8	197
32.02	188
33.84	110
33.96	189
34.73	159
34.25	192
35.98	188
35.24	146
33.99	115
34.08	362
33.42	224
34.35	67
34.72	205
34.69	198
34.52	110
32.71	220
32.99	211
33.49	217
33.32	204
32.16	226
32.14	221
33.24	212
32.79	206
33.48	129
32.51	220
33.48	193
32.28	219
33.79	177
32.04	215
33.96	109
33.25	179
32.12	224
34.79	218
33.33	227
33.91	220
34.6	99
33.04	217
33.24	223
34.91	255
33.58	124
33.91	164
33.88	201
33.36	196
32.77	209
33.16	202
32.91	200
33.08	216
33.65	222
32.53	222
33.89	136
33.22	216
33.41	218
34.55	204
32.36	56
33.07	187
33.09	99
33.78	209
34.08	207
33.77	203
33.98	217
34.76	183
34.3	152
34.44	184
39.22	14
34.21	199
34.75	123
34.12	191
41.49	37
34.16	212
31.65	3
33.69	226
34.39	155
34.48	202
33.14	141
32.49	226
33.06	223
33.6	194
32.93	213
33.45	222
33	226
34.08	193
34.05	175
33.86	204
33.84	166
34.02	121
34.39	197
33.24	218
33.57	225
32.02	30
34.62	145
33.88	87
34.81	187
33.6	200
32.29	215
34.06	222
34.1	149
33.9	133
33.6	196
32.85	195
35.09	170
33.23	216
34.11	113
33.23	208
34.53	73
37.87	39
33.57	159
33.78	213
43.43	66
34.8	161
34.49	164
34.46	195
34.92	171
34.04	182
33.51	214
33.8	197
35.38	190
33.97	196
35.14	119
34.71	178
33.62	223
33.93	132
34.11	218
33.86	226
33.38	207
34.29	115
35.45	119
34.32	164
34.73	236
34.41	107
33.82	58
33.65	185
34.2	112
34.78	216
33.51	218
33.43	187
34.33	201
34.7	123
33.39	220
32.73	220
33.45	158
34.78	198
34.03	96
33.47	200
33.74	213
33.1	203
32.55	135
33.67	215
30.99	19
33.58	216
34.83	197
33.14	66
33.31	220
33.85	224
31.91	32
34.84	325
35.21	131
33.31	225
33.54	168
34.97	171
33.79	95
34.71	164
33.32	219
34.1	157
33.19	213
34.07	174
34.45	141
33.24	213
35.09	135
33.75	108
33.58	219
33.82	158
33.95	286
33.51	211
34.33	165
33.76	222
32.84	224
32.97	152
40.97	50
32.94	227
33	205
32.87	209
32.72	216
34.96	157
33.36	102
33.92	172
34.43	173
33.55	218
35.99	147
33.26	42
34.79	195
34.01	59
33.21	162
33.5	189
34.41	100
33.71	207
34.87	213
34.11	194
33.53	218
34.23	184
34.11	169
35.02	182
33.42	310
35.32	105
33.78	163
35.8	126
34.05	344
33.83	177
33.15	209
33.49	122
34.12	199
34.59	168
34.79	220
34.91	205
33.19	192
34.29	192
33.53	172
33.55	185
33.88	181
32.97	219
33.89	203
33.84	200
32.54	189
32.99	66
35.29	192
34.02	181
30.81	20
35	152
33.63	179
32.89	221
35.26	151
33.08	194
34.07	205
35.27	320
32.53	196
33.06	196
32.09	227
33	200
33.08	221
32.57	223
32.83	54
33.75	154
33.07	214
33.24	217
32.34	42
34.23	178
33.41	194
33.7	111
32.2	49
33.33	76
33.64	175
34.7	203
35.17	142
34.18	202
32.9	224
33.67	195
33.19	99
35.19	205
32.56	167
34.76	211
34.22	175
34.04	225
32.98	149
35.71	340
34.31	144
34.12	213
34.66	174
35.53	206
33.9	211
35.21	217
35.12	207
34.14	25
34.18	186
33.81	37
34.31	212
34.22	208
34.07	192
33.86	190
34.35	210
33.54	202
33.49	225
33.92	178
34.63	162
33.71	178
34.79	162
33.96	119
34.08	151
32.65	220
34.52	92
32.64	220
33.78	212
34.59	201
34.69	172
33.3	215
33.55	133
32.92	221
33.45	194
33.89	215
33.94	145
33.46	226
34.99	193
32.8	225
32.82	213
34.91	205
33.5	188
34.87	145
37.33	154
34.64	195
33.6	200
34.38	208
35.29	173
33.83	197
34.11	37
34.13	200
32.47	201
32.87	212
33.17	219
34.19	150
34.63	189
33.08	223
33.05	187
33.89	207
32.48	218
33.66	121
33.91	200
33.08	204
32.88	178
33.55	178
35	151
33.39	183
32.16	198
34.19	154
33.94	184
33.45	205
34.8	177
34.39	222
34.43	204
34.68	179
35.16	187
34.64	166
34.12	202
35.07	160
34.81	202
35.07	197
34.61	226
34.49	161
33.57	205
34.51	193
33.07	227
35.48	191
34.9	214
33.91	154
34.07	196
32.61	83
33.23	219
35.74	109
34.71	220
33.6	211
34.71	200
34.73	179
32.39	33
33.98	204
33.55	167
33.98	219
30.96	10
32.58	201
33.18	214
33.31	191
33.85	194
32.89	222
34.07	161
33.83	201
33.22	222
33.02	171
33.75	76
34.29	118
33.4	251
33.01	206
33.74	394
34.29	118
32.81	224
32.99	219
33.79	103
33.42	215
33.51	221
32.56	226
34.76	201
33.52	208
33.48	210
33.35	45
34.29	128
33.42	175
33.36	134
32.43	37
34.82	83
33.91	102
33.5	188
33.48	179
32.79	207
34.09	164
35.61	151
31.4	32
33.67	160
33.41	171
33.43	202
33.79	212
33.6	171
33.54	99
31.78	186
33.2	219
34.13	160
35.13	196
33.03	115
32.23	221
32.86	143
33.47	221
33.87	182
33.41	169
33.57	94
32.99	222
33.85	175
32.74	188
33.26	217
32.56	126
34.23	194
32.55	170
32.65	177
33.85	211
33.28	158
33.82	201
32.72	172
33.54	163
32.71	208
33.64	149
33.97	176
34.1	105
35.74	225
33.75	217
34.33	174
33.78	60
33.47	122
34.05	212
34.86	147
35.37	183
35.13	157
33.29	217
34.76	112
33.69	113
34.32	215
34.74	212
33.63	129
35.24	322
34.76	212
34.24	222
33.36	209
34.8	203
33.86	193
34.3	148
34	185
33.18	166
35.75	163
34.8	132
33.09	79
33.56	167
33.88	175
34.93	191
33.08	215
33.76	210
34.24	219
33.8	25
33.71	128
34.14	220
34.71	199
34.03	213
100	0
35.09	135
33.89	141
33.72	192
33.12	94
34.2	187
32.79	224
34.16	207
34.57	190
33.06	215
33.8	201
33.17	198
32.73	193
34.8	377
34.87	78
33.11	224
33.22	216
34.69	188
35.93	131
33.05	125
33.05	207
34.48	132
34.35	163
34.13	219
33.5	184
33.88	148
34.1	205
33.44	218
33.17	218
33.29	227
33.84	191
33.57	220
33.44	83
32.85	220
33.17	185
34.39	141
33.56	223
34.06	205
34.5	143
31.52	211
32.23	185
33.57	69
32.74	220
33.44	204
32.03	223
34.04	187
33.27	122
34.6	199
34.02	206
33.76	223
33.62	112
34.44	152
34.65	151
33.75	209
32.94	226
34.43	176
33.99	181
32.93	226
33.37	219
33.74	191
33.2	183
33.57	167
34.69	121
34.55	197
32.51	188
34.42	114
34.15	200
32.7	188
34.05	217
33.34	218
33.71	181
34.5	219
34.19	193
33.24	176
32.91	214
33.63	166
33.91	217
35.44	111
33.64	93
35.1	206
32.79	220
34.53	216
34.13	183
32.63	221
34.09	176
34.11	181
32.26	184
33.96	167
32.83	188
36.93	184
34.18	151
35.6	155
31.6	214
34.18	144
33.22	207
33.6	380
35.62	340
35.85	122
33.8	185
33.24	219
34.14	181
32.44	220
35.62	137
34.9	147
33.62	166
33.03	199
32.97	203
35.03	163
34.8	146
33.39	214
33.05	283
33.22	220
32.28	174
33.55	187
33.03	203
34.92	205
33.25	224
34.19	211
33.87	147
34.74	85
34.17	195
33.83	184
34.83	204
34.21	127
33.33	219
34.24	120
34.76	217
34.5	185
33.52	83
34.01	147
33.56	44
34.89	132
34.49	194
33.28	221
33.84	181
33.9	218
34.11	124
34.38	202
33.99	215
36.68	84
34.65	141
35.18	149
34.65	105
34.85	139
33.92	60
34.4	190
33.85	392
34.56	158
33.26	224
34.09	174
32.54	35
34.51	190
34.4	153
33.77	60
34.44	93
32.38	220
34.55	154
33.15	227
34.29	195
32.87	152
32.63	188
34.24	200
32.52	197
35.01	121
32.49	186
33.45	207
33.08	183
34.79	197
33.95	191
33.22	98
33.31	217
33.81	205
33.32	227
34.19	195
33.57	143
33.73	207
33.63	168
33.91	93
33.35	194
33.86	113
33.68	130
33.13	164
34.15	217
33.06	227
33.65	223
34.66	94
34.55	215
32.48	226
33.42	219
34.66	197
32.88	152
32.63	188
34.24	200
33.73	114
32.41	197
33.41	210
35.02	121
33.2	183
33.95	191
33.26	193
33.31	220
33.26	209
34.75	137
33.43	214
34.17	119
33.72	225
34.85	195
34.99	235
33.79	193
34.28	207
33.57	218
34.7	169
35.29	116
34.87	331
33.29	221
33.83	218
32.41	82
33.98	159
32.85	195
34.66	129
36.16	131
35.29	108
34.08	205
33.76	186
33.63	220
34.5	206
34.91	203
34.76	193
35.82	170
35.27	222
33.25	45
33.82	222
34.36	191
35.66	196
35.65	165
33.82	184
33.94	225
34.14	130
34.39	220
32.36	50
34.53	337
33.99	104
33.36	225
34.89	168
33.49	197
33.03	135
34.45	166
33.32	216
33.95	191
36.65	158
33.75	179
33.85	217
34.51	158
35.18	180
35.46	190
35.1	184
34.16	213
33.63	112
34.24	204
34.23	94
33.88	143
32.13	194
33.91	209
34.14	171
33.44	227
36.34	148
34	175
34.06	217
34.14	225
34.92	153
36	189
34.87	188
35.02	196
34.42	194
34.28	182
33.63	140
34.86	200
32.83	41
33.85	153
33.46	220
33.87	179
33.61	201
33.56	212
32.29	226
34.08	198
33.81	193
34.28	198
33.48	189
32.2	227
33.9	107
34.5	118
33.67	227
34.1	298
35.83	201
33.73	149
34.03	104
34.91	181
34.92	217
34.04	196
34.15	218
33.48	221
35.16	211
33.75	202
36.13	125
33.66	222
35.6	205
33.82	214
32.9	205
34.18	90
34.17	142
33.34	136
34.31	159
33.37	193
33.43	141
33.57	204
33.54	225
33.4	196
33.65	173
34.96	150
33.01	211
33.42	4
33.86	204
34.96	198
34.18	190
33.93	384
33.26	226
35.53	171
34.11	188
34.91	162
35.5	143
32.21	19
35.81	150
34.23	223
35.4	193
34.71	149
36.01	236
35.3	210
33.69	214
34.23	220
33.97	215
33.93	200
34.44	169
33.58	167
33.81	213
34.09	215
33.94	187
34.52	177
34.57	182
35.48	174
33.52	71
34.29	205
34.28	201
33.58	216
34.48	203
34.08	132
35.16	136
32.89	192
34	219
32.78	216
34.39	185
35.45	301
35.04	161
33.84	131
33.06	214
33.76	212
32.81	211
33.21	165
34.86	153
34.48	132
34.11	213
33.92	166
33.58	201
33.44	121
33.79	224
33.65	194
34.21	221
33.66	77
33.85	161
33.77	225
33.9	205
33.69	177
32.81	226
33.53	146
34.95	108
33.63	173
34.05	134
33.68	173
32.5	218
32.42	220
33.89	166
34.07	127
33.47	207
34.91	215
35.02	120
34.33	212
34.83	128
34.59	228
35.25	158
35.08	181
33.7	204
33.35	221
34.07	217
34.9	189
32.35	111
34.69	196
34.37	198
34.72	190
34.04	224
33.45	222
34.94	168
34.5	176
34.39	169
33.47	218
32.85	1
34.14	204
35.23	204
34.54	215
34.93	212
35.5	211
33.96	171
32.28	70
35.21	328
33.81	205
32.87	220
35.05	319
33.47	53
34.39	173
33.21	171
33.08	223
35.05	166
34.59	82
34.2	200
34.06	372
34.29	199
36.5	138
33.59	226
35.07	198
33.77	217
35.04	146
34.33	175
34.15	153
34.33	144
33.77	221
33.65	201
34.86	133
34.32	84
34.9	191
33.02	190
33.66	209
35.79	133
34.82	53
33.68	214
33.36	215
31.64	191
32.02	190
34.01	85
34.83	319
33.05	200
32.92	200
34.81	208
33.33	195
35.77	229
34.55	87
33.63	72
34.41	200
33.88	188
33.58	195
33.78	190
34.41	204
34.91	208
32.87	199
34.38	213
34.02	110
33.63	209
32.66	195
32.6	218
34.46	163
34.15	146
33.35	213
32.77	216
33.72	146
31.73	211
33.93	58
33.3	154
33.99	82
33.78	182
40.98	109
33.59	300
33.84	180
33.39	221
33.24	207
34.64	143
33.58	120
32.51	129
33.38	182
33.57	181
33.35	201
34.4	211
33.91	210
34.29	221
35.21	94
34.51	226
34.48	176
34.98	151
34.49	189
34.66	28
35.11	220
34.61	197
35.57	189
32.6	184
33.15	218
34.95	163
35.66	201
35.16	156
33.69	217
33.86	214
34.46	219
33.07	223
33.47	221
33.24	59
33.4	223
33.76	152
33.44	201
34.04	193
32.89	154
33.26	180
33.73	225
32.58	137
33.07	188
32.96	225
34.04	167
34.83	176
32.49	175
34.72	180
32.27	218
33.96	193
33.91	151
32.41	221
33.37	223
34.24	168
34.24	198
34.9	258
34.31	175
35.06	165
32.47	196
34.08	295
33.68	152
33.98	175
34.31	195
34.85	191
34.77	228
33.77	142
33.91	181
33.09	195
33.64	188
34.65	220
33.19	204
34.12	197
34.17	153
34.77	330
34.77	179
33.87	189
34.29	217
35.4	241
34.12	115
35.77	204
34.07	166
33.74	62
35.14	137
33.56	159
33.07	192
34.79	220
32.92	219
32.75	159
34.27	181
32.6	200
34.55	214
33.8	140
32.91	179
33.33	205
33.27	140
33.04	191
33.77	141
33.15	219
33.39	222
34.03	225
33.96	40
33.17	227
33.23	181
32.59	194
34.78	160
32.62	223
33.29	218
32.93	222
33.73	136
33.14	194
33.6	210
32.01	227
33.43	218
33.27	225
34.41	193
34.43	179
33.52	218
34.16	178
33.14	189
33.14	189
34.14	185
33.31	172
33.26	203
32.88	216
32.92	37
35.17	267
33.88	126
33.82	227
33.89	174
32.89	216
33.96	280
33.91	202
33.63	212
33.74	165
34.3	175
36.91	189
33.75	218
34.65	193
34.84	158
35.13	100
32.71	224
34.73	173
34.71	359
32.2	77
33.53	216
34.47	139
35.16	70
33.67	123
35.93	165
33.94	176
32.58	223
33.53	213
33.94	74
33.2	174
34.29	211
33.28	166
33.52	198
32.81	186
33.43	185
34.97	170
33.11	185
34.48	174
32.9	75
32.57	67
33.67	146
33.36	215
33.16	81
35.52	193
30.76	20
32.66	198
34.17	55
33.04	224
32.75	213
34.91	215
33.09	220
32.98	156
34.42	81
34.54	192
32.94	190
33.55	217
33.27	176
33.48	227
35.11	159
34.24	217
33.01	188
34.21	114
34.8	121
33.5	224
33.09	192
33.58	225
33.12	183
34.34	197
33.69	191
34.3	148
33.97	144
34.2	173
35.1	109
32.81	181
34.2	173
34.07	149
34.76	185
33.17	54
34.21	204
33.33	215
34.6	186
34.98	141
34.6	181
34.36	205
34.35	111
34.95	148
33.46	70
34.98	95
36.17	186
33.79	186
34.42	179
34.62	189
32.76	75
33.49	215
34.47	277
34.52	205
34.01	181
33.45	223
34.08	116
33.5	222
34.75	162
33.03	215
35.04	97
34.05	173
34.72	223
33.54	151
34.35	220
34.28	190
34.49	206
33.93	205
31.48	211
33.25	218
34.16	108
32.2	217
33.17	210
34.86	118
33.27	91
33.87	173
35.07	209
34.66	180
35.37	352
31.92	227
34.87	91
34.84	149
34.09	189
34.71	212
35.07	73
32.37	221
32.36	218
33.64	223
34.17	132
31.91	224
33.27	185
34.45	178
32.56	52
34.16	190
34.09	136
33.41	122
33.53	227
36.9	121
32.61	107
32.48	227
33.16	365
37.01	199
33.72	188
32.82	92
32.52	225
32.34	204
33.34	145
33.47	154
34.67	193
34.7	188
34.1	199
33.26	166
33.23	174
34.28	198
34.88	210
32.44	202
33.38	202
33.8	166
34.26	212
33.93	179
34.12	209
34.26	174
33.34	218
35.44	154
33.88	208
33.59	209
34.93	204
34.19	86
34.23	205
35.79	117
33.08	219
33.8	218
34.03	137
34.43	216
33.88	219
34.01	183
30.88	8
34.99	138
34.17	198
33.63	206
34.25	134
33.95	175
32	201
33.6	180
35.61	173
34.42	166
33.8	164
33.2	204
34.42	142
33.48	36
33.38	68
33.99	188
33.1	197
35.51	200
33.77	129
33.85	168
35.17	106
33.7	115
33.84	132
32.68	219
35.24	191
33.03	218
34.53	158
34.77	134
33.04	223
34.46	180
34.95	172
35.18	153
34.27	162
32.15	207
33.61	220
33.86	192
33.55	173
33.67	194
34.25	159
34.78	139
33.35	122
33.48	216
33	137
32.72	206
33.83	218
33.69	179
32.66	168
32.02	227
33.2	205
34.03	206
34.19	195
32.73	185
33.91	209
33.8	192
33.31	131
33.89	183
33.8	222
33.54	200
34.07	195
32.81	225
34.08	174
32.35	30
33.85	94
35.29	200
34.5	214
35.14	138
34.08	222
33.62	218
35.95	199
34.16	128
35.3	129
34.3	177
32.96	208
33.2	208
33.43	122
34.68	157
32.49	221
32.81	225
33	138
33.54	146
33.53	220
33.12	222
33.76	163
35.15	190
34.43	225
35.84	150
34.72	189
33.93	110
34.67	180
34.26	196
34.11	178
34.66	119
34.28	227
34	215
34.26	121
34.39	172
35.29	80
32.71	70
34.45	202
34.09	150
34.23	213
33.96	162
33.45	209
33.49	222
32.99	167
33.33	201
33.23	227
34.82	185
33.32	218
34.42	180
33.99	227
33.68	198
33.76	154
32.5	227
34.19	216
32.87	221
33.42	197
34.2	89
33.33	218
33.34	178
33.45	129
32.8	212
34.35	70
34.95	132
33.43	185
33.7	50
34.67	227
34.31	166
34.25	191
35.09	101
33.41	227
33.42	157
32.12	196
33.72	178
33.01	367
34.55	108
33.9	217
33.51	197
33.33	217
32.46	221
34.85	127
32.58	221
33.97	184
34.1	137
33.26	199
34.75	165
32.91	212
33.48	192
34.02	150
34.66	98
33.89	197
33.94	166
33.73	167
33	193
33.08	208
32.36	221
32.67	184
34.91	154
31.72	31
34.48	207
32.34	162
33.23	61
34.56	156
32.44	225
33.2	168
32.61	225
32.56	151
33.79	144
32.13	222
33.77	141
33.42	222
34.31	225
33.85	170
33.26	227
34.87	150
33.98	211
33.81	214
35.18	168
34.89	141
35.18	220
35.39	178
32.79	138
35.12	136
33.89	180
34.86	136
32.02	208
32.76	223
34.69	146
31.21	15
33.6	202
32.78	218
33.31	367
33.82	97
33.96	204
33.57	188
34.15	208
35.19	175
34.32	195
35	159
34.95	165
35.05	306
34.44	190
34.43	214
33.91	374
32.28	213
34.4	166
33.22	144
31.37	28
34.68	373
34.59	177
33.06	215
33.05	221
32.98	211
34.89	177
34.13	218
32.88	222
34.41	185
34.35	212
34.28	162
33.99	85
33.26	196
33.62	156
33.05	180
31.96	13
33.23	184
34.83	137
36.01	129
35.46	146
33.11	220
33.67	202
34.76	183
34.75	66
33.75	202
34.74	144
34.62	200
35.03	83
35.03	218
35.7	132
34.17	55
35.06	176
34.14	207
34.76	181
33.45	187
33.61	217
33.36	137
33.79	155
32.32	220
33.39	198
33.58	116
33.42	227
33.3	183
34.68	89
32.7	205
33.9	201
33.52	172
33.82	174
33.23	127
33.59	195
32.9	197
33.21	213
33.97	166
34.01	227
33.7	218
33.52	145
33.7	65
33.38	211
35.3	101
32.84	202
37.18	141
34.41	218
34	225
34	98
33.91	105
32.33	216
34.33	149
34.44	226
33.33	116
34.48	200
33.37	116
35.67	122
33.37	116
35.65	154
34.55	194
33.93	131
33.46	223
34.38	145
34.04	203
34.28	154
34.84	152
33.5	184
33.89	209
35.05	139
33.5	171
35.7	215
34.61	116
34.25	161
33.6	204
33.91	212
33.75	187
33.3	222
35.78	190
33.7	204
34.01	165
34.82	78
34.11	177
33.8	188
34.8	170
35.54	207
33.95	227
34.46	162
34.22	190
34.53	121
34.24	198
34.26	168
33.47	223
35.36	227
34.18	205
33.81	196
34.7	175
34.5	157
34.87	170
35.05	177
34.89	199
33.79	115
33.15	170
33.61	202
32.87	190
34.51	89
34.75	197
33.35	225
33.1	84
32.83	210
34.02	221
32.56	129
31.72	220
33.98	137
33.29	214
33.81	193
33.95	156
34.01	180
33.8	197
34.53	214
33.33	223
33.91	215
33.15	204
34.79	210
33.23	86
33.23	91
33.36	202
34.82	126
36.15	156
35.22	184
32.3	224
33.21	98
34.68	144
34.28	224
34.49	149
33.35	173
33.63	147
32.36	212
34.19	113
31.65	52
33.7	194
33.27	208
33.51	199
34.25	111
34.24	208
34.78	197
35.01	121
33.39	220
33.4	218
33.84	193
31.28	226
33.21	220
32.62	227
33.78	185
34.11	213
34.11	188
35.16	92
34.28	117
33.38	205
33.05	146
33.27	201
33.73	158
34.07	206
33.51	159
33.82	158
33.46	209
34.5	185
34.42	136
34.59	211
33.76	122
31.78	36
33.57	121
34.21	189
33.33	125
34.96	180
34.07	159
35.19	187
34.7	186
33.68	219
35.35	149
32.83	200
33.27	199
34.63	120
32.62	172
32.38	204
32.62	226
34.46	182
33.11	222
32.61	196
33.68	156
34.55	35
35.51	174
33.54	212
33.71	215
33.73	216
32.75	212
35.17	113
34.22	131
34.27	327
33.61	223
32.9	62
34.54	172
33.8	180
36.63	127
35.02	362
34.15	173
34.22	209
33.71	119
33.47	195
34.97	196
33.94	138
35.12	169
34.55	195
34.3	201
33.01	177
35.4	163
34.9	214
34.61	192
33.93	218
34.32	157
33.62	207
34.23	208
34.92	212
34.36	203
34.84	140
34.87	224
34.89	199
33.45	212
34.74	221
33.14	185
33.35	85
33.4	224
33.1	176
32.87	217
33.53	196
33.78	154
33.51	178
34.24	206
32.26	204
33.97	106
34.67	157
35.78	205
34.22	227
34.01	216
34.94	189
34.46	122
34.01	203
33.11	220
34.33	90
33.87	178
33.75	216
33.01	102
34.8	176
35.11	205
33.07	172
32.86	215
31.81	170
32.58	108
33.48	184
33.39	215
33.05	206
34.21	217
33.53	212
33.16	177
34.14	219
33.3	215
33.97	202
34.57	209
34.93	180
32.38	218
32.65	226
33.04	78
31.5	214
33.61	187
33.29	179
32.91	219
33.78	213
32.4	224
32.86	200
32.44	60
34.42	162
34.47	202
33.88	219
32.83	183
33.01	27
34.5	167
34.72	145
33.69	194
34.84	217
32.93	377
33.81	216
33.77	163
34.31	149
35.19	163
36.67	175
33.34	213
34.33	158
34.8	147
33.73	72
31.73	34
32.17	45
33.76	150
33.41	101
34.74	192
34.53	108
32.98	107
34.39	147
32.88	43
34.7	117
34.23	195
34.2	191
34.06	209
33.12	198
34.89	402
33.95	204
33.37	124
33.33	221
33.18	223
33.62	126
32.72	219
34.32	179
33.87	218
32.88	198
33.75	204
33.66	184
33.72	217
33.94	191
35.7	225
33.99	192
31.66	38
34.51	226
33.25	190
33.69	215
35.1	154
33.86	192
31.51	224
33.91	200
34.74	218
34.28	169
33.62	174
31.98	22
32.51	226
32.85	227
31.94	200
32.11	64
33.3	167
32.75	208
33.41	198
33.46	198
33.5	223
34.29	211
34.15	215
33.9	198
34.12	214
32.86	177
32.79	224
34.41	118
33.9	215
33.28	194
32.83	214
33.41	209
33.83	195
33.42	108
33.18	191
33.65	193
33.88	118
32.8	220
33.98	76
35.06	192
33.67	226
33.92	221
34.88	103
33.59	208
33.16	216
33.83	225
33.22	221
34.14	180
33.58	183
34.07	199
35.78	145
31.68	196
34.42	214
33.59	104
33.91	148
35.4	114
31.8	222
31.66	39
33.46	222
32.94	156
33.85	158
33.44	224
34.43	222
35.31	116
35.3	126
34.74	188
35.42	153
32.68	220
34.44	115
34.44	115
35.35	216
33.68	176
33.11	171
33.51	186
32.47	227
32.9	178
32.74	198
34.65	140
32.97	219
34.09	190
32.8	220
33.32	28
34.44	215
33.72	221
31.83	186
35.28	120
34.3	196
33.67	196
34.26	211
33.03	125
34.14	215
34.35	135
33.76	121
35.09	195
34.76	184
33.66	214
33.57	197
35.42	162
34.13	195
34	226
34.42	224
34.58	176
34.16	224
34.04	217
35.87	184
34.82	182
33.82	222
35.95	174
34.22	204
33.74	207
32.76	42
33.43	227
33.7	192
34.04	216
34.67	135
33.66	226
33.9	166
33.94	227
32.07	204
33.93	58
32.57	215
33.14	190
33.36	136
32.47	77
33.89	196
32.2	214
34.29	161
34.52	159
33.41	185
34.71	158
33.29	223
35.31	218
33.25	211
35.21	152
34.13	209
34.38	183
32.84	188
34.49	161
33.29	202
33.66	209
32.8	224
33.7	161
33.42	195
34.15	174
33.09	222
33.91	164
34.04	214
33.27	203
33.55	224
33.03	221
33.77	221
32.38	159
33.2	226
32.58	223
33.83	179
32.77	218
33.47	198
33.03	216
35.62	190
33.87	216
33.12	176
33.2	183
33.91	124
34.39	185
33.73	222
34.15	102
34.66	161
33.51	177
34.1	196
35.23	188
32.93	38
34.25	221
31.69	214
33.61	217
34.43	275
33.16	221
33.56	190
34.34	188
33.41	207
32.67	226
34.21	218
34.84	139
34.21	225
33.8	156
33.58	209
33.38	204
33.45	225
33.28	216
32.3	38
33.79	163
33.75	157
32.97	212
34.24	135
34.66	155
33.08	131
34.61	149
33.86	211
35.16	209
33.6	213
33.93	211
32.98	188
32.83	165
33.17	177
32.34	121
32	62
34.09	188
32.77	182
33.85	190
31.92	217
33.51	90
34.42	138
33.89	224
34.59	163
33.23	193
33.6	124
34.32	161
33.34	196
34.05	180
33.54	57
33.12	83
33.79	121
32.72	205
35.22	152
33.73	151
32.72	36
33.63	92
33.44	92
34.08	193
33.98	121
33.5	211
34.36	171
32.96	247
33.85	197
34.73	124
32.23	243
34.78	239
34.4	234
34.08	201
35.23	153
34.58	235
33.78	145
32.7	247
34.3	206
33.35	190
33.71	179
31.51	224
33.39	206
33.3	399
34.07	209
33.99	251
32.99	213
33.91	150
34.04	206
33.95	138
33.05	253
34.1	193
33.3	229
34.46	192
33.61	245
31.86	256
32.56	190
32.14	232
32.15	247
35	177
32.48	221
33.85	195
34.13	199
33.69	243
33.35	237
35.08	196
32.83	222
33.61	249
34.56	238
32.46	253
32.92	233
34.26	189
33.06	227
34.69	182
34.5	212
34.22	217
34.67	213
34.31	170
34.46	197
33.35	242
32.48	247
33.83	210
34.32	218
33	245
33.21	253
32.57	240
33.81	242
34	252
33.01	166
33.9	250
33.98	207
34.16	240
35.33	153
33.29	222
32.64	247
33.79	240
32.06	240
32.19	254
34.68	243
33.96	90
32.98	198
32.55	225
34.35	330
32.59	251
36.53	171
33.93	84
32.54	200
32.64	256
32.94	222
35.28	123
35.97	199
34.79	213
33.91	25
33.11	200
33.9	140
32.76	250
33.84	217
34.02	219
33.26	183
33.19	227
34.82	118
33.62	210
32.63	239
33.87	201
32.49	248
32.24	253
32.5	229
32.96	229
33.82	211
34.41	170
32.96	242
32.5	202
34.75	225
34.63	255
34.47	211
33.44	241
33.25	201
33.67	213
34.65	218
34.32	191
33.57	220
32.48	233
34.77	138
33.97	177
33.77	255
33.22	224
34.54	224
32.68	241
32.88	253
33.7	170
33.89	148
33.27	215
32.84	254
31.9	21
32.57	250
34.37	142
33.37	234
34.01	205
32.87	256
33.98	135
33.02	215
33.3	239
32.45	256
33.72	221
32.35	242
34.04	175
32.34	247
32.89	414
32.66	244
35.35	195
34.17	128
32.03	255
35.47	163
33.6	117
32.53	248
33.66	242
34.36	156
32.72	253
35.18	184
34.97	179
33.52	225
34.52	231
33.88	251
33.95	164
35.48	230
34.32	246
34.6	154
33.26	292
33.9	204
33.56	227
35.51	223
33.55	236
34.5	170
32.87	238
33.74	241
34.11	173
33.42	251
33.29	234
34.4	429
34.35	236
34.93	135
33.47	206
34.27	238
33.83	230
33.55	250
33.71	50
32.51	255
34.86	194
32.7	237
33.6	226
33.57	212
34.86	115
33.81	220
33.1	250
33.16	455
34.57	199
34.32	216
34.77	235
32.86	242
34.79	323
34.42	201
33.13	238
35.73	218
33.98	109
35.04	230
32.44	246
33.39	204
33.96	117
32.05	241
31.96	240
33.61	190
33.89	206
33.28	227
32.06	247
33.29	249
33.06	221
32.54	252
34.91	214
34.7	156
33.05	211
32.01	237
34.53	215
33.89	215
33.81	183
34.52	155
32.79	250
32.84	223
33.58	172
31.81	250
33.75	145
33.36	216
33.21	214
33.95	248
34.01	246
32.63	194
31.5	251
31.48	251
32.28	238
32.82	241
32.04	240
33.03	194
34.04	184
32.19	208
32.94	231
33.26	156
32.92	216
34.7	204
34.77	158
34.49	185
33.31	189
33.43	79
31.92	255
32.59	226
32.88	159
34.67	236
33.87	99
33.92	389
33.6	93
36.63	108
33.18	250
33.8	197
32.08	254
33.85	230
37.36	163
34.73	223
34.38	137
34.94	160
31.62	246
35.38	197
33.49	236
33.88	191
34.07	187
33.66	247
34.8	221
33.61	249
