sim	len_diff
36.74	32
33.07	70
35.58	64
33.48	63
34.33	47
37.18	51
33.49	2
34.93	21
35.64	39
37.06	26
34.72	37
35.97	44
33.87	72
35.67	66
38.13	20
32.13	37
33.35	66
34.43	38
35.56	53
34.32	24
35.01	68
35.81	39
37.84	29
33.68	36
36.22	37
34.13	72
42.11	10
34.86	32
34.08	16
34.11	75
39.31	17
39.31	17
39.31	17
34.58	33
33.59	55
35.7	52
35.07	52
31.94	78
33.28	74
33.2	29
33.45	28
35.03	13
35.68	50
35.93	51
32.62	32
36.66	33
35.29	37
34.21	29
34.51	38
36	31
35.16	74
35.09	53
33.76	64
32.92	1
36.23	21
34.41	23
37.2	38
34.84	11
34.47	32
33.68	33
31.92	34
32.22	35
32	37
34.41	28
35.62	48
33.92	29
31.05	32
32.48	39
35.7	52
32.11	69
33.32	49
34.72	7
35.08	28
33.52	62
32.32	33
35.09	53
38.41	17
36.77	10
35.45	38
33.32	49
32.92	62
34.87	11
35.09	5
31.43	78
33.52	66
33.7	71
37.29	30
34.43	58
36.58	38
37.35	74
34.08	32
33.36	77
34.43	23
34.08	71
35.84	62
35.06	34
36.32	74
34.25	72
33.83	76
40.24	29
34.67	28
40.18	22
34.31	24
37.92	21
35.49	48
35.49	23
34.75	18
34.36	67
36.48	78
36.77	8
34.13	74
36.03	31
36.51	35
35.97	43
34.68	33
35.88	36
37.46	11
33.1	39
37.13	48
35.96	29
37.36	8
35.45	29
36.96	25
35.38	52
37.58	14
36.09	41
36.35	23
36.08	31
35.34	26
34.17	22
35.54	30
32.11	63
36.37	20
32.92	74
35.42	65
35.88	7
35.12	7
32.96	47
35.88	56
33.43	49
34.26	60
32.83	37
32.71	33
34.77	35
32.54	71
34.43	26
33.49	21
31.91	34
33.67	73
31.63	5
33.92	65
33.32	49
34.98	65
34.27	78
35.78	38
32.41	74
33.58	35
32.41	74
34.96	58
37.72	39
33.01	64
33.12	77
34.59	14
34.47	53
32.84	61
33.32	58
35.88	56
33.22	49
34.01	65
32.71	43
33.32	49
34.94	59
32.83	31
35.08	28
34.12	79
34.35	35
35.93	13
33.24	64
33.32	49
35.88	56
33.86	24
34.88	65
34.4	70
32.24	61
37.15	44
31.63	70
30.78	33
35.43	65
33	66
37.65	28
34.25	32
35.12	30
35.79	30
34.62	12
36.27	31
34.18	35
36.43	34
35.36	30
39.06	30
34.46	48
35.22	47
34.43	47
34.8	31
36.09	67
36.21	62
37	46
33.86	9
33.1	61
34.22	28
33.88	29
32.43	70
34.1	31
33.77	57
35.98	28
34.81	23
34.95	41
35.24	30
33.96	48
33.08	25
36.15	22
31.48	15
33.93	43
36.02	29
32.22	21
31.89	15
33.32	29
33.95	49
37.58	28
34.02	21
33.53	54
36.97	24
31.56	28
34.59	75
34.59	75
32.92	22
33.56	28
33.4	37
33.77	13
31.46	27
33.14	67
33.54	78
33.34	27
34.02	10
35.08	33
34.96	8
33.53	14
35.86	29
33.53	14
38.48	18
35.92	27
32.21	27
35.51	16
33.27	18
34.24	53
36.18	28
34.86	10
34.91	34
32.98	27
37.96	9
31.88	28
33.34	58
34.58	38
32.64	27
31.72	26
35.6	52
36.25	53
35.81	53
36.72	15
35.19	57
36.89	17
35.67	74
35.47	18
34.48	28
34.5	7
34.85	70
34.33	42
32.94	50
35.17	62
35.31	40
37.22	5
34.31	72
33.2	79
35.35	2
33.46	53
34.21	40
33.76	60
33.96	53
35.4	13
35.52	45
35.37	65
36.75	36
36.24	45
34	61
39.32	20
36.7	34
33.41	23
34.4	49
35.28	67
33.17	79
36.68	12
36.55	48
38.18	26
35.17	66
35	43
37.19	35
37.16	5
34.62	75
38.82	10
36.35	33
37.45	38
35.7	45
33.93	39
38.6	2
33.8	56
41.17	30
34.89	67
34.78	59
34.74	1
34.96	3
36.63	27
35.22	41
36.17	56
35.86	34
34.18	63
33.46	59
33.58	39
36.61	45
37.87	35
32.74	34
35.1	52
34.94	70
37.97	62
34.74	74
34.22	47
36.97	53
34.03	33
38.12	22
34.52	11
35.43	25
34.02	30
36.53	58
33.86	36
32.94	71
35.97	22
36.37	30
33.22	39
35.92	26
34.69	74
35.2	71
35.5	67
30.72	17
36.29	31
33.66	51
32.94	14
36.27	12
42.79	1
34.1	45
32.41	45
31.48	33
32.17	28
46.48	1
36.39	30
37.62	9
35.22	62
36.45	11
34.88	62
36.39	15
40.4	13
35.89	54
35.27	39
34.08	50
37.22	20
32.61	1
43.55	6
34.35	15
31.31	47
35.29	24
35.97	50
38.28	42
30.85	53
33.08	26
33.22	29
34.59	60
31.7	62
34.7	51
32.47	39
37.22	11
31.5	1
35.54	38
31.45	45
36.93	11
35.6	7
33.98	16
39.25	24
38.12	33
36	33
50.63	4
32.35	35
36.3	56
34.16	41
41.03	7
35.54	54
36.61	56
36.02	60
37.02	27
39.19	20
39.83	22
40.76	9
38.02	30
39.12	31
33.51	50
32.87	25
42.68	2
31.47	28
35.38	45
36.27	41
32.35	51
34.47	34
34.29	29
34.78	35
33.09	52
31.77	20
32.42	32
30.91	29
31.73	29
33.56	8
37.23	15
31.88	17
30.35	8
31.95	45
34.97	58
36.93	53
37.79	57
41.78	20
39.75	11
36.13	24
35.78	40
34.53	34
34.93	29
37.91	29
38.5	59
36.46	47
37.26	33
35.22	58
32.84	32
39.67	24
35.69	16
36.06	61
38.41	21
43.1	1
36.33	53
37.11	51
33.13	34
36.67	27
36.38	41
35.6	34
33.56	34
32.62	27
36.82	4
36.91	15
33.69	37
33.41	58
35.81	51
35.63	59
36.81	46
34.47	63
36.06	48
38.04	34
35.89	37
38.39	18
32.59	59
35.03	14
33.95	42
33.98	30
37.43	11
34.38	61
30.4	60
33.67	27
32.05	52
32.02	62
35.3	11
32.25	4
34.33	23
33.08	30
33.44	56
33.84	35
30.81	30
34.6	43
31.76	17
33.58	16
34.91	36
34.91	36
36.04	46
34.87	34
34.1	10
33.68	32
36.7	40
36.15	40
36.08	44
35.26	61
33.3	29
32.1	33
33.73	19
33.24	33
33	32
31.49	55
37.96	11
34.94	30
33.31	61
31.65	3
33.82	13
35.27	33
36.09	51
33.42	13
34.87	23
36.77	55
46.64	1
35.56	6
35.52	3
33.84	3
34.82	21
35.13	44
36.67	10
37.29	30
35.86	20
33.9	53
34.12	62
36	25
32.16	34
32.89	30
35.87	13
31.03	31
34.38	34
30.11	6
34.23	56
33.98	62
33.42	45
36.63	17
37.03	20
36.1	31
39.31	8
38.73	1
40.08	20
37.46	10
34.01	20
34.43	61
35.03	19
34.61	43
38.78	58
36.3	51
35.44	27
35.62	19
34.07	54
35.25	56
36.58	60
40.91	30
36.05	27
36.05	28
35.62	58
33.72	20
33.76	61
36.99	48
35.22	44
37.61	38
32.55	34
35.94	26
31.93	21
38.51	24
33.84	40
36.04	42
35.08	26
37.94	24
36.94	5
36.06	19
36.02	37
35.44	20
39.16	33
34.91	25
34.5	18
33.08	28
34.84	31
35.2	32
33.82	25
33.67	60
33.89	3
33.02	30
34.86	43
35.92	14
36.54	27
34.54	28
35.35	11
35.97	21
37.3	28
34.54	26
36.63	62
36.99	40
34.68	59
35.88	13
36.87	29
37.58	22
37.55	30
36.47	44
35.15	7
34.53	34
37.45	28
36.69	35
35.82	15
34.53	27
34.17	30
36.25	7
34.84	35
37.45	44
34.72	15
37.99	52
35.43	32
36.61	31
33.53	48
35.53	40
45.58	2
32.64	35
32.58	25
31.13	30
36.3	16
33.97	61
35.08	15
37.01	52
35.1	19
33.17	44
34.02	36
35.31	7
43.25	3
39.81	2
34.44	27
34.92	21
38.8	29
33.43	32
35.47	35
39.56	27
37.98	37
35.6	29
35.36	62
35.58	57
35.25	37
36.73	26
32.74	32
38.25	39
39.25	5
37.48	28
37.6	57
36.72	26
35.93	21
37.28	44
39.02	33
37	63
35.21	28
36.67	60
36.4	35
40.93	0
37.3	40
38.36	31
37.98	15
38.8	26
35.88	62
36.36	15
36.51	52
36.87	10
42.53	16
42.63	1
36.01	17
32.58	33
31.97	24
33.53	12
34.15	38
34.42	39
33.31	24
36.37	44
30.39	33
33.35	32
34.15	62
34.84	29
33.46	23
33.93	33
36.29	9
30	35
31.91	34
34.87	23
34.35	32
35.64	23
30.93	63
34	31
34.34	38
31.27	21
33.78	53
34.95	37
32.79	27
32.79	27
31.78	28
34.76	43
37	50
33.7	14
33.83	55
34.24	61
34.51	56
35.77	1
34.57	51
34	12
35.78	36
35.35	60
35.88	20
36.13	54
37.79	21
37.07	53
51.8	3
36.15	53
38.59	27
35.25	10
36.18	57
35.69	30
35.6	41
35.65	44
33.15	42
34.76	57
32.84	58
33.92	21
31.31	8
33.24	18
31.07	51
31.47	21
36.12	46
32.22	24
33.83	28
33.25	20
33.01	16
33.15	16
32.56	34
33.69	35
35.17	58
34.18	28
33.07	45
34.63	46
35.19	54
32.29	6
32.13	11
33.29	52
32.27	55
32.88	37
34.59	32
34.59	60
39.43	52
36.5	53
35.98	10
37.59	39
36.6	56
37.73	55
38	2
39.63	14
36.85	36
34.41	51
33.19	10
35.26	27
33.2	46
31.26	19
32.98	50
35.15	53
34.68	16
35.82	43
33.42	3
38.4	19
34.84	35
31.67	46
36.56	28
36.58	15
35.63	53
35.44	40
37.15	26
35.3	53
34.3	41
34.65	14
36.88	39
35.88	57
38.06	20
34.2	28
35.25	52
35.95	19
35.69	63
33.18	19
34.71	29
32.13	7
35.06	4
35.65	42
37.1	6
38.45	36
38.14	28
33.28	16
35.12	44
46.74	0
35.43	12
38.74	20
31.25	7
31.72	5
32.73	24
31.89	22
34.89	40
33.86	47
35.32	7
32.32	24
32.74	11
32.78	27
33.21	43
34.82	60
36.3	24
34.93	18
37.28	32
33.92	58
32.8	5
32.92	62
36.02	22
35.5	34
37.84	16
37.1	61
34.89	42
34.95	41
36.31	42
35.41	23
35.35	62
35.64	42
35.99	42
37.73	47
35.53	45
33.94	29
34.93	44
40.46	39
33.58	33
33.86	49
37.25	37
36.08	60
34.13	36
37.9	38
34.65	62
34.5	40
34.16	9
33.79	28
32.5	18
33.93	26
33.6	26
31.83	33
33.16	26
31.57	15
36.11	34
34.25	53
36.62	59
34.08	56
35.23	59
36.95	26
37.97	50
34.72	24
35.34	53
35.2	50
34.17	52
36.63	37
36.13	38
33.96	48
38.88	46
33.1	14
37.27	19
35.25	19
34.81	36
35.68	60
35.25	59
34.84	53
32.3	17
35.25	62
36.48	44
45.77	2
37.19	9
32.16	34
33.77	1
37.6	34
36.2	51
35.4	37
36.61	39
36.7	12
38.01	43
40	23
32.93	52
37.47	40
36.78	28
37.58	20
34.81	2
35.21	62
37.79	20
34.22	32
36.54	62
36.08	27
37.9	7
33.77	33
34.64	29
36.35	23
48.64	2
36.44	56
33.89	9
37.65	31
36.6	62
34.27	40
30.83	10
40.65	13
34.75	43
36.72	53
37.99	31
35.45	18
37.42	51
46.18	4
38.71	25
38.19	14
34.17	10
33.33	60
34.79	34
40.4	19
34.17	57
35.57	23
33.57	19
36.01	40
35.19	22
35.76	61
38.79	25
38.18	45
35.95	59
36.96	23
35.37	46
32.19	57
34.69	28
37.17	15
35.26	15
32.6	10
34.81	23
35.59	43
34.16	40
36.18	23
37.15	4
42.84	4
36.4	41
36.2	49
41.15	11
32.27	25
36.58	38
35.66	30
35	23
31.62	32
36.58	15
35.16	33
36.86	8
45.75	6
35.68	0
34.77	18
33.88	11
33.37	0
32.73	62
34.87	8
35.21	14
36.44	24
35.94	27
35.84	24
36.8	20
35.5	21
34.51	32
37.23	27
36.16	21
34.36	45
32.37	11
33.67	17
34.82	62
34	31
35.47	54
36.16	30
36.2	49
37.1	40
49.54	3
34.85	45
33.41	31
35.57	49
36.2	15
34.12	29
31.88	13
33.71	41
33.39	36
34.34	35
33.46	23
35.88	17
32.83	61
33.99	47
36.7	12
33.98	61
34.41	44
35.62	10
34.82	32
33.83	55
34.28	26
49.11	0
32.83	10
37.36	62
36.07	59
37.88	18
35.04	54
33.55	30
36.07	59
37.36	62
35	29
34.19	23
33.98	17
35.68	23
45.77	1
35.34	28
33.64	46
37.62	30
34.58	22
35.08	20
33.98	21
34.8	56
36.18	3
34.79	3
35.58	62
38.41	25
34.31	55
34.69	13
33.98	25
36	48
34.6	62
34.8	33
34.85	61
37.15	28
36.27	4
35.08	25
37.54	31
32.97	11
36.72	5
33.91	0
32.1	22
34.1	31
33.07	21
35.66	13
34.28	49
35.1	11
34.73	27
33.73	43
35.31	6
35.68	18
32.5	33
35.79	17
34.76	51
35.09	53
34.06	14
35.07	46
32.54	14
35.4	51
34.74	7
33.61	23
34.35	42
32.84	27
33.41	25
33.62	56
35.94	38
32.58	32
34.07	12
33.52	16
33.83	22
34.82	34
34.5	9
36.02	62
36.65	20
34.12	34
33.45	10
41.71	6
35.08	11
38.69	20
36.49	31
35.61	56
36.15	35
36.12	40
34.84	23
34.45	28
32.79	24
34.63	24
33.48	60
36.15	52
36.37	23
32.87	19
37.78	14
33.43	51
37.29	46
37.07	62
41.17	4
36.07	57
37.56	29
38.08	24
35.96	49
35.34	59
40.33	14
36.15	41
38.99	39
35.65	62
34.41	33
35.12	9
35.93	41
36	44
34.84	54
35.11	6
34.45	45
35	21
32.53	16
31.81	18
33.47	28
36.1	14
33.42	52
32.68	60
32.35	23
31.53	62
33.88	21
33.68	35
35.62	50
38.22	5
34.92	13
36.05	20
35.56	38
34.9	40
36.17	55
36.24	33
34.13	12
34.32	53
37.14	57
36.3	14
37.43	41
39.55	20
36.86	22
33.59	29
35.76	34
34.5	31
35.45	28
34.51	26
36.82	10
33.63	22
33.96	32
32.02	3
34.15	52
33.38	31
34.23	56
33.97	10
31.66	46
34.62	58
33.89	18
32.33	7
36.44	33
32.5	55
49.54	2
35.7	52
35.19	62
33.15	35
32.82	35
35.2	25
35.54	57
36.24	30
35.84	19
42.68	0
35.05	44
36.18	0
35.65	49
36.8	7
32.47	58
38.83	16
44.22	16
36.72	29
39.63	49
36.17	50
37.89	28
38.78	30
36.26	22
38.19	31
38.18	31
38.19	31
35.52	61
34.32	55
34.14	15
35.08	15
34.95	23
33.54	7
32.95	45
39.83	2
35.94	26
35.89	59
34.65	1
33.54	8
35.39	38
34.84	36
37.11	43
34.99	61
38.24	34
37.21	42
33.54	13
37.08	25
34.26	10
35.2	17
35.39	22
35.83	26
32.15	56
35.89	23
40.88	15
35.23	44
33.27	33
32.16	26
33.16	11
35.02	41
34.76	5
42.92	3
41.05	2
34.2	51
34.83	21
38.37	29
36.2	51
35.6	23
36.58	61
36.53	46
34.39	7
35.45	33
37.86	61
36.26	29
34.44	51
36.76	22
37.46	42
38.25	11
34.6	53
31.88	14
35	8
36.29	25
36.79	55
36.87	44
35.75	40
36.06	22
34.8	53
37.26	41
35.75	53
34.93	1
36.2	14
38.24	34
33.82	14
35.9	54
35.62	46
35.7	62
34.86	55
37.26	41
35.02	26
35.99	28
35.22	25
30.39	27
35.87	61
36.46	17
37.78	25
34.81	25
32.68	24
35.9	13
32.29	16
35.77	33
35.37	38
33.39	63
32.56	28
37.52	13
36.1	16
37.01	37
38.48	26
36.35	32
34.08	23
34.46	56
34.45	17
32.65	16
35.39	50
35.27	31
36.65	26
37.06	1
36.87	10
34.87	52
31.11	14
36.03	47
36.07	47
36.09	39
36.18	48
36.88	51
38.07	56
37.81	41
37.08	19
31.69	26
35.93	32
34.53	54
33.44	51
33.62	24
33.58	13
33.78	28
33.07	27
34.91	23
33.21	21
35.17	13
35.09	43
35.81	22
34.72	21
34.71	37
34.65	22
35.34	54
31.31	23
34.37	53
33.17	62
35.96	7
37.74	11
33.54	19
44.45	0
34.81	59
34.26	33
35.23	37
32.94	6
34.75	15
35.72	17
33.41	51
37.98	50
35.01	49
35.38	39
35.43	57
33.62	19
33.21	57
37.39	12
36.69	58
36.4	52
34.92	43
35.29	13
34.67	19
35.3	30
34.09	16
34.67	14
34.85	12
31.29	48
33.5	16
34.66	41
33.93	53
32.69	7
33.41	2
33.98	5
33.39	59
33.53	24
34.93	9
37.71	41
34.3	12
31.43	14
34.48	62
39.5	43
34.54	58
34.66	51
35.13	60
36.12	60
33.59	60
34.53	48
34.68	59
36.46	47
36.9	13
35.36	23
35.59	30
34.46	53
34.75	47
32.63	54
36.91	59
36.61	48
35.3	25
34.94	32
35.68	11
37.98	15
35.16	46
37.64	42
41.49	6
35.67	27
36.9	23
36.21	15
36.24	56
37.39	9
36.27	29
35.84	51
38.23	38
38.73	21
35.29	28
38.52	25
35.04	53
39.3	21
36.01	30
38.06	5
33.37	13
33.63	22
35.51	31
33.61	43
33.92	35
36.12	10
33.24	62
36.96	15
34.41	43
32.71	13
33.6	9
32.9	43
33.99	31
32.64	54
31.98	57
33.7	47
30.67	49
34.43	13
33.82	18
33.68	15
35.87	18
35.28	9
34.8	57
36.46	23
35.22	3
35.43	13
33.46	51
32.57	54
35.69	57
35.66	30
35.76	50
35.55	33
33.39	13
37.36	13
35.58	11
34.28	35
32.1	30
35.66	54
31.37	7
32.75	18
33.43	18
34.93	10
33.63	62
34.86	32
33.31	10
34.65	21
33.93	43
36.15	13
35	56
31.38	16
34.96	61
32.74	32
32.63	62
34.72	51
32.72	1
34.99	39
32.48	54
32.35	56
34.14	36
33.23	50
36.37	59
37.42	12
34.34	30
37.31	53
35.89	50
35.54	23
35.27	23
37.13	42
38.54	26
39.02	21
34.64	22
36.37	63
37.44	48
36.72	50
38.6	21
36.11	62
32.59	26
36.87	30
36.7	30
35.82	21
36	23
33.96	53
33.16	13
34.11	2
37.49	40
35.39	54
33.87	59
35.19	59
32.58	16
36.48	17
34.8	40
34.18	27
35.57	63
36.61	60
36.26	60
35.32	18
34.12	30
34.61	55
34.77	42
34.21	54
34.05	60
34.17	3
34.89	29
35.54	62
31.93	17
39.49	12
34.86	17
30.35	26
31.82	30
42	2
32.92	18
33.33	50
31.65	58
33.51	25
35.2	63
33.74	52
46.77	2
33.53	27
36.61	10
37.54	43
35.81	48
44.08	8
39.25	12
37.97	16
35.99	51
36.39	16
34.21	42
37.27	20
34.93	56
33.65	32
33.65	10
35.71	3
35.53	33
43.48	1
33.99	35
32.56	16
35.54	9
36.57	18
36.61	33
36.42	61
37.83	15
38.88	10
36.54	38
36.22	21
38.24	31
35.11	17
39.6	17
36.16	57
35.94	12
34.43	8
34.45	11
33.52	34
33.93	25
33.64	12
33.46	22
33.65	47
34.1	20
36.6	9
31.49	27
35.81	27
38.15	23
40.39	23
33.81	31
37.45	6
35.36	34
36.1	61
37.25	20
39.69	16
35.48	48
34.45	28
35.32	55
36.47	38
39.74	21
34.53	52
35.92	47
36.15	40
33.4	59
34.14	55
35.18	42
34.58	12
33.48	45
33.82	41
36.72	19
33.75	44
36.72	19
35.27	19
35.74	34
34.62	9
35.18	34
32.41	34
37.2	31
37.29	24
32.17	8
34.41	28
40.98	2
34.12	31
34.02	31
36.53	31
34.62	63
33.69	10
34.83	42
33.08	27
35.65	47
33.06	52
33.22	46
35.22	47
34.94	23
36.3	31
33.56	57
35.79	63
39.45	31
41.31	11
39.32	24
36.75	25
39.83	14
37.31	23
39.74	42
38.81	11
37.13	29
37.25	59
35.91	46
35.89	58
37.27	34
33.56	33
37.37	43
34.55	46
36.48	46
32.68	34
36.97	35
38.59	19
34.59	24
37.03	15
36.48	6
36.35	52
37.36	26
34.5	33
37.58	52
39.34	16
38.19	35
37.05	30
34.78	36
39.29	16
35.55	51
37.01	24
36.46	32
35.94	39
38.94	31
34.3	14
37.12	50
37.97	11
37.15	36
34.58	57
33.23	55
36.87	29
40.28	30
36.2	0
35.27	63
35.89	18
36.06	61
35.78	49
35.45	12
35.82	58
39.53	22
34.27	43
35.28	59
39.5	43
37.52	34
36.85	33
38.35	30
34.86	35
35.63	63
34.75	35
35.87	32
33.89	35
37.1	12
36.37	33
39.65	30
33.81	25
46.28	3
35.6	56
37.68	7
37.28	44
34.74	35
35.16	26
36.69	62
38.12	20
36.13	35
38.55	27
34.34	62
34.31	51
35.73	35
35.8	45
35.73	35
35.24	54
38.05	40
34.86	61
36.39	4
38.25	47
36.18	54
34.75	57
37.71	8
34.69	39
37.23	18
35.32	19
33.95	43
33.58	32
33.92	12
35.47	33
33.65	28
34.63	21
35.88	47
34.6	14
33.55	34
34.86	24
32.92	62
33.91	44
36.49	5
31.83	35
32.63	40
52.64	2
32.31	23
35.24	60
33.21	9
34.27	32
37.21	27
31.14	10
34.87	28
35.54	27
35.07	25
37.2	56
35.64	26
36.41	12
35.05	60
34.5	4
36.26	37
35.79	20
36.22	21
35.99	58
37.08	5
34.44	15
33.92	11
33.92	45
35.17	63
34.38	58
35.02	62
34.44	55
39.32	4
36.74	7
35.73	63
37.98	32
36.58	8
36.22	57
36.35	63
36.09	47
36.45	52
35.35	56
37.61	50
39.84	25
38.21	26
37.45	29
37.89	57
36.9	26
34.9	62
35.04	43
37.9	36
38.32	9
34.93	34
37.22	56
35.97	57
36.27	25
45.58	3
34.1	17
35.26	18
36.27	53
33.64	31
34.25	25
36.48	43
35.54	18
45.58	3
34.92	5
35.34	57
35.26	63
35.74	53
36.07	62
37.09	52
40.5	23
37.39	24
36.78	21
37.54	25
36.46	60
35.86	43
35.92	49
33.25	19
36.06	20
35.25	7
34.63	41
37.58	3
36.82	7
34.54	49
34.98	50
36.55	32
35.28	44
35.73	55
39.35	34
34.98	57
37.44	58
33.36	29
37.9	36
34.29	38
32.22	29
36.99	34
33.04	12
35.91	42
32.69	13
33.97	12
35.08	31
35.13	47
34.32	15
38.12	2
38.19	20
37.63	20
44.3	0
38.87	0
37.63	20
36.48	50
33.11	35
38.55	7
36.63	39
35	63
34.91	33
37.31	5
35.03	56
37.21	14
36.97	25
37.79	30
37.59	42
33.52	40
35.35	44
35.27	18
38.79	4
37.2	5
36.08	44
38.82	45
44.85	6
35.34	19
36.98	29
38.9	17
33.31	22
36.78	53
35.37	38
35.25	60
36.7	26
34.41	62
36.57	22
34.32	11
36.25	48
39.24	25
34.48	22
32.82	28
31.7	7
31.99	50
35.49	12
35.86	43
33.92	35
32.34	57
31.82	48
36.35	56
31.97	32
34.79	36
36.12	46
35.01	48
35.13	17
35.46	61
40.06	17
38.05	17
38.94	17
34.21	52
36.24	61
35.69	54
33.34	57
32.49	51
33.12	7
36.05	25
36.18	16
35.04	55
33.35	24
35.24	4
33.54	32
35.09	39
33.39	15
35.16	59
35.84	40
34.76	21
34.05	60
31.82	40
35.32	39
34.38	21
34.94	21
30.87	0
36.05	32
35.63	53
35.86	19
33.73	62
36.89	3
35.88	47
33.35	30
38.42	49
44.96	2
32.83	23
39.16	10
38.63	19
34.97	56
37.18	58
37.64	39
37.97	34
34.72	54
36.02	56
45.49	4
41.23	13
33.65	18
35.67	30
38.79	13
36.79	53
32.66	30
35.35	4
34.1	59
33.99	44
48.28	2
35.42	13
35.02	31
43.74	1
34.6	11
34.69	34
35.82	19
37.56	49
31.08	29
37.99	24
35.13	44
35.6	31
37.22	55
36.37	58
37.21	31
36.29	50
34.8	61
33.5	16
34.17	29
36.84	61
34.91	58
36.35	34
32.8	25
31.37	27
34.12	53
35.62	56
35.62	13
33.95	19
35.84	26
34.14	47
34.24	23
34.12	30
35.78	22
33.63	26
35.86	32
42.31	8
33.17	24
38.21	29
32.31	29
34.18	48
36.17	33
36.69	21
35.32	31
38.07	38
34.93	9
36.54	44
36.76	40
35.48	38
34.88	47
35.91	55
34.12	51
36.4	26
33.29	56
34.25	61
34.75	21
37.65	12
34.31	59
33.06	18
33.89	16
35.07	21
32.87	27
38.5	17
33.65	20
38.47	33
33.95	63
34.6	7
36.12	19
37.46	42
35.27	24
33.87	62
38.15	59
34.29	12
36.5	25
35.23	24
43.7	4
35.39	45
32.41	27
35.21	54
35.03	39
32.49	25
35.55	28
34.78	3
31.77	35
34.44	13
33.98	56
32.76	45
31.87	7
34.86	31
33.75	15
36.86	17
35.45	9
34.83	26
37.68	39
34.88	58
34.11	33
35.21	38
33.22	57
35.64	24
35.74	57
33.93	55
35.34	9
32.07	54
35.5	29
34.53	30
34.03	46
37.68	16
35.58	50
36.36	62
32.63	48
34.43	51
34.78	31
33.74	17
35.03	24
36.88	35
35.76	36
36	17
32.58	35
34.75	21
35.7	62
36.2	16
34.76	46
46.12	4
35.7	20
36.32	29
36.78	42
37.32	61
35.22	39
38.24	37
37.25	37
35.8	47
33.31	34
39.72	30
32.82	16
35.96	13
34.52	40
35.2	17
33.73	28
35.95	34
35.55	29
34.91	18
33.78	24
33.69	51
36.54	23
33.79	26
35.28	25
43.97	14
35.03	34
33	8
37.27	47
36.17	50
39.75	26
33.38	63
34.93	51
32.06	6
35.32	13
36.77	22
36.76	7
32.46	20
33.73	50
33.68	33
35.32	48
34.27	5
36.77	48
37.65	10
36.9	13
36.77	52
36.57	10
33.86	58
36.09	49
35.84	44
35.93	17
36.48	26
35.06	37
36.21	26
35.45	12
33.24	58
35.92	17
31.56	24
35.35	20
45.93	0
34.86	11
33.78	54
37.29	10
35.22	61
33.55	24
33.56	58
39.24	10
34.58	19
37.22	33
37.71	38
36.02	56
33.45	6
34.79	41
33.76	45
35.28	52
35.31	62
30.83	29
33.07	32
34.61	47
34.9	40
35.01	12
31.64	35
35.96	16
37.12	29
33.6	58
30.91	28
34.34	10
35.39	13
32.87	12
33.35	19
32.55	25
31.62	29
35.8	35
34.39	8
38.14	51
36.4	47
35.47	58
35.68	38
42.17	2
37.33	16
36.25	41
38	35
34.91	27
35.57	61
34.3	33
36.12	45
34.87	38
36.3	53
35.37	27
37.45	18
37.04	50
36.62	10
37.16	41
35.88	21
43.48	5
32.62	25
32.3	43
35.41	11
35.43	18
33.43	50
30.05	5
35.82	28
33.83	27
35.73	21
35.41	60
34.17	40
35.76	32
37.21	34
36.78	15
32.91	9
34.6	8
37.52	56
34.54	63
34.02	29
34.7	53
34.1	34
37.74	28
34.85	28
37.16	22
39.25	14
36.65	50
37	62
35.18	57
36.53	28
36.5	44
36.52	42
36.14	37
36.14	61
33.72	54
32.64	55
36.62	41
38.77	13
40.05	17
35.03	18
32.92	35
35.64	51
36.21	17
34.64	43
33.12	13
32.51	12
33.51	8
34.11	33
33.55	55
33.75	14
34.19	38
35.3	46
35.23	55
35.11	34
30.59	4
35.58	30
33.38	54
37.11	30
35.57	49
36.31	14
43.62	2
35.6	58
32.59	35
37.02	17
35.86	4
33.6	20
33.6	9
34.01	31
34.6	63
35.81	55
37.04	47
36.75	51
33.84	35
38.98	28
35.03	2
36.96	17
34.09	62
36.09	30
33.84	33
38.73	21
36.79	50
35.35	21
35.86	29
36.34	41
35.97	48
35.51	16
34.86	30
37.48	16
36.55	63
40.12	26
35.29	25
34.72	40
35.43	55
39.32	9
35.67	60
38.22	15
37.1	38
33.46	16
38.41	44
36.88	17
42.7	5
31.63	32
34.05	16
36.51	23
37.04	35
34.53	30
34.46	49
38.21	10
35.7	19
35.6	50
34.59	63
38.8	48
34.54	28
36.1	20
35.68	60
37.11	22
37.39	33
33.74	36
34.32	39
36.05	34
36.9	43
36.54	11
34.19	63
32.92	35
33.82	62
32.26	63
34.78	55
36.02	56
36.76	16
38.91	22
35.64	51
35.02	50
34.85	15
35.46	62
38.53	53
38.63	46
39.07	28
33.9	60
37.72	12
34.48	3
33.9	8
36.72	13
35.76	53
30.36	30
32.54	62
32.06	15
34.33	42
31.77	56
35.18	23
32.67	62
32.96	55
33.7	49
33.13	40
34.03	32
32.68	4
34.36	16
35.45	53
35.68	35
38.05	31
35.36	35
36.4	10
41.93	18
36.47	62
35.7	30
35.77	35
42.76	3
39.49	43
37.37	37
37.96	32
37.92	34
36.13	33
35.8	39
34.42	62
38.68	14
34.96	32
33.77	9
38.55	44
38.72	25
40.83	10
35.34	7
36.48	31
32.89	7
35.17	31
39.22	21
36.48	29
36.78	33
33.82	34
35.21	31
35.73	24
34.98	11
34.36	57
34.75	16
33.24	49
36.11	33
30.7	35
30.96	28
33.27	37
34.42	49
32.12	3
33.93	25
35.45	35
30.62	10
31.06	9
34.08	57
34.87	57
34.39	49
31.63	6
35.43	7
35.39	26
31.92	25
34.16	14
35.24	40
35.87	23
33.55	31
34.62	34
34.31	10
32.31	48
38.12	34
34.32	11
38.65	13
36.93	8
35.59	14
33.88	9
35.81	23
37.65	21
35.7	55
34.77	26
40.26	3
35.53	32
36.2	33
35.02	56
34.95	29
33.74	3
45.55	17
37.29	5
31.59	59
34.28	55
33.75	59
32.01	13
34.28	6
35.48	3
32.34	34
32.92	26
33.78	31
32.29	35
36.12	36
36.34	2
36.01	1
37.73	54
36.2	7
36.12	25
35.51	49
35.51	49
32.65	24
33.9	62
34.15	60
37.7	24
34.09	44
37.75	5
32.96	49
36.41	52
42.54	4
35.26	36
34.77	34
34.39	22
33.85	26
35.75	45
34.77	60
33.25	30
33.63	33
33.24	26
33.77	11
34.76	59
33.52	12
46.41	2
39.79	17
37.85	24
37.26	20
34.48	44
36.55	30
33.59	18
39.87	24
35.81	56
35.07	59
35.47	37
34.6	25
35.19	52
35.07	18
33.68	14
34.28	35
32.87	44
39.39	11
33.5	35
34.6	18
35.08	26
32.35	20
36.06	14
35.86	21
36.06	47
100	0
34.36	32
35.79	15
33.26	33
35.18	41
38.33	48
35.82	18
38.25	32
33.05	57
33.25	35
39.48	27
34.97	34
35.31	24
34.45	56
33.4	32
35.35	31
34.29	48
35.69	1
35.83	26
36.55	62
50.69	5
39.83	5
35.38	55
34.84	32
34.56	58
34.63	49
33.44	48
34.87	54
35.51	31
35.37	33
40.31	19
37.59	40
40.57	26
33.8	61
38.48	19
35.39	16
35.73	51
34.16	34
33.59	33
33.76	45
32.08	34
34.77	17
34.1	7
35.04	42
33.5	51
34.37	22
31.89	40
45.18	6
31.37	24
32.57	10
38.27	32
36.1	53
31.37	22
35.54	32
34.94	16
32.91	19
34.65	41
34.84	53
34.09	26
34.12	30
33.65	6
34.74	53
36.29	10
35.8	51
34.42	1
35.02	55
32.67	24
32.05	13
37.23	12
34.82	55
35.62	11
36.65	7
34.27	43
36.79	17
38.06	34
36.1	54
32.15	30
34.51	59
33.22	43
33.51	28
35	29
32.75	61
36	51
33.39	62
34.43	27
37.58	8
36.32	32
35.72	4
33.86	22
37.6	21
36.02	11
34.2	1
35.96	17
33.07	2
34.57	34
32.41	27
30.84	22
34.12	30
34.03	54
37.61	33
34.59	26
36.43	39
36.9	42
32.73	24
36.19	59
35.41	60
35.48	54
33.83	26
34.71	59
36.22	11
36.88	12
36.29	12
36.8	4
36.41	49
34.74	17
33.36	21
33.13	18
35.93	25
34.78	55
36.32	28
34.79	62
36.18	32
34.77	35
31.06	11
37.64	24
33.91	33
34.8	23
37.38	62
36.97	29
37.05	22
34.48	46
35.9	32
35.01	44
35.35	18
37.4	21
38.7	29
34.1	33
34.83	39
33.67	28
34.34	22
35.48	32
32.36	14
38.54	29
34.37	61
35.04	38
36.62	14
35.45	56
36.49	16
36.46	40
35.23	30
36.53	47
34.21	21
34.96	17
34.41	23
37.07	46
37.25	40
34.8	8
37.51	45
32.62	24
36.55	1
35.17	55
35.88	51
33.26	53
35.97	10
33.88	45
34.63	26
34.21	6
33.93	30
35.27	11
35.2	11
36.47	7
36.17	20
34.77	21
33.22	27
34.42	56
33.39	58
33.34	62
33.62	17
34.64	23
34.35	43
30.87	34
34.75	24
34.77	1
35.72	12
34.17	33
34.31	54
30.64	27
32.98	5
32.62	24
33.93	30
35.17	55
34.75	51
32.85	53
35.97	10
34.2	45
34.75	25
34.21	6
34.35	1
35.21	59
39.44	29
36.69	5
35.15	57
35.25	56
35.36	55
34.48	52
35.69	37
32.24	35
37.04	20
37.44	15
32.45	29
34.35	17
33.61	23
34.71	56
35.69	51
33.54	38
34.76	51
35.91	12
33.5	14
36.06	19
40.77	17
37.25	60
36.13	22
36.56	18
38.22	52
33.7	62
36.61	61
35.67	60
38.14	25
35.54	29
37.07	33
36.33	52
42.78	10
35.92	30
36.58	1
34.25	4
36.4	60
37.91	53
36.6	59
34.06	63
32.18	3
32.16	4
35.84	21
33.78	54
35.8	51
35.38	55
33.52	63
33.6	6
32.18	50
34.92	60
44.13	2
34.17	61
33.73	0
33.5	33
34.9	45
34.95	29
31.49	6
35.75	31
36.11	15
35.14	20
35.74	44
35.1	31
34.33	7
33.48	34
33.05	40
33.44	55
35.4	53
37.53	37
37.48	3
34.13	5
35.67	63
36.2	41
40.65	62
37.25	48
39.39	45
33.75	13
36.36	24
35.02	50
34.02	14
36.5	3
33.12	28
34.37	21
42.12	2
33	53
34.98	30
32.78	50
33.88	42
35.78	5
36.65	29
42.77	5
34.44	30
36.59	19
37.39	29
35.02	48
36.25	57
33.59	16
37.88	35
36.3	51
37.71	61
30.93	2
40.53	26
35.72	45
38.36	20
37.26	29
35.84	16
40.53	26
36.72	34
40.53	26
36.62	27
38.58	8
36.61	48
33.68	5
36.17	57
34.4	46
36.86	59
34.33	41
35.49	62
36.46	15
32.75	23
36.54	12
43.23	6
36.54	48
32.86	20
30.46	34
39.24	29
36.45	16
34.4	53
37.58	26
37.4	15
36.54	32
35.56	49
37.93	8
38.66	31
37.63	62
37.14	38
36.36	58
36.36	49
35.15	51
34.99	61
36.76	34
41.56	6
34.18	29
36.72	15
34.77	19
30.83	1
33.92	59
35.11	30
34.78	52
34.48	60
35.91	60
34.3	58
37.58	18
32.83	15
36.24	62
37.37	20
30.94	23
36.78	13
39.16	42
34.92	34
36.77	61
39.72	15
35.74	40
32.68	26
39.59	34
34.88	24
35.58	52
34.18	21
37.56	18
39.48	25
36.81	38
35.07	62
36.95	45
35.57	46
38.12	32
34.06	56
36.48	31
36.48	60
40.75	8
36.7	45
37.3	55
33.41	60
33.43	60
34.51	16
35.1	58
36.32	55
32.99	35
36.72	13
31.89	14
33.57	63
35.94	55
37	14
36.03	50
35.53	18
34.79	40
34.25	28
34.25	28
34.25	28
35.55	4
35.51	8
34.02	17
35.93	31
30.15	34
45.31	0
35.41	31
33.32	44
33.69	2
36.18	18
35.06	53
33.56	23
36.88	12
34.7	45
35.22	52
38.51	59
35.16	60
38.64	30
35.75	46
37.14	26
39	30
34.54	25
34.62	42
31.73	30
31.89	31
34	49
35.85	42
34.22	14
35.17	14
34.5	25
35.8	56
36.23	40
40.07	6
37.08	49
34.08	22
35.66	42
36.86	19
35.68	27
33.41	25
33.86	63
33.05	33
36.15	18
35.62	27
34.7	11
37.63	16
36.22	11
37.56	8
35.74	28
37.73	27
37.12	8
35.73	11
33.53	6
34.34	59
33.63	19
34.66	57
36.55	16
35.06	43
35.94	39
33.76	47
32.74	31
32.49	26
33.84	19
35.85	40
34.73	9
34.16	30
33.74	14
34.01	50
32.81	34
33	54
36.26	46
37.57	6
35.81	32
35.36	58
35.32	42
34.73	42
35.98	47
38.76	34
36.67	43
35.11	47
36	35
35.3	52
32.53	14
37.7	52
34.98	12
34.22	7
35.46	6
36.27	42
31.92	55
32.91	26
36.27	37
34.31	6
32.5	14
34.72	27
33.93	12
40.94	7
31.62	54
36.14	58
35.46	9
34.46	60
34.19	50
36.89	35
34.34	27
37.4	28
38.03	38
38.67	16
34.12	31
36.3	25
33.96	61
37.8	51
39.22	4
37.64	25
36.73	24
37.06	27
35.45	51
35.42	58
36.71	34
34.5	6
33.88	55
34.95	32
36.5	50
32.59	35
37.04	46
33.17	25
34.07	14
34.51	41
36.07	15
32.91	32
31.49	16
34.46	25
35.55	59
33.74	7
35.4	51
33.17	25
32.45	14
32.95	39
35.4	51
34.59	7
32.33	58
36.6	51
33.36	53
34.26	29
31.34	28
37.01	20
32.4	31
34.83	30
33.92	17
34.68	35
35.02	32
33.01	34
33.4	33
35.83	28
34.96	24
33.88	21
34.25	53
35.2	40
33.14	46
33.85	54
33.17	32
35.22	12
36.23	51
35.02	28
34.44	45
37.97	2
35.35	49
32.91	26
38.5	13
32.91	34
36.29	51
34.16	49
35.39	45
36.81	35
36.05	35
35.78	20
34.4	27
37.24	10
36.54	28
34.96	29
37.31	10
34.03	20
34.54	16
34.17	49
34	43
34.25	21
33.63	60
45.92	2
32.48	8
33.89	62
38.45	11
32.37	39
33.84	12
36.98	62
32.43	22
31.54	32
33.68	33
32.82	1
36.07	7
33.72	27
34.01	8
33.08	35
36.57	55
33.48	45
36.13	55
35.18	22
36.66	27
35.96	14
33.39	24
32.84	27
33.88	24
34.33	53
38.13	17
36.14	31
35.77	23
32.11	61
36.3	29
33.28	55
35.97	9
31.82	16
33.58	33
43	1
30.48	27
35.93	3
36.77	11
36.43	43
33.84	29
33.13	19
37.88	22
35.69	23
35.13	9
33.68	37
37.76	7
34.82	35
38.16	45
38.13	32
35	22
33.84	57
34.7	14
37.21	44
33.83	12
35.36	46
37.04	44
36.76	30
37.22	29
31.49	29
33.27	23
35.46	44
32.3	13
32.77	52
34.17	6
34.45	26
33.95	38
35.29	25
34.2	45
35.49	33
34.98	28
35.29	30
31.94	19
36.89	20
36.69	14
31.55	4
32.3	29
34.41	24
33.25	33
34.49	2
33.63	63
36.62	29
36.62	29
35.26	40
35.48	13
34.7	47
35.13	30
35.46	60
34.57	20
32.67	24
33.34	62
35.37	55
35.9	51
32.61	53
35.79	10
34.53	53
36.7	30
34.97	6
33.87	30
35.2	14
33.84	33
33.88	20
34.6	46
33.08	52
31.55	35
33.74	35
37.38	30
34.32	26
33.87	45
38.06	28
35.21	25
33.82	34
36.68	41
37.62	9
34.89	25
36.87	24
35.33	55
34.38	60
38.56	7
36.07	15
33.02	28
35.8	58
35.35	35
33.94	49
33.39	12
35.88	28
33.1	27
33.98	25
36.21	23
35.34	5
35.44	46
33.64	46
34.44	24
42.03	22
36.46	18
38.07	14
37.73	20
34.35	40
37.16	12
38.01	19
31.21	25
35	24
32.79	10
32.34	34
36.63	3
31.96	17
33.7	48
33.26	26
34.18	38
34.51	23
32.74	28
32.31	23
34.27	48
34.5	33
34.52	61
31.15	3
35.16	23
32.03	15
32.58	10
41.46	15
32.88	7
40.16	10
35.6	25
35.69	54
34.88	60
35.58	16
36.89	53
35.83	53
34.76	30
34.72	34
30.07	11
33.56	8
32.58	24
32.46	43
33.87	42
34.78	35
34.68	23
33.2	25
39.98	5
33.03	14
32.78	24
37.35	36
32.03	28
34.5	25
35.8	62
35.33	60
37.06	10
33.68	53
33.87	42
35.25	30
35.96	30
34.49	29
36.97	29
39.4	32
35.6	29
37.05	25
37.23	39
37.29	63
38.58	25
35.24	12
36.34	16
37.64	18
32.98	10
33.98	18
34.07	18
35.5	5
31.24	30
40.15	16
36.21	20
36.36	24
34.7	59
35.55	53
36.08	30
35.6	41
37.55	25
35.29	30
35.25	46
34.11	11
34.93	12
33.7	2
38.15	16
33.93	20
33.97	19
33.94	25
35	40
35.54	11
32.74	34
32.54	33
32.08	31
36.39	52
34.87	42
32.55	5
33.59	25
35.51	9
33.97	20
36.66	13
38.22	28
34.39	24
37.04	63
31.98	14
35.62	8
32.66	58
32.66	58
32.07	32
34.93	16
37.32	33
33.7	13
34.96	13
34.66	62
36.18	15
33.39	25
34.07	1
34.73	16
35.37	23
34.71	55
33.58	30
32.74	24
37.2	17
34.73	39
31.92	26
34.48	14
34.89	53
39.21	15
34.71	62
30.09	57
35.34	3
36.17	10
32.32	40
35.56	28
34.68	26
34.96	19
32.36	11
39.6	23
35.14	49
36.25	28
37.51	36
38.11	18
33	44
37.5	41
36.17	16
36.96	44
33.92	28
32.6	38
31.13	32
36.64	7
36.02	11
35.44	18
34.69	21
32.56	22
31.84	15
33.67	5
35.64	43
36.59	50
33.79	26
34.76	62
34.92	21
38.79	26
36.03	32
34.5	14
34.58	62
35.4	46
36.53	15
36.62	20
35.25	33
37	35
33.32	35
36.41	8
34.67	52
36.73	58
34.88	60
35.3	29
31.55	48
32.8	31
34.34	43
30.99	37
34.17	58
33.17	45
38.44	50
34.45	19
36.09	12
33.08	27
36.55	35
35.48	63
35.39	27
33.01	51
34.4	43
35.51	56
33.74	32
36.24	43
32.75	34
34.4	7
35.14	59
35.98	18
33.32	26
36.35	18
39.39	62
36.45	26
37.89	43
35.59	39
34.18	57
33.97	40
33.43	27
34.25	27
34.68	16
33.91	29
34.07	39
34.45	29
35.02	6
33.58	23
34.55	26
34.83	21
30.11	24
35.87	62
37.1	15
34.16	32
36.89	49
36.72	37
34.51	31
37.17	9
34.32	56
33.56	33
35.06	59
33.68	12
38.04	20
35.6	33
36.61	50
35.31	59
32.49	34
34.8	31
33.77	30
32.4	36
34.07	55
33.67	49
38.05	14
35.2	42
33.29	7
33.33	34
31.28	42
36.22	32
33.68	23
40.32	18
38.78	14
34.97	58
35.38	62
34.84	59
42.59	31
36.96	30
35	21
34.2	27
31.67	35
44.15	18
37.85	17
35.28	26
33.37	3
34.07	35
30.29	5
36.39	23
35.32	21
37.3	37
33.51	4
33.24	26
34.08	37
34.43	15
35.16	57
34.81	48
35.26	34
35.5	63
31.55	33
32.58	31
32.3	35
35.18	32
30.7	33
33.87	24
41.13	3
38.28	9
34.39	14
34.18	25
38.25	12
36.22	36
36.21	31
34.54	23
34.7	63
32.52	14
37.21	33
34.23	56
36.1	58
36.99	58
34.03	28
34.02	38
35.5	59
34.83	14
36.04	23
35.11	27
33.56	20
31.82	52
34.11	20
35.28	18
37.58	15
36.93	22
36.92	23
34.51	30
34.46	62
38.74	26
39.48	24
37.35	23
37.11	38
36.5	47
35.1	19
34.05	10
34.83	25
35.89	17
35.65	24
35.43	34
41.01	2
35.17	0
32.55	55
35.06	18
32.84	34
31.39	34
35.36	27
34.14	5
31.11	25
35.1	52
36.77	55
34.08	45
36.55	53
33.42	6
33.2	35
35.3	14
36.03	25
37.36	34
35.08	24
35.32	59
35.64	51
33.25	35
33.38	57
42.7	2
36.95	63
36.36	23
34.94	32
34.75	62
33.58	29
39.53	19
35.76	37
34.83	62
37.34	31
35.53	45
36.15	29
34.63	23
39.16	33
32.22	17
34.18	57
32.72	55
34.44	23
36.12	45
35	29
34.91	27
37.4	60
41.77	5
33.59	52
35.98	56
33.78	53
36.96	49
35.2	16
38.29	40
35.02	63
36.49	34
38.54	15
38.02	21
36.88	8
35.73	48
34.12	34
37.91	26
33.01	17
34.65	62
38.65	30
34.15	61
39.53	7
33.63	43
38.03	32
36.15	27
34.94	58
37.37	27
33.91	57
38.62	26
41.71	23
35.87	31
34.29	22
33.75	35
35.28	43
32.43	26
35.27	32
36.93	51
34.34	48
36.87	41
34.88	53
34.74	55
33.75	43
32.84	13
32.33	54
35.11	17
35.39	38
34.63	30
34.59	14
34.2	44
32.1	58
31.37	15
36.36	8
36.51	28
38.92	29
34.65	14
35.2	49
34.58	0
32.88	27
36.06	15
34.62	37
32.49	14
34.2	22
35.29	9
31.97	43
36.15	7
34.26	51
37.3	15
33.31	44
32.33	31
35.05	41
36.81	13
35.21	59
31.95	63
31.74	33
35.21	34
37.1	10
35.12	19
35.83	48
32.82	20
30.72	32
36.06	11
34.83	52
33.83	28
30.11	35
35.38	39
37.55	12
37.18	58
34.12	33
36.5	52
33.27	19
38	27
35.02	62
41.82	1
34.31	26
35.21	49
37.94	37
36.38	56
34.74	40
38.38	63
38.59	4
38.9	2
34.47	61
34.29	47
33.67	5
33.86	18
32.58	27
35.36	32
33.2	9
37.7	57
37.48	12
34.01	30
33.62	30
34	21
33.27	24
34.31	56
35.59	16
31.05	60
32.7	42
33.48	59
34.57	54
33.98	4
33.4	27
36.37	24
32.82	61
38.92	29
35.05	61
36.43	15
34.56	45
36.3	56
35.94	31
35.55	12
35.43	58
33.17	34
32.32	32
37.15	12
33.28	36
34.11	34
37.09	32
34.64	58
40.13	16
35.56	54
46.71	4
35.64	10
34.69	63
36.18	29
37.53	44
36.53	50
38.58	2
36.02	62
37.48	44
35.01	20
35.45	18
36.06	34
38.32	10
34.67	32
35.02	33
38.64	14
36.41	10
38.64	27
39.15	30
36.06	55
31.87	26
35.56	38
41.96	2
32.22	18
30.25	17
36.39	39
34.66	36
33.88	60
32.97	35
34.27	18
37.89	3
36.93	13
41.59	17
36.35	25
37.36	35
38.84	55
36.3	12
36.6	24
36.98	33
37.97	24
34.31	11
34.48	48
32.79	39
36.9	57
33.52	63
34.61	20
35.93	18
32.82	11
30.51	28
30.55	14
34.81	48
31.3	20
38	12
34.6	34
33.4	36
36.58	34
36.11	38
39.58	16
33.25	61
34.92	49
34.66	51
32.84	34
33.13	2
34.8	62
35.62	11
31.92	57
32.34	1
32.69	53
33.16	14
33.54	32
34.95	58
34.5	25
33.1	60
35.34	33
37.82	44
31.62	25
33.41	25
37.27	12
35.34	17
32.72	10
36.9	39
38.68	19
36.55	34
32.15	34
34.54	27
34.1	32
36.58	14
37.54	8
33.82	28
37.37	24
38.65	25
33.39	13
36.86	14
35.22	45
33.15	26
35.8	18
36.1	16
31.18	2
35.81	25
34.91	56
36.85	26
33.2	5
33.35	26
30.53	18
32.74	53
34.88	59
33.39	35
35.08	57
31.59	17
34.07	28
36.6	18
35.15	45
35.94	45
36.94	29
33.53	59
40.17	26
33.64	1
35.51	43
33.78	20
33.87	32
34.74	31
33.84	33
32.81	33
36.81	16
33.61	53
35.39	56
31.58	13
34.13	48
32.89	28
36.37	19
33.49	32
33.91	49
33.86	33
32.81	25
35.35	16
33.54	12
33.3	23
37.6	57
35.66	40
34.1	16
37.09	27
33.4	20
34.42	18
36.87	21
32.6	23
37.4	30
34.86	5
34.63	32
33.12	5
34.21	53
34.1	48
49.63	2
35.65	17
35.77	8
35.68	33
34.61	58
34.71	52
38.41	34
35.75	9
35.25	0
32.89	30
33.97	22
35.53	14
35.45	17
35.56	56
36.46	31
35.31	43
35.04	60
35.17	17
32.46	22
32.58	18
35.44	13
33.32	25
33.4	61
33.29	14
35.63	40
34.75	30
35.37	35
35.77	12
35.03	62
34.72	43
32.11	41
33.93	33
35.55	29
32.93	20
31.75	22
33.63	17
34.7	38
32.57	54
34.82	38
31.83	29
35.26	18
37.56	13
32.54	58
34.94	3
34.64	22
34.96	9
36.94	24
32.7	35
38.06	20
37.9	32
34.35	14
32.92	2
36.6	7
34.86	39
34.68	25
35.69	25
35.09	34
34.7	12
34.44	14
37.4	47
37.24	22
37.46	23
33.95	38
38.76	41
34.49	54
36.91	51
34.38	46
42.1	5
38.64	11
36.02	24
40.49	16
33.81	30
35.81	28
37.67	38
35.62	29
35.11	28
38.92	61
33.92	35
37.96	58
35.11	36
33.61	52
35.01	29
35.5	43
35.94	20
35.78	28
35.82	47
35.92	63
32.09	7
33.49	21
34.91	52
33.59	52
35.03	50
35.37	48
31.39	49
35.63	40
31.61	26
36.65	51
34.63	34
34.14	42
37.77	51
33.3	31
37.01	30
36.78	34
35.56	57
35.97	31
35.81	7
37.31	16
37.05	20
34.75	33
33.07	29
34.62	29
34.31	37
33.43	33
34.91	14
39.05	38
35.02	26
35.17	26
32.48	33
42.34	4
33.49	41
33.5	27
32.83	16
37.33	29
33.52	28
34.07	40
35.52	32
31.16	20
35.91	18
35.67	52
35.38	29
35.1	35
36.13	23
36.3	24
39.31	22
35.6	33
36.45	21
35.08	33
34.86	58
35.08	5
35.24	7
36.23	22
33.88	38
35.48	62
35.96	7
35.73	46
35.38	49
34.98	17
36.9	11
34.03	17
36.1	22
35.25	21
35.93	50
33.93	13
33.36	6
34.75	44
34.94	25
32.87	1
30.91	10
34.42	25
35.94	7
33.34	23
34.08	33
33.3	28
35.59	31
33.92	26
37.55	37
34.13	57
35.71	15
38.4	23
35	17
31.29	27
34.56	26
34.39	49
32.11	59
31.32	58
32.01	38
33.43	19
32.39	54
33.26	13
33.93	30
35.19	44
33.55	4
35.01	57
35.62	61
35.41	60
40.82	8
36.89	20
35.74	30
36.47	57
34.38	22
36.77	12
33.74	34
34.86	38
35.52	31
34.61	37
34.29	37
32.23	17
35.17	56
32.38	27
33.93	29
33.71	54
36.94	45
36.41	55
31.39	37
38.14	24
35.54	78
34.18	38
36.33	28
37.37	13
35.01	48
33.83	30
37.41	11
34.41	78
34.87	25
33.69	56
32.56	78
34.1	29
36.21	32
35	21
35.16	22
36.07	24
33.08	25
35.6	22
35.93	65
34.66	41
36.18	19
36.65	6
32.83	27
37	45
36.24	55
33.92	42
34.94	30
33.5	61
36.55	39
32.48	26
34.1	76
34.16	28
34.84	27
34.7	16
36.12	54
33.36	51
34.44	66
33.68	78
33.23	64
36.15	63
36.77	26
34.97	63
39.66	22
32.91	57
38.35	30
32.5	55
35.86	30
34.25	19
34.87	25
36.15	25
37.54	29
35.01	48
35.12	28
37.29	10
36.34	25
35.7	8
34.99	74
36.72	29
31.7	21
34.26	27
34.04	69
34.5	29
34.87	40
37.39	37
32.12	28
35.3	21
33.26	29
35.25	22
37.04	65
34.96	77
34.65	64
35.42	77
33.2	65
34.36	54
33.43	74
34.36	46
34.34	30
33.7	53
32.89	69
34.76	40
33.75	0
32.66	30
35.66	32
33.57	62
37.24	62
35.43	37
31.39	32
41.12	12
39.15	17
30.45	37
30.29	39
31.79	39
35.67	51
42.53	12
32.25	2
35.6	44
36.89	62
35.87	52
35.37	61
34.69	78
33.72	43
36.69	15
35.15	78
36.2	35
39.17	35
30.98	39
36.67	56
36.88	22
35.64	69
38.31	33
36.18	68
40.86	8
34.42	37
36.27	52
35.69	47
34.68	76
34.6	28
37.86	17
35.74	8
38.47	34
34.5	17
35.59	30
35.58	46
36.58	12
32.7	25
33.43	53
36.12	34
34.47	71
34.18	78
33.15	34
35.59	30
33.77	33
34.97	70
33.73	23
35.68	53
35.16	58
34.34	4
30.84	37
34.88	43
32.95	43
33.78	71
35.99	36
36.7	32
33.31	58
34.44	35
34.58	31
33.51	38
33.78	22
36.96	29
34.87	65
34.51	28
38.2	16
34.49	27
34.62	32
35.12	18
34.23	62
36.4	75
41.62	14
34.73	73
35.43	42
35.97	33
32.93	67
34.57	65
34.79	27
33.18	79
36.27	2
33.64	15
34.74	29
34.81	43
34.32	64
34.1	8
33.39	57
34.53	41
37.81	13
35.53	23
34.29	69
32.45	14
35.69	36
35.14	43
36.18	35
31.21	36
35.2	73
36.12	52
33.86	25
34.2	74
32.82	35
35.25	32
35.84	25
34.42	56
35.43	66
34.15	43
33.5	74
35.25	56
34.32	67
34.32	67
35.63	54
31.77	70
35.18	71
34.23	48
31.79	75
34.09	58
33.15	14
36.78	20
36.53	32
35.01	32
35.01	32
34.07	74
33.89	49
37.04	47
34.62	50
34.76	64
31.17	39
36.08	56
35.36	43
35.07	25
32.16	40
33.8	36
34.1	37
35.76	73
35.76	73
32.67	17
35.9	72
35.87	57
35.99	56
35.26	5
31.36	46
36.5	45
34.55	59
32.51	66
35.96	19
33.04	73
34.87	12
35.65	76
34	59
34.82	62
33.65	66
33.84	32
32.2	46
35.18	71
33.9	43
35	19
35.68	60
33.71	25
34.02	68
33.57	48
31.97	77
37.37	13
32.64	74
32.26	58
34.63	71
35.59	28
33.86	72
37.15	11
34.75	65
32.89	3
34.1	40
35.52	55
34.63	41
32.36	21
34.54	76
33.65	66
37.81	27
33.89	66
