sim	len_diff
34.48	349
33.27	441
33.64	415
33.57	406
33.61	427
34.29	393
34.35	398
34	229
33.47	366
34.38	398
34.07	374
33.42	444
33.72	364
33.66	360
33.51	444
33.38	425
33.35	406
33.43	416
33.84	389
33.83	416
33.9	361
34.13	391
33.73	437
33.55	306
33.73	441
34.38	312
33.53	401
34.32	282
35.32	339
35.9	222
34.04	384
34.04	395
34.09	226
33.5	436
32.54	428
34.87	314
33.71	397
34.09	368
34.09	368
34.61	337
34.02	358
33.54	437
33.37	421
34.87	175
32.95	441
34.03	418
33.15	426
33.63	397
33.64	413
33.63	387
33.92	359
34.14	372
33.62	313
34.23	358
33.59	427
34.27	423
33.73	419
33.36	398
34.08	377
33.94	198
33.15	443
34.46	299
32.8	439
33.85	410
33.85	410
33.15	428
32.74	434
33.32	397
33.43	431
33.43	431
33.66	406
33.53	414
32.73	420
33.76	419
34.23	407
34.34	398
34.44	322
33.03	437
33.71	432
34.07	376
34.72	339
34.61	335
34.75	352
34.34	364
33.15	443
33.05	442
34.77	285
33.62	358
33.96	374
34	400
34.32	419
34.51	370
34.36	348
34.99	341
33.36	425
32.67	439
33.76	398
33.62	441
33.13	430
33.49	443
33.51	420
33.97	421
33.74	415
33.52	422
33.95	419
33.83	438
34.09	386
34.15	335
34.19	284
33.59	439
33.57	407
33.53	422
34.4	387
34.5	399
34.13	431
34.03	434
33.28	442
33.92	443
33.64	407
35.24	344
34.94	368
33.16	442
33.41	428
33.3	442
34.11	402
34.94	221
33.93	419
33.33	409
32.85	427
34.04	198
34.72	351
34.54	326
34.01	417
32.87	420
33.06	438
34.54	403
33.57	433
33.67	415
34.55	345
33.64	290
33.5	295
34.14	189
33.37	439
33.36	423
33.73	407
33.5	430
33.52	351
34.08	337
32.91	442
33.35	424
33.44	409
33.27	443
34.52	386
34.03	407
33.91	407
33.56	365
34.13	381
34.85	270
33.67	414
34.01	289
34.44	271
33.01	432
33.92	307
33.71	384
33.22	433
34.18	315
33.97	388
33.35	426
33.7	285
34.19	375
33.39	381
33.6	411
32.76	428
33.75	373
33.51	427
33.94	408
33.46	406
33.3	428
34.19	305
32.22	444
33.64	351
33.9	423
33.69	377
32.95	444
34.55	351
32.89	419
33.24	180
34.05	422
33.21	440
34.41	330
33.43	424
33.98	427
33.88	421
34.99	245
34.07	440
34.09	431
32.75	436
34.25	383
34.69	294
34.36	226
33.29	424
32.59	434
33.61	473
33.6	412
35.28	289
34.19	421
33.5	442
35.12	217
33.74	396
34.59	377
34.18	366
35.39	222
33.19	435
33.27	442
33.46	425
34.02	419
33.08	430
34.54	402
33.48	407
33.16	384
33.51	216
34.33	246
33.35	396
32.69	444
33.97	281
33.17	392
33.02	416
33.48	430
33.14	199
34.13	352
33.98	335
34.63	304
33.51	422
33.94	432
34.23	211
33.8	363
34.24	457
32.53	442
33.21	429
33.36	364
33.41	436
33.89	348
34.16	354
33.15	386
34.16	420
34.66	328
34.11	371
34.21	399
33.95	389
34.77	334
34.15	349
33.11	398
34.11	264
34.84	410
34	371
33.25	427
32.87	427
34.11	367
33.69	358
32.99	422
32.86	442
33.95	411
34.11	392
33.61	352
33.12	436
34.65	356
34.45	317
33.83	394
33.14	427
35.03	329
33.68	439
33.32	415
35.1	340
33.46	423
34.46	398
33.59	410
34.11	385
33.94	417
33.65	404
34.89	343
34.43	184
34.12	379
34	389
34.6	329
34.3	364
34.68	357
33.28	436
33.94	374
33.72	406
33.77	440
33.58	415
34.25	377
34.84	264
33.73	407
32.94	426
33.01	441
34.4	338
34.2	434
32.99	442
34.16	429
33.69	429
33.79	427
34.14	388
34.01	434
33.86	351
33.95	388
34.49	329
33.76	382
33.94	421
34.03	410
33.59	371
33.35	431
33.78	404
33.53	414
34.17	400
34.88	306
33.5	397
34.03	384
33.13	408
33.22	435
33.37	442
33.92	382
34.1	302
33.77	416
34.05	366
33.78	434
33.59	440
33.4	443
34.3	367
33.52	346
34.25	289
33.39	433
34.23	344
33.51	432
34.82	331
33.35	431
34.55	332
33.9	421
33.62	403
34.01	443
33.5	434
32.92	411
33.91	369
34.11	315
33.62	364
33.27	434
34.2	441
33.62	410
33.96	235
33.84	294
34.26	145
33.66	380
34.19	262
35.2	274
34.58	329
34.29	241
33.38	111
33.72	376
34.13	390
33.61	391
33.67	354
37.64	30
35.37	326
35.44	347
34.31	294
35.29	285
34.72	287
34.06	378
33.48	301
33.64	357
33.94	317
35.49	205
33.5	114
33.23	371
35.27	223
33.82	360
33.82	276
33.43	150
33.78	324
33.98	339
33.18	386
33.66	364
34.78	267
34.21	315
33.39	376
34.12	261
33.4	174
34.23	349
34.94	273
35.15	154
34.28	317
35.81	157
34.42	356
34.38	377
34.83	189
34.67	366
34.59	390
35.07	312
34.43	363
34.18	383
34.82	359
34.37	361
35.03	216
34.94	364
34.7	393
34.92	365
33.6	305
34.83	309
35.1	333
34.1	320
34.26	337
33.71	326
34.02	328
33.56	201
34.68	320
33.91	391
33.46	394
34.37	315
33.83	370
33.55	304
33.87	370
34.27	293
34.96	334
34.42	227
33.25	389
33.79	379
33.83	377
34.32	344
34.74	366
33.96	353
34.4	332
33.9	386
33.67	371
34.47	360
35.08	229
34.47	389
34.66	391
35.01	310
34.77	357
34.82	383
34.94	356
34.99	383
35.06	352
35.22	158
34.84	380
34.41	364
34.65	376
34.4	345
34.79	199
33.76	350
34.32	351
34.69	375
34.56	314
34.89	394
34.69	385
34.6	184
34.73	324
34.57	362
34.76	179
34.36	380
34.55	389
35.23	344
33.35	387
34.12	348
34.56	353
34.93	362
33.98	315
34.2	358
34.01	341
34.57	392
34.08	295
34.39	113
33.27	340
33.65	319
33.4	348
34.75	351
33.31	371
34.5	296
33.68	375
34.18	390
34.55	342
34.69	337
34.7	347
34.2	345
34.94	298
35.09	354
34.74	307
34.75	341
33.81	387
34.09	389
34.8	320
34.75	199
34.16	348
34.23	281
34.24	224
34.4	314
33.66	394
34.45	326
33.71	335
33.78	394
34.53	322
34.38	363
34.7	333
34.06	333
34.64	373
34.92	333
35.24	377
35.24	405
34.1	360
34.1	379
34.83	334
34.62	394
34.88	331
34.62	328
34.05	279
34.4	256
35.2	284
34.22	351
34.05	380
34.52	286
34.86	327
35.13	306
34	381
34.18	180
31.92	24
33.71	376
34.09	241
34.18	287
32.34	104
33.09	176
33.15	388
34.36	228
33.91	267
34.56	380
34.05	368
34.95	256
34.59	261
35.36	302
35.41	346
34.57	387
34.76	391
34.02	463
34.17	387
34.46	262
34.53	353
34.68	302
33.56	363
34.18	376
34.65	300
35.11	343
34.33	371
35.02	244
33.41	378
34.03	309
34.02	365
34.24	380
34.96	305
34.81	344
33.93	359
34.43	287
30.67	22
34.62	385
33.75	336
34.98	269
33.96	341
34.02	376
35.32	319
34.71	229
34.05	260
34.96	379
33.96	373
34.01	385
33.71	148
33.11	129
32.46	72
34.26	259
34.32	317
33.35	339
33.41	393
34.81	265
34.04	259
33.85	360
34.22	377
34.64	210
34.26	229
35.08	311
34.68	345
35.23	384
33.46	350
34.52	327
34.45	374
33.6	391
34.55	345
35.1	261
34.31	379
34.53	186
34.41	312
32.61	104
34.9	330
35.43	282
34.13	305
34.71	352
35.2	341
35.37	357
34.82	300
31.33	8
33	50
34.95	286
34.27	338
34.77	375
34.6	353
33.41	368
34.23	344
34.13	349
33.7	374
33.18	380
33.69	359
34.36	226
33.68	391
34.4	298
34.28	251
34.31	350
33.58	361
34.68	309
34.67	334
34.15	388
33.82	346
34.02	320
34.41	375
33.92	394
34.7	341
35.62	292
34.02	376
34.14	289
34.98	388
34.32	391
34.32	382
34.77	379
34.89	270
33.84	392
34.92	350
35.06	375
34.56	336
34.77	361
35.22	302
34.76	388
35.35	361
35.52	297
34.84	277
34.8	280
35.56	328
35.03	340
35.05	307
34.55	374
35.86	267
35.76	294
34.82	365
34.2	357
33.75	304
34.57	365
34.64	238
33.86	368
34.86	378
33.96	375
33.28	377
34.03	370
33.52	392
34.17	108
34.42	279
33.69	390
34.76	340
34.15	390
34.54	248
34.68	384
34	222
33.98	205
35.19	311
34.67	247
34.14	356
34.39	288
33.11	250
33.63	334
34.16	315
33.52	379
33.79	328
33.77	372
32.92	381
34.02	258
33.84	209
32.41	56
33.94	394
35.02	132
34.83	375
34.78	340
34.44	355
34.56	358
34.64	299
34.44	315
35.29	252
33.82	382
33.38	350
34.6	387
33.78	385
34.61	369
34.75	261
34.82	275
34.44	365
34.56	298
34.81	281
34.39	166
31.12	28
33.84	308
34.59	251
34.86	235
34.36	337
35.15	405
34	221
33.66	387
34.95	190
34.01	486
34.28	225
34.27	390
33.53	377
33.6	371
34.32	304
34.62	299
33.25	370
34.03	390
33.87	391
33.51	3
33.72	378
34.14	319
34.02	262
34.78	311
33.85	283
33.56	387
33.95	361
33.44	381
34.78	375
34.35	350
34.87	339
34.73	382
35.24	296
35.75	260
34.33	388
35.98	268
34.76	357
34.29	379
34.7	226
33.71	194
33.91	281
34.02	370
34.19	384
34.43	304
33.97	347
33.61	394
33.64	321
34.67	321
34.41	260
34.8	125
35.43	179
35.27	171
34.44	350
36.74	324
34.34	362
34.38	344
34.65	260
34.97	263
35.06	358
34.68	168
35	255
34.84	249
34.37	251
34.24	134
34.16	388
34.46	364
33.82	278
34.95	382
34.37	345
34.04	360
34.75	309
34.36	356
34.73	388
33.45	393
34.51	391
34.51	334
32.38	43
34.01	367
33.84	173
34.61	254
33.81	344
32.03	73
34.09	267
34.69	255
33.34	348
34.75	287
33.51	110
34.12	357
33.81	392
35.01	316
35.73	255
33.53	386
34.27	325
35.33	200
34.23	300
34.83	318
34.08	329
35.86	289
35.01	337
34.79	352
35.85	316
34.62	330
34.59	338
34.94	319
34.15	365
35.17	359
35.32	336
37.07	190
34.48	392
35.52	322
34.55	186
34.58	318
34.51	388
34.3	387
33.6	370
33.8	392
35.18	389
34.2	375
34.72	322
34.62	315
35.26	210
34.75	381
34.11	366
34.42	201
32.99	388
34.5	315
33.77	123
34.58	380
34.2	336
33.9	414
35.05	363
34.99	335
34.36	173
34.54	333
34.88	294
34.01	325
34.7	360
34.59	279
35.38	258
34.33	341
35.6	332
34.93	368
34.55	372
34.18	370
35.43	261
34.27	343
33.8	276
34.52	300
33.42	389
34.43	144
35.04	349
34.39	374
34.97	303
34.27	372
34.54	386
34.49	383
35.15	303
34.75	355
34.31	392
35.37	257
33.98	392
32.86	65
34.64	394
34.12	390
34.54	359
35.03	357
35.2	276
34.27	288
33.43	390
34.44	341
34.63	286
34.59	340
34.58	292
34.12	338
34.61	247
33.35	391
35.12	287
33.15	383
34.5	373
34.34	336
35.43	210
34.74	314
34.76	384
34.8	170
34.49	293
35.38	243
34.92	253
34.05	358
34.19	312
34.75	377
34.87	316
34.79	239
34.72	372
34.77	347
34.9	276
35.01	323
33.5	385
33.67	100
34.31	322
35.05	354
34.24	360
34.08	379
33.76	360
34.51	269
34.51	277
34.09	380
34.87	296
35.04	130
33.68	296
33.61	367
34.88	223
34.05	373
33.5	363
34.19	165
33.99	393
34.97	305
32.75	114
34.22	377
35.08	191
34.76	198
35.17	287
34.38	390
34.37	214
34.42	345
33.58	380
34.7	258
33.79	368
34.18	311
34.39	248
33.76	394
33.74	329
33.66	322
34.33	343
33.82	331
34.15	201
34.97	378
35.45	363
34.65	374
34.56	374
34.87	275
35.28	317
33.78	393
34.26	341
34.05	383
34.56	290
34.78	230
34.55	360
35.53	207
34.63	318
34.25	349
34.08	260
34.19	368
35.06	230
34.22	331
34.67	303
34.25	314
34.1	378
34.29	227
34.66	288
35.18	295
34.39	267
33.72	380
34.16	372
34.02	367
34.06	116
34.12	378
34.56	294
34.4	331
35.12	323
34.82	380
35.14	309
34.9	354
34.5	247
34.82	251
33.75	393
34.59	386
34.27	394
33.9	392
33.99	392
34.87	381
34.31	390
33.28	361
34.59	386
34.55	364
35.16	318
34.66	375
34.79	315
34.52	353
34.74	285
34.8	207
34.21	371
33.94	379
34.56	333
34.46	301
34.96	211
35.42	304
35.62	152
35.67	307
34.26	165
35.97	253
34.66	393
34.55	389
35.08	345
34.9	348
34.35	349
34.32	249
33.68	392
34.47	376
33.85	313
34.02	387
35.06	370
33.93	389
34.59	337
34.43	372
33.52	463
34.01	316
34.77	277
34.27	220
34.25	358
34.12	362
34.77	287
33.48	101
33.82	391
35.13	321
34.98	340
33.84	385
34.71	295
33.55	370
34.28	333
33.93	316
34.62	348
34.61	325
33.15	163
33.17	393
34.42	336
33.72	331
34.12	365
34.54	337
34.02	360
34.59	372
34	385
34.39	318
34.45	315
34.84	274
34.62	341
35.35	254
34.6	377
34.41	375
35.26	321
35.45	295
35.23	266
34.12	394
33.4	108
35.27	314
33.99	390
34.92	362
34.01	322
33.69	391
34.72	375
32.21	54
34.35	370
33.67	341
34.19	372
34.74	332
34.17	356
34.24	196
34.35	347
33.92	304
34.76	275
34.98	235
34.71	359
34.98	332
35.49	316
35.21	313
34.52	393
34.59	382
34.65	163
34.21	157
34.4	383
34.63	333
34	382
33.31	137
33.68	365
34.49	178
34.35	179
33.79	388
33.9	309
33.29	391
34.11	298
33.75	393
33.55	380
34.66	154
33.53	286
33.71	177
33.91	371
34.13	332
34.9	263
34.6	307
33.59	146
35.01	282
34.48	373
33.53	287
35.81	170
33.99	259
33.89	337
34.34	378
35.05	383
38.03	188
34.74	394
34.57	373
34.59	351
34.59	291
34.53	314
34.92	281
34.76	378
33.79	381
34.77	353
33.7	367
33.99	314
34.62	286
34.15	366
34.05	385
34.2	356
34.46	283
33.67	386
33.7	370
33.57	388
34.44	330
33.92	163
33.79	379
34.51	255
33.62	393
34.41	373
34.08	359
35.15	344
36.18	255
34.75	371
53.06	5
35.07	235
34.99	310
36.22	288
34.94	85
34.45	258
35.25	359
35.11	208
34.63	385
34.06	339
34.32	385
34.8	308
34.78	340
34.79	320
35.01	376
34.15	373
34.71	304
33.44	343
34.7	334
33.73	363
34.47	341
34.17	392
35.05	389
34.76	321
33.84	368
34.35	380
32.68	87
34.53	222
34.78	153
34.49	363
34.43	359
35.67	260
35.54	285
34.51	352
34.45	391
34.9	279
35	287
34.67	328
34.45	315
34.13	185
34.31	319
36.45	343
33.35	152
34.82	300
33.96	357
33.59	379
34.75	315
33.77	385
34.62	349
34.34	350
33.63	361
34.52	309
34.45	334
33.99	346
34.06	320
35.06	315
34.25	347
34.51	341
34.47	383
35.48	303
34.12	393
33.9	364
34.32	376
34.82	364
34.82	262
34.72	301
34.73	330
35.52	224
34.71	324
34.39	374
35.16	298
35	342
34.43	356
35.9	288
34.92	279
36.52	55
34.44	280
34.81	337
34.62	384
34.31	354
34.7	323
33.98	387
34.16	114
34.5	316
33.42	359
33.9	374
34	309
35.32	263
33.5	352
34.64	362
34.97	277
33.59	364
34.28	326
33.7	386
35	288
34.05	188
33.99	372
33.96	350
34.45	365
35.07	318
33.72	387
35.28	301
34.68	382
33.81	354
34.17	285
33.31	375
35.11	291
34.06	386
34.46	384
35.13	391
34.74	286
35.22	282
35.19	390
34.87	353
34.54	343
34.37	392
34.43	345
33.96	360
35.23	321
34.31	250
34.87	334
35.02	368
34.87	257
34.46	289
34.86	487
33.86	378
35.53	267
34.35	345
35.2	316
34.85	284
33.71	224
33.91	376
34.05	121
34.07	385
35.34	229
34.03	162
34.04	366
33.64	393
34.35	293
34.2	236
33.55	281
34.26	322
34.3	286
32.51	109
34.33	314
33.89	179
34.54	345
35.22	318
34.73	347
33.93	371
35.01	297
34.68	357
35.19	484
34.82	385
34.19	386
34.68	290
33.86	393
33.27	393
34.11	330
34.45	393
34.17	391
33.99	393
35.54	234
34.37	371
35.07	235
34.36	374
34.91	298
34.87	339
35.61	225
31.96	65
34.17	286
34.25	369
34.42	274
34.19	300
34.02	373
34.01	384
34.14	261
34.1	195
33.97	384
33.56	379
34.67	212
33.26	362
33.77	360
34.32	325
33.14	377
34.57	294
33.03	309
34.47	343
34.8	367
34.07	382
34.54	333
35.43	270
35.07	391
33.76	392
35.27	160
34.71	380
34.2	374
34.25	357
33.74	329
34.16	373
34.54	343
34.36	270
34.43	288
34.68	353
34.26	325
34.17	353
34.23	270
34.34	378
34.57	371
34.95	373
34.25	372
34.62	359
33.93	380
34.59	394
34.77	341
34.3	366
34.39	300
34.8	289
34.48	379
34.99	267
34.69	321
34.59	237
35.62	320
34.71	336
34.87	341
35.28	357
34.11	283
34.29	322
34.13	317
34.21	221
33.41	366
34.93	278
34.05	479
34.42	211
33.86	282
34.1	307
33.53	203
33.39	117
34.27	146
34.45	337
33.46	374
34.06	335
33.3	363
33.78	311
34.18	374
32.96	328
34.63	355
35.66	313
33.57	388
33.09	153
34.21	306
36.51	279
34.14	111
35.02	385
32.23	72
34.22	386
34.4	378
33.7	289
33.71	351
34.52	246
33.05	235
34.17	379
33.54	314
34.11	203
34.55	341
33.97	334
34.24	333
34.26	363
33.98	286
34.09	380
34.2	247
34.38	329
34.46	343
33.08	389
34.72	284
34.68	376
33.82	291
33.89	376
34.92	257
34.41	344
33.95	394
35.13	377
34.32	299
34.31	155
34.64	356
34.6	328
34.46	352
35.38	285
34.51	393
34.18	243
35.26	385
35.47	214
34.94	297
35.62	299
34.14	186
34.74	386
34.6	358
33.47	54
35.21	329
35.55	253
34.18	368
34.5	381
35.16	339
35.63	364
35.05	320
34.74	375
34.09	357
34.51	378
34.4	159
33.2	385
34.43	269
34.36	254
35.02	351
34.59	281
34.78	371
34.88	317
33.86	382
34.1	241
33.55	284
34.16	263
33.95	227
34.6	366
34.28	329
34.19	331
33.68	380
33.63	368
33.96	290
31.65	49
34.4	188
33.87	342
33.21	375
34.58	233
34.77	370
33.64	275
33.25	383
35.22	324
33.57	374
34.54	347
33.18	390
33.3	373
33.2	366
33.7	352
34.57	322
34.17	334
34.68	343
34.49	367
34.86	389
35.57	337
34.36	382
34.52	388
34.14	374
34.53	371
35.53	290
32.34	66
34.65	376
32.06	88
33.8	215
34.04	268
33.95	324
33.58	332
34.17	373
34.19	298
33.84	335
33.59	335
35.23	330
34.88	211
34.85	370
34.42	356
34.18	159
34.36	330
34.53	359
33.7	374
35.12	319
35.25	319
32.85	381
34.13	264
33.72	316
34.29	352
33.72	349
35.31	348
34.91	376
32.98	342
34.14	258
33.81	351
33.45	372
35.24	316
33.45	389
35.19	191
34.4	358
34.01	369
34.34	380
34.93	379
34.46	379
34.17	357
35.04	382
34.87	355
35.01	321
35.73	159
34.22	355
35.39	262
35.02	344
35.44	189
35.06	322
34.69	360
34.24	334
34.34	296
34.48	294
34.94	184
33.93	202
33.72	389
34.42	286
32.99	391
33.7	359
33.43	388
34.76	245
35.45	491
34.58	371
34.33	332
34.85	317
33.85	338
34.21	360
34.51	333
33.39	339
34.46	345
34.26	261
33.76	156
34.29	267
35.26	286
34.11	202
34.33	324
32.59	355
35.15	259
33.52	386
33.61	346
35.45	268
34.67	290
34.54	383
35.84	173
35.34	343
34.84	342
35	350
35.14	361
35.02	295
34.13	365
34.83	360
34.19	370
35.74	269
34.97	323
34.13	94
34.15	356
34.78	329
34.48	206
35.57	381
34.69	354
34.75	340
35.39	309
35.02	206
34.57	385
34.42	317
34.79	300
34.34	345
33.52	391
34.82	328
35.43	298
34.25	378
33.94	329
34.52	351
35.3	332
34.74	348
34.28	159
35.07	355
34.82	336
35.22	257
34.44	208
34.85	279
35.27	303
34.27	372
34.27	390
32.85	57
34.22	366
35.91	279
34.78	308
34.16	392
33.75	392
34.73	357
35.16	269
34.66	382
35.04	350
34.1	371
34.37	335
34.9	382
35.02	342
35.2	287
34.71	327
34.08	363
34.2	370
35.42	285
35.42	363
35.53	351
33.81	105
35.06	326
34.16	394
34.57	369
34.04	368
34.44	213
35.38	388
34.59	369
34.08	343
35.28	294
34.47	366
34.71	372
34.35	384
35.91	243
34.97	361
34.87	327
35.14	266
34.29	390
34.99	208
34.9	379
34.25	346
34.78	349
34.94	392
35.27	363
33.62	94
33.71	275
33.92	338
34.39	343
34.04	348
34.01	394
34.81	284
33.91	368
34.31	362
34.78	255
34.82	231
33.85	369
34.6	294
34.61	291
34.5	316
34.35	274
34.33	374
34.48	333
33.62	379
33.54	394
34.76	339
35.2	221
34.4	393
34.44	386
34.35	225
34.29	331
33.85	199
33.83	381
33.62	317
33.51	375
34.61	313
34.82	323
34.15	361
35.44	313
35.19	304
34.63	373
34.43	386
35.12	306
33.99	384
34.87	409
34.53	384
35.48	303
34.78	356
34.39	384
34.45	367
35.05	351
34.53	342
34.24	369
34.35	281
34.31	121
34.72	341
34.5	361
35.15	276
35.02	333
34.26	355
34.76	336
34.84	338
31.78	31
34.97	369
35.19	328
34.52	338
34.46	162
34.52	363
34.18	386
34.69	281
34.28	382
36.08	244
34.73	390
34.73	336
35.18	368
34.49	324
34.77	294
33.93	385
33.68	287
33.24	394
33.94	258
33.64	376
34.24	381
33.52	386
33.61	393
34.82	382
34.7	389
35.55	363
35.67	288
35.23	261
35.32	303
33.88	381
33.78	118
34.29	342
33.94	391
34.71	384
34.17	393
35.52	260
35.08	299
34.81	370
34.41	357
34.56	357
34.8	349
34.54	202
34.97	355
33.97	160
34.56	368
34.18	308
35.16	364
34.25	392
34.44	353
34.61	288
34.2	320
34.29	354
34.64	338
34.81	321
33.98	180
34.33	249
33.71	357
34.87	368
34.29	96
33.68	373
34.31	370
34.4	369
36.13	251
35.55	289
34.44	388
35.03	271
34.69	360
34.9	373
35.2	294
34.53	331
34.05	109
35.15	392
35.19	258
34.6	352
34.19	370
33.73	393
35.8	206
34.69	370
35.42	323
35.66	277
35.79	308
33.85	391
34.21	391
34.62	360
34.15	376
34.85	297
35.15	249
34.81	295
34.94	328
35	295
34.59	382
34.34	381
34.74	342
34.46	298
35.66	323
34.49	348
34.7	349
35.41	369
34.38	340
35.88	355
34.6	324
34.67	329
34.4	386
35.27	312
34.09	252
34.28	376
33.59	149
34.55	346
33.26	386
35.3	358
33.89	379
34.62	87
33.92	320
34.85	383
34.64	317
34.71	362
35.27	367
34.56	384
34.68	139
35.15	339
35.38	331
34.73	383
34.4	318
34.19	281
33.69	148
34.65	332
34.22	345
33.14	388
33.76	354
34.31	246
33.72	372
33.53	265
34.58	370
33.63	390
33.8	374
33.15	96
34.36	269
33.8	360
34.38	368
34.11	385
33.61	219
34.1	333
33.09	162
34.57	329
35.21	287
34.45	375
35.14	455
34.09	364
34.46	316
34.67	203
35.85	285
35.17	352
34.09	260
34.21	262
34.6	360
34.83	231
34.21	386
33.28	390
33.91	364
35.17	298
34.62	373
34.56	317
34.75	338
34.21	351
34.04	232
34.26	386
34.94	390
34.82	280
34.21	348
34.59	298
34	333
34.2	378
33.79	147
34.24	391
33.82	370
34.27	307
33.95	314
34.64	354
34	331
34.26	332
34.7	234
33.58	375
34.26	385
33.58	388
34.48	365
36.39	275
33.68	379
35.56	382
34.31	330
33.2	393
34.43	302
34.22	392
34.35	279
34.57	332
34.62	305
34.43	376
35.05	297
34.18	229
34.57	359
34.59	282
34.25	292
33.56	393
34.55	244
34.47	372
34.24	310
33.28	156
34.04	338
34.65	308
34.28	336
34.64	307
34.25	362
34.21	348
34.35	366
32.92	86
33.67	341
34.53	375
34.03	229
31.81	70
34.59	359
34.4	363
35.6	220
34.68	212
34.35	333
34.35	344
34.28	287
34.35	387
34.46	287
34.47	298
34.35	319
34.5	309
33.48	380
33.43	393
34.2	344
34.43	238
34.44	318
34.04	268
34.25	343
34.65	257
34.85	311
34.48	229
35.09	190
33.95	374
34.84	394
33.97	377
34.75	347
34.27	390
35.17	292
33.87	378
34.73	322
34.23	365
34.47	319
34.75	382
35.13	321
34	375
33.72	353
33.83	350
34.4	240
34.15	327
33.99	160
33.53	191
34.27	354
34.94	223
35.02	223
34.92	392
33.8	355
34.15	384
34.6	193
33.68	133
33.61	329
34.69	316
34.38	349
33.71	384
33.91	356
33.23	370
34.42	324
33.23	370
33.97	285
33.85	190
34.56	357
34.34	363
33.68	205
32.92	59
34.68	361
34.31	384
35.72	212
35.48	308
34.61	355
34.12	342
33.11	47
35.09	392
34.54	388
34.45	342
34.62	389
34.69	386
34.27	383
33.94	377
35.17	313
39.34	90
34.51	371
33.77	377
34.64	365
34.84	368
35.21	274
34.8	350
33.79	359
33.77	371
34.65	338
33.92	346
33.37	231
34.59	285
34.89	270
33.53	388
33.55	197
34.89	266
34.37	391
34.81	385
34.6	340
34.59	378
34.88	101
33.91	170
35.08	320
34.74	215
34.47	267
33.98	356
34.11	183
34.48	376
34.02	317
34	364
33.97	334
34.03	348
34.1	159
34.19	277
33.65	391
34.09	388
34.87	359
38.96	115
34.81	282
34.42	355
35.07	391
34.04	394
35.27	367
34.7	355
34.35	373
34.25	352
34.71	371
34.61	228
33.79	350
33.83	379
33.58	334
33.82	377
34.1	333
34.47	225
34.39	374
35.06	243
35.33	298
35.75	307
33.3	134
35.32	365
33.49	390
34.77	354
33.85	361
35.34	320
34.48	365
34.27	374
34.21	302
33.51	370
33.72	383
33.96	136
34.17	329
33.89	218
33.9	327
33.94	348
34.54	348
33.22	385
34.12	373
33.59	326
34.61	313
33.54	375
34.34	247
34.2	379
34.55	133
34.4	344
33.8	368
34.01	392
34.29	367
34.38	344
33.39	372
33.69	151
34.54	319
34.22	337
34.31	342
34.78	318
35.63	188
34.38	377
34.48	262
34.14	365
34.61	420
34.08	376
33.2	225
33.86	384
34.73	289
34.06	355
33.69	108
32.86	72
34.59	385
34.32	387
34.58	257
34.44	256
38.55	41
33.68	374
34.16	379
34.76	292
34.48	272
35	225
36.01	103
31.42	36
34.37	391
35.25	203
34.03	365
35.47	310
38.84	69
34.53	343
34.71	306
34.1	374
35.07	334
34.63	350
34.36	308
33.58	322
34.41	389
34.15	381
34.32	286
34.47	287
34.76	361
34.61	304
34.44	385
33.87	393
33.85	366
34.9	355
34.24	349
32.9	86
32.95	96
34.52	301
35.04	320
33.98	319
34.7	355
34.63	323
33.4	327
33.4	188
34.24	311
34.31	378
33.71	389
34.3	377
34.49	372
35.69	239
34.49	340
33.86	380
34.7	277
33.67	380
34.65	291
34.47	315
34.52	241
34.54	355
34.14	184
34.26	380
34.37	342
35.15	313
34.91	357
34.8	270
32.86	78
34.45	352
35.04	302
34.87	273
34.02	366
33.54	182
32.47	80
33.87	158
33.94	388
34.44	328
34.51	386
35.24	171
34.04	378
33.96	188
34.04	388
34.39	306
34.16	315
35.4	311
33.95	392
34.7	317
33.97	368
34.18	345
34.39	234
33.88	357
33.47	36
35.97	204
34.45	138
35.39	193
34.46	306
32.3	55
34.96	384
35.21	330
34.92	386
34.69	382
34.47	315
34.42	324
34.93	314
34.14	263
34.05	261
35.23	191
34.04	349
34.43	334
34.52	366
34.95	253
35.48	299
34.12	364
34.55	387
33.55	379
34.75	211
34.46	300
34.95	329
34.92	315
34.25	108
34.09	235
34.08	326
34.32	225
33.91	366
33.59	352
34.47	337
34.56	289
31.97	46
34.34	288
33.52	314
33.49	271
34.24	190
34.24	373
34.18	337
33.89	378
35.52	294
34.83	378
35.35	364
34.21	394
34.71	376
35.01	261
33.47	367
33.35	383
33.33	377
34.59	311
33.99	357
33.68	377
33.61	375
34.35	361
34	358
33.7	389
34.53	173
33.93	355
34.18	345
34.2	388
33.93	250
34.16	387
33.71	283
33.99	359
33.72	186
33.33	334
35.27	283
34.64	274
34.48	347
35.08	376
34.73	376
32.99	98
35.06	329
35.16	341
35.21	351
34.64	304
34.59	348
33.6	109
34.92	274
34.96	340
33.85	394
34.42	359
34.04	384
34.7	378
34.36	350
34.61	390
33.88	392
34.24	382
34.25	382
35.27	233
33.61	362
34.33	384
34.43	276
34.36	382
34.22	385
35.23	324
34.88	202
33.94	109
34.72	362
34.45	352
34.26	379
33.88	279
35.36	315
33.69	214
34.19	236
34.29	288
33.92	285
34.16	260
34.01	140
33.44	393
33.51	370
34.42	309
33.84	386
33.63	387
34.66	307
33.81	285
33.49	340
33.78	145
34.52	323
34.44	291
34.4	368
34.14	354
34.8	306
34.41	323
34.53	285
33.05	393
35.44	292
33.98	382
33.81	343
34.24	382
35.08	290
34.78	296
34.51	327
34.14	333
35.71	272
34.84	325
33.54	352
33.02	384
34.77	330
34.67	348
33.69	251
33.77	394
34.14	319
34.39	348
34.28	249
34.41	357
33.91	364
34.33	361
33.66	330
33.4	381
33.85	385
33.24	137
34.49	197
34.78	367
34.41	344
34.39	378
34.08	361
33.75	241
35.58	234
33.95	244
34.42	377
34.2	377
33.5	255
34.08	386
33.25	368
34.93	358
34.81	341
34.28	298
34.6	374
34.68	264
34.85	321
34.65	337
34.63	450
31.75	49
34.22	329
34.24	384
34.27	335
34.44	289
34.02	304
33.68	382
34.73	362
33.06	388
33.3	92
33.12	105
34.52	214
35.04	384
34.59	324
35.01	327
33.86	339
35.13	356
35.04	332
35.22	353
34	379
34.47	314
33.89	371
35.1	367
34.26	371
34.39	176
34.95	248
34.2	348
34.04	385
34.48	320
34.04	167
34.77	208
34.27	219
33.95	354
33.49	388
100	0
35.45	294
35.31	320
34.13	393
34.51	380
34.62	390
34.97	297
34.24	389
34.74	283
32.47	11
34.52	353
34.17	327
34.46	306
34.27	356
34.02	348
34.27	298
35.46	221
34.56	271
34.25	259
33.65	362
34.27	362
33.73	373
34.07	387
35.34	250
34.95	263
35.2	281
35.16	369
33.86	384
34.54	375
34.86	259
34.33	230
35.07	358
35.16	379
34.17	326
35.05	374
34.26	334
34.75	344
34.14	299
34.38	294
34.11	286
35.06	246
34.01	385
34.08	336
34.59	223
34.07	356
33.57	336
33.29	379
34.02	301
33.56	276
33.79	360
34.96	304
33.48	349
33.53	382
34.24	313
33.78	297
34.1	385
33.65	380
34.38	338
34.07	296
33.87	274
33.98	380
34.71	276
33.45	306
34.16	287
33.64	220
34.51	369
33.88	209
34.39	330
33.83	385
34.18	376
33.86	369
34.44	328
34.3	367
34.59	277
33.72	206
33.71	383
33.72	388
33.86	369
35.98	273
34.07	333
33.57	378
34.16	206
35.23	197
34.23	335
33.66	388
34.85	343
34.61	340
33.96	293
34.92	350
34.71	328
34.53	286
33.95	369
34.39	268
33.75	392
34.99	380
34.56	278
33.73	199
34.4	243
34.65	388
36.01	230
35.24	346
33.43	386
33.97	154
34.57	265
33.71	367
34.14	379
34.03	380
34.31	381
34.38	354
33.93	255
34.53	242
33.9	338
34.85	338
34.26	198
35.65	331
34.79	364
33.86	375
34.94	307
34.62	305
35.04	341
34.18	348
33.53	389
35	329
33.9	301
34.53	301
35.17	331
34.78	375
34.77	332
34.82	192
34.59	344
33.92	224
33.71	355
33.98	390
34.1	385
33.46	114
34.87	315
34.59	387
33.66	363
34.4	304
34.98	345
34.39	327
34.69	392
34.74	268
34.41	156
36.68	188
37.31	248
34.43	355
33.79	239
34.87	305
35	307
34.55	306
35.24	339
34.03	371
35.12	336
33.17	393
34.11	387
33.98	143
34.85	287
33.85	380
33.95	362
34.82	335
34.9	300
34.29	228
35.17	294
35.08	237
34.25	348
34.72	276
34.07	296
34.14	379
35.23	228
33.92	366
34	304
34.14	355
34.48	349
34.16	336
34.14	351
34.88	314
34.33	332
34.33	324
33.69	378
34.19	378
33.6	375
34.02	394
33.27	380
34.82	121
33.76	372
34.54	382
33.88	271
34.09	296
33.84	380
33.88	362
32.99	385
34.12	311
35.03	300
34.11	257
34.25	348
33.68	220
34.71	276
32.67	69
34.33	351
33.76	372
34.38	392
34.54	315
34.6	251
33.75	361
34.69	341
33.94	385
33.8	148
34.07	345
34.46	167
33.73	388
34.96	278
33.59	373
33.45	45
34.42	379
34.56	385
34.58	344
34.31	252
35.21	371
34.84	350
35.01	371
35.05	239
34.89	350
33.65	389
34.63	330
34.48	342
34.44	393
35.07	390
35.39	279
34.51	354
34.43	335
35.25	365
35.25	349
35.37	337
35.06	348
35.37	311
34.77	363
35.86	318
34.36	326
34.31	298
34.25	350
34.36	244
34.13	388
35	309
32.71	49
34.28	197
34.03	394
34.38	317
33.97	210
35.13	204
34.77	324
34.2	320
34.23	392
34.16	388
34.65	225
35.36	172
34.59	343
33.72	328
34.32	371
35.21	259
34.76	346
33.63	103
34.85	355
33.95	341
35.16	356
34.83	208
34.73	347
34.09	391
34.56	330
35.08	334
35.09	366
33.47	354
33.14	68
34.14	342
35.04	390
35.78	377
33.75	163
34.92	308
34.26	385
31.9	69
34.32	373
34.77	331
33.92	314
34.28	382
34.03	280
34.37	362
34.02	274
34.92	380
34.41	214
34.76	271
34.99	330
34.25	184
34.12	375
34.79	389
34.25	343
34.07	362
34.8	324
34.43	373
34.9	351
34.62	390
34.14	333
33.97	383
34.39	342
35.07	376
35.28	255
34.88	377
34.83	374
34.83	377
34.69	305
34.31	321
34.33	221
34.4	361
34.8	347
34.65	330
34.3	318
33	391
34.32	386
34.74	363
34.08	314
34.17	375
34.18	128
34.46	325
34.14	303
34.59	394
35.06	354
34.23	140
34.25	380
34.02	370
35.42	266
34.38	342
34.56	353
34.38	370
32.92	91
34.84	343
34.15	343
34.16	393
35.12	271
31.69	24
35.05	283
34.64	322
34.11	368
34.3	392
34.47	342
34.53	391
34.52	323
34.34	348
34.37	331
33.73	378
34.17	358
35.45	189
34.72	361
35.04	335
34.63	388
35.06	314
35.05	393
34.92	361
34.11	367
35.33	320
34.15	318
34.32	337
33.85	346
34.29	378
34.53	372
34.57	303
34.69	249
34.99	276
34.68	175
34.58	269
33.52	374
33.81	389
35.23	310
35.12	260
34.04	360
34.34	279
34.73	321
34.45	326
34.54	329
33.99	328
35.01	376
35.22	255
33.97	325
34.65	310
32.9	76
32.9	76
32.9	76
32.9	76
33.9	394
34.89	376
34.75	243
34.78	381
34.77	379
34.78	373
35.45	291
31.26	21
34.71	334
34.5	369
34.93	366
34.74	324
34.36	338
33.09	392
34.68	209
34.76	306
33.98	357
34.32	314
34.26	310
34.05	139
34.17	384
34.65	333
34.9	355
33.95	392
34.77	366
33.27	149
34.43	366
34.79	312
34.4	392
34.37	392
35.38	197
33.83	391
34.93	277
34.13	391
34.95	308
34.32	315
34.82	330
34.23	157
34.45	347
33.11	386
35.04	262
33.62	384
34.61	361
34.64	310
34.33	392
34.37	330
34.54	375
34.71	359
34.86	330
34.32	381
33.66	348
34.48	368
35.13	217
34.72	274
35.6	273
35.07	380
33.42	123
35.38	380
34.32	359
33.95	388
34.63	327
35.66	332
33.74	388
34.11	382
35.07	286
34.53	206
33.6	392
33.29	258
34.07	317
34.13	319
34.43	386
35.21	286
33.81	378
34.02	390
34.08	377
34.09	315
33.78	363
35.45	298
34.51	346
34.11	333
34.95	376
35.66	232
35.63	266
34.36	357
35.24	258
34.32	384
34.8	297
30.32	49
34.49	316
34.11	367
33.32	384
33.63	357
34.18	295
33.92	323
34.52	349
34.45	390
34.5	50
34	382
34.9	353
34.29	373
35.14	318
34.78	223
34.26	330
34.15	321
33.99	351
34.21	269
34.52	317
33.94	241
33.44	382
34.76	329
34.51	314
34.93	337
35.33	321
34.88	226
34.88	387
34.92	260
34.75	302
34.55	351
35.23	306
34.87	388
34.68	368
33.42	374
33.8	64
33.93	354
34.33	247
34.75	381
35.36	243
34.81	250
34	368
34.35	391
33.84	383
33.72	350
32.97	335
33.82	380
34.53	220
33.84	369
34.34	187
33.73	328
33.57	354
33.53	377
34.22	372
33.18	348
33.83	293
34.33	381
34.36	290
33.88	378
34.03	377
34.2	239
34.87	237
33.2	335
34.04	266
35.1	186
34.67	389
32.49	90
34.75	138
34.27	159
34.01	364
34.11	383
34.41	351
34.25	377
34.41	312
33.5	347
34.03	204
34.57	365
34.34	309
33.93	190
33.4	167
34.68	274
33.73	368
35.38	287
33.88	364
34.39	302
34.41	372
34.42	348
34.16	353
34.93	380
33.67	308
35.05	253
33.96	320
34.18	348
34	374
33.6	391
34.52	291
34.07	386
34.5	262
34.44	285
33.74	302
34.21	377
34.44	214
34.52	329
34.1	271
33.92	380
34.02	349
35.15	375
34.6	365
33.87	359
34.34	385
34.27	349
35.32	254
33.26	387
34.03	288
34.03	360
33.7	161
34.22	389
33.83	208
35.04	265
33.9	348
34.61	318
34.36	350
34.93	270
33.94	221
33.88	376
34.71	320
33.43	338
34.26	369
34.32	263
33.9	371
34.27	320
33.68	314
33.59	337
34.56	351
33.83	391
33.82	331
33.49	344
33.38	344
31.79	39
34.15	388
34.64	304
34.4	294
34.58	177
34.23	299
33.94	390
35.47	264
33.69	222
33.98	378
34.43	318
34.27	312
35.13	355
34.86	267
33.92	359
34.74	285
34.79	377
32.49	21
34.66	295
35.31	245
34.5	324
34.13	135
34.13	365
34.45	383
34.32	375
33.77	391
32.87	101
34.36	255
34.65	361
33.87	363
33.98	281
34.45	266
35.34	288
33.67	390
33.76	186
34.04	322
33.85	280
34.64	263
33.71	324
34.71	282
33.95	315
34.29	264
33.79	174
34.12	376
33.76	373
34.57	200
34.16	293
33.44	393
34.04	173
33.95	236
34.24	376
33.9	298
33.64	355
33.93	274
33.79	380
33.43	380
33.86	298
33.77	388
34.06	316
35.23	285
33.77	381
34.13	259
34.8	277
35.95	328
33.97	384
35	368
34.06	281
32.84	378
34.39	237
34.33	213
33.93	292
34.01	367
34.28	336
34.79	389
34.89	388
34.45	373
34.29	393
34.29	489
34.36	483
34.98	275
34.62	377
34.48	379
34.73	332
34.75	299
34.52	341
34.17	341
34.28	267
33.93	383
34.48	366
33.66	380
34.71	259
34.9	337
33.64	387
35.51	244
35.04	369
34.49	301
35.11	361
35.87	272
35.18	336
34.84	378
35.53	346
34.66	391
33.64	146
34.18	351
34.1	335
33.51	385
33.92	346
33.94	365
33.56	315
33.29	343
34.62	303
34.21	294
33.11	394
34.28	343
34.9	223
34.42	377
33.75	221
34.14	355
33.68	137
33.69	355
35.21	227
33.41	391
34.75	185
34.3	372
34.25	381
34.1	307
34.45	269
34.09	371
34.72	312
34.23	296
33.38	340
34.9	338
34.22	387
33.4	335
34.38	333
33.34	383
33.72	380
34.47	274
32.93	103
33.71	381
33.97	298
34.6	319
34.16	337
34.47	319
34.31	391
34.26	343
33.44	375
34.28	329
34.14	166
34.37	353
34.52	284
33.56	298
34.72	221
33.89	343
34.05	335
34.35	365
35.09	271
35.78	338
34.84	362
34.89	344
34.2	372
34.21	272
33.6	388
34.47	369
34.65	362
34.64	301
33.61	366
35.23	288
34.43	387
35.1	311
35.33	267
34.72	387
34.13	257
35.13	328
35.06	255
34.87	379
33.56	376
32.82	389
34.56	314
34.13	280
34.63	307
33.55	373
34.79	352
34.88	364
33.6	313
34.62	320
32.38	83
33.8	173
35.03	299
33.67	369
34.56	346
32.54	81
34.45	314
34.01	330
34.75	296
34.15	108
35.48	308
32.03	18
34.1	336
35.29	252
34.33	265
33.86	383
33.74	97
34.6	385
34.17	390
34.19	384
34.43	344
34.32	342
34.33	290
36.01	309
34.28	384
34.06	372
34.58	222
33.85	177
34.55	306
34.91	376
33.68	360
34.51	263
35.46	304
34.67	187
34.08	304
33.84	384
33.75	151
34.13	308
33.17	348
34.73	377
33.56	334
34.04	359
34.05	374
33.53	385
34.14	309
34.7	341
34.92	303
34.41	372
33.08	356
34.3	333
35.19	345
35.39	338
34.1	381
34.93	371
35.52	285
34.54	340
33.66	226
34.56	336
34.24	306
33.97	341
33.29	379
33.42	359
33.92	308
34.9	384
34.82	329
34.54	393
35.15	337
33.63	362
34.38	291
34.93	340
34.07	369
33.71	83
34.72	315
34.06	318
34.73	369
35.32	283
33.5	360
34.52	353
35.02	243
34.29	393
34.11	390
34.36	389
33.85	353
35.26	386
34.92	295
34.19	337
33.87	373
34.53	348
33.53	369
34.58	377
33.79	334
33.14	389
33.83	376
33.74	392
34.56	269
34.18	257
33.97	386
34	379
34.43	374
34.01	383
34.63	204
34.75	344
34.11	348
34.92	252
34.03	358
34.49	267
34.74	284
34	383
34.98	352
35.28	238
32.7	142
34.81	306
34.38	350
33.95	347
34.38	212
34.39	375
34.88	287
32.97	382
33.79	356
31.82	62
34.39	219
34.22	271
35.62	285
34.55	267
34.88	435
34.7	293
34.15	256
34.9	170
33.86	386
33.65	388
34.99	286
33.88	393
34.59	316
32.9	391
33.94	371
34.3	338
34.99	360
34.13	392
34.94	268
34.6	390
34.51	232
35.17	278
34.71	393
35.26	309
34.07	381
33.77	357
34.48	246
34.62	258
34.81	267
33.17	390
33.73	230
34.72	269
34.1	341
35.12	340
35.63	290
34.32	377
34.37	339
34.62	198
33.71	341
34.57	381
33.57	392
34.14	340
34.26	392
33.69	361
34.5	366
34.17	326
35.86	371
33.51	387
34.21	317
34.35	220
34.46	384
33.83	293
34.33	318
34.46	315
35.43	258
34.48	303
34.39	284
33.96	355
34.87	299
35.18	296
34.83	352
35.05	281
34.6	329
33.82	246
34.15	273
34.47	336
33.43	343
34.1	314
33.18	256
34.51	449
35.23	324
34.03	277
34.31	379
34.95	348
34.83	297
34.57	388
35.08	350
35.17	237
34.54	293
34.93	376
33.4	133
33.94	357
33.8	345
34.89	390
34.81	334
35.7	230
34.67	328
35.14	279
34.27	385
34.69	321
35.17	229
34.65	325
33.95	393
34.74	351
35.2	259
35.08	335
34.43	114
34.95	269
34.3	325
34.76	229
34.29	338
35.04	292
33.81	132
34.93	335
33.67	393
34.16	347
34.87	330
34.93	210
34.64	356
35.15	370
34.24	386
33.93	370
32.23	342
34.48	335
34.85	190
33.82	291
34.01	393
34.59	344
34.01	380
34.29	388
34.17	165
34.55	350
34.03	112
34.1	391
35.01	357
34.34	394
33.86	391
33.32	365
35.06	114
34.07	307
35.38	209
34.57	306
33.95	385
33.54	384
34.47	249
34.45	351
34.01	376
33.82	380
35.19	309
35.23	292
34.31	305
34.35	321
34.3	374
33.96	324
33.99	324
33.3	131
34.02	377
34.28	346
34.45	361
34.44	383
34.62	366
34.05	254
33.62	366
33.99	432
34.04	383
34.42	382
33.8	360
34.73	337
34.54	365
34.54	364
34.93	371
34.89	313
34.65	389
34.47	338
34.74	366
35.01	493
34.33	342
34.46	346
33.49	390
35.31	362
34.41	366
34.87	344
35.24	366
35.2	211
34.78	360
34.96	349
34.14	381
34.51	383
34.48	388
34.73	381
34.21	338
35.66	353
34.49	376
34.05	350
34.59	284
34.36	314
35.02	317
34.92	326
34.16	321
34.62	379
34.64	385
33.99	356
34.56	315
34.9	314
34.05	374
34.93	202
34.6	385
34.67	308
34.11	392
32.65	82
33.35	372
33.19	95
34.94	378
34.4	371
34.44	328
33.87	379
33.31	95
33.28	370
35.22	320
34.99	319
35.43	253
33.64	225
33.55	376
34.34	346
33.91	393
34.61	315
34.68	292
33.86	246
34.36	392
35.29	336
33.63	305
33.38	373
34.13	373
35.25	342
34.6	386
33.9	370
33.87	322
34.32	370
35.45	224
33.42	390
34.57	394
34.69	317
34.48	344
33.99	379
34.43	392
34.1	312
34.5	393
34.95	200
34.3	225
34.66	276
33.61	394
34.57	374
34.09	326
33.7	366
33.79	369
34.38	394
34.22	379
34.52	356
34.57	349
34.53	339
34.56	330
34.32	295
33.25	377
34.9	263
33.25	377
34.99	311
34.67	359
33.27	377
34.25	374
35.74	226
35.06	356
34.37	372
38.21	42
34.02	117
34.62	258
34.67	274
35.17	249
38.33	39
34.27	231
33.85	323
33.4	393
33.74	124
34.72	384
35.46	302
33.36	249
34.7	357
35.41	214
34.81	329
34.52	333
35.32	352
34.05	365
34.1	367
33.25	367
34.62	251
34.82	352
34.94	357
35.21	223
34.84	343
34.21	317
34.83	328
32.95	367
34.8	381
34.77	381
34.27	344
33.73	342
35.21	283
35.02	380
35.1	317
35.34	392
34.77	370
34.83	244
34.36	359
33.98	371
33.86	388
33.76	302
34.85	335
34.36	384
35.7	271
33.94	122
35.12	379
35.53	310
34.14	391
34.15	334
34.69	274
34.04	200
33.65	394
34.43	335
35.16	341
34.56	447
34.26	336
34.49	331
34.41	383
35.36	306
34.25	377
34.63	391
35.36	233
34.43	376
34.54	383
33.98	356
34.58	285
35.93	312
34.11	256
33.58	334
33.42	353
34.66	359
33.58	326
34.74	165
34.62	328
33.85	329
33.82	352
35.04	154
34.87	364
32.51	73
34.54	251
34.55	382
34.67	335
34.22	379
33.21	367
34.2	306
33.94	290
34.28	358
33.46	360
34.12	349
34.2	348
34.32	215
33.85	393
34.85	295
33.17	343
33.99	185
33.89	345
34.42	390
34.18	361
34.96	367
34.19	333
33.73	202
34.85	388
33.9	393
33.55	383
34.24	348
35.02	310
35.06	337
34.86	362
34.71	247
34.24	385
34.25	331
34.91	284
33.95	364
34.41	302
33.86	380
34.96	379
34.45	304
35.04	254
33.35	133
34.46	342
33.38	193
34.19	323
33.94	374
34.79	333
33.75	189
34.53	455
34.79	402
34.88	277
34.05	391
34.54	386
34.54	339
35.83	342
35.16	296
35.33	370
34.3	339
34.49	355
34.59	381
34.41	341
33.83	197
34.82	313
33.82	385
34.29	373
34.31	370
33.64	378
34.75	167
34.03	386
33.9	385
35.16	286
34.08	346
34.19	349
33.63	374
34.08	356
35.03	335
33.97	340
34.35	255
34.64	332
35.2	366
34.08	329
33.85	322
34.18	318
33.85	389
34.01	364
34.35	239
33.7	351
34.34	198
34.74	316
34.56	244
34.11	340
33.83	381
34.51	335
33.89	149
33.75	100
34.56	382
34.5	394
34.26	327
34.32	301
34.25	367
34.33	297
33.51	343
34.24	285
34.55	309
34.79	315
34.73	381
33.95	386
34.39	250
34.39	298
34.83	367
34.43	380
35.36	306
33.37	81
33.7	348
34.86	340
34.9	394
35.22	362
35.16	342
34.39	258
33.1	383
33.35	390
34.5	224
34.43	299
34.51	385
34.39	341
34.25	388
34.15	383
33.93	389
33.31	348
34.71	281
34.01	295
34.41	381
35.42	257
34.25	275
34.22	294
33.82	376
33.46	389
33.94	180
33.43	178
34.25	152
34.92	355
34.72	435
34.91	386
35.78	198
33.63	367
33.85	373
34.19	289
33.42	126
33.99	372
34.15	248
34.43	178
33.75	199
34.44	126
33.73	329
33.78	360
33.52	278
33.98	393
34.14	314
34.38	377
34.2	390
35.36	324
34.4	355
35.04	353
34.38	387
35.59	308
34.26	377
34.73	356
34.19	392
36.24	266
33.67	394
35.19	254
34.15	343
34.7	289
34.12	371
33.51	384
33.83	394
35.12	329
34.33	405
34.75	375
34.33	316
33.96	381
34.73	342
34.43	366
34.68	243
34.19	312
33.96	210
33.89	374
34.55	352
33.5	371
34.59	242
33.84	365
33.81	219
32.95	346
34.71	319
33.97	374
34.45	371
34.03	300
34.41	387
33.9	300
35.21	366
34.62	373
34.06	357
35.54	300
34.97	287
34.51	339
34.5	359
34.63	382
34.2	309
34.38	338
34.23	387
34.37	367
33.67	148
36.19	206
33.83	83
36.98	54
34.42	392
33.6	374
34.18	321
35.55	248
34.39	366
34.57	189
34.33	335
34.71	245
33.45	360
33.74	363
34.82	258
34.64	326
33.48	387
34.11	351
34.3	364
34.81	351
34.65	251
34.09	374
35.26	389
34.09	371
34.44	230
34.53	341
34.18	392
34.29	328
33.94	392
33.94	240
33.75	355
33.9	355
34.13	316
35.48	316
34.51	283
35.61	219
36.47	217
35.46	251
33.83	384
34.7	403
34.56	287
34.16	370
35.12	364
34.54	334
34.97	226
34.48	299
32.76	84
34.44	338
35.23	297
33.75	391
33.7	394
34.31	313
34.27	356
35.02	356
34.37	246
33.89	391
35.57	248
35.59	302
34.58	352
33.13	363
34.17	385
33.27	372
33.26	372
34.38	333
33.51	217
33.53	351
35.05	267
33.71	382
34.2	366
32.19	39
34.27	366
34.31	374
35.09	334
34.58	327
34.25	355
33.87	347
34.49	298
36.27	243
34.7	243
33.89	306
34.54	470
33.73	393
34.19	241
34.79	209
33.61	374
34.21	291
34.81	339
33.91	217
33.71	437
32.97	439
33.21	426
35.26	360
33.41	422
33.49	122
33.48	413
34.44	317
34.72	370
33.64	408
33.81	440
34.53	368
33.93	390
33.93	313
34.96	208
34.47	372
33.29	414
33	421
34.34	348
32.86	404
32.14	438
33.83	400
33.16	443
33.47	433
33.72	415
33.33	356
33.84	436
33.12	432
34.52	283
32.62	443
34.67	242
32.93	425
33.83	422
34.6	211
32.91	437
33.71	395
34.22	360
34.3	415
33.61	387
33.49	396
33.62	380
33.98	334
34.12	376
33.68	406
34.45	271
33.16	444
34.47	407
34.75	407
34.17	376
33.27	432
33.04	443
33.03	441
33.66	429
34.75	278
34.36	351
33.89	388
33.48	350
34.54	343
33.56	410
33.01	438
32.8	380
34.07	430
34.45	359
33.92	379
34.01	410
34	410
33.57	436
34.15	416
34.01	373
34.26	329
33.94	140
33.41	429
33.12	444
33.28	425
33.08	444
33.87	395
33.82	413
33.98	357
33.89	403
34.54	383
33.57	337
34.17	334
33.58	385
33.9	79
33.3	414
34.62	259
34.34	391
32.31	423
35.46	246
33.17	431
33.22	438
33.13	421
33.62	444
32.72	441
33.99	377
34.08	341
33.36	440
33.78	432
33.4	425
34.57	412
35.01	326
35.37	245
33.08	431
33.66	411
33.87	379
34.3	374
34.24	330
35.07	328
34.1	361
34.14	241
34.45	360
32.76	427
33.86	423
34.36	319
34.06	363
34.3	341
34.24	346
34.67	355
33.64	398
34.02	440
33.85	421
33.38	414
33.13	421
33.33	442
33.27	424
34.23	345
33.68	417
34.15	375
34.64	370
34.09	346
34.51	224
34	336
33.6	438
33.79	394
34.62	349
34.08	428
34.79	338
33.59	425
34.04	390
34.79	352
33.27	408
34.4	391
33.92	381
33.24	434
32.91	437
34.78	491
33.41	424
34.44	419
34.4	406
33.81	391
33.54	401
33.98	269
34.42	380
32.77	439
33.12	433
33.13	415
33.98	414
34.34	417
34.21	387
32.8	440
34.56	428
34.64	408
34.44	381
35.15	404
35.44	287
34.83	322
33.94	391
33.51	438
33.77	434
33.19	435
33.67	396
33.44	436
33.95	435
33.83	414
34.44	389
34.54	381
32.1	394
33.63	398
34.11	382
33.94	304
33.57	440
33.19	389
33.16	441
33.17	422
33.83	388
35.98	266
34.31	397
34.25	424
33.8	348
34.72	303
34.81	285
35.21	402
33.83	422
33.82	401
34.91	402
32.96	437
35.07	265
34.36	426
34.36	426
32.25	437
33.63	407
34.01	310
34.71	253
34.18	324
33.17	428
32.87	414
33.22	382
34.29	396
33.36	408
34.33	309
33.63	414
34.34	424
31.97	50
33.3	396
33.6	296
33.38	397
33.45	428
33.77	197
33.93	412
34.01	344
33.12	442
32.94	392
33.63	421
33.99	410
33.6	431
33.44	443
34.41	320
33.01	377
33.01	377
33.72	314
34.98	265
34.27	302
31.66	58
34.52	274
33.88	403
33.79	410
34.83	331
33.75	400
33.16	414
34.91	360
34.12	318
32.96	443
34.15	378
33.25	394
33.49	403
33.25	430
33.97	438
33.98	360
33.45	441
33.77	441
33.81	410
32.24	405
34.88	346
33.71	435
33.33	435
33.7	401
33.37	416
33.6	436
35.36	195
34.08	362
34.12	405
32.64	427
33.41	428
33.43	430
