sim	len_diff
35.35	62
35.63	34
34.76	18
35.13	125
34.47	131
38.28	40
34.76	59
34.87	65
34.84	67
35.52	130
33.03	143
34.93	139
33.45	54
36.36	69
34.95	121
35.29	84
34.44	25
33.33	69
33.8	33
33.75	57
32.68	68
35.75	69
33.28	37
34.77	71
36.62	55
33.94	108
35.51	112
32.82	72
33.56	121
34.61	25
36.78	18
35.6	41
37.28	30
34.88	64
32.51	123
35.71	59
33.76	57
32.75	62
33.11	50
35.62	57
32.77	63
30.82	67
34.17	60
35.02	44
31.57	71
36.97	37
38.03	52
31.79	59
34.31	65
39.12	26
34.17	66
35	51
33.57	70
34.7	64
35	64
33.72	70
32.61	70
32.6	67
32.62	71
36.46	30
33.24	65
33.3	71
34.53	128
34.76	122
33.17	64
38.56	32
32.76	97
38.67	48
39.45	36
34.57	72
34.99	80
34.67	71
35.75	52
36.93	34
35.95	105
37.8	17
34.17	60
35.48	115
34.86	34
33.93	57
35.37	66
36.11	58
35.91	45
33.71	54
34.04	25
33.94	59
35.68	62
34.8	14
37.47	56
36.25	54
35.17	50
35.43	53
35.04	52
34.27	127
34.45	45
33.08	129
33.21	39
34.71	49
36.13	41
33.66	72
34.55	54
35.51	22
35.15	123
36.91	7
34.95	60
37.11	40
34.57	53
34.28	145
33.07	68
36.91	49
34.65	23
33.88	114
36.77	35
33.98	82
32.28	59
34.09	58
37.45	47
31.47	70
38.24	65
33.43	63
37.64	32
34.88	71
33.64	72
37.75	44
34.49	54
34.52	66
37.53	30
33.77	57
33.46	63
34.17	65
33.09	59
34.82	27
33.29	71
36.51	105
36.51	105
35.61	81
35.97	50
35.24	71
34.34	13
33.44	71
33.44	71
32.6	71
34.19	60
34.51	38
33.2	70
31.34	130
37.02	24
34.32	64
35.15	22
34	64
37.26	62
36.51	105
35.61	81
34.35	61
39.24	46
38.02	32
36.46	32
35.17	56
35.23	121
33.75	70
37.76	41
36.5	50
37.28	15
34.75	64
35.49	10
32.17	60
32.84	60
33.99	103
33.39	44
33.81	98
35.3	71
31.94	130
34.04	132
38.33	30
38.33	30
36.46	32
35.38	70
36.3	105
36.3	105
33.83	85
34.3	118
33.7	80
34.17	41
32.59	33
36.26	106
35.24	65
30.31	15
30.4	54
35.71	123
32.72	64
34.68	98
31.75	71
33.01	66
36.28	62
35.79	52
33.51	60
33.17	60
35.29	52
37.29	61
35.08	41
36.15	27
34.95	60
34.69	145
32.1	69
34.93	70
34.92	35
34.73	53
32.6	67
32.73	65
38.08	37
37.91	45
36.59	39
35.45	71
37.22	45
35.12	67
31.64	72
33.15	72
35.45	71
33.85	72
35.26	28
35.28	22
32.06	68
34.83	68
34.17	48
33.82	60
33.26	69
32.37	58
34.6	140
36.65	59
34.77	129
35.04	57
31.12	69
32.46	56
32.97	71
35.77	65
31.54	70
33.11	71
32.91	68
34.7	53
34.24	53
33.42	60
32.32	72
32.75	56
32.98	26
35.2	28
36.73	35
33.58	11
33.37	59
34.68	34
33.19	70
32.24	72
30.56	66
31.02	71
34.23	51
34.62	70
35.04	53
33.38	61
36.14	49
33.91	54
33.39	89
34.58	68
34.99	66
31.37	70
34.01	57
33.45	67
33.79	58
33.35	66
35.26	64
34.93	54
31.68	63
34.73	122
33	141
31.6	42
35.43	58
36.6	26
35.29	55
33.6	60
33.57	61
38.68	36
34	47
32.8	17
35.75	38
34.29	56
34.84	25
35.08	40
34.22	33
31.86	141
36.19	66
36.99	70
34.64	38
34.84	75
36.15	21
32.75	68
33.85	67
34.02	55
34.05	112
34.44	122
33.96	69
33.25	118
34.89	71
37.26	72
34.42	60
36.37	61
37.82	55
34.65	14
36.91	48
34.8	36
34.84	60
36.95	64
34.01	65
36.63	67
36.8	47
32.7	63
37.35	60
35.71	61
35.21	64
31.83	56
37.69	34
34.91	41
34.86	70
36.26	24
31.34	65
33.41	129
34.25	70
38.86	71
32.62	84
34.45	58
38.64	50
32.06	125
34.18	127
35.87	36
39.21	54
36.38	28
35.73	59
35.04	51
35.44	94
34.53	72
36.61	86
34.07	59
35	57
35.54	64
34.44	63
37.26	55
36.36	102
34.31	63
38.11	21
35.72	63
39.4	54
38.29	60
35.94	29
32.83	64
34.17	49
34.98	98
32.74	4
36.52	54
31.49	58
33.96	71
33.11	17
31.16	56
36.12	32
35.14	39
33.88	6
37.32	22
36.74	41
34.06	14
37.45	114
34	57
36.56	113
37.68	76
34.4	64
33.38	108
34.72	105
36.52	93
34.88	24
33.54	73
35.06	45
32.76	31
34.97	56
32.27	64
34.53	68
32.59	78
32.17	81
34.54	108
35.26	72
33.72	62
30.82	62
32.37	23
38.04	22
35.51	51
32.5	88
31.63	109
35.26	47
33.15	52
37.98	63
37.74	26
36.36	76
35.65	21
33.45	60
33.98	46
36.88	45
38.65	14
35.91	60
37.67	31
36.77	46
35.27	60
32.62	58
36.47	51
34.7	6
36.56	87
36.9	29
34.22	110
32.33	34
35.48	69
35.98	85
34.54	105
34.28	64
34	95
33.53	111
33.93	86
34.16	57
32.87	110
34.02	93
32.49	115
34.16	60
34.39	74
33.18	55
33.09	93
36.05	49
32	21
31.87	114
37.52	91
33.92	61
36.68	48
35.29	116
36.39	60
36.39	80
36.71	62
38.28	53
35.79	108
33.23	36
34.53	59
36.55	47
38.4	57
37.18	59
36.4	55
37.65	40
38.47	46
36.03	63
35.8	108
35.76	60
33.28	59
34.58	115
34.08	112
33.32	80
34.77	83
35.24	55
34.26	78
33.61	12
34.79	76
34.21	54
36.57	74
33.55	55
36.2	107
34.8	59
36.62	37
35.2	114
35.33	102
36.45	61
36.03	94
39.03	14
33.45	113
33.66	100
35.07	25
37.57	39
32.05	55
34.3	85
34.22	113
33.85	116
34.42	58
35.4	65
31.26	43
31.82	10
32.95	56
37.22	22
33.02	84
30.76	59
36.02	92
33.69	62
35.19	20
34.66	40
35.14	91
33.7	53
35.1	93
35.34	65
34.95	62
34.94	86
37.2	21
38.09	48
34.11	60
35.44	64
32.62	59
33.8	54
34.04	39
32.59	107
34.01	64
32.37	5
31.95	15
31.71	109
35.63	57
34.73	51
38.47	78
33.89	59
35.55	22
35.57	44
36.39	111
34.02	51
37.43	28
35.12	22
34.56	34
34.62	60
33.76	45
33.76	50
33.53	50
32.24	15
35.81	55
32.68	54
32.46	112
33.89	50
36.93	57
34.07	60
31.46	38
32.7	16
32.46	33
33.78	75
34.02	71
35.34	52
33.61	52
35.64	59
31.84	29
34.73	25
35.09	116
35.15	27
37.44	80
34.97	63
34.86	51
38.87	62
34.08	56
38.82	21
37.74	41
35.73	12
34.73	36
36.26	59
35.7	48
34.53	39
35.67	14
33.58	10
34.5	57
36.76	46
35.55	51
34.53	1
35.28	56
32.32	57
35.76	46
34.82	42
33.92	109
36.22	45
36.08	30
34.23	48
35	44
36.66	18
37.67	49
35.16	60
34.97	100
36.48	82
35.36	49
36.39	23
38.84	37
38.24	28
34.9	53
35.2	50
35.98	16
33.9	50
33	14
32.78	89
30.95	102
34.76	37
32.03	110
33.28	63
34.07	116
33.89	52
36.6	28
33.2	5
37.84	54
36	27
36.98	37
35.86	48
33.66	23
38.4	57
37.29	57
36.5	55
35.22	113
34.69	38
32.44	17
36.99	65
34.35	37
34.31	109
37.71	25
35.2	116
33.65	62
35.21	61
34.88	64
34.15	61
33.81	46
36.27	109
35.45	62
35.46	63
37.47	52
35.1	38
37.37	34
36.7	19
32.64	60
34.77	88
35.6	55
34.59	55
37.06	29
35.62	49
35.78	58
35.53	47
32.47	63
32.93	56
35.15	36
34.96	14
35.11	6
34.93	49
33.71	25
32.01	16
34.18	21
33.23	59
34.99	50
34.75	35
36.95	31
37.64	46
36.97	31
36.24	62
34.78	39
34.87	48
35.06	54
35.03	114
36.75	63
34.02	33
35.02	16
33.67	14
40.33	47
36.56	35
34.98	53
37.61	55
34.36	56
34.51	62
35.38	114
32.12	22
34.68	60
35.03	51
36.62	24
36.42	64
41.55	41
34.9	61
34.11	57
36.2	71
37.2	23
37.24	40
36.5	76
34.63	50
36.63	49
33.65	64
33.98	76
35.82	29
33.43	51
35.43	72
32.95	99
35.57	99
34.46	26
33.64	106
33.86	7
34.63	20
34.64	32
34.96	55
34.06	38
33.75	58
36.51	28
33.25	52
33.63	58
32.16	7
31.86	28
31.71	111
34.48	50
32.72	56
32.44	57
33.02	49
35.52	25
32	20
36.2	41
34.62	50
32.55	54
35.26	63
35.44	102
37.73	48
34.69	64
37.53	67
35.83	28
35.65	108
38.85	35
36.84	2
37.13	115
36.84	42
39.27	33
36.71	39
35.46	7
36.43	60
34.39	25
38.68	54
30.91	39
33.66	56
34.99	22
34.65	78
32.43	51
34.37	61
31.55	64
33.68	81
33.97	14
30.15	63
33.45	32
34.67	114
33.54	107
32.72	80
31.87	56
35.59	18
35.01	62
33.55	27
35.5	80
34.21	58
33.02	102
32.3	21
32.71	25
34.62	58
34.6	88
33.22	51
33.57	62
33.16	10
39.33	18
35.99	94
37.87	53
35.28	39
33.81	62
37.34	97
35.84	92
38.81	42
36.8	56
40.48	13
36.62	113
36.02	63
33.35	48
34.26	103
30.65	60
33	42
33.52	47
34.56	116
32.3	47
35.31	64
32.04	40
36.37	55
32.51	58
34.44	79
36.16	22
35.8	72
34.64	111
33.15	57
32.44	42
36.88	22
36.74	53
33.76	64
38.95	27
34.39	84
35.01	50
37	60
33.42	56
36.89	31
33.25	40
32.66	58
35.83	58
36.05	58
36.36	46
35.62	58
35.92	38
33.49	32
35.77	61
36.48	58
34.86	100
35.54	82
34.32	10
34.55	106
33.54	115
32.24	43
32.31	52
30.94	64
33.1	100
33.5	87
34.21	59
32.49	8
31.21	64
35.49	26
33.66	6
35.52	114
34.45	36
34.12	48
38.97	22
35.82	8
33.85	26
37.1	36
33.9	53
37.51	17
37.84	21
37.53	33
36.02	30
36.9	55
37.51	34
36.02	54
34.81	98
34.66	56
36.69	63
38.18	23
35.84	114
34.53	80
33.07	64
35.2	79
34.77	108
34.49	5
36.38	63
35.43	116
35.6	49
36.28	55
31.51	35
34.71	59
34.3	116
33.31	62
32.33	47
34.51	116
33.26	44
32.98	37
35.52	49
34.31	47
35.89	82
37.76	25
34.26	49
35.31	41
35.64	39
35.5	54
34.67	62
38.13	51
35	56
34.04	20
35.02	60
33.66	91
37.19	48
35.37	83
34.6	80
39.61	38
37.32	107
35.72	113
35.17	109
35.84	114
37.02	21
36.16	105
36.66	55
35.48	100
33.97	57
36.88	49
35.53	104
33.82	39
36.82	45
37.14	62
35.72	54
39.2	68
33.9	6
35.08	64
35.53	104
35.04	47
36.8	94
36.14	48
34.97	59
36.47	22
32.8	35
36.84	82
35.04	101
35.13	116
34.04	30
36.77	61
32.77	64
38.48	23
34.82	65
37	98
35.88	27
35.17	115
33.51	55
35.22	56
35.25	104
34.8	56
35.39	99
36.84	97
34.16	52
34.09	47
36.93	47
37.29	110
36.01	29
33.74	56
33.52	59
35.03	53
35.76	107
35.71	57
34.75	62
34.18	56
34.48	57
33.39	51
33.89	64
35.86	51
35.91	53
33.27	20
36.77	51
36.4	46
35.39	113
32.4	62
35.82	59
34.05	110
34.28	42
36.25	85
32.17	58
35.2	71
33.39	63
33.88	55
33.29	65
37.2	55
33.26	45
33.97	51
34.89	86
34.48	47
36.1	43
33.05	18
34.28	61
37.75	49
35.42	116
33.36	115
34.03	105
34.66	21
33.5	80
33.14	109
36.44	12
35.81	59
34.3	96
36.48	27
35.52	51
35.68	56
34.2	57
35.27	89
35.4	59
35.95	50
35.59	60
34.84	47
33.33	17
36.12	116
37.28	18
32.51	32
33.18	63
35.85	76
33.97	55
36.55	49
32.04	61
33.6	32
32.87	64
34	23
33.02	35
32.57	20
32.34	82
37.46	23
34.92	17
32.56	30
33.98	109
35.31	57
33.2	28
34.08	54
36.05	52
34.62	54
38.44	27
35.02	31
33.89	86
34.22	58
35.9	53
35.11	34
35.16	34
35.28	62
35.01	21
32.49	18
32.95	60
37.03	40
34.82	12
33.66	52
34.11	96
35.04	52
35.56	54
37.8	18
35.62	66
33.92	43
34.81	40
36.17	48
36.02	58
34.07	68
34.91	55
36.26	57
34	36
34.66	82
33.08	64
32.53	62
34.57	63
36.8	19
34.39	51
34.07	57
35.82	28
33.99	11
33.91	35
34.01	57
35.04	42
35.67	57
33.43	116
35.88	33
36.36	108
31.48	56
35.42	59
35.41	115
35.18	17
34.75	18
37.62	62
33.53	30
35.46	57
33.09	88
34.51	56
33.58	107
34.88	47
34.93	88
35.7	98
35.13	98
34.47	70
34.62	54
33.98	108
32.02	25
35.52	39
35.06	16
36.48	54
32.73	4
32.69	22
33.6	39
37.54	28
37.06	54
34.16	62
31.91	27
35.81	89
33.65	51
33.26	49
34.71	51
33.69	62
34.4	84
34.42	58
35	43
34.13	21
36.11	83
37.85	54
36.21	61
35.58	38
37.14	72
35.41	34
35.94	58
33.53	59
36	51
32.86	57
35.22	109
34.39	35
35.37	54
37.02	37
35.25	57
33.24	63
36.01	14
34.94	59
36.89	4
37.42	35
37.71	52
37	93
36.04	58
36.28	51
35.31	38
34.09	114
35.76	57
36.36	82
33.41	88
36.88	63
32.47	78
35.3	48
33.04	11
38.92	43
37.63	53
35.78	112
37.88	57
35.63	56
37.15	24
32.26	61
33.79	111
33.82	103
32.94	34
36	56
32.84	56
37.51	46
34.8	64
34.1	92
32.56	55
37.5	46
31.82	64
32.93	64
35.22	35
38.84	24
38.75	24
35.76	115
34.01	106
33.46	60
34.58	82
36.1	20
36.61	89
32.68	27
34.88	59
34.4	64
36.48	92
37.1	26
37.32	80
34.56	12
33.86	55
32.06	28
33.81	43
34.48	50
34.75	74
37.02	16
33.8	40
34.17	43
33.82	55
33.95	79
32.94	113
33.29	53
33.62	17
35.62	15
34.96	40
31.45	2
35.5	89
35.77	49
36.16	55
35.09	67
34.94	115
36.28	58
34.02	56
36.38	19
37.24	41
34.56	44
36.76	77
35.87	61
35.99	31
34.68	34
37.06	26
37	55
33.21	48
36.7	12
35.97	103
39.76	43
37.22	38
37.42	56
34.98	9
35.51	111
35.08	53
35.42	54
33.68	18
34.03	36
34.02	62
35.22	113
33.35	55
35.11	9
33.17	51
32.7	2
38.35	42
33.81	0
35.82	44
35.03	63
33.88	77
35.62	114
33.51	61
36.24	46
32.87	35
35.13	51
35.46	55
34.77	38
35.42	38
35	49
33.43	58
33.24	13
35.72	29
35.59	49
36.23	59
34.06	40
36.52	36
35.04	14
35.96	77
34.31	59
32.53	60
33.78	92
33.04	81
32.57	61
33.6	26
35.04	50
36.38	93
33.94	28
38.43	81
36.06	49
36.06	85
33.14	64
35.03	35
34.76	89
38.44	52
39.08	24
34.43	71
35.05	60
34.23	87
35.09	86
35.52	77
34.12	76
34.86	50
34.9	113
38.03	75
34.78	101
35.94	9
38.88	55
35.42	58
34.34	107
34.6	112
37.04	99
34.93	82
36.33	115
36.75	60
36.64	51
34.94	57
31.44	60
32.55	60
34.26	13
34.29	54
37.1	10
34.58	15
33.2	50
32.32	54
35.7	114
33.31	87
33.63	99
34	67
34.35	27
37.46	47
34.06	62
33.17	34
35.28	60
33.3	66
33.31	116
35.52	68
33.33	61
36.14	2
34.53	50
36.93	15
35.83	76
36.46	49
33.02	47
36.3	115
34.44	105
38.75	51
38.57	58
36.63	56
38.66	37
37.88	81
33.68	59
36.31	61
36.32	104
33.84	64
36.13	61
33.49	16
32.61	62
33.23	75
34.57	40
35.17	53
33.49	93
35.03	84
35.64	36
34.19	82
33.42	24
35.6	22
33.73	54
33.6	100
33.8	57
35.59	18
34.53	52
30.75	52
32.29	50
30.76	57
35.08	61
33.16	79
34.86	50
36.19	56
35.5	109
37.02	22
34.15	110
36.28	30
35.24	49
34.62	51
36.11	23
32.67	53
35.14	105
32.66	62
35.27	82
33.4	64
33.74	37
32.62	108
33.28	44
38.86	21
32.53	51
32.08	60
35.29	71
34.07	33
33.77	43
36.48	48
33.4	56
36.89	16
34.52	57
32.33	55
32.02	57
37.48	55
32.8	28
34.99	91
32.44	57
34.57	51
34.22	49
32.33	21
34.34	43
31.66	29
34.34	27
34.98	7
33.98	92
33.76	10
34.6	116
34.45	113
34.19	94
41.3	43
33.44	30
32.41	34
33.25	37
36.75	52
34.8	60
39.75	27
34.93	104
37	61
32.8	58
36.57	54
34.26	116
35.95	59
34.53	48
34.35	22
35.14	114
35.83	61
35.42	53
33.2	55
37.87	32
37.73	70
35.95	111
38.9	52
35.25	110
35.84	51
38.28	25
37.96	67
36.53	76
35.49	20
38.24	49
37.17	32
34.08	58
34.48	26
35.67	55
32.79	96
33.62	43
33.21	20
31.93	95
32.6	36
33.04	57
33.7	110
34.1	112
34	53
32.88	94
34.46	94
32.06	112
33.75	62
36.33	16
33.15	55
36.13	7
30.64	50
33.69	21
33.6	43
33.84	105
32.77	45
34.87	42
33.16	12
35.71	33
36.03	32
35.44	49
33.99	106
33.01	56
35.01	98
37.02	43
36.15	30
34.25	36
33.76	37
32.55	63
33.09	63
35.15	44
35.51	20
35.47	85
34.4	88
35.81	39
30.35	18
34.49	85
30.21	13
33.1	102
33.48	45
34.06	106
32.31	64
30.56	54
35.98	17
33.61	104
32.67	99
34.26	58
33.11	64
32.42	57
32.28	22
35.33	45
37.3	24
34.6	12
31.02	25
37.08	21
34.48	52
34.95	102
36.3	54
35.89	103
34.5	58
35.48	113
35.26	101
34.72	74
37.5	90
36.01	61
37.03	57
36.45	110
36.06	16
37.94	41
37.94	34
37.51	25
39.94	50
37.17	52
36.94	81
35.95	107
33.51	41
34.34	51
33.73	56
34.34	63
35.68	51
36.05	41
35.15	49
34.85	35
33.88	25
34.17	1
36.51	44
34.26	107
35.56	12
33.01	13
32.61	26
34.41	61
36.63	62
35.15	71
36.57	23
33.92	106
33.95	90
33.52	55
35.32	51
35.9	25
34.3	48
34.9	54
33.8	4
34.66	56
35.28	88
36.38	28
32.75	58
34.71	63
34.77	58
34.05	64
33.83	59
36.28	49
34.76	63
33.67	44
34.51	52
39.35	18
38.67	60
35.02	52
35.71	50
34.36	81
38.95	50
37.5	33
34.42	55
36.53	57
36.55	56
34.99	63
32.49	64
33.78	61
31.28	58
33.07	98
32.56	92
35.64	63
35.03	53
37.33	31
32.24	9
37.52	57
35.89	116
36.34	52
36.88	35
35.65	115
36.87	37
37.03	58
37.25	40
37.77	64
38.39	54
37.33	53
34.55	59
33.12	55
33.57	52
35.08	38
34.76	38
34.22	19
32.19	64
33.52	83
34.36	84
35.71	14
33.4	62
35.17	56
36.17	84
39.08	45
34.78	53
36.23	48
35.45	108
34.74	24
33.42	58
35.32	111
36.13	18
39.4	59
34.47	97
37.53	22
35.44	24
36.81	24
34.42	55
35.24	112
36.77	38
33.56	44
32.15	63
32.95	27
37.15	54
31.58	113
34.88	39
32.96	114
33.83	24
34.4	27
35.75	60
37.52	43
35.34	80
33.34	64
34.21	62
36.18	52
34.84	71
34.48	51
35.4	102
35.07	26
35.24	31
32.83	18
34.07	108
34.31	56
35.5	48
34.14	5
37.2	45
36.58	27
33.17	116
33.64	63
35.37	71
37.02	62
34.33	55
35.09	72
36.09	94
37.26	28
36.72	91
35.76	59
35.87	19
38.66	38
39.74	45
37.93	36
37.13	64
36.55	113
36.1	110
36.25	62
37.36	59
36.49	89
36.29	44
37.01	105
37.67	109
35.44	60
35.02	62
37.19	62
35.48	113
34.12	63
35.59	85
36.18	104
35.79	94
38.02	53
36.85	67
37.45	57
37.13	65
35.47	86
37.6	41
35.28	105
36.15	55
35.33	64
34.63	19
34.67	61
32.84	64
37.02	52
37.68	64
36.97	45
33.29	50
35.29	33
38.84	7
36.69	37
35.82	38
35.33	35
36.36	33
38.16	48
35.17	57
35.74	35
35.07	90
34.82	16
34.72	100
34.3	48
35.65	95
38.4	63
37.42	59
34.77	58
35.93	88
35.5	41
37.17	61
35.23	7
35.57	113
35.79	60
37.05	50
35.06	60
37.68	16
35.16	67
34.06	37
34.91	100
34.62	58
33.62	43
35.05	64
36.46	16
36.12	36
37.73	9
33.75	59
34.66	60
34.93	15
35.44	45
34.77	96
34.78	115
38.57	24
37.73	44
38.61	101
36.6	50
35.84	75
37.5	21
33.58	59
33.65	109
32.13	31
34.93	58
34.49	116
34.02	45
33.96	106
34.48	36
34.41	42
35.12	56
36.57	28
33.6	6
34.42	89
34.51	27
35.46	64
35.33	55
33.91	47
35.44	64
33.53	53
34.58	27
33.47	41
34.9	53
34.76	63
36.02	29
36.3	51
33.93	57
32.83	33
34.03	61
34.48	59
35.92	77
34.15	54
35.29	33
34.04	80
35.17	109
33.79	59
34.3	60
34.4	55
34.65	107
34.55	7
38.77	62
36.82	66
36.31	50
37.75	68
38.07	48
36.37	12
37.77	53
36.51	70
38.66	72
37.53	31
34.07	62
35.26	107
37.98	37
36.48	27
34.69	108
36.35	40
36.56	25
33.06	57
35.86	103
38.18	21
40.31	44
36.53	34
37.87	110
34.52	9
36.59	58
35.15	14
36.68	78
34.5	95
36.08	59
37.68	82
35.91	44
34.52	59
32.96	32
33.51	61
34.27	55
35.7	32
36.6	49
33.95	60
31.38	52
34.11	54
35.64	60
36.28	64
35.57	28
37.18	103
38.68	51
34.82	47
35.35	62
36.38	60
36.69	49
38.16	54
35.27	102
34.63	106
34.96	40
37.35	33
37.6	53
32.75	58
35.64	54
35.26	41
34.75	5
37.37	55
36.73	64
37.05	57
35.95	106
35.51	96
35.72	20
36.54	100
34.98	113
35.81	69
36.07	81
34.45	12
35.59	81
32.11	63
35.13	58
35.26	104
33.82	12
34.35	45
35.03	89
35.42	21
34.33	63
34.93	53
34.8	58
36.6	66
35.17	60
37.92	53
35.54	34
35.29	27
35.3	88
36.52	49
34.02	58
37.95	37
38.6	76
37.75	53
33.69	52
40.08	48
37.79	44
35.09	63
37.05	62
36.59	57
36.62	84
35.33	64
35.66	100
35.86	48
36.27	63
36.67	56
35.55	40
36.58	65
38.02	31
35.8	47
33.53	64
35.39	56
38.45	104
34.86	55
36.54	113
36.53	49
36.26	103
36.05	70
35.48	39
34.46	62
35.05	97
35.31	47
35.35	64
35.78	46
33.43	56
35.11	60
35.98	39
37.66	30
31.64	37
36.13	63
33.51	58
35.14	56
39.71	45
36.31	7
36.92	13
33.31	46
38.99	49
34.03	18
35.35	60
37.02	57
34.82	53
40.24	40
35.79	72
34.44	50
35.54	49
34.8	110
36.61	51
35.55	109
35.55	109
35.11	26
33.5	74
33.71	73
32.44	42
34.6	16
33.18	28
31.82	34
32.67	40
33.18	69
33.97	108
36.26	34
34.55	62
32.87	97
35.36	33
33.44	5
34.8	60
36.68	35
37.04	82
34.31	44
36.18	48
37	115
34.89	27
34.39	66
36.03	90
36.06	56
34.7	56
39.2	32
40.88	41
36.07	42
37.89	59
37.02	16
34.57	55
32.7	57
35.68	36
35.61	43
37.63	46
35.15	115
35.91	60
35.44	79
35.21	38
35.95	59
31.88	60
38.84	44
39.3	24
34.86	52
33.06	63
35.68	58
34.57	60
36.04	51
33.41	34
34.58	55
35.03	66
32.95	52
34.67	42
36.08	33
35.64	61
36.28	38
37.67	89
36.15	38
34.75	43
37.38	110
37.01	39
36.68	74
31.57	49
32.19	1
33.82	21
32.76	33
31.97	64
33.55	52
34.87	44
36.02	22
32.72	72
33.52	31
32.55	31
35.26	115
32.49	116
37.11	74
37	27
33.51	58
36.89	18
34.02	55
35.44	109
33.88	72
34.13	106
34.19	86
37.79	61
35.45	115
36.94	50
34.56	64
34.71	50
37.41	46
34.97	84
34.08	110
34.31	103
33.66	58
35.03	78
32.46	63
30.78	19
32.76	94
33.28	43
32.26	15
33.98	92
31.02	30
37.3	52
37.4	36
34.9	54
34.7	47
39.4	31
35.35	98
34.99	39
35.44	17
36.91	86
33.71	50
35.26	52
34.89	49
32.65	5
32.6	56
36.17	62
33.81	39
37.03	50
33.62	55
35.15	63
33.45	27
33.48	43
33.51	57
35.27	71
30.88	21
33.25	52
33.33	53
31.19	18
32.58	82
33.93	62
35.03	54
36.72	91
35.51	47
35.27	58
32.64	60
35.13	55
35.26	24
35.03	61
35.67	113
35.12	110
34.94	70
36.37	24
33.84	36
36.34	54
33.26	110
33.1	64
33.82	76
34.08	63
31.74	62
34.9	106
34.31	77
34.43	94
35.7	98
36.1	84
36.04	53
33.91	49
36.14	104
37.44	44
35.31	99
36.35	40
35.98	36
34.93	49
36.6	95
33.45	56
35.81	103
36.07	111
36.42	67
35.56	35
36.32	39
36.42	58
35.24	46
33.58	32
36.17	44
33.28	32
32.9	53
33.49	52
34.68	105
37.43	63
35.09	86
31.95	13
35.18	49
36.11	97
34.86	82
36.24	62
37.04	90
34.84	57
34.42	50
35.62	18
36.15	52
38.31	38
35.8	39
33.09	43
35.14	55
33.36	58
36.01	26
34.48	41
35.37	48
34.65	99
32.97	55
32.82	35
35.17	57
33.95	53
34.77	62
37.08	40
38.6	49
36.63	44
37.3	60
34.69	11
35.84	46
35.62	56
34.28	55
36.21	29
35.18	32
34.61	55
35.56	58
36.2	58
35.35	53
33.53	55
33.4	55
34.46	53
35.43	19
33.34	12
36.29	115
35.81	45
37.29	45
33.86	61
35.53	92
36.73	38
35.31	33
35.93	13
36.65	56
33.97	59
37.15	44
34.91	55
35.37	47
34.87	33
33.76	57
32.76	101
35	84
36.54	27
33.57	30
34.24	115
32.44	73
35.33	32
36.82	10
33.17	42
33.38	90
34.62	82
33.46	3
33.33	18
34.88	107
36.77	63
36.93	39
33.28	58
32.2	57
34.79	49
37.54	48
34.48	54
34.75	35
35.42	115
35.97	107
35.68	116
35.15	22
35.93	17
34.03	42
33.33	61
34.67	36
34.65	111
34.93	52
34.51	54
34.51	89
34.29	60
35.38	107
34.73	8
33.62	24
35.86	52
34.19	64
32.98	115
34.82	30
34.93	38
35.26	26
33.98	37
35.4	72
35.49	99
33.57	26
36.7	86
33.75	61
35.43	57
34.72	52
32.91	43
36.95	60
33.75	64
35.04	29
35.15	58
37.35	55
34.93	12
35.35	52
35.53	44
36.23	101
34.44	33
34.57	62
33.98	104
32.97	58
37.08	49
34.72	57
34.84	41
34.8	43
36.71	72
33.68	57
35.56	44
32.73	0
32.6	0
34.48	25
37.24	62
35.93	102
33.62	116
35.69	17
34.02	43
35.13	47
34	108
36.38	53
36.87	52
35.57	42
34.28	112
34.21	105
34.28	18
38.58	39
33.2	31
31.18	1
36.97	44
33.99	61
33.48	58
34.04	58
33.31	52
32.9	54
35.13	35
34.14	111
36.64	35
37.4	20
36.2	54
34.48	51
36.33	20
32.57	43
35.34	33
34.75	45
35.72	54
35.47	41
37.01	110
34.47	64
34.15	31
35.6	47
34.53	109
35.29	112
35.1	50
34.22	12
34.75	47
35.87	36
36.48	109
33.84	64
32.93	35
36.37	27
34.55	63
38.69	27
36.65	45
35.19	99
37.11	97
35.79	92
35.46	108
36.97	37
34.58	59
35.19	111
38.08	51
33.06	47
34.22	56
36.36	98
37.69	60
36.72	40
35.02	53
34.77	113
37.61	41
34.4	70
35.28	62
38.17	52
34.06	49
35.69	12
33.1	60
37.64	63
36	28
34.6	60
35.08	32
31.11	64
34.15	36
31.91	115
32.97	45
34.88	111
35.38	76
34.11	61
33.45	30
34.11	53
33.05	26
35.89	83
35.91	45
37.98	39
33.76	69
38.44	36
35.22	54
36.21	57
33.8	64
35.08	61
37.35	60
36.51	54
33.98	104
34.03	59
33.5	87
34.42	112
33.37	56
34.08	63
33.13	21
33.86	65
35.65	91
34.25	113
34.86	39
31.6	49
35.59	91
30.96	4
33.31	110
31.71	45
33.46	63
32.56	19
33.57	13
37.66	20
35.69	37
35.13	54
37.24	42
36.07	102
35.46	74
37.48	57
36.73	48
33.37	42
36.46	26
36.63	52
36.18	63
34.97	40
35.78	98
34.26	62
36.33	61
37.24	32
36.7	112
36.89	93
35.98	115
35.23	55
36.48	40
37.02	45
35.52	93
37.04	35
35.39	115
34	16
33.89	63
34.95	116
34.18	65
32.16	14
36.53	87
35.96	20
33.67	49
33.47	26
35.1	20
32.68	57
33.12	50
33.26	47
33.1	50
31.51	63
30.88	14
36.2	17
32.6	61
34.94	54
33.27	12
33.27	12
33.2	12
32.19	23
32.18	7
35.03	84
32.85	17
33.91	69
32.42	92
33.91	109
36.24	56
34.03	33
33.73	72
34.44	62
35.36	21
32.96	20
33.37	21
35.74	36
38.12	60
35.57	27
35.36	39
33.48	48
36.1	28
33.62	59
37.46	102
33.02	62
34.08	24
34.37	84
33.71	22
32.96	22
34.15	57
34.71	59
34.95	9
36.31	20
33.88	31
30.7	64
33	53
34.63	60
33.4	54
34.76	79
33.8	38
31.68	64
33.38	115
34.13	89
34.93	56
30.02	15
31.05	62
33.5	116
32.57	45
33.16	53
35.42	97
34.48	60
35.92	1
37.96	11
33.11	64
34.84	22
33.38	53
35.27	89
34.8	28
35.23	76
33.84	56
32.88	28
34.34	98
36.84	47
36.51	47
34.41	31
34.4	12
34.25	45
35.52	108
35.76	13
35.63	77
36.78	62
35.06	60
37.23	35
36.45	6
35.1	13
34.04	56
35.5	44
36.65	35
34.44	7
37.32	27
37.27	49
34.93	60
37.28	38
35.99	26
34.38	86
35.51	54
34.86	40
34.97	95
34.85	31
34.19	77
35.73	56
36.46	2
34.01	98
34	100
35.38	64
100	0
34.97	42
36.59	45
37.46	45
36.93	13
35.63	59
35.81	48
35.74	114
37.46	47
35.87	52
36.06	62
37.53	40
33.69	60
32.87	44
35.74	0
32.88	34
33.94	32
35.08	81
33.28	58
37.19	63
35.6	47
33.24	63
32.67	60
36.23	47
35.96	58
36.5	114
36.28	22
35.67	34
35.16	79
33.92	62
37.34	29
34.57	64
35.48	61
36.06	76
34.78	90
35.46	47
38.51	63
38.42	43
35.64	104
30.77	7
33.71	108
34.95	57
33.88	23
33.88	15
35.68	50
35.11	20
33.87	94
35.25	52
37.35	44
33.82	60
33.6	50
34.67	82
34.45	64
37.97	25
35.17	48
31.97	10
32.27	32
32.73	48
35.38	62
31.34	50
34.46	54
35.28	48
32.59	58
34.86	28
34.47	51
33.65	60
33.83	28
34.99	71
32.37	24
33.53	18
36.3	36
36.93	11
36.38	58
34.59	36
34.17	54
34.83	34
32.77	23
34.61	18
34.21	39
34.52	71
32.87	113
32.56	64
33.52	32
34.43	40
35.6	48
34.31	54
34.51	64
34.17	92
33.93	32
35.05	60
34.71	84
32.52	100
33.88	72
37.12	55
34.4	80
32.62	60
35.42	50
33.99	114
33.62	32
32.24	58
32.92	95
33.4	62
35.21	107
36.23	102
34.04	108
33.73	44
34.2	36
32.84	62
36.13	73
33.98	31
36.06	21
33.04	23
33.58	40
35.6	46
34.31	41
34.31	12
35.56	106
32.6	14
34.96	104
33.95	98
35.45	33
37.25	39
38.62	64
38.99	26
36.55	63
34.16	41
35.28	86
34.97	93
35.91	100
35.71	59
34.32	73
36	96
33.92	114
35.1	49
35.02	99
32.51	63
38.1	56
35.66	85
35.03	8
35.71	30
35.69	71
33.57	79
32.6	58
34.99	32
36.79	20
33.91	60
36.69	34
33.62	35
36.26	30
34.18	43
36.24	51
37.84	34
35.5	67
34.53	106
35.31	27
34.64	52
34.26	63
32.94	57
31.73	31
35.69	50
31.37	64
35.37	37
35.49	69
32	53
32.51	58
34.07	60
33.13	84
35.46	23
34.1	28
32.79	62
34.79	105
34.57	36
35.68	56
33.12	105
33.09	58
35.25	98
35.27	105
33.53	53
35.93	95
34.8	15
35.1	27
35.59	51
35.16	54
35.6	91
33.42	58
33.8	43
34.18	85
35.01	28
32.61	107
35.69	50
33.21	99
33.98	28
35.32	37
35.17	69
32.04	53
32.51	58
34.07	60
33.1	84
35.46	23
35.31	55
36.36	105
36.9	10
35.37	62
33.82	64
34.21	60
32.07	6
35.67	49
36.79	19
35.48	46
33.53	42
33.7	58
39.59	44
35.66	0
35.5	31
32.86	36
35.24	46
34.17	60
31.71	52
34.8	66
37.44	66
37.8	107
37.31	115
34.08	113
37.41	61
35.62	51
37.65	50
37.44	82
35.06	42
40.36	46
34.11	60
38.25	78
35.55	114
38.77	74
35.17	114
37.33	59
34.64	94
37.46	46
36.11	26
37.47	53
37.17	13
34.36	23
34.39	35
33.04	58
33.73	23
33.02	47
33.6	112
34.75	59
34.57	47
34.24	78
34.29	115
33.44	5
33.77	56
35.69	107
34.59	17
33.21	48
35.77	97
32.81	57
33.68	109
34.18	75
33.6	59
35.47	95
34.8	52
38.04	63
35.64	107
36.06	48
32.89	51
35.33	79
34.33	60
33.84	64
37.11	78
34.44	61
34.34	62
37.05	81
35.75	113
36.02	114
33.11	53
34.62	52
33.81	63
35.27	33
36.35	44
33.96	60
35.67	43
33.8	58
34.49	60
34.54	114
32.78	48
35.74	74
33.64	100
36.67	46
34.04	23
38.46	55
33.93	45
34.52	64
35.13	89
36.33	30
36.01	44
39.86	69
36.41	84
34.84	66
36.46	41
36.61	102
39.22	50
38.12	20
35.86	33
35.1	37
36.05	44
37.44	42
33.82	96
38.75	43
33.6	113
35.81	56
34.6	109
35.96	58
36.36	26
35.24	14
35	72
37.51	29
35.08	71
33.2	49
36.67	60
36.07	58
36.62	53
31.86	36
36.27	70
34.65	115
36.22	97
35.31	62
35.96	62
35.46	63
35.71	86
34.66	111
38.51	108
35.4	46
34.25	60
39.19	31
37.14	69
35.3	24
35.91	63
36.94	94
33.88	60
36.72	78
35.65	77
36.62	62
35.88	106
36.24	81
35	112
37.24	63
33.71	57
33.99	99
36.4	97
39.4	3
34.85	76
35.24	40
36.15	41
36.14	89
37.38	25
34.38	35
35.49	60
35.5	88
32.44	62
37.41	44
35.62	42
33.27	14
37.35	57
34.97	47
35.61	65
34.99	34
31.94	7
35.14	92
35.19	62
37.93	34
35.75	111
37.84	81
34.34	86
35.3	106
35.52	69
37.07	86
37.95	50
37.67	43
32.91	50
33.03	54
33.32	34
35.47	43
32.78	65
34.33	92
35.47	43
35.47	43
34.75	62
35.47	43
35.74	82
39.52	23
36.52	39
38.72	51
34.63	60
35.85	80
35.8	64
32.72	64
36.6	42
34.81	57
33.75	88
33.53	35
35.34	31
34.91	55
34.07	56
35.64	58
36.33	48
34.59	44
32.64	60
36.1	32
34.85	55
33.51	11
37.73	31
37.62	59
35.17	45
39.54	14
36.01	54
41.48	42
37.57	48
35	51
34.32	84
33.54	56
36.88	25
34.86	32
36.3	11
36.51	19
33.79	90
34.8	48
34.7	40
34.01	7
34.19	79
35.67	32
35	59
35.08	63
35.44	55
35.24	63
35.89	47
38.06	43
36.53	41
33.76	4
36.55	63
36.57	83
37.2	38
35.51	75
35.31	108
34.95	35
35.38	35
39.95	44
36.94	34
36.08	25
33.24	53
35.94	92
33.28	58
31.48	62
33.75	62
33.86	58
31.57	44
33.2	72
36.47	32
33.95	60
33.73	81
36.2	53
33.73	54
38.35	60
36.56	55
31.74	8
36.51	94
35.08	60
37.2	19
34.98	113
34.92	107
36.29	12
35.56	116
35.67	109
36.51	83
34.18	101
37.56	77
34.15	49
35.17	28
33.1	56
36.39	63
34.21	51
34.88	84
35.41	54
35.86	21
30.38	34
33.05	54
34.04	36
35.88	46
37.48	60
35.17	48
34.23	50
33.25	64
33.7	54
32.33	56
34.49	53
33.86	19
34.62	20
35.05	115
33.39	95
35.61	99
39.57	38
35.17	50
37.27	55
37.03	50
38.1	105
38.39	24
35.82	64
37.14	103
40.1	25
34.64	15
36.16	42
37.41	23
36.13	96
35.34	64
36.19	50
37.91	47
38.91	29
34.69	85
34.37	82
33.01	108
35.06	16
34.62	54
33.14	39
33.83	24
33.11	20
37.08	28
32.86	53
38.35	27
35.98	54
32.65	99
35.11	16
33	108
35.64	54
31.22	5
30.63	57
32.62	20
33.09	26
31.6	62
34.62	54
34.65	57
34.31	29
35.41	27
33.55	56
34.35	61
36.96	60
35.36	45
33.94	62
33.76	58
33.78	46
32.97	95
37.12	33
36.1	82
35.01	53
35.78	55
35.59	41
34.62	88
33.46	60
36.59	29
35.62	87
32.48	58
33.53	42
34.73	85
36.41	23
34.94	61
34.8	51
32.17	38
32.77	38
34.37	52
35.18	41
36.59	49
32.86	57
34.08	28
34.31	53
35.68	24
31.72	20
35.74	81
34.54	77
34.46	43
32.91	56
33.84	47
35.34	40
34.66	16
35.34	104
34.67	62
32.29	63
34.04	81
34.54	60
33.84	45
34.28	114
35.95	59
32.21	63
34.28	58
34.61	85
35.92	20
33.65	61
35.61	51
33.6	42
35.5	52
33.08	100
33.65	95
36.31	38
35.35	57
35.62	54
34.4	94
34.07	109
33.6	35
36.14	48
31.39	63
35.88	43
34.62	60
36.46	56
32.17	115
33.65	52
33.09	104
31.73	56
34.88	66
32.84	87
34.7	28
33.34	44
36.03	41
35.86	55
35.19	40
34.07	54
35.73	37
34.87	51
35.56	62
34.17	18
34.16	50
35.5	99
35.2	39
37.73	79
35.54	88
36.11	61
36.4	59
35.3	81
34.28	37
36.79	23
34.87	21
35.55	15
33.08	5
32.95	24
35.15	19
33.43	30
32.93	82
33.22	63
35.31	78
33.75	71
33.32	69
33.56	14
33.33	60
32.79	48
33.84	51
37.92	24
36.18	20
33.24	63
34.64	61
32.7	64
32.88	57
36.62	27
33	19
32.98	58
33.31	104
34.49	51
35.05	67
34.64	57
35.63	52
35.14	22
33.06	64
34.75	28
35.28	48
32.7	61
32.74	24
34.73	91
32.59	58
36.39	21
33.66	49
33.45	84
34.57	52
34	64
31.91	60
35.05	89
35.96	13
34.54	55
37.02	61
35.26	60
32.97	26
34.66	45
35.42	27
35.57	93
36.04	52
35.47	50
36.68	57
36.17	116
37.99	38
36.88	9
37.83	73
36.01	114
37.28	52
35.54	86
35.47	57
35.3	91
34.51	74
32.53	54
34.38	42
38.53	62
39.54	4
34.26	51
33.9	26
35.51	53
36	112
38.13	43
36.14	56
37.73	64
37.32	102
35.03	61
36.97	62
36.14	83
34.36	96
33.39	88
32.43	106
32.66	57
33.06	49
34.6	34
34.68	64
32.46	110
32.64	8
33.98	101
34.91	49
39.06	31
37.25	24
35.2	59
34.37	63
34.71	79
32.73	29
33.74	57
32.51	57
35.72	78
36.92	21
37.92	43
36.56	67
37.11	15
36.99	20
34.6	58
35.11	17
36.11	111
36.36	93
36.95	44
36.3	39
34.93	49
33.73	52
34.15	110
33.93	64
34.34	95
34.03	73
33.97	105
33.59	107
33.71	58
33.25	12
35.91	30
31.06	64
32.63	27
36.93	22
34.77	83
34.22	58
34.68	114
32.57	16
33.77	100
36.02	60
36.31	25
37.26	97
37.8	61
36	55
35.97	70
36.52	54
35.65	46
38.15	81
36.08	74
36.38	56
36.41	12
36.91	90
34.53	25
32.33	52
34.91	38
35.76	31
32.14	58
36.03	28
32.36	61
33.79	72
33.8	47
35.06	101
34.82	53
32.89	108
34.52	102
35.86	20
32.73	63
37.42	53
33.01	16
32.58	37
32.93	55
35.17	83
35.64	105
33.81	14
34.02	1
32.45	62
32.09	109
36.68	52
35.15	74
34.66	91
36.97	59
35.94	108
36.24	67
35.05	113
34.68	44
33	57
33.77	114
31.9	56
34.11	63
32.77	64
32.26	55
33.49	37
31.22	61
33.87	54
35.52	30
34.36	105
31.06	38
34.31	52
33.53	43
33.72	9
31.83	57
34.25	49
31.52	26
34.18	82
35.54	57
33.24	112
33	22
34.06	45
34.62	49
30.93	60
32	59
36.09	22
38.86	40
32.95	90
34.59	77
33.86	16
32.85	76
33.5	107
32.37	59
36.13	42
36.84	56
38.43	64
36.76	106
39.89	64
39.76	54
37.22	59
40.18	17
37.28	46
35.97	77
31.26	64
32.15	17
32.26	104
33.95	20
33.29	80
34.7	16
36.61	59
34.18	60
33.24	63
32.72	100
34.79	34
34.43	77
36.07	81
34.07	56
32.94	12
34.3	21
35.43	56
35.43	56
34.72	47
37.51	48
35.58	63
34.43	62
35.15	58
37.28	61
36.95	87
36.51	71
36.63	29
36.95	66
34.11	60
36.54	41
32.57	58
37.1	28
35.36	49
35.56	33
34.44	55
33.46	34
35.5	78
34.35	104
35.18	87
31.82	60
34.52	17
34.42	34
38.04	18
37	50
34.05	103
35.07	56
35.2	89
34.03	104
34.03	52
34.95	59
35.6	116
34.64	30
36.78	44
35.06	106
34.73	63
31.7	58
34.46	96
36.88	54
32.95	62
34.4	48
34.77	47
36.19	50
33.68	87
32.37	23
32.22	12
34.57	58
34.33	31
31.3	10
33.61	94
34.89	102
35.42	52
32.8	61
34.71	56
34.32	39
33.23	42
34.01	61
32.92	27
34.96	69
33.61	58
31.99	17
36.44	25
34.43	47
37.78	33
36.06	17
34.87	24
35.27	57
34.12	100
37.77	19
35.5	76
35.09	82
33.28	43
33.61	108
32.45	29
31.34	34
33.25	114
33.03	73
33.11	39
35.77	64
32.53	61
32.94	96
36.55	42
34.53	22
41.17	42
38.08	40
37.82	51
35.6	12
34.58	63
37.41	33
35.28	35
34.05	40
33.14	39
32.81	101
37.61	43
36	50
37.68	58
33.38	112
33.71	46
35.96	28
34.07	30
32.6	63
36.06	104
34.61	63
35.48	63
34.41	106
35.81	77
32.62	54
37.41	68
35.03	62
35.15	61
36	54
35.66	35
34.16	45
34.02	38
33.61	76
33.64	33
34.16	45
37.48	19
33.61	95
34.4	72
34.15	27
34.64	48
35.93	54
34.74	24
35.46	35
35.97	92
37	44
35.93	51
34.38	105
34.21	21
35.51	13
34	4
35.31	4
33.87	76
34.72	33
32.24	13
36.48	46
35.22	56
37.75	57
31.65	62
32.91	56
37.46	55
35.17	62
33.9	51
38.65	31
38.15	43
36.07	63
35.97	54
36.4	63
37.05	24
35.04	59
35.29	15
33.31	14
34.97	60
33.48	80
35.51	82
36.09	55
35.54	49
31.73	61
34.68	60
33.56	58
33.9	64
36.97	41
36.56	87
33.68	31
34.39	89
35.15	12
34.06	57
34.97	112
35.1	114
34.45	87
33.35	44
36.11	54
35.95	55
34.89	73
33.45	53
35.73	37
35.39	7
32.85	60
32.95	64
39.9	37
36.1	54
34.7	57
36.94	59
35.12	75
35	62
35.62	110
33.99	35
36.44	96
35.95	52
33.46	50
37.44	40
35.55	21
35.29	27
33.02	63
35.44	27
32.82	58
35.22	114
36.3	63
35.57	84
36.63	55
35.75	49
34.9	89
35.36	104
34.91	101
37.75	46
36.34	85
34.49	110
36.91	71
34.73	54
34.69	62
41.1	43
37.4	48
37.45	19
33.85	61
35.35	56
37.28	29
36.51	108
35.73	51
36.28	46
32.79	56
36.22	53
36.27	31
33.97	64
36.68	64
37.42	52
37.03	48
37.25	28
36.04	51
36.19	33
37.48	58
35.72	16
35	42
34.6	40
33.77	15
36.76	45
34.92	80
37.4	28
34.3	105
37.54	30
34.13	64
35.17	71
34.13	43
32.96	19
37.54	52
37.26	16
31.4	55
34.32	52
32.55	54
34.34	54
32.04	57
34.53	56
33.32	42
32.2	7
35.95	55
36.59	78
33.02	50
33.53	54
33.82	103
33.61	115
32.93	32
33.22	61
32.06	16
33.44	25
33.38	39
32.77	48
32.47	79
33.25	87
33.23	44
37.53	24
34.93	52
37.13	18
36.88	16
33.95	21
34.15	108
34.83	58
36.39	25
34.58	24
34.82	58
35.01	43
35.08	47
33.62	94
33.16	51
32.46	4
35.3	62
33.51	107
35.05	78
35.38	82
33.79	82
33.71	49
34.6	75
35.11	47
35.6	13
32.92	64
35.79	49
34.62	51
37.19	33
35.13	41
33.67	48
33.04	64
37.3	50
34.13	51
36.16	73
33.44	59
33.44	106
34.5	39
35.92	82
38.27	21
36.46	49
36.83	46
33.67	83
32.97	87
33.94	57
34.06	63
32.88	55
35.76	75
33.04	45
36.16	45
34.88	56
32.28	43
31.88	31
35.15	87
34.26	3
36.47	47
34.71	16
33.21	30
34.71	15
34.85	87
35.61	54
36.54	36
34.72	56
35.39	65
34.91	89
38.36	20
35.86	48
33.4	34
35.97	61
33.29	56
34.13	17
34.89	58
34.52	72
35.82	50
36.6	56
37	37
36.84	54
37.15	51
36.62	92
38.22	29
34.25	56
35.8	116
33.86	55
33.78	59
36.31	102
35.54	23
37.11	56
35.25	64
41.7	62
35.52	80
36.48	62
35.5	61
37.24	43
34.82	86
35.47	55
36.55	40
35.99	51
34.13	18
34.29	110
33.72	107
32.05	9
33.86	95
34.2	74
37.33	63
34.91	59
35.43	49
36.72	52
38.82	23
36.93	42
36.2	5
33.72	57
36.13	70
37.1	100
35.39	71
33.19	7
33.2	95
37.44	18
32.76	11
31.12	59
34.54	90
34.7	32
32.73	43
31	64
32.95	86
32.14	47
34.8	100
33.42	64
34.35	103
35.51	65
32.7	56
33.67	53
37.23	46
34.28	104
33.52	59
33.86	54
32.93	56
32.73	57
31.21	25
35.17	23
34.5	15
31.53	104
35.84	53
31.49	56
36.51	35
33.02	72
36.49	28
32.81	37
35.07	110
33.92	86
35.46	49
36.23	92
35.1	50
36.4	62
35.23	58
33.62	47
36.46	57
33.93	60
34.29	109
36.7	63
37.46	36
35.03	40
36.65	30
36.15	54
31.93	52
31.06	14
36.45	98
34.75	58
36.91	64
33.3	11
34.77	58
36.13	48
37.77	24
31.93	52
34.22	53
35.17	60
33.9	28
32.58	59
34.02	57
33.71	62
37.48	31
33.67	63
32.62	24
34	99
31.92	46
33.73	54
35.42	60
32.55	33
35.4	32
34.57	82
35.71	57
35.99	86
33.39	26
34.68	23
34.3	104
34.47	108
35.36	58
34.35	61
34.31	57
36.13	42
34.68	55
32.82	42
34.1	42
34.63	45
35.15	53
34.08	72
34.42	41
34.6	39
32.9	96
34.63	85
34.51	91
35.29	51
33.79	69
35.63	37
36.22	24
33.6	55
33.37	71
34.08	49
33.36	32
34.03	57
35.39	62
34.01	113
34.29	47
34.02	43
37.43	22
34.31	40
33.73	13
35.37	53
34.18	33
36.85	51
35.2	58
34.73	30
32.64	59
35.28	60
35.22	44
35.17	58
34.2	63
36	89
34.8	55
36.64	49
34.44	55
35.72	61
33.22	84
37.32	81
31.91	43
35.36	62
32.12	30
33.71	114
34.54	110
35.2	20
34.6	82
37.56	73
31.68	64
34.77	97
34.08	73
33.64	63
34.34	76
34.55	51
33.55	89
32.13	87
34.31	105
33.11	114
33.6	60
32.69	111
30.93	63
33.6	49
33.02	50
34.38	50
33.76	56
34.99	64
34.49	77
35.16	32
34.63	55
33.33	50
35.28	50
32.7	27
36.5	87
37.94	55
31.68	57
34.13	31
34.66	26
34.38	62
32.58	106
34.08	96
34.37	57
35.32	50
36.14	59
36.93	52
37.85	43
36.55	14
37.7	63
37.88	51
34.42	61
36.2	64
37.2	15
36.07	55
36.69	116
37.32	109
36.28	64
35.6	61
38.12	41
35.91	61
35.35	58
35.64	49
33.91	22
34.16	57
36.04	53
32.54	95
34.3	115
33.03	88
33.8	51
34.57	42
34.38	60
33.03	84
32.81	45
35.79	33
35.21	84
34.23	88
31.66	53
34.71	59
34.61	113
33.56	93
33.15	71
32.53	88
36.04	29
34.88	57
33.96	110
37.29	33
36.69	46
35.98	109
36.42	60
33.57	62
36.91	41
34.9	49
34.97	47
32.02	46
36.22	52
35.17	66
32.97	20
34.48	40
36.3	17
35.5	24
34.11	60
34.91	115
33	57
34.37	50
33.83	116
31.82	60
33.37	43
33.2	77
35.26	16
35.91	83
33.38	32
32.04	42
35.64	31
33.06	22
34.43	102
35.32	25
34.93	57
32.98	107
35.73	110
36.26	86
35.08	113
36.36	49
32.89	63
36.35	22
34.49	20
33.65	35
36.27	64
34.88	61
32.93	108
35.73	20
32.96	108
34.47	86
35.34	52
34.03	37
37.35	14
33.89	62
32.84	29
35.77	34
35.78	65
34.91	26
36.6	41
33.8	53
38.14	59
32.05	23
35.93	34
35.08	114
33.49	71
35.58	49
37.85	94
36.46	83
36.35	62
33.46	51
34.08	56
31.8	88
32.29	96
31.23	99
34.36	88
33.63	21
32.21	41
33.54	112
35.47	53
32.97	28
34.43	80
33.67	16
32.48	62
34.15	98
35.76	68
36.52	50
34.39	48
33.87	29
33.42	111
36.57	46
34.24	27
33.18	27
32.6	31
35.15	109
33.25	61
38.94	28
32.39	9
32.84	34
32.06	39
35.41	59
35.44	64
36.98	55
32.41	60
33.13	64
36.57	24
36.52	62
36.3	25
34.22	47
36	68
34.88	69
34.66	66
32.64	72
31.68	5
35.42	69
34.08	61
39.46	43
34.11	64
34.04	65
33.15	68
33.15	69
35.31	71
35.64	52
34.12	52
32.17	62
36.33	54
31.61	57
34.12	60
34.66	64
36.51	40
33.06	70
35.06	43
35.41	71
32.78	68
33.63	65
34.08	61
37.61	23
35.48	63
39.91	30
36.2	12
32.69	72
34.91	29
35.73	71
31.65	57
35.16	64
36.11	49
34.09	37
33.08	15
35.58	52
34.53	71
33.73	129
36.11	62
32.55	66
36.11	23
32.21	72
35.18	44
33.62	65
33.09	67
33.83	69
33.75	60
37.11	43
35.22	28
33.17	68
35.44	34
38.24	30
36.14	68
37.43	65
34.45	56
34.88	40
36.93	64
32.64	70
33.24	68
33.44	71
35.34	50
35.91	57
33.83	67
32.85	72
36.11	37
36.05	62
32.99	71
33.84	40
34.25	8
33.37	10
33.11	68
31.84	46
34.84	78
34.11	52
32.47	52
32.4	59
34.69	52
34.82	61
34.87	83
34.05	131
37.08	80
37.29	53
34.65	57
38.25	63
34.69	53
34.88	109
38.33	58
35.29	54
35.38	128
39.92	46
36.55	15
34.69	101
32.94	67
37.72	31
38.15	36
36.24	123
34.93	37
35.2	61
37.44	18
37.08	42
35	72
36.25	95
31.91	57
34.5	61
34.63	70
40.85	32
34.55	12
35.53	50
35.75	28
36.9	69
37.63	74
37.69	61
36.39	32
36.53	23
35.21	64
33.79	127
36.04	50
35.63	67
37.47	65
33.62	95
35.25	44
36.42	51
36.95	68
35.59	19
32.33	56
39.16	70
34.31	60
34.99	64
32.96	86
32.33	67
37.51	23
35.75	114
34.39	67
33.08	59
33.92	43
35.3	69
35.83	40
33.63	50
33.77	61
33.46	49
32.93	72
33.56	69
35.98	83
33.69	54
32.14	69
32.55	70
35.69	93
32.73	46
35.28	114
35.19	78
34.47	110
34.3	44
34.68	65
35	32
34.45	50
38.62	18
35.31	53
33.25	65
34.75	21
32.98	145
33.52	67
35.73	26
31.86	65
36.14	98
35.13	118
39.92	53
34.47	62
33.23	45
33.11	66
32.88	65
38	37
36.26	45
34.25	66
34.02	135
32.72	55
33.38	30
33.97	24
37.06	46
36.64	17
33.81	123
33.71	46
32.2	69
37.52	32
36.18	93
34.75	6
34.35	33
36.04	21
30.86	62
31.35	50
37.04	105
37.04	105
32.93	127
34.48	123
33.81	56
37.82	23
34.1	47
34.67	43
34.44	66
34.22	52
32.8	52
32.27	140
34.35	97
34.69	117
35.15	72
32.6	56
33.24	90
33.57	60
32.11	141
33.59	71
36.15	71
35	22
35.08	50
34.32	125
32.09	58
34.55	71
35.16	64
33.42	144
35.14	90
32.4	43
32.3	57
32.29	71
32.29	78
34.17	25
33.78	134
33.26	68
35.3	71
37.52	65
36.78	48
34.24	108
37.02	26
37.08	26
35.4	101
32.4	72
32.76	62
33.28	60
35.11	93
33.49	54
33.75	42
33.06	35
36.2	59
34.48	66
35.16	140
36.2	46
36.08	54
33.67	145
33.45	134
34.17	59
34.62	65
34.34	72
33.97	65
34.18	130
35.14	117
34.8	50
35.13	21
34.85	88
33.35	67
