sim	len_diff
33.86	336
33.14	315
34.43	235
34.12	279
33.82	325
35.73	133
34.1	195
35.6	324
33.12	332
33.67	313
34.51	341
33.67	342
33.82	327
35.34	152
34.64	337
33.85	201
34.67	249
33.97	312
34.31	327
34.07	336
33.67	327
33.6	335
34.13	241
33.5	338
33.34	325
33.46	331
33.78	335
34.86	278
33.98	298
34.09	330
34.92	309
34.92	309
34.92	309
34.6	241
34.61	306
33.8	325
33.6	317
34.33	135
32.99	326
33.55	302
33.2	292
33.1	293
33.85	283
33.78	336
33.91	333
32.37	335
33.51	335
33.93	260
33.1	319
33.64	261
34.52	301
34.11	333
34.22	261
33.08	317
34.05	286
33.78	330
34.04	330
33.96	275
33.24	336
32.78	335
33.9	319
33.86	332
33.39	303
33.43	332
33.78	336
33.69	336
34.58	298
33.55	342
33.46	336
33.26	334
32.2	333
33.86	332
33.68	291
33.76	310
33.82	330
34.07	251
34.05	313
34.65	148
32.72	332
35.22	265
33.91	313
36.89	151
34.05	334
34.73	252
34.05	334
34.89	187
34.12	458
34.81	311
36.4	205
33.35	329
33.93	305
34.12	273
35.04	323
33.84	271
34.63	324
34.91	318
35.8	217
34.57	244
33	333
33.46	294
34.14	325
33.15	341
35.43	242
34.47	339
33.67	306
34.78	316
34.3	68
32.94	337
34.42	338
34.22	314
33.86	332
35.29	286
35.33	77
33.53	281
33.36	340
33.56	296
33.4	340
34.13	187
34.97	257
34.45	170
34.35	326
34.61	281
34.07	236
33.63	341
35.45	293
34.77	310
34.55	316
33.19	315
34.93	232
34.15	334
33.94	288
34.11	334
34.2	332
34.11	264
33.64	295
34.02	298
33.42	309
33.19	339
34.43	274
34.27	199
33.77	44
35.33	226
34.19	311
33.56	336
33.49	264
33.91	322
33.86	316
33.68	341
34.56	74
35.54	126
33.31	319
33.7	337
33.85	260
33.7	341
33.72	341
33.63	300
34.64	303
32.87	306
33.84	307
33.84	307
34.12	311
33.09	330
34.72	243
33.47	296
33.84	320
33.84	320
33.66	341
33.21	343
34.16	282
34.45	256
33.69	341
34.41	298
33.74	322
32.82	309
35.53	249
33.93	316
33.3	341
32.89	337
34.03	266
35.11	300
34.65	285
33.44	307
32.97	326
34.03	315
33.78	333
33.22	322
33	302
33.06	324
33.1	301
34.32	262
34.14	343
33.54	329
33.84	316
34.18	173
34.19	305
34.27	302
34.2	322
33.04	339
35.12	296
34.66	219
35.87	194
34.86	216
34.77	244
33.1	329
34.02	259
34.71	303
34.83	247
35.43	154
33.47	315
34.8	90
36.03	292
33.27	332
35.26	205
34.28	336
33.72	332
33.18	342
33.58	341
35.35	239
33.42	288
35.03	233
33.81	342
32.64	334
33.74	316
34.38	298
34.16	328
34.11	296
33.7	310
34.44	232
33.9	323
33.79	298
34.52	192
33.16	301
34.56	181
32.41	343
33.44	242
34.24	151
34.74	317
33.41	320
34.3	298
33.61	289
32.89	342
34.37	315
33.53	333
33.71	285
33.58	320
34.04	329
33.21	337
34.25	298
34.26	298
34.38	298
34.29	298
34.26	298
34.19	333
34.41	298
33.83	337
34.61	347
33.17	335
34.2	298
34.26	319
33.2	297
33.97	319
33.63	334
34.01	314
35.43	153
34.3	298
34.44	308
35.96	210
32.51	331
34.13	304
33.51	337
35.01	328
34.86	246
33.42	338
32.93	328
35.1	261
35.34	252
32.84	340
33.56	340
34.26	306
33.39	334
33.95	331
33.68	307
35.64	152
33.96	331
34.33	312
34.52	301
33.82	327
33.39	323
34.19	334
32.96	310
34.16	258
34.3	300
33.96	322
33.48	326
33.1	320
33.02	339
34.01	330
32.43	336
33.58	311
34.05	301
34.25	288
34.28	284
33.94	281
34.66	272
33.37	316
33.57	338
33.75	312
35.56	232
33.52	335
34.56	261
34.44	291
33.52	335
33.64	320
34.01	332
34.29	255
33.63	336
32.78	328
34.74	313
32.02	335
33.79	338
34.57	301
34.41	286
35.21	275
35.04	224
34.73	337
33.33	340
35.29	257
35.5	239
33.49	328
35.32	200
34.72	316
34.98	296
33.31	312
34.07	339
34.3	299
33.22	338
34.08	314
33.68	330
34.32	280
33.51	283
35.33	309
35.19	286
34.04	287
35.21	271
34.77	326
34.7	215
33.59	339
35.76	217
34.6	320
34.03	277
33.36	301
33.71	254
32.74	87
35.64	176
34.36	302
34.16	296
34.39	287
34.34	180
34.29	174
35.96	174
40.89	66
36.33	255
35.34	289
36	177
36.42	172
35.5	249
35.62	278
36.07	226
35.6	283
36.44	256
33.14	277
34.47	245
33.74	274
33.67	270
35.77	192
33.87	251
33.9	251
33.75	288
33.88	271
35.41	235
33.43	276
33.65	305
32.85	304
32.93	280
34.05	277
34.45	284
34.75	234
34.75	136
34.92	276
34.95	242
36	263
34.91	293
35.12	262
34.15	282
35.03	288
35.62	243
35.3	249
36.08	193
35.47	300
35	185
34.52	293
35.82	285
35.47	225
35.8	250
35.49	270
36.07	256
35.32	297
36.55	254
35.1	299
36.49	282
34.46	197
34.22	280
33.84	264
34.9	187
33.79	270
34.85	256
33.86	299
35.58	254
34.52	229
34.89	195
35.03	246
34.1	275
33.41	287
34.6	295
34.17	292
34.43	253
34.26	287
35.43	145
34.59	138
34.2	270
35.5	229
35.6	296
35.71	276
36.18	165
34.75	289
35.92	262
34.95	259
35.37	279
36.5	158
34.98	293
35.89	280
36.31	262
35.47	286
35.56	287
36.37	236
35.6	296
35.2	273
34.62	291
36.17	187
34.84	295
35.06	291
33.96	305
34.32	275
35.61	285
34.57	282
34.3	277
34.3	273
35.32	242
34.26	294
35.3	237
34.97	252
36.29	224
35.27	295
34.18	295
35.94	303
34.84	291
36.57	236
35.63	252
35.26	298
34.4	298
35.93	281
40.32	66
33.55	194
34.6	157
33.39	256
33.87	293
32.93	283
34.37	261
33.9	302
33.96	294
34.5	150
33.96	257
34.39	170
34.04	222
34.9	231
34.93	256
33.49	261
34.01	247
34.43	294
33.5	281
34.14	269
35.83	298
35.16	115
35.69	173
35.69	280
35.07	283
34.74	294
36.56	299
35.42	267
34.96	278
34.35	275
34.37	102
34.06	257
34.17	143
34.87	237
34.17	297
33.61	252
34.26	291
34.92	247
34.23	260
36.43	125
36.71	146
34.6	274
34.89	304
35.5	288
36.54	234
35.29	300
36.27	268
35.12	275
37.24	266
35.14	180
33.61	291
34.68	260
34.66	244
34.64	235
34.21	253
34.52	265
34.78	126
34.67	245
33.71	252
33.6	127
35.18	375
35.07	155
33.28	194
33.37	298
34.38	290
34.67	304
33.49	214
34.18	275
33.64	289
35.73	296
35.75	295
35.49	293
38.42	392
36.18	233
35.56	305
36.49	222
36.73	195
35.41	259
36.93	243
34.99	266
35.48	299
34.93	287
34.53	255
34.83	257
35.68	234
35.6	214
36.03	218
35.28	265
35.07	144
35.24	146
35.12	263
39.32	130
35.03	286
34.78	236
34.54	299
35.09	300
34.64	275
34.19	224
33.75	290
35.75	289
35.14	284
35.26	282
36.98	188
35.8	269
35.9	287
35.2	117
34.79	291
35.59	172
36.13	233
33.68	266
33.92	242
37.15	215
32.93	107
34.52	212
34.11	282
35.35	201
33.6	232
34.43	285
34.05	256
35.96	203
36.45	300
37.36	187
35.51	289
35.54	269
35.85	252
35.03	296
35.23	292
35.77	278
35.52	302
34.7	256
34.25	293
35.29	196
33.91	297
37.25	202
35.54	196
35.14	289
35.95	248
35.02	277
35.18	279
35.05	255
35.78	276
35.71	218
34.25	283
34.65	300
35.46	181
35.4	297
35.68	270
35.16	294
35.98	238
35.01	286
33.72	301
34.6	294
34.16	300
34.4	252
33.49	296
33.85	287
34.7	277
33.96	284
33.74	166
34.22	292
36.58	203
33.19	275
34.57	108
34.98	292
35.96	242
36.35	239
35.07	256
35.28	109
34.68	266
35.58	265
35.65	159
35.93	296
34.05	301
35.05	295
36.01	298
35.53	261
34.81	228
36.16	207
35.02	260
36.41	266
35.81	271
35.22	303
36.35	239
34.96	287
35.97	227
36.05	234
36.39	293
36.46	260
34.63	301
35.85	303
36.1	283
36.51	270
35.29	248
36.47	218
35.63	266
34.67	300
35.42	289
35.96	265
36.44	260
34.43	102
34.56	190
35.62	248
35.31	230
34.02	253
34.75	257
34.18	266
34.21	303
35.47	224
33.7	285
42.51	15
34.65	224
34	244
35.4	220
35.55	114
34.6	296
34.24	301
34.76	221
33.3	304
35.08	244
34.02	292
34.1	273
34.43	209
34.01	178
33.3	259
34.32	260
34.62	301
33.67	228
33.67	164
33.17	280
35.72	256
34.27	294
35.04	228
34.94	289
36	218
34.21	262
34.62	269
35.27	258
35.2	201
34.28	297
35.29	277
34.86	272
36.35	218
35.03	262
35.1	301
35.62	255
35.97	291
35.41	215
36.31	266
35.02	270
34.28	289
33.68	50
33.85	42
34.99	241
34.86	235
35.02	240
35.35	223
34.87	214
33.78	297
33.54	266
34.6	169
34	289
33.84	237
34.94	237
33.03	302
34.67	193
33.97	293
34.24	262
33.65	267
33.09	299
34.86	202
34.68	231
39.15	91
34.59	159
32.98	282
34.11	282
34.76	298
34.47	157
34.21	214
34.63	271
35.07	304
35.51	285
36.88	243
36.19	305
36.69	255
35.98	300
36.7	213
36.54	155
36.27	255
35.1	263
35.52	147
35.22	153
35.15	203
33.36	298
34.7	205
34.88	253
34.27	333
34.74	226
32.72	282
33.72	134
34.4	304
35.52	264
35.85	259
34.79	290
35.74	261
34.35	294
34.4	305
34.78	265
35.23	213
36	256
35.09	253
33.76	249
34.68	148
36.03	303
34.85	280
35.31	178
36.05	134
34.88	285
34.02	274
35.72	255
36	295
34.91	282
36.27	218
34.66	289
34.24	291
35.39	279
35.62	272
35.17	266
36.63	202
35.89	270
34.15	232
34.85	223
33.28	275
35.02	245
34.14	260
33.89	293
34.47	177
33.8	302
34.61	142
34.96	244
34.58	254
34.5	303
35.57	275
35.48	245
35.74	216
35.02	257
34.38	283
34.14	230
38.51	215
35.32	140
35.97	140
36.38	260
36.68	294
36.41	290
35.73	304
37.42	244
35.53	128
37.3	241
34.95	304
36.58	243
34.94	216
38.53	204
35.78	156
35.14	261
35.14	247
34.9	270
35.04	305
35.97	287
35.72	294
34.57	300
35.35	174
32.95	287
33.71	304
35.74	267
35.18	212
34.8	294
33.63	239
32.89	105
35.17	252
34.63	162
35.47	216
34.36	305
34.88	301
35.53	441
34.87	290
35.18	298
36.92	166
34.64	263
35.65	296
35.3	300
34.86	264
35.1	287
35.83	282
35.57	280
35.22	281
36.32	237
35.23	275
36.15	284
36.45	199
35.5	280
36.8	112
36.5	180
34.89	296
34.9	249
34.08	265
36.27	141
36.55	208
36.32	265
36.05	219
38.03	221
35.93	145
35.01	281
35.86	292
34.68	298
35.9	209
36.08	216
34.93	136
35.23	190
35.06	291
35.71	244
36.27	128
35.13	217
34.76	120
36.62	207
34.84	284
35.42	290
35.54	175
34.08	290
34.89	264
34.36	244
35.26	251
35.83	192
35.05	282
35.46	299
35.12	289
35.67	210
35.43	299
35.33	301
34.08	290
34.9	286
35.83	274
35.48	170
36.58	270
34.73	296
34.92	274
35.6	111
36.12	68
35.21	271
35.24	292
36.61	205
34.15	219
34.2	290
35.66	163
36.23	243
35.13	243
34.86	302
34.21	51
34.9	271
35	264
35.03	275
33.95	281
33.97	287
34.79	273
34.84	268
34.64	228
34.38	297
33.58	293
34.25	289
34.42	250
34.74	297
34.51	281
36.76	167
34.89	251
46.56	16
33.89	283
35.75	143
35.04	291
34.91	228
35.69	124
32.98	282
34.72	226
34.89	198
34.44	251
33.59	289
33.98	300
34.31	288
34.43	297
34.35	277
35.72	213
35.72	274
35.78	291
36.31	285
35.65	274
35.51	292
35.73	262
35.7	274
36.13	259
36.72	193
35.72	255
33.6	303
35.41	149
35.54	328
35.2	233
34.09	100
35.57	190
33.64	289
35.48	183
34.39	274
35.94	270
34.36	259
34.06	303
33.94	279
34.38	289
34.8	282
34.63	275
33.68	264
36.22	171
32.78	296
33.9	299
34.63	271
34.51	282
34.77	179
35.27	277
34.53	245
34.51	301
35.1	181
35.27	255
35.51	250
35.79	139
34.75	276
36.28	180
34.35	301
34.3	140
34.66	236
33.93	223
34.26	260
36.51	208
35.16	287
34.55	229
34.96	234
34.9	238
34.28	264
34.29	290
35.25	248
36.24	159
34.31	265
34.38	98
34.41	275
34.06	289
36.45	103
36.29	213
34.9	283
37.17	301
35.8	304
34.81	275
35.62	231
35.11	199
34.54	301
34.48	294
36.08	233
35.05	221
35.87	281
35.28	282
35	284
35.61	268
33.18	304
35.79	287
35.5	294
34.78	264
35.86	265
34.25	228
35.59	369
35.6	239
34.88	275
35.07	275
34.34	263
34.56	261
34.56	240
35.27	180
35.03	148
34.5	235
33.73	258
33.99	225
34.11	212
34.3	234
35	232
33.94	292
34.52	166
33.3	279
34.53	180
34.8	246
33.68	295
33.44	298
33.88	258
34.04	304
33.36	302
34.01	258
34.05	253
34.87	270
34.77	305
34.89	266
34.57	275
34.57	305
35.15	293
35.72	240
33.66	304
34.55	288
34.47	248
33.26	275
34.9	246
34.74	272
35.88	350
33.07	271
35.05	273
33.21	288
33.87	292
35	202
33.62	296
35.32	271
34.42	297
36.72	206
35.42	267
35.66	222
36.22	290
36.76	202
36.51	150
35.38	303
35.6	281
34.69	194
35.68	158
36.37	246
34.04	296
34.82	277
36.03	146
35.9	280
35.58	180
34.48	305
35.09	282
34.32	245
34.42	259
34.39	291
34.26	293
34.2	273
34.57	251
34.03	182
37.78	169
33.21	156
34.2	181
34.48	305
35.1	303
35.74	242
34.6	284
33.83	299
35.56	262
34.62	284
34.62	269
35.22	233
36.26	201
39.47	176
35.82	285
35.98	295
38.13	205
35.48	217
35.5	298
34.84	272
35.31	241
35.07	222
35.97	262
33.86	211
33.44	300
34.18	275
35.32	237
34.41	287
33.32	303
34.29	202
34.72	225
34.43	288
34.11	233
34.6	264
34.47	271
34.83	214
34.72	269
34.29	284
34.56	250
34.73	277
35.21	203
34.51	217
34.14	288
35.39	245
37.18	255
55.94	34
35.59	244
35.19	7
35.89	203
34.78	292
36.37	183
34.26	286
34.47	278
35.75	264
35.29	266
36.15	199
37.23	264
35.92	243
35.69	293
36.24	182
36	170
35.57	253
35.11	275
34.73	274
34.72	290
34.98	294
34.79	296
34.5	280
34.9	299
34.26	247
44.65	46
35.74	134
35.39	301
34.95	258
35.52	272
35.19	290
35.23	369
35.01	263
35.11	266
35.02	279
35.22	272
33.74	257
34.99	292
34.58	292
34.31	286
34.28	303
34.64	287
35.43	175
35.51	285
35.32	235
34.18	287
35.07	289
34.43	300
35.6	233
36.75	201
34.48	284
34.7	108
33.72	266
36.01	197
35.92	218
36.09	175
34.37	277
34.96	234
35.65	304
36.01	282
35.08	290
34.89	238
36.46	247
35.99	257
36.15	263
35.34	259
35.17	300
35.12	289
36.49	356
34.93	303
35.04	290
35.68	267
35.53	219
35.87	209
35.85	293
35.39	248
35.49	288
34.75	296
35.38	272
35.04	267
34.83	275
35.86	171
35.35	274
35.97	170
34.86	262
35.17	201
35.32	300
34.95	285
34.75	302
34.58	284
34.06	300
34.07	290
35.08	256
41.26	86
34.11	281
36.06	225
33.62	299
34.96	221
34.38	311
40.34	88
34.66	293
35.36	264
35.62	262
34.79	220
35.53	239
36.29	137
35.39	144
34.74	174
34.98	275
34.19	291
33.93	290
35.13	142
33.24	283
36.54	201
35.79	206
35.84	172
35.86	249
35.91	363
35.85	292
35.22	233
34.89	264
35.66	193
36.19	265
35.86	168
35.53	261
35.74	295
36.74	210
36.11	252
34.78	257
34.53	289
34.44	247
34.49	280
34.52	248
34.9	298
33.95	302
35.51	236
34.2	221
34.73	246
34.03	267
35.55	302
34.37	216
34.09	302
37.11	85
34.54	269
34.88	224
32.3	34
34	210
35.75	251
33.91	301
35.28	473
34.86	117
34.04	295
34.48	301
35.13	272
35.39	438
36.32	188
34.81	297
34.65	245
34.61	298
35.32	258
34.1	202
34.52	295
33.89	277
35.36	257
34.17	289
34.51	291
34.86	170
33.7	294
34.61	296
33.78	253
32.88	218
33.33	281
34.1	273
35.41	219
35.21	247
34.09	297
33.92	234
33.28	273
34.98	235
33.84	239
34.92	256
33.2	280
34.93	215
34.82	254
34.47	231
34.39	269
33.81	291
34.89	234
36.79	266
36.63	244
35.09	286
35.18	289
35.76	276
35.59	302
35.45	224
35.29	253
35.72	223
35.17	173
34.82	253
34.64	285
34.71	283
34.29	239
34.59	302
35.11	269
33.53	41
34.21	287
35.3	230
34.87	291
35.69	196
36.57	266
35.87	231
35.59	237
35.8	134
35.62	255
34.96	267
35.66	295
35.59	271
35.19	295
36.21	255
35.99	164
36.31	247
34.76	253
36.23	204
35.61	232
34.75	253
35.09	293
36	259
33.78	295
33.38	301
34.11	293
33.82	246
33.93	286
33.32	269
34.47	225
34.81	258
34.52	180
34.66	286
34.98	177
34.57	253
33.18	261
34.29	182
33.64	225
32.98	257
31.92	30
33.62	248
32.78	289
34.06	290
34.7	259
44.06	39
35.07	268
35.02	292
35.41	207
34.23	283
35.1	286
35.68	288
35.27	298
34.7	276
34.27	277
34.06	232
34.95	241
34.13	246
33.23	295
33.78	304
33.14	297
34.74	271
34.67	242
34.29	230
33.08	258
34.81	247
34.8	246
32.82	302
33.54	302
34.54	261
34.1	170
33.44	302
33.81	191
33.38	288
34.12	304
34.9	266
33.48	277
34.39	293
34.55	296
34.28	299
34.99	299
35.04	305
34.46	272
34.11	295
37.92	236
35.75	296
33.98	295
39.67	193
35.13	294
34.4	280
35.79	270
34.68	287
44.71	47
34.01	246
35.88	204
36.09	147
35.63	304
38.01	194
35.03	298
36.1	294
35.51	289
35.5	288
35.53	278
35.52	295
35.41	302
35.29	266
35.38	303
34.25	300
35.11	283
35.21	230
35.33	153
45.03	51
35.48	235
35.5	294
34.52	302
39.48	112
39.57	149
35.95	225
34.76	244
34.95	280
35.73	290
36.16	253
35.45	294
34.99	302
34.35	130
35.16	225
33.55	284
35.64	148
34.44	292
34.52	243
33.76	287
34.39	277
33.92	301
33.02	244
33.55	305
35.23	256
34.32	237
33.71	298
33.7	264
34.29	204
35.05	257
33.89	300
34.75	253
35.3	229
36.19	244
35.2	283
36.07	297
36.2	251
35.81	282
34.85	282
35.68	280
35.5	302
36.59	182
35.87	297
34.43	259
33.72	216
33.74	217
34.1	256
33.27	302
33.83	222
34.52	246
34.26	278
35.26	143
33.92	162
34.48	304
35.11	298
35.71	264
35.59	247
34.98	305
35.69	284
35.93	292
35.32	297
34.8	300
34.96	285
34.27	132
32.84	291
33.69	277
34.17	279
35.21	119
34.32	270
33.62	285
35.86	210
33.74	305
34.08	161
35.46	254
36.6	247
34.87	269
35.14	270
36.2	254
35.8	294
35.05	284
35.37	217
34.49	241
34.71	292
34.19	282
34.89	293
35.28	294
34.83	305
35.23	99
34.48	276
36.35	218
35.92	191
34.34	296
34.86	293
33.45	204
33.49	298
34.63	174
33.89	290
34.21	256
33.87	301
33.89	295
33.57	280
33.68	226
35.05	249
34.46	229
33.64	236
35.05	216
33.99	274
34.87	239
34.55	127
35.84	267
35.01	149
34.02	236
33.93	234
34.92	275
34.05	300
32.8	301
34.45	278
33.79	297
34.71	214
33.57	288
34.03	258
34.78	257
35.12	229
35.58	291
35.18	282
35.44	301
36.34	231
36.08	236
36.54	271
34.22	299
36.48	267
35.44	302
35.82	291
34.47	254
36.49	305
35.22	222
36.01	273
35.64	239
36.63	310
36.09	289
34.91	296
36.12	296
35.97	285
37.05	214
35.21	301
37.26	185
35.8	263
35.16	299
35.27	291
35.34	296
34.85	298
34.82	260
35.31	263
36.4	273
37	289
36.14	288
36.75	172
36.37	212
36.64	276
36.82	238
36.04	271
37.1	257
35.43	300
35.95	255
34.96	271
35.94	267
35.08	300
35.21	295
35.67	228
36.79	270
35.54	283
33.86	278
35.92	254
35.59	287
36.75	303
36.15	285
35.9	293
35.84	218
35.9	295
35.96	273
36.3	258
36.31	158
35.06	284
35.66	286
35.59	245
36.39	265
36.93	241
35.66	291
36.17	162
35.75	258
35.67	280
36.36	250
35.02	262
38.62	14
34.81	295
34.03	298
35.16	223
36.04	245
36.7	187
35.31	291
36.83	140
38.19	91
35.65	289
35.94	154
35.56	297
35.94	257
34.47	288
36.48	231
35.42	273
34.35	290
35.74	203
35.15	284
34.43	233
36.41	220
35.25	300
35.43	133
33.67	243
35.18	273
34.95	177
34.73	251
35.28	229
35.33	283
33.97	293
34.31	260
33.89	212
35.15	250
34.23	295
34.12	293
34.35	280
34.93	264
33.94	294
35.24	246
34.04	266
34.15	271
34.56	268
34.16	282
33.51	291
33.98	286
33.67	292
33.45	244
34.43	294
34.79	221
35.67	245
34.43	250
34.39	252
35.25	273
34.59	302
35.15	242
36.65	244
36.94	100
34.15	302
34.24	302
35.78	272
35.61	293
36.31	237
35.59	198
35.74	294
34.77	270
35.91	116
34.45	302
34.43	304
35.71	290
35.83	293
35.58	303
35.05	272
35.35	195
35.74	286
35.58	220
35.22	262
34.52	303
35.52	244
35.51	219
35.73	302
36.06	271
35.28	246
35.81	271
35.31	294
35.83	245
34.57	301
35.37	208
36.74	195
35.47	297
33.15	279
35.11	294
33.98	276
34.92	178
34.65	294
35.16	244
34.35	99
35.09	239
35.57	217
34.68	199
35.78	284
36.28	281
35.35	247
36.12	293
35.92	254
36.22	223
36.23	282
36.04	216
36.31	271
36.4	234
34.94	271
34.45	279
35.43	257
36.3	213
35.31	252
35.54	253
35.88	232
35.55	256
35.84	296
34.11	292
35.76	284
35.36	237
36.27	254
34.94	284
35.84	249
34.93	293
36	256
33.88	277
36.02	260
36.49	274
34.48	169
42.06	34
33.9	258
34.89	288
35.03	138
35	269
34.84	184
34.94	280
34.77	118
35.06	235
35.65	275
35.28	294
34.91	298
35.95	280
35.64	284
36.4	237
34.99	279
35.94	266
36.46	136
36.14	219
34.31	273
35.21	260
36.71	292
36.39	260
35.12	305
35.81	260
35.2	258
35.01	300
36.25	240
35.48	283
34.89	284
35.95	280
36.27	192
35.38	283
34.99	288
35.05	289
35.3	298
35.46	278
35.91	239
36	154
35.88	223
35.87	305
35.43	293
35.56	287
35.58	260
36.1	286
35.52	237
35.46	287
36.11	288
35.64	263
34.13	295
35.07	236
35.51	235
33.42	296
34.77	231
35.37	226
34.2	297
34.12	289
33.35	284
34.53	237
35.22	73
36.17	282
35.87	291
36.25	249
35.9	244
35.99	252
35.35	297
36.13	278
35.56	303
36.17	236
34.06	282
34.79	263
35.3	249
34.95	160
34.66	270
34.59	251
34.31	206
33.19	305
34.07	303
34.04	294
33.93	282
34.54	163
35.17	237
33.97	282
33.3	262
34.82	261
33.89	281
34.71	272
42.56	62
33.62	186
36.52	215
35.32	301
35.62	256
35.22	253
34.72	281
35.41	279
36.09	279
36.72	221
34.6	294
35.21	178
34.56	284
35.77	215
35.5	283
35.29	273
36.13	184
35.78	278
35.57	293
36.05	249
35.49	255
35.14	290
34.97	234
34.48	215
35.25	229
45.54	37
34.73	289
35.1	300
36.81	275
34.45	294
36.56	230
34.3	266
34.9	250
33.79	301
34.64	293
34.91	223
34.16	276
34.37	283
34.97	243
34.08	289
35.08	221
33.11	103
35.21	300
35.65	284
36.88	268
34.71	292
35.77	205
35.97	301
36.42	176
35.79	223
35.47	253
35.22	303
35.39	164
34.27	255
33.97	293
33.58	126
34.29	296
34.46	212
34.75	264
34.52	203
33.57	304
35.71	147
35.44	174
33.69	241
33.77	294
34.63	294
33.67	238
34.52	229
34.86	162
33.64	241
35.19	294
34.72	165
34.48	223
35.2	198
33.49	361
34.78	276
34.32	290
35.53	274
34.5	253
36.12	253
36.34	113
34.96	269
34.27	298
33.57	107
34.84	272
35.65	145
32.26	299
34.91	286
34.35	228
34.99	205
35.88	258
34.72	299
38.63	135
34.4	279
34.38	65
34.92	271
35.9	280
35.47	256
35.38	262
36.36	194
35.02	274
36.75	255
35.27	266
35.16	266
33.7	305
34.72	218
35.76	224
34.95	302
33.27	272
34.15	207
33.64	256
34.62	290
34.84	242
33.94	288
33.16	288
34.06	138
33.9	261
33.53	224
33.95	225
32.92	258
32.82	287
33.07	227
34.72	268
35.61	260
34	266
34.22	143
34.5	283
34.8	213
34.82	251
35.5	253
34.31	293
34.18	295
34.9	271
34.9	252
35.44	273
34.97	141
34.17	268
34.86	270
34.5	253
34.16	294
35.33	159
34.95	229
35.45	288
35.24	293
36.44	200
36.14	258
35.29	289
35.47	292
36.98	261
34.45	259
35.56	138
45.01	173
35.13	174
37.41	162
36.58	282
34.96	299
35.44	294
35.36	244
34.91	278
37.2	180
36.72	256
38.9	177
34.39	232
35.28	257
35.21	217
35.16	237
35.07	239
36.88	321
33.84	287
34.9	238
35.27	124
35.07	332
34.69	275
34.94	282
35.42	251
37.2	160
35.07	290
34.99	297
35.13	295
34.65	305
34.89	295
35.6	249
34.57	235
34.04	195
34.78	238
33.73	295
34.86	247
35.13	288
33.12	287
34.03	277
34.32	249
34.01	296
35.39	320
35.94	271
34.2	292
35.88	212
34.94	242
35.61	263
35.73	257
35.37	280
34.59	298
36.5	162
35.19	263
34.33	287
34.53	283
34.55	280
34.19	297
33.59	285
35.25	200
36.13	294
35.62	160
35.43	122
35.06	253
35	262
34.8	292
33.78	60
34.66	283
38.77	178
34.93	229
35.24	227
35.24	282
34.95	85
33.75	289
32.76	285
33.13	303
33.73	277
34.72	247
34.26	230
33.54	274
34.29	152
33.19	254
34.29	216
34.42	205
34.79	265
34.85	175
33.8	228
33.66	305
33.6	296
34.67	281
34.53	237
35.19	241
34.71	220
36.07	263
35.48	255
49.94	32
33.09	295
35.63	215
34.84	281
34.19	299
34.95	63
34.99	303
35.54	284
36.59	232
33.6	305
35.2	295
34.67	296
36.16	226
34.84	261
34.18	298
34.41	302
35.92	277
35.82	215
34.45	166
34.85	293
34.97	225
35.15	206
34.83	169
34.55	265
34.75	263
34.12	255
34.37	252
33.87	305
33.29	285
34.82	297
35.26	295
34.55	283
34.9	293
35.23	258
34	264
34.61	295
34.44	273
35.44	279
36.62	294
35.82	300
34.55	270
34.95	284
37.03	274
34.95	284
35.34	281
36.13	248
35.72	288
36.17	245
34.53	303
34.6	294
35.16	288
35.18	479
35.26	273
34.28	293
34.97	294
34.24	297
35.02	301
33.66	258
33.38	252
33.92	301
34.96	273
34.22	254
34.13	301
33.47	302
33.61	300
34.15	269
34.45	231
35.1	231
34.31	274
34.27	276
33.95	300
34.74	235
34.44	272
34.28	299
36.43	178
42.05	71
33.29	252
34.37	277
34.53	240
47.36	21
35.4	275
34.5	260
36.27	142
34.94	243
35.02	296
33.96	273
34.52	221
34.89	252
35.06	260
34.41	254
35.54	280
34.15	288
34.8	182
35.24	299
34.47	281
35.52	200
35.57	223
34.26	241
36.25	178
34.47	269
36.38	252
35.33	272
35.39	297
34.83	264
34.16	268
34.48	259
34.7	297
35.98	285
34.84	304
35.96	279
35.66	261
35.7	179
35.03	296
35.52	294
36.1	226
36.98	215
35.75	305
36.35	198
35.86	291
34.58	242
35.36	218
34.91	280
35.62	233
34.84	263
34.56	303
34.91	274
36.33	98
35.55	230
34.2	298
35.41	230
35.13	260
35.5	487
36.23	276
34.79	99
34.24	258
34.72	253
34.31	243
32.67	280
32.67	280
34.89	231
34.73	123
32.67	280
34.85	266
34.48	287
34.72	259
32.67	280
36.89	227
36.37	231
35.58	95
35.54	274
35.75	245
35.89	289
36.4	127
35.09	289
36.75	202
35.49	276
33.49	293
34.38	245
35.52	223
33.1	272
34.18	381
34.62	232
34.11	287
34.41	281
34.46	231
33.59	217
33.98	226
34.04	260
34.86	260
33.24	154
34.59	220
34.86	260
35.07	144
34.57	220
34.86	260
32.89	280
36.36	303
35.96	303
35.68	210
36.18	297
35.43	294
35.64	296
35.33	250
35.63	280
35.49	292
37.39	200
34.41	280
34.83	282
35.88	239
35.68	283
35.91	284
36.28	253
35.42	301
35.46	261
35.81	298
35.83	281
35.7	197
35.57	211
36.58	191
34.98	269
34.95	284
35.19	286
34.79	299
35.17	288
35.66	213
35.32	253
34.03	305
34.6	247
34.29	243
34.6	263
33.7	218
35.93	213
34.63	178
34.85	235
33.7	261
34.14	235
34.11	242
34.63	293
33.57	301
34.59	263
33.28	293
34.67	260
34.63	293
35.11	219
33.65	290
34.79	175
33.85	169
33.79	287
33.71	289
34.27	132
34.45	295
34.47	246
34.26	298
34.4	226
34.25	200
34.02	203
34.83	231
34.24	271
33.43	283
36.43	156
36.18	139
35.14	296
34.41	293
35	262
35.5	212
34.42	298
34.63	252
34.9	295
33.8	213
31.63	22
34.43	231
34.31	252
34.89	278
33.81	287
34.33	274
35.05	237
33.96	252
34.33	204
34.74	234
34.47	263
33.88	269
34	178
34.95	235
33.87	273
33.07	291
34.1	256
32.25	51
33.61	287
34.73	264
35.45	247
36.25	176
34.17	295
34.84	284
36.18	149
34.14	288
34.52	145
35.28	272
35.64	269
35.47	293
47.8	38
34.61	300
36.67	244
34.96	267
34.54	288
35.61	261
35.92	117
34.64	295
35.4	201
34.81	290
34.67	277
34.42	256
35.39	275
35.12	115
36.77	206
35.62	218
34.93	236
36.08	244
34.81	126
34.51	277
36.44	207
34.91	296
35.88	261
35.44	245
35.39	259
35.25	178
34.22	296
35.04	256
34.84	279
34.95	300
35.1	236
34.73	294
33.83	90
36.24	200
33.67	296
33.43	303
34.4	283
34.56	303
35.67	261
100	0
35.31	256
38.5	127
36.8	203
35.8	244
36.39	291
35.42	299
34.46	265
34.76	152
33.68	301
34.57	240
34.75	269
34.49	283
35.29	292
35.04	253
36.19	263
34.61	228
35.98	285
34.27	304
35.11	282
34.6	271
34.51	275
35.59	127
34.65	246
35.88	261
36.61	46
35.09	286
35.34	153
35.62	281
35.13	292
35.97	292
36.08	178
34.29	58
34.67	268
34.34	287
34.54	295
35.11	280
33.66	214
35.38	242
34.29	239
33.12	194
35.3	142
34.23	268
34.51	155
33.98	286
34.32	193
34.55	252
35.74	365
34.43	303
34.78	287
38.95	133
33.13	301
36.54	93
33.73	237
34.27	252
33.81	290
33.9	230
34.3	168
35.42	283
35.57	221
33.4	263
35.1	165
34	303
35.07	233
34.09	291
33.13	298
34.9	276
33.8	274
35.43	123
35.24	301
34.46	258
35.69	174
33.57	293
34.66	235
33.66	304
34.68	286
36.04	131
34.4	234
33.94	181
34.74	270
34.72	199
34.59	263
32.32	304
34.25	250
34.6	285
36	249
35.37	249
34.47	292
33.57	277
33.64	300
34.09	285
34.34	293
35.04	258
34.3	262
34.42	252
33.96	299
34.67	200
33.35	297
34.24	182
34.17	303
34.44	244
34.77	280
34.6	287
34.41	270
34.14	274
34.29	261
33.98	166
36.25	208
38.17	259
34.77	243
34.95	212
34.34	274
36.34	273
34.93	293
34.04	271
34.8	297
34.71	289
35.27	290
35.65	276
34.77	265
35.82	266
35.19	295
36.91	223
36.61	196
35.06	289
37.16	212
34.9	278
35.47	267
34.98	304
35.03	283
34.96	284
34.74	301
36.03	213
35.02	299
33.9	213
35.68	227
35.71	234
34.36	276
34.25	294
35.14	215
35.08	264
35.58	285
36.04	131
35.54	223
34.97	234
35.43	145
34.94	279
35.26	293
35.79	135
34.58	295
34.82	302
35.71	234
36.06	216
35.27	288
34.55	197
35.45	240
33.39	303
35.35	158
33.82	271
34.34	240
33.66	291
34	274
34.46	295
33.58	284
34.54	291
33.42	295
34.48	302
33.43	260
34.34	257
34.3	286
34.47	115
34.11	249
34.8	297
33.3	258
35.63	283
34.15	242
34.94	272
35.09	259
34.9	256
34.53	270
34.57	284
33.85	279
34.94	291
34.04	287
33.95	297
34.53	211
33.79	287
34.72	258
35	303
33.59	303
33.66	291
33.47	284
34.34	296
35.29	269
34.53	291
33.58	295
35.05	248
34.38	289
34.37	296
35.38	268
44.57	3
39.45	173
33.83	293
36.34	281
34.86	283
35.04	289
34.57	225
33.94	280
34.23	304
34.6	206
35.18	291
33.83	290
35.97	221
33.35	281
34.8	236
33.32	299
35.96	272
36.93	261
35.89	283
35.87	304
35.42	302
37.16	299
35.37	295
35.86	264
35.49	232
37.26	225
36.38	267
36.79	155
35.74	294
36.06	263
35.83	263
36.73	246
37.73	227
35.91	295
35.9	305
36.81	241
33.68	289
36.85	221
34.04	281
33.68	295
34.29	284
34.94	186
33.94	259
33.54	299
36.22	193
32.53	31
36.78	296
35.39	279
35.36	188
34.58	256
35.65	237
34.64	98
35.27	221
36.12	268
34.1	293
35.08	288
34.97	271
35.4	250
35.72	285
35.51	205
36.29	270
35.08	212
36.07	148
35.73	200
36.77	268
35.28	283
35.38	237
35.91	233
34.6	248
36.13	149
35.59	243
34.82	184
35.54	250
34.63	293
35.77	257
35.51	162
34.12	266
34.76	210
34.78	218
34.14	276
41.67	50
34.11	260
35.27	142
34.17	280
35.05	264
34.92	191
35.04	305
34.89	273
35.3	243
36.36	161
35.32	296
35.06	268
35.21	254
34.92	300
35.25	265
35.51	154
35.42	260
36.04	173
34.92	54
35.93	231
35.63	301
35.79	215
35.21	254
37.7	219
35.18	284
35.71	289
34.04	277
36.01	247
35.22	219
34.68	287
35.95	167
35.31	241
35.03	233
34.56	283
35.69	232
35.93	273
34.97	255
34.73	293
35.62	298
37.49	214
35.61	239
35.33	294
36.22	172
34.74	294
35.07	277
35.27	301
36.47	212
37.23	251
34.72	283
36.6	235
35.56	272
36.68	264
35.59	278
35.47	300
36.76	262
35.31	283
35.35	103
34.45	284
35.3	260
34.58	286
35.01	269
35.29	293
34.26	303
35.33	289
34.67	217
35.4	285
34.59	295
37.46	59
35.43	235
36.89	221
35.49	253
34.74	280
36.24	225
35.18	79
34.2	303
34	300
34.58	296
35.78	243
35.87	249
34.86	236
35.97	245
35.23	271
34.83	239
35.95	216
34.72	299
35.09	264
35.39	286
36.78	228
35.63	242
35.56	375
35.35	282
35.31	255
35.17	305
36.23	478
35.53	250
35.13	272
35.88	229
35.74	135
34.42	236
34.47	285
33.42	290
34.49	142
35.11	220
34.92	259
34.58	286
35	290
35.33	293
35.75	265
34.58	290
35.12	278
35.79	288
35.44	287
36.93	235
35.43	295
36.26	288
36.88	232
34.34	284
35.22	173
33.63	302
34.6	271
33.49	287
33.98	286
34.35	257
34.82	242
33.48	294
34.6	123
35.55	301
34.38	302
34.95	292
34.96	297
35.64	245
35.7	219
36.04	202
35.04	256
35.6	256
34.96	288
33.98	267
48.15	49
34.69	238
35.34	223
35.57	181
35.21	253
35.14	215
33.77	297
35.91	236
35.09	277
35.1	301
35	301
35.78	272
35.86	258
36.79	159
36.18	205
34.9	292
34.7	290
36.02	280
35.07	299
36.01	257
35.61	193
36.79	242
34.73	295
34.03	277
35.41	251
35.28	135
34.98	185
35.08	276
34.72	253
34.63	273
33.21	296
35.21	65
36.07	188
33.98	252
34.3	173
33.77	275
34.88	269
34.34	340
37.47	24
34.8	289
34.58	280
34.88	303
34.11	288
34.91	208
34.16	210
34.2	258
35.63	273
34.49	296
34.95	243
34.59	56
34.62	264
34.9	229
35.12	277
33.56	283
34.39	260
33.71	297
34.38	256
33.78	261
34.53	299
34.56	224
34.04	253
34.23	233
34.5	279
34.6	296
34.81	209
35	296
34.59	261
33.71	278
34.85	222
35.06	149
34.39	225
34	258
34.59	9
35.31	266
34.98	236
33.56	277
34.75	238
33.82	244
33.81	302
36.49	251
37.45	243
36.71	268
36.16	279
36.91	269
35.77	420
35.52	293
36.02	279
35.26	304
35.2	274
35.51	228
35.69	266
35.08	266
34.77	280
34.74	268
34.87	297
35.47	263
35.17	295
35.63	292
35.89	224
33.2	295
33.61	174
33.96	259
35.4	180
34.23	273
34.15	233
34.47	121
35.42	188
34.21	255
34.92	171
35.38	230
34.61	169
35.22	148
34.11	265
33.72	292
35.26	180
34.38	121
34.26	268
33.75	259
34.17	232
34.01	266
34.39	290
35.47	269
34.95	242
34.57	261
35.63	226
35.2	179
34.55	287
35.26	289
35.33	241
34.37	268
35.49	184
34.17	275
33.98	263
34.19	198
34.96	302
34.22	260
34.04	281
35.16	255
33.93	299
35.12	240
34.51	305
34.18	301
33.42	294
35.17	251
34.47	261
33.42	297
33.64	301
34.9	294
34.91	269
34.28	285
34.72	292
34	276
34.66	240
34.13	201
35.07	302
34.43	303
33.95	260
33.71	223
33.76	300
34.33	281
33.62	214
33.2	108
36.55	95
33.65	298
33.88	304
33.86	280
34.6	210
33.87	282
33.87	282
34.31	257
34.18	297
34.88	241
33.91	297
33.53	41
33.98	287
34.58	242
34.61	264
32.6	302
34.81	222
34.62	292
34.08	257
34.44	219
34.17	233
34.25	234
35.4	217
33.8	305
34.3	99
34.19	284
34.35	251
34.1	292
33.9	284
33.9	284
33.48	264
35.24	277
34.52	264
34.49	291
33.36	298
33.46	258
34.96	261
33.98	213
34.7	295
35.46	196
34.95	271
34.65	280
34.17	278
34.99	264
34.31	125
35.07	189
34.43	263
35.85	273
35.51	170
36.19	278
36.33	162
35.89	275
35.45	251
35.05	265
35.04	294
35.85	256
34.64	300
33.26	289
33.15	235
34.55	283
34.73	252
34.4	232
34.56	244
35.53	226
34.31	191
34.9	296
35.43	252
33.86	297
33.87	297
34.79	295
34.43	195
34.4	190
34.12	295
35.37	230
34.22	236
33.89	299
34.72	284
33.25	282
35.32	364
34.78	261
35.93	325
33.46	41
34.04	287
34.42	272
34.63	223
33.98	278
34.17	239
34.83	276
33.92	271
34.22	303
34.98	255
33.7	126
34.25	264
35.22	239
32.96	291
35.64	221
33.58	292
34.19	70
35.41	217
34.13	280
34.65	284
33.91	278
34.67	254
33.91	292
32.96	273
33.59	303
34.17	282
37	183
35.41	305
34.97	292
35.54	303
36.78	257
34.44	237
36.32	136
34.28	295
35.24	290
36.2	287
34.3	292
35.02	239
33.93	231
34.33	286
34.69	284
34.48	184
35.01	212
33.87	269
33.51	245
33.73	217
35.52	270
35.58	216
35.54	273
35.03	299
35.8	267
35.08	304
35.1	183
34.93	290
36.74	246
36.26	305
32.97	288
32.46	283
32.73	290
34.12	283
33.78	214
33.51	145
33.92	152
34.25	207
34.38	293
34.28	264
33.82	267
33.61	298
32.71	52
34.49	184
34.77	227
34.12	279
33.99	266
35.84	154
33.66	248
34.65	248
36.19	255
33.85	305
34.2	67
35.64	267
35.13	283
35.59	213
35.14	218
34.67	296
34.46	257
34.38	303
34.72	256
34.11	257
33.83	208
34.33	245
33.58	297
35.03	199
34.52	188
33.39	156
32.79	273
34.57	289
33.93	302
33.97	300
35.22	259
33.56	305
33.88	264
33.87	301
35.44	229
34.21	234
33.44	110
33.01	43
35.6	280
35.84	265
36.05	254
35.8	258
35.74	241
35.3	256
35.26	286
35.63	291
34.97	288
34.71	303
34.45	303
34.65	243
34.7	283
35.03	187
33.93	275
35.3	276
34.29	259
33.16	300
35.08	252
34.2	261
33.56	294
34.32	194
34.1	248
34.76	287
34.54	194
34.13	277
34.81	286
34.63	243
36.22	243
33.84	35
34.34	251
34.96	255
33.93	279
34.32	272
34.64	98
34.29	258
38.67	200
34.78	113
38.04	102
33.49	297
33.59	288
34.9	272
35.78	233
34.06	274
34.73	261
35.34	265
34.58	305
35.63	233
33.81	275
34.55	292
34.61	288
34.7	296
33.57	230
34.63	262
33.89	302
34.45	296
33.24	302
34.01	288
34.51	256
33.95	259
35.18	171
34.78	250
34.74	239
33.36	295
35.05	235
34.47	192
34.65	285
33.79	272
34.49	292
33.96	256
34.03	287
34.21	170
33.67	268
34.76	200
34.09	224
34.35	245
33.98	284
35.93	262
34.72	190
33.56	301
36.36	281
35.91	273
35.67	172
36.28	245
36.18	293
36.03	264
35.17	237
34.06	295
35.82	271
36.4	257
34.46	287
34.15	220
34.23	244
33.81	302
35.63	178
33.87	303
34.16	158
34.71	277
32.64	286
34.02	274
34.91	272
36.49	222
34.7	290
36.62	178
35.63	120
36.05	257
35.18	297
34.96	299
35.62	240
34.69	281
35.87	290
35.57	216
35.92	296
35.19	304
35.57	297
36.52	294
35.63	105
35.61	285
35.85	295
33.59	287
34.11	261
33.15	300
35.34	278
35.42	176
35.53	259
35.28	224
35.16	233
34.68	220
33.93	226
34.65	266
34.08	284
34.21	264
35.07	272
35.23	261
34.87	294
33.98	275
34.09	259
34.56	263
35.58	238
35.77	244
34.38	299
38.84	164
34.53	304
33.95	277
33.75	301
35.13	223
35.17	297
35.44	291
35.79	263
35.23	261
34.45	305
33.39	272
34.68	283
33.87	170
34.69	158
33.79	191
35.13	238
33.88	301
35.03	302
33.91	286
33.85	273
34.04	238
34.21	247
34.48	261
34.12	284
34.87	241
32.8	276
35.59	205
35.45	232
34.31	279
38.68	240
35.42	228
34.02	296
35.67	232
34.75	256
35.09	266
34.5	288
34.9	285
35.2	251
33.25	71
32.79	286
35.9	181
33.94	268
32.79	45
41.62	57
33.98	294
33.5	298
34.38	251
36.42	263
36.04	286
35.72	288
35.19	304
35.88	238
34.84	295
36.05	244
36.69	399
36.52	250
36.62	228
34.83	241
36.72	184
34.73	290
33.61	262
33.65	302
34.59	222
35.16	156
35.74	234
34.54	299
41.21	107
34.63	248
34.78	281
34.59	294
34.83	301
34.74	289
35.99	157
35.66	293
35.31	179
34.93	293
34.88	301
34.85	287
34.19	293
34.62	257
34.32	270
34.85	287
34.25	265
35.54	231
35.18	148
34.07	298
35.55	291
42.88	10
34.68	300
34.64	263
34.1	289
36.43	59
34.62	214
34.19	281
35.45	256
34.35	304
34.04	298
35.07	200
34.39	276
34.9	129
33.7	299
35.03	38
35.09	304
33.88	296
34.15	269
34.69	149
34.5	270
35.31	177
35.18	298
35.02	303
34.68	302
35.76	283
35.57	257
35.3	252
35.13	268
35.8	211
36.1	279
34.3	263
34.67	196
34.33	263
34.33	263
34.33	263
34.76	296
34.3	263
34.99	278
34.3	263
36.32	141
35.07	285
34.38	245
34.13	305
33.45	300
34.47	242
34.28	275
34.68	280
34.72	179
33.88	298
34.37	287
34.35	295
34.72	302
35.29	266
38.55	74
35.78	260
35.36	216
34.68	270
34.2	263
48.63	66
34.96	300
34.19	300
36.01	255
35.7	244
35.67	260
35	238
34.36	279
34.61	300
34.23	288
35.36	244
35.82	228
34.89	155
35.82	132
33.42	279
34.24	244
35.23	287
34.74	305
33.53	304
32.59	280
32.38	280
35.13	247
34.37	299
34.73	302
36	228
35.81	259
35.66	218
34.88	277
34.52	253
35.08	282
36.32	170
36.54	164
36.07	249
36.45	249
36.82	254
37	247
35.45	266
35.75	288
36.34	275
35.67	180
35.98	288
35.82	242
34.49	290
36.62	242
34.64	302
35.15	279
35	239
35.22	275
35.46	255
35.94	239
35.32	282
35.82	254
35.38	299
34.33	302
34.46	258
35.38	253
34.94	215
34.49	299
33.82	286
35.05	277
34.99	222
34.31	206
33.58	287
34.62	240
34.15	292
35.09	170
34.52	297
33.38	282
33.91	248
34.12	284
33.24	115
33.93	257
34.9	234
35.08	283
34.25	286
34.57	254
34.78	217
35.49	154
33.94	280
34.95	227
35.15	263
34.5	249
34.86	276
34.92	295
33.94	101
35.08	215
34.31	225
35.02	263
33.62	293
34.25	204
34.31	238
35.19	102
34.63	241
33.71	300
34.05	224
33.97	257
34.21	288
35.37	258
33.48	175
34.26	263
34.61	242
34.63	234
33.9	301
34.12	279
34.58	268
35.33	258
35.39	153
34.48	272
33.92	293
35.38	462
34.68	300
35.13	265
35.48	258
34.7	286
35.84	203
35.86	214
34.52	266
35.13	433
34.28	305
35.17	277
35.62	222
35.49	201
34.52	302
35.61	283
34.67	209
34.61	278
35.13	154
35.05	212
35.11	242
35.72	409
34.67	293
34.78	201
34.67	262
32.98	279
34.61	271
34.9	257
34.3	142
33.73	286
33.59	247
34.29	252
34.55	279
33.6	267
35.02	255
34.18	285
35.69	222
35.27	260
34.65	271
34.42	236
35.72	249
34.21	295
35.16	268
34.56	302
34.4	66
35.51	290
34.87	284
36.59	256
35.74	282
34.86	282
34.85	286
34.97	194
34.52	286
34.32	305
36.1	180
35.19	293
34.77	304
35.84	287
35.45	270
35.19	277
38.51	217
36.65	116
35.2	263
36.03	281
35.48	259
35.29	258
33.86	303
35.15	225
37.01	221
35.48	278
35.77	244
35.31	215
35.41	224
35.56	274
34.54	254
34.38	248
34.93	240
34.33	242
34.16	299
33.46	223
34.96	219
34.1	288
34.11	232
33.31	299
36.12	267
36.45	272
35.16	296
36.25	206
36.16	245
34.87	299
35.49	208
35.38	303
36.6	199
35.28	298
34.24	138
35.01	135
32.92	301
33.76	216
33.57	235
34.55	287
32.99	242
34.88	218
33.7	124
34.41	225
34.62	302
34.85	241
34.72	183
35.79	227
33.2	297
34	263
35.05	282
34.45	279
34.08	302
34.67	302
34.61	34
33.75	219
33.95	282
32.83	298
32.96	246
33.36	298
34.55	221
34.63	189
35.55	204
33.34	239
34.84	243
34.52	230
34.55	280
35.28	299
36.09	202
34.83	230
34.66	255
34.06	275
38.56	138
33.84	196
35.54	253
36.07	259
34.92	278
35.07	283
34.68	271
35.02	289
37	302
35.12	282
34.55	111
33.87	303
34.84	219
34.49	285
33.98	248
33.84	53
35.06	296
34.45	281
35.61	173
35.28	276
35.87	283
35.27	282
36.32	210
34.73	211
34.77	260
35.1	240
34.77	288
35.62	151
33.94	86
34.46	216
34.55	300
34.06	300
33.7	305
34.91	254
34.64	300
34.71	255
33.88	291
34.44	286
33.68	256
33.72	292
34.12	256
34.74	102
34.3	295
34.43	258
33.71	287
34.27	296
35.16	251
34.3	284
35.08	229
34.06	200
34.54	228
35.31	144
34.14	254
30.55	4
33.17	298
35.23	265
33.71	271
33.47	41
33.45	41
34.04	287
33.6	293
34.28	106
35.34	206
34.75	237
34.57	291
33.59	272
35.23	252
35.08	180
35.63	219
35.79	197
33.82	301
35.12	250
34.7	224
34.01	290
34.82	305
34.24	282
34.49	232
34.73	102
35.23	214
35.14	235
35.06	247
34.04	294
34.87	258
34.26	233
34.09	282
35.74	200
34.16	238
34.72	289
35.93	264
35.13	282
35.27	282
34.74	284
33.11	283
34.21	276
33.52	289
33.3	287
33.92	276
34.1	249
33.7	284
34	276
33.24	209
34.15	257
34.39	256
33.71	296
34.24	223
33.64	270
35.51	145
34	280
33.9	301
33.99	244
32.94	290
33.75	178
34.33	246
35.37	154
35.09	272
34.24	291
34.88	265
34.5	294
34.94	275
34.9	243
33.47	66
34.71	273
33.5	294
34.07	299
32.48	272
34.39	280
34.01	215
34.13	281
33.94	261
34.13	283
34.72	201
33.65	243
34.98	296
34.75	288
35.66	274
34.55	296
35.24	304
35.04	265
35.58	279
35.31	258
35.7	280
35.31	253
35.5	279
35.23	300
35.69	284
34.94	304
35.87	279
37.65	241
36.35	210
35.59	301
35.45	257
36.03	289
34.14	279
34.19	165
34.03	300
33.32	297
35.51	469
34.07	303
35.56	119
34.67	194
33.26	288
35.21	227
34.83	287
33.17	300
33.5	305
34.54	292
34.23	280
34.16	257
33.43	262
34.73	393
34	103
35.15	226
36.12	281
34.8	292
34.25	299
36.35	287
35.82	302
36.53	194
35.78	165
35.59	224
35.62	275
35.45	255
34.43	278
34.12	280
35.06	261
35.7	59
35.01	237
34.44	130
34.83	161
35.99	263
34.7	284
32.46	24
33.66	179
33.34	303
33.76	300
34.17	257
32.16	15
34.86	200
34.23	244
35.47	144
34.96	268
34.18	249
35.03	217
34.81	239
34.89	299
34.6	284
34.93	171
34.52	278
35.93	192
33.99	244
36.85	278
35.35	151
34.6	284
34.56	147
34.81	281
36.14	185
31.57	32
34.69	215
34.16	238
36.15	209
36.24	97
35.61	226
34.24	227
35.52	199
34.8	297
33.66	304
34.51	264
33.92	267
33.78	292
35.59	269
34.97	246
34.61	193
35.34	257
36.26	255
36.27	233
35.29	287
34.6	262
34.96	295
34.21	303
34.66	286
35.65	241
34.74	301
33.49	251
34.06	277
34.07	274
33.84	369
34.3	293
33.35	70
34.19	257
33.41	274
34.41	261
33.75	181
33.95	304
35.31	220
34.08	260
35.39	298
33.47	65
33.95	293
35.45	381
34.82	287
36.39	232
33.99	288
37.76	93
34.55	222
34.9	271
35.08	209
33.98	295
34.79	211
34.19	189
33.34	266
34.94	350
33.91	216
34.2	312
33.31	329
34.58	272
33.23	274
37.15	159
35.13	275
33.65	313
34.79	322
35.6	287
33.89	328
32.85	322
34.04	286
34.38	280
33.37	293
33.01	338
34.48	298
33.83	309
34.48	313
34.55	250
34.36	281
34.22	318
33.29	315
34.9	275
34.81	303
34.29	296
33.03	338
33.99	305
33.02	331
33.89	315
33.31	289
34.37	321
34.58	338
34.83	276
34.35	308
34.55	279
33.94	339
33.61	341
34.14	296
33.81	340
34.43	309
34.34	201
34.11	293
33.73	318
35.46	144
33.76	338
34.19	296
34.26	316
33.64	324
34.16	297
34.54	304
33.7	329
34.35	257
33.28	338
34.66	189
33.87	326
33.25	335
34.6	277
32.89	328
33.5	330
33.12	328
35.24	230
35.52	295
33.37	338
35.14	310
33.26	322
33.43	313
33.97	322
34.25	324
33.95	270
33.21	342
34.16	321
33.55	271
33.28	325
33.56	245
33.61	316
34.27	269
34.44	337
35.39	193
33.56	245
34.95	221
34.21	325
36.65	159
34.1	325
31.43	281
33.51	336
33.35	337
34.09	228
36.25	200
34.23	235
35.17	270
34.85	312
32.85	320
35.85	228
34.27	298
35.34	235
34.02	334
34	335
35.48	253
33.49	318
33.16	340
33.4	340
34.82	318
34.78	313
35.47	310
35	243
33.11	343
35.83	203
34.83	267
35.05	243
33.83	309
33.74	315
33.85	331
34.14	332
33.41	315
33.99	323
34.27	263
34.84	244
34.08	315
34.92	255
33.64	313
34.71	338
35.26	300
34.62	323
35.05	287
33.84	326
34.35	309
34.72	312
34.98	337
34.88	305
33.65	310
33.42	84
34.29	342
34.33	296
34.33	321
32.77	335
33.14	339
34.12	304
33.45	306
33.9	277
33.29	295
33.24	276
34.96	304
34.79	204
33.34	313
33.81	288
35.35	204
33.32	337
34.83	270
33.56	298
32.52	340
32.96	342
36.38	287
33.89	324
34.7	279
34.97	253
34.63	296
34.36	301
33.9	339
36.29	210
33.01	330
34.84	327
35.73	266
33.83	322
34.14	323
36.4	135
34.12	343
34.12	314
33.28	316
34.06	322
34.36	261
34.87	296
33.81	297
34.12	300
33.78	257
34.25	325
34.06	297
32.62	328
34.52	343
33.5	331
34.86	279
34.33	182
34.97	181
34.45	301
33.88	224
34.76	320
33.85	341
33.29	93
33.75	303
34.26	311
33.98	327
34.86	301
33.39	301
33.42	331
34.33	338
33.58	339
33.5	339
33.83	322
33.78	329
33.78	329
35.12	267
33.74	332
34.01	328
33.86	336
34.87	255
34.43	299
33.95	303
33.67	332
33.41	244
33.78	312
34.65	249
33.69	306
33.18	343
32.85	343
34.82	289
35.6	248
33.86	323
33.39	323
33.45	327
33.19	319
33.7	340
33.98	302
35.94	274
34.12	201
33.51	328
35.02	287
33.9	315
33.83	266
34.05	298
34.95	264
32.84	283
34.13	240
33.9	175
34.62	179
33.2	316
32.74	342
33.29	226
33.91	299
34.77	298
34.49	287
35	210
34.77	277
33.83	298
34.11	305
33.94	314
33.59	299
32.94	335
34.3	296
33.15	343
33.53	268
33.68	311
36.03	283
33.19	339
34.12	310
34.95	278
34.24	268
34.66	338
34.24	286
33.87	296
35.44	178
35.2	304
33.88	322
33.6	287
35	307
33.49	339
34.94	261
34.3	334
