sim	len_diff
34.44	178
34.92	163
34.05	198
34.28	187
34.72	190
35.58	156
33.88	188
34.32	163
37.26	128
35.71	166
33.98	152
33.41	200
34.23	175
34.01	286
33.13	192
33.3	177
34.91	144
34.52	192
35.01	179
34.43	154
36.57	114
34.13	191
35.33	143
33.13	180
33.75	171
33.62	182
35.19	140
36.69	155
34.94	204
33.54	196
35.94	130
34.52	189
32.7	190
33.58	142
33.58	142
35.96	184
33.36	178
35.16	201
36.06	194
34.92	154
34.47	178
33.79	183
32.79	199
34.07	194
32.97	189
34.21	172
33.36	201
35.29	176
35.29	176
34.79	199
35.97	84
36.17	177
33.31	167
32.47	167
32.47	167
34.12	184
35.64	207
35.88	97
34.62	199
34.62	199
34.22	183
34.67	130
32.96	201
34.85	166
32.47	191
35.64	207
34.02	196
34.74	197
35.02	113
35.79	212
34.36	120
34.35	181
34.26	167
34.26	167
34.36	146
33.23	186
33.81	179
34.36	199
33.31	201
34.5	333
33.93	177
33.09	201
33.76	157
36.03	139
33.12	189
33.28	178
34.4	171
33.15	194
34.84	147
34.71	159
34.48	157
34.88	270
32.96	169
32.31	191
32.75	198
32.58	192
33.86	193
34.7	198
34.97	171
33.33	201
33.57	197
34.24	166
33.5	200
36.22	146
34.97	170
34.07	184
35.07	198
34.95	92
33.68	152
35.79	172
32.74	198
34.62	200
34.76	109
35.54	177
34.19	186
34.9	94
36.49	163
34.19	160
36.19	153
34.74	197
35.24	162
34.66	229
33.83	144
34.7	117
33.99	179
35.03	188
34.98	97
34.38	195
35.29	198
34.89	115
33.18	191
34.33	195
33.15	193
33.34	199
33.66	156
34.53	188
33.25	171
36.27	154
34.58	180
33.31	187
34.26	198
33.24	199
34.95	130
35.67	114
33.39	179
33.56	192
33.7	195
34.09	154
31.91	200
33.99	192
32.38	174
33.99	192
32.85	188
34	162
33.39	200
33.42	195
34.46	180
33.28	181
33.97	199
34.11	179
33.4	182
36.15	107
33.3	171
34.91	185
34.84	185
34.76	193
35.06	172
33.24	199
34.61	183
34.11	175
34.07	189
34.3	175
34.57	170
33.99	140
33.06	168
33.75	178
34.78	158
35.33	174
32.88	199
35.71	114
33.36	168
32.59	54
32.32	182
35.7	110
34.93	101
34.37	149
34.22	83
32.03	199
33.49	187
31.78	200
33.72	183
34.52	173
34.11	151
34.86	198
35.11	175
33.99	93
32.84	189
35.25	132
33.17	196
32.6	200
34.29	172
34.99	181
33.69	146
34.31	186
33.7	159
35.68	172
35.05	159
33.9	195
34.03	192
34.79	79
33.82	175
33.44	177
31.86	196
34.77	348
34.11	174
34.92	263
32.47	198
33.16	200
33.13	139
32.42	194
34.62	134
34.51	170
33.87	99
33.5	168
33.51	188
34.12	154
35.32	182
33.67	169
35.62	177
32.38	196
34.13	179
33.14	179
35.73	116
34.16	139
35.27	120
34.1	170
34.85	142
33.28	180
33.88	188
33.4	145
32.72	201
34.85	138
33.5	191
33.7	183
33.7	183
33.36	165
32.38	198
31.77	197
34.31	181
33.17	192
34.65	224
31.72	199
34.49	196
31.88	200
35.08	118
33.89	141
34.85	136
32.38	196
34.03	180
35.75	146
33.42	190
32.89	193
33.81	193
34.54	179
33.56	176
33.21	194
32.96	192
33.87	160
34.3	201
33.69	194
33.96	179
34.34	162
32.7	198
35.54	117
34.85	183
35	179
35.6	173
36.5	155
34.16	177
34.72	193
35.39	115
34.91	180
33.09	201
33.96	137
35.12	138
32.96	185
34.18	176
34.1	174
35.28	144
33.62	174
33.55	189
34.56	146
35.01	175
35.47	122
35.6	154
35.52	146
33.52	167
35.54	147
35.08	156
34.47	156
34.26	188
34.54	135
33.96	199
35.68	56
33.72	201
35.33	181
32.99	53
34.38	161
35.06	100
34.28	162
35.55	224
34.62	164
35.4	188
34.64	144
36.1	101
36.38	97
34.23	185
34.97	310
35.34	229
34.74	171
35.64	143
34.24	169
33.84	198
34.09	193
35.33	186
35.74	183
34.97	173
32.98	190
34.44	188
35.86	191
34.52	197
34.67	54
34.49	133
35.57	142
34.85	185
34.06	190
34.75	156
34.04	175
34.03	162
32.64	196
33.52	198
34.93	142
33.1	52
35.93	180
34.87	198
33.96	163
35.29	97
33.69	201
34.81	141
34.72	193
34.46	178
35.59	160
33.15	157
32.42	4
31.28	12
34.68	144
35.68	136
34.05	159
33.54	179
34.38	171
44.79	31
34.64	158
36.25	170
35.35	165
36.04	145
36.98	96
51.86	5
37.36	115
35.28	147
36.5	74
43.55	9
35.38	94
35.27	130
40.91	9
33	124
34.21	144
33.9	68
33.58	126
34.79	149
32.44	170
35.19	173
34.56	153
33.42	170
34.51	134
35.54	124
33.02	18
41.71	40
33.86	176
34.17	173
36.73	135
37.02	135
36.17	136
36.63	102
37.29	119
35.64	242
35.74	153
37.2	108
36.45	140
36.66	168
36.29	120
36.07	148
36.19	97
36.38	158
36.18	87
36.94	147
36.61	133
37.47	119
35.24	168
37.83	108
36.65	54
33.17	161
37.8	46
36.46	120
35.42	178
33.33	126
33.97	152
34.27	142
35.46	84
34.23	161
35.29	128
34.96	145
34.89	116
34.18	159
35.5	114
34.55	170
34.3	73
34.77	110
33.06	160
34.88	156
35.14	175
36.69	145
36.33	66
35.4	95
34.94	140
35.37	165
36	173
36.61	142
33.37	176
36.71	136
37.28	89
35.6	132
36.77	52
37.42	119
35.54	157
36.63	170
37.11	171
36.27	77
35.93	170
35.34	163
48.84	7
35.42	121
34.28	126
34.75	92
33.3	179
34	165
33.79	169
35.68	96
33.66	171
33.83	172
36.32	160
35.3	169
36.68	105
34.47	130
48.68	6
35.54	87
36.19	138
36.38	162
35.38	147
36.52	161
47.54	6
47.37	1
45.14	2
34.69	150
41.41	1
33.05	177
34.32	59
32.74	139
36.22	69
34.3	142
34.93	148
35.1	193
32.37	179
33.34	78
33.65	138
36.14	137
35.79	147
36.3	103
34.59	115
35.77	96
35.64	143
34.99	165
35.12	79
35.35	113
35.55	114
37.23	123
36.86	97
35.94	136
35.53	149
34.39	88
34.77	177
35.88	61
35.04	133
35.52	137
35.55	138
34.23	76
36.66	127
34.92	130
35.72	81
33.26	151
33.71	130
35.51	150
35.5	175
37.5	147
36.4	131
36.85	143
36.13	140
35.71	174
37.32	133
37.23	126
36.23	97
37.61	46
35.05	71
34.47	67
35.09	176
34.81	108
33.62	179
35.97	116
47.55	12
34.54	162
35.83	143
34.99	81
33.12	106
36.46	129
33.71	169
35.19	133
35.24	236
32.83	174
33.89	157
34.52	199
36.7	7
35.96	254
48.49	6
34.59	149
49.06	30
36.57	143
36.15	147
45.65	4
45.59	24
36.61	144
35.17	51
36.62	146
35.55	172
35.65	175
35.3	125
34.65	162
36.89	105
35.33	178
34.99	119
34.66	172
36.46	148
35.73	28
34.77	175
48.21	2
34.99	321
35.64	176
35.68	169
34.52	154
34.99	124
36.39	41
35.25	163
36.17	111
36.58	135
36.99	143
35.87	82
35.03	140
36.27	146
37.34	150
35.45	156
36.37	149
35.78	136
34.94	69
34.68	162
48.17	14
33.84	107
34.34	149
33.52	161
32.6	148
34.5	111
34.25	103
33.68	136
37.14	142
36.17	132
35	178
35.1	83
35.49	155
35.59	147
36.07	161
36.96	164
38.26	154
34.8	178
35.53	125
35.67	165
34.27	162
46.24	1
35.43	162
35.62	100
51.21	2
34.98	156
35.58	117
35.19	155
35.34	179
35.06	93
34.71	173
35.32	143
36.78	129
35.69	164
34.89	174
34.43	151
37.23	110
35.18	86
34.34	157
34.65	144
33.66	159
36.72	103
33.24	178
35.18	314
36.32	137
33.38	106
33.6	172
36.24	142
34.4	123
33.7	158
37.29	112
34.22	173
34.57	155
35.1	178
35.66	130
35.47	126
35.17	156
34.72	162
37.08	153
35.56	141
37.23	119
35.79	177
35.45	177
38.63	138
36.35	95
36.91	145
35.91	150
36.85	141
35.93	158
35.9	312
36.45	122
37.12	120
37.25	134
36	153
36.15	167
36.53	177
35.49	163
37.81	75
36.59	145
35.98	178
36.52	179
37.76	134
35.64	162
35.59	167
36.93	169
36.17	155
35.09	167
36.35	149
34.95	134
35.18	124
35.39	151
34.55	167
36.59	97
34.96	144
35.43	92
33.08	149
35.66	151
34.41	172
43.04	0
35.38	123
33.71	175
33.5	157
34.7	81
32.59	164
35.75	239
33.85	178
34.69	176
34.67	178
32.38	165
33.27	151
32.63	178
32.31	166
34.01	128
34.6	159
35.25	65
33.55	176
34.76	121
34.75	121
34.67	166
50.32	1
35.42	170
37.59	139
33.95	105
34.99	154
34.89	140
35.28	147
35.48	319
37.57	136
50.15	0
35.95	163
36.23	170
34.62	174
37.01	74
38	159
35.8	53
35.53	147
36.41	112
35.2	119
33.89	178
34.66	102
33.34	179
34.59	80
34.44	250
34.67	208
35.16	73
33.9	172
34.01	155
34.34	174
34.42	167
33.03	39
33.83	171
33.74	168
34.4	62
32.89	71
32.37	177
34.28	115
31.86	17
33.63	163
34.1	155
33.89	147
34.56	107
47.44	5
34.64	145
34.54	134
34.53	117
36.35	122
33.94	80
35.37	132
37.47	153
35.57	138
37.81	146
37.36	172
35.55	71
36.35	112
49.63	14
34.24	13
36.1	163
36.71	128
32.46	20
34.22	116
34.38	138
47.48	8
35.07	156
35.2	112
32.89	28
33.28	175
34.87	157
32.37	14
36	161
34.7	137
35.3	156
35.58	96
34.63	164
35.81	142
36.09	96
36.09	176
35.28	170
34.71	178
34.04	26
37.4	113
35.92	144
36.41	171
35.28	150
51.41	6
35.35	108
36.07	116
36.42	156
37.25	121
34.36	173
35.05	142
36.47	118
35.69	96
35.16	95
35.67	85
37.87	103
35.41	172
35.77	141
35.93	163
32.84	170
35.71	112
32.7	161
34.06	298
33.42	49
32.58	179
35.09	153
33.08	158
34.62	117
34.1	114
35.79	191
34.32	320
34.5	168
36.39	144
34.68	157
35.11	146
34.01	27
35.51	83
35.67	290
35.89	112
36.57	177
35.78	177
37.31	183
36.15	119
37.1	163
38.87	131
37.25	147
36.03	167
47.75	14
51.88	6
34.87	159
35.34	103
33.6	179
35.31	152
47.72	7
38.09	106
34.73	174
33.6	165
37	139
36.25	142
35.96	135
34.26	159
36.62	32
34.9	148
34	166
32.02	7
36.07	140
46.15	3
34.5	123
36.09	140
35.09	140
36.6	166
34.89	177
46.68	1
34.62	153
34.85	160
32.85	19
35.39	239
35.09	153
46.42	1
36.08	177
35.31	88
37.41	130
35.9	168
35.52	178
36.81	94
35.98	174
36.45	64
37.19	110
34.79	149
37.56	120
36.45	153
35.87	150
37.3	117
35.55	112
36.36	148
35.86	175
35.23	174
35.46	166
33.35	59
48.86	8
37.4	89
35.46	160
37.9	163
35.52	116
36.92	147
36.01	148
34.83	121
35.03	127
35.93	138
34.92	249
33.39	164
33.7	156
33.71	142
34.57	84
34.84	176
35.45	165
34.47	147
47.8	2
35.74	113
36.96	141
44.15	86
36.18	83
34.41	154
36.05	171
34.8	320
35.08	170
48.52	2
35.81	161
36.1	107
37.15	98
36.32	128
34.64	83
34.96	179
34.97	176
36.97	169
36	172
35.89	229
35.78	219
35.63	161
36.23	133
49.28	2
34.99	176
34.01	151
35.55	93
35.51	163
33.84	174
48.04	8
35.16	135
35.92	106
34.35	139
33.24	178
35.11	154
34.23	168
35.36	155
35.64	166
33.42	178
46.25	1
36.31	126
34.93	110
35.36	160
34.72	227
34.34	164
35.73	159
34.52	173
35.47	126
51.02	1
35.18	170
33.94	173
40.93	2
34.43	127
35.8	143
40.59	11
34.23	160
32.24	82
35.74	138
34.28	167
34.83	143
35.05	177
34.49	249
35.95	148
34.62	6
36.15	179
34.91	45
35.5	129
35.4	169
36.34	101
36.26	156
36.4	147
35.12	173
36.74	162
35.75	116
35.35	147
34.69	168
38.02	65
51.55	0
34.56	170
36.4	71
35.61	158
34.41	65
34.08	77
34.34	175
36.11	157
36.19	154
35.84	112
35	233
35.02	54
34.88	124
34.22	174
38.29	46
34.61	151
35.33	76
34.28	113
35.83	169
35.06	131
34.26	132
34.84	172
34.15	160
34.93	176
34.24	150
37.03	105
44.7	2
34.17	171
47	1
49.76	2
36.04	176
34.83	169
48.36	5
35.52	157
46.43	0
46.92	1
34.58	101
34.39	146
35.62	86
39.1	62
34.59	44
34.56	153
35.46	78
37.11	125
36.11	89
35.21	99
36.59	171
46.98	1
48.37	2
36.6	113
35.94	132
36.02	137
34.82	170
44.11	11
33.8	7
34.99	176
36.24	149
36.25	165
33.47	169
35.33	175
35.46	150
34.54	176
46.71	5
48.93	12
35.71	118
35.24	134
34.81	174
33.89	177
36.91	89
38.82	68
36.52	135
36.73	217
34.61	179
35.97	293
34.61	162
47.99	0
34.6	119
33.82	163
34.06	134
33.43	25
34.02	123
33.87	150
36.21	116
34.97	158
34.58	171
40.02	63
35.79	141
34.9	140
33.91	164
33.72	162
35.4	152
34.42	149
34.83	59
35.26	67
34.84	168
34.14	144
34.62	175
35.69	141
35.73	78
34.35	175
35.48	86
35.21	153
35.96	70
36.49	44
34.53	161
36.74	149
35.55	104
36.45	167
35.17	144
35.82	116
35.73	137
35.94	117
34.99	107
34.36	45
35.26	138
37.57	142
35.2	160
36.97	88
35.05	158
34.1	172
35.96	68
36.44	304
37.68	127
36.24	75
35.55	167
35.03	160
35.05	153
35.3	159
35.84	131
36.72	142
36.18	129
34.91	148
35.79	138
35.19	234
34.79	177
33.21	174
32.62	155
33.48	40
34.5	70
43.9	7
33.03	133
34.82	148
33.47	175
33.87	130
34.33	138
35.67	167
35.02	141
36.86	109
50.5	7
34.73	145
47.58	3
35.6	139
33.65	147
36.41	169
33.84	172
36.51	175
36.46	109
52.45	15
34.99	61
35.72	160
47.55	14
35.17	165
35.78	165
36.04	270
35.75	117
35.01	143
34.27	285
36.04	79
34.97	74
34.31	148
34.57	162
42.78	6
33.63	154
34.27	145
34.44	179
34.61	176
34.45	168
35.59	99
34.87	58
33.41	169
48.09	2
37.89	83
35.26	150
35.39	167
34.92	136
35.34	157
36.05	150
36.44	116
34.51	163
58.32	0
35.02	151
35.41	227
37.39	113
34.14	178
35.34	177
35.24	166
34.74	175
35.09	116
38.21	134
35.66	50
37.43	130
35.09	116
37.31	97
36.84	155
36.24	178
36.01	168
47.1	1
34.65	182
49.45	2
35.66	136
35.02	144
34.87	176
34.55	149
50.39	0
35.27	150
34.49	179
35.93	145
50.38	1
43.38	0
36.42	158
34.72	168
34.8	164
35.39	175
34.25	319
33.6	171
35.09	176
34.08	148
49.88	3
35.73	146
34.51	158
33.67	172
34.65	100
34.38	151
34.05	166
33.24	177
34.25	172
33.66	176
34.4	158
35.86	87
35.28	154
34.32	173
34.69	178
35.66	129
35.29	126
35.26	162
36.07	45
50.06	6
32.54	18
36.55	161
36.79	133
36.23	170
37.66	74
37.14	143
35.07	169
36.06	160
38.11	26
37.19	127
34.8	161
35.85	131
34.13	167
36.89	143
36.07	135
33.33	179
35.97	178
35.45	86
38.15	100
34.73	167
36.38	49
35.97	163
36.36	98
34.54	179
35.55	97
35.92	124
37.74	131
36.02	86
35.27	171
35.83	117
35.71	180
44.25	4
51.22	6
33.71	79
48.32	0
36.28	123
34.39	171
34.34	157
33.77	172
34.37	179
35.87	109
47.64	3
34.27	113
33.11	133
35.53	71
34.48	177
33.74	152
48.54	8
34.84	163
45.16	3
34.12	144
33.29	163
33.56	176
35.81	199
34.56	164
35.73	167
34.51	115
34.6	178
36.51	82
36.12	109
36.46	110
36.85	142
35.44	120
36.04	117
35.42	149
37.45	150
35.31	147
37.42	75
33.92	150
33.54	168
34.45	150
35.17	139
35.32	113
35.13	166
36.13	95
37.34	119
38.9	40
34.65	154
33.74	162
35.47	117
34.58	61
34.19	164
46.91	7
34.94	118
34.9	176
34.86	126
35.85	175
47.7	2
35.14	76
35.52	119
39.33	67
35.5	172
37.09	140
35.28	170
37.44	87
36.46	130
35.41	172
34.6	172
36.88	145
36.29	74
43.39	4
46.33	2
34.73	164
35.61	143
33.8	169
34.19	178
34.79	177
34.35	114
32.67	125
43.25	0
34.27	160
34	131
34.88	183
34.92	172
35.09	143
33.9	97
35.3	157
33.1	170
40.86	7
34.11	153
32.97	164
32.2	174
32.91	144
33.95	55
36.22	133
35.12	154
33.02	169
45.84	1
36.63	178
36.54	113
35.69	151
34.94	151
36.11	144
35.42	175
36.84	104
34.95	178
36.66	106
36.42	133
35.83	159
36.1	151
36.78	138
49.45	4
34.39	179
36.21	91
35.9	173
35.97	136
35.3	166
34.27	164
35.07	138
35.45	140
36.51	159
34.99	178
34.68	154
34.08	177
35.83	82
34.62	156
35.55	165
35.61	164
36.51	176
35.62	153
36.5	178
36.48	131
37.81	147
37.04	164
37.73	121
35.51	178
36.66	123
35.76	177
34.45	157
36.32	173
36.31	135
35.08	166
33.78	120
34.33	110
35.64	145
36.19	138
43	4
34.55	163
34.51	131
33.49	151
34.76	168
33.92	166
32.95	178
43.04	6
34	107
35.2	118
34.33	159
33.38	108
34.83	138
51.66	0
47.33	2
48.76	1
35.48	174
35.95	129
35.95	94
36.68	152
37.45	87
38.75	16
34.97	89
34.14	179
36.76	127
34.97	165
33.77	159
34.47	121
34.58	141
34.43	145
36.05	117
34.64	101
34.45	138
34.89	176
35.13	127
32.85	15
35.42	124
34.6	142
34.65	168
34.17	90
34.84	172
34.33	104
33.76	107
34.38	122
32.72	156
32.11	169
33.28	163
35.19	195
31.72	42
33.69	102
33.12	115
32.72	169
45.53	2
36.15	136
35.27	176
48.29	4
36.43	136
34.85	143
34.42	97
36.16	157
36.06	152
50.5	3
36.94	178
37.33	99
35.9	107
35.23	42
36.87	155
35.61	165
47.64	16
38.28	109
53.66	6
37.84	145
34.25	184
35.27	164
48.28	2
35.27	144
47.11	1
36.22	164
35.39	143
36.25	159
53.27	0
34.41	50
51.14	6
34.89	138
35.51	141
47.42	2
35.44	144
34.14	170
34.38	178
35.49	240
47.92	0
34.65	162
34.59	113
34.18	162
45.53	2
35.3	135
34.24	163
33.21	37
35	171
33.61	104
34.52	153
33.38	133
34.18	169
34.91	149
35.83	114
34.56	131
35.17	141
34.21	163
35.52	124
37.64	58
32.99	168
35	171
35.96	174
37.54	139
38.22	135
35.33	171
39.06	70
37.54	174
36.44	170
36.71	148
37.69	125
36.25	133
34.47	151
32.95	167
33.87	164
33.32	161
46.59	3
34.23	122
33.73	96
34.66	126
34.02	61
33.81	143
34.96	178
35.07	178
36.68	244
35.11	154
36.36	128
35.39	159
37.11	113
36.42	147
36.36	104
36.38	99
41.12	6
38.89	75
34.83	71
34.35	150
35.84	218
34.5	146
32.62	178
34.02	125
34.34	148
34.74	141
37.17	120
36.51	79
37.78	67
35.88	111
36.9	135
36.1	157
37.15	99
35.56	165
34.05	169
36.75	25
35.52	242
35.34	130
35.02	179
47.65	2
47.44	1
34.76	141
37.85	139
34.85	133
53.02	0
36.91	101
35.33	141
39.83	7
35.13	42
33.11	138
34.31	79
34.75	189
33.84	145
34.28	144
33.76	172
33.91	160
35.29	151
35.63	122
35.04	174
35.67	158
34.21	161
33.52	170
37.98	46
32.45	175
35.69	115
35.26	153
33.99	164
33.51	145
35.42	87
35.65	141
32.87	177
34.1	143
34.46	170
44.25	9
34.4	130
34.72	117
35.45	175
37.7	145
36.06	142
35.47	147
36.71	179
36.15	134
35.79	163
36.35	159
35.45	151
36.05	87
35.44	159
48.85	6
36.48	178
36.12	139
37.72	87
37.43	125
37.08	133
35.74	279
36.7	90
36.67	124
36.64	129
35.8	167
37.04	135
36.61	104
37.8	126
35.59	150
36.34	102
38.32	122
36.58	58
36.06	161
36.42	151
47.72	13
35.66	121
35.81	138
36.25	159
35.97	163
35.54	163
34.85	106
37.26	142
36.25	177
36.63	87
36.16	169
36.86	159
36	95
37.17	142
36.34	134
34.52	24
36.98	97
35.1	178
35.62	112
38.35	145
36.58	97
36.12	164
35.61	156
36.38	166
36.21	166
35.97	36
38.21	111
36.56	161
35.91	163
48.85	7
36.45	149
36.49	126
37.03	117
37.8	137
38.47	102
35.43	163
34.91	162
35.48	152
36.52	247
36.08	154
45.19	14
35.47	131
35.79	156
48.79	36
36.7	166
36.07	95
35.34	28
46.13	4
35.36	170
35.86	144
36.12	174
35.64	156
36.33	157
35.49	161
36.73	90
34.72	162
36.43	169
36.51	156
35.92	156
36.08	94
35.14	98
48.46	19
34.58	167
35.2	170
33.9	160
35.74	80
35.75	142
35.2	286
34.89	151
34.23	179
34.81	100
34.85	172
44.12	0
35.69	165
46.5	1
35.26	168
32.7	37
35.36	147
34.8	122
34.21	84
33.6	170
36.14	87
34.34	153
34.25	173
37.98	57
34.16	174
33.51	178
33.74	128
34.85	154
35.02	154
36.58	93
48.57	1
35.78	91
35.46	139
34.33	142
34.01	168
33.84	173
34.14	156
34.12	177
35.66	37
35.97	177
35.71	179
34.94	171
37.47	173
35.89	146
34.42	32
37.15	123
37.08	131
36.86	124
36.42	110
36.35	139
36.19	102
36.05	168
38.33	134
36.99	142
36.8	145
34.9	178
36.51	151
36.67	37
38.39	144
36.96	156
37.27	123
34.74	16
38.27	68
35.48	173
35.2	156
36.87	168
35.93	155
36.41	108
34.67	91
36.35	220
34.87	173
34.99	70
34.98	179
48.74	0
33.46	111
34.98	118
34.96	135
35	120
34.98	178
35.84	179
35.37	129
37.33	94
35.59	169
35.92	162
36.11	146
35.98	137
37.12	77
35.97	23
37.46	146
34.54	156
48.93	7
36.4	132
35.99	301
36.08	150
35.04	176
34.75	167
34.66	173
36.6	145
36.4	139
35.56	152
37.75	132
35.92	147
36.73	87
35.67	87
36.36	142
36.48	132
36.6	101
37.15	77
50.63	8
46.37	1
34.88	172
35.96	119
33.14	66
36.32	146
49.77	6
35.33	154
34.57	179
36.44	165
35.57	73
35.99	89
35.54	168
37.07	80
35.42	171
36.4	160
36.03	120
37.2	126
36.76	139
37.14	94
35.24	98
36.79	122
37.43	137
34.66	30
35.81	163
34.06	14
35.95	139
33.96	171
36.18	150
35.7	78
36.61	65
35.83	147
36.83	70
37.09	124
37.15	134
35.64	178
35.72	118
36.69	141
36.15	150
35.94	147
37.82	94
35.88	162
36.34	165
35.79	134
35.7	163
36.04	177
36.87	110
35.24	88
36.5	76
37.34	115
34.87	102
40.93	12
34.41	138
34.3	66
34.29	153
34.07	87
35.33	152
34.18	69
35.39	131
34.82	156
36.12	162
36.89	179
34.69	176
36.32	179
35.7	178
35.67	57
37.16	140
35.83	155
35.26	160
37.11	150
33.97	177
36.09	131
34.21	93
37.05	101
45.01	2
36.57	57
36.25	109
36.61	118
33.52	136
35.53	109
34.14	112
33.67	155
34.66	138
35.38	84
34.84	152
34.57	159
33.72	131
47.55	5
33.53	77
43.38	9
47.6	39
35.1	178
35.93	43
37.33	104
49.73	1
35.58	143
34.79	170
35.89	168
33.77	176
36.25	119
34.8	176
35.54	80
35.89	178
37.15	131
35.8	132
36.58	154
37.7	129
35.03	174
36.81	157
34.87	141
43.68	3
35.56	139
35.69	148
35.02	12
35.89	139
35.37	109
51.66	5
36.66	149
33.56	66
34.29	147
32.86	164
34.08	110
34.98	164
39.8	80
35.94	131
36.61	98
36.21	92
33.72	162
35.56	167
35.1	177
37.44	120
38.02	112
37.94	136
35.57	171
34.32	177
38.2	154
37.33	179
36.07	91
35.34	167
35.51	177
34.28	100
33.69	172
35.25	140
48.54	0
34.05	170
32.32	149
33.87	102
34.37	168
34.15	114
34.47	144
34.87	137
32.52	169
35.5	67
35.23	106
36.23	144
35.87	149
34.73	171
47.58	1
36.24	137
35.19	145
34.61	82
35.04	77
36.23	153
33.58	159
35.66	83
35.1	135
35.55	147
36.24	135
38.36	5
35.22	172
35.84	154
37.87	60
34.46	128
35.63	123
35.4	176
34.45	82
34.47	168
36.32	100
33.48	160
35.4	148
45.13	2
34.7	126
36.25	63
34.46	160
37.44	77
35.91	99
35.17	136
35.39	149
35.29	298
35.61	83
35.65	123
35.66	97
35.07	162
36.28	110
36.08	154
35.86	139
48.2	2
34.85	146
34.65	176
36.25	116
33.13	42
34.85	109
33.52	116
43.14	5
33.34	149
34.87	80
33.85	69
33.68	107
33.64	145
34.54	198
34.93	91
35.34	129
34.69	137
35.35	100
34.13	132
35.95	171
36.3	90
35.75	118
34.22	176
35.94	101
36.12	137
35.1	121
32.8	55
34.06	131
44.65	11
46.35	2
46.99	0
34.61	160
34.57	122
35.95	128
35.1	157
35.67	95
35.15	144
35.86	178
35.68	148
36.1	95
35.91	162
53.32	6
38.2	121
35.8	118
36.62	149
36.35	81
36.79	133
38.07	144
49.7	2
36.78	80
36.51	96
36.6	162
52.09	5
34.7	176
34.41	178
34.69	107
35.7	188
34.78	87
34.34	151
35.27	54
34.66	112
34.72	159
50.1	0
34.67	157
35.22	45
34.08	169
35.41	177
34.37	121
35.94	167
36.54	79
36.06	104
37.38	150
36.3	116
35.76	118
35.35	215
35.44	135
35.53	59
34.89	136
35.54	134
36.26	132
34.38	74
34.12	31
33.78	61
36.33	119
35.52	155
49.64	9
33.79	176
35.81	126
35.84	159
37.66	108
34.28	177
34.8	161
36	178
48.03	0
34.83	179
34.71	132
35.1	73
33.88	178
35.28	164
35.8	142
47.35	1
35.79	114
34.72	322
34.05	152
48.13	4
36.57	72
35.1	163
36.37	173
49.15	3
33.7	178
33.71	179
37.3	142
36.85	119
35.91	153
35.24	89
33.55	123
37.65	45
34.43	155
34.08	141
46.64	3
35.89	150
34.06	168
32.44	179
34.72	120
33.93	60
34.79	157
34.01	143
33.59	37
31.78	6
36.25	92
35.51	68
34.95	118
35.32	107
34.32	118
35.83	124
35.32	148
34.61	126
35.17	161
54.89	1
35.95	72
46.29	3
35.79	120
49.35	0
35.75	92
36.13	119
50.13	2
35.41	160
35.34	194
44.58	4
34.83	168
35.28	100
34.99	128
36.46	143
35.19	154
34.49	41
34.25	159
34.85	155
34.48	144
33.82	175
35.65	166
34.36	167
34.51	167
34.05	144
36.06	110
37.33	126
36.14	140
35.65	150
37.35	178
36.15	259
36.67	154
36.42	260
34.52	171
35.12	164
38.45	25
35.78	169
36.22	122
37.44	90
37.42	48
35.52	105
35.49	147
36.08	145
36.64	91
36.19	150
35.01	164
40.75	56
46.68	1
34.41	174
35.71	164
34.7	178
36.4	3
50.38	16
47.57	3
34.6	111
35.67	112
35.17	172
35	154
35.63	99
33.04	172
42.36	3
34.94	89
33.44	169
35.66	167
34.48	131
35.64	125
36.1	106
34.28	140
35.74	124
33.9	130
34.35	120
34.99	116
42.5	1
45.32	6
33.58	159
34.31	178
33.64	139
36.48	116
34.98	119
53.86	4
35.6	108
35.4	174
46.53	11
33.67	164
33.88	172
34.25	170
36	78
34.6	171
36.56	82
36.06	76
36.44	127
34.77	179
35.51	139
37.58	107
34.49	85
35.16	167
34.96	145
35.26	73
36.55	126
35.47	153
35.87	151
35.72	138
36.57	174
36.37	140
34.74	149
35.63	126
35.33	80
38.46	137
37.29	136
35.78	172
36.06	151
36.27	171
36.27	114
36.46	245
36.55	163
36.61	145
50.3	2
36.19	128
35.65	263
35.8	175
34.85	135
35.88	108
35.08	166
35.34	175
35.01	159
35.09	172
48.34	2
34.3	141
36.15	117
34.79	164
35.2	147
35.57	96
36.55	101
34.85	172
35.39	172
35.32	152
33.63	20
35.78	66
34.71	159
33.84	56
34.12	176
34.8	89
33.75	165
40.75	51
34.67	143
33.38	153
37.1	112
34.63	159
36.4	140
34.36	163
38.65	128
36.97	166
35.62	176
35.78	163
34.33	174
37.35	131
33.52	167
39.07	15
33.95	38
34.16	146
33.36	178
33.36	134
33.83	151
33.89	46
34.32	47
34.27	174
33.69	108
34.38	157
33.94	42
35.38	166
34.14	161
33.81	154
33.26	177
34.68	139
34.38	147
36.42	96
36.37	157
37.38	155
37.16	156
34.89	60
36.42	169
36.02	56
37.51	179
35.48	138
35.12	174
37.3	158
35.6	140
37.23	138
36.04	64
36.24	103
36.54	127
36.37	146
34.83	179
36.93	93
34.14	25
35.1	143
35.12	170
49.37	5
35.04	143
35.85	155
35.05	167
34.65	168
36.04	156
36.11	148
36.82	164
35.32	173
35.63	122
34.34	85
32.81	176
35.17	165
35.89	107
33.99	157
35.08	249
35.22	89
34.33	155
35.6	83
32.83	179
34.13	122
34.77	151
34.55	173
35.31	116
32.96	90
33.4	179
32.98	171
32.65	158
34.5	123
34.11	174
33.86	131
34.66	72
37.48	64
33.9	179
47.01	2
34	174
33.9	168
31.93	164
34.71	126
35.42	166
36.52	153
37.1	129
36.66	104
35.28	118
37.64	113
35.9	122
35.74	158
34.63	169
35.3	119
33.46	175
35.6	159
33.97	256
35.28	186
33.23	6
35.64	141
35.87	149
38.34	65
34.93	25
43.48	18
47.88	3
32.87	74
32.99	172
34.54	92
33.55	139
33.29	175
33.01	168
34.89	126
35.63	212
48.86	6
36.26	142
35.56	156
34.96	147
34.27	147
33.77	108
42.63	0
35.29	177
35.07	166
48.12	0
32.77	155
33.82	168
35.86	79
34.57	160
53.74	4
36.24	135
49.07	9
34.99	148
35.13	147
36.03	97
34.09	162
34.41	108
35.21	82
35.73	142
35.73	131
34.75	161
36.22	106
35.28	146
36.38	70
34.81	163
43.34	163
35.36	153
35.1	136
36.27	147
35.95	244
35.33	164
35.8	162
34.36	179
37.13	118
35.17	118
36.15	155
34.04	111
34.64	127
35.57	99
33.97	167
35.39	169
33.43	159
34.17	147
35.37	164
35.48	152
34.71	237
38.66	85
100	0
34.75	79
36.3	139
34.79	177
35.15	141
35.69	157
37.25	74
36.6	174
36.31	99
36.33	95
39.72	8
32.71	173
35.31	156
34.66	155
33.92	179
33.81	127
35.73	142
34.76	160
34.42	34
35.64	298
48.72	13
34.93	125
35.31	248
35.5	235
34.79	154
51.25	1
36.39	175
37	146
35.5	153
36.47	139
35.83	160
36.77	142
36.83	129
37.22	126
37.83	117
35.42	65
37.25	151
35.86	164
36.65	136
33.86	37
44.2	11
33.25	140
40.11	2
33.44	158
35.65	142
35.22	89
42.84	4
34.92	216
34.82	164
35.54	133
33.6	164
35.38	174
34.26	166
34.46	156
32.9	169
31.52	175
47.91	3
46.52	1
34.12	172
48.12	0
33.93	177
34.47	52
34.9	162
35.26	133
33.33	167
34.37	173
34.24	160
34.51	123
35.8	171
32.83	175
35.14	118
34.54	110
33.42	171
34.94	132
34.4	172
34.09	179
35.87	115
35.18	163
42.32	7
34.16	170
34.33	145
35.58	120
34.7	60
34.88	156
35.99	132
33.69	175
47.98	11
41.08	60
34.47	167
33.79	174
36.06	108
33.82	168
38.05	63
36.41	139
34.53	116
35.15	65
35.59	63
35.29	155
34.5	166
36.08	157
34.5	143
35.37	121
35.29	114
34.21	172
34.22	133
35.22	160
34.67	128
34.55	178
35.08	119
34.74	120
35.05	111
34.25	150
33.73	159
47.73	0
36.3	140
34.7	177
35	156
34.49	150
35.6	138
36.05	129
36.45	126
36.73	78
36.74	147
50.95	12
34.45	171
35.95	138
35.84	86
35.19	170
42.01	46
35.27	176
35.18	176
35.94	130
33.11	152
35.29	165
36.23	151
34.54	56
36.22	159
35.33	172
34.34	160
35.99	111
34.68	88
34.54	91
47.6	2
34.87	118
35.85	144
37.13	133
34.34	176
50.84	4
35.37	153
36.24	127
35.82	146
35.75	153
35.38	169
35.74	175
34.96	157
35.26	62
35.22	168
35.66	166
35.84	319
32.1	158
34.33	123
32.2	158
32.65	174
33.77	168
34.6	173
33.34	174
34.65	91
33.8	177
48.7	1
34.35	140
35.93	153
33.43	30
34.5	145
35.89	74
34.65	114
33.83	116
35.92	123
34.23	164
49.43	0
48.72	1
32.91	153
35.26	24
34.1	137
34.18	156
35.58	98
34.94	177
35.95	97
32.81	163
33.35	113
48.53	0
35.31	109
34.34	123
32.02	158
32.79	170
33.77	168
35.01	129
33.8	177
36.33	171
35.15	134
35.73	134
57.15	1
34.65	124
47.44	1
35.99	102
37.01	112
35.43	126
36.32	116
35.7	125
48.97	1
36.14	106
35.17	173
40.33	10
34.71	164
34.94	132
33.12	175
33.34	159
33.95	160
35.8	176
35.48	175
37.39	116
37.11	155
35.6	156
49.55	7
36.66	138
37.91	113
36.82	172
36.64	128
37.03	112
36.1	171
35.3	175
35.33	14
36.11	96
49.09	4
37.02	114
36.86	155
37.89	159
36.02	160
38.1	68
36.23	157
35.67	135
35.72	190
33.8	159
33.96	306
33.74	172
34.55	97
34.51	142
34.95	163
35.31	146
43.89	12
36.51	94
34.3	165
34.33	173
34.42	173
34.84	161
34.41	171
35.54	177
34.31	160
36.11	153
35.65	113
36.87	129
36.43	87
33.88	154
48.88	3
36.75	140
35.71	168
35.09	154
35.11	175
37.73	141
48.9	2
34.2	111
36.55	82
34.89	172
34.83	172
36.51	155
36.58	127
37.12	104
36.28	91
36.6	144
34.33	175
45.46	4
46.09	19
36.08	110
35.83	146
32.71	51
35.52	140
34.17	156
34.32	170
33.65	151
34.96	165
35.64	163
34.87	93
35.14	167
34.84	125
35.37	163
35.73	157
36.21	140
36.47	103
35.58	70
35.59	154
36.19	150
34.66	142
34.84	176
35	170
36.13	145
36.12	174
38.26	143
35.74	76
36.06	161
36.39	167
35.25	148
34.79	55
35.62	142
34.83	178
34.73	77
35.17	172
34	176
38.2	119
35.52	138
35.68	64
37.12	88
36.29	171
36.12	162
34.66	159
36.63	108
49.86	6
35.57	135
37	153
34.7	170
35.75	150
36.45	149
35.66	178
36.24	167
36.26	150
37.16	149
36.12	165
35.5	137
36.22	143
34.86	179
37.93	109
35.8	114
34.88	158
36.04	215
34.87	171
35.05	149
36.1	148
35.46	146
35.68	149
37.23	126
35.87	142
34.71	176
37.1	151
43.93	44
35.96	128
36.3	113
34.72	27
37.5	85
34.89	162
35.75	174
35.48	167
35.23	168
36.67	103
33.61	170
35.22	117
35.04	167
34.79	178
34.07	107
36.37	132
35.63	136
35.19	136
36.03	141
34.96	155
36.06	111
36.17	147
37.94	98
35.91	88
36.25	113
35.84	234
35.33	144
49.09	5
36.26	135
35.65	96
35.27	149
32.99	146
43.38	16
31.76	17
32.57	176
34.76	178
36.15	129
35.05	147
35.21	173
35.53	128
36.73	162
36.22	177
35.81	169
37.56	109
36.48	177
37.26	152
48.82	6
36.21	116
35.01	163
34.35	170
37.62	63
34.64	174
47.39	2
34.92	84
33.11	133
34.77	70
35.19	139
34.01	151
35.75	166
38.39	133
36.04	85
36.65	131
35.97	79
35.3	172
36.81	155
36.87	155
35.93	173
36.61	151
34.94	134
55.64	3
36.72	114
35	148
35.08	167
34.57	177
45.18	16
35.95	165
35.59	148
44.38	2
36.55	127
35.92	179
36.65	142
36.67	121
36.29	155
36.86	160
37.23	135
35.97	145
34.21	179
35.84	113
35.81	147
35.31	166
36.85	130
35.04	165
38.66	87
36.29	170
34.83	174
35.65	112
35.51	173
35.19	93
33.8	117
40.36	44
34.96	122
33.19	161
43.19	7
44.51	1
33.89	155
35.42	71
32.87	163
35.95	157
36.29	258
35.38	161
35.61	178
36.98	144
35.44	82
36.25	109
34.08	172
34.14	87
34.31	87
48.11	0
33.9	177
32.02	19
34.85	174
35.8	169
35.11	175
35.6	165
34.46	160
34.56	74
34.86	177
35.41	151
34.26	177
34.54	79
34.34	138
33.9	147
34.25	60
33.71	175
34.44	74
32.95	169
33.53	162
35.18	72
33.73	151
34.54	166
50.02	1
40.78	0
34.8	136
35.41	170
44.47	4
36.88	112
35.82	174
34.87	155
36.11	164
37.06	174
35.28	167
37.37	164
34.97	176
35.91	259
37.88	135
35.65	169
34.39	169
36.61	175
34.86	168
35.21	135
35.83	144
36.3	143
36.28	140
35.69	154
37.34	70
35.72	137
35.09	141
33.39	10
36.18	116
34.54	119
35.88	148
34.27	85
33.77	34
35.4	75
33.4	25
34.41	122
34.22	122
47.13	0
34.32	134
47.25	0
35.12	50
36.04	116
33.88	150
33.03	170
33.68	34
34.2	153
35.34	158
34.36	133
34.98	92
35.06	174
45.59	1
35.06	156
34.3	169
35.61	300
43.04	16
37.72	57
45.32	76
35.27	146
32.91	158
34.97	174
34.65	159
34.98	179
48.91	1
34.39	127
34.93	101
35.55	122
34.9	158
34.98	171
35.14	128
34.95	154
46.19	1
35.47	172
35.11	141
34.24	177
34.27	156
34.94	92
34.24	170
34.85	105
35.23	101
35.89	126
34.08	84
34.45	177
35.38	166
35.44	140
35.57	53
36.18	140
42.49	6
34.49	116
45.01	15
33.71	157
46.56	4
44.57	9
34.31	77
34.41	179
35.01	94
34.76	56
33.67	149
33.44	174
34.88	111
46.8	1
34.77	81
36.43	119
33.01	49
34.17	86
35.02	85
35.69	134
34.74	153
33.02	147
35.19	168
34.87	86
35.66	177
33.22	151
35.2	74
35.35	107
34.5	80
36.78	97
35.1	110
35.86	132
36.59	111
33.61	151
47.25	1
47.61	5
34.37	159
33.23	130
35.58	106
33.68	168
34.41	128
35.8	70
40.7	56
34.44	55
35.45	160
36.67	123
35.81	176
35.34	124
34.82	158
35.09	152
34.31	179
35.35	169
34.73	176
35.05	156
35.01	99
37.1	157
34.89	155
48.82	3
35.85	172
36.24	147
38.36	92
37.7	171
35.6	100
35.21	166
43.77	52
35.31	41
33.36	145
35.01	145
32.96	317
33.41	166
35.67	104
34.45	129
33.1	174
33.39	171
34.85	100
35.15	120
33.78	137
34.66	150
33.97	179
34.98	162
34.57	99
33.56	98
33.96	175
49.18	2
34.45	166
35.96	99
34.09	157
33.71	76
32.56	38
34.6	105
34.82	134
35.38	154
48.96	0
34.98	159
33.41	167
34.38	52
35.58	171
35.72	137
35.87	115
35.14	98
35.13	133
33.69	170
34.5	73
35.07	28
43.47	5
34.24	121
35.51	168
35.11	72
35.11	123
34.26	174
33.33	173
34.5	73
36.47	172
36.87	139
35.7	177
34.72	177
36.44	106
37.35	128
35.49	85
35.4	167
37.12	146
35.75	150
34.87	127
34.09	159
35.8	154
35.13	169
36.67	106
34.95	152
34.46	163
36.65	148
34.36	176
35.5	66
36.18	162
35.07	149
37.38	105
35.83	142
34.54	177
36.87	138
34.78	155
33.24	33
36.09	224
36.34	108
35.66	140
35.98	118
33.27	164
34.27	79
34.92	122
34.54	169
35.21	124
36.32	103
35.07	124
34.24	143
35.59	118
34.03	51
33.51	170
35.45	147
33.87	132
39.03	58
35.52	117
35.55	168
34.13	157
34.66	144
35.89	117
38	116
38	61
36.75	145
36.81	132
35.85	144
36.64	106
49.85	3
36.07	144
38.27	112
34.67	131
33.99	80
33.52	138
33.02	177
36.07	150
34.75	151
35.69	121
35.06	124
34.74	131
33.92	157
34.67	153
35.67	67
34.45	109
36.01	124
35.46	82
47.97	0
33.52	55
35.64	210
46.25	4
34.9	111
34.66	178
35.13	169
37.18	128
35.04	179
37.02	262
34.58	177
36.95	92
36.55	149
35.1	87
36.07	166
33.94	167
35.83	103
34.28	155
35.98	103
35.63	178
34.54	175
46.14	10
35.99	172
43.55	10
33.17	50
35.6	179
35	141
37.09	79
32.65	24
34.4	161
34.44	179
34.38	170
35.02	127
33.83	168
34.03	178
34.62	125
33.31	169
49.4	3
35	210
34.05	144
35.43	129
35.68	175
34.15	153
33.72	279
34.53	90
34.75	161
34.19	175
35.75	113
34.81	172
33.65	166
34.78	162
34.72	94
35.15	79
35.32	147
35.1	176
32.6	170
33.99	162
35.22	170
34.3	112
35.61	56
37.22	105
34.56	173
42.39	3
36.06	106
34.42	155
33.94	121
34.9	131
35.5	111
36.04	54
33.03	151
35.18	137
34.31	176
32.94	166
35.08	170
35.55	131
33.55	144
34.33	175
48.26	0
32.78	175
33.8	166
35.63	269
34.75	133
44.14	4
35.16	159
35.51	148
37.57	86
35.48	158
36.46	121
37.6	104
36.96	125
36.26	134
36.03	155
36.31	150
35.63	166
36.26	99
33.97	73
33.67	151
34.24	155
35.55	177
33.23	103
34.54	79
35.17	173
33.16	163
36.5	139
35.11	318
36.89	140
36.63	92
37.53	105
35.65	161
35.35	162
35.57	176
35.48	27
33.52	174
36.29	70
36.45	122
35.89	170
35.25	161
36.21	136
34.88	176
34.86	179
37.1	80
34.48	149
34.22	25
37.34	114
35.72	169
34.63	114
45.13	1
34.02	172
36.18	174
35.12	144
34.78	79
35.84	105
35.24	96
35.52	158
34.14	152
36.19	110
34.14	175
36.48	106
35.06	148
35.23	167
36.02	147
33.52	172
36.34	98
33.74	171
46.11	8
35.89	155
36.44	140
50.8	4
36.35	25
37.71	66
35.22	160
38.38	115
36.44	93
35.64	157
50.06	3
36.33	149
46.25	4
36.25	159
35.9	121
34.84	144
34.5	157
33.72	179
35.25	174
34.87	108
34.71	47
35.06	178
34.31	150
34.71	154
34.1	165
36.03	159
36.28	144
33.92	146
34.64	157
34.38	174
35.93	75
35.99	146
49.42	6
35.02	82
36	68
35.81	177
34.73	169
36.19	151
34.46	264
34.99	119
34.69	110
35.15	134
33.06	178
41.96	5
34.34	143
50.57	1
47.14	1
34.45	175
34.22	159
34.64	165
34.61	159
36.47	111
36.13	149
37.53	141
37.11	111
36.58	136
35.54	176
35.48	159
37.35	102
35.52	150
34.86	142
34.57	172
35.33	163
33.45	165
32.86	177
32.76	19
34.47	73
35.45	152
36.49	111
49.12	1
34.84	156
47.79	5
35.76	121
35.92	186
35.7	138
36.55	73
36.58	97
34.96	128
36.32	275
34.76	142
35.74	178
33.91	157
36.26	152
35.95	114
34.46	99
34.43	313
36.03	135
45.67	7
39.42	53
35	155
45.27	41
50.8	30
34.48	167
35.23	112
35.47	156
47.7	37
37.14	110
36.13	137
34.71	174
35.6	280
47.02	1
36.53	157
33.45	175
34.6	133
40.96	63
37.28	95
35.75	145
36.57	134
36.49	111
36.56	99
37.73	146
35.05	163
37.11	131
37.51	92
36.12	140
36.69	160
35.43	131
35.64	155
35.49	306
37.53	115
38.04	109
33.87	115
34.52	135
33.6	178
34.28	121
36.58	61
47.89	0
34.71	165
34.9	118
36.29	117
35.13	143
33.53	165
35.05	134
48.01	3
36.55	127
35.83	106
35.01	155
37.55	109
35.08	155
35.22	58
35.83	136
33.07	139
35.37	132
35.4	179
50.42	2
47.88	3
35.02	164
35.76	141
35.29	155
36.23	153
52.72	0
35.7	67
35.37	167
35.94	146
34.3	15
35.21	157
48.71	4
36.48	166
35.61	153
34.02	171
35.87	49
34.47	137
35.62	178
49.41	0
36.36	254
34.05	171
34.84	133
35.4	112
37.12	139
35.86	142
35.86	144
35.91	203
35.69	163
34.68	130
35.56	142
35.75	100
37.05	96
37.73	125
35.51	163
36.72	114
36.1	122
36.69	102
36.54	142
37.89	117
35.76	170
36.14	177
34.79	89
37.11	139
35.01	151
35.31	179
35.89	161
36.16	173
35.35	172
35.5	177
35.56	136
36.39	120
35.59	168
35.68	151
35.03	171
35.97	125
37.85	113
35.95	158
35.03	128
35.78	150
36.74	115
35.95	77
35.34	227
35.92	140
34.13	178
36.66	149
35.82	115
34.17	154
34.93	143
36.34	113
42.99	11
32.47	32
33.9	125
33.96	131
34.24	116
33.93	106
34.42	90
35.82	117
34.57	166
46.46	5
35.25	159
33.62	163
34.51	107
34.96	174
34.15	149
36.7	132
35.71	90
34.13	84
34.64	162
33.76	169
36.18	66
35.07	76
34.94	96
36.17	129
35.54	125
35.08	65
33.72	169
34.76	138
47.8	9
35	146
35.93	85
34.67	146
42.19	5
34.9	209
35.99	148
35.96	149
35.59	164
33.86	171
39.31	61
35.86	156
34.84	162
35.86	74
36.52	120
42.54	5
34.26	178
35.26	143
37.04	126
33.59	166
36.03	178
46.17	16
35.33	165
46.43	16
35.55	162
35.54	167
35.05	166
34.75	171
34.57	176
33.76	171
33.41	177
35.16	74
42.18	5
44.8	2
33.95	164
35.47	114
35.66	73
33.66	177
33.93	87
33.8	171
34.53	131
33.37	156
33.29	163
34.37	130
34.74	155
34.24	61
33.24	79
39.55	55
35.35	125
34.19	148
34.5	132
34.47	130
34.77	152
34.35	166
35.75	95
42.55	4
45.29	1
37	96
34.86	145
36.81	148
35.98	63
34.12	115
36.76	116
35.65	173
34.11	133
34.45	176
35.01	175
45.83	2
42.74	3
37.4	154
37.66	95
35.84	90
35.81	128
34.68	41
36.27	108
36.82	142
37.64	95
36.69	70
36.54	138
35.79	171
35.71	154
34.61	158
36	158
36.64	91
36.82	147
35.56	134
34.62	178
35.24	148
36.81	124
33.69	174
33.48	172
33.84	121
35.5	174
33.07	148
33.23	175
33.85	143
33.98	63
36.37	125
34.75	172
35.81	153
36.19	160
36.96	124
34.61	162
37.53	132
35.1	168
36.63	82
36.43	109
36.12	103
36.25	163
36.27	158
35.23	140
34.5	172
35.2	155
36.35	29
33.37	79
32.76	158
33.99	121
35.48	114
35.91	91
35.2	110
34.45	314
34.8	180
34.1	115
36.15	63
35.15	179
35.53	73
34.05	157
43.51	1
43.45	3
34.17	284
34.56	155
33.74	168
34.44	161
33.09	65
33.67	92
50.02	0
34.32	106
34.07	153
41.53	2
35.06	169
34.82	156
35.4	114
35.94	69
34.65	148
34.54	175
35.33	176
34.97	100
33.78	177
46.79	3
35.45	157
36.01	145
36.35	108
38.55	77
33.55	45
36.16	68
35.15	168
35.56	98
48.74	29
36.45	55
35.98	169
34.53	231
35.19	125
36.21	143
35.44	111
35.97	129
32.28	8
35.6	160
33.92	179
30.66	8
35.17	141
49.98	2
48.6	2
33.37	122
36.37	112
34.58	179
35.97	133
36.36	124
36.68	123
35.12	110
35.21	115
34.55	72
38.44	55
34.09	128
34.24	96
34.88	301
34.58	126
35.1	58
34.94	123
35.05	147
32.56	179
34.12	169
35.4	162
34.31	168
35.66	104
35.45	51
35.36	77
34.91	148
34.95	156
34.74	135
35.03	73
46.74	1
35.9	131
33.56	136
34.66	122
34.41	146
33.79	155
34.91	159
34.7	178
34.37	129
35.29	167
36.79	139
36.06	148
47.19	2
33.79	164
35.32	104
34.13	142
35.59	119
34.94	156
37.71	105
35.89	153
36.23	149
33.51	173
33.54	148
34.28	155
34.34	145
34.95	178
34.67	176
35.06	116
35.47	128
35.98	98
36.08	112
35.43	112
34.61	97
35.32	99
33.47	102
49.25	2
34.38	173
36.76	177
35.41	148
33.91	149
32.19	172
40.32	7
34.31	149
34.41	145
35.3	127
34.28	35
35.5	106
32.6	175
33.73	175
35.86	239
33.48	157
32.85	175
34.57	153
35.34	57
34.18	110
40.58	42
45.98	1
35.77	150
33.3	165
35.02	161
35.73	92
34.8	144
48.53	1
35.25	124
35.29	153
35.51	88
33.38	81
41.03	87
33.82	2
33.24	174
34.78	145
37.38	146
34.5	136
50.84	2
34.47	113
33.72	173
35.88	137
34.01	174
33.87	175
36.88	151
35.22	163
35.7	164
36.34	177
36.48	144
34.32	163
35.9	169
36.57	160
38.11	138
36	149
35.42	85
36.38	114
36.11	172
35.03	135
36.74	148
35.67	162
37.09	128
38.64	98
36.4	158
36.49	148
35.03	121
34.4	169
32.45	65
37.04	113
35.96	126
34.3	104
33.76	150
31.67	53
35.89	125
46.49	2
34.51	309
37.29	52
33.7	129
33.62	125
35.45	156
35.31	128
33.98	174
34.56	60
33.9	165
35.4	83
37.28	99
36.37	131
35.86	136
35.79	226
35.81	165
35.17	145
36.31	134
36.04	129
36.45	174
36.89	36
33.17	159
43.56	22
42.29	5
34.95	156
35.47	138
34.4	138
37.66	168
35.09	124
35.19	164
47.5	12
34.45	166
35.78	98
36.15	269
34.7	131
36.05	143
35.75	104
34.42	164
35.03	170
34.06	143
33.87	171
35.67	139
36.52	104
37.22	104
35.43	159
34.86	171
36.19	125
35.7	140
35.31	138
35.04	176
36.05	179
35.27	174
34.36	177
35.23	141
48.56	0
33.41	179
34.97	114
35.96	94
34.3	172
34.37	165
35.88	117
34.15	144
36.29	109
33.75	178
35.14	103
33.45	172
35.16	226
33.34	179
35.05	176
34.83	138
34.32	164
36.4	142
35.41	174
36.22	157
36.57	127
50.19	7
35.83	144
34.14	173
35.43	139
35.09	143
34.18	174
35.77	133
34.55	136
31.76	20
34.39	162
34.37	108
33.91	134
35.09	110
35.04	79
34.05	135
34.23	218
36.46	108
35.54	163
35.52	171
34.64	172
36.49	99
33.93	176
35.38	147
47.41	4
36.6	121
34.27	173
45.16	6
34.31	235
34.08	154
33.92	67
34.98	166
32.79	178
34.76	225
35.21	139
32.85	23
34.8	71
35.09	143
33.85	174
33	195
33.82	176
33.19	176
34.46	131
34.13	178
32.24	194
34.9	154
34.4	190
33.73	172
34.92	146
32.05	200
33.9	183
33.48	199
32.31	199
34.11	188
34.23	185
34.54	137
32.95	200
33.65	201
34.46	362
35.86	157
33.72	184
34.71	172
33.19	181
35.03	114
32.21	194
33.8	198
33.72	184
34.94	185
33.91	200
33.5	180
36.25	129
32.26	185
34.13	194
32.8	175
34.47	113
32.78	200
32.39	199
34.22	185
33.49	156
32.31	199
34.06	199
33.42	191
34.72	137
33.57	186
32.39	199
35.11	135
33.81	190
35.85	149
36.55	127
33.55	144
33.65	194
34.09	175
34.54	201
33.17	131
33.05	168
34.71	175
35.08	152
32.53	180
33.4	185
33.98	148
33.7	170
32.29	198
32.78	175
34.18	138
32.72	198
35.36	118
33.25	177
32.79	161
33.81	187
33.06	151
33.26	170
33.34	186
33.5	190
34.75	167
33.71	109
34.82	125
34.95	256
34.45	200
33.6	178
34	180
34.45	200
33.12	168
33.99	182
35.1	176
33.93	167
31.8	192
32.79	196
35.27	343
35.44	193
35.09	192
34.74	110
33.18	189
35.14	173
35.83	165
36.75	132
34.41	200
34.6	163
35.03	144
33.9	42
33.77	193
33.83	169
34.03	146
35.07	166
35.65	149
33.58	184
35.9	152
34.77	165
36.06	177
34.45	181
34.05	163
34.49	174
33.32	181
34.94	125
33.8	190
34.08	200
34.67	142
35.11	191
33.99	193
35.74	139
35.75	189
33.68	150
32.44	201
34.1	162
33.81	193
33.01	185
34.16	185
35.47	190
35.53	170
34.95	174
33.16	176
35.99	134
35.33	184
33.64	179
34.66	195
33.88	197
36.97	135
34.77	26
33.05	201
34.51	165
33.6	182
33.84	124
33.82	175
33.23	139
33.8	110
33.43	180
33.96	163
32.71	42
34.89	199
35.21	158
34.23	190
33.49	194
34.85	113
34.02	178
34.64	111
34.32	190
33.25	177
34.28	96
33.37	183
34.93	156
35.72	114
35.89	139
33.39	197
34.24	169
36.63	120
33.16	177
34.36	199
34.55	343
33.54	190
34.18	194
31.84	195
35.36	140
35.88	143
35.61	177
36.11	124
34.46	118
32.14	140
34.26	182
33.59	132
35.03	189
35.19	150
34.43	115
34.82	326
34.22	171
34.61	156
33.45	170
32.81	200
35.84	119
34.09	28
32.72	20
34.9	172
36.17	116
33.61	194
33.74	115
34.33	192
35.02	288
34.34	175
34.39	129
34.44	193
35.92	106
35.82	105
34.52	185
34.12	199
32.84	184
32.74	180
33.83	151
35.61	104
35.56	104
34.66	192
33.31	198
36.49	179
35.17	188
34.88	162
33.68	162
35.27	107
35.25	88
32.25	199
32.08	197
32.33	199
34.21	172
32.93	201
32.93	201
33.52	188
33.15	172
34.94	187
34.14	199
33.71	164
34.56	182
33.82	192
34.83	116
33.42	199
32.88	199
33.32	171
32.34	189
34.58	192
34.13	13
33.71	107
34.55	134
35.24	134
33.19	188
33.19	188
31.99	170
34.04	197
33.72	193
33.8	200
33.99	190
34.7	194
35.71	100
33.73	180
33.7	196
34.91	257
34.54	170
34.94	184
35.99	188
34.88	147
32.71	190
35.23	184
33.64	199
34.08	190
34.83	158
35.95	193
33.07	194
32.72	198
34.3	198
34.98	115
33.48	197
35.31	152
35.4	89
