sim	len_diff
33.4	45
33.09	152
33.75	67
34.9	127
33.18	61
33.8	143
31.06	75
34.23	134
33.19	57
34.91	58
32.62	78
32.64	67
36.86	55
34.69	31
34.04	70
33.24	70
33.47	19
32.91	35
34.9	80
33.22	73
34.24	70
33.49	27
34.03	151
32.03	73
34.44	49
33.41	73
31.53	75
33.86	67
33.86	119
31.4	78
34.06	65
33.91	24
31.93	72
32.67	79
32.58	58
33.31	72
34.45	56
32.63	69
32.34	77
33.75	63
33.69	51
33.58	134
33.58	134
34.21	45
31.64	81
34.73	33
33.71	124
32.16	76
34.17	69
31.96	79
31.96	79
34.63	115
34.58	116
33.9	68
34.48	64
31.09	77
32.28	68
31.29	69
32.4	81
31.8	69
34.93	68
32.35	72
34.93	32
32.09	78
33.74	68
34.4	120
33.65	81
33.77	109
33.24	41
33.24	41
33.57	71
33.57	71
35.11	65
33.61	59
31.95	72
34.97	64
32.81	24
34.98	94
32.56	71
33.65	135
36.26	57
32.02	77
36.17	52
34.48	78
35.12	69
33.61	47
32.33	73
33.32	80
34.9	75
34.2	74
33.61	74
33.23	89
35.27	89
33.12	69
34.29	109
34.2	54
34.68	61
34.56	53
35.62	38
34.76	35
33.95	77
32.75	80
33.73	80
34.16	71
34.93	66
34.85	79
34.65	73
32.54	68
33.55	76
36.12	61
34.98	56
34.38	66
32.58	70
35.14	83
33.02	145
32.82	80
35.3	41
34.25	153
35.75	58
33.58	56
34.17	55
33.38	77
35.7	69
35.35	49
35.72	78
32.11	8
35.74	66
34.04	68
33.93	60
35.17	47
32.48	79
33.7	69
34.35	78
34.4	132
32.41	79
31.15	78
33.38	70
33.69	69
33.3	69
34.96	41
34.89	131
32.8	80
32.38	80
32.92	80
33	80
32.88	80
33.33	80
33.37	80
33.9	69
33.83	72
33.45	149
33.67	70
33.16	66
31.93	81
35.53	78
35.36	76
35.11	71
33.01	153
33.95	61
34.58	123
32.2	79
35.94	85
34.52	76
33.61	69
33.54	72
33.1	69
33.96	61
34.21	55
35.09	72
34.07	59
33.85	60
36.56	13
34.55	124
32.32	78
35.91	70
33.82	55
36.16	50
35.44	13
33.53	70
33.08	71
36.69	27
33.87	136
36.25	40
34.6	95
34.18	87
33.74	59
34.18	76
33.27	117
35.05	105
33.74	78
32.47	77
33.09	75
34.72	47
33.69	70
34.98	75
33.32	81
36.9	78
36.73	36
33.34	49
33.43	67
33.87	60
32.59	58
33.59	71
31.99	16
32.14	73
35.35	41
35.83	58
31.73	70
31.33	4
34.08	68
33.8	65
33.13	75
33.37	19
34.2	78
34.37	22
34.04	38
31.9	81
32.26	50
32.92	71
33.72	80
32.66	67
33.06	66
35.19	38
32.69	72
32.3	70
33.58	66
32.85	68
31.88	80
33.19	76
33.72	80
32.25	71
33.82	71
32.77	70
32.37	66
34.03	43
30.93	81
33.7	57
35.6	73
35.04	43
33.86	63
31.96	79
33.58	66
33.95	63
31.42	80
31.11	81
32.72	80
32.42	56
32.13	66
34.86	52
34.08	79
34.08	79
33.82	52
34.14	69
32.11	74
34.75	73
32.56	80
36.44	27
31.48	78
32.8	78
33.28	53
32.4	74
34.16	72
32.01	67
32.42	55
32.88	71
32.51	47
32.75	81
32.83	72
32.67	79
35.11	55
34.3	40
34.98	54
36.5	45
34.55	94
35.54	98
33.99	133
33.55	155
36.61	77
34.08	123
37.61	43
34.29	56
32.18	63
32.77	136
36.11	64
36.09	16
34.16	72
34.13	127
33.09	51
33.58	73
32.29	76
36.96	36
34.56	71
31.89	161
33.74	148
35.55	76
34.33	139
32.78	58
31.49	81
35.23	60
38.12	47
33.61	77
35.47	61
35.8	70
34	78
35.56	58
34.02	65
36.17	31
33.83	58
35.69	67
32.08	76
30.76	79
35.07	98
36.67	45
36.28	47
34.23	23
33.82	69
33.19	110
35.8	51
35.91	65
35.88	58
35.45	21
33.35	69
35.67	20
32.62	58
32.72	72
31.93	69
34.35	85
34.45	74
36.3	58
33.3	63
32.8	78
34.22	57
35.14	80
31.69	60
36.21	65
34.69	56
35.24	50
36.38	41
35.64	79
33.14	76
35.17	44
34.87	30
33.48	59
36.05	38
33.96	81
32.16	67
33.46	80
38.15	38
33.64	63
33.14	43
33.16	113
34.33	40
32.96	67
33.3	55
34.63	79
33.7	71
33.26	22
33.2	66
34.08	29
38.58	33
37.27	41
36.37	111
35.68	13
35.06	127
38.5	36
40.22	43
33.35	33
33.41	65
37.51	20
34.14	92
33.54	56
38.33	92
33.42	97
31.76	22
32.76	124
31.19	71
33.05	122
33.54	56
30	48
33.88	123
33.39	54
32.96	39
32.51	65
32.71	127
33.79	117
32.68	63
32.86	62
36.14	28
32.91	89
34.58	105
34.32	19
34.97	126
36.59	58
34.04	127
34.78	120
36.07	4
34.85	68
34.84	69
36.65	53
37.52	44
37.37	96
33.67	58
34.95	72
34.17	88
33.85	65
35.73	53
35.19	35
36.38	40
35.19	35
37.58	52
32.42	32
33.09	57
33.66	63
33.09	123
35.73	58
34.81	62
34.69	49
32.83	78
34.05	102
33.23	37
33.17	59
33.21	71
32.48	64
32.38	113
31.79	38
33.43	125
33.83	37
33.74	16
32.69	66
35.61	104
35.37	23
34.92	87
34.8	84
34.52	66
36.17	49
35.33	113
35.64	58
36.62	43
35.7	91
36.76	40
32.57	53
35.4	54
35.72	71
35.92	97
34.93	70
36.45	87
34.08	69
36.58	48
34.89	85
34.52	60
33.82	65
33.62	68
34.72	34
33.08	53
35.55	46
32.93	71
34.53	123
32.4	71
30.84	58
36.02	74
36.48	61
36.31	5
35.76	53
37.72	54
35.34	119
34.91	68
36.28	64
34.11	28
39.11	27
33.16	53
33.79	47
33.03	43
32.72	53
35.17	52
32.7	72
33.12	72
36.47	76
34.29	19
32.7	72
33.54	59
32.4	65
35.5	39
32.88	71
34.29	55
34.9	61
32.36	106
33.35	80
34.48	60
33.36	57
32.82	49
34.13	89
36.91	45
34.21	100
37.08	41
37.17	43
35.72	67
34.6	63
35.68	68
35.67	18
33.23	39
32.59	65
32.63	90
32.69	44
32.15	58
32.17	79
31.93	66
33.56	80
33.95	109
32.78	68
35.99	100
35.27	39
35.93	70
34.61	69
33.06	71
37.09	55
33.38	70
38.04	50
35.84	35
34.37	71
35.56	43
34.52	64
35.47	61
37.12	58
33.42	59
33.27	75
33	57
35.77	27
33.77	125
34.52	50
34.1	12
34.1	12
34.16	31
33.54	68
32.91	67
33.99	33
32.08	69
34.5	69
35.02	61
32.08	25
34.21	67
38.51	27
35.22	88
35.19	58
35.46	125
38.88	8
37.2	53
33.88	38
35.43	79
35.64	97
31.68	72
35.59	67
36.16	35
35.82	96
35.12	47
33.06	15
32.65	61
33.61	129
34.95	94
33.74	67
32.71	24
37.65	36
34.58	62
33.87	35
34.59	68
34.82	70
34.27	117
34.16	69
35.79	66
34.73	13
34.39	64
36.53	82
35.53	72
35.73	44
36.42	92
37	22
36.74	127
35.46	71
34.86	67
36.17	69
32.32	9
32.58	127
36.12	17
31.24	16
34.81	55
34.01	46
34.45	49
32.88	31
32.42	31
32.5	31
38.06	43
34.4	72
35.16	70
36.94	69
31.7	4
35.21	121
35.34	116
34.96	56
35.68	85
34.15	84
34.97	21
34.67	65
31.93	59
35.88	61
35.24	88
40.3	27
35.23	13
33.94	70
35.64	7
35.91	64
35.97	97
32.58	68
36.58	95
35.54	92
34.56	64
35.04	78
33.65	63
34.12	55
34.28	43
34.45	98
35.13	83
37.45	49
33.62	72
36.06	98
31.33	49
35.55	39
35.64	48
34.16	68
33.68	47
33.03	53
34.33	69
33.41	70
33.89	46
32.18	68
33.57	55
34.64	63
34.64	63
35	63
33.25	67
33.46	26
35.88	59
33.17	66
31.16	71
35.11	115
34.18	70
36.09	54
35.9	41
34.03	16
35.08	30
35.7	92
39.6	46
35.59	22
37.61	34
32.86	67
35.89	32
36.12	117
36.14	29
33.87	43
35.36	66
37.34	44
36.09	71
36.36	67
34.38	50
35.35	52
36.18	33
37.74	56
35.95	119
35.87	91
36.09	59
39.58	25
33.71	128
32.3	48
31.22	66
35.31	51
31.68	59
35.35	69
33.35	35
33.5	64
33.42	43
36.61	64
35.37	51
32.19	22
34.5	49
35.54	55
35.07	43
34.15	52
32.13	64
31.62	67
34.74	67
34.36	52
31.67	45
33.26	61
34.24	48
31.91	72
31.74	32
34.72	41
34.9	46
32.99	63
31.99	19
33.32	3
35.01	118
34.6	102
35.68	33
37.78	6
33.14	66
34.65	61
35.38	57
35.14	92
33.73	70
33.55	23
37.95	31
37.44	63
32.96	70
33.78	66
36.84	45
34.64	56
37.43	56
33.97	69
37.8	74
33.61	62
31.03	14
34.85	40
33.05	46
33.43	18
34.57	23
34.92	64
38.06	49
34.59	61
33.4	65
32.04	62
33.75	62
32.14	58
32.81	76
34.75	61
31.66	49
33.79	43
33.96	79
33.73	65
31.09	67
30.27	7
30.23	7
35.66	63
32.45	40
35.27	38
30.23	7
30.4	7
35.21	64
33.53	47
33.62	58
36.14	93
33.84	50
36.7	113
37.54	80
36.5	107
35.72	103
38.06	12
36.4	49
35.53	50
35.19	68
34.7	70
31.32	33
32.38	64
31.74	50
32.41	66
35.14	41
32.54	61
34.01	104
33.02	50
31.7	71
35.92	93
33.88	37
33.5	69
34.85	64
35.67	36
35.64	21
32.93	71
34.41	41
32.43	72
34.94	116
33.09	63
35.07	88
34.58	68
33.83	68
35.37	46
33.5	63
32.67	65
35.26	69
35.79	23
36.9	44
35.21	54
34.7	111
34.49	71
35.3	62
35.23	105
36.16	72
36.2	50
35.61	65
32.75	68
35.39	97
30.73	17
33.36	49
33.42	69
33.9	38
32.25	63
33.47	51
32.55	56
32.76	27
32.15	41
30.6	20
35.16	53
33.47	123
33.61	113
33.71	121
33.83	43
36.83	95
35.17	33
32.52	50
34.22	72
34.45	46
36.24	59
37.29	86
37.43	45
36.01	88
38.16	80
35.66	68
37.68	74
37.8	46
38.7	25
34.6	87
32.81	66
37.85	97
36.23	124
34.37	64
37.19	16
36.64	40
35.13	89
33.66	72
37.31	46
32.43	63
34.01	53
33.2	55
32.1	51
36.58	56
32.78	62
40.24	19
31.85	56
33.44	66
34.12	59
33.96	55
34.69	70
35.43	43
35.43	43
35.43	43
35.43	43
36.7	57
33.53	66
35.43	43
35.43	43
35.43	43
34.81	93
35.67	65
35.67	44
34.53	100
34.66	46
36.6	49
34.82	61
36.41	32
34.25	71
34.2	61
36.24	59
33.5	64
34.52	108
35.68	111
33.03	50
35.4	59
32.25	70
35.15	65
35.82	62
35.75	71
43.14	35
34.21	86
35.16	74
37.26	83
35.43	64
35.57	108
36.46	4
34.45	68
33.48	66
37.45	31
38.77	20
36.01	11
35.77	10
32.79	57
34.08	56
33.63	59
34.96	67
36.83	28
34.5	66
34.73	60
34.82	66
36.13	36
35.16	128
37.13	110
35.21	121
35.88	9
37.03	34
36.8	33
34.8	114
33.91	121
38.39	56
34.56	43
34.4	56
32.2	72
33.31	52
35.67	63
35.14	39
37.08	19
34.96	84
35.59	54
37.37	13
35.74	11
36.72	2
33.77	72
38.87	16
33.43	46
34.41	111
35.93	23
36.36	71
36.35	58
31.93	72
33.29	116
34.37	37
32.77	72
33.72	56
34.12	57
33.87	32
34.45	21
38.08	22
35.05	90
36.3	51
33.82	51
33.4	33
35.03	65
34	8
33.2	115
37.66	12
37.2	34
33.85	61
34.6	66
32.93	72
31.09	61
33.91	97
33.5	71
35.58	17
33.85	108
32.01	70
30.46	42
31.88	59
34.41	33
36.39	57
34.45	51
36.93	110
36.33	96
36.04	39
38.39	52
35.37	76
37.81	44
36.09	56
34.86	126
35.31	129
33.53	23
34.55	48
37.04	17
35.85	39
34.37	72
32.35	60
36.91	29
35.3	47
33.2	29
33.25	124
33.16	61
34.89	15
34.79	34
35.99	67
35.77	62
32.92	114
31.39	68
34.01	60
33.27	56
34.82	64
32	64
35.62	55
34.05	69
40.59	58
35.38	95
32.85	55
36.46	29
33.56	61
35.41	45
35.46	83
35.84	37
35.1	94
34.4	34
39.3	28
33.02	67
36.3	10
38.27	24
35.18	71
35.34	116
32.62	62
35.24	57
33.82	6
33.12	71
34.16	59
38.43	56
33.98	50
33.27	50
34.54	53
34.6	50
32.79	9
34.57	102
33.3	50
33.78	45
33.87	48
38.54	14
36.54	61
33.54	30
32.84	67
34.98	37
36.24	64
35.94	109
35.3	61
32.85	70
34.31	42
35.44	32
33.1	60
40.37	12
36.28	11
35.29	61
33.67	68
32.38	60
31.85	50
35.59	61
37.5	63
31.74	60
32.99	44
33.89	77
33.37	36
33.64	95
34.32	24
32.46	68
33	57
33.64	103
33.37	53
31.77	27
32.09	55
33.67	77
36.71	56
35.53	38
38.12	31
33.04	102
33.97	103
30.47	69
31.14	61
32.19	70
33.52	51
35.02	58
35.57	68
33.12	85
34.49	56
34.15	97
35.58	73
34.7	117
33.87	68
37.45	83
33.51	34
33.92	39
33.92	69
34.01	15
32.58	65
34.16	36
32.39	70
33.87	34
31.72	71
31.95	67
31.32	72
33.9	82
33.84	88
31.94	63
35.27	108
33.37	72
35.98	65
37.08	18
36.3	129
35.8	41
36.51	41
35.74	43
34.48	6
35.17	59
35.2	56
36.54	44
34.84	110
35.58	27
34.93	61
37.89	60
35.95	94
34.29	38
34.89	44
35.64	53
34.1	108
33.04	41
33.55	55
31.87	60
32.97	119
36.66	17
31.35	59
33.98	126
32.73	91
32.05	30
34.88	87
34.73	80
37.89	15
39.21	7
36.86	18
34.02	66
34.3	112
34.85	59
36.43	96
34.86	71
36	55
34.7	71
35.62	49
34.4	126
39.66	12
35.19	103
34.37	102
36.2	50
36.52	87
37.19	60
33.43	38
34.7	85
35.29	30
35.79	67
33.5	41
34.87	71
31.62	72
34.73	43
36.95	29
34.29	60
34.2	115
33.83	63
34.61	126
34.18	35
35.93	100
35.19	59
33.59	15
33.21	72
36.52	91
32.32	55
37.03	91
35.21	71
40.44	10
37.88	38
35.68	119
37.05	38
32.71	37
35.54	75
34.5	110
36.58	23
38.12	53
36.47	66
34.54	62
35.62	124
35.85	60
35.72	12
35.57	107
34.43	36
34.62	67
36.59	33
32.41	25
33.21	69
34.8	54
34.18	41
33.33	38
32	66
35.16	45
33.42	65
36.97	51
41.2	33
34.64	88
34.2	63
37.44	31
34.14	12
35.8	95
36.48	87
34.71	53
33.99	102
34.98	51
34.77	63
34.29	76
32.42	20
33.57	56
31.45	9
34.32	43
34.24	40
39.7	37
32.6	106
33.16	116
35.39	3
34.33	69
33.81	55
34.77	102
34.58	84
33.05	61
35.42	79
33.9	54
33.75	59
35.21	110
34.3	62
34.7	62
36.23	34
40.83	13
38.22	13
34.4	60
35.5	118
36.54	48
36.84	65
35.78	121
36.76	41
34.03	2
35.76	75
33.38	68
32.67	71
34.4	61
35.16	111
35.15	124
34.02	123
35.2	118
34.09	56
35.21	67
34.48	70
34.82	67
37.1	4
33.75	33
35.21	54
35.16	109
33.49	43
33.5	48
34.55	59
38.8	33
37.67	25
34.24	50
36.97	14
39.66	35
38.54	39
39.17	7
31.7	7
35.12	71
32.06	67
34.43	40
35.85	112
32.48	27
33.79	61
34.52	64
35.16	30
34.61	47
32.96	41
34.43	51
35.06	96
33.91	116
36.12	90
34.7	129
34.3	71
35.85	58
34.85	44
37.21	45
36.27	65
34.68	76
35.14	64
33.62	52
33.75	69
35.6	102
36.3	69
34.74	65
34.12	71
36.25	61
35.22	53
35.03	66
33.41	62
32.06	2
35.04	46
34.2	50
32.91	72
37.37	48
31.65	13
36.07	35
34.97	73
33.09	41
34.46	54
31.72	69
32.38	31
34.38	126
32.75	24
33.25	88
35.29	52
32.88	69
33.09	69
33.57	97
34.21	68
36.77	44
33.65	25
35.35	51
32.29	9
36.02	119
36.75	39
34.68	65
36.48	100
33.83	23
37.22	40
35.42	92
35.5	50
35.04	3
35.24	100
33.78	68
32.74	64
35.87	59
32.63	60
34.1	51
33.82	43
35.95	29
32.91	97
33.85	116
33.02	125
33.11	66
32.45	7
35.76	17
34.09	54
32.19	50
33.46	41
33.17	107
33.1	126
33.56	39
34.18	123
33.85	49
30.99	63
32.83	66
33.5	110
32.69	51
34.4	4
35.05	66
34.82	56
36.9	45
36.39	85
34.65	124
34.95	101
35.67	90
36.22	101
36.35	31
35.58	110
31.49	63
34.23	59
36.16	58
32.41	72
35.67	41
34.73	54
35.77	72
34.96	35
34.82	44
33.71	61
34.87	69
34.58	113
36.02	107
36.75	84
35.48	87
35.03	56
36.36	73
37.04	49
38.23	42
35.75	63
36.65	89
36.3	27
35.53	63
35.69	77
34.82	58
35.72	106
35.39	68
35.06	25
34.64	84
34.39	73
33.01	64
32.51	46
33.45	68
34.75	46
34.19	43
32.68	56
33.8	34
32.06	70
31.49	69
33.39	43
34.94	89
31.72	70
33.37	71
33.21	123
32.71	35
32.96	70
35.85	23
34.43	31
36.62	24
34.4	68
34.78	41
31.98	71
36.38	46
36.52	8
34.79	71
35.08	84
34.77	104
34.55	112
33.43	53
35.32	57
34.37	40
34.08	16
33.19	108
33.73	97
34.06	70
35.29	72
33.3	69
33.04	60
33.84	27
33.9	71
35.74	51
33.95	35
32.01	66
34.22	40
33.43	112
31.67	68
32.35	28
34.15	48
31.74	69
34.33	71
33.7	82
33.37	41
33.52	48
32.67	108
33.3	32
32.35	66
31.5	67
32.54	104
34.31	33
33.12	39
39.7	27
35.88	53
39.25	25
34.24	63
35.77	37
33.1	72
36.1	48
39.56	14
32.87	30
36.33	72
35.24	25
35.9	26
35.63	63
33.35	65
36.57	58
36.45	40
35.25	53
35.86	26
35.91	29
38.42	25
36.07	66
35.08	66
39.78	22
34.59	113
32.7	25
38.35	40
40.05	16
38.33	39
35.1	62
35.3	68
35.13	21
35.53	52
37.45	25
34.09	89
35.25	61
33.46	93
34.38	58
34.6	54
35.98	127
32.5	58
36.53	72
34.69	112
31.95	46
33.63	49
34.45	40
32.13	72
32.9	116
33.13	69
33.94	57
33.9	19
35.96	43
34.12	57
35.89	105
33.3	52
33.72	62
32.45	53
34.39	67
32.85	58
34.03	69
34	54
34.54	49
34.24	58
35.9	124
36.5	41
36.52	46
36.83	26
36.53	40
35.46	56
36.27	68
36.86	81
32.95	8
33.25	38
32.98	62
32.41	53
33.53	113
33.41	106
33.67	70
32.25	59
33.28	65
35.42	26
35.42	60
36.77	117
36.41	70
35.3	69
34.32	62
35.15	114
35.23	67
35.06	120
35.34	71
36.05	29
35.71	49
34.44	54
34.48	61
32.43	71
33.28	29
33.64	68
34.33	52
32.48	77
32.28	60
32.81	70
34.73	122
34.91	54
37.59	33
33.97	67
36.91	98
34.79	71
35.75	117
33.27	20
34.43	107
35.77	62
31.77	72
32.56	1
35.55	30
36.48	66
33.98	121
34.85	68
33.9	47
37.87	44
39.46	13
34.99	49
32.76	45
36.81	28
32.22	66
33.69	121
35.5	108
33.55	122
32.45	46
33.24	24
32.59	44
33.91	58
33.25	64
32.69	110
32.03	71
32.64	69
34.58	31
35.5	47
36.76	52
34	63
33.43	33
35.71	50
37.22	50
37.33	10
35.25	5
32.06	7
32.92	8
31.11	4
36.2	44
32.85	3
36.6	26
33.51	66
34.91	70
33.72	34
34.97	75
36.24	62
35.14	54
37.7	53
34.83	29
34.41	96
35.69	85
35.01	53
35.73	127
35.49	19
35.35	34
40.28	11
37.1	28
34.36	18
35.99	23
37.26	48
35.33	68
35.63	129
35.26	39
34.53	20
36.46	93
35.36	74
35.69	57
34.95	84
36.26	97
37.45	9
35.45	63
31.63	60
36.4	80
37.92	71
39.22	27
40.65	48
37.44	43
34.2	129
35.41	76
37.24	51
37.01	38
37.25	35
35.03	72
35.88	99
33.41	67
35.14	49
36.44	72
35.29	33
36.48	81
36.86	53
33.83	107
35.59	92
41.29	32
34.38	127
34.88	71
34.08	127
37.03	103
37.29	93
37.68	103
36.55	68
36.71	84
34.11	62
35.7	3
35.93	37
33.48	51
36.45	54
35.13	30
35	26
35.59	66
35.24	71
33.81	44
35.83	54
38.16	45
36.51	88
37.56	34
34.27	68
35.41	122
38.2	57
37.57	50
36.48	50
36.05	69
36.17	15
35.61	129
38.59	42
37.01	83
36.66	70
39.3	41
37.49	61
34.43	49
35.35	71
36	113
35.67	102
35.93	38
35.32	127
33.9	35
31.65	54
36.08	109
32.43	69
33.05	62
36.12	48
35.89	93
35.13	45
33.38	122
34.2	28
33.41	44
34.7	38
36.73	23
32.97	128
36.85	39
34.58	69
33.68	107
32.58	23
33.6	17
33.96	116
36.16	65
34.3	69
34.54	28
33.73	56
31.83	65
35.66	52
33.67	64
35.32	47
34.08	72
38.59	19
36.89	48
34.48	64
34.89	103
33.8	96
35	54
33.21	21
33.99	22
34.05	67
37.01	92
36.93	91
35.06	124
34.17	72
35.6	128
36.27	100
35.08	28
37.98	46
39.88	36
36.36	85
34.84	43
34.58	22
35.87	57
37.8	41
37.07	88
37	47
36.21	92
36.25	89
38.33	16
36.65	96
35.42	67
37.41	71
35.85	42
35.88	105
35.77	53
34.6	98
37	68
35.9	101
34.76	92
35.14	43
32.35	62
33.56	49
33.4	36
34.41	64
34.27	49
33.47	68
33.31	71
33.06	49
31.96	68
34.87	65
34.32	126
36.26	91
34.3	60
36.56	107
41.45	30
36.32	78
37.49	21
35.52	65
36.59	92
36.08	76
34.79	39
35.9	124
42.28	31
35.94	59
34.74	44
35.1	45
34.71	116
35.41	72
36.18	128
34.54	50
33.88	37
35.64	43
37.1	72
33.95	104
35.24	32
34.61	36
35.27	93
36.94	10
33.67	41
34.73	119
33.34	68
33.91	55
36.86	16
34.33	124
34.04	60
35.35	86
33.17	70
35.96	66
34.34	119
33.38	72
34.34	21
35.12	35
34.61	63
37.48	37
36.62	54
34.94	100
35.38	77
37.12	30
36.22	60
35.87	105
35.69	84
34.13	69
36.81	63
36.45	33
36.88	45
37	65
36.05	89
33.72	54
35.95	82
37.17	54
33.1	71
34.88	125
32.72	26
35.06	94
36.5	72
35.27	25
35.61	90
36.35	65
34.97	60
37.01	47
34.79	100
40.16	37
36.45	82
35.45	36
35.08	122
35.75	65
36.83	82
36.91	36
36.72	69
36.14	94
34.24	90
36.3	59
34.43	51
33.44	68
32.7	71
33.54	36
36.25	39
35.8	121
33.57	66
35.57	89
37.2	63
34.94	50
35.14	67
37.36	57
36.36	38
34.64	50
34.19	64
34.08	126
35.33	36
34.29	40
34.33	58
38.52	23
34.1	67
35.45	22
39.45	48
35.94	43
35.96	22
33.33	68
34.25	61
34.53	98
39.6	17
35.67	86
31.14	14
33.93	27
37.56	29
34.2	57
33.72	30
35.36	112
40.5	42
37.17	43
36.5	21
34.32	60
37.58	24
32.35	67
36.06	83
32.74	46
34.37	70
37.9	24
38.86	12
35.92	37
35.41	49
36.28	61
37.13	53
35.46	65
35.17	29
35.34	70
36.86	105
37.94	56
35.69	55
35.48	63
33.53	49
35.11	100
33.78	63
32.06	67
37.56	52
33.45	54
35.7	52
35.39	41
35.98	94
34.48	67
33.53	50
33.12	71
33.98	67
33.44	49
40.07	60
33.36	60
34.32	65
34.4	29
34.48	69
36.06	37
34.31	46
36.2	76
37.29	51
34.47	129
34.32	63
33.83	51
34.34	35
37.22	31
36.89	75
35.46	63
32.9	27
38.05	54
34.22	37
32.81	71
36.19	27
33.58	103
32.79	112
30.92	64
35.59	31
35.08	53
32.95	63
33.62	50
34.28	118
32.99	5
35.26	28
33.2	129
36.45	69
40.73	22
37.01	39
35.09	72
34.37	71
34.11	71
33.13	71
31.69	53
35.2	54
36.1	52
34.11	71
35.27	106
32.48	48
33.37	68
33.74	68
37.93	55
35.09	60
37.43	91
32.32	69
33.46	116
38.35	44
36.62	40
32.17	78
33.28	106
38.43	15
38.12	6
36.73	62
35.44	126
35.84	67
36	71
33.98	40
36.08	71
33.47	120
34.97	103
34.27	57
32.22	61
33.29	65
37.03	51
35.32	87
33.63	67
37.67	62
34.73	62
33.38	48
34.08	30
36.58	21
34.21	70
33.96	35
34.11	34
34.56	24
36.98	48
33.38	52
32.72	72
36.11	35
32.43	70
33.36	20
31.93	122
36.46	96
35.07	107
32.96	50
33.58	57
32.88	59
34.31	48
33.09	68
35.76	61
36.65	43
33.46	66
35.5	17
41.06	30
33.63	56
32.79	64
34.29	54
34.19	49
32.12	52
36.61	51
35.44	60
35.41	51
34.82	55
37.2	27
38.1	0
34.4	56
36.03	53
32.77	15
35.51	57
35.04	103
35.66	49
38.03	69
34.38	53
34.04	70
36.14	90
34.73	67
35.72	38
36.66	109
35.9	102
35.74	25
34.28	44
34.98	47
36.13	75
34.22	70
35.19	42
32.28	72
33.73	52
33.02	38
33.93	33
35.5	62
36.54	54
32.52	37
35.63	92
32.83	25
34.47	111
36.22	72
34.36	129
35.24	67
34.35	41
35.34	71
32.49	4
35.63	42
36.24	62
33.53	33
33.3	64
35.24	31
35.19	50
32.63	68
34.04	69
32.42	30
36.29	58
36.91	33
33.41	9
35.03	65
36.68	64
35.44	56
35.35	48
34.92	66
34.95	70
35.65	84
33.27	50
32.81	81
34.57	70
32.12	69
38.33	61
33.9	68
33.38	59
33.85	49
34.67	65
31.83	6
37.14	52
36.17	90
34.47	119
34.67	90
33.47	64
34.51	45
38.11	11
37.93	38
39.89	44
39.06	47
34.14	105
31.96	111
33.35	68
33.29	29
35.98	18
31.14	71
31.5	63
33.75	59
32.12	86
32.71	105
33.61	104
33.29	38
33.82	60
31.75	70
34.24	119
36.4	101
33.94	69
32.13	61
32.48	29
34.04	125
35.11	67
33.9	68
33.83	63
33.99	32
34.89	18
40.17	37
31.8	71
33.04	54
36.03	14
36.04	118
35.12	124
33.88	55
34.68	54
33.82	19
35.87	30
38.84	35
33.24	66
34.47	69
36.81	22
35.02	46
33.58	70
33.93	63
33.53	57
34.53	63
36.51	42
34.72	103
35.67	47
33.35	37
34.14	69
31.93	44
34.9	69
33.99	52
34.07	58
36.33	83
34.32	31
34.7	110
33.83	47
33.51	50
33.78	68
34.35	68
36.3	92
36.12	35
38.2	70
35.26	100
36.21	125
36.74	55
35.59	103
36.82	72
39.42	72
34.97	122
33.77	36
34.84	57
32.84	72
34.74	108
35.79	2
33.49	56
37.64	20
33.84	73
34.19	68
33.9	107
36.87	17
36.79	17
33.42	89
33.77	66
33.54	67
32.03	30
36.63	17
37.99	37
36.02	14
35.74	32
32.83	51
35.51	26
34.05	38
34.94	58
33.35	47
35.03	121
33.27	58
34.31	82
33.54	64
34.59	112
32.83	71
35.04	40
34.19	43
34.82	24
32.48	71
32.5	72
38.61	52
39.25	14
32.41	63
34.59	65
34.17	102
33.94	27
32	67
34.52	55
34.36	105
35.23	51
34.03	29
35.21	82
35.6	71
35.12	23
33.99	77
33.78	105
37.52	44
35.35	102
34.41	68
36.17	46
35.51	25
34.78	36
34.17	32
34.63	30
33.93	104
36.46	64
37.23	51
33.51	3
35.89	119
35.58	24
36.53	115
35.68	58
35.5	24
35.3	68
34.13	121
34.1	55
33.53	56
34.18	56
34.96	35
39.4	31
33.46	20
34.98	59
33.03	62
34.9	89
36.87	49
37.02	12
33.34	72
33.12	71
33.5	69
33.72	64
33.6	56
34.71	58
35.6	48
34.29	51
32.06	118
34.34	126
33.67	69
32.88	57
34.7	54
32.36	121
34.03	57
34.02	128
34.12	71
33.57	69
34.87	60
37.19	51
36.38	27
38.18	31
32.8	68
34.49	64
34.84	61
36.37	40
34.5	122
32.51	67
33.27	51
34.28	70
34.43	19
34.13	46
36.75	38
35.71	54
34.16	63
33.02	66
32.95	71
34.32	67
34.08	92
31.17	7
35.6	57
35.67	27
34.4	87
34.5	56
34.34	102
33.61	90
32.38	41
37.66	37
34.83	64
37.77	21
34.52	4
34.77	108
33.51	72
34.98	57
35.19	38
35.06	44
35.55	123
35.97	71
36.23	43
34.81	17
35.79	106
33.89	54
36.79	94
34.73	99
36.27	123
35.91	79
35.92	67
33.57	72
34.75	70
31.05	68
36.38	20
36.07	92
32.87	1
34.93	106
36.58	64
39.38	40
39.52	43
36.48	52
34.79	61
35.7	52
33.09	24
31.54	55
33.06	62
34.16	59
34.67	37
33.18	111
32.41	67
31.86	34
35.25	85
32.45	69
32.11	47
32.65	64
35.05	57
33.02	35
33.79	100
32.27	39
33.37	59
33.54	55
33.87	8
37.06	22
33.4	58
35.42	60
33.92	105
31.93	72
32.15	36
35.1	76
37.38	47
35.94	73
34.41	65
37.99	83
34.01	128
33.54	35
34.63	83
35.66	74
38.85	50
38.51	29
33.39	36
34.63	79
35.36	55
33.42	54
35.41	108
33.27	64
35.27	54
34.41	66
35.39	72
36.89	33
32.23	57
32.46	38
33.66	70
32.15	127
32.66	46
33.94	66
35.09	11
34.32	22
37.38	46
35.19	61
32.25	65
34.37	65
34.31	72
33.86	19
32.69	22
34.79	18
34.19	75
32.02	59
33.72	28
35.37	39
33.54	53
34.03	72
35.48	106
34.69	69
32.58	72
34.29	62
37.07	52
35.34	100
32.69	61
34.71	123
36.01	110
31.97	49
35.58	55
34.04	49
33.37	66
33.56	67
39.61	35
36.12	11
33.37	64
35.83	63
33.42	62
35.13	118
35.19	35
33.29	54
36.87	46
34.53	55
36.02	95
32.93	24
33.79	43
32.9	126
36.21	59
35.02	115
34.09	38
33.24	25
34.92	16
35.31	59
36.96	29
31.89	43
35.4	43
40.6	12
100	0
33.5	70
35.07	50
38.7	13
34.4	62
35.44	116
36.16	35
34.53	83
33.25	66
39.2	30
36.91	57
33.69	59
32.93	69
33.22	59
32.22	66
33.52	61
34.74	73
34.51	108
33.98	102
34.56	23
36.93	19
34.98	118
35.6	74
36.21	61
34.65	50
35.74	69
34.51	28
36.92	20
34.16	42
34.33	119
33.12	49
34.9	75
35.51	79
34.52	89
35.17	72
35.72	46
33.9	69
34.67	84
36.1	121
32.12	51
33.75	22
34.33	20
34.95	23
33.93	38
32.14	54
31.18	54
34.26	88
33.52	97
33.22	61
35.56	44
32.14	72
31.45	60
33.09	117
35.07	51
31.69	4
35.86	28
32.71	31
36.39	16
33.34	30
40.66	41
35.83	10
32.76	15
34.8	27
34.86	43
34.03	63
35.12	53
33.85	19
32.85	5
33.08	42
35.22	59
38.89	28
33.93	45
34.08	109
34.61	61
34.37	115
35.24	111
31.75	64
33.41	69
35.41	50
36.08	33
32.31	66
32.35	63
33.98	96
30.36	6
33.48	47
33.54	100
37.04	11
36.83	18
34.3	25
30.96	3
32.27	48
32.57	59
36.77	12
32.54	61
32.61	59
33.96	104
33.02	46
33.16	70
32.41	62
34.99	62
34.54	65
36.12	41
35.16	69
32.86	72
34.79	39
35.87	59
32.95	22
33.88	85
30.89	60
33.7	40
35.04	62
31.57	65
31.81	64
34.26	54
39.22	35
37.06	31
34.63	121
35.12	62
33.45	80
34.17	47
34.94	51
35.23	32
34.86	89
35.2	88
35.23	101
33.3	67
34.19	21
33.72	70
33.16	61
33.59	65
34.7	92
35.74	68
34.9	33
36.46	96
35.35	67
36.8	71
35.54	59
34.81	75
32.98	123
35.18	48
35.88	20
35.11	54
34.48	97
34.08	67
35.96	121
33.83	70
36.17	24
35.11	48
33.35	63
33.61	23
33.88	101
34.19	19
37.7	26
36.56	32
36.73	29
35.79	60
36	91
37.29	54
32.51	64
33.51	15
36.67	44
33.36	42
32.81	5
32.7	122
34.58	55
34.96	53
32.91	66
40.17	50
35.03	10
33.82	57
34.44	60
35.15	54
34.33	67
33.66	67
38.02	36
34.93	51
34.92	26
36.2	7
33.9	54
32.96	53
33.28	116
33.45	66
33.85	124
32.77	45
34.16	32
33.14	40
34.73	52
36.12	51
31.75	125
40.45	45
35.03	10
33.51	15
34.55	55
34.96	53
34.57	84
33.36	42
32.81	5
33.62	69
32.92	66
35.46	127
35.54	60
35.01	118
35.98	88
36.19	24
37.01	14
38.68	21
36.97	32
42.93	24
34.96	128
33.11	55
32.72	65
39.93	32
35.73	85
34.07	104
34.95	123
34.11	59
33.3	91
34.16	69
34.25	44
36.03	38
34.13	64
35.76	71
36.34	121
35.75	25
34.89	47
37.02	9
36.38	37
34.65	2
35.64	71
36.39	37
38.76	50
36.63	106
36.19	126
39.45	17
39.06	44
37.49	82
34.45	14
35.66	125
38.11	54
33.73	38
33.34	71
34.44	92
33	69
32.51	62
30.56	71
34.64	117
32.2	54
34.69	21
33.85	52
36.39	53
38.76	44
34.03	64
37.08	87
35.51	105
33.4	41
33.43	55
32.05	67
33.8	54
35.5	35
32.53	70
36.71	58
37.75	35
34.91	60
32.98	70
36.89	90
34.77	53
33.93	107
40.39	29
37.96	20
35.55	27
34.43	65
37.04	60
34.7	54
37.6	42
34.9	50
34.25	61
35.67	58
35.82	69
35.49	37
32.91	58
34.75	71
33.33	55
32.5	23
34.44	95
33.01	63
36.88	70
32.96	126
34.5	61
33.6	43
33.25	62
36.13	120
36.19	74
35.74	79
34.95	61
38.2	15
34.25	70
36.29	61
34.18	67
33.77	64
36.01	69
36.26	67
36.08	94
37.35	62
36.31	120
37.49	63
35.94	50
36.45	114
38.44	39
37	60
36.87	17
36.93	45
36.01	65
35.36	23
37.2	33
33.84	60
33.23	109
34.95	46
34.7	46
34.36	70
35.04	69
36.05	87
33.58	67
36.2	64
30.76	65
34.91	62
40.75	22
36.22	64
36.46	46
33.6	65
34.87	107
35.46	30
34.46	28
37.32	94
35.75	119
32.93	71
34.47	68
36.88	44
36.68	6
35.64	68
34.93	39
38.76	43
35.04	68
35.57	63
34.81	46
32.86	42
35.52	59
35.5	3
33.84	69
34.09	40
34.43	53
37.82	17
40.4	12
37.38	27
35.91	53
35.46	111
36.29	68
35.84	71
36.54	43
35.21	103
35.73	43
35.83	92
34.86	14
36.49	105
33.29	22
35.51	11
36.39	109
36.22	53
35.65	87
36.85	71
38.29	51
35.55	128
35.48	53
35.16	41
36.53	42
35.5	54
35.22	57
35.7	69
36.24	51
35.7	68
34.87	100
35.43	105
36.24	52
36.08	56
35.04	105
35.8	66
32.44	14
32.84	69
31.6	60
34.92	105
35.51	49
36.08	98
33.74	66
36.67	58
35.04	56
35.22	104
35.36	24
41.01	37
34.98	58
34.27	82
35.67	49
36.2	58
33.11	67
32.37	69
37.04	22
33.95	71
33.66	82
33.16	63
33	50
32.99	41
34.07	93
36.34	31
33.57	14
36.06	63
34.55	57
35	45
35.91	62
36.69	59
36.41	65
34.35	66
33.87	69
40.95	16
36.56	28
34.15	69
34.01	66
36.06	33
38.41	9
40.07	21
38.85	23
34.56	37
33.67	66
32.87	12
33.22	72
34.08	57
34.84	67
36.36	62
35.93	53
35.38	64
33.45	66
33.54	72
35.58	108
35.22	105
35.38	61
36.48	61
37.42	61
35.68	79
33.87	49
31.52	71
34.12	93
33.12	61
39.08	32
34.25	59
30.99	66
33.04	44
35.11	79
33.35	42
32.39	126
34.92	56
32.41	52
34.46	49
37.72	67
36.5	69
35.29	128
36.39	46
33.69	60
32.18	42
35.71	78
37.88	16
38.93	25
37.64	37
34.3	69
36.46	94
35.4	74
35.35	68
33.96	54
35.19	40
34.72	99
34.68	44
35.48	40
35.22	64
33.44	104
33.6	121
33.66	114
33.3	53
31.89	45
30.66	72
32.53	112
32.05	26
33.58	14
31.35	62
34.32	64
35.34	81
32.74	53
34.95	15
35.45	31
31.19	6
37.36	37
36.25	22
33.55	57
34.03	106
36.89	61
36.55	37
35.86	70
35.5	78
35.34	122
34.7	118
35.11	62
36.38	72
34.58	71
37.07	63
32.82	30
34.49	43
34.41	128
32.59	68
34.71	42
35.19	25
34.08	71
35.54	51
33.28	72
35.68	107
31.87	8
30.41	66
33.76	124
32.62	53
36.87	56
34.82	55
33.94	49
34.11	37
32.48	55
32.44	30
34.36	37
30.38	66
34.37	42
33.41	58
32.2	55
33.58	65
36.64	56
33.21	70
33.94	83
34.11	124
35.8	59
31.81	71
33.02	68
32.54	71
33.59	45
35.45	77
31.48	72
33.64	69
34.45	60
32.91	65
31.32	72
35.29	67
40.18	16
38.61	45
32.69	55
34.48	59
33.53	69
35.68	57
35.11	69
32.16	64
35.22	20
36.96	24
36.62	26
33.36	103
33.91	57
33.22	41
33.43	38
31.11	71
34.83	41
33.99	55
31.68	42
34.56	68
37.3	21
32.48	70
32.78	62
33.22	118
32.84	115
34.58	56
34.24	40
33.4	124
36.6	19
32.91	126
32.69	54
33.76	62
38.32	29
38.63	15
35.75	29
38.24	54
36.48	38
34.75	44
33.45	66
35.14	56
32.22	32
34.2	68
33.35	84
33.88	59
31.47	55
33.53	122
34.19	69
33.22	49
32.78	124
33.56	125
34.09	13
34.03	65
36.78	47
35.43	71
32.85	17
33.95	71
34.69	37
33.54	95
35.05	44
34.2	68
36.76	16
33.25	65
31.94	66
33.59	23
34.4	54
34.3	55
35.19	37
34.25	101
37.48	55
35.21	57
34.39	63
34.37	61
34.5	67
31.08	16
33.79	57
35.89	39
35.22	28
34.98	62
36.43	111
38.24	36
36.12	57
35.91	59
34.21	119
34.39	48
33.78	62
35.23	91
35.48	67
35.32	120
32.67	121
36.08	64
35.97	22
32.58	64
32.9	58
33.08	82
33.63	45
34.55	72
35.75	26
32.06	70
32.1	60
33.69	40
34.33	55
33.1	22
32.8	70
33.32	62
31.74	71
33.54	126
31.69	70
33.7	57
34.08	70
37.79	21
34.29	36
34.06	93
36.55	29
32.64	60
34.93	68
37.27	50
34.98	70
32.93	64
38.76	32
32.87	15
34.32	43
34.33	128
33.36	42
32.85	5
33.95	13
35.05	55
35.12	34
35.12	53
32.43	59
32.06	69
34.62	89
32.28	45
36.27	51
33.93	72
34.83	57
34.66	64
33.66	44
33.23	71
37.17	42
37.66	77
33.77	60
36.21	38
35.98	105
34.76	111
39.39	63
35.18	64
38.23	47
35.27	59
35.51	109
33.58	71
32.51	45
33.85	124
35.23	45
33.94	37
32.95	44
34.76	46
34.14	66
36.6	13
34.68	44
34.23	116
33.99	69
34.45	71
35.83	100
35.27	38
33.06	66
33.7	67
35	94
35.79	59
34.04	66
34.49	121
33.58	20
36.1	55
33.62	55
35.36	42
32.15	70
32.8	59
33.68	65
33.16	68
33.42	128
36.51	49
31.1	70
35.84	56
33.75	63
34.67	42
34.75	15
35.75	54
38.81	68
32.67	66
36.47	50
38.97	59
35.7	71
34.74	90
36.78	48
34.53	6
35.22	17
35.06	6
36.21	62
34.93	115
32.97	61
31.36	72
31.35	33
31.98	16
33.73	94
30.06	72
32.67	128
34.29	23
30.52	60
33.72	38
32.63	71
32.4	31
35.4	61
34.91	53
33.7	62
40.11	19
34.51	41
34.62	8
33.15	21
33	42
35.46	120
32.37	64
35.15	96
36.04	31
34.86	103
34.96	72
33.73	117
34.85	70
36.51	73
35.99	127
32.79	45
32.67	63
33.24	53
34.42	78
33.01	44
33.68	64
35.76	9
33.16	66
34.9	40
32.22	71
34.64	64
33.87	45
34.76	45
32.93	43
33.12	72
36.07	35
34.9	92
36.53	70
33.5	76
33.16	71
33.75	62
35.68	60
33.74	66
34.33	57
34.8	112
32.73	5
33.94	45
32.35	48
34.57	63
35.88	70
35.08	125
33.35	71
35.72	42
33.75	127
34.78	51
33.71	45
34.78	120
35.87	67
35.11	62
33.63	30
33.04	69
33.23	61
31.54	9
33.36	52
34.56	47
32.53	45
32.41	30
33.18	127
31.67	70
32.29	48
34.91	8
31.3	27
33.03	65
33.56	14
32.77	49
32.68	101
33.32	59
32.4	71
34.67	36
33.39	105
32.37	99
37.82	36
36.11	52
31.66	12
32.22	63
33.49	122
32.67	68
32.86	10
33.85	42
31.69	55
36.86	121
35.86	89
34.85	58
35.63	125
38.12	92
35.58	67
40.94	41
36.35	73
35.32	101
39.41	38
33.09	68
35.49	42
34.2	45
34.11	90
34.8	41
33.61	82
33.67	44
33.56	17
33.57	40
33.03	116
36.2	58
34.56	43
36.78	67
37.29	67
35.01	68
35.82	41
36.65	109
34.3	71
34.73	78
36.73	94
39.09	37
35.66	62
35.59	59
34.62	113
36.03	62
34.98	45
32.25	70
38.28	63
34.03	127
37.78	72
32.92	71
31.64	5
35.48	1
32.94	119
35.61	51
33.69	19
34.45	70
33.81	39
33.71	70
33.82	58
34.02	10
36.42	83
34.04	99
33.08	65
33.48	63
35.72	89
35.95	32
32.78	109
32.93	44
35.79	94
34.75	11
35.59	50
34.75	65
35.05	62
38.79	43
35.15	124
36.93	68
35.11	81
36.32	102
34.9	55
35.33	92
34.16	39
32.5	5
33.11	10
34.37	117
35.56	60
33.66	36
36.69	11
35.7	46
32.79	35
34.24	87
33.71	22
36.1	54
34.22	63
35.81	107
35.03	68
34.3	88
33.61	69
35.85	55
34.14	53
35.18	109
33.61	19
36.53	46
39.54	59
33.56	52
34.35	64
32.59	72
35.93	103
38.56	32
35.27	59
34.66	34
33.74	58
34.58	46
33.62	69
32.54	68
35.55	65
32.54	59
33.74	68
36.43	19
32.22	62
34.51	119
36.51	44
36.88	81
34.52	58
33.88	68
37.32	66
36.34	103
37.09	59
37.11	129
35.52	71
36.21	56
34.25	121
36.7	52
36.01	49
31.2	64
35.67	63
34.43	91
35.55	53
38.14	19
38.23	18
34.65	56
35.43	53
33.54	66
35.37	47
38.03	44
34.88	63
34.11	71
34.73	56
35.17	71
35.84	78
34.88	65
34.4	57
34.18	92
32.54	58
33.86	92
35.84	70
33.74	120
32.11	49
38.59	34
32.76	69
36.99	23
36.78	14
36.01	43
38.22	15
39.13	35
34.59	127
36.16	65
33.57	35
36.28	5
40.58	30
33.75	124
34.3	113
32.56	70
33.55	70
35.14	46
35.93	38
33.66	41
32.06	66
35.67	66
35.08	110
36.4	107
36.56	64
34.52	93
35.99	46
36.91	81
33.67	62
35.3	53
35.98	22
35.33	33
35.14	61
31.9	59
32.78	69
33.56	51
31.5	69
33.64	88
37.37	58
32.06	24
33.88	35
34.11	27
33.41	39
33.81	109
34.43	128
33.11	56
33.71	59
34.21	70
35.19	56
36.86	31
37.13	40
34.43	101
30.43	6
33.7	126
33.35	61
34.48	61
37.1	23
42.61	9
35.45	21
37.31	12
33.37	66
35.2	24
35.89	86
34.73	120
34	26
35.36	69
34.93	102
35.85	125
33.14	51
35.1	69
33.37	64
36.51	21
33.32	58
35.89	69
35.42	72
34.61	16
37.39	63
35.48	39
32.33	65
34.4	126
34.25	106
31.72	25
36.14	70
35.37	66
33.87	5
34.91	63
35.46	62
34.12	54
34.52	57
34.92	90
33.95	71
33.35	19
34.14	129
35.18	59
34.66	60
36.05	70
36.26	72
34.74	57
35.86	64
34.88	94
35.91	103
36.48	54
36.48	54
36.28	48
36.39	90
34.27	60
35.24	64
34.99	59
35.87	61
35.34	69
36.75	22
35.2	128
37.03	61
33.19	63
33.7	44
33.47	43
33.49	56
35.54	40
34.83	123
36.51	45
34.61	66
33.99	68
35.3	62
36.79	28
35.54	51
33.63	123
33.07	118
34.52	70
32.83	114
33.9	63
37.75	28
34.18	26
34.38	63
30.95	64
33.39	90
32.75	47
33.98	43
34.12	36
35.51	90
33.47	59
34.83	103
34.2	28
32.2	87
33.72	99
31.88	69
33.8	45
33.65	50
37.95	44
32.42	127
33.28	104
34.46	50
37.53	55
34.65	72
36.13	35
31.53	71
33.3	32
36.49	17
39.51	39
34.06	67
33.48	59
35.64	72
32.54	71
32.2	60
33.3	40
34.13	29
34.79	114
34.29	115
32.61	63
35.42	99
32.5	70
36.16	59
33.12	44
33.11	59
34.66	49
35.67	66
32.89	63
35.33	3
33.01	67
34.79	35
35.68	106
36.3	34
34.19	59
35.03	38
34.06	117
37.36	1
40.36	20
34.02	64
35.38	59
33.13	67
32.5	17
35.01	69
34.23	116
33.89	117
32.63	63
34.76	25
34.07	91
31.64	5
33.83	91
33.01	46
32.3	72
33.75	28
34.18	114
32.47	122
34.58	54
33.64	66
36.29	51
33.8	72
32.34	66
34.04	88
31.02	67
35.69	59
36.16	49
31.64	56
36.82	56
32.7	37
33.88	61
34.85	49
33.08	57
34.71	53
38.77	32
40.66	29
39.12	22
38.2	43
35.32	62
34.85	72
33.94	43
34.85	72
34.14	67
34.84	51
35.03	29
34.74	65
34.43	40
34.85	72
36.86	73
35.45	83
35.51	65
35.95	119
34.15	69
34.35	59
36.71	94
35	124
35.58	72
35.5	39
38.82	57
33.26	98
33.26	98
32.75	65
34.08	116
32.33	54
32.33	36
33.68	44
33.26	98
33.27	60
36.11	67
35.11	50
37.25	21
36.37	23
34.6	23
35.35	72
35.48	27
36.4	78
34.64	64
35.76	70
35.58	87
31.79	69
34.48	58
33	51
33.82	29
30.95	69
33.45	50
34.45	119
35.98	29
34.9	63
34.24	121
32.36	72
34.32	61
35.1	62
32.83	61
34.88	50
34.43	53
34.1	72
32.87	70
35.18	86
33.58	51
32.63	69
33.59	20
33.34	39
34.91	50
31.22	115
36.96	38
37.54	33
33.5	36
31.73	39
34.56	66
34.43	54
34.75	63
37.59	35
34.62	68
33.47	50
33.33	65
33.74	50
34.13	53
33.71	54
30.59	61
36.15	22
33.4	50
32.89	66
35.12	111
34.56	28
34.35	58
32.6	53
32.34	67
34.65	104
35.73	58
36.23	47
32.87	69
34.74	33
36.09	65
36.11	81
35.53	41
37.35	62
34.7	65
33.66	6
34.16	84
36.59	35
35.6	45
34.07	37
34.54	124
31.93	71
34.85	36
33.79	97
35.38	56
34.12	94
32.17	61
34.62	47
34.11	112
34.77	71
33.7	105
34.65	68
35.34	77
33.65	46
31.4	71
34.96	104
34.5	33
33.45	112
31.3	70
34.14	52
32.46	41
33.71	57
33.11	125
33.91	38
34.1	93
34.62	57
33.83	68
34.01	31
33.25	98
32.75	127
33.51	74
35.41	57
32.54	42
33.87	70
33.48	87
33.1	60
35.63	90
34.24	56
35.15	49
33.8	72
35.35	62
32.37	44
33.67	64
35.06	54
36.9	57
32.75	22
32.38	65
36.23	19
36.23	64
33.14	72
31.51	69
32.64	70
31.63	67
35.17	64
33.88	67
33.35	72
31.82	58
36.97	52
34.89	119
34.52	44
31.54	71
33.47	64
35.5	108
34.38	72
34.85	64
35.66	64
35.1	101
34.45	38
32.43	69
36.18	42
34.14	46
33.46	56
34.1	32
32.12	59
32.95	36
37.44	37
34.78	53
33.22	59
32.59	68
32.3	35
34.3	56
40.86	43
31.87	46
34.85	41
31.72	59
33.2	71
32.7	63
33.22	117
33.72	71
39.13	30
38.45	22
38.37	54
32.8	71
34.16	72
35.56	11
35.08	101
32.62	90
33.16	71
31.53	10
32.11	57
34.41	66
32.82	106
32.59	61
33.4	98
31.61	22
33.7	65
35.39	46
35.52	22
36.87	35
34.23	67
36.99	61
34.01	58
37.29	60
34.16	66
35.06	126
35.74	93
35.32	70
34.42	126
35.56	46
34.24	71
38.27	67
37.21	54
35.14	68
37.7	40
39.33	41
36.63	49
33.46	68
34.21	104
33.57	28
33.72	35
32.79	69
34.17	69
32.3	71
32.57	68
38.3	35
34.56	65
33.54	53
34.31	113
33.54	112
36.74	51
31.93	21
33.92	103
31.89	17
32.17	13
33.17	114
32.85	28
36.63	57
34.4	59
32.52	58
36	55
35.52	69
34.94	112
37.03	25
35.43	53
35.62	72
35.89	68
35.66	43
40.24	24
38.43	34
33.91	72
35.91	33
35.12	73
32.88	48
35.8	107
35.75	43
33.56	68
31.83	61
33.05	77
33.13	75
34.92	24
34.2	53
36.8	33
33.74	51
33.34	115
35.67	59
33.54	54
36.51	98
34.62	52
31.88	37
32.75	9
37.95	79
34.41	49
35.33	54
32.24	69
34.11	117
35.2	129
34.42	90
33.12	68
33.77	51
34.77	25
39.51	35
32.67	59
35.01	92
35.04	59
32.91	51
33.01	5
36.18	58
36.04	30
34.19	62
34.79	68
33.59	115
35.49	25
34.06	122
36.48	46
32.81	10
34.08	42
35.72	53
33.98	67
33.48	70
35.75	18
34.14	71
35.11	30
33.72	60
34.92	48
34.69	49
35.05	41
34.68	33
32.55	66
32.55	66
31.17	66
32.91	66
32.43	66
32.91	66
32.25	66
32.59	66
32.2	66
32.76	64
32.76	64
34.67	53
37.98	50
38.86	40
37.96	33
39.29	23
38.89	25
33.91	31
33.56	29
30.64	64
36.27	27
34.37	77
34.01	125
32.22	106
33.73	72
33.89	91
35.67	16
40.5	27
34.42	108
35.52	39
34.55	77
32.59	76
33.75	80
35.06	54
32.51	81
33.83	80
32.33	79
32.96	80
35.54	47
36.2	44
34.81	61
34.64	77
37.38	60
32.01	80
35.64	54
33.06	80
32.64	61
33.71	129
31.86	74
33.71	74
31.92	71
33.01	69
35.64	54
34.48	77
32.79	103
34.25	78
33.69	39
31.28	78
32.42	71
35.88	25
33.79	92
37.04	72
34.16	65
33.53	59
33.32	78
34.56	43
33.14	79
33.24	80
32.24	71
31.27	74
33.21	43
32.98	42
34.49	72
38.64	41
33.07	58
34.23	71
35.83	25
32.79	79
32.88	61
32.96	70
33.02	64
35.5	62
33.04	154
34.22	69
32.39	41
31.04	80
34.72	72
34.8	59
31.92	71
33.04	62
32.11	74
32	76
33.43	43
33.29	62
31.81	79
34.6	62
34.9	46
34.65	79
34.9	79
34.75	66
34.04	29
33.84	64
35	38
35.2	31
35.26	68
36.87	53
32.43	79
35.35	110
34.45	69
33.29	59
34.17	57
35.05	46
32.34	76
35.27	60
33.29	59
35.74	56
32.83	72
31.53	62
35.51	40
34.77	154
35.16	63
36.7	57
34.41	68
34.74	64
36.14	78
30.48	77
31.18	78
31.34	73
33.55	80
40.31	12
33.76	48
34.49	58
36.71	77
34.48	64
33.7	65
35.42	72
35.63	102
33.82	5
34.46	112
36.3	18
33.62	81
34.46	50
35.2	70
32.98	78
34.24	81
38.35	35
34.84	51
36.31	70
34.87	75
35.29	109
35.91	77
32.94	76
37.01	72
35.87	61
36.91	54
32.43	79
32.88	60
35.81	113
35.49	61
37.57	64
35.06	98
35.77	68
32.88	59
34.75	72
35.49	106
34.43	76
34.91	47
31.88	38
34.22	53
33.06	36
33.2	77
33.41	73
32.38	76
33.38	56
32.71	65
32.3	77
33.17	69
33.62	74
31.97	150
32.26	80
32.41	73
33.43	80
32.63	61
33.77	67
33.13	78
35.88	33
34.68	79
34.35	65
33.53	79
33.83	151
32.54	158
36.31	92
35.17	62
35.38	62
33.97	71
34.53	70
36.06	49
34	122
33.75	57
34.39	48
33.67	77
34.13	75
33.57	131
31.72	58
36.67	42
33.34	129
32.71	48
36.54	55
34.36	52
33.08	66
33.22	58
32.94	44
35.01	38
34.1	13
32.01	25
33.71	60
35.3	80
33.75	53
35.83	114
35.17	63
33.33	4
32.89	74
35.75	52
33.96	70
35.08	37
34.52	52
35.53	49
34.29	151
35.82	141
35.4	66
35.27	70
35.01	66
35.27	66
35.64	70
32.73	159
35.37	113
33.54	79
31.45	77
32.93	120
34.23	24
32.05	161
33.93	26
32.07	152
34.48	65
33.04	102
32.92	102
35.22	152
36.34	46
33.41	20
33.41	20
34.34	126
34.41	130
32.8	71
32.12	61
31.84	10
33.69	48
34.16	68
31.85	71
33.14	127
34.74	129
33.53	131
34.16	49
31.19	71
31.84	10
33.36	58
33.58	35
34.27	71
32.06	41
33.57	118
32.52	157
35.2	68
33.2	16
35.09	90
34.37	66
34.82	66
31.84	10
34.06	48
34.06	48
33.35	123
32.02	59
35.92	117
31.69	81
35.03	48
34.11	155
32.87	72
31.64	80
32.85	77
37.21	3
31.66	77
35.2	51
36.64	56
34.92	88
36.99	21
33.9	73
36.64	38
34.2	51
36	55
33.32	79
35.67	18
