sim	len_diff
36.12	68
33.62	87
32.53	58
34.2	98
32.89	60
33.71	66
34.19	81
34.3	36
34.3	57
31.47	47
32.76	53
34.24	100
35.54	73
34.89	109
33.74	69
35.29	41
35.13	106
32.69	61
32.93	34
33.17	55
33.02	121
36	55
33.17	11
34.61	42
32.8	23
31.99	49
35.41	8
35.15	86
34.56	41
36.08	17
35.24	52
34.03	117
33.1	115
33.36	105
33.58	109
32.91	103
35.17	61
32.03	61
32.25	60
34.25	100
33.97	122
35.32	37
34.42	41
32.46	43
35.13	60
35.37	61
32.08	61
33.61	73
33.55	55
35.69	50
32.93	99
33.3	53
31.38	52
32.55	45
34.25	49
35.05	56
33.41	35
35.75	43
33.06	59
34.34	46
35.06	43
37.35	43
34.85	6
34.7	45
32.6	59
31.9	59
32.68	60
33.15	93
33.98	101
35.53	67
32.9	97
37.23	30
37.21	44
34.89	10
36.34	50
34.16	58
33.78	55
34.2	59
33.4	54
33.42	102
32.42	50
34.53	75
34.6	41
32.62	103
33.21	46
34.78	52
34.37	55
35	21
34.54	86
36.32	41
33.06	54
34.18	104
33	39
34.15	41
34.14	52
35.52	76
35.81	46
33.52	81
32.84	61
34.32	112
38.87	47
34.21	51
32.1	56
36.1	49
36.47	45
34.61	56
32.52	60
33.06	55
32.84	51
32.85	56
35.76	42
34.56	56
34	121
33.65	21
32.19	59
36.17	75
35.49	36
35.84	43
32.47	15
32.83	43
34.1	95
35.91	29
34.67	56
37.49	38
33.6	59
38.6	17
36.78	59
34.07	60
37.18	49
33.47	39
34.73	32
35.53	37
35.21	48
33.6	52
34.04	60
33.95	49
36.36	57
31.2	49
34.77	59
32	39
32.83	40
35.56	60
31.07	34
35.82	53
35.46	60
36.06	35
34.44	49
34.44	49
34.27	47
33.84	57
35.33	58
33.45	99
34.34	13
34.17	48
33.43	60
35.7	40
36.27	46
32.84	54
32.67	58
33.67	100
33.65	61
34.35	19
34.09	43
32.64	106
34.75	57
34.85	43
34.5	92
33.73	60
33.55	0
32.66	113
31.83	108
33.83	92
32.99	34
36.74	50
34.99	48
37.55	49
34.27	50
34.6	101
34.52	51
34.44	51
34.26	28
34.02	49
36.98	42
32.3	56
31.85	58
31.89	59
36.04	48
32.01	115
32.82	60
33.2	22
34.55	57
34.92	112
31.65	56
31.96	51
34.32	47
33.43	55
33.57	22
34.38	119
35.56	21
31.53	50
37.4	43
34.89	51
33.51	51
33.34	79
35.93	26
36.46	49
36.15	47
34.65	48
33.71	56
34.35	87
34.73	42
34.85	87
34.6	2
34.11	64
34.57	83
34.44	82
35.26	43
35.31	98
31.43	60
34.34	51
35.24	52
33.6	55
32.8	56
35.41	50
33.4	47
33.5	93
32.86	40
33.56	58
32.34	59
31.32	28
33.15	51
35.07	55
33.65	58
31.66	59
34.81	58
33.3	51
31.11	51
33.13	60
32.94	55
34.62	46
33.17	9
34.04	53
34.63	47
32.79	80
33.6	57
31.56	55
35.7	50
33.15	51
32.46	71
34.85	45
34.54	58
36.11	37
33.19	59
35.63	29
35.55	57
32.95	54
33.91	32
34.04	38
32.95	58
34.32	52
33.97	58
38.28	24
31.93	61
34.71	58
35.36	46
31.92	60
32.18	36
33.58	57
35.56	53
33.34	52
34.02	113
36.13	36
35.78	71
34.53	100
34.82	33
32.55	60
32.56	57
33.53	27
35.58	59
33.58	13
33.34	39
35.65	41
35	26
33.47	121
36.13	83
34.76	91
33.19	123
33.2	112
35.39	32
34.29	71
33.29	61
36.49	46
34.04	57
34.57	40
31.55	54
36.21	47
33.14	59
33.71	36
35.57	47
36.39	23
34.09	43
35.57	54
36.86	22
34.47	62
34.31	41
38.12	53
32.9	59
31.56	59
34.65	100
34.85	93
33.13	114
39.82	29
34.64	59
35.3	42
33.91	46
38.8	14
32.56	59
34.06	27
35.1	85
32.91	81
33.07	60
33.08	57
35.73	27
37.63	43
33.04	60
31.9	55
36	84
31.81	55
33.33	81
34.19	55
33.49	60
30.96	60
33.99	83
33.4	86
34.57	76
34.13	9
35.51	52
33.61	38
33.48	61
34.51	90
32.65	77
35.99	91
35.79	57
32.52	51
35.33	12
36.91	42
35.74	32
36.87	32
34.48	62
35.04	54
32.93	75
31.56	43
34.93	48
34.32	53
30.95	39
31.72	6
34.9	87
32.7	39
32.3	52
34.97	46
36.26	74
35.93	76
36.48	40
34.47	54
36.71	77
35.72	35
36.72	27
34.49	98
35.69	52
35.11	0
32.93	19
33.25	54
33.92	77
32.87	83
33.14	71
34.36	37
31.8	7
33.5	25
33.69	36
33.29	70
36.38	23
32.89	11
34.75	54
33.17	15
32.77	15
34.91	47
32.56	95
32.78	44
32.71	91
33.09	52
35.39	51
36.39	30
35.26	21
37.31	34
35.72	83
34.54	81
34.92	87
37.09	34
37.04	92
35.61	7
34.2	96
36.98	45
37.57	30
33.5	4
35.91	77
35.48	47
36.04	47
34.83	22
36.5	39
34.2	96
34.88	27
34.26	40
33.64	36
35.08	20
31.45	56
34.08	51
34.3	82
35.44	46
32.9	17
33.18	93
33.55	54
33.88	61
32.37	67
34.96	47
33.55	54
33.91	93
32.95	75
33.85	91
35.93	54
34.41	45
32.94	20
33.62	54
34.11	78
35.78	62
35.99	49
34.39	21
36.6	34
36.09	65
35	49
34.56	53
40.33	50
37.47	50
35.35	26
36.95	33
34.43	46
35.56	24
40.19	18
36.6	23
37.33	56
36.68	41
35.31	25
35.11	51
33.65	50
34.06	51
33.82	39
34.55	82
33.48	2
33.06	34
34.06	51
34.91	47
36.43	73
35.95	96
35.61	16
35.01	53
36.19	43
36.64	49
37.32	54
36.37	86
34.43	81
34.19	47
36.36	32
32.57	25
32.59	43
35.93	14
35.2	51
32.08	48
34.88	66
33.96	38
36.41	20
36.79	33
33.14	98
34.52	51
33.78	42
32.05	17
31.2	8
35.5	33
32.35	50
31.83	20
33.63	25
34.26	35
35.51	76
33.87	45
35.3	90
35.33	77
35.87	85
36.54	19
35.78	44
35.06	64
37.33	48
35.72	19
32.58	64
35.73	32
33.98	59
33.51	36
34.7	46
33	40
31.51	30
31.91	84
34.22	87
33.64	55
36.01	66
38.78	45
38.85	41
36.12	35
36.27	73
34.73	85
35.31	53
37.23	47
35.59	60
35.79	58
37.34	19
34.5	97
35.21	36
34.13	43
37.6	31
35.78	37
34.48	54
34.09	27
38.84	48
32.45	97
34.71	17
33.91	60
33.81	20
31.33	52
32.95	45
34.51	81
34.81	17
32.81	32
35.87	39
33.52	21
36.65	47
37.37	85
36.77	45
35.21	37
35.01	54
33.65	29
36.03	9
36.55	48
35.64	48
35.63	67
36.18	27
36.43	67
35.65	19
37.08	26
34.6	43
33.52	47
37.88	40
33.12	41
36.52	72
34.74	77
43.05	3
36.71	26
34.42	22
34.27	30
34.15	44
33.03	9
34.62	45
35.17	50
35.12	25
32.64	13
36.44	20
33.13	50
35.15	35
35.56	52
32.74	51
36.22	83
33.83	53
37.28	54
36.35	93
34.97	48
32.36	76
33.13	73
31.5	54
31.73	35
34.01	71
31.1	54
32.79	25
31.22	43
32.69	52
34.76	29
33.82	51
34.18	48
35.65	7
34.58	54
38.7	52
36.1	48
34.74	46
35.77	63
37.6	23
38.11	37
34.96	53
35.03	9
34.52	47
35.71	68
35.51	91
37.77	40
35.14	53
32.52	51
33.69	50
34.64	49
37.06	48
34.84	30
34.15	53
34.68	40
36.5	52
34.64	54
34.21	9
35.19	43
34.55	90
34.91	21
33.46	96
34.86	34
40.12	24
35.09	13
33.48	51
35.76	46
34.95	87
36.01	40
33.73	17
33.63	76
36.77	40
35.38	47
35.41	58
33.21	54
34.32	2
32.23	17
35	96
35.39	78
36.39	13
37.68	46
35.99	37
35	37
33.54	14
38.2	32
36.5	36
36.35	48
36.41	31
33.7	50
37.17	26
36.25	28
34.84	53
37.9	10
35.89	95
35.19	33
35.39	52
37	0
36.21	76
36.69	53
36.4	63
35.59	85
35.02	51
35.91	53
38.42	53
36.66	46
36.89	74
35.22	51
34.2	36
36.22	53
38.34	51
37.63	45
32.24	52
32.35	53
31.87	48
32.68	52
32.35	33
33.27	46
33.08	54
32.6	43
35	68
35.65	50
35.7	34
36.14	27
34.6	60
34.31	9
34.27	82
33.77	48
32	40
31.7	53
33.89	31
33.61	41
31.04	46
32.52	78
33.05	24
32.67	48
31.7	7
30.34	1
33.2	54
32.52	61
32.08	38
32.08	38
36.05	33
33.83	33
35.16	25
35.38	49
37.23	26
35.5	5
37.07	43
33.5	35
33.51	47
33.6	54
35.94	28
36.26	32
36.75	70
36.63	47
36.43	11
36.75	70
36.3	73
30.34	41
35.76	78
37.45	65
33.66	41
33.49	30
34.87	40
31.38	33
33.63	52
33.16	29
31.53	40
32.9	47
34.17	28
35.09	36
32.31	49
34.59	19
31.47	43
33.21	28
33.84	78
33.56	67
34.57	45
33.04	14
34.64	52
32.15	35
35.64	49
32.96	29
33.44	15
37.13	66
34	32
32.51	53
34.54	53
35.86	38
33.1	37
31.39	4
36.1	44
34.6	50
34.69	54
35.58	49
36.9	53
36	60
34.4	44
36.26	23
37.29	54
37.69	15
34.37	21
32.6	32
33.07	50
32.71	24
34.82	32
31.9	19
32.71	24
31.67	1
35.63	38
36.49	24
34.17	89
33.6	29
33.67	46
34.72	50
35.48	39
35.57	61
35.1	11
33.5	75
34.45	87
32.46	20
34.88	42
34.6	87
34.13	43
35.77	54
39.76	32
36.18	45
37.53	33
34.39	51
35.4	51
37.29	18
35	48
35.73	36
33.93	53
34.38	8
35.03	24
36.09	28
36.1	39
35.52	85
34.96	22
32.81	70
32.31	43
33.97	69
33.69	36
33.58	31
31.88	25
33.23	95
34.26	66
32.01	53
35.34	41
34.43	55
34.63	95
33.35	10
32.75	49
33.73	27
34.52	51
32.65	54
36.52	43
35.26	35
38.57	22
34.1	45
35.73	45
40.3	35
37.14	65
36.43	55
35.91	98
37.39	47
36.72	50
38.87	17
37.69	97
39.49	64
34.43	1
35.72	65
36.38	32
36.47	20
36.07	34
37.55	55
39.89	16
35.9	52
37.52	29
35.73	62
32.78	69
31.5	48
31.64	46
31.6	53
33.13	20
32.67	17
36.11	52
38	20
33.97	46
33.53	89
35.02	44
36.19	56
33.71	57
35.67	81
34.48	52
35.22	75
34.87	43
35.98	49
37.15	19
41.62	25
34.67	46
34.75	89
35.04	41
34.8	55
38.01	51
34.78	32
37.08	31
35.53	66
34.63	47
33.95	46
35.62	28
36.37	45
37.02	47
34.66	42
36.17	20
36.64	27
34.39	51
37.47	42
34.29	14
35	54
37.14	33
37.22	93
36.35	74
37.18	40
41.15	39
36.7	42
37.11	81
36.77	50
36.59	78
38.23	45
34.63	17
32.78	54
39.44	28
34.11	28
38.15	46
34.14	54
33.23	52
32.77	54
31.44	48
34.5	44
35.54	27
35.67	45
34.95	87
35.78	24
37.55	43
37.19	28
36.14	35
34.26	38
34.26	54
33.45	42
36.86	46
36.27	45
37.43	24
37.12	76
35.61	31
35.03	85
35.16	81
37.83	27
36.07	20
36.08	83
37.26	26
35.27	51
36.89	28
35.13	59
35.66	50
35.14	67
38.71	46
34.98	65
37.76	12
32.26	49
34.22	95
35.54	52
33.86	28
35.44	24
35.48	56
34.95	43
34.85	46
34.5	40
34.74	46
32.96	49
33.44	15
37.32	30
31.82	49
34.71	86
38.08	38
41.62	5
37.78	81
34.05	40
34.89	69
34.15	58
32.21	44
34.79	48
34.38	91
34.94	35
35.4	79
33.52	29
36.25	85
31.87	35
32.13	6
36.26	36
37.25	31
34.68	25
37.01	56
37.75	52
37.91	72
35.42	95
35.74	87
33.39	54
34.65	24
36.09	46
36.58	41
33.82	49
33.1	89
41.29	42
38.87	15
33.74	49
35.21	87
36.3	45
33.44	22
35.73	97
32.76	94
32.68	42
32.78	53
34.32	91
38.75	23
35.39	39
34.34	17
34.78	42
31.39	50
32.04	60
33.65	87
35.39	18
34.83	26
34	60
40	19
33.35	49
34.79	76
36.37	30
32.65	51
35.29	30
38.81	38
39.69	40
35.4	54
34.53	24
37.5	55
37.65	32
37.76	67
35.33	69
38.87	26
37.45	52
36.67	47
37.65	17
34.27	60
33.13	47
35.22	47
39.56	30
32.91	43
34.72	56
34.13	50
38.92	14
37.43	41
35.01	28
37.83	49
36.35	35
37.53	41
37.9	31
36.31	32
34.05	45
37.27	53
36.1	47
32.73	48
36.25	28
36.08	47
32.93	54
36.3	47
34.74	48
30.41	53
38.09	46
34.46	84
36.48	51
36.43	22
40.79	24
33.79	23
32.5	49
32.79	24
33.13	52
34.28	46
32.45	27
37.32	43
35.12	85
32.77	56
34.7	34
31.6	54
32.44	49
33.99	4
34.19	50
33.08	38
36.14	25
34.33	45
33.25	26
36.98	27
35.42	29
31.92	65
35.64	30
32.88	98
33.92	84
32.47	43
35.12	46
33.61	52
32.01	41
34.91	76
35.83	46
35.24	56
36.17	31
36.08	46
34.12	95
34.44	84
35.75	35
35.48	76
34.02	47
33.44	52
34.58	42
33.22	44
33.96	34
35.58	26
34.14	37
31.71	11
36.47	40
32.89	53
31.45	51
35.85	65
35.14	48
35.96	79
35.7	90
35.95	29
39.78	20
35.32	32
35.7	91
33.37	19
35.02	27
34.47	96
35.34	63
33.05	20
34.55	82
34.71	23
34.78	17
35.95	47
34.59	19
37.24	75
34.92	34
32.15	50
33.88	51
35.42	16
32.32	37
34.81	37
38.06	38
34.62	44
31.88	51
33.12	73
36.72	24
32.2	98
33.28	34
35.33	80
33.16	49
36.64	34
36.04	20
37.7	26
34.9	43
33.36	87
34.69	11
36.41	54
34.68	70
35.82	49
34.86	50
34.63	85
35.63	65
35.7	79
33.56	80
35.47	93
36.23	50
33.02	44
33.67	85
32.54	48
33.14	76
32.92	86
33.51	72
35.07	27
34.58	36
34.01	81
38.98	46
35.82	18
36.17	51
34.32	18
34.73	46
38.16	17
39.61	20
35.02	58
35.18	51
33.87	51
34.25	83
37.39	39
43.99	1
33.71	47
35.17	39
34.86	21
31.95	2
34.5	60
35.95	13
34.64	75
32.16	8
32.47	45
36.73	40
36.61	44
36.82	98
37.32	32
35.88	50
36.62	78
35.47	79
36.06	61
35.26	44
36	3
34.06	15
33.45	40
35.79	40
36.92	29
36.85	23
35.51	96
35.89	23
38.5	12
38.29	72
36.13	19
35.93	60
34.56	16
36.65	18
34.4	33
34.18	4
35.95	44
35.48	40
35.48	72
35.24	27
35.01	30
37.48	21
36.45	50
35.4	60
33.75	38
35.75	75
35.01	58
37.12	39
34.57	27
34.26	46
34.15	89
36.45	40
35.48	47
35.37	55
34.59	52
35.41	36
33.08	21
35.09	58
37.96	14
35.44	39
38.95	81
39.25	26
37.91	26
35.1	37
37.39	55
34.95	97
37.09	33
34.98	46
35.33	29
38.37	30
34.78	30
35.17	49
35.46	31
36.09	80
34.83	93
35.15	90
36.84	47
34.64	81
36.89	71
35.07	25
36.86	37
34.02	20
35.13	75
36.62	50
36.62	29
36.28	26
33.33	36
34.21	25
35.61	47
33.47	29
33.28	51
35.04	6
34.74	44
34.58	54
37.86	22
35.72	4
38.65	26
33.37	54
33.43	54
35.81	60
32.86	89
37.59	53
32.47	54
36.1	37
36.89	90
33.99	90
34.69	48
35.55	67
33.14	48
34.16	96
35.29	89
34.66	88
34.92	82
35.75	65
34.24	50
36.22	39
35.04	45
34	97
34.04	52
35.97	68
35.9	42
34.36	85
31.89	52
35.45	49
36.87	77
37.37	85
37.39	85
34.82	4
34.72	94
32.87	52
36.36	13
32.56	54
33.5	55
33.91	23
34.32	81
34.75	85
32.54	54
33.46	51
36.52	55
31.78	53
32.28	47
35.51	43
35.01	87
34.97	35
35.31	40
33.09	46
31.84	7
33.81	96
33.68	35
34.86	48
35.13	36
34.93	49
33.95	71
33.95	36
35.35	94
36.67	29
35.59	28
37.24	42
36.56	50
34.36	92
33.16	39
36.86	70
35.83	23
36.59	25
34.08	76
36.69	39
36.06	54
34.33	2
37.14	37
33.8	26
35.77	32
31.73	50
36.43	24
34.02	37
37.48	38
33.82	51
34.7	90
33.35	72
35.47	49
32.54	12
34.87	35
34.91	75
32.91	25
33.45	28
34.87	90
31.85	26
34.42	51
34.3	45
33.07	33
35.94	35
34.51	14
37.28	39
38.1	37
36.48	97
37.3	33
35.86	73
35.61	21
36.2	52
37.08	85
36.57	69
35.13	49
36.65	49
35.41	67
34.24	50
34.05	88
33.06	38
35.59	7
34.65	59
36.3	47
36.69	29
35.65	83
35.37	49
34.27	96
37.09	30
35.86	40
31.1	32
33.83	95
34.8	47
37.51	45
31.38	45
35.97	88
35.58	76
32.56	49
34.01	42
35.17	52
34.46	52
36.41	61
35.95	12
38.88	43
35.79	97
33	48
32.81	5
34.49	50
33.92	50
35.41	43
33.18	86
33.1	26
37.44	59
34.53	70
32.85	35
34.54	40
34.41	23
34.75	51
34.26	81
32.73	47
32.4	81
35.35	40
33.57	79
32.45	92
32.03	35
37.83	15
38.08	79
37.85	47
37.95	48
33.73	46
35.84	87
37.24	53
38.52	12
34.78	44
37.38	59
33.27	88
32.29	62
35.83	67
30.03	9
35.86	38
34.04	80
35.36	19
33.77	74
35.39	29
33.89	50
31.19	16
31.98	48
32.97	95
33.27	38
33.48	33
34.3	54
33.4	72
33.93	18
34.01	24
33.4	70
35.46	47
33.27	18
30.56	41
30.48	7
32.83	45
35.89	45
33.18	11
36.27	6
34.44	10
35.63	51
40.13	17
36.98	82
36	4
37.59	47
36.96	53
32.86	54
34.31	72
33.2	32
36.91	53
32.7	54
38.1	49
37.14	46
38.19	47
36.3	70
39.38	35
34.95	52
37.86	18
36.81	51
39.45	45
35.01	41
35.02	31
36	54
36.04	66
34.26	97
34.69	53
37.38	88
35.88	50
33.88	18
39.07	28
38.05	7
37.8	72
33.11	50
32.33	41
35.14	60
36.49	44
38.17	38
33.51	44
33.06	15
34.11	53
34.28	1
37.26	34
33.29	31
34.41	24
34.86	18
34.64	46
34.29	70
33.45	38
35.43	35
33.09	77
36.73	52
37.5	36
34.27	46
34.55	76
34.78	53
35.73	37
34.87	46
34.47	46
30.96	32
33.56	42
33.96	30
37.21	26
35.84	52
35.1	84
37.24	5
37.79	27
34.94	52
36.77	44
34.76	85
36.1	52
34.97	52
33.31	29
36.17	31
37.13	26
31.9	52
34.91	49
34.56	44
33.21	8
30.55	7
34.95	26
36.81	31
34.93	5
34.73	50
36.81	50
35.65	90
35.04	34
35.56	82
36.48	70
36.29	91
33.56	53
34.27	98
36.56	52
34.22	54
34.69	52
32.74	84
34.26	30
35.65	53
31.74	95
34.65	33
32.84	51
31.78	48
35.89	42
35.58	93
36.85	32
36.07	51
35.78	36
35.38	57
34.31	45
36.32	60
35.19	29
36.66	98
36.09	53
37.93	6
35.76	94
36.39	49
33	29
35.52	28
39.8	5
32.87	8
33.53	75
33.73	45
33.18	33
33.56	48
36.16	25
32.16	95
34.69	26
34.78	26
33.28	80
32.83	45
31.65	52
32.79	27
32.28	96
34.42	44
35.13	48
34.19	23
36.71	13
36.1	36
34.8	42
30.69	53
34.91	34
35.73	49
35.79	39
34.1	53
35.7	51
36.39	35
35.81	36
36.49	78
36.07	47
36.47	32
41.3	44
35.07	86
37.3	45
38.44	36
36.58	73
34.38	53
37.12	23
37.13	15
35.31	48
34.43	36
35.74	93
36.41	98
35.67	20
36.19	80
36.75	43
37.5	28
37	12
39.17	81
36.81	49
39.04	23
37.52	47
36.7	48
37.49	27
34.46	18
34.21	2
36.65	98
36.56	76
38.33	28
31.6	54
33.89	63
34.06	62
38.27	39
38.17	50
37.57	81
36.6	66
34.63	89
36.07	97
35.89	55
37.13	51
34.69	98
33.1	52
37.97	44
36.03	35
35.92	93
37.57	65
40.31	28
35.47	43
36.75	51
37.77	42
37.18	68
37.93	48
35.26	74
36.32	6
35.28	88
37.61	44
35.36	81
34.1	75
38.09	41
34.85	47
37.36	56
34.37	24
36.98	29
39.89	44
37.94	51
35.68	38
37.3	43
38.14	50
35.33	53
38.88	23
35.14	91
37.11	54
37.24	49
33.28	49
38.27	70
37.88	37
37.73	74
34.95	29
34.8	54
36.63	50
38.49	49
37.19	50
35.94	30
36.29	52
35.81	91
34.79	54
36.94	51
34.18	19
36.2	92
34.88	36
36.56	12
36.9	46
34.52	51
32.91	53
35.75	27
36.04	37
33.51	79
35.04	46
35.74	48
36.21	9
37.12	90
35.21	52
39.26	33
32.21	41
35.21	30
35.77	46
36.69	16
36.24	0
32.6	53
34.2	62
33.66	92
34.89	42
34.42	46
33.23	47
34.9	49
33.91	46
31.76	82
36.08	18
33.4	87
34.39	33
32.54	21
34.89	47
33.77	41
36.89	50
33.45	87
37.99	31
38.09	53
37.32	20
36.81	33
36.71	20
35.25	47
34.43	53
35.66	46
34.43	48
33.96	11
38.36	38
35.71	53
34.42	51
35.22	53
36.73	38
35.36	89
34.37	52
36.68	32
35.51	96
34.09	19
36.56	34
37.56	20
35.19	49
35.52	8
33.93	46
34.41	10
37.3	48
35.9	87
37.94	42
35.91	98
34.93	79
39.4	44
38.5	27
35.47	57
35.29	42
33.27	50
36.38	34
39.17	64
32.98	51
34.74	27
36.65	16
38.05	25
33.81	50
35.47	68
32.82	83
34.48	33
34.76	79
35.34	18
36.2	64
36.65	45
41.42	45
37.75	55
39.76	63
37.51	41
36.89	37
35.53	41
36.15	19
34.61	80
36.91	45
37.71	84
37.09	47
34.76	68
32.85	5
34.2	78
34.8	89
35.4	53
37.13	36
38	44
35.11	80
35.82	52
33.52	54
33.83	53
37.08	42
35.75	70
35.91	45
36.01	37
34.56	52
35.28	66
36.33	14
34.36	40
35.59	57
33.73	48
36.01	52
34.55	51
35.25	28
34.14	50
34.17	43
32.13	53
36.45	43
35.27	35
38.54	47
35.93	21
35.98	62
36.69	53
36.1	53
35.11	87
36.17	21
33.97	7
36.88	73
35.44	53
35.12	64
34.62	54
35.6	45
36.37	49
38.17	49
34.27	39
33.73	48
38.64	47
36.39	43
34.85	5
36.6	42
35.11	78
35.62	38
37.32	32
34.72	52
35.68	27
33.78	53
36.01	55
38.26	68
34.86	53
37.81	71
35.03	84
35.82	28
36.93	46
36.73	50
34.23	24
37.6	23
35.75	59
34.57	42
37	42
33.56	37
34.05	52
35.01	50
34.95	32
36.37	27
32.52	29
34.09	38
36.61	48
38.44	44
35.39	37
37.81	38
36.16	5
35.14	40
34.58	49
35.02	44
35.07	62
37.19	50
36.54	87
35.05	47
34.05	50
38.53	16
40.41	28
37	61
34.79	95
34.1	42
33.54	51
35.09	51
34.57	66
33.72	89
33.23	85
34.45	55
30.78	16
32.68	94
36.83	46
33.25	94
32.95	44
32.31	12
35.79	3
39.69	20
36	52
36.69	38
35.69	45
35.22	19
35.73	43
35.06	51
35.32	59
36.79	73
35.15	59
35.2	45
37.32	24
36.47	53
32.77	26
37.35	24
34.19	94
35.96	25
35.52	43
32.54	53
35.82	44
36.38	31
36.97	49
33.6	49
34.3	29
38.69	2
38	72
34.52	44
33.3	79
35.41	75
35.64	57
33.61	51
35.58	18
33.23	52
33.94	54
37.68	15
37.6	21
34.8	72
33.29	50
34.5	17
36.15	57
35.65	76
38.45	36
37.64	39
38.37	32
33.5	50
34.44	97
31.85	3
37.37	80
36.15	46
37.23	55
36.35	15
37.49	26
32.93	88
34.25	23
35.64	44
31.78	2
36.94	53
34.93	50
31.97	51
35.81	50
35.62	25
34.66	49
33.55	37
34.27	52
32.4	48
33.62	50
35.34	50
33.24	72
34.05	97
38.67	47
32.88	51
36.05	38
35.24	32
35.65	42
33.64	14
32.39	51
35.24	32
32.56	51
35.15	72
34.07	33
34.11	61
31.92	48
37.59	16
33.45	33
32.65	16
35.49	20
33.74	33
33.59	43
33.22	86
34.72	45
37.78	38
38.7	33
34.1	54
34.5	72
37.07	48
34.43	9
35.15	49
36.14	77
37.26	89
38.35	41
34.27	17
33.98	41
33.17	76
39.49	46
38.47	28
35.63	68
33.93	34
38.47	23
35.39	73
32.62	40
36.47	15
32.77	3
35.07	77
34.54	85
34.11	51
31.82	33
33.48	93
35.4	40
34.49	76
31.79	36
34.62	52
34.97	33
33.77	53
33.48	50
34.63	54
36.86	45
33.55	96
35.31	53
37.52	50
35.08	33
33.74	46
33.04	46
32.47	35
32.91	50
33.34	32
35.18	44
34.19	58
35.29	50
32.96	78
36.51	38
37.69	51
34.83	46
34.52	51
36.28	82
37.78	31
36.08	20
34.09	53
40.88	4
40.47	39
34.81	47
38.16	50
34.79	26
36.14	48
35.28	54
35.95	87
37.46	88
36.6	85
35	96
33.86	54
33.47	45
35.83	43
37.84	17
35.28	32
34.89	41
36.94	66
34.33	36
31.6	51
36.17	23
37.26	21
34.91	64
36.02	90
35.63	40
35.22	66
34.42	52
38.26	37
37.64	33
34.32	35
34	59
38.29	31
32.54	50
32.94	28
33.01	49
39.17	23
36.88	19
34.37	17
33.71	37
32.21	46
34.01	31
32.96	46
33.6	67
34.89	96
37	58
36.86	34
39	47
36.56	20
33.85	82
37.16	95
36.57	41
37.03	21
34.14	66
36.46	36
39.54	22
33.71	73
35.13	48
34.42	38
34.62	51
34.75	21
34.72	10
32.91	49
34.96	52
37.34	34
34.09	26
33.02	48
34.42	54
37.09	31
37.04	64
35.33	67
34.85	44
38.19	8
36.67	65
34.92	66
35.68	25
31.82	54
31.56	55
36.1	40
34.68	21
34.84	72
35.51	52
35.98	48
32.97	75
34.57	32
32.43	52
34.63	9
33.52	49
34.54	32
31.91	10
34.87	30
35.64	33
34.75	53
35.86	60
34.8	6
34.69	49
36.85	62
43.69	13
40.48	49
36.82	41
39.15	47
38.74	8
36.03	14
37.95	25
34.08	77
37.83	15
33.37	34
33.74	36
35.71	25
35.93	80
33.43	37
33.89	47
36.03	77
33.44	17
35.6	75
34.09	52
34.45	52
33.34	47
33.4	43
33.03	76
34.38	94
34.79	23
36.05	35
31.54	53
37.37	22
37.87	57
37.01	29
35.95	23
37.83	25
38.07	34
34.72	43
37.34	43
35.56	53
38.19	53
36.81	47
34.43	52
34.07	22
35.28	40
35.46	78
35.31	22
37.3	24
34.41	48
37.95	51
37.95	33
35.41	72
36.11	55
34.19	27
35.92	86
35.88	17
35.77	37
34.91	89
36.44	81
34.88	49
36.69	53
33.94	50
34.69	38
34.01	68
33.92	40
34.15	56
33.87	51
34.33	3
36.23	46
34.04	52
33.76	69
31.01	54
34.09	22
33.51	52
33.21	52
35.84	42
34.41	50
33.65	8
36.86	12
35.09	55
34.32	19
35.71	43
34.31	36
33.08	39
32.41	45
36.91	93
33.6	51
36.26	49
39.09	36
37.79	25
35.11	24
35.6	54
34.34	54
35.3	87
34.09	60
34.13	45
36.09	50
35.61	55
37.47	49
34.17	58
38.65	37
34.78	42
35.23	71
36.85	51
34.59	87
34.51	17
35.27	70
35.89	35
35.13	47
33.94	96
34.85	90
35.11	17
36.43	25
37.28	90
33.77	52
36.86	32
36.34	55
35.39	85
36	57
33.24	97
36.41	73
34.93	50
35.62	50
40.58	8
40.05	34
35.26	75
36.65	20
33.61	6
32.49	96
34.84	86
34.06	33
37.15	27
35.92	45
34.93	33
34.47	51
34.89	86
34.25	46
35.06	34
32.66	30
35.08	48
33.99	98
34.25	98
32.36	52
36.38	32
34.04	2
39.2	20
36	41
32.62	53
33.08	48
34.89	34
33.94	98
35.13	37
37.08	26
35.81	26
35.07	36
35.37	84
35.34	15
34.76	51
36.37	77
36.7	48
36.12	51
34.93	22
33.81	49
34.38	30
32.37	54
34.47	18
36.6	31
36.03	46
32.89	52
30.93	50
34.78	54
31.98	42
32.8	53
34.03	40
33.7	52
33.39	50
35.06	61
32.91	52
34.69	16
35.65	46
33.64	54
37.15	45
36.33	92
35.45	77
37.59	14
34.84	53
37.26	31
37.95	53
35.69	34
35.91	45
34.52	45
36.15	11
38.84	49
34.97	52
37.56	32
36.12	93
35.31	84
36.7	39
35.74	39
36.16	52
36.19	54
34.01	73
33.72	47
35.02	34
37.72	37
35.94	90
37.28	46
34.73	16
34.17	23
36.51	1
37.46	86
33.73	41
34.14	76
34.8	65
34.49	94
32.35	52
33.98	23
34.43	33
30.64	48
34.57	38
33.84	72
36.13	47
35	61
33.66	42
33.66	42
34.13	32
35.27	41
31.4	54
30.95	49
31.57	2
33.87	43
35.08	50
32.74	51
31.56	11
33	87
37.3	43
38.12	31
37.89	52
35.08	17
33.92	69
33.09	61
34.87	48
33.98	10
38.99	31
36.45	49
34.46	57
34.15	47
33.67	16
37.15	43
35.09	47
35.95	68
33.52	61
33.87	35
35.38	78
34.52	30
35.82	46
36.93	16
34.3	83
33.72	41
37.82	48
33.88	94
33.17	25
33.97	43
33.87	52
35.28	50
33.91	50
33.96	90
37.02	28
33.22	66
36.49	54
35.67	42
33.08	25
30.68	50
33.01	46
39	21
35.12	12
36.41	83
33.62	43
33.92	80
34.29	52
35.04	47
44.33	7
35.95	46
38.3	41
35.91	53
34.95	31
38.04	38
33.2	98
33.04	30
39.74	37
35.42	62
33.23	50
35.78	88
37.3	42
36.05	36
34.83	61
35.47	31
37	34
37.39	49
37.88	51
36.66	34
35.82	24
34.66	83
33.75	22
34.18	43
35.39	95
35.04	81
35.42	66
34.04	53
33.84	33
34.69	44
33.34	36
33.75	51
33.27	51
33.76	20
33.26	56
31.38	50
34.14	58
34.44	32
34.24	22
33.48	20
100	0
36.23	73
37.35	48
36.19	46
35.82	38
35.44	27
38.43	30
36.2	25
35.23	26
37.04	63
37.14	13
34.6	91
36.21	18
35.66	46
35.2	44
33.74	92
34.58	70
32.51	12
36.55	65
34.56	24
34.41	20
36.45	41
36.22	22
35.36	40
36.56	33
39.59	14
37.6	57
36.47	19
35.73	34
35.04	49
34	52
35.67	54
34.48	91
34.82	41
37.58	37
38.66	25
33.43	50
35.56	77
37.03	28
35.29	69
36.69	44
35.5	58
33.59	43
31.46	6
33.78	37
34.95	27
33.56	44
32.45	92
33.26	79
33.28	96
34.25	50
34.43	38
32.52	53
33.81	18
35.25	53
33.27	75
34.78	49
35.69	23
35.92	33
34.12	48
36.42	29
36.1	6
35.89	80
32.59	48
34.35	41
32.43	50
36.26	44
34.75	43
32.43	50
36.73	44
35.05	69
35.29	50
35.67	33
36.38	46
34.73	84
35.01	32
36.88	53
38.15	26
32.47	54
33.89	49
34.59	47
35.06	51
33.87	47
32.44	98
32.99	51
31.07	53
37.41	14
36.1	47
34	33
34.57	48
35.69	58
34.48	49
31.98	42
34.71	9
34.67	35
35.66	45
34.3	45
32.61	50
33.67	38
35.48	53
36.62	10
34.29	39
34.26	33
33.03	45
33.73	98
35.82	42
34.64	54
33.67	51
34.31	54
33.56	49
33.28	75
36.36	35
32.67	53
33.21	51
36.37	46
35.18	90
34.79	69
34.11	37
33	52
34.07	54
37.24	39
35.15	43
34.58	19
36.4	27
35.64	76
38.55	41
33.65	3
33.51	49
37.98	37
34.31	34
35.91	41
34.86	40
35.88	54
33.51	46
32.07	97
34.68	85
33.69	70
36.42	37
34.92	89
33.89	85
33.98	54
34.1	57
32.86	13
36.93	98
37.12	42
35.67	45
35.67	50
34.68	35
38.1	53
36.27	32
33.7	96
35.93	95
35.32	76
37.4	61
36.32	62
33.13	50
34.01	86
34.79	98
36.59	34
33.08	25
37.92	46
32.29	48
35.89	43
34.65	39
33.27	59
32.53	36
36.09	44
33.73	50
36.67	44
36.53	29
34.91	54
31.01	14
31.58	14
34.07	67
37.52	53
37.65	3
33.99	38
34.17	89
34.14	45
35.21	51
36.93	7
35.43	32
36.05	90
36.5	30
33.95	68
34.26	40
32.74	52
32.63	46
32.47	49
34.21	42
36.53	29
37.92	46
32.01	48
36.68	44
33.58	89
32.53	36
35.61	44
33.73	50
35.16	43
36.62	44
45.33	0
35.23	38
33.95	1
36.58	13
35.58	8
34.97	37
33.52	89
35.1	95
36.17	17
36.12	42
36.68	11
39.34	17
35.83	7
35.14	73
35.62	36
32.56	12
33.89	96
37.25	26
34.18	24
34.62	91
37.94	40
36.77	84
36.59	44
35.15	96
37.28	95
36.26	42
38.23	57
36.46	27
35.4	17
36.77	83
35.32	70
36.3	51
38.76	46
35.84	70
36.91	45
33.36	3
37.01	43
38.45	36
36.88	78
39.43	11
31.9	30
33.99	92
34.79	84
33.23	3
35.13	79
34.52	81
33.43	32
33.89	2
33.87	12
34.73	51
33.51	48
33.26	50
36.63	5
34.6	90
34.18	53
33.34	89
32.47	48
34.15	94
34.07	45
33.7	16
35.58	37
36.33	25
35.27	27
35.7	28
37.03	19
36.15	38
35.44	48
34.21	31
35.51	69
37.94	35
37.55	41
35.17	52
37.25	22
37.3	55
37.09	52
34.63	92
36.41	78
30.92	2
33.86	19
33.93	92
36.3	32
36.79	21
33.8	46
36.15	31
35.84	53
35.3	32
34.78	40
32.3	49
39.6	31
34.74	85
34.73	31
35.18	89
33.43	54
35.92	93
33.45	53
37.44	64
35.14	53
31.26	45
36.24	91
33.46	92
37.52	84
35.71	77
37.2	33
34.83	92
35.34	49
35.56	15
36.45	39
36.69	64
38.61	21
36.58	12
34.78	84
35.53	37
34.95	32
33.97	43
38.17	52
37.23	35
35.51	84
36.04	39
32.86	50
34.91	48
36.42	89
34.59	54
36.11	19
35.79	26
36.46	88
35.83	48
37.6	27
38.8	17
40.05	11
40.71	79
36.94	51
35.11	63
38.65	53
35.67	80
35.39	47
36.52	68
34.81	38
36.44	52
35.7	73
36	55
34.52	50
35.7	19
36.3	52
36.59	25
36.02	58
38.86	37
36.86	92
38.71	31
37.96	26
36.54	45
35.2	77
37.81	86
34.83	90
38.83	15
36.8	89
35.28	49
32.47	49
34.92	70
34.74	32
35.53	54
33.81	95
32.62	76
35.83	51
35.43	62
34.46	46
37.09	46
34.41	46
34.91	34
36.01	45
35.1	69
36.56	49
35.48	82
37.03	53
35.47	12
35.73	60
36.61	28
37.1	14
36.35	2
35.96	90
37.36	53
34.33	44
34.91	35
32.26	38
32.78	46
34.79	41
34.17	18
34.59	17
35.23	79
35.3	38
35.04	93
35.89	25
37.23	92
36.2	73
35.52	17
33.47	51
35.08	46
35.82	33
37.07	30
36.96	49
35.68	53
34.42	51
38.29	14
35.31	53
32.13	21
34.3	95
34.68	54
35.33	24
34.69	47
34.65	52
34.82	52
34.83	39
35.65	79
37.95	59
34.52	54
35.07	80
36.64	54
34.85	51
37.57	23
36.65	62
36.74	69
37.9	34
35.11	85
36.3	23
33.44	93
38.39	11
36.8	31
31.26	11
37.48	60
46.65	16
31.98	6
35.34	53
36.37	66
36.92	67
34.82	50
37.63	54
38.5	50
38.27	38
34.46	92
35.3	30
36.93	83
37.85	54
35.82	54
36.04	24
34.46	75
34.14	66
35.6	46
35.03	88
33.96	88
36.78	68
34.31	65
32.13	76
36.8	7
32.64	51
35.12	44
34.04	61
35.56	28
32.81	29
33.45	53
34.86	96
33.19	16
35.48	52
34.43	52
37.22	54
32.5	35
36.49	37
34.6	94
37.32	40
37.73	23
37.57	14
36.38	73
33.89	86
33.81	43
33.7	93
33.76	88
35.98	58
35.02	92
35.25	63
34.04	51
35.34	47
34.65	23
35.71	20
35.23	42
33.1	34
34.27	49
33.83	58
33.53	44
33.61	95
32.5	24
34.49	41
34.97	41
32.48	87
34.12	41
36.93	56
32.09	8
34.72	77
34.13	2
35.8	17
34	41
34.56	55
34.05	32
33.56	54
37.25	43
36.99	48
37.73	33
36.74	84
37.55	46
34.89	52
37.53	28
36.48	54
35.77	80
37	39
33.83	40
33.65	39
37.83	30
33.87	45
36.48	86
33.6	53
35.39	33
36.63	47
33.37	6
33.6	4
34.86	53
34.17	60
32.65	54
33.66	47
34.62	85
34.53	54
37.47	39
37.58	12
34.31	51
35.25	52
33.6	4
34.53	54
36.63	40
32.3	54
34	47
32.65	56
34.05	38
32.58	46
30.91	53
35.81	36
35.9	47
39.08	49
34.24	40
34.42	51
33.34	47
33.57	53
33.37	50
38.02	33
36.3	53
33.4	50
34.51	37
34.86	47
34.27	36
40.41	23
33	46
33.25	13
33.56	41
33.82	25
36.21	59
34.86	42
39.59	15
36.23	66
38.33	13
31.81	38
31	46
33.65	84
32.74	32
38.42	45
34.04	94
31.29	48
36.53	45
36.24	18
36.53	45
33	44
34.9	39
35.44	51
34.6	50
35.09	28
34.25	90
32.91	40
37.91	24
34.67	51
35.6	48
35.47	23
37.39	28
34.88	84
34.37	54
37.35	39
33.34	30
37.19	45
36.51	50
33.22	53
33.13	53
33.78	59
32.18	89
34.94	44
37.3	26
36.2	54
30.16	54
33.89	35
34.53	45
33.09	51
36.92	32
32.95	36
30.95	45
32.36	46
32.34	40
35.39	41
35.75	30
34.26	17
31.69	47
37.76	11
34.47	70
35.97	23
36.49	56
33.77	35
34.86	38
34.25	95
32.74	45
37.28	22
35.49	48
33.58	66
35.47	58
34.66	53
33.17	3
34.73	40
38.26	50
34.53	45
35.26	40
36.37	85
35.87	65
39.65	24
35.13	41
38.56	51
36.41	36
36.2	82
35.72	84
37.58	52
32.65	98
34.04	70
32.26	33
33.6	76
34.49	53
36.05	28
34.78	47
34.17	64
36.81	37
35.13	23
31.8	91
35.69	52
35.43	34
31.57	90
32.96	17
33.2	73
35.36	21
33.12	45
33.57	48
32.48	35
33.12	47
32.53	42
38.09	18
39.71	1
37	44
34.3	44
33.83	53
32.69	49
33.8	51
35.4	31
32.52	37
37.36	7
36.67	26
36.28	37
33.12	48
33.36	97
33.31	48
33.16	45
36.42	44
35.36	50
34.35	41
36.63	94
36.46	53
33.73	44
32.29	38
33	42
33.14	39
33.7	41
32.74	20
34.13	46
32.21	54
37.73	43
35.3	47
36.5	89
35.55	40
36.07	45
36.79	62
35.51	14
36.58	49
36.97	48
35.47	92
32.95	46
35.28	55
33.79	96
34.11	84
34.57	64
32.9	43
33.07	47
33.33	42
36.38	26
33.51	88
36.43	52
38.22	43
36.03	41
34.95	83
36.64	87
34.32	48
37.53	39
36.97	46
36.56	65
35.42	96
33.34	32
34.24	51
37.97	28
32.82	40
33.33	52
35.04	44
33.15	86
34.4	97
33.06	51
35.49	21
34.7	21
32.23	82
35.98	94
33.95	10
32.61	50
33.77	68
38.93	7
33.69	52
35.75	93
32.45	42
37.56	46
37.19	44
37.65	31
34.86	41
32.04	52
35.02	54
35.57	49
34.8	36
37.1	30
36.11	14
34.85	22
35.8	47
33.41	77
34.63	53
34.04	23
30.34	4
33.23	74
32.99	95
32.03	42
35.04	19
33.25	52
32.48	38
38.35	20
35.07	43
36.13	50
34.12	35
35.13	37
33.47	49
36.44	50
33.82	37
36.3	49
36.59	54
34.04	52
34.69	75
37.56	6
36.89	28
33.82	54
37.56	20
37.87	51
38.52	25
33.6	39
34.07	67
34	53
36.34	47
33.42	52
38.44	29
33.48	88
42.11	17
32.05	68
33.41	32
33.94	43
36.17	25
33.62	33
35.42	9
34.45	26
32.85	37
34	54
33.92	16
35.34	56
34.81	49
34.1	71
34.49	91
35.36	18
36	51
35.72	46
41.08	30
36.13	27
36.36	42
33.13	25
39.01	31
37.34	37
33.58	7
36.04	75
34.76	38
33.2	6
35.89	69
34.14	81
32.59	40
32.36	38
33.84	41
31.7	47
34.39	45
37.94	32
35.49	43
34.05	39
31.3	31
36.54	41
33.24	38
33.41	27
33.9	10
32.65	51
33.7	93
38.51	21
34.82	36
34.55	36
37.34	34
33.9	54
33.64	49
35.98	52
34.91	46
31.16	51
31.65	42
34.44	55
35.88	3
31.17	32
37.2	19
33.04	34
31.65	24
34.07	83
33.91	61
37.19	34
37.18	33
34.08	54
35.26	97
34.74	43
37.67	30
35.03	50
36.38	43
36.64	65
37.35	68
34.25	33
33.84	60
35.26	23
34.25	38
34.65	61
33.01	77
36.53	17
35.13	67
33.67	54
33.04	19
33.82	39
34.47	38
38.22	31
35.02	66
35.64	64
34.94	42
36.4	27
36.98	46
34.05	42
35.02	66
35.04	20
35.68	91
36.18	64
35.66	93
34.96	69
34.36	23
36.33	89
36.98	72
34.07	60
35.3	56
36.25	34
37.46	5
33.89	71
32.87	19
31.92	54
32.63	60
34.84	22
33.82	36
34	22
37.6	51
36.51	49
35.73	48
32.81	46
35.51	53
39	7
35.96	47
35.78	46
35.39	56
34.97	47
33.56	39
39.08	28
37.01	5
36.96	65
35.48	59
35.78	41
36.01	62
31.8	44
34.21	54
36.74	50
36.54	95
38.14	39
34.2	74
32.21	41
33	18
32.71	22
35.07	42
35.05	32
34.88	49
37.5	28
34.86	50
33.93	79
32.72	52
34.03	65
35.41	39
34.01	92
34.12	75
31.85	80
36.01	53
32.44	25
36.74	7
34.89	27
33.18	97
33.39	46
38.48	34
39.96	8
38.5	37
33.61	46
35.37	47
36.09	49
34.27	92
32.82	54
36.14	5
33.17	51
35.86	10
32.91	45
33.82	36
35.84	41
33.77	35
35.03	20
37.42	16
34.9	19
34.67	24
37.42	24
35.51	37
34.81	87
35.08	48
34.74	96
36.72	80
36.04	48
34.72	68
35.21	47
35.02	44
34.97	36
32.72	37
36.31	53
34.31	44
34.47	43
38.37	57
38.56	75
36.01	50
35.8	23
34.37	69
34.77	60
37.23	37
35.59	45
37.08	40
33.98	46
35.73	28
36	54
35.24	10
37.54	32
35.55	57
31.47	51
33.59	53
32.56	48
35.72	36
34.79	86
31.86	52
32.87	7
36.41	40
39	58
41.23	4
37.4	74
35.13	36
34.52	52
35.32	50
36.04	86
35.09	82
36.9	86
37.68	44
33.41	48
36.53	29
35.35	29
37.21	10
35.5	47
34.97	13
35.48	96
33.44	16
35.65	67
37.7	38
36.37	97
33.23	34
36.66	49
37.34	51
35.75	97
33.4	51
38.7	21
37.01	64
36.16	72
38.23	32
34.04	54
34.3	92
35.04	23
36.99	19
38.19	28
34.58	42
34.06	34
32.69	54
34.65	52
33.61	89
37.83	34
35.32	46
34.63	79
36.14	67
36.26	65
35.38	34
34.73	51
35.2	65
37.72	9
33.13	50
37.22	48
34.63	52
34.43	62
37.46	42
36.64	74
38.8	27
33.75	97
38.37	25
33.88	72
37.92	41
33.77	46
35.07	41
35.17	98
35.75	81
35.13	47
36.92	62
36.36	43
33.44	54
39.86	66
34.45	42
32.81	39
34.48	53
34.34	46
34.47	79
35	51
33.48	35
33.22	49
35	50
35.43	18
33.62	90
35.5	95
34.78	48
34.13	87
32.52	49
36.54	34
30.51	3
35.81	45
35.39	44
39.67	50
32.21	36
38.34	31
33.86	49
34.39	2
34.34	53
36.77	62
35.77	27
36.71	77
35.14	46
36.35	11
36.32	64
33.07	53
35.76	77
36.56	28
36.11	38
35.97	31
37.4	26
34.62	17
34.38	66
35.85	60
36.7	85
34.79	35
34.45	43
33.73	42
34.08	51
38.69	42
34.94	46
37.52	51
34.83	89
34.41	94
36.44	49
34.24	97
34	44
32.59	3
33.94	50
35.23	40
34.15	33
34.76	42
33.35	33
32.91	35
34.82	49
31.86	43
33.63	50
33.61	52
31.93	44
33.01	32
36.56	21
32.3	35
34.26	45
35.96	48
35.26	34
35.13	45
32.82	43
35.24	53
34.83	53
32.83	54
35.31	77
33.97	92
32.93	73
34.61	21
37.62	40
34.16	53
37.98	40
36.06	23
37.54	61
37.47	13
36.24	56
33.4	14
33.53	73
32.32	42
33.21	11
32.89	81
36.12	22
35.19	45
35.73	23
37.62	39
33.46	46
34.45	87
34.06	49
35.78	25
33.16	39
34.15	37
35.46	24
36.45	72
35.32	95
36.83	75
35.76	26
32.69	52
34.28	5
33.23	54
32.42	52
34	48
32.66	47
34.9	39
32.25	49
37.27	60
37.65	19
33.46	42
33.27	39
34.8	87
35.24	47
33.92	19
30.64	53
33.92	42
35.02	30
33.82	25
34.36	34
34.85	48
34.01	50
35	41
35.25	51
33.07	54
33.34	54
35.28	81
36.57	47
35.66	49
35.3	48
34.68	97
33.23	39
34.88	30
33.86	61
34.09	49
34.79	59
34.75	59
34.88	30
33.36	49
33.03	52
37	48
35.91	49
33.2	39
35.03	17
35.07	44
37.64	48
36.38	28
36.65	53
36.51	15
34.66	79
38.91	38
36.74	38
38.91	38
36.65	67
37.83	33
35.3	25
36.44	33
34.62	94
36.02	17
35.4	52
36.86	44
39.02	36
35.21	11
36.31	22
37.73	18
33.4	40
33.07	22
34.14	51
32.96	54
34.8	87
33.54	47
34.15	46
34.27	45
32.97	52
37.51	45
37	64
37.78	91
35.83	51
37.3	26
36.06	34
34.69	52
36.63	54
34.66	53
35.67	56
32.55	47
33.52	39
36.28	44
32.54	48
32	46
34.12	51
30.68	11
34.23	54
35.78	42
32.34	32
34.81	59
34.42	61
34.77	59
34.76	70
33.06	77
32.35	46
35.62	38
33.29	39
35.36	48
34.75	43
33.91	70
32.05	42
32.46	79
34.06	50
34.96	29
34.83	45
34.63	41
32.65	4
30.76	6
34.64	6
33.43	44
43.66	4
33.17	29
33.23	50
30.97	50
33.43	18
36	48
33.52	37
34.13	36
35.95	20
34.51	25
34.75	50
34.2	19
35.55	57
34.39	50
36.43	41
34.23	61
36.09	53
31.8	47
38.5	32
35.49	58
34.18	26
34.23	80
34.65	80
35.53	86
34.32	79
38.47	42
34.05	12
35.31	38
34.44	15
34.31	33
35.36	46
35.42	54
34.86	43
32.55	37
32.76	34
34.52	66
34.64	61
40.55	44
32.95	51
34.04	53
40.02	32
31.29	51
34.75	72
34.47	45
34.8	59
35.16	47
33.52	90
32.53	19
34.13	82
34.87	85
33.5	62
34.52	50
36.11	44
33.94	94
33.32	18
35.73	33
32.84	34
37.24	20
32.09	53
33.85	12
37.36	49
34.72	76
34.29	48
34.07	79
34.84	48
33.91	50
36.69	31
32.18	21
32.34	45
32.18	27
34.58	80
36.33	27
35.34	44
35.86	46
34.82	54
35.61	49
37.41	18
33.09	39
34.81	18
34.44	46
32.86	89
34.1	47
34.55	8
38.13	25
36.72	16
33.96	69
35.25	92
33.26	47
34.23	98
33.53	39
36.63	37
34.48	48
35.66	6
33.88	96
33.6	47
36.88	28
32.73	73
34.74	62
36.68	38
33.77	30
36.07	27
36.83	19
35.52	3
35.29	45
31.97	49
33.56	39
35.29	48
31.41	86
35.38	2
33.12	38
33.21	37
31.27	49
34	56
32.45	45
33	49
33.07	71
38.7	52
37.94	48
34.64	36
32.68	47
35.72	29
34.07	40
35.57	9
36.86	17
39.41	15
32.18	54
34.36	52
32.32	38
34.31	79
33.47	51
34.34	53
36.51	26
33.87	65
33.73	51
35.45	27
34.07	45
33.77	33
34.34	23
32.82	77
37.98	60
35.66	91
35.28	48
35.34	54
35.42	97
34.81	68
36.73	42
35.68	96
36.89	85
34.75	89
38.16	50
37.02	21
36.33	82
36.3	87
37.19	44
34.16	54
35.11	97
36.12	34
36.03	43
34.69	52
30.73	52
33.78	46
32.73	52
34.95	37
34.73	87
31.56	4
36.16	47
34.54	52
34.48	74
34	65
32.57	96
33.37	68
34.76	27
36.63	26
33.25	95
36.11	22
32.55	83
33.87	18
31.36	7
36.31	13
33.4	52
37.52	24
39.19	45
35.92	46
36.36	21
36.42	37
37.21	20
34.95	54
37.12	44
36.87	85
34.37	49
35.83	97
33.25	5
38.19	15
34.65	87
38.64	33
33.81	43
32.38	52
34.19	25
33.88	39
35.75	43
35.66	15
32.34	47
32.21	14
34.91	45
33.62	53
33.62	53
35.29	51
34.2	50
36.08	15
34.74	67
34.22	86
34.71	76
35.41	67
34.92	13
34.35	95
34.5	18
34.21	54
35.3	47
33.15	49
32.9	48
34.36	78
32.79	30
33.68	54
32.31	47
37.35	24
35.23	59
34.36	89
34.23	93
36.82	44
38.53	30
37.3	44
35.66	29
36.57	47
34.58	57
35.46	43
34.26	47
35.98	29
35.21	51
34.76	31
35.18	20
34.95	53
33.19	50
36.39	35
38.11	46
36.02	96
38.31	37
35.5	36
34.51	41
34.68	48
31.87	9
34.53	57
32.48	13
33.21	42
33.09	20
34	22
30.64	5
33.09	67
33.5	45
33	35
31.82	54
33.78	41
33.25	43
37.95	11
35.43	34
34.78	42
36.37	29
36.55	93
35.47	45
33.14	32
34.84	39
33.08	68
33.94	9
33.99	78
37.1	39
34.42	51
32.52	40
40.05	12
33.07	90
36.48	12
33.92	55
33.82	61
33.88	16
34.58	41
35.28	45
34.52	61
35.22	60
35.15	58
39.37	14
31.97	60
33.15	58
32.91	57
33.05	61
33.34	60
30.77	58
32.43	102
32.4	56
34.27	50
30.77	58
33.66	58
33.08	61
34.69	52
35.92	28
34.25	48
34.34	59
35.92	28
32.71	52
33.29	113
36.2	49
33	60
32.93	56
34.34	45
34.85	59
34.48	55
33.83	45
33.82	25
34.02	59
31.56	59
33.89	60
35.08	48
35.35	57
33.34	58
33.93	47
34.03	117
34.59	57
32.9	52
37.34	39
36.71	21
34.52	41
33.79	107
33.79	100
33.1	103
32.7	57
31.43	55
34.47	57
36.85	50
37.34	30
34.16	59
37.34	30
32.04	60
34.61	65
34.44	65
36.02	56
34.29	59
32.52	57
37.19	43
34.42	57
36.6	34
34.3	55
35.82	41
36.27	56
35.76	34
36.3	59
35.28	42
33.34	121
33.52	54
34.37	82
33.3	52
38.22	15
33.98	61
32.61	123
32.48	110
33.13	102
33.92	46
36.79	50
34.19	43
33.23	45
31.74	115
32.78	47
33.75	17
34.01	100
34.26	54
36.47	49
31.59	60
33.1	61
36.39	41
35.58	16
35.67	29
30.26	59
34.18	106
32.42	105
37.12	56
34.46	89
32.08	50
36.8	48
35.71	68
34.51	90
32.58	57
34.68	47
35.31	42
32.31	51
36.95	49
35.17	83
31.91	59
32.2	57
33.04	85
34.9	47
33.66	53
33.92	119
33.69	52
33.68	99
31.88	53
33.03	49
36.57	25
34.27	123
33.81	52
38.43	32
34.49	42
34.48	60
34.36	114
38.16	39
32.86	58
32.61	86
34.79	54
32.95	58
39.33	35
35.96	11
38.08	24
35.07	92
36.31	41
33.66	19
35.19	42
33.29	49
33.34	47
32.27	117
33.71	49
34.51	18
32.6	119
32.69	43
36.08	49
36.32	58
35.21	28
35.67	16
35.12	38
35	47
33.27	60
33.94	42
34.79	58
34.73	58
32.8	48
33.74	41
34.05	121
34.41	84
34.24	98
37.36	59
33.62	72
35.01	89
35.12	90
34.59	51
35.13	36
32.52	59
37.73	38
34.04	26
35.39	45
34.31	73
32.62	74
35.23	111
33.67	58
34.49	41
33.65	53
32.45	61
32.8	48
33.56	52
31.32	61
34.56	35
32.95	60
32.41	56
31.55	60
34.6	53
33.78	17
36.41	76
34.14	79
35.12	75
33.21	9
34.04	98
35.79	55
35.53	36
32.97	107
35.65	22
35.93	37
34.94	95
33.57	81
33.22	103
34.16	45
34.72	95
34.58	58
32.9	27
32.9	27
34.98	59
33.36	87
33.25	114
35.13	55
36.55	33
32.04	61
31.34	60
32.64	48
34.73	87
34.73	87
34.73	87
35.33	21
34.56	58
33.93	19
33.93	19
35.04	57
34.01	60
36.21	17
33.67	118
33.51	99
32.95	90
31	50
35.71	32
33.62	80
34	51
33.6	101
35.72	60
33.24	13
32.77	59
32.8	102
35.71	50
33.5	89
33.92	40
34.47	27
34.15	58
32.2	112
35.71	46
35.95	33
35.39	50
34.2	62
33.23	55
33.68	111
31.86	41
36.95	57
33.69	99
34.23	106
34.47	46
36.26	57
33.97	80
32.59	112
34.28	23
33.35	60
35.37	33
33.83	58
32.75	55
36.6	69
34.43	117
34.45	111
37.94	15
33.02	51
35.46	88
