sim	len_diff
33.94	138
34.32	138
33.4	172
33.07	170
34.61	121
35.04	159
34.35	125
33.26	146
33	113
33.5	164
44.84	91
33.21	164
34.44	149
33.89	164
32.88	144
32.19	173
34.39	120
32.68	159
35.09	167
33.61	153
33.64	166
33.59	159
34.3	153
33.73	148
33.36	161
34.33	98
33.85	163
32.9	154
37.2	345
34.97	132
34.06	137
32.89	171
33.78	158
32.53	150
34.3	148
33.43	149
33.17	174
32.5	170
34.99	72
32.87	144
34.3	127
34.33	136
34.06	143
33	138
34.78	161
32.44	164
33.6	143
33.84	167
35.19	122
34.44	106
34.29	173
34.12	169
33.02	156
33.02	156
33.96	125
33.42	167
35.63	73
34.05	143
34.14	149
34.03	108
33.16	159
33.38	118
34.17	126
31.7	156
33.65	145
33.13	101
32.82	152
32.82	152
33.26	151
33	147
34.48	160
34.48	160
33.3	161
32.75	161
33.47	311
33.9	158
34.24	154
32.72	172
31.93	169
34.17	126
34.61	126
33.35	75
34.57	133
33.67	154
32.3	156
33.48	156
34.61	170
33.65	158
34.48	145
34.95	141
33.27	172
33.57	158
34.49	141
33.34	156
34.19	126
33.16	173
33.35	169
33.36	152
34.55	122
33.18	154
32.48	174
35.03	157
34.5	168
33.15	131
32.79	173
33.09	173
33.59	164
33.13	155
33.14	170
34.25	150
33.85	164
33.67	102
37.95	301
33.73	162
32.71	172
33.33	171
34.78	109
35.6	118
33.81	153
33.32	150
35.28	121
34.48	96
45.56	88
32.28	167
33.98	161
34.35	142
34.72	141
34.61	130
33.92	151
33.75	57
32.48	156
33.07	158
33.91	146
33.25	161
32.29	171
32.98	147
33.32	123
34.71	137
33.74	167
33.58	57
35.12	129
46.49	51
33.81	169
34.55	146
34.19	160
34.32	150
34.55	98
33.93	169
33.38	117
32.65	142
33.45	174
33.73	61
34	158
33.4	118
46.34	50
33.71	103
32.49	168
33.1	142
33.14	163
33.34	123
32.61	169
34.44	97
34.16	150
34.97	133
31.87	169
33.06	161
32.7	161
33.81	169
32.9	173
32.3	174
33.61	144
32.08	174
33.25	158
32.28	159
33.01	147
33.54	108
32.88	118
31.7	173
34.65	157
32.22	170
33.36	174
33.98	70
35.17	103
34.67	107
46.6	14
34.06	138
34.65	100
33.58	169
32.16	145
32.69	157
33.69	105
33.47	142
33.67	167
34.6	128
34.96	132
33.82	133
34.24	132
34.75	107
35.23	142
33.65	144
33.75	165
36.57	89
32.85	152
32.9	143
43.53	110
33.09	166
33.49	285
32.52	170
33.53	171
33.39	141
34	172
33.3	143
32.66	144
33.55	162
33.72	156
33.65	150
33.89	167
32.99	172
33.81	171
34	132
33.03	121
34.22	141
31.57	157
33.18	121
33.18	163
33.83	157
33.25	118
33.24	172
34.26	137
33.77	108
33.16	163
33.95	146
34.18	146
32.1	173
32.36	170
33.53	124
32	159
34.43	133
34.4	139
33.83	257
33.6	154
32.4	166
32.01	155
33.07	150
32.63	163
34.75	124
33.62	136
32.69	166
32.85	158
33.19	138
34.12	131
34.66	126
33.32	170
33.62	140
33.41	105
32.95	174
32.44	169
34.03	104
33.32	118
33.27	127
33.65	164
32.58	164
32.26	131
34.39	100
33.91	149
32.83	114
32.4	141
33.83	151
32.48	159
33.11	154
34.91	77
34.42	164
37.64	299
32.61	161
33.92	162
35.26	56
33.2	151
33.4	166
33.7	170
34.31	65
31.9	173
33.89	149
32.95	167
34.61	140
35.21	106
37.19	346
33.82	133
33.72	174
34.87	134
33.03	138
33.34	165
34.39	99
34.08	81
33.12	167
34.6	107
33.7	173
32.43	17
33.11	158
35.02	88
32.39	157
33.91	172
34.74	130
33.95	142
34.63	163
31.09	174
33.21	147
34.64	89
33.28	157
35	170
33.34	172
35.7	128
33.41	166
32.93	90
33.17	174
34.52	195
33.37	172
33.61	168
34.72	165
33.2	151
33.52	329
34.24	166
34.53	122
32.97	164
35.12	120
33.75	127
33.77	152
33.09	166
33.11	172
33.68	158
33.9	167
33.03	171
46.2	50
34.93	161
33.85	154
34.38	151
36.31	93
34.18	148
34.95	131
33.52	161
33.21	149
46.26	45
31.73	163
33.41	152
33.5	165
33.42	165
32.79	159
32.41	174
33.1	164
34.07	157
34.78	73
32.85	62
34.39	112
33.38	146
50.67	18
33.98	131
33.77	151
33.42	78
34.38	172
32.2	154
34.95	110
35.04	121
34.41	23
34.81	130
47.6	26
34.99	59
34.43	276
34.94	146
35.69	139
35.66	185
36.53	120
33.36	110
33.18	122
34.46	95
32.43	47
48.2	27
34.18	153
34.02	120
34.83	90
32.81	146
34.1	127
32.58	122
32.46	138
49.81	34
33.24	113
33.66	127
33.82	114
33.32	82
33.3	131
34.23	110
33.04	133
35.09	117
35.04	137
70.07	16
35.17	98
35.55	152
33.61	147
35.56	109
34.36	150
35.04	143
67.39	50
54.79	6
36.6	110
34.37	103
35.09	84
34.9	145
34.48	154
34.48	154
35.64	120
51.5	3
34.01	107
33.39	94
32.93	126
33.8	88
34.11	114
33.58	145
33.56	107
46.29	13
34.52	122
33.78	133
34.6	101
33.03	86
33.18	150
33.84	99
34.36	124
33.67	116
33.39	145
32.94	155
32.89	49
32.44	149
33.49	82
34.5	139
35.57	125
35.87	102
35.75	129
34.73	125
35.99	70
35.08	117
49.21	6
33.78	143
35.04	146
33.65	58
35.91	134
35.53	106
35.15	106
33.73	135
33.96	154
35.06	151
36.17	118
36.42	96
52.06	11
34.42	153
34.23	145
34.24	136
35.05	121
33.65	142
33.3	148
34.49	126
32.46	13
34.71	96
33.65	150
35.22	117
35.38	108
34.28	146
52.76	14
35.87	68
33.82	124
34.8	149
34.02	155
34.48	124
34.08	147
32.08	72
34.02	94
33.81	70
31.66	44
33.2	96
33.83	137
49.37	20
33.41	170
33.57	145
34.51	107
32.59	124
32.87	93
34.4	129
34.23	59
33.51	57
32.54	54
34.65	251
33.62	144
34.27	86
33.19	57
34.19	154
35.32	143
35.31	121
35.08	99
35.02	236
34.71	68
48.33	54
34.86	96
36.57	133
35.26	222
32.54	139
33.6	113
34.4	70
34.27	137
32.5	90
33.32	139
32.31	146
32.21	149
33.41	121
32.51	137
34.29	149
35.22	65
36.3	110
33.29	28
36.69	68
48.86	57
35.92	103
35.41	82
36.79	89
33.22	155
32.94	148
34.04	136
33.69	146
33.14	145
33.56	139
33.89	107
32.98	28
33.89	152
33.99	140
33.53	144
34.11	157
33.74	131
33	127
33.63	105
32.96	104
32.91	86
33.71	120
33.52	99
34.36	150
34.35	88
34.94	153
35.14	122
34.35	154
34.37	155
35.52	119
35.79	109
36.78	104
35.81	114
34.38	152
34.42	127
49.81	23
33.84	145
35.51	68
33.62	36
34.37	147
34.8	94
35.84	103
35.62	117
33.27	146
34.36	133
34.49	141
34.08	147
33.12	153
34.18	143
35.28	96
34.06	140
42.48	65
33.14	145
35.35	79
35.41	97
34.4	139
35.33	132
35.83	130
34.5	141
34.77	143
33.98	145
37.66	141
34.74	137
34.51	102
33.95	148
33.6	134
33.13	153
34.84	144
34.17	102
33.08	35
33.28	80
34.85	132
34.21	131
33.16	50
33.16	136
34.47	152
36.06	68
34.87	150
34.09	102
35.4	136
36.14	121
50.1	20
35.73	133
35.9	49
34.71	136
35.2	135
34.53	121
35.64	100
34.18	109
34.71	120
33.58	138
35.32	141
34.24	127
34.8	79
35.62	123
34.42	135
34.22	155
32.66	20
34.04	96
34.87	135
34.35	126
34.91	80
34.48	142
35.69	125
35.01	129
33.9	139
34.89	91
45.83	13
34.22	133
33.53	121
34.85	102
34.04	115
33.51	151
33.54	93
32.93	132
33.61	139
32.95	116
34.57	132
47.32	12
48.08	11
34.79	169
34.91	127
33.82	124
34.4	110
33.73	150
34.4	139
35.85	134
35.39	138
36.31	133
50.24	3
35.01	120
35.85	92
34.75	88
34.18	260
34.88	129
34.55	145
36.02	77
34.27	135
35.84	60
34.45	105
35.88	56
36.65	70
35.76	107
35.02	131
51.45	3
35.78	74
35	139
33.75	108
37.75	76
35.17	99
34.71	67
36.01	129
35.66	77
34.97	134
52	2
33.6	107
34.11	140
34.51	88
33.08	137
34.08	146
34.48	139
33.85	122
33.28	112
33.69	151
34.71	143
34.92	113
32.6	144
35.43	112
34.55	133
34.4	149
34.73	72
34.9	46
51.46	19
34.61	123
35.4	123
33.79	84
32.04	153
34.63	110
31.63	144
31.9	37
34.67	242
34.59	116
35.27	108
32.56	49
33.83	88
33.37	66
35.02	147
34.4	43
51.82	26
33.86	97
35.59	142
34.9	117
33.86	97
33.86	97
34.17	127
49.19	21
35.85	125
35.65	116
34.25	121
35.11	140
34.81	69
36.18	97
34.86	126
35.55	178
35.21	137
33.69	101
34.88	98
34.84	146
33.69	118
33.42	273
31.83	150
34.27	142
33.61	118
34.14	110
33.74	155
34.38	105
32.73	139
33.75	103
34	149
33.34	158
32.4	146
33.04	56
34.3	44
34.4	108
32.58	140
34.27	120
33.27	130
33.75	95
33.87	131
32.61	124
34.48	116
33.27	154
33.31	148
33.03	148
33.26	101
35.52	121
35.51	96
34.08	132
35.91	122
35.71	139
34.67	151
34.77	149
35.82	147
35.2	147
35.2	143
35.48	141
33.24	146
34.5	86
34	100
32.59	31
31.93	17
32.91	151
33.99	151
34.9	181
34.54	103
33.75	85
34.2	149
34.67	212
35.06	83
31.1	17
34.55	133
33.67	137
34.9	128
34.67	215
35.34	135
34.56	101
34.51	117
51.71	33
34.4	107
36.41	119
33.39	131
33.89	105
35.63	133
34.7	133
33.59	59
33.66	148
35.92	132
33.93	112
34.09	139
33.47	146
34.95	47
33.33	130
35.4	130
49.12	3
33.61	127
33.17	202
33.35	233
32.71	133
32.06	154
32.05	120
33.86	155
33.46	141
34.6	114
35.64	92
34.88	81
33.62	102
34.7	112
35.16	83
33.26	148
33.79	119
32.39	38
34.82	175
32.98	132
34.71	142
36.04	83
49.61	15
33.23	27
35.69	155
34.61	125
35.83	123
35.18	86
34.95	66
35.06	149
34.12	98
34.22	151
35.52	114
57.43	20
35.23	135
35.83	124
34.57	134
33.68	155
34.82	111
35.69	107
33.84	119
33.94	124
48.86	25
50.57	31
33.69	86
33.81	210
35.06	133
34.3	117
34.6	133
34.13	140
33.94	114
34.95	132
35.38	118
34.98	93
36.29	139
34.18	106
34.96	148
50.69	18
34.68	148
35.31	102
35.04	114
35.62	117
35.24	132
34.05	81
34.28	152
34.91	152
35.79	112
34.03	128
35.95	123
35.9	129
34.54	101
34.75	146
35.06	141
34.48	182
65.55	4
34.98	147
34.82	45
34.24	128
34.41	75
34.1	137
35.18	146
35.48	223
34.54	153
35.27	136
50.84	16
36.12	115
35.58	146
50.61	20
35.66	144
35.78	130
34.31	145
33.96	179
34.06	151
49.8	59
34.87	151
34.04	151
31.4	17
50.04	13
34.11	146
33.65	105
46.4	6
35.11	119
34.97	128
34.38	50
33.34	76
36.18	136
34.44	134
33.77	148
34.73	44
36.13	116
35.6	153
35.75	133
35	84
34.2	152
35.12	122
35.48	82
34.83	150
35.56	91
33.21	155
34.43	270
33.69	155
34.31	147
53.11	20
34.65	127
33.81	150
35.39	75
34.38	127
33.45	149
34.47	123
33.77	68
34.76	103
34.29	94
33.98	100
34.21	152
49.35	23
34.2	124
34.3	154
34.05	103
34.11	81
33.41	130
33.43	147
31.4	5
33.82	102
33.93	86
33.3	155
52.17	18
33.89	143
34.6	62
33.23	149
33.69	151
34.54	95
33.3	136
47.26	28
34.98	121
34.08	128
34.46	72
32.64	133
33.33	145
34.1	54
34.33	186
34.52	132
35.59	87
35.4	154
49.59	2
35.05	120
34.68	155
36.33	98
35.15	137
34.72	89
37.24	136
34.51	139
34.86	89
32.71	50
35.71	93
33.34	114
33.88	118
34.7	140
33.64	102
33.99	84
46.91	8
33.72	76
34.29	137
32.74	104
34.33	155
33.36	107
33.93	127
34.33	119
33.79	131
32.4	117
33.44	129
33.66	149
34.8	132
33.89	137
33.71	140
33.64	143
33.71	80
32.83	37
34.8	87
34.99	123
34.72	125
34.29	131
35.19	124
34.9	199
34.47	139
34.03	117
35.48	131
51.03	16
34.2	88
33.91	125
34.8	148
34.99	164
34.3	115
34.24	123
45.03	10
34.66	116
36.1	88
33.85	55
34.79	42
33.97	138
35.44	100
36.21	131
34	152
35.35	103
32.72	50
33.97	47
50.43	23
34.32	118
35.76	124
35.52	101
33.85	103
36.18	117
33.84	122
34.41	83
34.42	96
33.81	142
33.34	143
33.92	125
52.39	22
33.59	117
34.19	153
34.7	102
33.61	147
34.35	151
33.66	123
33.69	116
33.07	129
34.19	150
33.77	135
33.47	139
33.8	110
32.86	61
32.67	97
34.4	81
33.72	112
34.14	131
33.15	149
33.3	124
34.38	96
33.56	90
36.13	129
33.93	133
32.34	148
34.52	135
33.29	148
33.32	132
33.95	136
33.16	150
46.99	27
32.3	153
33.51	125
34.45	118
35.18	119
33.3	147
34.57	144
34.36	140
35.82	68
34.26	139
33.76	60
34.12	138
35.43	123
33.25	154
33.95	101
34.88	147
34.31	88
34.32	118
34.65	131
34.22	135
33.03	148
34.27	110
32.51	150
34.44	124
34.75	147
36.47	93
52.13	21
35.45	84
34.53	74
35.34	82
35.16	46
35.3	155
35.46	95
35.04	149
34.32	149
49.36	22
33.93	137
34.52	85
34	138
35.32	123
34.99	138
33.51	141
34.35	118
33.68	154
33.22	230
32.91	147
31.97	146
32.5	61
33.75	108
33.86	92
44.17	19
34.03	96
34.22	124
34.2	141
33.5	153
34.57	150
35.54	92
34.77	123
34.1	154
34.3	135
33.93	140
34.7	139
33.67	155
35.2	234
35.7	133
33.77	137
34.16	148
33.67	23
53.79	15
34.62	144
34.95	81
34.94	93
34.27	152
33.3	59
34.56	130
33.34	133
33.91	129
32.46	155
33.22	149
33.97	121
34.08	147
33.47	128
31.68	141
34.71	108
34.67	102
33.99	134
34.77	90
33.49	113
48.2	16
33.89	137
35.28	108
34.68	123
33.49	59
65.03	6
35.28	136
33.76	150
35.61	81
33.66	149
48.32	19
34.43	152
35.13	274
34.37	137
34.88	135
34.66	152
34.87	56
52.9	4
34.79	100
34.71	140
35.23	138
35.61	141
35.25	142
35.42	82
35.42	82
34.64	148
33.52	145
51.35	23
34.17	155
34.81	70
34.5	54
33.12	144
51.75	24
34.4	117
34.79	125
33.95	148
34.28	127
33.81	155
33.86	155
34.51	127
49.74	11
34.36	216
34.59	143
34.72	125
34.79	38
34.32	129
34.23	141
33.31	143
33.27	153
33.86	137
45.28	21
36	113
34.83	102
34.22	145
34.22	131
34.06	127
47.52	12
34.91	127
33.69	124
33.82	155
33.79	103
35.1	144
34.39	154
33.58	150
33.68	151
35.78	142
35.99	111
46.83	13
34.78	142
35.03	146
35.51	147
34.87	150
35.05	59
36.22	100
35.18	83
34.64	128
35.03	142
33.27	39
35.77	86
34.2	121
33.81	151
34.64	79
36.46	90
33.97	98
35.49	105
34.04	151
34.65	154
34.28	77
50.97	7
34.33	152
36.48	131
34.97	125
35.6	148
35.36	140
35.47	145
34.33	90
32.99	32
48.21	20
33.74	130
34	140
48.69	4
34.89	69
35.8	110
34.03	147
33.8	122
32.72	145
34.27	123
32.35	144
34.77	119
33.84	140
34.31	143
34.09	142
33.92	135
33.82	116
34.42	148
32.81	145
33.58	216
35.79	122
34.57	126
33.27	83
34.94	236
35.77	146
33.74	132
46.39	20
35.12	70
35.54	174
36.99	155
35.78	103
35.3	153
34.11	80
34.6	143
35.52	240
35.42	167
49.82	12
34.77	131
33.78	103
34.43	70
34.87	135
35.17	259
33.85	141
35.14	246
34.55	129
33.62	119
33.41	144
33.17	120
33.15	66
32.2	149
34.15	144
33.99	131
32.87	108
34.08	99
33.6	133
35.09	110
34.4	133
34.08	92
33.53	127
35.95	100
34.28	151
33.07	152
34.89	96
52.76	5
35.76	124
34.21	144
36.01	118
34.57	140
33.53	115
34.35	69
33.9	139
33.89	234
35.27	127
50.97	23
34.64	92
50.71	26
33.92	121
34.48	132
33.37	140
31.81	39
32.73	125
33.81	58
33.03	100
33.29	71
33.75	83
33.85	120
32.91	138
33.57	127
33.21	115
32.36	105
33.53	123
33.68	95
33.48	119
33.89	104
32.92	143
33.68	96
32.24	143
33.86	143
35.08	62
35.04	101
32.62	13
35.25	50
34.95	84
34.96	88
35.49	162
35.94	100
49.69	19
35.1	121
33.66	92
35.92	93
33.45	119
50.76	23
33.65	140
34.82	76
34.18	134
51.63	21
34.49	90
33.55	152
35.94	77
34.79	131
34.81	95
35.25	106
34.62	118
34.85	55
34.4	138
33.86	152
35.63	117
36.11	115
36.75	120
36.57	92
35.73	112
35.2	135
36.92	60
36.52	131
35.65	197
34.97	112
36.29	70
34.85	138
33.46	151
34.45	129
33.52	152
34.56	112
33.18	100
33.85	87
33.75	105
33.78	147
34.92	247
34.09	131
33.62	152
34.48	150
33.26	69
33.52	133
34.08	132
34.22	49
33.12	146
34.63	133
31.79	103
33.81	79
52.12	19
34.73	110
33.44	143
34.55	70
34.85	85
34.77	134
34.91	126
33.67	96
34.1	128
35.46	153
33.72	138
33.82	123
32.05	8
33.22	250
35.22	84
33.08	96
35.77	89
32.85	87
34.54	146
33.58	143
33.47	132
33.81	142
34.28	93
32.85	130
33.71	119
33.81	126
33.47	81
33.35	131
49.52	26
32.8	148
34.72	196
32.34	105
32.67	133
31.97	149
30.78	12
33.06	248
33.89	147
32.15	129
33.56	272
33.14	57
35.23	119
34.38	152
51.12	23
33.91	102
51.67	23
33.78	147
51.27	23
35.2	82
35.19	148
34.25	90
35.25	118
49.36	14
35.13	189
36.51	129
35.61	135
34.67	148
36.69	108
35.93	121
36.04	131
35.49	151
34.65	126
50.74	23
34.75	131
36.61	133
34	57
34.93	17
35.22	147
51.11	23
52.04	23
34.39	146
34.73	141
34.51	52
48.51	19
36.11	93
34.9	159
34.54	247
34.21	135
49.53	19
34.13	109
34.13	15
33.98	150
33.53	118
32.87	129
33.61	118
34.09	124
32.63	139
31.74	143
33.37	145
33.9	136
33.81	81
34.38	139
33.48	162
33.2	111
33.07	132
33.55	65
33.29	119
47.19	10
34.34	119
33.61	135
34.2	130
35.32	134
35.69	143
35.66	125
34.49	132
35.87	146
35.61	107
53.08	12
35.43	146
34.12	150
34.57	80
33.58	155
33.65	149
33.25	81
33.88	143
34.77	90
31.97	10
46.39	28
33.05	148
33.14	75
32.7	68
35.47	100
35.49	143
35.5	134
34.78	151
34.84	152
35.97	150
36.85	148
34.83	122
51.14	6
34.52	130
33.83	125
33.74	114
33.33	147
34.22	115
32.04	91
33.66	131
33.22	131
32.29	147
33.38	84
33.89	93
34.48	237
34.82	153
35.75	135
33.98	104
35	71
34.68	131
35.33	139
35.32	116
36.45	139
50.37	11
34.21	110
35.77	123
35.15	107
33.65	155
51.65	23
34.89	140
35.74	132
33.62	117
34.85	17
34.77	55
33.74	130
34.44	128
32.4	138
33.27	133
35.22	93
34.54	84
30.44	12
33.08	85
31.78	18
33.82	91
33.72	113
33.77	146
33.08	103
32.54	152
33.85	122
44.77	41
34.75	88
33.28	154
33.98	115
33.7	94
34.53	143
33.95	121
34.59	146
32.2	49
33.59	111
34.6	104
33.74	75
34.3	102
33.51	124
32.75	81
34.11	143
35.16	146
36.93	93
36.04	77
35.36	122
34.13	149
50.94	8
36.42	106
35.11	131
33.86	140
35.96	116
37.59	87
34.49	135
34.1	35
36.37	134
36.12	151
34.76	127
34.58	112
35.96	101
35.22	163
49.52	14
35.09	87
35.63	125
35.55	145
35.88	133
35.67	92
35.01	131
35.54	155
34.53	122
36.72	84
35.13	148
34.52	210
34.41	146
35.61	168
35.32	55
35.37	150
36.2	155
34.63	101
35.65	145
36.6	105
35.18	145
35.95	113
35.27	145
46.1	2
34	58
49.37	8
34.41	143
34.37	136
34.24	145
35.07	134
35.27	128
35.29	133
35.51	142
34.92	129
35.54	142
49.38	31
35.27	144
35.23	131
35.45	147
34.45	154
35.81	96
36.48	147
35.87	96
35.61	88
36.19	101
35.44	118
36.21	132
35.34	151
50.42	2
36.04	89
32.56	154
34.15	137
33.7	150
36.07	132
35.81	135
35.18	149
34.75	119
36.17	118
36.3	85
35.61	236
51.38	20
34.95	108
36.46	61
34.45	132
35.01	147
36	140
34.71	125
36.21	88
36.31	129
35.02	141
34.73	133
35.68	126
33.18	154
33.06	133
34.97	78
35.08	115
35.05	128
35.92	88
34.44	128
34.56	114
34.07	167
48.64	13
32.68	99
34.41	137
33.64	137
34.84	110
33.2	121
34.18	148
33.47	134
33.2	136
34.16	141
33.8	137
33.25	30
34.45	143
33.55	134
32.19	28
34.54	104
45.91	14
35.73	87
35.95	126
34.04	123
34.16	135
33.89	151
35.54	103
33.47	153
34.1	149
49.3	16
34.52	107
33.44	107
34.94	238
35.4	126
36.11	98
34.6	150
36.92	112
35.04	60
36.5	72
35.82	127
36.86	102
35.68	128
34.76	131
35.06	106
35.16	132
36.18	140
35.4	142
49.95	20
35.66	61
34.43	122
34.09	153
34.59	123
34.71	95
35.64	132
35.85	126
34.67	140
35.83	155
34.71	126
50.45	19
36.37	110
36.12	100
35.83	110
34.54	135
33.07	66
34.18	215
46.95	9
32.3	155
34.31	121
34.33	138
31.92	154
33.75	85
46.89	9
34.83	128
34.7	88
51.16	11
34.2	69
37.12	103
34.98	139
36.04	117
35.79	141
34.79	30
34.97	153
34.16	154
36.39	124
49.37	4
35.41	72
35.18	96
35.47	127
34.71	76
34.38	117
35.56	135
35.84	139
35.14	56
34.2	152
35.8	136
36.19	131
36.99	93
35.72	151
35.79	129
35.51	96
51.13	10
35.01	113
35.19	53
34.23	121
34.33	145
51.17	20
34.58	120
33.98	152
47.82	25
34.86	142
34.62	116
34.18	100
33.99	111
35.66	134
36.14	113
34.62	102
51.01	16
36.43	135
49.73	11
34.86	146
35.46	129
36.16	102
34.44	134
35.24	143
34.92	136
35.27	149
53.22	20
34.3	124
33.08	68
35.57	141
35.81	137
35.5	97
36.08	95
35.11	24
35.38	66
35.42	93
35.95	155
35.52	105
36.68	127
33.82	58
35.38	102
52.2	0
35.47	105
34.93	155
34.89	135
34.82	145
35.67	104
34.86	140
51.91	13
34.8	147
34.99	80
34.07	83
34.39	147
33.91	109
32.12	18
33.78	152
47.19	28
33.58	148
32.26	31
34.49	89
34.94	106
33.41	147
33.45	219
34.44	148
34.86	162
35.39	130
35.3	99
35.6	146
34.52	133
33.86	148
36.34	148
35.38	147
35.41	72
33.13	133
34.64	109
34.46	120
34.28	115
34.51	138
34.51	138
33.53	130
34.68	155
34.51	138
35.32	79
32.7	153
32.39	58
45.12	29
33.62	146
34.87	107
33.68	75
33.39	148
33.35	142
33.28	130
33.38	115
35.26	111
62.39	6
34.39	76
34.48	139
34.87	148
37.32	106
33.61	140
33.8	132
34.47	136
33.78	133
36	151
36.46	97
36.03	130
35.41	149
35.45	118
35.29	150
35.81	125
51.29	11
34.57	149
35.98	80
35.47	99
34.99	118
34.5	78
31.61	5
36.61	129
34.3	127
36.32	98
34.2	100
33.62	121
46.16	20
35.37	79
33.65	75
33.64	146
34.29	73
32.61	104
33.2	142
45.62	11
33.81	141
33.22	121
34.21	89
34.06	131
35.86	98
50.18	8
35.56	94
35.59	100
35.31	85
36.02	144
35.23	150
35.48	128
34.43	34
33.14	143
33.13	149
32.95	99
34.77	216
33.6	119
34.36	133
33.85	212
34.02	104
32.25	145
33.24	131
34.86	88
34.88	92
34	132
34.24	28
31.79	50
35.25	92
51.45	28
33.83	184
33.47	134
34.91	95
33.07	136
33.6	142
52.41	23
34.35	99
34.84	114
32.74	49
34.69	129
32.68	146
34.66	107
33.28	199
47.54	16
33.91	125
33.24	127
33.12	140
32.24	20
33.12	121
34.52	95
33.05	136
34.47	60
35.21	103
50.32	12
35.07	127
34.64	256
34.88	106
35.41	124
35.51	153
34.45	80
34.92	152
35.63	98
36	118
33.71	89
34.47	231
33.17	79
33.14	137
33.41	152
34.52	129
34.06	108
32.38	24
32.88	56
35.38	150
33.87	98
32.59	150
33.17	152
33.55	133
32.62	146
33.42	55
33.7	155
33.7	64
33.2	117
33.28	101
35.26	96
34.59	60
34.82	139
34.21	122
35.22	123
34.78	125
34.42	114
33.76	151
33.6	150
50.18	15
33.48	152
34.08	133
33.64	136
34.3	117
50.97	24
33.51	131
34.08	116
34.08	142
34.04	74
34.04	100
35.49	80
35.3	97
35.3	133
36.35	110
34.92	129
34.02	149
35.6	110
35.97	84
33.63	108
48.66	11
46.33	24
35.52	108
35.2	263
35.09	117
35.8	71
36.43	98
35.5	141
37.17	114
35.25	134
35.44	134
33.93	111
33.19	155
32.73	148
33.86	71
33.24	123
33.75	150
34.94	97
34.85	127
33.7	118
34.34	77
35.42	115
71.77	0
34.35	146
33.95	92
34.4	57
35.96	103
34.41	129
35.28	93
35.37	117
34.2	132
33.48	103
34.06	101
33.18	121
35.56	91
34.95	127
35.07	115
33.95	142
33.12	140
32.73	133
33.85	91
35.32	111
34.93	148
34.17	139
56.9	3
35.04	118
35.02	120
34.79	127
33.85	144
34.55	41
34.58	150
34.22	134
34.13	144
33.09	102
34.31	259
34.26	207
32.55	59
33.79	91
33.23	138
33.95	121
33.5	150
34.91	81
35.05	112
34.36	75
34.29	155
34.29	141
45.77	18
34.53	99
33.01	31
34.68	136
35.51	104
47.92	23
32.16	123
33.12	126
33.26	111
32.84	141
32.81	147
32.62	137
33.16	14
33.46	125
34.33	136
34.14	148
33.62	145
48.92	12
34.3	126
33.57	117
33.54	91
32.7	152
34.65	97
33.63	144
34.39	108
35.9	96
35.02	152
35.63	78
35.8	133
55.68	22
34.5	126
33.89	142
33.85	40
33.13	129
34.13	140
36.67	113
34.45	132
34.33	140
33.48	138
50.8	20
33.53	143
34.6	114
35.6	220
33.65	153
34.72	133
34.04	120
35.37	67
31.99	17
34.49	148
33.02	107
33.73	175
33.3	150
34.5	122
33.69	109
45.69	22
34.29	152
33.97	122
34.26	129
50.77	14
33.77	101
33.82	69
35.27	135
35.59	96
32.26	27
34.18	135
35.67	121
34.78	118
35.41	131
34.85	122
35.05	148
35.16	150
35.85	172
34.93	24
36.73	96
50.51	7
33.45	150
34.55	221
34.33	222
34.79	151
35.04	59
34.36	246
49.8	16
32.41	146
33.14	154
34.52	67
33.16	149
33.79	45
33.89	103
33.84	140
33.02	129
32.53	138
33.05	151
50.07	33
34.13	152
33.27	105
34.59	129
33.13	130
33.6	82
34.71	103
33.17	140
34.92	104
33.42	107
49.23	17
33.93	141
32.81	114
56.87	17
34.44	144
33.82	152
33.71	153
33.14	102
34.4	126
33.73	153
33.49	147
33.52	151
33.85	154
50.08	5
35.85	139
34.08	151
35.43	124
34.77	132
33.04	148
35.06	77
34.39	134
33.42	132
34.64	99
34.35	122
49.47	14
35.91	132
35.37	79
33.59	152
34.82	85
34.54	46
35.15	137
32.82	126
35.61	109
35.87	146
36.26	80
35.61	154
50.61	14
35.09	128
34.95	118
35.45	68
36.06	74
35.64	126
36.02	71
35.16	112
33.61	122
34.8	94
50.22	19
34.45	153
34.2	118
33.79	66
37.27	101
34.79	105
35.98	92
34.05	150
34.32	93
34.94	152
34.35	154
35.51	129
35.51	76
36.38	95
34.71	142
34.09	144
49.12	26
34.39	148
33.93	84
33.39	150
48.82	37
33.94	135
33.86	134
34.82	76
35.49	120
33.77	82
33.42	55
35.05	93
35.85	134
36.2	116
36.04	138
35.2	145
36.77	80
34.97	116
35.77	136
49.96	7
35.32	123
33.36	123
33.36	149
33.21	131
49.65	22
33.11	114
32.96	101
33.21	97
33.13	118
32.76	251
33.38	92
33.05	103
33.56	252
33.73	133
32.97	154
34.79	97
43.68	84
34.45	127
33.85	118
34.12	126
33.03	94
33.85	109
34.86	139
35.84	150
32.88	133
35.31	104
35.99	140
34.84	155
35.6	71
36.59	94
51.51	23
35.17	155
49.36	16
34.45	150
34.96	155
34.97	137
35.65	90
35.11	140
34.67	144
35.09	103
35.93	113
34.47	121
36.51	114
34.05	137
34.97	140
35.03	155
35.47	102
33.91	141
35.05	143
45	25
35.18	139
35.3	97
34.95	124
32.73	56
33.47	113
34.96	224
33.88	49
34.04	102
33.69	101
33.61	154
33.64	124
34	135
32.94	109
32.07	154
33.96	55
33.66	140
34.37	89
33.91	117
33.59	147
33.61	146
34.2	126
33.27	131
31.54	30
33.63	114
48.66	26
33.32	141
33.89	200
32.9	137
33.25	269
32.08	129
35.19	123
36.45	114
35.17	149
35.69	247
36.25	79
34.65	123
34.11	124
34.91	122
34.2	120
33.87	135
33.89	154
35.04	120
33.92	265
34.71	107
35.15	122
34.06	148
32.84	65
36.28	130
47.3	37
34.2	98
34.48	109
34.62	109
34.51	103
32.98	88
33.55	155
35.28	154
32.65	131
34.25	148
34.42	134
34.07	155
33.87	122
33.63	126
33.24	99
34.44	88
50.97	27
33.28	136
34.23	140
32.59	145
33.86	97
33.77	33
34.49	100
34.86	85
33.91	153
34.49	95
33.97	133
34.07	128
34.62	135
54.34	21
35.04	123
34.05	138
35.28	109
34.87	123
35.17	101
34.73	83
35.63	81
34.52	147
49.08	5
32.22	20
34.58	76
34.55	154
35.32	125
33.37	148
34.43	207
34.48	147
35.44	155
34.86	136
33.88	132
35.75	138
35.04	149
34.16	98
34.12	139
32.55	130
33.82	153
34.81	146
34.88	117
33.15	146
34.73	77
34.01	120
33.38	45
34.65	90
34.48	100
100	0
35.24	144
36.47	84
35.38	123
36.26	107
34.71	115
36.18	80
35.99	183
34.57	153
34.04	126
33.17	147
34.13	134
34.74	127
35.06	79
31.4	9
35.08	126
34.38	136
33.81	147
33.1	77
34.7	137
34.46	144
35.96	124
34.43	127
35.24	146
58.62	21
34.42	135
35.05	202
34.54	140
34.03	136
36.01	130
33.95	133
34.4	114
34.71	146
36.01	74
33.95	19
35.44	141
34.67	150
34.18	116
54.41	0
34.53	97
33.13	96
33.92	147
33.23	136
32.55	139
46.71	31
32.74	118
33.68	127
34.11	144
33.43	153
47.76	34
33.58	97
32.48	154
34.28	91
34.77	227
33.89	88
33.36	116
34.38	150
34.71	129
32.4	87
33.36	138
34.79	136
33.76	119
34.16	139
34.35	83
33.73	148
33.45	121
34.44	64
32.99	99
34.26	109
33.63	148
33.71	83
32.28	54
34.67	81
34.82	146
34.4	102
33.56	85
33.02	149
33.89	147
48.56	24
32.18	140
32.79	65
32.88	154
33.99	110
33.18	66
34.78	139
32.6	49
35.24	141
32.53	73
33.16	154
34.05	112
33.39	152
33.55	115
32.93	117
34.52	124
32	135
32.95	69
33.33	125
33.53	85
33.3	217
35.06	115
34.02	131
47.29	83
33.7	90
34.13	133
35.04	124
34.45	119
35.29	104
34.24	140
33.87	76
33.06	133
34.03	154
34.47	116
33.57	85
35.64	88
50.14	20
34.46	128
35.13	83
33.61	257
33.98	153
34	141
34.83	112
55.41	8
34.63	99
34.4	154
34.2	7
34.28	155
35.38	133
34.94	113
35	125
34.79	99
34.46	119
35.42	113
32.03	16
35.64	134
35.96	108
33.89	29
34.42	150
34.31	129
35.27	88
35.25	78
35.25	177
36.38	107
33.6	147
34.17	115
34.56	150
33.9	140
50.1	1
34.03	127
34.63	94
35.55	153
35.44	117
34.84	124
35.06	128
34.22	102
34.9	127
50.76	4
35.46	116
35.45	103
35.82	78
33.47	128
33.01	99
34.16	139
34.42	130
33.77	120
33.24	155
32.35	156
33.99	110
33.8	100
33.3	131
35.01	140
34.18	118
30	8
34.17	72
32.7	153
34.51	112
33.68	150
33.36	138
33.41	134
50.3	25
33.97	142
34.53	132
32.13	132
34.77	130
35.07	105
33.85	92
34.41	109
34.4	61
33.55	133
33.36	111
33.49	128
33.01	99
34.25	130
32.92	67
34.16	139
33.77	120
32.39	156
33.97	110
33.91	100
33.36	131
36.5	65
36.01	127
35.76	127
34.02	142
34.41	126
34.38	239
49.48	19
33.22	152
33.49	66
34.87	206
34.2	99
36.88	99
32.69	56
34.73	140
34.95	55
34.34	121
34.12	121
33.3	144
33.97	125
35.53	138
35.54	148
34.89	133
34.94	151
35.85	142
36.44	128
36.46	113
35.68	144
51.82	18
35.45	43
35.25	108
35.97	151
35.06	108
35.88	94
35.19	149
36.78	97
34.62	138
35.4	134
36	202
35.8	114
52.5	0
34.05	99
33.98	155
34.83	87
34.09	95
33.72	126
34.55	146
33.5	70
35.05	211
32.62	37
35.5	126
34.04	71
45.88	17
34.03	148
33.71	103
35.1	118
33.85	137
33.5	137
35.01	150
34.83	154
33.71	134
33.29	31
36.17	103
33.06	129
58.44	17
34.05	36
34.36	132
33.06	129
33.06	129
36.12	120
33.19	134
34.69	67
35.02	107
34.37	152
34.51	130
35.22	87
34.91	89
34.74	114
34.97	137
36.12	90
34.79	129
33.86	138
35.76	226
34.3	181
47.34	17
33.57	139
33.72	71
32.13	20
33.45	144
32.73	155
33.47	118
35.44	107
33.55	152
35	145
35.83	131
34.84	94
34.86	187
36.02	119
35.42	148
33.8	138
34.27	120
35.5	143
34.23	140
35.12	136
32.89	146
33.32	153
34.09	205
33.61	49
46.8	21
34.79	136
35.86	144
36.14	111
34.25	105
34.25	97
35.77	98
35.67	98
49.53	14
35.04	70
33.67	151
34.02	103
34.51	108
34.67	150
36.66	103
62.26	11
34.47	60
35.42	118
34.98	149
34.69	124
35.57	136
35.28	100
37.23	110
34.1	105
51.68	8
36.33	124
34.69	150
35.5	118
36.22	144
35.41	147
34.32	91
35.36	142
35.55	140
35.18	120
49.33	5
34.81	134
33.74	42
36.11	94
34.11	79
35	122
34.08	141
35.16	138
35.6	155
35.41	130
34.41	149
34.01	155
34.86	128
34.66	147
35.3	145
34.13	116
35.64	130
34.26	127
35.77	145
35.63	99
34.75	137
34.16	137
32.9	116
34.9	189
34.85	86
35.02	152
34.44	127
34.78	205
34.75	155
34.17	141
34.99	138
50.92	11
34.76	140
34.64	132
34.81	145
35.44	67
34.36	153
35.14	150
35.01	88
33.35	110
34.7	124
33.64	45
34.23	132
33.26	149
35.63	131
34.8	133
51.33	31
34.41	79
34.54	126
34.73	154
34.43	38
35.36	108
35.2	125
35.65	142
35.15	144
34.64	87
47.2	13
35.55	130
35.55	107
46.62	10
33.55	150
33.46	127
34.81	90
34.22	129
32.75	147
33.49	118
34.3	121
33.69	68
32.62	112
34.88	145
37.61	121
35.05	155
34.46	155
35.48	94
50.72	12
35.05	116
35.75	131
34.33	183
34.32	146
35.66	76
34.99	178
33.57	64
35.1	141
33.63	32
33	131
33.04	142
34.91	130
33.89	85
49.31	24
35.98	71
35.61	67
35.61	77
36.7	102
36.41	109
52.23	21
34.91	76
33.97	103
35.48	136
34.23	142
35.63	137
34.58	105
33.56	41
35.31	116
34.45	124
34.46	119
34.64	75
34.32	112
34.42	86
33.78	151
33.98	129
45.73	22
33.03	84
33.41	125
33.42	147
32.93	125
32.18	123
34.34	137
34.08	109
34.19	113
33.85	133
34.13	90
33.61	62
33.24	148
36.4	149
34.79	82
34.91	110
34.53	147
35.08	124
52.42	25
34.13	115
35	113
34.09	266
34.44	78
33.45	132
34.51	95
34.83	149
35.97	124
35.43	58
34.51	128
33.15	141
33.89	100
34.37	149
34.09	118
33.28	142
34.05	57
35.36	133
34.58	136
34.63	144
33.31	125
33.93	140
34.01	133
49.13	26
34.9	66
34.4	150
33.44	146
33.83	143
33.51	131
34.07	142
34.62	131
36	99
34.59	151
34.68	123
35.39	80
35.4	117
34.72	99
36.18	129
50.66	41
35.46	148
36.83	82
33.81	148
35.26	103
34.01	30
34.26	109
34.29	135
36.43	133
48.34	15
34.87	146
40.95	133
34.24	110
34.57	83
33.89	147
32.58	149
34.73	118
33.53	172
33.32	137
33.3	93
33.36	124
33.23	40
32.91	152
34.26	83
33.35	152
33.11	37
34.23	96
32.97	152
34.09	96
33.7	89
32.66	218
32.9	169
33.67	172
50.66	10
35.13	145
36.05	106
34.25	53
34.47	126
34.19	140
35.12	139
35.23	72
34.45	133
35.04	83
33.3	99
32.67	150
33.71	152
34.27	188
33.36	152
33.48	143
53.54	23
32.74	152
34.41	102
33.1	150
33.41	124
33.93	118
32.49	27
33.75	77
33.66	149
34.02	140
33.78	88
32.51	151
33.51	145
34.27	231
33.75	147
34.08	117
32.71	100
32.75	154
32.82	137
32.58	152
34.31	114
50	39
33.51	132
34.12	133
32.91	155
45.58	15
34.15	133
32.65	83
33.14	135
34.34	127
33.39	137
35.16	133
34.52	108
33.76	126
34	89
33.99	102
33.06	122
32.89	131
33.59	155
33.78	108
34.22	143
33.14	118
33.75	155
34.24	154
33.58	99
33.99	72
33.74	142
34.31	140
33.9	121
32.88	69
32.02	40
34.03	100
32.75	149
33.57	134
47.04	29
34.4	143
32.3	52
33.98	130
34.08	98
33.66	71
33.67	118
33.58	124
34.49	154
33.17	147
50.72	35
35.51	130
34.92	129
33.2	147
34.05	138
33.85	99
35.56	114
32.61	19
33.07	152
34.44	151
35.09	148
36.07	151
36.01	100
35.98	130
33.75	149
34.48	103
36.08	110
35.46	135
36.16	122
36.32	132
33.4	111
33.63	151
33.86	145
34.43	126
33.17	119
32.96	138
32.73	154
34.17	132
33.93	135
34.23	82
34.82	127
33.27	154
33.27	123
32.48	144
34.38	116
32.72	134
34.05	119
34.58	125
32.18	150
34.17	149
34.26	140
33.44	113
34.33	118
34.65	81
34.98	103
35.67	106
34.12	149
33.99	136
35.2	149
35.6	132
32.4	131
33.84	147
34.61	130
33.43	119
32.87	47
33.23	82
34.34	136
33.79	85
34.06	110
33.57	134
32.64	110
32.84	113
34.45	111
34.36	68
32.65	149
33.37	129
33.79	144
33.87	140
33.69	107
34.49	155
50.71	20
34.78	107
35.31	131
35.26	218
35.07	129
34.96	97
35.37	108
35.73	104
35.13	143
36	146
31.11	15
33.35	118
33.11	27
33.28	223
34.98	138
32.76	56
34.14	92
34.28	109
32.9	155
34.85	217
36.78	113
35.88	149
36.65	148
52	1
34.55	130
35.49	111
36.05	149
35.12	139
35.94	102
34.36	153
33.46	106
34.02	107
32.56	44
32.89	147
34.11	85
33.26	113
33.89	103
33.07	34
33.69	96
33.65	101
33.16	144
32.7	52
32.73	152
34.38	115
34.65	111
34.83	89
33.03	155
34.42	154
33.64	84
34.36	154
34.4	140
34.6	107
34.18	139
33.9	143
35.2	141
35.52	145
35.07	123
34.89	125
46.76	24
34.64	151
33	135
34.03	131
57.44	20
33.23	147
32.61	150
32.54	70
33.95	135
31.79	142
34.32	90
33.17	103
50.69	25
32.62	154
35.62	100
33.33	137
33.83	88
33.26	67
34.5	109
33.5	137
33.17	150
32.88	149
34.68	266
33.95	151
33.67	155
35.18	149
35.06	153
35.7	136
34.83	138
51.06	20
35.03	95
35.28	121
33.09	153
35.88	151
51.39	24
35.09	86
33.41	129
32.95	109
33.88	127
34.04	121
34.95	105
33.55	139
34.28	150
34.89	148
33.36	147
35.32	79
34.08	126
34.87	132
33.4	124
33.3	100
34.44	150
34.93	110
34.58	80
33.23	86
35.28	139
34.16	269
33.64	86
32.65	28
34.25	170
34.02	149
31.03	155
33.99	135
33.45	148
33.68	121
35.23	95
34.44	64
33.44	138
34.45	108
34.7	125
34.83	131
33.69	155
34.08	154
34.93	68
33.36	129
33.5	248
33.59	140
34.7	108
34.7	108
34.28	76
34.68	124
34.12	105
34.81	142
33.41	131
33.79	121
33.65	151
34.14	111
34.25	111
34.08	147
34.17	115
34.79	63
33.6	115
32.99	138
32.84	154
33.99	138
36.05	119
48.69	22
32.45	65
32.2	144
31.89	149
34.17	79
33.1	76
33.49	146
35.87	134
35.36	142
35.06	133
50.37	15
35.33	146
34.93	148
34.84	124
35.69	130
35.55	134
37.08	112
34.23	146
33.6	119
33.01	95
33.31	114
34.14	106
34.37	99
32.82	152
33.91	117
34.1	74
30.97	23
34.48	103
35.57	136
36.81	122
34.73	111
33.5	154
34.24	148
34.86	183
34.46	134
49.22	22
35	111
36	137
49.6	13
34.98	135
34.59	149
35.5	124
34.2	155
36.47	125
34.09	59
35.6	121
34.8	124
34.2	142
32.44	130
34.5	116
33.11	126
34	94
32.33	135
33.87	139
33.87	139
34.03	96
33.41	131
34.68	121
35.05	76
50.03	24
34.01	119
34.69	139
35.37	149
34.93	128
34.72	199
33.71	121
33.54	139
36.09	118
34.44	140
34.48	122
35.27	127
33.35	132
34.76	135
34.77	108
45.21	24
34.13	123
34.29	152
34.17	118
33.77	117
33.65	110
34.05	85
33.52	143
32.77	259
32.98	57
35.89	72
35.38	120
34.21	146
33.75	130
34.66	87
32.75	145
33.93	78
33.18	57
33.27	244
34.53	140
34.85	84
34.48	105
33.3	153
34.79	135
34.56	125
33.59	148
32.53	155
33.95	136
33.66	105
34.53	36
33.34	147
50.12	21
32.42	58
33.91	101
33.63	148
34.26	150
34.59	129
34.3	109
34.44	125
32.66	77
33.79	123
48.21	25
33.49	66
35.24	80
34.78	196
36.11	128
35.09	134
34.51	57
35.28	127
35.13	145
33.81	134
48.59	15
33.79	30
33.63	86
34.51	40
50.95	19
33.92	145
32.55	143
34.65	74
33.29	147
35.02	142
34.35	58
33.84	87
34.65	100
34.44	141
35.71	113
34.17	60
34.73	126
34	148
35.36	221
34.17	114
52.69	8
34.03	139
51.27	31
33.84	97
33.1	154
33.78	141
34.66	97
33.94	130
34.37	90
34.22	116
35.16	144
33.8	154
33.06	151
34.17	143
35.41	65
50.47	4
35.95	128
36.44	57
36.14	69
36.04	135
33.89	131
34.7	112
35.42	103
34.16	87
34.53	139
35.71	81
34.92	123
33.76	79
34.2	146
34.42	95
34.05	130
35.47	50
35.76	117
34.99	147
34.9	84
34.71	58
35.25	148
35.25	147
37.93	99
35.88	88
35.17	123
34.93	154
33.77	139
33.43	142
33.47	110
34.09	124
33.57	134
32.83	140
33.7	152
46.81	10
33.15	121
48.06	11
33.58	128
33.53	14
35.74	140
33.95	77
35.04	149
33.79	145
35.46	79
33.95	108
34.27	134
50.5	25
35	143
36.13	100
35.67	138
34.4	147
33.08	153
34.88	139
34.59	133
59.59	14
33.77	148
32.57	131
35	136
35	113
33.83	121
35.48	128
36.46	124
51.07	15
34.94	124
34.63	104
35.93	113
34.82	138
53.57	23
35.29	90
36.27	85
34.81	127
33.76	153
32.59	151
34.37	75
34.31	121
35.31	205
32.9	9
52.63	4
35.6	154
35.95	94
35.29	107
34.71	140
35.19	135
34.39	150
35.02	145
35.99	149
34.12	140
34.68	154
50.89	0
36.23	82
34.66	101
34.82	147
34.55	109
34.16	153
34.01	149
35.43	132
33.55	140
35.44	154
33.49	146
33.83	33
34.47	153
34.36	93
35.85	130
35.58	126
49.33	4
34.75	134
35.6	186
35.26	124
34.18	21
48.16	21
35.04	123
51.89	23
34.52	95
35.88	37
34.32	153
34.88	225
34.34	131
33.33	114
32.92	142
33.95	125
32.94	148
32.9	150
32.7	153
33.35	123
32.98	152
34.28	131
34.03	130
34.04	140
36.59	126
34.81	124
33.91	142
34.32	101
34.59	66
49.24	20
33.32	150
32.48	133
34.05	136
35.19	133
33.39	139
33.73	134
33.55	142
32.99	155
33.32	137
34.22	135
33.72	83
33.97	102
33.49	108
51.15	30
34.08	110
35.11	139
33.59	135
32.43	144
33.27	169
33.62	123
34.43	99
34.44	152
34.27	133
33.41	132
51.08	26
34.66	117
33.37	120
31.93	144
35.3	131
34.75	92
35.33	192
34.95	109
34.12	72
34.71	100
33.88	150
36.05	131
53.21	7
34.78	126
35.29	197
33.77	147
35.55	121
35.51	151
33.56	151
34.58	93
51.78	22
35.06	71
34.44	137
34.23	139
34.96	102
34.65	134
35.13	109
34.45	139
33.68	152
34.46	112
33.16	77
33.6	133
32.93	37
32.88	137
33.2	75
45.1	18
32.56	47
34.24	155
32.47	117
33.57	137
34.18	125
33.97	147
34.11	149
32.74	149
35.33	123
33.91	123
32.62	52
34.58	144
51.92	26
34.24	139
33.69	97
35.09	138
34.14	133
32.68	36
32.6	53
32.65	154
52.67	26
33.85	132
33.21	102
35.36	145
36.33	82
35.79	136
35.19	84
72.01	4
36.32	105
36.18	152
36.97	118
34.46	136
35.07	154
33.72	153
35.19	111
34.65	137
35.95	113
33.96	120
35.62	87
36.14	85
34.73	122
35.28	148
49.48	10
34.71	78
32.86	82
34.35	129
45.4	9
33.27	106
35.06	114
34.02	123
32.94	100
33.46	137
35.07	96
49.9	20
35.97	143
33.57	13
34.39	150
39.07	20
36.87	93
34.96	127
35.1	128
35.1	114
34.81	152
34.31	111
34.83	53
47.55	35
33.25	151
32.81	76
32.28	143
33.77	121
34.31	116
34.03	184
33.7	124
34.98	95
33.46	38
35.3	138
34.21	134
33.89	135
34.88	135
34.66	88
34.58	173
52.08	26
35.27	75
33.61	93
51.06	30
33.31	130
33.58	257
33.7	68
33.76	138
33.23	82
32.93	141
34.15	155
33.44	154
35.09	133
34.89	119
33.81	114
33.81	139
35.77	145
35.8	151
34.24	147
34.66	126
35.11	152
34.74	132
33.88	130
34.26	72
35.11	121
35.31	74
34.5	121
36.1	108
34.18	72
45.07	8
33.91	32
34.2	137
34.1	147
34.86	197
32.49	21
33.33	29
31.17	9
33.33	133
35.02	140
34.39	206
35.88	128
34.9	149
33.73	43
34.98	116
33.25	72
32.23	42
34.36	132
33.3	149
33.62	129
33.46	152
35.17	148
34.35	151
33.04	126
33.5	151
33.75	100
49.86	25
33.08	121
36.59	72
34.32	120
33.72	143
34.22	136
33.36	155
32.51	136
33.99	86
48.4	11
34.66	135
34.88	90
33.7	124
32.48	46
34.93	106
34.18	121
34.53	76
33.45	151
33.45	133
33.59	155
33.37	124
33.02	60
33.88	127
34.13	132
34.38	124
34.35	150
35.88	97
33.48	117
34.78	204
34.2	148
33.78	154
34.36	121
34.17	81
34.82	138
35.19	137
34.82	134
35.05	90
34.34	149
33.57	120
32.81	146
34.47	114
32.92	124
33.36	120
35.2	123
48.1	8
33.17	150
34.02	140
33.83	134
34.91	137
32.54	1
34.11	146
35	148
34.16	91
33.16	142
33.88	132
35.61	128
51.07	14
32.88	103
34.67	147
34	123
33.25	122
32.93	150
46.43	31
32.98	106
32.99	154
32.19	141
33.16	85
45.3	30
32.98	154
32.51	149
33.8	145
32.81	95
34.03	74
33.08	119
33.12	130
33.62	151
33.56	81
34.48	114
50.71	29
33.69	155
34.01	117
34.43	149
34.35	94
33.68	131
33.61	142
34.68	124
34.88	275
33.82	55
32.76	153
33.08	152
33.36	96
35.78	53
32.97	123
34.3	94
34.13	123
33.75	124
50.57	31
34.85	147
35.98	133
35.18	148
35.52	90
35.22	87
35.44	130
49.73	7
33.41	153
36.18	140
35.57	78
35.28	133
37.3	113
49.66	20
36.11	123
35.34	82
35.43	117
34.43	126
33.24	143
35.1	141
35.56	69
34.27	139
32.89	154
33.79	79
33.35	240
34.76	94
33.22	119
34.47	114
34.1	154
32.86	124
33.98	128
32.41	127
33.05	102
33.95	127
33.29	133
34.45	269
34.42	149
36.22	90
33.27	113
33.15	139
36.2	90
34.86	140
34.86	132
34.98	131
35.86	95
34.74	139
35.04	50
33.97	46
36.3	143
49.24	19
35.41	147
34.14	80
34.33	70
33.43	142
34.18	126
54.23	48
33.81	138
34.12	139
34.74	74
35.24	149
60.25	14
33.51	135
33.58	66
33.92	134
34.3	131
32.92	141
34.48	84
34.69	132
33.66	91
34.46	45
33.75	134
35.83	108
34.46	148
34.59	124
35.51	123
34.91	128
35.16	126
34.83	150
33.89	147
34.58	84
34.09	138
34.6	93
33.85	149
34.51	97
51.87	6
34.17	74
33.74	80
34.37	259
33.3	139
34.1	153
34.46	127
33.41	142
34.13	210
35.31	91
34.06	98
34.93	129
33.7	274
33.66	86
34.26	84
33.48	153
34.92	135
34.38	145
35.51	103
33.64	38
34.01	116
46.57	24
34.51	115
35.22	114
35.96	107
34.74	152
34.03	154
33.15	114
33.73	94
33.02	82
33.87	97
34.5	104
34	108
32.57	137
33.1	152
34.52	116
33.53	41
34.12	151
35.29	117
33.53	121
33.48	141
34.57	147
35.66	120
33.57	133
33.93	155
33.79	84
32.26	53
34.69	99
32.91	155
33.43	102
33.43	102
33.43	102
33.43	102
33.4	154
33.31	104
33.51	153
32.91	36
33.77	148
33.79	169
33.64	161
34.59	154
33.07	174
33.63	156
34.95	126
32.97	173
34.01	108
34.58	209
32.95	163
32.3	156
32.61	174
35.08	141
32.3	174
34.72	162
32.53	160
33.24	167
33.03	158
33.4	132
34.99	138
33.89	114
33.59	171
33.78	104
33.41	158
32.39	171
33.42	162
33.71	169
34.72	162
34.68	142
32.89	162
33.72	137
31.65	174
32.04	172
33.27	148
34.38	108
33.71	165
31.97	160
33.66	159
33.11	149
34.71	147
34.26	138
34.26	120
32.24	170
34.04	137
33.66	168
32.47	165
33.02	165
31.92	174
32.27	172
31.83	171
32.27	19
33.2	157
48.33	6
33.3	316
34.62	114
33.81	242
33.73	115
34.02	156
33.45	173
32.51	162
33.37	101
33.12	159
32.87	153
32.82	150
33.16	23
33.08	158
33.86	116
33.59	109
33.12	166
33.38	170
32.4	174
32.17	173
33.61	93
35.86	135
34.77	171
33.75	154
43.35	98
33.77	167
33.81	156
32.28	151
33.31	149
32.78	160
32.89	166
32.78	160
33.29	38
33.29	172
32.36	168
33.54	140
32.3	171
34.49	140
33.89	167
35.52	133
34.62	124
33.55	144
34.27	140
33.43	174
33.87	147
34.39	75
33.97	152
33.14	174
33.99	169
34.12	145
34.35	156
33.81	165
34.26	120
36.07	91
33.59	174
34.31	116
34.2	151
35.62	138
33.69	165
33.35	148
33.63	131
32.52	167
34.07	169
33.51	122
34.32	137
33.25	94
33.95	146
33.61	53
34.27	160
34.24	134
36.03	108
34.45	138
34.74	198
34.65	130
33.61	159
33.23	153
32.83	162
34.47	149
32.92	165
33.85	172
32.79	166
34.19	151
34.56	152
32.24	144
32.06	174
34.39	129
34.44	160
33.98	80
33.52	109
32.58	130
35.02	152
33	167
31.5	185
33.81	165
33.45	113
33.53	168
31.8	34
33.01	165
33.02	55
33.19	148
34.5	107
34.15	149
33.82	165
33.1	172
34.21	39
34.14	117
36.78	323
33.57	161
33.43	159
33.33	164
34.02	128
35.12	157
36.22	145
34.17	121
33.92	137
33.4	139
35.45	164
32.81	173
34.09	111
33.77	164
34.51	152
33.91	143
34.51	171
34.57	139
33.56	146
33.02	170
37.61	310
33.55	172
33.14	150
33.04	152
45.27	87
35.25	66
34.07	160
33.52	164
33	170
33.99	125
34.35	135
34.86	165
34.2	159
33.69	278
33.02	173
34.12	92
33.9	174
33.79	151
34.62	143
34.76	140
33.91	121
32.93	133
34.27	160
35.4	115
34.5	161
32.67	156
33.43	155
34.06	133
33.92	129
33.32	164
33.79	127
33.5	165
34.54	124
33.85	282
33.14	120
32.77	150
33.43	264
33.84	332
34.36	168
35.1	135
32.53	171
33.46	159
33.33	172
33.12	155
34.79	125
34.54	163
34.76	146
32.85	95
32.2	174
35.29	108
34.4	140
34.4	140
34.4	140
32.52	168
32.34	168
32.96	153
32.89	99
32.98	84
33.79	145
34.01	172
34.32	168
34.73	150
31.57	172
34.28	108
33.33	104
33.94	164
33.34	151
35.29	101
33.67	167
34.3	130
32.51	161
34.59	70
33.47	107
33.76	104
31.97	171
35.05	132
32.44	167
33.25	163
32.49	118
34.13	144
33.67	150
34.49	62
34.15	119
34.2	74
33.34	171
31.97	168
34.46	168
32.76	156
34.94	125
33.41	153
32.53	167
