sim	len_diff
33.69	86
34.52	71
37.3	29
31.7	86
31.32	88
33.6	9
34.87	61
32.94	81
31.53	72
35.74	6
34.29	67
33.53	13
33.04	84
32.87	67
34.34	73
32.49	83
32.23	83
34.74	64
34.09	63
35.68	38
35.01	38
35.39	45
33.77	73
35.45	22
33.26	28
32.23	75
33.87	63
31.64	65
33.97	25
31.89	41
33.98	71
32.71	80
35.76	56
34.19	29
34.62	31
34.49	51
33.92	47
33.32	21
31.19	38
34.12	39
32.07	18
34.04	62
34.02	5
31.75	51
32.98	21
32.46	72
31.35	49
32.77	74
31.29	43
35.92	24
34.88	45
33.94	65
32.62	81
32.87	87
31.63	2
35.04	56
35.04	56
35.04	56
32.34	10
32.12	36
30.01	43
34.45	31
32.05	14
31.15	44
33.87	37
30.54	38
31.73	29
37.25	24
30.59	41
31.62	64
32.25	68
32.97	32
34.74	36
32.36	45
33.97	18
33.85	30
35.77	9
36.19	34
36.19	34
33.92	48
32.9	61
30.72	65
33.58	72
34.11	74
32.19	83
34.62	74
30.79	73
32.44	88
34.76	21
35.6	7
34.84	37
34.6	43
34.23	44
34.76	43
33.45	6
35.36	80
33.74	66
33.71	56
33.53	16
33.33	69
34.82	32
34.75	79
37.11	34
35.51	32
36.64	32
34.52	63
36.05	12
35.53	67
34.93	64
34.57	76
32.12	82
34.88	33
37.43	34
34.45	16
35.18	55
33.31	81
33.88	82
33.09	86
35.01	19
36.11	27
33.57	24
34.15	25
32.69	85
34.58	62
33.68	56
34.44	79
35.03	34
32.86	81
33.65	44
31.76	72
34.13	73
34.41	84
35.7	75
35.7	75
38.05	22
32.42	20
34.3	29
35.23	22
32.61	22
31.46	87
31.05	88
34.27	5
33.9	67
33.39	81
31.84	20
34.09	37
33.03	80
34.55	21
31.33	38
33.76	10
33.76	10
37.03	11
33.13	25
32.36	74
35.54	54
34.8	38
34.65	36
34.5	16
33.64	42
31.97	28
32.07	81
35.05	80
30.58	84
31.2	82
31.83	48
31.31	78
34.56	72
33.63	42
32.8	27
35	45
35.03	27
35.03	27
36.3	33
32.42	38
31.02	37
31.28	60
33.92	61
33.11	41
34.34	28
34.2	31
32.34	33
31.85	74
34.24	73
36.44	61
32.83	23
32.82	46
32.47	80
30.51	86
34.28	51
32.35	41
34.7	41
34.36	43
35.61	43
32.21	68
36.45	73
34.04	73
32.63	43
34.62	69
34.19	37
35.05	32
33.86	37
31.45	38
36.27	43
34.85	82
33.32	80
35.93	15
35.25	36
33.87	74
35.48	59
34	31
33.03	38
31.04	36
34.03	66
33.14	69
31.97	86
35.23	31
31.74	88
33.7	74
32.3	23
34.52	16
31.82	32
35.58	33
35.69	34
34.38	7
34.06	35
32.27	37
30.42	28
33.5	78
33.9	28
34.76	38
32.16	9
30.98	34
30.98	34
32.81	15
33.21	49
34.11	32
32.34	25
34.12	38
33.39	34
33.13	57
32.64	31
34.09	38
35.77	36
33.95	37
35.15	26
35.54	60
35.01	21
34.61	20
32.47	65
36.45	24
32.64	70
33.95	11
35.67	33
32.01	17
32.78	7
34.56	35
36.1	40
37.98	22
32.29	21
33.61	37
32.2	9
37.15	47
34.57	31
33.39	35
32.73	39
32.11	36
34.26	38
30.13	76
34.02	76
36.09	74
33.5	69
33.38	67
35.3	16
34.62	44
33.37	68
37.08	25
35.05	53
33.46	85
32.5	83
36.31	18
36.07	63
33.64	19
34.34	73
34.97	87
31.42	73
34.91	66
34.73	22
34.26	65
36.04	33
33.02	21
32.6	39
35.16	36
35.12	17
33.89	10
32.12	37
33.93	77
34.55	22
32.59	36
34.7	59
39.83	25
33.77	69
35.28	43
30.45	44
33.07	71
34.18	18
33.48	41
35.89	40
33.74	67
34.78	73
34.41	80
33.96	29
36.43	52
36.36	36
37.06	8
32.88	57
35.5	13
35.27	40
34.88	63
35.57	38
33.36	80
36.28	44
37.56	26
36.45	20
35.37	62
31.79	81
36.29	46
36.84	46
36.29	46
34.96	88
32.97	77
34.59	31
35.42	75
34.02	76
34.94	66
38.93	19
36.94	25
35.31	48
33.53	23
36.23	44
35.89	27
33.8	24
32.54	29
36.16	54
35.5	33
33.17	37
32.53	55
34.76	77
34.17	81
33.68	15
33.75	40
34.25	17
32.49	20
32.06	42
32.65	36
33.81	47
33.38	43
32.97	60
34.41	49
36.13	49
37.12	23
35	44
32.64	37
34.38	4
34.07	54
35.03	40
36.23	36
36.46	30
32.93	28
32.53	59
32.63	41
34.95	11
33.35	35
32.96	70
32.39	16
35.3	64
30.49	20
32.62	59
35.68	34
32.16	20
32.1	20
34.81	31
32.84	53
33.66	35
33.37	14
31.78	33
31.98	23
30.88	13
36.02	41
34.05	63
34.22	40
37.19	20
34.6	70
33.8	41
36.44	30
35.61	33
33.68	63
34.73	61
36.31	33
35.38	3
37.19	42
37.27	25
35.96	39
33.93	37
35.45	67
35.55	48
33.68	44
34.47	34
35.17	34
30.78	53
30.76	58
34.72	48
33.9	33
30.5	46
32.69	16
33.08	70
32.71	51
33.28	48
31.21	16
32.14	63
31.15	20
31.19	61
32.7	50
35.29	20
34.77	34
33.35	65
34.16	37
32.52	31
35.75	40
35.55	38
34.2	52
35.87	48
36.33	37
33.73	0
33.38	38
32.95	37
33.52	66
33.15	38
37.2	33
33.54	61
36.06	28
35.75	37
35.2	51
36.26	24
35.36	42
34.59	67
36.53	17
37.87	25
31.46	38
34.17	39
32.65	55
33.45	25
34.54	26
34.17	39
32.63	38
31.15	28
31.75	36
33.1	31
33.96	64
34.39	24
33.73	23
34.92	23
36.05	28
34.74	20
35.05	64
32.86	50
33.03	70
35.25	48
32.9	44
34.29	17
32.73	58
31.21	22
32.89	64
34.35	38
32.43	29
30.79	54
32.8	26
30.2	52
30.97	47
32.57	16
35.32	35
32.52	63
32.22	63
32.89	22
31.82	39
34.22	36
32.28	25
33.27	37
33.65	67
35.78	19
35.77	62
33.62	55
32.74	13
35.58	46
34.91	19
35.43	36
34.46	44
33.01	4
32.13	14
31.91	52
33.26	29
33.72	16
33.85	41
33.87	52
33.47	39
31.56	70
32.14	46
34.26	28
31.75	38
33.92	41
35.51	40
36.07	25
34.15	52
35.6	47
36.1	28
38.02	60
35.03	18
32.05	29
33.04	30
33.87	53
33.29	16
32.36	19
35.43	38
33.63	31
32.28	23
33.22	3
31.77	58
32.46	70
30.85	54
33.61	16
30.77	34
30.36	70
32.46	26
32.72	40
30.38	25
33.6	2
37.9	30
34.96	2
34.45	33
35.87	9
31.13	14
36.6	29
37.18	68
34.97	60
37.46	49
40.97	21
35.25	20
32.03	39
34.8	17
33.26	8
34.56	16
35.68	27
32.35	38
33.48	34
33.46	64
35.28	54
31.35	33
33.97	68
32.87	27
34.02	31
33.35	13
32.47	54
34.54	17
32.44	18
30.6	20
33.18	61
34.1	69
34.78	35
34.02	50
33.02	22
37.03	33
34.43	36
35.22	38
34.18	28
35.68	29
35.81	63
30.37	29
30.59	66
34.73	17
35.09	30
31.27	41
33.95	58
31.8	57
31.12	35
30.51	35
37.72	36
37.2	66
36.18	55
36.46	68
33.66	4
32.37	30
34.43	22
36.1	33
35.29	22
35.78	38
34.65	16
33	68
33.36	14
34.31	41
32.8	3
34.26	16
32.45	47
36.71	18
33.84	47
33.79	65
35.82	44
33.12	9
33.09	6
34.94	11
34.53	28
33.39	62
34.95	55
32.45	63
34.21	70
32.74	67
32.44	65
34.94	33
31.22	26
36.34	2
31.53	38
31.98	22
30.8	22
33.72	68
32.57	28
31.09	35
33.31	65
30.07	60
31.75	25
32.73	24
33.95	36
30.7	6
32.34	24
33.82	17
33.24	7
34.44	9
37.21	45
34.35	69
34.17	53
33.29	15
34.44	51
36.52	50
34.82	46
32.77	36
37.52	19
37.16	65
35.3	48
34.12	57
35.06	44
34.88	37
39.21	26
33.19	20
36.63	64
34.41	9
35	35
33.84	40
35.01	21
37.65	53
36.82	47
33.63	15
35.02	34
35.06	67
35.03	43
34.96	7
36.08	65
33.77	38
32.59	24
33.63	50
32.24	68
31.07	32
33.81	32
30.25	0
33.65	16
33.48	35
36.44	6
30.53	34
31.54	31
34.19	49
33.96	16
31.34	1
31.98	32
33.65	47
34	31
32.65	57
33.96	1
34.5	55
35.29	29
32.34	26
30.47	31
33.69	41
30.78	1
30.31	36
30.31	36
33.52	54
35.15	19
36.51	45
35.31	60
35.96	61
32.36	30
33.19	13
34.77	52
33.08	37
33.95	53
34.91	36
34.03	13
33.72	42
36.36	42
32.96	70
33.24	66
34.41	29
35.58	9
36.44	11
33.06	55
34.49	34
30.83	60
33.69	44
31.02	5
31.22	1
31.04	64
30.71	48
32.09	41
31.65	50
34.15	21
30.55	29
32.67	29
32.88	39
32.71	17
32.64	7
34.77	23
34.63	38
31.88	7
32.66	33
33.96	32
34.25	16
30.1	22
30.66	36
30.97	60
31.12	27
32.63	27
31.65	50
33.72	20
35.51	55
34.53	61
36.38	30
35.48	47
33.33	54
34.32	34
34.38	40
32.92	64
35.54	45
32.49	52
32.41	8
31.89	32
32.03	27
34.22	41
35.35	67
33.02	27
30.57	47
31.12	9
31.52	6
34.28	19
36.73	45
33.51	31
32.82	27
36.05	6
31.87	44
34.65	34
33.85	69
36.29	25
34.58	64
35.24	38
33.45	54
34.94	50
34.28	7
32.84	7
31.22	27
35.61	54
33.96	1
34.94	17
33.6	21
36.05	32
34.38	20
32.59	15
35.02	58
33.87	15
32.84	19
36.72	52
36.03	66
32.02	33
30.73	37
34.25	36
31.27	37
32.75	11
36.98	27
31.67	42
30.51	2
30.16	57
33.42	32
33.96	64
31.8	51
33.04	28
34.47	51
33.87	41
31.75	64
36.88	50
32.69	35
31.9	65
32.55	55
33.97	35
33.68	58
34.13	9
36.92	37
36.05	51
37.45	52
36.05	10
35.49	23
34.09	59
35.16	49
32.97	57
33.71	57
34.39	65
35.13	25
33.36	2
34.61	64
31.09	31
33.68	48
36.15	28
32.42	68
36.6	27
33.3	62
33.3	16
31.48	40
31.48	58
31.75	43
31.19	68
31.52	10
32.21	2
36.42	17
33.63	31
34.71	26
34.71	44
35.27	50
34.46	8
33.27	41
36.94	47
37.15	26
32.12	32
36.02	24
33.66	55
33.33	69
35.66	38
36.57	25
36.02	39
37.72	8
34.3	68
34.34	25
33.33	27
35.83	45
38.58	24
37.01	33
49.09	28
34.94	63
33.34	66
34.75	57
38.29	37
34.41	60
36.58	9
32.01	36
34.85	52
34.04	23
34.24	23
34.93	55
37.59	61
35.84	31
33.39	28
34.52	19
35.98	66
30.51	55
34.47	32
33.73	54
32.39	21
36.03	23
33.14	46
31.76	25
33.36	69
37.43	29
34.06	30
35.69	34
31.96	35
33.51	46
32.78	21
34.78	19
35.69	39
36.97	28
36.53	34
33.77	70
35.02	18
32.95	14
35.13	16
36.21	42
34.57	34
36.14	4
30.89	5
34.43	18
31.74	70
33.68	11
35.85	44
34.47	15
34.47	37
33.93	34
32.29	62
31.89	51
35.16	66
33.86	51
34.09	47
34.98	41
33.33	12
34.06	50
36.15	41
32.73	32
33.66	42
33.95	26
32.74	10
35.92	20
32.7	65
31.87	14
30.18	35
33.75	40
32.99	63
36.62	25
35.64	22
33.02	70
34.59	8
34.45	9
35.71	14
34.14	28
30.21	24
33.97	60
37.43	62
31.82	29
36.36	27
32	16
32.74	42
32.82	53
32.67	12
34.94	33
35.86	37
36.48	37
32.11	33
34.05	63
33.88	68
33.54	67
37.07	55
33.49	45
36.36	62
34.34	32
35.71	26
31.39	27
31.67	37
32.69	41
31.35	37
31.85	49
34.71	45
32.87	67
31.53	32
31.43	69
35.63	34
34.43	42
33.28	40
33.8	16
32.64	22
32.05	64
34.24	70
33.61	38
34.12	16
33.62	21
34.18	35
33.39	58
34.06	5
31.39	24
32.67	29
33.8	29
34.72	41
34.5	12
32.62	38
37.9	32
33.1	21
33.97	20
31.65	22
33.67	55
31.2	42
36.01	12
32.44	22
32.19	69
33.03	33
32.14	23
34.52	15
32.79	27
38.64	14
33.37	44
34.26	13
32.09	59
32.77	35
34.84	31
33.91	67
35.07	54
34.01	42
37.26	32
31.01	64
33.72	49
36.46	22
32.44	16
33.58	39
33.88	66
33.28	68
33.42	36
34.48	31
36.53	25
34.87	23
33.55	61
33.22	58
31.88	29
32.34	36
31.46	70
36.13	70
33.02	12
33.81	22
34.2	34
34.1	53
31.22	32
31.86	27
33.34	22
31.71	20
33.82	2
33.23	51
37	19
34.81	16
32.59	34
33.26	70
31.21	19
32.57	12
34.86	24
33.2	57
32.19	36
34.55	31
32.47	23
30.83	55
32.23	70
33.94	5
30.85	22
31.94	38
32.59	31
34	16
30.94	64
32.45	56
32.03	56
34.01	13
33.46	13
33.79	68
35.29	46
33.94	29
36.34	27
34.23	35
33.1	39
34.42	22
33.1	39
31.84	34
30.44	34
32.13	25
33.1	39
37.05	15
33.9	2
33.11	29
33.2	60
34.75	56
34.18	34
33.39	17
37.65	37
35.91	47
36.95	23
33.78	0
35.35	54
35.86	26
35.24	63
34.89	41
33.03	13
35.46	14
32.75	16
34.43	20
33.82	60
35.15	4
33.7	53
35.12	66
30.74	40
32.78	53
32.82	36
33.56	51
31.64	49
32.52	17
35.48	43
33.48	30
32.95	65
32.96	67
36.19	32
34.9	5
34.12	16
34.58	47
38.27	16
31.82	32
32.45	48
33.98	57
33.62	17
36.84	34
33.11	20
36.63	50
36.09	39
36.09	48
32.6	38
34.54	17
34.42	38
33.86	39
32.6	65
32.68	34
32.55	21
32.54	54
32.41	52
34.05	53
33.4	41
31.86	57
31.39	65
32.8	1
31.2	27
35.39	29
33.06	32
30.61	12
34.62	20
35.9	46
30.52	21
32.87	30
30.38	21
35.87	31
32.65	35
36.5	11
36.18	29
32.64	66
50.54	21
35	56
36.54	21
37.75	31
36.36	34
35.54	63
38.06	26
36.62	12
37.27	33
34.94	3
33.63	53
36.83	30
34.85	46
35.07	50
35.27	13
35.39	51
34.42	68
34.98	64
31.36	15
33.19	25
35.59	12
31.46	38
36.56	7
36.55	22
32.45	54
35.15	50
33.1	37
33.85	6
32	19
35.52	37
37.44	32
34.74	13
33.95	52
33.03	70
34.56	29
37.14	31
31.3	32
35.77	43
34.08	47
33.8	15
34.75	12
32.64	65
31.44	19
31.96	36
31.33	60
32.95	51
30.87	6
33.55	23
33.63	36
33.82	27
30.15	6
33.82	17
32.94	7
33.43	24
33.54	9
33.69	6
36.81	55
32.99	63
30.98	23
38.6	20
33.77	57
36.55	7
33.8	33
33.8	29
37.21	12
33.29	32
34.8	68
32.34	66
33.85	53
34.17	9
36.47	61
35.86	40
34.33	24
35	40
34.33	61
32.65	59
32.65	59
39.49	26
33.44	56
35.27	51
35.94	63
32.03	2
34.72	56
33.2	54
37.77	48
33.54	34
33.63	32
31.62	57
33.37	28
34.37	67
35.46	31
33.29	55
34.39	31
33.48	17
36.28	49
30.86	15
31.79	46
32.09	55
34	40
31.96	37
33.1	59
30.63	30
34.88	57
36.53	46
34.36	62
35.16	58
36.32	46
43.86	25
34.05	8
35.28	61
33.88	62
32.99	67
34.97	52
34.32	31
33.46	5
34.79	29
34.63	70
35.32	44
33.23	52
37.85	15
34.57	66
36.82	63
34.41	63
32.74	9
32.13	38
31.74	3
30.59	11
35.61	33
32.81	32
31.63	37
32.98	57
32.42	40
31.56	21
33.23	29
34.32	2
30.59	25
34.72	13
32.98	15
30.84	44
33.11	10
31.32	40
30.87	59
32.8	46
35.77	17
35.2	42
35.15	51
33.02	41
30.44	43
35.18	67
35.38	32
34.68	63
34.9	53
35.81	28
33.87	63
35.81	12
35.85	57
34.02	69
34.4	66
32.93	12
34.96	36
32.03	64
33.9	57
33.28	47
31.97	1
30.53	21
31.48	41
30.94	62
32.07	22
30.83	7
31.8	2
32.68	53
31.81	15
33.62	57
31.13	35
34.65	19
32.19	22
33.55	33
34.86	16
33.03	50
33.1	33
31.17	62
36.27	14
35.43	41
35.49	14
34.27	69
36.13	14
34.41	13
35.52	56
35.78	54
33.5	43
34.48	64
33.08	60
33.42	50
31.31	68
33.97	47
31.57	30
32.52	13
32.19	23
34.65	54
33.41	67
34.48	49
35.32	35
33.85	56
34.79	55
35.3	61
37.09	23
33.56	26
38.18	18
34.69	58
33.73	16
38.06	32
36.39	55
37.46	25
32.39	4
36.25	16
35.89	26
34.28	28
33.9	32
37.05	50
38.69	12
33.34	39
34.42	1
31.27	36
32.36	30
32.92	69
32.17	3
36.07	23
31.24	59
31.69	52
32.85	22
30.84	22
31.46	44
31.73	3
33.11	38
33.13	1
32.67	41
31.12	38
32.59	53
31.89	50
30.93	23
33.8	28
34.49	67
34.46	29
34.12	49
34.52	63
32.21	54
34.61	38
37.6	15
32.39	70
33.18	39
31.73	57
34.81	27
30.28	58
31.15	13
31.65	64
34.35	16
32.6	40
31.16	17
31.43	23
37.13	2
32.34	62
33.12	51
34.14	11
32.32	44
32.66	40
35.38	41
36.29	27
34.86	27
33.03	67
32.73	19
34.38	10
33.29	56
30.14	47
31.87	29
31.92	16
34.33	51
36.94	12
34.64	46
35.71	48
34.17	64
34.1	60
33.86	22
35.13	27
34.38	43
36.35	35
37.05	29
33.89	39
36.42	19
33.09	15
33.45	23
34.54	24
34.87	67
31.54	38
34.68	65
36.97	65
32.68	67
34.51	16
31.85	62
30.67	22
35.25	27
37.14	16
35.91	10
35.28	12
31.11	53
34.16	44
32.88	58
33.86	13
30.59	22
32.75	11
35.76	68
34.4	63
33.95	37
36.44	27
33.29	16
34.08	38
32.19	27
32.01	54
32.5	24
34.2	53
31.47	28
34.57	47
33.59	16
32.47	65
31.59	10
30.84	18
31.46	68
34.77	11
33.71	68
33.4	57
36.07	50
30.91	30
35.75	23
30.92	66
32.08	70
35.52	31
34.14	54
37.2	57
37	30
34.4	19
40.8	14
35.24	57
39.29	52
35.9	64
33.38	62
37.28	26
32.18	50
32.4	32
30.89	39
33.86	40
34.4	52
34.01	4
31.61	25
34.55	25
30.62	12
36.89	26
34.87	30
36.48	33
36.01	70
35.82	30
35.07	61
35.27	43
33.16	68
33.34	58
32.19	29
32.13	34
33.42	29
34.75	16
30.77	28
31.89	26
33.88	70
33.48	24
32.03	31
31.79	20
33.35	31
30.72	51
34.42	14
32.05	6
34.23	47
33.64	20
36.98	52
34.95	3
33.56	58
33.01	47
35.14	44
35.59	54
34.46	36
33.27	22
34.44	16
34.11	68
34.19	63
32.74	56
34.14	11
30.62	26
32.93	41
35.06	67
33.02	37
30.16	54
30.96	34
34.41	68
33.67	56
32.95	35
30.09	25
33.82	16
33.78	62
32.94	35
31.54	5
33.77	54
32.62	39
30.49	35
33.82	49
31.23	12
33.21	16
33.77	53
31.16	61
32.2	28
31.71	59
31.65	64
32.15	67
33.86	38
33.68	60
34.56	34
35.97	12
30.32	24
32.91	70
34.27	42
35.53	49
35.11	54
33.27	47
34.11	28
35.49	48
34.53	20
31.78	27
36.26	33
34.93	39
37.07	12
35.22	37
36.5	58
35.75	67
34.31	34
36.13	70
35.88	48
36.78	44
35.62	26
32.96	69
33.87	33
35.42	68
38.34	35
35.28	28
35.69	32
34.52	37
36.06	62
34.94	67
34.79	64
32.11	33
34.23	68
35.19	51
38.85	16
37.39	22
37.02	46
34.4	19
35.37	39
36.18	55
34.75	39
35.62	61
36.21	31
35.98	24
34.22	63
35.67	43
36.69	35
34.68	63
33.15	23
34.6	62
36.79	34
32.36	38
35.31	54
35.8	44
36.53	20
35.61	64
35.99	17
35.47	48
35.02	31
34.81	34
33.35	12
34.38	35
36.87	44
37.28	38
35.57	1
35	65
34.29	51
35.17	54
35.61	33
34.85	32
36.84	33
34.62	68
34.06	57
33.94	55
34.95	37
36.78	8
35.66	33
32.89	12
36.69	10
36.57	7
34.21	32
34.69	69
34.68	70
34.07	54
34.1	27
32.94	56
35.4	29
36.57	37
34.61	6
34.62	21
32.51	38
37.42	8
34.72	21
36.6	53
33.37	39
33.24	62
34.81	15
33.62	68
30.88	5
35.2	62
35.2	45
33.16	67
34.13	39
31.9	62
31.96	37
36.15	2
35.39	2
32.67	38
33.56	35
32.77	49
34	59
32.95	32
32.18	50
31.48	67
34.4	50
33.52	16
34.16	43
33	35
32.81	39
30.75	13
31.38	39
30.82	34
31.73	25
33.15	23
37.79	29
30.65	20
34.77	52
35.03	12
33.64	46
33.8	17
36.24	44
32.03	66
32.56	51
33.87	46
37.33	21
34.94	70
36.36	53
37.8	31
36.7	4
35.32	60
34.02	54
35.08	60
37.48	37
34.85	54
36.57	43
38.18	26
35.05	28
34.73	59
35.43	70
33.84	70
35.04	65
35.56	28
34.72	32
34.63	66
33.8	7
36	56
35.09	39
38.11	34
34.22	48
37.66	49
34.01	31
35.78	18
31.45	68
34.12	16
34.8	41
33.31	70
34.27	16
32.84	45
32.07	22
33.41	63
31.72	57
31.61	62
34.91	50
37.72	45
36.84	26
35.64	28
36.35	51
37.31	55
36.02	58
36.38	38
37.7	53
35.92	9
33.5	23
32.02	24
34.4	26
34.03	36
33.78	36
34.29	8
37.05	14
32.43	30
35.28	69
33.35	49
33.48	50
35.18	66
35.47	54
32.61	66
33.46	68
34.03	69
35.29	27
37.46	32
33.98	66
34.79	46
35.56	14
31.87	29
36.44	37
36.37	17
34.3	51
32.53	53
31.59	25
31.87	55
33.6	67
33.03	26
34.04	24
33.6	41
36.81	66
35.2	22
37.86	23
34.63	33
36.46	25
35.1	40
35.23	25
35.42	10
35.71	50
35.93	44
36.07	61
36.05	64
35.89	43
40.55	9
35.6	33
38.55	37
35.64	42
33.57	21
32.72	35
36.46	53
35.57	35
33.63	41
33.19	29
36.02	9
34.17	16
34.01	34
34.61	24
36.75	39
34.72	20
35.52	31
33.35	59
36.47	32
37.51	32
35.52	39
36.67	38
32.3	36
37.38	9
36.63	24
35.03	39
33.26	33
30.89	8
32.88	16
30.71	46
34.12	59
31.84	34
34.12	33
31.3	6
34.69	35
37.85	11
34.67	5
37.23	16
35.58	70
34.75	40
35.61	34
34.53	24
33.94	2
34.42	30
36.3	26
31.65	22
35.18	20
33.19	29
35.31	31
32.36	33
34.31	48
31.88	66
32.85	35
35.26	15
33.59	34
34.08	33
34.29	49
34.47	48
31.54	45
33.24	62
32.58	44
33.7	37
33.99	23
31.52	63
34.02	14
35.75	47
33.26	62
33.95	54
35.17	18
33.45	29
34	31
34.98	60
36.11	35
33.96	7
34.91	35
36.42	14
35.41	45
38.07	16
36.17	12
36.55	44
35.95	22
36.76	22
36.17	12
36.63	49
33.35	24
36.28	34
33.7	22
32.54	18
34.3	21
32.71	61
34.36	2
32.68	35
33.34	41
36.2	13
33	51
35.28	33
33.96	16
32.12	28
33.47	49
32.59	36
35.93	2
32.3	26
31.81	68
31.36	25
36.06	62
35.5	62
34.32	33
35.03	62
34.25	30
34.03	36
36.55	41
38.13	39
34.72	46
34.61	38
30.6	17
34.71	2
30.17	36
34.5	42
36.39	16
34.2	52
32.09	14
32.45	21
30.93	70
32.04	23
33.68	0
30.14	34
31.29	34
33.96	53
35.02	50
32.45	68
32.49	55
34.28	33
32	51
31.43	29
30.86	5
33.85	47
33.2	46
33.92	57
34.53	53
33.55	64
33.16	68
32.66	7
35.07	1
35.24	6
32.69	67
35.02	47
32.07	54
33.1	22
32.82	59
33.56	68
34.68	34
33.19	54
35.19	37
36.32	40
35.4	61
32.83	25
35.13	66
33.74	70
33.81	23
32.58	26
36.46	21
34.27	25
33.29	61
31.9	13
35.68	59
31.9	15
32.58	17
38.17	13
31.14	67
35.26	64
33.65	59
33.35	24
34.8	23
34.15	19
31.65	44
31.63	2
34.71	50
30.93	31
32.85	23
32.91	53
31.61	44
36.17	23
32.53	66
36.67	16
32.53	32
32.77	49
33.01	23
32.74	51
32.52	19
33.48	51
32.33	38
34.18	38
30.16	61
31.6	37
31.11	23
34.84	17
35.47	2
31.61	4
37.05	29
33.42	68
34.85	33
37.97	31
34.4	29
34.84	50
32.27	53
36.89	59
42.63	24
33.93	59
35.28	33
34.14	60
33.33	53
36.2	47
34.01	60
34.33	54
33.38	67
34.27	41
33.18	38
34.79	34
36.2	28
36.13	10
34.64	68
31.88	13
32.77	36
34.12	16
34.75	41
30.61	22
35.01	63
34.23	7
33.98	67
33.9	33
34.11	54
35.76	7
35.15	64
34.82	51
34.2	59
33.78	19
33.84	17
33.92	66
35.57	19
36.31	28
31.12	22
32.96	32
32.89	16
33.25	63
32.04	36
31.17	28
33.01	63
30.88	39
32.39	70
33.56	40
37.17	46
36.39	34
33.25	55
33.48	26
34.48	70
35.05	38
33.06	70
34.01	70
37.35	35
33.96	16
33.06	21
35.73	18
33.49	41
35.91	40
31.9	66
32.34	36
36.23	33
32.98	14
31.68	23
30.48	38
31.37	20
31.85	47
34.02	21
33.61	66
33.43	38
33.19	25
32.78	34
32.36	34
36.03	2
31.64	10
34.03	6
33.3	16
32.01	34
32.4	36
33.56	21
32.63	56
32.1	17
33.16	63
32.72	36
30.84	57
30.03	59
31.53	27
30.54	64
31.21	35
33.05	25
31.2	34
34.16	53
35.44	62
33.27	70
32.98	13
35.48	37
36.41	38
33.97	55
36.56	24
33.01	70
33.96	68
36.42	28
34.31	65
35.85	28
32.38	38
32.81	37
32.07	45
35.85	28
34.29	67
32.96	16
33.88	28
35.85	28
34.34	7
30.8	23
34	36
34.32	11
31.38	15
32.26	68
32.37	45
32.46	70
32.62	26
33.61	16
31.35	22
33.02	64
32.94	69
32.06	31
33.29	18
34.4	31
33.96	51
35.38	16
33.84	6
32.45	18
37.52	33
36.4	18
36.12	51
33.62	49
34.52	59
36.46	38
33.08	13
34.95	48
33.79	33
39.38	12
34.78	15
35.52	60
30.61	39
32.44	37
34.77	26
36.56	37
33	13
37.28	21
34.63	16
32.68	66
33.03	22
32.09	39
33.3	48
33.54	21
32.7	21
32.37	25
32.71	7
32.02	22
32.31	47
33.57	26
32.11	52
32.65	68
31.55	55
32.82	34
31.86	25
32.09	46
31.96	31
32.16	34
31.87	28
34.5	22
32.12	8
36.3	22
35.06	11
32.87	52
31.87	39
35.77	35
32.5	22
31.59	68
32.9	63
34.09	45
33.23	56
33.81	39
33.52	45
33.77	20
34.4	39
35.44	67
32.72	27
34.63	41
33.51	52
36.64	29
33.44	45
33.73	16
34.4	15
32.75	43
35.5	66
36.96	13
31.28	28
31.68	30
33.29	62
33.07	52
35.81	57
34.25	3
35.61	28
34.17	40
35.59	28
35.38	53
35.99	36
35.39	38
34.95	51
37.39	48
31.27	41
34.42	17
33.87	38
36.45	8
32.65	26
34.97	54
32.93	42
37.17	25
34.59	26
33.47	65
33.69	32
32.72	68
32.97	16
35.45	45
31.47	61
37.67	31
34.18	33
33.8	68
32.44	2
33.28	24
33.78	31
33.58	48
33.31	32
33.62	36
34.78	16
33.29	43
30.53	25
32.04	62
30.44	30
31.37	61
36.07	52
37.61	26
33.44	63
37.38	0
33.66	54
34.49	11
36.1	41
34.81	7
37.22	48
37.9	40
35.39	13
33.34	27
34.32	8
31.79	18
33.51	16
31.56	35
35.96	39
32.13	11
30.14	69
33.25	50
32.84	16
32.43	30
32.45	52
32.37	37
35.78	19
31.08	61
32.27	64
37.05	15
35.25	41
33.88	21
32.36	30
33.44	16
34.45	39
34.9	21
36.42	33
36.96	18
35.54	59
35.49	25
35.64	37
36.07	14
34.37	61
35.54	25
35.65	19
33.79	38
36.53	64
33.38	64
32.18	20
36.26	19
33.72	15
32.87	35
34.13	56
33.42	43
32.92	14
36.36	31
33.47	46
33.78	53
32.28	63
33.65	27
33.64	46
30.17	1
30.82	17
38.17	10
30.47	32
31.66	28
32.06	69
32.49	35
32.49	35
32.49	35
31.97	31
32.42	35
33.51	19
34.39	33
31.8	63
32.1	63
35.42	2
31.73	59
33.23	33
34.81	16
33.4	23
33.91	33
33.19	31
35.45	8
30.81	64
35.69	28
31.27	35
34.61	54
34.98	67
33.99	66
35.37	20
33.86	33
33.43	37
31.77	32
35.07	15
31.95	30
33.15	46
30.63	34
33.88	68
32.29	47
32.67	61
34.95	1
33.29	28
32.85	61
34.27	53
31.07	66
31.37	25
33.67	50
32.31	70
40.31	22
30.77	65
34.12	26
34.02	26
34.06	1
30.94	55
33.65	50
31.87	56
34.19	41
30.65	22
33.95	45
32.54	16
30.19	34
33.92	60
32.39	55
30.53	0
32.84	56
33.75	36
32.86	61
33.52	52
34.6	18
32.56	55
34.16	47
31.83	38
36.02	69
33.75	36
32.52	14
33.64	33
34.18	16
36.29	47
33.69	7
36.22	35
30.92	38
33.11	26
36.62	37
30.94	10
31.13	9
36.85	54
33.5	33
34.08	66
32.72	70
37.32	27
32.76	37
33.55	34
32.84	31
33.32	43
32.51	59
32.49	48
34.39	70
34.63	66
31.54	64
31.87	43
33.07	29
30.56	18
32.86	63
30.94	31
34.36	48
37.81	22
38.81	14
100	0
36.31	62
32.5	14
34.5	45
33.94	33
36.14	37
36.32	19
35.61	42
33.57	10
32.96	44
33.48	35
32.84	33
31.21	34
33.45	39
32.48	23
32.85	34
32.72	36
32.92	14
34.39	68
34.86	56
35.43	28
36.39	60
35.45	34
36.28	32
35.03	46
34.98	44
32.22	21
34.56	66
34.17	29
34.47	37
32.87	28
37.82	36
34.37	20
34.25	51
35.96	25
33.5	32
34.75	33
33.22	27
31.42	66
30.38	4
32.71	38
32.15	68
34.71	27
33.6	68
32.57	63
30.82	3
34.8	67
31.81	44
34.75	28
33.8	15
34.61	33
36.88	33
32.91	70
33	69
33.25	55
35.02	2
32.23	28
33.62	20
32.26	37
34.92	52
36.54	16
30.69	53
32.44	70
33.73	23
31.93	70
30.75	48
33.78	22
37.11	46
32.68	64
33.29	2
34.05	34
32.84	62
34.78	16
34.89	67
31.99	61
33.88	48
34.59	14
34.92	25
33.5	52
35.84	42
32.03	70
34.56	32
33.25	60
31.98	14
30.07	39
30.81	66
33.84	16
34.8	63
31.9	34
36.31	28
34.92	51
31.28	23
33.51	21
33.96	51
34.68	16
35.23	65
36.05	42
31.81	38
32.56	11
33.23	16
31.92	22
35.05	41
34.3	50
31.87	11
33.53	22
30.31	33
35.5	57
34.05	60
34.35	32
34.31	44
32.09	21
32.05	21
33.89	42
33.63	32
36.21	53
34.62	47
32.68	35
32.35	27
34.39	26
33.93	19
34.97	60
33.04	49
36.06	40
34.62	62
34.82	68
31.98	22
34.72	70
37.5	27
35.58	70
32.27	60
33.51	68
33.32	68
37.35	27
31.75	65
36.8	58
31.8	54
32.04	64
32.75	53
33.88	24
35.6	34
33.75	40
32.75	10
34.61	30
34.06	32
37.35	37
33.89	56
34.13	31
34.85	16
32.05	16
33.54	36
33.42	69
34.08	51
35.02	2
33.03	26
32.17	14
36.54	16
34.77	52
31.52	17
30.64	60
33.52	24
34	49
33.98	20
34.35	3
33.13	43
33.13	2
34.66	27
31.79	23
35.72	47
31.79	46
33.35	16
32.8	17
33.18	47
34.65	20
33.13	55
34.93	2
32.51	37
31.87	31
30.47	11
31.5	14
34.75	53
36.19	16
34	44
35.02	2
33.03	26
31.88	21
32.09	14
36.54	16
30.6	60
33.52	24
34	49
33.98	20
33.46	62
33.07	14
34.75	61
34.6	67
33.27	30
35.02	68
34.42	62
30.56	2
33.69	22
31.9	52
33.78	46
33.78	46
34.14	63
33.58	46
34.51	61
35.73	53
35.51	57
32.48	23
33.78	46
33.49	34
35.82	63
35.09	23
34.77	37
35.31	38
34.4	14
37.63	52
34.96	56
37.9	25
36.28	68
35.39	42
34.18	37
36.62	26
38.43	32
34.22	70
34.8	40
35.95	29
39.78	25
35.8	20
35.06	63
33.14	36
33.55	44
33.98	69
30.44	35
33.14	66
32.09	3
32.08	62
34.62	58
33.36	15
31.87	13
33.24	66
31.39	34
33.25	39
32.13	65
33.99	67
31.77	13
34.05	18
33.81	66
34.57	47
31.59	53
34.2	58
32.75	65
33.13	43
33.38	67
32.59	3
30.66	49
32.72	67
32.75	32
35.33	32
32.31	69
35.44	33
34.26	61
33.39	64
35.61	12
34.26	19
36.7	53
32.71	19
31.01	3
34.36	62
35.03	9
36.33	18
30.78	56
34.35	16
34.19	27
32.72	32
33.6	44
33.4	42
32.95	49
34.69	36
34.47	22
30.88	64
34.62	39
35.36	29
33.92	23
35.04	56
34.77	57
33.78	62
34.47	7
34.18	38
33.18	27
33	54
34.55	55
34.61	66
37.54	44
35.67	19
34.86	27
35.28	35
38.18	11
33.73	4
35.33	34
36.05	68
33.2	56
31.88	14
34.42	68
35.49	55
34.43	52
35.92	31
34.48	58
32.98	40
33.02	60
35.06	56
35.08	61
38.92	31
33.57	65
35.05	7
34.85	11
32.97	4
36.43	37
35.77	57
48.28	10
34.38	58
35.38	23
36.33	55
35.84	55
37.59	38
35.06	61
35.8	56
38.98	31
35.29	37
35.75	61
33.44	69
37.11	27
33.64	40
35.94	57
34.79	44
33.25	61
33.79	12
34.75	49
33.09	51
35.65	26
32.72	28
34.28	37
33.53	51
34.47	23
35.13	55
34.12	58
35.85	24
32.06	33
35.51	31
35.29	67
33.04	65
33.46	16
34.64	27
33.04	34
33.75	31
33.27	12
34.71	40
35.17	45
31.73	30
33.11	58
33.21	6
35.12	32
37.81	55
34.41	43
35.38	62
34.37	55
34.63	58
37.06	59
32.13	29
32.82	12
35.06	56
34.53	28
32.38	51
33.12	60
35.92	2
34.44	4
32.25	17
33.34	14
32.65	39
36.35	44
33.24	29
34.15	61
33.12	34
35.91	46
37.39	23
35.12	52
33.85	61
34.1	46
32.56	49
34.74	64
37.18	26
33.96	16
33.09	36
30.94	28
30.98	33
30.92	57
35.47	2
34.27	60
31.09	69
33.27	35
33.15	62
35.96	41
34.1	53
33.63	35
38.64	27
31.86	32
37.61	46
36.15	48
33.72	30
35.59	9
35.08	56
32.9	69
34	24
32.21	33
33.35	20
35.8	33
32.21	38
33.37	68
34.27	16
35.38	38
32.53	66
34.79	3
36.61	33
34.66	68
35.15	29
35.06	29
36.34	52
34.95	27
34.5	28
34.43	25
34.57	62
32.06	20
33.37	67
31.56	31
35.25	39
32.79	65
35.79	34
32.55	37
32.31	59
34.59	3
33.53	54
34.41	56
32.08	56
33.55	39
32.6	47
32.83	50
31.72	50
33.68	58
31.39	22
34.47	56
32.29	60
33.72	48
33.28	44
33.15	52
30.31	64
33.64	17
34.97	64
35.68	37
30.2	36
33.02	38
34.26	13
34.68	16
34.65	50
34.71	39
31.8	20
34.19	37
32.17	49
32.14	66
33.47	18
33.58	13
33.59	68
34.67	43
32	14
33.41	41
33.8	16
35.33	36
32.73	13
32.71	31
32.32	30
33.93	43
32.15	64
32.73	9
33.95	56
33.83	64
32.48	45
33.61	46
34.43	33
33.76	32
32.48	53
33.46	26
33.22	66
34.34	64
33.58	29
33.28	25
39.2	33
35.06	44
37.77	32
35.83	47
36.15	52
37.27	34
32.98	64
34.16	61
33.02	69
35.6	19
34.73	24
32.48	53
35.4	16
32.65	38
34.91	26
35.62	23
34.67	55
33.96	53
32.03	55
33.05	52
33.86	36
34.98	24
31.93	35
32.4	44
33.41	32
34.89	16
35.46	24
31.8	55
34.2	55
34.89	16
33.41	32
33.22	70
31.87	45
33.2	57
32.97	30
32.43	38
32.72	34
34.94	48
35.3	29
32.27	38
34.25	31
31.89	35
35.31	39
36.28	2
34.1	50
34.09	1
30.35	19
30.5	37
34.15	39
31.83	10
34.54	32
31.41	4
32.12	23
33.56	61
32.26	19
32.18	23
33.71	23
32.12	13
33.67	57
34.38	39
33.17	23
32.79	37
32.06	20
34.12	1
31.32	22
32.4	21
34.12	3
33.72	45
32.49	37
34.8	35
32.88	54
34.14	53
32.87	51
31.64	17
32.89	46
32.29	53
34.42	16
33.66	25
32.62	23
33.06	61
31.96	43
32.41	39
34.76	0
33.3	2
33.52	34
33.56	15
30.78	34
35.28	47
33.44	46
30.82	36
33.6	16
32.51	18
32.48	23
31.53	30
32.73	39
33.75	48
32.72	16
31.5	33
34.21	45
34.4	62
33.14	14
30.67	52
33.54	41
31.05	35
31.56	21
31.44	70
31.21	59
35.34	24
32.26	26
30.98	64
31.89	31
31.09	54
36.25	48
32.68	17
34.23	6
34.26	67
34.23	6
33.18	31
35.09	31
31.42	47
34.23	6
34.01	23
37.13	35
33.48	62
32.18	23
37.13	35
35.84	54
36.23	56
37.03	24
32.79	35
35.49	35
32.9	5
33.94	23
33.44	67
32.94	31
34.42	62
34.37	59
37.88	20
32.45	54
33.55	25
33.39	38
33.82	35
34.29	17
45.55	24
32.38	69
34.43	22
31.68	38
32.13	30
33.94	25
30.88	19
34.12	34
34.88	29
36.51	15
35.11	16
34.19	53
30.46	25
33.5	51
33.98	38
31.36	3
35.02	2
31.88	21
31.95	28
32.4	14
30.83	53
32.52	62
36.54	16
34.92	52
32.59	25
34.19	49
31.6	30
33.44	44
32.85	56
32.87	38
33.05	70
32.46	38
35.12	16
35.91	35
34.19	35
35.52	46
37.13	48
36.77	33
35.47	8
36.03	27
35.77	34
34.14	48
37.25	16
36.82	38
37.08	69
34.61	38
32.21	16
33.34	31
33.25	27
33.11	12
35.2	37
32.56	19
34.36	46
34.12	37
33.52	58
35.61	12
33.6	66
36.27	37
35.01	9
35.41	58
31.32	35
34.47	26
36.35	56
34.48	8
31.43	6
33.35	16
31.23	67
32.4	34
33.96	34
33.39	22
35.41	35
32.71	51
32.72	67
34.81	53
32.75	38
36.86	26
33.68	2
33.86	36
33.04	47
35.8	33
31.98	70
32.82	54
32.7	40
32.5	22
35.29	39
34.61	55
35.01	32
34.47	49
36.63	31
34	23
34.17	15
38.3	17
32.65	9
33.8	39
33.53	35
30.33	13
32.42	44
32.75	60
33.48	25
30.48	30
31.81	61
32.55	56
30.39	25
38.03	31
33.26	41
31.75	16
34.34	2
32.59	35
30.41	29
32.4	65
31.13	28
31.74	51
33.18	14
31.14	44
30.93	47
32.48	37
35.71	16
34.16	56
32.58	60
37.17	17
36.31	56
37.09	20
36.57	38
34.63	8
35.36	22
32.21	25
34.93	26
35.17	29
34.42	54
34.12	25
37.88	28
33.03	23
32.36	16
32.89	63
35.65	52
34.47	28
33.48	61
34.52	57
36.38	55
32.25	32
33.53	50
31.7	36
31.9	14
36.03	39
34.6	29
34.34	28
36.73	48
34.93	58
32.53	16
31.62	11
36.78	65
36.81	21
32.88	62
34.09	58
32.29	59
33.43	8
33.88	47
32.42	45
30.84	39
32.66	38
34.32	55
32.81	56
34.73	32
32.87	27
33.78	32
32.95	39
33.42	28
33.42	28
32.8	37
33.04	56
32.53	42
32.5	29
32.9	22
33.22	5
33.39	25
31.07	35
32.45	22
33.31	14
33.63	22
32.02	19
30.46	36
32.51	37
32.66	32
32.02	16
33.24	51
31.59	54
31.85	10
32.26	47
32.28	44
33.65	35
31.22	34
33.22	56
32.15	58
37.88	18
37.67	29
37.95	61
36.3	28
38.1	31
36.58	34
34.85	34
36.38	25
35.14	33
34.2	64
33.29	69
32.49	7
33.09	16
35.27	31
32.11	32
34.42	41
35.61	30
32.69	38
30.6	56
33.39	32
36.41	57
36.73	17
33.22	56
32.69	66
35.8	54
35.16	21
36.29	19
36.29	53
34.78	62
34.93	29
34.06	6
35.71	14
33.42	1
33.95	39
34.21	66
33.91	42
35.24	34
37.43	35
34.51	69
34.49	48
33.29	20
36.14	2
31.94	40
32.98	66
34.3	19
32.89	16
35.39	37
30.45	2
32.14	66
30.84	37
33.88	63
32.97	60
33.52	65
33.91	29
34.33	54
33.88	16
33.03	38
31.69	37
36.93	46
32.61	69
35.97	38
38.04	13
34.22	63
33.34	43
35.98	13
33.87	10
32.26	70
33.95	39
36.05	15
33.21	16
34.72	34
34.36	16
34.07	69
31.51	18
32.62	20
30.17	4
32.76	51
31.97	28
33.94	35
31.68	67
32.28	65
33.71	65
31.43	11
32.11	40
33.27	35
33.06	53
34.72	35
30.36	60
31.8	60
34.67	67
34.31	37
33.87	29
34.34	54
33.77	64
33.47	40
33.92	51
36.2	40
30.63	16
33.62	52
32.5	20
32.82	68
31.24	53
33.64	53
32	43
34.32	16
31.51	35
33.06	28
33.5	19
33.79	1
38.01	60
37.37	35
35.77	54
34.62	13
35.5	47
36.28	32
36.49	69
36.31	69
33.56	39
33.45	25
34.79	16
36.21	44
33.58	59
33.39	52
30.8	6
32.79	61
35.77	26
33.51	61
32.52	25
35.56	38
32.12	38
33.62	30
33.64	22
32.81	36
34.02	33
35.58	48
33.79	40
31.22	39
34.07	46
33.09	55
30.77	33
32.89	40
34.86	50
34.14	69
33.66	21
33.48	12
33.97	15
35.17	11
32.41	57
33.88	46
34.38	36
32.51	35
33.13	67
32.85	16
32.81	25
30.53	34
36.82	46
33.84	43
33.52	36
34.07	13
32.51	22
34.01	33
31.93	24
33.97	16
32.55	66
31.73	32
33.39	20
35.48	24
33.05	70
34.11	69
34.71	53
32.56	28
37.95	35
38.45	41
33.22	17
37.27	33
34.53	51
36.8	42
35.37	52
31.24	29
33.53	16
33.59	62
32.72	22
35.71	47
34.57	8
32.64	54
31.22	70
32.9	26
34.04	53
31.92	64
34.95	40
31.58	50
33.67	2
32.4	68
34.85	21
34.62	53
32.77	14
36.52	31
31.37	15
33.36	31
33.67	67
33.52	18
32.26	64
32.97	23
33.76	66
35.59	15
34.05	50
33.17	62
32.8	69
33.64	10
34.92	64
34.54	63
34.25	16
34.95	32
34.42	17
36.5	20
34.52	48
36.82	29
31.97	8
36.71	44
35.36	61
33.42	32
35.65	25
34.73	53
32.36	38
35.9	12
32.71	61
34.17	23
34.59	56
33.04	8
32.86	51
37.01	33
33.64	25
36.32	33
34.49	44
38.57	33
34.58	33
36.49	54
33.23	27
33.87	20
36.36	37
34.85	33
36.72	12
36.48	28
37.76	40
35.56	51
33.89	58
35.93	48
37.32	34
33.57	66
33.04	23
36.15	31
35.25	49
37.62	22
30.61	7
37.52	33
33.93	35
37.09	12
37.02	48
35.17	29
33.6	20
31.7	31
34	27
33.67	2
33.71	48
34.38	30
34.62	38
33.82	50
32.54	22
33	53
32.28	1
30.27	20
31.66	30
33.05	41
32.56	4
33.16	64
31.91	48
30.54	21
35.3	41
32.42	50
33.8	60
37.67	17
34.34	29
31.55	2
32.1	54
35.18	28
34.34	29
34.18	34
31.93	27
31.76	30
33.06	33
34.11	34
35.27	40
33.72	16
35.33	33
32.56	22
32.56	22
30.86	43
35.05	32
31.94	3
33.44	58
32.63	19
33.34	26
33.18	39
32.88	20
32.42	29
34.72	17
31.21	51
34.23	29
31.47	13
34.4	30
33.46	12
35.76	54
35.84	24
34.2	22
32.4	34
32.79	18
33.38	13
39.89	18
36.66	60
33.86	18
34.78	15
34.57	47
34.03	8
36.32	37
38.86	40
31.78	45
34.33	39
35.12	50
33.13	46
33.2	54
34.53	12
35.13	26
32.8	14
32.27	32
34.23	36
32.98	14
35.29	27
33.37	16
30.05	18
31.92	24
34.14	17
32.07	54
31.08	49
35.03	16
35.06	40
33.75	58
31.16	56
33.87	38
35.62	2
31.22	42
34.43	2
34.25	23
32.92	68
33.43	64
36.68	39
35.4	22
35.2	22
33.02	31
33.33	68
35.34	69
31.09	67
35.56	7
30.46	38
32.9	14
33.58	69
36.38	55
36.17	7
37.76	18
35.26	68
35	68
34.37	56
37	16
36.14	61
36.52	48
34.85	53
33.32	35
33.21	25
32.95	39
34.09	35
34.99	70
34.8	14
33.5	1
35.08	46
36.21	36
33.34	61
32.94	65
32.8	29
30.82	37
33.14	34
32.76	16
30.9	62
31.68	31
36.67	45
37.93	17
35.29	55
34.47	64
34.18	16
35.98	16
39.77	31
32.77	67
33.89	40
36.02	21
31.88	23
34.01	23
37.23	2
32.48	68
33.81	43
32.65	27
33.16	54
33.55	39
32.86	69
36.76	27
35.36	67
34.86	70
33.01	11
33.83	13
31.57	5
32.84	54
31.68	41
35.33	8
32.63	28
33.19	68
31.88	56
33.43	53
33.84	34
33.93	29
33.79	60
31.06	34
31.55	50
34.43	5
32.12	30
32.27	37
34.35	70
33.13	67
33.14	55
33.77	21
33.86	30
30.7	5
33.98	15
32.93	50
33.63	46
34.23	7
33.78	32
37.28	35
35.75	25
31.11	15
33.77	27
34.5	68
35.53	33
33.18	25
35.88	16
34.48	57
30.8	5
32.73	29
34.5	40
32.68	43
34.49	68
32.77	16
31.59	66
33.41	2
34.25	14
34.25	43
33.8	51
31.58	57
34.59	9
30.75	31
34.26	26
34.34	19
35.69	8
32.75	14
32.18	16
33.24	61
33.72	67
33.59	51
34.86	34
34.78	21
32.29	48
31.45	28
34.77	29
31.52	22
31.52	21
31.73	34
33.47	59
36.68	26
35.88	41
33.52	16
34.68	32
32.09	12
34.43	35
33.6	53
33.34	37
33.61	66
35.27	16
31.52	26
30.84	22
32.85	53
34	54
33.36	16
33.2	29
31.17	32
32.78	57
32.76	21
33.92	22
33.99	60
33.47	35
34.84	56
35.86	2
34.91	35
33.36	16
32.1	26
31.38	4
34.32	35
32.9	17
30.96	67
33.07	66
34.15	69
31.51	21
33.8	61
34.25	2
31.5	23
31.43	2
31.96	35
31.64	18
31.52	52
33.28	16
36.45	24
33.54	27
31.66	15
31.16	34
32.63	2
30.62	35
33.15	16
33.56	63
31.87	48
32.36	32
34.8	16
31.6	17
33.27	30
30.4	17
35.47	7
31.65	9
34.98	63
31.38	17
31.95	39
30.21	61
30.14	39
34.71	43
35.23	28
32.95	39
33.24	52
33.35	63
35.25	33
32.34	25
32.37	45
31.13	39
35.75	20
35.3	19
34.57	31
33.98	16
31	14
35.56	60
32.37	36
32.82	31
35.54	33
36.75	47
34.36	42
36.54	63
33.68	53
36.67	11
38.31	10
36.49	31
35.05	24
34.25	20
35.52	19
37.35	37
37.75	13
34.11	37
35.64	66
35.97	4
34.25	38
34.04	54
37.04	38
36.81	37
30.13	30
31.71	34
32.37	45
31.61	35
34.04	39
33.06	8
32.31	30
31.24	65
34.44	16
33.56	62
30.86	64
31.13	37
33.98	32
31.48	66
33.38	53
31.87	45
31.11	33
33.91	51
35.31	18
34.93	70
34.92	36
33.4	24
33.91	41
35.41	63
35.08	60
37.05	32
37.7	14
33.69	38
34.25	33
33.35	37
32.32	48
32.33	23
31.65	55
32.96	24
34.39	58
33.6	40
35.59	40
37.69	27
33.48	8
33.7	70
31.9	29
31.5	36
30.84	9
31.44	70
35.62	55
30.51	70
33.64	68
34.87	69
34.59	61
34.21	53
32.03	33
33.4	27
35.39	59
33.3	37
32.87	65
35.09	16
34.48	8
37.44	24
36.53	24
33.88	63
32.97	10
31.68	1
33.16	63
34.36	47
35.65	53
31.1	58
33.56	53
34.26	34
34.36	43
34.66	36
31.8	56
36.88	20
31.64	6
34.53	25
33.31	31
33.64	14
34.01	68
33.78	27
33.6	35
38.96	23
35.64	34
33.92	21
33.56	37
35.22	18
33.73	34
32.11	16
33.34	37
30.28	14
31.36	69
33.26	53
32.05	48
30.17	52
33.19	38
30.14	32
31.82	65
32.57	59
33.57	62
33.11	54
32.12	37
34.72	35
34.7	9
31.38	38
33.69	40
32.12	29
33.2	69
35.85	42
32.2	47
32.72	48
32.67	31
34.7	11
31.91	48
33.29	69
34.89	13
33.45	29
31.04	66
31.82	21
33.52	33
34.46	20
34.77	40
33.13	63
32.35	37
33.69	38
32.71	55
35.55	33
35.64	19
34.92	35
33.66	40
33.53	66
35.41	23
32.02	60
35.53	33
32.67	76
35.65	34
33.76	19
34.28	27
36.45	19
34.86	33
32.56	16
33.42	47
34.77	85
34.17	32
32.88	87
34.03	33
37.86	34
33.49	83
35	80
39.64	25
31.7	39
33.47	31
32.51	34
33.71	21
33.21	61
36.15	20
32.81	34
32.81	34
33.34	75
33.34	88
33.71	74
36.43	43
31.77	79
32.68	34
36.92	13
33.65	46
35.02	34
35.37	36
33.53	45
34.17	29
32.36	33
31.12	28
34.29	35
35.22	23
36.37	24
33.76	43
35.45	34
35.45	26
36.32	24
31.86	58
33.48	36
32.12	26
35.15	18
33.26	38
35.59	35
31.31	76
34.05	34
34.31	36
35.14	59
34.32	72
33.04	16
36.32	19
32.82	1
34.5	78
34.9	79
37.5	32
34.59	19
33.63	74
33.86	30
32.63	72
38.54	16
33.26	58
35.43	32
30.44	35
33.06	14
31.41	13
32.67	68
32.79	64
35.34	20
32.15	53
36.61	6
33.46	4
37.35	17
36.04	15
33.8	39
34.21	86
34.92	25
36.76	33
34.6	72
33.43	29
34.03	78
36.81	23
33.27	51
36.09	36
33.89	85
37.87	21
37.02	62
34.96	47
35.55	31
31.52	40
35.58	48
34.3	42
32.73	79
33.65	48
32.25	36
34.88	71
36.62	30
32.84	74
35.96	38
33.88	63
32.67	82
33.34	21
34.52	82
36.5	38
34.1	70
32.55	40
34.17	52
30.47	44
30.03	37
33.26	48
32.27	39
34.68	20
34.71	65
34.47	8
32.27	39
36.31	49
35.97	58
32.92	21
34.41	73
31.65	35
31.59	73
31.65	35
33.31	40
31.57	33
33.59	22
33.56	68
33.69	84
34.55	27
31.92	35
32.13	38
35.06	43
31.6	41
34.06	44
37.15	22
35.42	66
31.13	40
30.75	21
35.02	43
34.01	69
35.72	73
33.75	65
32.61	59
34.1	14
30.67	42
32.88	21
34.79	71
30.98	20
33.58	74
35.17	24
34.11	71
34.21	77
34.4	34
34.13	58
33.33	45
31.96	27
31.85	87
32.81	63
34	28
33.1	35
35.97	5
32.94	34
33.87	81
33.12	26
32.87	18
33.56	14
33.74	79
32.86	41
35.78	40
33.52	65
32.25	72
33.44	85
35.57	29
32.46	24
37.34	36
34.84	31
33.8	43
33.16	71
33.29	44
34.61	34
31.65	41
31.56	82
32.6	64
33.03	63
31.8	52
32.32	75
34.3	12
34.3	12
33.05	85
33.56	87
34.23	5
31.87	48
31.95	41
33.68	33
31.81	86
31.43	34
34.61	76
32.8	19
33.25	34
33.57	26
31.81	64
31.21	35
32.4	84
31.86	85
31.22	31
31.79	86
31.92	63
32.13	67
31.36	72
32.54	43
32.17	81
33.45	75
33.46	29
31.66	84
33.23	85
33.71	79
32.42	43
32.83	79
35.94	19
35.02	16
31.37	69
32.2	21
34.33	27
34.87	33
32.19	11
31.7	80
34.64	21
34.1	25
31.62	9
35.38	17
34.18	75
32.51	39
34.54	73
36.41	36
31.76	77
32.17	53
36.56	63
32.52	71
36.56	27
33.37	73
31.27	19
33.2	58
35.95	23
34.32	1
35.74	32
32.78	19
36.27	31
34.59	10
