sim	len_diff
36.84	43
37.48	67
36.78	97
33.15	207
34.42	128
34.72	89
36.06	23
33.67	92
35.22	163
35.13	105
34.94	91
34.72	90
34.66	194
34.71	178
32.68	189
34.3	83
32.09	101
34.91	57
33.74	73
34.92	84
34.11	198
33.79	72
34.45	102
35.37	68
34.77	85
35.37	146
33.85	103
34.43	168
33.9	98
33.39	62
32.23	97
32.6	86
33.76	102
33.46	57
31.32	103
35.4	60
34.36	175
35.44	60
34.93	69
33.78	79
34.47	97
34.47	97
35.4	80
32.66	86
32.66	86
35.48	80
33.77	90
32.87	16
36.55	91
32.68	61
32.66	56
32.49	25
35.25	89
33.17	97
35.69	39
31.91	93
34.33	98
32.29	103
34.7	123
33.5	82
32.66	198
31.26	105
35.08	86
33.41	73
32.76	98
33.56	98
33.06	95
33.53	82
34.05	80
32.69	99
35.71	78
34.1	87
33.37	88
32.85	92
34.68	99
34.68	99
32.66	86
31.7	104
32.62	142
31.82	88
33.25	64
34.33	86
33.72	207
32.32	88
34.67	51
33.6	35
34.98	84
35.37	96
34.63	73
33.85	98
34.7	85
35.4	83
33.48	76
34.21	69
34.03	42
35.85	72
33.29	90
33.23	93
34.4	51
32	98
34.84	95
34.55	90
34.5	100
37.41	76
35.31	31
33.2	91
35.76	74
36.93	106
34.84	81
34.05	94
33.59	82
35.25	80
35.73	76
36.38	30
36.56	66
32.93	103
33.37	97
35.58	47
32.83	101
34.11	82
34.16	103
33.29	100
36.78	81
33.41	207
33.7	79
35.3	43
35.73	76
32.83	32
33.74	175
33.98	79
35.9	102
32.38	99
32.84	91
31.46	95
33.46	68
32.76	75
35.78	74
31.82	104
34.13	106
34.99	80
33.66	108
31.84	105
33.43	67
33.22	59
31.83	104
32.23	103
32.35	93
34.93	43
34.09	99
33.81	124
36.21	62
34.98	91
35.79	136
34.57	74
34.4	102
33.06	194
34.22	80
33	97
35.04	71
32.93	88
34.56	89
33.97	73
33.06	102
34.6	82
31.17	104
32.7	96
33.69	105
32.8	40
36.35	78
34.76	102
32.39	103
34.92	96
36.28	77
34.57	74
35.17	85
31.87	103
33.8	132
32.68	103
35.69	99
33.51	67
33.76	183
35.38	78
31.47	103
33.61	90
33.29	58
31.89	13
34.2	96
33.76	104
34.47	109
32.67	59
34.12	103
33.84	90
33.68	102
32.68	99
34.93	50
33.54	88
33.24	67
34.07	87
34.04	101
35.38	69
36.06	33
38.26	44
34.19	69
37.08	77
35.32	112
31.9	80
33.44	100
35.25	74
34.88	70
33.81	97
34.38	101
33.64	98
34.68	74
33.26	93
32.53	102
33.14	96
34.47	83
33.85	98
33.69	99
33.35	105
33.02	103
32.47	57
33.57	100
34.79	94
33.15	80
32.54	104
33.23	73
32.1	102
33.83	93
34.45	42
35.23	88
33.21	100
32.27	182
33.91	14
30.81	90
32.03	102
32.97	72
34.4	50
35.65	97
33.86	87
32.83	99
33.37	82
33.05	95
32.27	103
30.69	102
32.46	79
32.34	104
33.45	99
32.4	95
33.86	88
33.17	75
32.69	96
33.96	104
32.43	69
33.66	95
33.02	90
32.5	78
31.92	101
33.74	99
31.3	104
34.85	88
35.48	78
32.58	105
33.46	104
32.09	102
32.43	69
35.17	51
33.75	57
31.88	95
31.92	101
34.3	72
34.65	66
33.42	94
33.49	92
31.98	91
32.73	99
34.57	74
34.36	62
34.56	141
35.47	76
34.66	103
35.3	104
32.7	185
34.6	91
34.17	45
34.18	70
34.22	135
33.18	70
34.94	190
35.58	100
34.35	87
33.26	102
33.31	81
35.51	76
34.91	34
34.41	82
34.33	204
34.09	103
36.56	48
35.8	67
34.79	95
32.64	81
34.52	87
35.21	70
33.63	98
36.05	88
35.21	79
36.9	48
35.11	101
37.4	74
36.97	79
33.6	100
34.95	101
32.51	91
36.67	64
35.92	82
34.87	105
33.58	96
34.57	70
36.9	75
35.69	44
35.43	43
35.07	102
35.34	79
33.33	89
35.24	84
33.67	100
35.49	90
34.25	100
36.17	37
34.94	85
37.5	54
36.89	70
33.02	100
34.72	100
34.1	99
34.7	101
34.96	101
35.53	43
36.42	87
36.65	85
33.3	98
36.43	88
35.48	100
34.32	88
35.33	92
35.5	82
35.4	72
35.66	90
35.78	98
32.29	79
31.99	92
32.75	45
32.79	85
34.35	16
33.02	83
33.49	166
34.18	79
32.75	53
33.16	62
35.01	74
36.83	58
36.72	67
34.6	91
34.33	79
35.86	86
35.73	100
34.42	58
37.3	79
35.12	76
34.48	71
33.03	39
31.03	8
33.83	92
34.41	90
34.2	80
33.08	89
33.25	25
34.29	61
33.84	60
33.89	115
34.06	93
33.58	126
33.9	109
33.9	88
33.59	88
32.22	29
33.65	119
35.35	16
34.77	123
36.76	51
35.53	55
34.48	92
35.36	89
38.38	83
34.5	51
34.06	93
37.14	66
35.64	146
35.69	85
36.07	90
42.57	34
37.04	63
37.59	83
36.37	82
36.46	81
36.4	64
37.49	108
36.7	76
36.81	145
32.98	93
35.17	56
32.45	41
33.32	90
34.21	89
34.27	88
32.69	28
34.44	120
31.68	27
33.5	18
32.31	89
32.88	22
32.46	69
33.52	61
35.1	130
31.63	41
34.44	88
33.88	44
34.4	73
32.3	77
36.55	71
38.28	52
34.75	158
36.69	36
39.48	4
37.07	39
34.79	92
36.77	159
35.87	82
36.33	67
35.94	63
36	56
36.8	45
36.41	92
46.41	19
34.47	87
36.91	89
38.61	86
36.62	74
36.15	92
34.84	60
34.2	88
35.45	56
33.85	160
34.4	83
37.63	52
32.26	73
34.4	83
33.52	78
32.21	93
35.29	90
36.45	60
35.52	55
33.64	89
37.85	95
33.65	93
35.05	88
36.27	130
36.67	30
36.93	114
30.9	12
34.96	65
34.41	92
32.65	84
33.9	49
35.32	75
33.44	129
31.78	84
32.5	21
34.2	113
34.85	75
32.04	89
33.65	92
32.94	57
33.49	86
32.31	79
33.51	107
33.93	88
34.31	160
33.87	97
35.63	137
34.82	18
34.45	93
34.24	105
36.84	87
34.69	93
36.15	23
36.34	45
36.26	47
35.92	116
33.26	60
33.71	69
35.67	88
35.07	84
34.9	90
33.97	80
33.73	38
32.13	76
34.71	26
33.44	92
36.9	87
35.52	157
35.89	3
36.27	42
35.39	67
34.5	90
36.92	150
34.96	71
37.28	121
36.8	74
33.45	88
34.85	50
34.18	88
35.18	80
34.54	90
34.4	93
34.64	77
32.87	93
33.65	165
33.59	140
33.46	74
33.22	33
34	63
33.82	78
32.88	88
32.65	67
32	49
33.37	92
33.41	74
31.27	91
35.41	90
35.93	77
37.78	92
38.28	27
34.75	71
34.33	93
35.97	73
35.48	62
37.97	73
37.65	106
36.46	125
36.65	81
34.63	87
35.42	91
37.64	79
36.39	34
36.04	86
34.6	83
36.49	136
34.3	68
36.03	82
33.88	162
32.21	91
35.01	163
33.65	79
39.4	43
34.31	80
34.93	64
35.12	140
34.63	51
34.55	77
36.32	64
36.75	42
38.4	56
37.01	67
35.34	68
35.2	70
36.17	72
36	72
37.89	25
34.01	87
33.69	88
34.3	74
33.3	56
31.91	19
31.73	27
34.31	69
32.77	83
32.75	60
34.27	63
34.14	91
36.86	48
36.21	86
40.73	48
36.98	106
36.03	91
37.09	74
37.46	65
34.48	86
36.51	30
35.86	79
35.39	152
35.52	69
33.32	87
35.28	91
35.47	65
35.96	71
36.92	46
35.5	68
35.29	135
35.32	74
37.15	78
34.53	89
34.98	89
35.25	61
34.63	83
34.89	88
34.98	83
35.73	62
38.09	62
34.71	64
33.69	89
34.36	90
34.52	103
34.67	141
32.9	32
35.28	90
32.35	93
33.5	80
34.4	51
35.12	39
33.41	60
36.76	62
33.63	73
36.92	93
34.68	86
34.08	163
34.85	125
34.84	137
34.64	39
37.4	112
36.34	77
35.08	90
36.65	89
38.86	52
36.41	92
37.39	59
36.09	55
35.79	63
36.25	53
35.6	80
35.65	85
36.94	93
36.93	77
37.87	78
37.22	77
36.74	61
46.45	20
37.24	83
36.56	37
34.71	78
36.57	81
37	75
37.16	144
37.06	98
36.57	39
36.43	88
43.84	15
37.43	67
36.72	157
33.94	78
33.51	23
32.47	92
33.07	90
34.91	31
34.01	110
31.4	92
35.01	88
34.91	82
33.5	70
35.02	92
34.07	79
32.7	40
34.58	137
35.85	94
34.59	101
33.73	146
34.44	83
36.58	69
33.25	91
33.8	65
32.83	160
33.23	88
34.87	78
33.99	107
32.25	49
33.25	88
33.83	122
31.94	31
33.31	154
37.06	31
35.41	30
35.14	91
34.08	90
35.93	70
33.36	66
34.83	48
35.54	82
35.55	86
36.06	18
36.89	81
36.69	95
36.95	52
34.76	89
37.68	80
36.86	68
37.23	48
37.14	91
34.24	86
37.64	5
33.52	140
34.14	124
31.8	35
32.8	147
34.48	63
34.15	87
33.35	89
33.85	73
33	93
33.46	71
33.43	43
34.83	85
32.62	53
33.26	158
35.4	139
33.01	45
33.69	132
34.71	62
33.46	91
32.65	116
34.84	79
35.04	61
32.59	45
34.32	141
34.24	100
33.79	74
32.48	68
33.81	130
31.66	90
36.1	83
35.68	85
35.98	164
36.58	85
37.66	103
36.54	77
37.56	75
35.81	154
35.89	92
35.96	92
36.15	77
34.19	84
33.58	50
33.67	79
34.53	49
33.63	68
34.12	113
34.7	69
33.52	88
35.8	81
33.6	92
35.84	63
34.12	37
35.87	149
33.91	85
34.67	75
35.14	91
33.13	84
35.4	79
34.7	78
33.94	44
33.23	161
35.31	99
34.51	61
34.86	42
35.15	73
34.91	92
35.32	99
36.13	73
35.48	66
33.91	45
36.49	80
33.79	9
35.99	123
34.64	19
36.62	87
34.72	83
37.24	91
35.58	81
37.84	60
34.8	64
34.44	152
33.18	118
30.91	80
33.69	137
33.33	32
33.56	131
33.39	86
33.69	97
32.77	52
31.83	90
34.56	18
35.25	61
36.64	87
35.32	68
34.59	48
34.29	43
35.28	21
35.24	17
34.56	68
35.43	65
35.27	89
35.1	84
37	92
45.41	4
45.3	9
38.72	43
39.33	10
35.77	143
37.86	69
36.05	80
37.87	111
37.69	63
34.2	89
35.84	89
35.71	88
33.97	56
35.06	80
46.35	3
37.28	58
36.36	62
34.96	103
39.3	7
34.56	72
34.83	72
32.2	77
32.12	91
34.78	134
33.44	82
32.35	87
32.07	86
37.35	47
37.03	79
34.47	52
35.36	88
36.06	81
34.22	50
37.1	90
35.43	81
42.86	34
35.84	89
35.17	87
35.19	58
36.65	110
36.76	61
34.73	93
35.97	141
36.17	79
35.86	117
35.83	75
35.72	83
36.75	45
34.82	93
34.58	76
38.31	84
34.8	56
36.73	94
38.15	86
44.3	18
37.58	90
37.93	104
45.78	13
34.87	90
34.09	90
35.67	125
35.57	71
38.11	85
34.29	79
37.12	142
35.55	93
39.21	42
34.75	87
34.21	92
34.14	86
35.83	49
36.7	47
41.36	3
33.59	82
31.58	87
35.18	90
33.68	62
36.16	84
34.54	74
35.24	66
34.57	53
36.12	84
36.61	81
37	83
34.7	82
37	88
36.12	84
37.33	90
37.79	59
36.19	106
36.66	69
35.55	68
35.07	62
33	0
36.25	23
35.53	31
36.43	9
34	57
35.11	80
34.11	79
35.42	32
33.17	88
37.45	61
33.93	90
35.05	86
34.33	86
35.29	162
33.62	36
35.62	86
33.48	81
35.36	90
35.91	72
34.03	80
33.6	80
33.94	85
34.09	136
34.45	78
35.93	22
33.9	92
34.62	135
32.55	83
33.13	93
34.02	27
32.97	68
35.68	76
33.23	92
34.27	90
31.65	76
31.83	60
34.49	83
33.96	140
33.97	138
33.6	73
33.88	88
32.78	63
33.38	59
34.64	81
38.15	116
38.22	117
34.68	87
37.28	85
37.17	114
34.99	84
37.51	74
36.12	73
40.34	20
37.43	56
35.04	92
35.22	53
35.21	34
34.74	145
36.07	84
33.81	93
41.18	2
33.23	3
38.9	18
33.05	75
32.7	66
34.09	142
32.88	48
34.41	74
35.61	104
33.46	131
31.55	92
35.23	119
33.93	70
35.09	32
35.35	127
35.83	102
35.85	86
34.21	75
35.09	53
33.55	54
30.9	93
33.33	88
43.21	6
33.78	90
34.25	89
33.12	93
34.81	91
33.81	90
35.46	73
36.1	86
36.06	95
35.03	61
34.37	87
35.85	44
34.35	132
34.12	89
34.57	60
33.58	50
35.71	123
34.38	124
35.08	78
34.59	52
41.18	1
35.43	64
36.11	63
34.98	30
33.39	90
35.07	90
34.67	91
34.6	72
33.14	59
33.59	47
32.76	93
35.61	161
34.83	85
32.73	85
35.2	59
34.84	91
35.72	52
40	92
35.68	103
36.32	67
35	82
34.65	63
35.48	53
34.4	60
35.55	81
31.99	78
33.95	67
35.1	88
33.65	93
34.88	45
35.04	38
34.35	84
33.17	90
33.28	82
33.85	88
34.12	44
31.07	29
35.24	133
32.55	82
32.93	162
31.63	66
32.65	81
33.68	159
32.26	63
32.98	130
32.21	51
34.88	156
35.3	78
34.13	88
33.4	80
33.11	75
32.58	82
38.26	68
36.34	72
33.73	83
37.69	73
34.58	47
35.87	85
35.64	74
35.33	89
35.6	42
35.51	15
35.8	89
34.46	43
34.51	74
35.81	87
33.87	77
34.07	71
34.47	102
33.4	56
33.39	19
33.49	50
35.65	134
35.59	84
37.88	73
35.27	85
37.74	71
36.58	82
37.45	148
36.37	53
35.85	83
35.53	67
34.75	148
35.92	90
35.53	90
34.57	80
34.25	62
34.79	92
34.5	41
36.53	44
35.46	86
36.69	64
34.14	89
34.64	75
33.75	74
33.22	117
35.67	84
33.44	73
32.11	136
33.97	65
35.19	49
31.22	87
33.74	63
35.44	91
35.5	90
34.69	46
34.47	84
33.9	8
35.73	56
33.52	91
35.06	87
32.77	92
35.76	49
32.74	52
36.46	162
36.14	65
36.46	131
45.51	16
35.48	52
35.84	36
33.17	88
35.08	75
34.29	86
35.32	84
33.06	62
33.47	98
32.71	49
35.31	81
34.16	72
35.37	128
34.74	99
34.53	126
35.46	88
36.45	61
34.94	146
32.71	122
33.37	46
35.17	14
33.76	88
34.24	119
33.31	91
33.75	138
38.75	98
35.29	31
37.35	69
36.07	71
34.54	93
36.46	83
37.16	71
35.98	51
34.77	91
35.21	65
36.64	13
35.42	88
37.43	79
36.45	22
34.65	91
36.02	45
35.73	86
35.17	31
44.53	35
35.6	86
36.67	59
35.7	88
34.21	34
35.43	86
36.27	67
33.27	53
35.12	65
34.65	72
35.17	37
34.55	70
35.3	87
36.12	70
33.62	90
34.53	155
34.7	62
41.07	3
34.95	40
34.78	54
36.53	86
33.57	80
34.08	77
35.97	64
36.53	47
35.6	33
35.72	86
36.1	112
35.42	117
35.36	76
34.25	118
35.65	85
34.42	121
35	39
33.66	60
35.26	62
37.3	62
34	73
36.48	86
33.6	163
34.57	137
34.32	39
37.7	93
36.54	83
44.65	2
37.16	28
34.83	78
34.67	90
36.95	70
34.44	17
36.66	35
38.14	75
34.63	65
35.37	20
32.54	87
38.7	26
36.01	155
36.32	82
36.64	87
35.2	75
34.38	78
37.79	109
36.53	72
36.35	65
36.35	84
36.07	71
36.33	70
35.49	48
35.3	72
36.2	70
34.91	85
45.83	14
34.8	36
35.46	74
35.39	38
35.32	84
34.02	61
34.69	87
33.36	157
30.28	89
32.11	93
36.64	48
34.02	87
35.81	85
32.79	73
32.69	8
33.52	88
34.48	72
34.89	81
35.47	142
32.92	22
34.14	78
35.17	93
34.56	166
33.85	85
34.43	109
34.43	85
35.92	55
34.42	49
34.67	39
34.64	72
33.64	93
39.2	46
34.23	81
38.09	126
37.55	79
37.69	74
37.71	55
38.12	99
35.63	74
36.53	90
37.33	83
34.41	22
33.77	78
34.46	44
32.72	78
34.53	17
36.2	65
34.15	85
33.58	52
34.87	83
34.49	82
34.74	86
33.55	79
36.48	70
33.55	79
32.78	66
34.51	107
34.9	116
32.29	35
33.56	88
33.17	45
34.93	42
34.41	121
38.15	56
34.63	61
32.21	20
33.62	84
35.6	61
34.91	3
34.33	32
36.25	88
35.96	43
35.67	60
32.32	34
32.5	53
33.15	90
33.16	9
33.2	27
35.71	84
32.29	91
32.01	93
34.12	90
33.66	68
33.58	126
33.43	51
32.8	57
36.31	36
35.21	113
32.48	85
35.1	122
33.26	84
33.95	121
32.61	30
35.05	125
31.16	141
32.72	87
34.84	81
33.5	86
33.73	79
33.92	82
35.43	52
35.78	122
35.71	86
36.53	52
34.73	47
37.25	82
35.87	168
35.15	144
35.23	51
35.07	76
36.48	66
34.24	155
37.47	44
32.46	81
34.07	73
31.59	92
35.71	52
35.9	147
35.64	121
35.82	31
35.58	154
36.88	70
36.97	107
36.65	62
35.65	160
35.38	77
36.42	68
35.8	25
35.44	65
37.09	40
36.94	42
37.89	46
37.98	70
34.38	66
37.84	30
36.31	105
36.16	69
35.43	85
35.63	68
37.49	74
35.61	147
35.68	124
32.11	32
33.71	150
32.44	83
34.01	152
33.37	82
34.69	53
34.18	28
33.82	39
35.89	82
38.47	9
34.62	60
34.29	103
32.49	19
34.05	73
33.36	152
34.5	81
34.09	124
33.38	83
34.19	68
33.82	6
36.46	56
44.58	16
35.04	57
34.81	63
35.29	155
35.13	84
33.71	89
34.44	84
34.86	67
32.69	137
33.47	66
35.3	61
32.59	32
33.48	139
33.04	77
34.44	85
34.29	84
32.28	15
33.41	88
33.33	69
34.15	141
32.18	65
30.97	77
34.69	89
31.92	103
39.4	19
34.9	166
34.43	121
30.47	6
33.31	70
31.72	36
33.37	80
31.48	62
35.28	123
30.95	92
32.73	45
33.34	81
31.26	68
33.13	86
36.73	64
34.04	84
35.87	46
35.05	83
35.35	27
32.58	82
35.85	119
35.85	115
34.31	91
35.64	81
36.23	71
37.51	40
36.02	9
36	81
36.4	159
37.63	55
38.89	61
35.72	53
36.87	60
38.96	37
35.42	58
35.18	86
34.79	80
35.41	120
46.75	8
37.47	65
35.42	84
36.66	63
35.63	78
33.81	80
34.7	66
33.93	50
34.17	91
36.29	61
37.38	64
35.7	60
34.77	138
34.27	77
34.99	139
36.87	168
33.26	74
35.94	100
33.6	90
30.87	19
32.37	70
34.59	88
33.76	76
32.8	83
34.74	58
32.98	84
32.29	84
34.36	73
32.32	122
35.33	126
35.48	72
33.43	79
35.15	130
35.27	82
32.48	10
32.17	30
36.09	88
35.88	88
37.11	50
37.2	143
36.97	87
35.15	83
36.76	55
37.35	30
35.6	90
35.88	89
34.1	135
35.23	40
32.21	84
33.52	160
33.2	89
34.01	81
34.69	82
34.93	129
31.73	11
34.51	98
36.77	72
47.53	11
36.6	81
36.46	53
37.1	92
35.25	79
41.23	40
36.2	135
37.32	67
33.89	90
31.31	87
34.44	45
32.73	51
33.94	69
35.86	78
31.41	51
33.5	88
33.89	67
33.85	93
33.48	87
36.99	84
33.93	81
34.25	12
34.69	89
35.64	83
36.25	23
35.79	73
35.83	21
36.14	78
34.69	91
36.08	65
34.64	63
34.76	29
37.96	51
36.3	66
35.08	88
35.35	84
35.64	46
37.08	80
35.7	91
34.44	47
32.07	67
33.36	51
33.75	85
32.21	65
34.2	93
35.07	78
33.47	87
34.02	98
34.72	67
33.58	117
32.49	81
32.79	92
35.89	62
36.43	88
34.63	140
32.49	51
32.95	164
34.44	80
33.7	88
32.56	153
34.55	55
34.37	75
34.51	79
34.37	83
33.76	55
35.5	130
34.4	45
33.55	74
34.59	63
36.95	78
37.37	89
34.99	79
36.53	35
36.56	50
36.89	26
37.5	90
37.61	70
37.17	86
35.71	73
36.65	106
38.32	72
35.8	79
37.24	71
37.86	70
37.5	138
36.87	76
38.22	75
37.71	128
38.63	76
39.01	78
36.91	153
38	46
39.09	47
38.23	79
38.69	39
35.22	8
37.48	102
37.3	50
38.99	0
37.32	64
34.11	70
35.97	88
37.31	88
35.29	158
35.88	48
34.87	82
36.56	87
32.93	93
36.08	81
45.56	17
37.17	158
36.28	24
35.73	166
34.76	83
35.58	70
35.61	101
37.41	67
35.01	89
38.13	84
37.58	83
35.18	87
36.59	85
36.59	71
36.23	41
37.21	86
37.15	82
38.57	88
37.01	40
37.52	80
34.71	62
36.46	29
34.17	63
35.18	31
35.77	74
36.53	88
45.69	20
37.04	89
37.04	73
39.53	66
34.89	91
35.76	91
36.52	53
36.17	37
35.46	64
37.31	110
37.38	115
36.6	33
35.28	67
36.48	72
37.64	103
34.84	140
34.03	88
36.6	84
34.51	55
34.79	90
35.39	158
35.73	77
35.19	83
35.87	45
35.31	122
36.85	72
33.03	35
32.91	17
34.05	61
34.61	92
36.72	77
35.24	78
34.84	42
36.06	49
32.06	90
34.11	160
34.77	131
33.31	78
35.09	84
33.92	153
34.91	90
36.13	72
34.82	101
33.69	87
35.41	88
35.74	54
32.31	92
32.09	31
35.67	78
34.04	81
33.07	93
33.53	99
35.73	124
34.42	89
36.83	142
34.11	69
33.52	75
36.14	138
34.54	88
34.89	63
36.61	46
35.86	82
35.84	63
33.7	66
36.42	85
38.92	72
37.5	166
35.92	45
38.33	38
36.21	87
37.66	93
34.17	40
36.52	62
36.47	76
45.65	15
36.74	165
36.26	168
37.46	55
39.41	107
35.99	93
34.69	90
39.06	62
33.84	149
34.73	77
36.96	124
36.66	46
37.1	70
36.58	76
35.41	93
38.29	56
38.61	19
36.96	20
38.32	82
37.04	52
34.38	60
35.53	80
35.77	108
33.8	19
34.64	81
33.15	47
34.05	93
34.95	75
35.76	115
34.48	88
38.32	109
36.15	68
36.29	165
37.82	63
37.26	71
37.33	148
36.73	54
37.5	81
35.38	93
37.21	41
36.3	101
35.2	123
35.68	68
36.79	120
33.35	83
35.21	87
36.26	69
35	91
37.35	105
39.13	60
46.93	16
35.15	1
35.51	159
34.99	105
37.19	46
36.34	122
38.45	77
37.83	37
36.63	76
36.21	160
33.8	71
33.59	86
33.4	37
32.18	86
32.13	84
36.29	55
34.23	53
34.79	155
35	42
40.36	7
36.87	44
36.57	35
36.64	78
35.29	1
41.76	4
37.16	45
36.2	73
35.94	140
35.51	65
34.76	92
48.04	10
35.08	66
36.86	28
37.93	60
35.48	79
38.45	47
35.7	62
35.2	87
34.92	79
35.73	87
35.42	87
43.23	6
36.56	57
36.23	56
36.3	136
36.24	92
36.76	73
35.48	74
36.73	20
36.74	151
36.26	68
36.44	87
37.13	72
37.6	58
35.6	39
37.17	70
36.34	88
37.13	11
37.5	78
35.05	78
34.22	138
34.99	88
33.69	74
34.75	139
33.23	141
36.48	47
32.98	76
34.76	119
34.68	104
34.7	144
34.47	40
35.08	84
36.37	78
36.29	75
35.58	86
36.13	78
37.19	65
36.99	71
36.28	119
35.69	58
34.3	90
34.35	121
34.95	71
34.6	86
33.58	83
33.77	74
34.51	83
36.28	78
34.39	53
34.85	86
35.87	34
35.07	111
35.74	67
35.85	61
35.07	60
33.75	131
33.63	35
34.18	92
31.61	9
33.86	3
34.97	70
35.85	62
34.68	133
35.1	82
33.72	165
36.14	56
37.89	62
35.13	79
34.72	69
35.78	59
37.94	79
36.19	75
36.67	77
35.64	84
34.51	52
38.65	58
36.81	65
36.39	81
38.02	81
36.12	47
34.47	165
35.37	70
34.22	93
34.48	77
36.1	109
35.97	61
35.88	40
32.23	93
32.94	27
33.73	81
36.41	59
33.78	74
34.38	87
33.66	126
34.38	72
35.87	68
34.01	80
34.46	93
34.86	87
33.14	77
35.53	92
35.02	29
35.51	77
36.28	90
37.43	116
35.42	48
36.39	91
45.2	3
34.64	75
36.11	71
33.64	48
32.93	91
33.94	45
32.07	89
35.21	75
34.52	97
33.38	95
33.54	127
33.61	87
35.15	87
33.38	85
33.38	88
34.52	39
33.29	73
33.22	73
33.98	164
33.48	18
34.6	89
33.04	86
33.55	89
35.53	48
35.16	86
35.19	13
37.05	58
35.51	84
36.82	74
34.91	134
35.64	77
33.41	84
36.37	28
31.66	92
34.85	125
34.06	77
35.53	86
33.64	54
32.29	71
34.41	90
34.72	88
36.93	76
33.27	80
37.53	70
36.14	42
36.2	94
38.99	64
35.93	50
35.54	108
36.48	53
36.36	116
37.98	72
38.39	73
32.95	42
36.57	126
33.24	91
34.22	90
35.5	88
34.47	143
34.65	152
33.93	91
33.74	68
36.54	144
33.21	69
34.99	116
35.23	82
31.83	83
36.3	16
33.26	86
33.65	126
32.56	19
33	75
34.2	56
33.87	165
34.48	77
32.63	67
35.23	82
35.07	56
33.02	83
33.87	69
34.66	85
34.68	56
34.15	67
34.94	62
34.67	45
34.52	60
32.05	46
33.82	85
34.66	81
34.31	83
36.73	135
33.11	85
32.57	23
36.06	84
37.71	50
35.93	63
36.34	57
37.26	139
34.28	57
34.7	75
46.85	8
36.29	90
37.25	79
35.33	90
37.06	65
33.35	90
37.17	102
35.9	64
42.75	2
36.16	53
36.3	157
36.45	84
37.58	72
35.43	137
34.61	80
33.74	67
32.57	92
34.31	139
36.47	64
32.13	36
33.73	102
35.68	82
35.25	89
36.14	43
36.08	123
34.63	92
34.47	93
35.58	70
34.77	103
33.53	84
35.1	71
34.85	79
35.37	125
31.38	71
35.96	88
33.51	89
34.52	85
32.66	86
34.85	45
34.48	114
33.43	113
32.46	79
33.48	54
36.97	142
35.98	61
36.83	131
35.7	75
36.81	18
36	48
34.43	65
47.31	1
36.95	90
35.9	52
34.79	88
34.65	45
33.56	77
34.62	74
33.96	72
33.31	93
35.54	115
34.76	49
31.66	84
32.03	87
38.12	83
35.68	85
35.68	70
33.82	42
35.15	78
34.26	79
34.4	82
34.67	84
37.54	40
35.12	75
34.06	103
41	15
34.15	99
33.99	40
33.64	156
32.89	67
32.5	88
33.34	144
34.02	80
36.65	11
35.96	58
34.22	38
31.04	7
34.98	70
34.82	168
34.59	59
37.28	55
34.04	92
33.28	156
33.98	83
34.66	60
35.83	60
36.61	75
35.71	43
36.87	76
34.07	93
35.06	72
36.03	80
37.01	69
36.64	115
33.99	31
35.55	37
37.34	82
36.03	82
33.88	92
35.2	25
34.98	71
36.08	39
35.06	109
34.55	83
34	76
36.67	83
35.91	88
35.15	38
33.75	17
35.59	58
34.01	158
34.69	132
33.09	154
34.26	83
34.1	2
37.5	64
35.82	66
35.18	84
37.65	70
44.7	0
34.71	64
34.49	93
35.86	85
38.13	86
36.09	93
35.99	84
36.41	79
37.64	66
41.13	24
36.96	32
34.74	75
37.78	45
37.4	36
36.49	74
35.51	87
34.57	66
35.44	74
35.39	43
35.07	61
35.11	73
36.18	73
34.2	87
34.63	86
34.62	92
33.34	86
35.39	40
33.95	133
33.78	85
37.46	1
35.07	132
34.4	79
32.34	62
33.9	71
31.91	89
41.8	21
36.38	78
33.62	88
34.33	76
33.13	63
34.45	102
34.15	115
33.87	31
33.31	88
32.87	64
36.26	46
35.65	83
31.69	76
31.38	15
34.97	36
34.73	69
33.12	75
34.09	17
35.03	73
33.67	77
34.91	75
35.43	84
33.7	82
33.43	92
35.29	108
33.64	19
34.28	84
33.49	81
34.25	140
36.32	58
34.44	135
44.76	6
35.64	77
35.91	39
36.3	40
35.1	59
33.81	36
34.97	88
33.9	52
34.24	133
35.6	60
35.33	86
37.02	93
35.17	91
36.37	136
38.18	69
37.95	89
35.8	63
36.6	51
37.74	133
34.54	76
35.94	34
35.28	160
35.97	94
34.17	88
33.37	72
32.65	6
31.79	84
35.86	163
33.76	92
33.77	42
37.09	82
37.94	47
36.74	76
34.72	156
34.99	42
35.37	77
34.18	91
36.03	74
35.72	60
34.13	127
34.01	150
34.66	165
35.19	110
32.71	135
32.01	29
39.47	20
33.92	108
32.88	120
35.03	63
37.27	75
36.09	131
36.88	78
37.71	44
36.59	87
36.59	10
33.8	91
36.03	50
38	82
34.81	88
33.29	63
33.57	64
34.18	67
34.22	143
33.67	154
32.89	89
34.64	88
33.21	128
32.46	48
33.78	30
33.45	91
34.06	158
34.1	83
33.33	163
31.3	74
33.5	67
33.05	75
34.26	128
35.08	125
31.41	44
36.35	85
38.54	51
36.66	86
38.48	86
36.28	84
36.08	166
45.59	17
37.61	85
36.05	37
38.62	59
37.4	162
41.18	15
37.48	67
34.77	86
34.99	132
36.5	77
35.94	150
36.77	64
35.88	73
36.79	72
35.6	61
33.79	127
37.69	39
35.38	30
41.38	8
35.27	162
37.62	45
34.54	137
36.34	67
36.04	76
34.61	90
35.64	88
35.11	54
35.81	88
34.62	108
33.79	159
33.21	32
33.23	28
33.32	157
30.84	92
34.17	106
32.63	25
34.41	53
33.91	77
32.72	52
35.36	147
32.91	105
30.79	69
32.61	38
31.62	37
33.35	69
34.13	109
34.69	79
33.83	88
35.27	89
33.67	60
33.27	28
32.33	41
34.81	43
33.56	50
36.1	72
36.87	51
38.14	106
33.47	143
36.34	167
36.39	55
35.59	156
33.84	20
36.81	74
35.59	75
34.66	77
36.58	99
34.6	49
35.2	60
33.3	83
33.26	35
33.36	79
33.06	30
34.93	20
34	89
33.39	115
33.54	86
34.73	124
34.92	61
34.96	119
34.14	145
31.81	21
34.41	71
33.41	66
34.26	92
34.84	37
30.31	8
34.32	120
34.3	71
33.95	135
33.08	89
34.61	62
34.27	70
33.26	86
33.97	125
35.69	93
33.47	81
34.46	85
36.28	96
35.78	79
33.83	86
34.8	85
36.92	58
37.07	59
34.9	93
37.53	1
34.46	89
38.86	28
33.85	81
36.15	80
33.47	37
34.99	72
36.08	116
34.01	6
36.88	24
37.04	52
34.8	87
36.21	72
33.12	132
34.6	90
36.16	68
35.56	86
34.29	85
35.01	66
37.22	72
30.7	74
32.27	48
33.24	89
34.21	86
33.8	87
35.11	82
33.97	15
35	95
33.58	78
31.46	74
35.96	50
39.35	55
100	0
36.81	136
35.82	83
36.15	70
35.83	81
37.16	45
34.8	90
38.48	84
35.16	157
33.06	93
34.41	55
33.29	84
34.49	78
35.9	69
34.02	84
33.96	88
35.26	89
34.23	82
36.7	40
35.7	52
34.26	78
35.54	54
37.1	115
34.67	90
34.26	92
33.2	91
35.88	69
36.1	83
36.28	69
44.87	8
36.51	152
37.25	65
37.88	160
35.09	77
35.1	91
36.47	88
36.41	134
34.66	18
34.5	68
34.28	75
34.03	89
32.78	86
33.2	88
33.9	80
33.09	88
32.46	93
34.52	101
34.14	151
33.88	62
34.94	83
33.69	19
33.89	35
33.71	88
35.15	52
32.72	76
33.1	80
34.16	72
33.83	61
34.17	89
34.55	42
32.32	91
33.07	44
34.99	119
33.78	49
34.24	29
33.43	61
33.49	88
30.87	86
33.5	52
35.07	105
34.41	9
34.96	63
35.99	76
34.38	163
34.07	55
33.83	30
34.27	129
34.38	163
35.27	95
34.34	51
34.68	78
35	45
34.04	36
33.92	60
34.95	67
33.48	24
34.61	125
35.43	91
34.41	51
33	50
33.02	78
35.42	32
33.75	93
32.37	89
33.99	79
33.28	88
34.3	69
35.02	123
36.02	57
36.75	46
35.4	85
34.3	72
33.27	77
34.79	76
34.55	114
34.73	91
34.81	121
38.77	1
35.55	133
35	81
33.69	83
35.9	69
33.73	67
34.76	138
34.7	149
34.19	96
34.23	80
32.42	39
36.28	65
33.99	92
36.24	57
36.98	97
34.39	92
35.71	90
36.13	82
33.77	91
35.29	128
34.74	73
35.53	60
34.15	89
33.66	91
34.68	31
33.3	91
32.96	158
35.08	144
35.77	156
34.85	144
35.89	126
39.34	43
34.48	52
34.1	70
34.49	84
35.7	83
34.86	72
35.5	74
33.55	87
33.86	86
35.51	100
35.85	107
35.36	53
33.14	84
36.18	63
34.92	129
34.7	23
34.4	69
35.47	2
36.88	95
32.68	89
34.36	42
32.22	91
34.31	92
31.89	5
35.39	85
33.46	139
34.91	44
34.91	119
33.34	44
34.93	74
36.39	57
33.69	90
35.53	73
35.07	96
36.04	91
34.78	96
34.45	63
34.31	164
34.3	45
36.22	112
34.66	77
32.75	91
36.18	61
32.89	88
32.9	92
33.82	134
34.25	78
35.61	86
33.63	88
32.92	89
34.36	42
32.22	91
31.77	5
33.84	72
34.49	96
33.45	139
33.1	88
35.01	119
33.3	44
34.93	74
34.98	83
35.48	70
34.68	86
34.22	23
35.12	43
35.95	91
34.52	85
33.92	75
36.1	137
36.51	50
32.62	85
33.71	134
34.25	137
35.89	59
35.82	69
35.03	89
34.91	78
33.23	83
35.07	92
37.39	50
37.28	76
39.03	55
38.88	141
37.05	79
36.51	42
37	84
35.15	90
37.62	45
36.37	136
37.48	82
36.86	35
38.98	126
37.45	132
38.61	63
38.3	70
36.34	87
38.6	49
35.99	83
39.37	78
37.03	67
32.93	93
32.59	79
35.45	127
34.23	56
33.83	26
35.54	117
32.45	168
32.8	129
35.77	76
33.14	83
35.14	155
33.88	31
33.74	77
32.84	92
34.64	100
34.68	90
34.62	130
34.52	128
33.1	64
36.88	60
34.17	108
34.29	87
38.14	62
49.06	13
33.58	101
35.5	87
35.17	59
35.63	54
34.37	59
37.12	90
38.27	69
36.29	57
36.08	44
33.96	130
33.54	69
35.35	89
36.18	131
36.34	84
35.52	116
35.18	55
33.57	38
35.48	151
36.26	104
33.27	93
35.54	12
36	70
36.19	80
33.85	62
32.89	3
35.85	50
36.36	87
35.49	137
36.23	164
35.65	70
36.16	43
33.79	163
35.46	43
35.25	42
37.31	13
35.92	80
34.71	89
38.47	77
34.38	39
37.63	34
38.16	81
34.53	80
36.14	88
34.72	52
38.9	74
33.99	43
36.05	37
33.98	86
35.04	88
34.92	68
36.27	81
34.01	60
34.83	91
37.45	15
34.01	74
36.05	156
35.88	147
38.59	0
38.44	61
36.93	45
36.88	79
36.61	143
36.26	73
35.48	144
35.79	84
35.86	166
35.59	93
36.45	93
37.27	160
36.29	31
37.5	91
35.85	25
38.6	71
43.67	11
36.25	88
34.36	62
34.19	80
35.6	83
34.76	42
33.4	76
35.84	49
34.51	81
36.15	78
34.83	154
35.48	100
37.29	68
35.25	81
38.72	94
34.8	85
33.75	59
37.08	53
36.49	83
36.39	55
35.86	13
36.45	85
36.39	40
35.42	146
36.05	91
33.09	83
36.85	140
34.22	87
37.32	91
35.56	86
33.98	76
37.35	64
37.15	87
37.73	33
35.8	54
33	88
35.02	167
36.54	90
36.57	89
37.79	47
37.24	75
37.45	56
34.4	81
34.55	159
33.78	83
33.79	57
32.85	82
34.55	70
34.13	141
36.8	84
32.81	90
33.43	49
37.88	46
33.97	30
36.8	76
36.16	82
37.9	54
34.68	75
35.78	89
34.76	33
34.3	81
36.83	87
35.05	90
34.89	88
33.52	89
35.27	124
34.08	53
36.15	68
34.18	60
34	91
33.48	144
41.26	6
43.84	28
37.26	98
36.54	54
35.71	67
37.92	63
36.04	123
35.49	62
37.21	91
37.9	109
35.85	88
35.73	48
35.23	59
34.8	86
35.38	81
34.54	60
35.84	103
33.71	30
32.88	83
31.43	6
33.43	55
35.77	114
37.82	64
36.07	122
37.09	148
36.17	59
36.73	81
36.91	80
37.59	64
42.16	69
36.93	78
34.72	82
35.68	53
36.57	55
34.48	91
33.86	88
34.43	82
33.15	82
36.69	98
36.54	43
34.05	83
35.25	61
35.58	61
32.08	79
34.55	71
31.82	83
31.6	34
34.4	69
34.57	92
34.26	113
31.93	26
35.16	68
34.16	88
35.05	77
36.97	35
34.57	83
35.11	64
36.76	46
34.51	81
34.29	52
35.11	64
33.41	82
35.34	48
34.47	83
36.09	81
35.95	77
36.24	165
35.28	89
35.75	142
34.13	82
34.91	38
33.9	79
31.64	10
34.75	86
35.1	34
34.39	66
33.58	76
32.85	79
33.72	66
32.8	92
34.34	66
34.5	122
33.58	90
34.9	80
34.5	53
35.29	66
36.45	59
34.92	13
33.53	106
34.94	67
33.43	80
36.21	86
36.74	93
35.98	74
35.31	82
36.11	91
37.54	106
36.11	88
47.56	12
36.13	14
36.06	91
36.11	160
37.01	57
36.25	97
33.9	53
35.43	134
35.32	149
35.3	87
34.89	58
33.91	85
32.91	79
32.96	87
32.58	78
34.16	127
33.88	60
34.27	36
33.89	168
32.69	78
33.5	150
32.68	82
34.05	88
32.48	104
34.05	88
32.36	82
32.7	90
33.46	77
33.46	168
34.54	86
34.13	127
33.12	63
33.12	77
34.8	19
33.39	77
36.54	90
35.51	84
34.94	80
39.09	33
33.16	89
35.52	92
35.69	92
35.2	83
34.09	92
35.32	89
34.01	19
34.06	79
33.83	90
32.79	58
36.94	82
33.5	83
35.78	149
34.34	28
34.75	101
33.84	88
32.87	88
34.05	90
31.99	70
34.71	88
31.97	41
33.17	14
34.34	88
33.58	56
34.66	73
33.62	90
34.95	84
35.18	122
33.49	49
33.85	88
34.48	82
35.76	79
33.31	76
34.43	126
33.93	38
34.92	135
33.79	70
35.85	77
34.07	67
33.12	160
32.57	92
34.79	69
35.74	83
34.95	33
34.39	70
34.26	86
32.29	93
31.7	14
34.16	145
35.86	71
32.59	32
32.3	26
31.63	23
34.13	126
33.04	60
34.02	55
34.12	53
34.09	77
33.13	154
32.52	86
32.55	23
35.58	88
34.54	53
33.57	91
35.03	88
32.41	56
32.65	48
33.86	28
33.5	62
33.25	60
33.96	55
31.62	92
32.46	31
40.18	22
33.31	98
37.24	92
33.06	88
42.95	12
35.28	75
35.84	81
36.11	83
35.96	64
34.29	41
38.28	72
36.55	64
35.84	161
34.64	78
37.77	71
36.54	79
37.24	14
37.21	21
36.98	72
36.22	79
33.22	26
33.43	84
34.54	41
35.95	96
35.79	67
34.16	73
33.09	62
34.49	72
33.26	87
33.83	66
31.25	84
35.04	129
33.8	90
34.65	84
33.36	61
33.1	64
34.95	89
32.11	54
34.74	70
31.81	93
34.12	37
35.95	51
35.45	123
32.3	90
33.89	86
35.31	84
35.29	42
33.43	60
33.8	83
34	58
34.3	96
34.43	42
32.32	91
31.1	88
33.43	61
33.35	88
35.81	84
33.94	49
35.13	119
33.53	44
34.79	55
33.69	89
31.42	19
32.39	85
34.32	92
33.89	85
34.54	84
32.35	19
34.35	86
35.49	87
35.64	7
35.14	164
37.18	77
35.91	90
39.13	64
37.26	115
37.92	71
35.86	53
37.45	72
36.96	67
33.83	49
33.94	67
32.56	37
35.62	112
33.6	92
33.89	85
33.77	92
34.86	110
34.93	162
32.71	76
34.92	54
36.66	17
37.91	59
36.92	168
37.62	85
36.92	48
37.08	69
37.63	43
36.27	126
37.48	85
34.31	140
31.24	89
42.23	27
34.22	63
34.56	92
35.45	87
34.83	80
33.44	15
33.28	86
31.89	16
37.11	89
35.04	49
34.3	89
33.8	124
33.78	70
33.85	78
33.58	46
35.71	86
33.74	137
33.32	93
35.93	125
36.18	83
36.59	58
34.8	91
35.1	48
35.22	60
35.21	60
36.38	81
36.35	82
34	18
33.11	64
34.9	143
33.08	66
34.04	46
33.79	124
33.41	139
33.51	62
34.59	86
33.52	128
33.56	69
31.61	89
34.94	113
33.05	119
34.02	114
36.44	144
31.54	19
33.94	71
33.08	90
40.28	13
44	9
37.21	128
47.57	21
35.37	83
37.24	132
37.27	88
36.06	58
34.93	9
37.48	79
36.84	59
33.85	93
32.22	85
33.67	82
34.96	66
32.01	48
36.22	57
33.19	78
34.9	106
34.02	86
34.58	165
36.33	25
34.31	84
33.64	0
34.86	153
35	114
34.51	42
35.87	75
34.06	113
35.43	83
41.82	13
34.57	19
34.22	98
34.7	125
34.02	63
33.37	69
33.89	166
35.14	90
32.53	51
34.07	64
33.77	162
33.98	89
34.82	67
34.43	40
34.26	94
35.98	89
34.68	66
34.32	87
34.39	60
34.9	90
34	91
34.36	110
33.97	89
33.29	86
33.31	18
34.68	138
35.34	45
33.76	55
34.62	82
34.07	115
35.18	64
40.7	20
31.78	2
33.32	78
35.77	54
35.62	123
34.76	80
30.82	79
31.85	23
35.64	88
33.35	92
34.76	94
33.33	99
33.46	78
34.12	84
31.91	31
34.19	83
33.85	84
33.02	83
36.56	66
34.83	168
34.34	137
40.22	79
38.27	155
38.88	61
36.42	62
38.35	60
36.42	89
35.39	92
36.35	164
36.84	127
36.6	78
34.44	78
33.1	71
35.63	86
34.68	44
34.05	100
34.23	133
33.78	72
32.25	88
33.22	142
33.07	89
35.79	90
35.47	5
36.23	127
37.84	55
36.78	43
37.88	79
36.83	69
35.92	125
36.1	119
34.31	17
36.49	68
34.56	85
36.62	73
34	86
36.48	75
35.8	33
35.21	81
35.83	32
34.67	7
35.8	95
34.11	78
33.68	52
32.77	164
34.41	58
32.92	88
33.37	77
34.37	82
34.35	167
43.8	18
37.52	71
35.95	39
33.4	120
34.73	82
34.41	71
36.48	57
33.71	68
37.52	52
33.57	78
34.54	48
32.3	19
36.62	84
35.06	17
35.18	32
37.35	48
37.23	57
35.34	110
36.26	168
34.97	82
36.93	166
38.03	82
36.09	57
34.46	155
34.58	66
34.14	88
34.8	36
34.93	92
35.4	47
33.76	92
34.2	85
35.9	96
33.14	60
34.43	84
34.31	63
33.56	69
34.08	33
33.9	92
34.3	88
34.94	79
34.75	111
35.22	105
35.24	58
35.34	79
34.82	154
35.63	117
36.42	49
36.39	46
34.42	85
36.07	148
33.95	80
34.71	82
34.38	148
32.89	13
34	134
34.14	89
32.7	23
34.25	128
34.58	82
33.86	35
34.46	88
36.33	57
35.65	58
38.95	79
35.25	80
37.39	62
34.9	91
34.85	87
34.89	93
37.04	83
37.31	47
35.91	56
34.87	79
35.5	139
33.46	91
34.8	72
35.84	122
33.39	58
32.57	54
35.75	64
34.98	82
36.11	76
34.01	73
35.37	68
37.74	88
37.56	57
35.58	73
37.9	50
38.77	75
33.53	87
35.57	154
36.09	84
33.67	80
34.67	89
34.99	104
40.1	4
33.81	133
35.37	71
33	91
34.2	78
35.31	79
33.55	125
35.46	90
36.95	39
33.89	92
37.04	77
34.19	49
36.38	120
35.99	57
33.68	88
34.58	76
35.04	77
35.72	92
36.28	67
34.09	39
35.19	81
35.8	38
35.09	35
36.27	60
36.71	118
35.9	142
34.37	67
42.51	22
36.56	86
37.85	16
34.63	92
35.35	83
37.08	83
36.25	52
37.66	69
35.05	81
35.87	69
32.33	62
35.14	88
35.97	38
34.36	74
34.95	21
34.3	52
33.06	27
30.93	86
32.83	81
32.77	89
33	48
34.31	163
34.05	90
34.33	54
34.05	132
35.81	116
35.51	112
33.91	155
33.9	44
33.6	78
35.43	87
33.94	38
35.6	90
34.24	73
35.24	157
54.23	18
36.53	80
33.04	77
34.31	59
33.73	6
36.53	68
35.75	160
35.87	45
35.55	78
36.15	52
35.24	158
34.73	87
34.19	70
34.54	77
37.46	72
35.83	52
35.98	91
33.49	93
34.71	53
33.94	92
35.45	66
45.59	9
35.08	157
37.8	148
38.1	66
37.21	66
36.14	146
35.73	44
35.84	36
35.1	56
37.15	79
34.83	91
34.54	64
36.63	98
46.16	9
35.65	25
36.42	73
38.47	82
35.45	87
37.51	38
37.33	69
43.18	31
37.48	39
34.78	78
35.23	70
40.9	24
35.58	39
35.67	3
37.24	35
35.04	66
35.82	87
36.89	63
36.3	61
35.11	70
36.38	136
33.66	92
34.99	87
35.84	134
35.34	67
33.98	89
34.49	163
35.96	85
35.63	118
34.3	160
35.84	137
34.53	85
34.86	90
33.91	102
34.25	95
33.4	93
32.63	18
34.05	165
31.82	92
32.96	65
35.04	103
34.39	52
34.21	93
33.82	73
36.91	62
33.31	146
32.1	90
32.88	82
34.9	50
34.6	90
33.8	91
34.67	97
34.17	142
33.1	92
33.72	71
35.45	90
32.75	89
34.21	84
33.63	63
34.88	128
35.25	94
32.99	85
34.96	83
35.1	83
35.7	90
34.08	78
34.21	123
33.23	90
32.55	24
34.24	117
31.78	86
34.82	84
33.54	35
35.1	104
35.17	60
32.54	10
33.15	90
33.63	83
35.75	69
35.14	88
33.43	73
36.48	69
36.21	92
34.37	29
35.34	90
37.24	27
35.14	93
36.51	87
32.76	93
36.11	54
36.57	90
33.49	6
34.66	116
35.18	50
34.62	100
33.79	90
33.57	82
33.95	54
33.22	90
33.71	91
35.5	84
34.99	133
33.82	81
33.38	83
33.21	106
33.06	91
32.87	37
34.12	28
32.16	91
34.84	131
35.13	84
33.89	67
34.19	87
34.41	168
33.23	5
31.29	92
34.06	74
35.93	44
32.85	90
33.37	46
33.47	83
32.81	163
33.5	78
33.62	71
33.36	44
34.38	59
34.96	166
34.66	92
33.17	90
34.58	124
34.63	82
36.13	104
35.95	150
36.76	72
36.68	62
38.87	91
32.6	88
34.37	89
36.47	134
35.11	63
36.82	87
35.81	66
35.94	76
37.07	166
36.62	23
37.08	78
35.72	47
35.24	91
36.41	77
36.81	80
34.82	92
32.42	64
32.77	57
35.52	88
33.4	89
34.1	88
35.03	67
33.6	78
34.53	140
33.03	78
34.8	111
38.65	102
37.23	81
40.75	56
33.36	92
35.16	132
36.63	93
35.05	90
36.86	90
36.93	60
35.34	86
32.85	47
34.9	126
32.25	62
35.53	83
32.45	38
34.57	79
33.85	134
32.76	90
30.28	87
34.9	81
32.75	157
36.6	88
34.63	81
35.26	98
35	68
33.91	164
35.22	124
33.65	82
32.86	91
32.85	92
31.66	87
32.32	53
33.32	68
35.24	76
33.72	118
32.86	88
32.39	41
33.9	72
34.06	81
35.61	52
35.12	89
33.19	90
37.45	50
34.78	80
33.78	41
34.68	63
35.27	85
36.54	54
35.44	79
35.31	28
36.87	129
36.85	55
35.31	162
34.39	34
36.64	131
34.27	16
34.93	74
34.8	141
34.61	85
35.45	47
35.24	29
35.08	168
34.75	118
35.07	86
35.32	98
34.86	89
34.44	23
34.92	87
36.49	54
35.27	89
34.1	54
35.15	70
35.65	79
33.34	35
34.78	77
33.58	90
35.12	88
34.08	58
33.47	69
34.17	73
32.92	78
34.34	29
35.41	88
34.79	83
39.09	17
33.17	78
33.98	67
33.2	157
35.32	77
33.22	77
33.31	90
33.84	89
32.41	90
33.98	57
34.79	56
33.62	59
33.28	7
33.42	34
34.82	88
34.15	87
33.33	83
32.74	89
33.6	81
33.98	88
32.57	91
33.38	162
34.33	64
33.57	61
35.03	76
35.17	75
34.73	88
34.27	86
36.3	121
32.78	80
34.22	151
35	62
33.83	75
33.68	87
32.09	86
33.56	31
35.16	88
34.16	83
31.7	93
33.74	128
33.02	87
34.21	97
33.19	80
41.2	5
33.67	77
34.56	44
36.29	90
34.1	81
34.1	78
39.37	43
34.61	46
34.45	93
35.75	90
34.07	66
32.66	93
35.68	153
32.72	82
31.9	82
34.42	139
32.96	67
33.58	79
33.7	87
32.76	51
35.45	100
32.15	73
32.52	63
33.93	54
34.35	60
33.12	59
34.05	129
32.68	93
32.46	89
34.03	51
34.6	89
34.7	88
34	158
34.23	27
33.82	79
33.01	79
32.86	90
32.8	91
35.18	78
32.45	85
32.77	75
33.7	44
31.9	67
34.61	84
33.21	91
34.2	76
40.88	15
33.69	44
34.42	79
34.02	87
33.27	91
34.79	23
37	82
38.64	84
36.49	133
36.54	70
37.37	41
36.29	75
34.5	84
37.18	71
34.82	84
32.78	74
36.83	25
35.65	78
37.87	91
36.16	158
36.27	77
35.32	59
37.25	65
38.9	79
48	8
37.44	73
34.52	76
32.27	90
33	106
33.92	90
35.12	85
31.89	89
35.4	67
35.47	57
33.86	59
34.69	83
32.78	139
34.63	81
33.03	163
34.24	81
32.7	141
32.5	75
35.88	65
34.1	144
32.67	68
33.58	71
34.71	78
36.36	89
37.64	44
35.2	92
37.05	72
35.48	51
34.58	85
36.84	71
35.71	81
38.12	54
33.27	76
35.8	72
34.61	116
34.6	93
35.14	35
35.63	163
34.71	85
34.04	75
42.47	6
37.45	62
34.87	101
35.01	76
32.34	90
36.35	97
32.5	85
34.44	96
34.63	91
35.85	74
32.96	68
34.99	35
33.39	7
33.83	88
35.22	78
36.68	34
35.3	55
36.8	89
34.6	25
37.1	46
36.07	42
35.65	42
34.94	154
47.3	7
36.29	129
35.88	83
34.53	83
34.8	75
35.68	71
35.35	94
33.63	87
34.06	90
36.16	79
35.5	138
34	71
34.34	66
33.5	86
31.9	89
35.46	54
34.07	74
33.59	57
34.25	165
35.84	156
35.81	90
36.43	90
35.62	75
34.37	47
36.61	59
36.77	85
36.3	74
33.7	88
33.9	89
34.46	80
33.63	153
33.58	80
31.57	26
33.59	93
32.44	69
32.81	92
30.32	85
34.4	154
32.37	85
35.63	60
33.53	68
36.61	45
35.42	67
35.3	35
34.55	37
33.89	154
33.59	134
34.61	85
32.93	86
36.03	85
32.44	73
33.36	108
34.36	92
32.64	74
33.13	73
33.5	154
34.94	53
33.64	92
33.56	60
35.06	64
33.36	85
33.14	104
34.23	78
34.79	99
32.42	97
35.45	58
34.46	48
33.09	103
35.85	67
32.44	103
37.27	90
34.11	89
35.12	105
33.73	81
33.05	83
35.02	66
33.26	98
33.7	72
34.55	95
35.75	66
34.01	100
32.46	90
34.59	102
33.05	82
34.17	92
35.6	73
35.63	89
35.11	81
36.86	88
35.96	74
31.8	91
34.88	72
31.69	96
32.22	105
34.53	96
33.9	83
34.32	85
34.5	81
31.76	105
34.04	72
34.96	184
33.69	87
33.46	84
35.53	76
34.38	73
34.96	43
33.01	103
32.2	99
33.8	59
33.39	91
34.06	92
32.83	97
34.1	93
32.74	101
32.31	93
32.2	99
33.33	99
33.46	98
33.46	97
33.93	102
35.17	75
35.48	70
33.36	100
35.77	95
32.85	103
34.14	77
33.68	83
32.87	71
34.53	67
34.79	141
34.59	76
36.52	111
32.57	94
34.48	69
34.81	155
35.06	86
36.5	24
36.18	91
34.4	87
34.05	84
31.33	101
30.64	98
34.64	115
34.29	83
34.35	144
33.63	100
34.54	104
35.96	76
32.48	64
35.71	90
34.63	91
34.98	86
33.6	100
36.57	108
33.87	103
34.82	85
35.77	62
33.86	105
33	103
35.47	17
36.61	81
31.91	82
32.34	102
36.04	75
34.57	105
35.19	102
37.03	91
35.26	72
36.28	95
35.39	35
34.06	99
36.48	75
35.66	75
36.26	41
33.96	86
35.21	52
35.41	82
34.49	100
34.41	98
33.55	93
35.16	93
36.38	98
32.6	101
35.09	66
36.49	84
32.65	100
34.32	89
35.3	92
35.39	97
33.83	105
34.7	81
33.63	104
33.99	95
34.96	105
34.81	77
35.18	82
33.86	105
34.72	51
35.88	90
36.02	79
33.67	182
36.42	69
34.02	168
31.59	74
33.14	85
32.84	66
36.11	78
33.37	207
35.63	120
33.41	102
33.78	207
31.91	103
34.12	74
33.79	105
32.22	101
33.1	99
35.06	85
32.97	103
31.45	105
33.61	105
30.98	23
34.11	102
34.51	74
34.36	108
34.25	202
34.8	93
33.86	201
34.67	97
35.08	104
34.87	90
36.5	83
32.79	98
33.66	74
32.53	99
37.01	63
36.7	122
35.79	75
33.31	93
33.7	65
32.62	11
34.17	94
35.07	130
34.82	72
34.87	166
32.47	100
34.74	65
35.19	76
33.02	82
33.96	182
34.7	40
35.52	57
34.81	50
33.81	91
32.94	183
34.06	174
33.01	92
34.64	100
33.93	190
34.74	93
32.99	95
31.6	99
34.72	162
34.12	140
31.91	102
34.29	54
34.1	54
34.1	54
35.6	99
34.79	88
33.53	147
35.03	54
33.94	91
33.25	90
33.55	32
32.95	97
33.9	95
33.11	91
37.4	42
37.4	42
32.19	100
32.25	101
32.59	6
34.05	66
34.02	135
32.28	96
35.32	60
35.42	75
35.24	51
33.98	103
31.72	102
31.72	102
31.72	102
34.35	58
36.47	94
35.37	74
35.28	75
32.64	90
34.67	141
34.92	103
34.47	82
34.47	82
33.23	86
34.6	136
33.65	103
36.65	65
33	72
34.16	25
35.24	91
32.23	101
33.64	102
34.46	175
32.63	105
31.1	32
33.37	91
33.32	85
32.14	84
35.85	47
33.29	104
33.22	85
34.4	77
33.2	88
33.26	87
34.03	105
35	74
33.95	102
34.2	165
34.89	77
33.58	38
32.95	88
