sim	len_diff
36.19	32
34.53	19
32.29	54
32.98	45
34.4	33
33.17	2
33.22	103
33.76	27
35.44	34
33.06	47
32.65	46
34.93	49
34.75	73
31.75	76
34.59	54
32.31	54
33.72	50
33.87	28
32.8	76
34.21	45
35.65	34
32.43	109
31.07	48
31.63	56
33.68	87
31.99	101
32.45	107
34.15	21
32.69	37
35.91	41
36.3	35
35.02	42
32.5	57
35.65	46
34.44	35
33.49	56
33.82	58
33.53	65
34.26	31
34.19	52
34.57	53
33.44	54
33.5	84
33.4	42
33.72	80
33.72	80
33.74	70
34.2	48
34.91	95
34.71	49
33.83	72
33.83	72
31.54	55
35.39	78
30.59	55
34.42	54
34.41	45
32.85	25
34.78	60
32.2	55
32.87	50
30.54	53
32	55
30.02	55
35.24	51
34.39	61
32.7	69
34.73	45
33.97	91
31.94	112
34.2	45
32.81	115
32.81	115
35.65	46
34	41
36.39	68
33.24	68
32.2	48
33.63	54
33.37	46
33.46	6
34.14	37
31.98	80
30.8	61
32.81	112
36.03	51
35.73	37
33.87	86
33.98	4
31.72	23
34.9	39
33.99	77
32.12	114
32.51	46
30.73	52
33.78	100
33.6	53
30.37	51
34.31	59
36.23	46
33.79	106
35.74	55
33.23	57
31.32	55
35.35	48
34.76	54
33.69	53
34.81	35
33.34	57
32.38	16
34.15	5
33.46	2
31.68	115
32.77	40
34.94	12
34.25	89
33.05	50
34.26	43
33.61	101
37.4	28
33.94	52
32.87	90
36.12	43
36.11	53
33.1	51
33.26	57
35.04	41
32.45	99
34.31	30
34.07	69
32.83	59
32.98	66
33.43	8
34.12	35
32.84	43
32.21	56
34.05	87
35.25	88
35.17	47
31.6	54
33.03	60
32	37
33.62	50
32.48	50
33.83	80
33.98	32
32.17	56
32.15	58
35.66	25
33.29	37
32.54	101
32.08	106
31.89	57
33.93	45
33.93	40
32	49
33.44	90
34.55	48
31.82	53
32.86	44
35.64	30
35.36	43
35.11	43
34.96	53
34.18	43
32.45	58
32.5	91
33.17	49
33.28	46
32.82	109
33.9	28
33.14	64
33.53	28
30.89	55
32.93	78
34.93	44
34.26	44
33.51	55
32.7	79
33.91	102
33.26	4
32.69	94
32.21	53
31.4	102
32.08	23
33.46	82
32.41	14
34.49	44
30.79	44
34.05	18
35.46	54
33.11	54
33.5	57
36.1	49
34.01	51
33.72	47
31.58	52
31.94	56
32.28	56
31.69	47
32.74	34
33.03	34
33.7	51
32.82	48
34.15	40
33.05	57
34.41	76
31.01	56
34.69	50
33.73	48
35.42	48
32.46	23
34.73	57
35.61	49
35.61	52
32.46	46
32.68	36
33.93	37
33.64	12
35.21	34
32.07	56
35.15	36
33.24	42
32.35	55
31.88	46
32.51	29
30.32	47
32.37	45
33.61	27
31.44	56
32.59	55
34.85	43
31.46	55
34.28	49
30.26	55
34	54
32.86	49
31.41	54
31.83	44
33.66	44
33.32	57
31.15	57
31.78	55
32.93	57
31.98	53
35	56
30.8	54
32.81	54
31.66	52
34.43	52
32.61	42
33.71	41
35.86	47
34.84	53
33.35	43
33.35	47
34.38	47
32.18	47
30.73	57
34.65	35
31.17	56
31.17	56
32.39	54
34.2	29
32.87	47
33.19	51
32.02	56
33.91	52
32.02	50
33.08	95
32.43	106
32.41	89
33.24	114
34.66	86
36.72	53
33.95	9
32.75	70
37.46	35
33.42	97
32.29	35
33.5	49
35.09	42
34.17	52
35.18	35
36.54	87
32.87	43
32.4	45
33.28	88
33.28	55
32.3	25
32.2	57
33.33	46
33.66	57
35.27	43
33.34	43
35.15	47
31.72	57
32.24	57
32.4	46
33.3	110
38.36	25
33.86	19
32.74	42
33.23	99
32.52	21
31.94	54
35.17	43
34.22	99
32.93	7
34.08	81
35.42	54
35.6	40
35.89	30
36.18	69
38.57	25
34.09	68
33.71	31
34.8	11
33.07	20
34.17	26
36.6	21
36.42	37
34.21	34
32.93	44
32.54	49
30.77	56
33.97	33
33.67	78
35.23	62
32.75	45
34.01	49
34.54	52
34.32	40
35.37	32
33.7	29
34.8	81
34.33	50
37.06	35
34.03	48
35.68	46
32.93	56
34.26	33
32.02	48
32.07	46
33.9	110
34.25	54
33.55	74
36.26	46
35.17	53
32.27	50
31.23	12
32.71	48
33.7	87
34.43	33
36.23	14
33.4	48
33.34	92
32.74	86
33.71	38
36.19	54
34.26	52
36.66	30
33.5	92
37.74	32
41.33	56
35.05	53
34.2	46
35.42	81
34.53	71
32.47	92
31.87	16
33.83	38
33.75	77
32.7	49
32.75	49
33.8	37
33.27	51
33.61	33
33.17	48
32.02	62
37.69	41
34.66	29
34.24	12
32.74	20
35.09	56
34.94	38
34.22	40
33.18	41
56.15	13
34.47	32
36.22	38
34.01	17
32.37	60
36.78	72
35.32	30
33.75	42
69.16	16
33.55	43
34.51	46
34.5	38
32.74	45
35.47	54
34.43	35
34.66	30
34.81	46
33.87	86
37.13	49
32.77	47
32.5	78
31.95	49
32.31	63
33.27	88
31.72	55
39.79	72
33.49	65
35.61	29
33.69	33
33.12	91
33.88	29
34.04	92
33.19	29
33.47	70
33.83	80
31.67	5
33.1	75
34.6	17
34.34	34
32.67	17
35.31	46
35.09	41
35.28	31
32.53	15
34.64	69
35.89	15
37	29
35.06	26
31.9	47
35.02	73
33.63	51
36.32	20
35.48	48
33.86	47
34.2	39
33.26	47
35.43	35
36.73	19
33.46	46
40.97	56
33.57	49
32.2	81
34.95	28
32.82	44
31.8	49
42.17	54
34.18	31
40.17	43
40.84	62
32.28	51
34.16	50
33.09	46
32.74	75
33.51	39
34.56	92
40.03	61
36.14	41
34.61	28
37.37	45
36.45	39
34.2	31
32.37	41
34.42	50
34.12	65
33.37	36
33.55	43
34.11	30
33.55	20
30.72	48
34.55	43
30.85	4
33.35	57
35.95	33
32.79	19
33.98	24
36.28	31
32.16	59
33.3	74
31.95	41
33.06	82
33.15	33
33.76	51
32.86	22
32.86	84
32.73	46
36.38	65
33.2	36
34.86	72
33.67	55
34.72	27
31.33	89
33.15	35
33.4	58
33.12	90
31.61	2
33.8	63
32.65	70
33.46	48
32.26	24
33.24	40
35.19	48
33.86	26
33.92	79
35.25	51
35.84	36
34.98	30
34.12	56
34.86	48
36.6	37
35.1	45
31.41	29
43.22	47
31.79	43
34.53	38
33.5	49
35.16	27
33.55	90
34.15	75
33.46	44
35.69	37
32.02	78
37.11	43
34.38	45
35.73	24
33.11	37
31.01	34
32.99	84
33.16	50
34.2	43
32.75	15
34.64	83
33.48	62
34.77	70
34.69	17
33.64	70
37.8	37
34.67	41
33.04	23
34.68	40
35.44	52
33.95	61
34.04	49
35.9	49
34.59	62
38.93	56
37.77	27
35.09	72
33.63	75
35.3	66
35.68	47
33.27	50
32.05	31
35.15	50
33.05	2
33.11	49
34.09	49
33.76	46
32.51	62
33.28	64
34.82	41
33.69	51
34.58	39
36.25	46
36.59	31
33.94	52
34.64	32
34.59	91
35.43	41
35.68	53
34.81	44
32.41	23
35.71	43
32.4	69
33.29	38
35.39	41
33.84	32
33.59	56
33.49	56
32.29	30
34.53	46
34.32	34
34.03	48
33.92	49
35.89	30
35.95	88
34.24	13
36.5	71
34.8	1
34.72	36
34.73	45
33.99	45
34.13	60
32.66	48
33.7	44
33.23	21
35.54	40
35.28	53
34.02	22
35.54	45
35.26	40
34.33	45
33.57	32
33.08	43
34.62	50
37.79	25
34.51	49
36.18	43
33.54	88
35.47	43
30.25	44
33.4	84
33.08	51
36.14	46
37.54	70
36.52	33
39.39	58
32.87	50
34.39	43
34.66	44
34	12
40	56
33.73	30
34.42	25
34.67	45
31.78	26
33.02	9
33.52	44
35.17	49
33.36	6
33.76	45
35.66	9
33.64	49
34.11	51
32.14	51
34.95	49
34.2	46
34.1	41
33.27	43
32.6	40
34.88	89
35.88	47
36.39	31
36.49	21
34.94	38
33.57	51
33.37	85
35.06	44
34.07	48
34.55	49
32.45	51
35.07	37
35.54	39
34.59	35
35.2	36
34.13	30
34.19	90
35.16	21
35	23
36.53	35
33.39	89
32.94	79
32.15	42
31.92	82
33.33	46
36.56	27
37.11	71
37.53	27
32.2	56
32.64	39
32.52	48
32.87	84
35.06	76
36.21	12
34.1	39
34.94	39
33.12	46
32.83	62
32.17	49
43.82	52
30.61	26
30.63	6
34.31	29
33.87	40
31.63	34
31.51	12
33.85	32
32.03	11
33.23	42
33.68	67
33.54	92
33.52	20
30.76	17
33.56	18
32.93	46
31.7	65
34.13	29
34.2	41
33.54	92
33.25	46
34.02	43
33.31	82
34.23	45
33.5	43
33.7	88
35.73	63
33.25	32
36.29	2
34.15	51
33.81	89
32.55	74
31.86	29
32.28	44
32.83	44
34.3	28
32.27	84
32.93	36
32.9	21
34.15	44
32.6	27
33.41	77
33.74	71
32.77	58
31.75	5
33.62	15
32.46	49
33.02	88
33.66	62
34.16	21
30.57	6
35.99	45
31.65	50
34.1	33
34.02	33
40.17	25
34.86	63
33.81	51
32.5	60
33.56	40
34.49	51
34.2	46
35.84	23
33.72	14
36.06	35
34.87	85
34.59	44
34.41	72
34.25	73
32.25	77
36.6	48
34.03	39
32.73	49
32	48
32.55	8
34.03	39
31.45	49
35.53	33
32.25	48
33.44	28
31.71	47
34.4	33
33.55	44
35.13	38
32.29	8
53.57	34
33.59	62
32.67	67
35.12	36
32.25	43
34.63	70
33.64	51
34.23	58
34.88	29
34.18	36
36.5	29
36.41	34
33.99	41
34.66	32
35.29	21
33.29	13
33.19	74
32.89	42
34.38	76
35.2	63
33.7	91
34.21	60
33.83	48
36.86	27
32.98	24
33.92	26
34.8	83
33.84	88
34.67	41
33.14	82
33.41	47
32.38	67
31.41	89
33.57	40
32.1	11
33.6	40
35.37	19
34.65	31
34.18	90
33.76	18
34.82	51
33.29	78
34.26	36
33.3	74
33.26	46
32.54	51
41.81	44
39.56	16
32.89	44
34.86	39
34.57	37
35.13	35
35.21	40
37.46	39
35.46	56
36.34	82
33.72	21
35.18	32
33.58	29
35.37	91
38.61	56
55.71	19
34.05	85
37.92	26
33.23	27
32.01	15
31.55	63
32.8	88
34.41	65
34.15	65
33.6	26
33.57	47
34.27	15
33.13	44
35.71	30
34.57	27
40.57	43
33.32	32
33.46	32
34.06	18
33.58	46
34.68	65
36.19	31
35.26	37
34.39	42
32.73	39
34.92	42
33.26	34
33.75	44
33.69	24
36.16	77
37.58	31
34.18	39
35.57	30
34.32	38
36.04	75
59.17	21
36.11	48
33.88	52
37.04	39
34.97	62
34.47	21
34.86	33
34.05	36
33.11	47
33.68	90
35.36	42
40.87	57
32.23	48
34.33	40
33.86	54
34.5	36
33.94	75
33.87	17
31.61	3
37.2	35
32.11	37
32.53	36
52.59	33
32.38	84
31.62	45
34.91	46
40.12	28
35.17	52
33.18	49
34.32	61
33.86	25
32.85	48
36.13	19
34.39	68
41.18	48
33.4	49
30.73	50
35.01	40
32.71	21
32.11	51
32.81	10
32	49
43.33	50
32.99	42
33.4	27
33.88	52
37.69	28
35.06	19
33.07	91
33.56	85
32.76	43
34.33	17
32.91	39
33.58	60
34.74	51
31.4	25
33.82	9
33.68	50
33.54	82
32.31	23
32.6	51
31.38	32
32.05	47
32.97	32
33.26	34
32.74	43
32.04	76
33.06	41
33.46	75
33.33	47
32.35	77
33.97	40
37.27	32
33.33	87
34.76	50
31.99	24
34.5	28
33.51	73
31.73	68
32.96	47
35.04	37
33.89	60
33.09	50
31.59	36
33.63	44
33.84	42
35.16	19
33.12	50
36.46	34
35.85	49
33.93	88
32.71	3
35.7	63
34.74	31
35.54	47
34.94	33
33.96	46
36.66	43
32.73	50
35.54	41
33.74	26
33.39	45
34.31	44
34.64	41
35.55	42
34.86	29
35.32	42
34.64	37
33.96	44
35.59	48
33.04	68
34.25	21
34.01	7
34.56	29
32.99	15
38.6	54
34.36	33
32.77	65
31.78	35
30.88	7
33.41	34
33.95	45
33.8	50
31.59	51
32.84	78
34.11	44
33.82	45
34.32	47
33.18	43
35.08	27
33.92	35
33.65	25
32.71	38
35.75	38
35.14	81
33.38	25
41.31	43
33.17	44
34.74	50
36.16	74
33.85	47
33.27	70
33.1	82
34.93	29
33.48	39
34.73	28
34.15	35
32.94	36
34.46	43
32.32	47
34.48	33
34.58	35
33.78	41
31.72	49
33.21	29
34.89	74
33	11
35.01	48
32.76	48
35.42	32
35.42	26
34.06	29
32.15	40
33.63	46
33.7	49
35.59	53
33.77	28
32.22	50
34.46	32
32.58	43
33.15	50
33.88	4
35.32	7
33.5	29
33.57	61
35.29	34
32.85	86
37.72	54
31.94	53
32.3	47
37.24	19
35.57	80
32.51	6
32.62	46
33.6	46
34.86	14
34.61	12
33.67	43
34.33	24
33.29	45
33.61	50
33.57	29
32.89	44
33.42	37
33.52	51
33.14	28
35.02	36
34.5	75
32.67	18
37.03	47
35.81	18
35.42	33
34.86	31
35.14	46
34.31	24
34.39	43
32.23	54
36.06	45
33.57	20
32.24	71
33.08	37
33.66	29
32.88	47
33.4	39
35	26
34.71	90
33.03	51
35.32	26
32.84	50
34.73	39
33.26	48
34.68	76
35.5	28
33.71	29
34.24	36
34.56	82
34.83	52
34.39	86
34.04	51
34.09	33
33.53	40
32.19	79
34.57	41
33.72	43
34.8	13
33.51	14
32.69	45
34.39	89
32.04	10
33.73	36
33.07	82
34.59	41
33.82	40
33.95	40
31.89	54
33.3	44
32.66	29
33.14	51
34.49	86
32.77	29
37.41	29
35.06	39
31.24	47
32.6	33
32.86	51
33.13	22
33.92	42
32.24	50
52.22	24
34.08	57
37.29	57
34.63	87
36.68	34
35.12	49
39.84	17
34.57	38
33.11	29
33.98	45
32.25	29
32.37	87
34.09	41
33.97	29
35.32	67
32.13	36
33.05	91
35.09	41
39.11	17
33.54	27
32.29	49
34.73	28
32.99	89
32.99	85
32.6	41
32.46	47
40.9	56
34.63	25
32.19	49
34.71	34
35.61	84
33.33	27
38.06	31
34.09	52
37.64	63
34.29	45
34.96	36
35.93	28
36.6	26
31.39	49
35.47	49
36.57	31
34.87	68
35.24	48
31.77	16
33.88	26
33.13	13
35.06	2
33.48	70
34.38	50
36.8	36
37.18	27
35.64	32
33.73	49
36.35	19
34.27	43
35.68	32
33.97	10
34.6	18
32.73	80
34.54	55
53.38	26
34.9	61
34	83
40.13	54
33.8	50
33.98	78
33.86	42
33.88	51
33.83	47
34.12	34
34.26	84
30.82	43
34.96	26
33.75	16
33.66	86
30.93	48
33.96	48
32.63	42
32.26	29
33.46	5
33.69	77
34.77	46
40	56
33.65	36
32.97	9
31.72	41
35.18	49
35.67	47
32.18	32
32.34	47
35	11
34.57	81
34.25	68
34.83	82
34.69	64
32.82	29
42.98	56
36.12	21
34.97	13
34.18	29
33.06	48
41.85	33
34.05	78
35.74	20
38.91	69
35.25	61
34.51	31
35.26	45
35.44	61
34.61	21
36.92	32
35.31	35
34.52	36
35.86	40
43.92	16
35.43	72
37.23	61
34.6	51
35.92	21
35.57	46
33.46	29
38.7	25
32.57	50
37.2	25
35.3	34
35.51	81
32.06	44
34.37	38
35.1	65
35.48	25
34.2	49
41.28	42
35.28	40
34.11	65
31.71	51
31.67	10
34.43	9
33.69	46
31.42	6
35.01	57
35.42	27
32.5	48
58.37	12
35.72	48
34.09	51
34.31	87
34.46	48
34.15	29
35.2	44
34.02	51
32.7	42
35.02	51
32.92	30
33.52	48
34.45	30
34.43	89
34.88	92
35.15	46
33.64	49
37.39	20
40.09	57
33.86	74
32.06	29
31.89	39
34.4	49
32.24	12
30.88	3
33.76	32
32.82	51
33.74	43
31.67	84
32.39	66
35.75	35
34.16	27
33.59	22
33.05	48
33.46	47
32.95	92
33.78	53
34.73	45
34.24	40
33.31	14
32.79	34
34.48	26
33.32	87
33.5	42
42.36	53
35.26	30
35.26	28
31.53	31
34.73	31
32.29	6
35.54	36
33.57	41
34.09	35
33.62	29
31.4	5
33.36	40
33.88	78
34.08	34
33.04	88
31.49	49
36.7	49
33.29	26
32.64	23
32.79	20
40.29	25
32.67	28
32.64	23
32.17	41
32.53	42
32.95	49
34.09	33
33.5	35
33.09	68
34.5	63
35.45	40
31.19	2
33.1	48
32.43	23
32.59	92
33.8	13
36.01	53
35.25	45
34.36	67
35	58
33.16	32
34.19	61
34.5	27
35.17	69
34.13	79
33.32	70
35.08	69
32.51	71
32.57	51
35.26	88
33.68	48
31.92	49
34.68	27
33.42	38
35.42	39
33.68	46
34.45	22
33.94	39
34.89	45
33.42	42
33.35	91
35.12	50
34.16	82
34.6	51
34.66	50
34.47	22
33.52	16
34.62	14
33.13	37
35.31	25
33.97	79
34.52	25
34.37	43
35.86	35
34.01	82
33.72	76
33.44	43
33.3	82
34.04	28
33.26	26
33.49	45
32.94	46
34.66	28
33.63	5
33.68	47
34.47	38
32.67	41
33.83	39
32.01	63
37.88	11
31.96	1
31.94	46
34.38	22
33.27	50
33.3	84
35.13	50
32.49	18
37.36	45
32.04	27
34.84	43
35.03	27
32.79	20
34.16	26
30.89	3
34.39	51
32.28	62
33.42	37
37.53	33
32.5	92
32.99	47
33.85	34
33.54	13
34.38	65
33.31	29
32.95	50
38.03	12
35.39	46
32.75	41
33.59	25
32.77	50
30.33	4
30.54	50
32.72	83
31.3	77
33.73	90
31.35	25
31.87	2
32.64	46
33.84	33
33.66	15
35.44	37
33.51	18
33.17	20
31.46	70
30.12	16
32.57	40
36.04	40
34.73	43
34.45	75
34.25	47
35.26	35
44.29	29
35.69	40
32.31	20
33.73	35
34.85	33
41.63	44
33.06	80
32.72	44
39.88	17
33.29	49
36.08	23
35.21	45
36.07	51
34.5	51
35.01	25
31.03	49
36.06	38
34.8	78
36.85	54
37.92	31
36.11	38
46.44	32
34.81	77
33.73	49
33.46	50
38.66	55
34.13	34
33.66	33
31.52	49
35.47	60
33.82	41
37.45	41
33.26	45
35.13	33
31.36	33
35.55	12
32.48	49
35.74	35
33.47	51
33.66	33
32.74	63
40.35	50
32.46	26
33.12	46
31.43	77
40.48	56
34.25	59
35.84	49
34.68	36
34.15	37
34.26	43
39.14	75
34.39	48
32.53	50
30.4	51
34.52	15
33.86	20
34.63	85
35.04	73
33.8	51
34.31	35
35.36	45
37.8	16
33.41	26
34.49	34
32.87	63
32.25	39
35.46	13
33.19	66
35.6	41
33.88	28
33.9	65
34.01	44
31.6	92
34.54	40
34	48
33.88	47
32.66	17
34.32	34
37.88	92
35.13	46
36.61	71
35.71	76
33.38	50
33.28	50
31.89	51
32.53	40
31.55	48
32.88	48
32.77	34
33.75	48
36.45	20
32.74	50
31.78	22
33.68	33
34.72	51
34.75	9
36.31	45
33.78	50
35.66	43
34.33	44
36.37	42
34.64	34
36.07	72
32.71	34
33.44	49
34.85	17
34.13	39
36.96	41
35.22	39
33.68	35
33.97	37
43.74	42
34.6	83
33.8	50
32.75	51
32.49	82
34.1	44
33.6	14
32.22	28
32.79	20
32.18	81
31.44	50
32.59	47
35.77	43
31.8	46
34.79	71
34.78	40
34.67	47
34.42	83
34.05	44
33.66	24
36.76	44
34.24	10
34.75	58
33.14	38
34.05	15
32.59	30
32.52	48
30.23	51
32.43	41
31.26	36
32.54	42
35.05	61
34.6	44
35.59	32
34.24	66
34.13	50
36.42	15
33.79	36
35.71	40
33.42	61
35.54	13
37.3	41
35.13	34
36.75	50
32.1	10
32.53	29
35.44	35
36.83	27
33.82	35
33.82	45
33.14	38
35.13	23
34.97	50
36.2	35
32	48
34.18	45
35.03	37
34.5	44
36	30
35.06	50
33.37	31
34.29	73
35.13	24
33.22	75
35.51	56
33.9	78
36.77	43
35.42	48
33.31	91
35.88	10
35.85	84
34.46	39
36.27	49
38.4	18
33.74	68
40.31	61
35.27	26
34	57
34.7	29
35.81	51
34.75	81
33.57	7
34.79	35
34.98	27
34.71	56
37.46	21
35.26	7
34.05	73
32.68	28
33.19	23
34.38	26
33.8	69
40.39	56
32.59	45
35.7	48
32.6	49
34.99	41
35.2	43
35.13	20
36.28	46
35.66	49
33.71	5
33.6	9
36.15	38
35.32	43
34.89	26
31.54	51
33.72	90
34	24
34.69	30
34.07	44
34.33	66
34.11	46
34.86	44
36.46	74
33.46	44
34.15	70
33.63	40
33.67	34
34.15	68
34.42	62
37.97	43
32.56	51
33.78	80
34.34	71
33.78	46
33.78	80
35.4	89
34.23	52
31.95	47
47.99	40
33.82	40
34.53	33
37.17	19
33.49	38
35.83	59
33.62	14
33.9	34
32.71	68
37.39	34
33.46	28
33.67	71
34.33	51
32.35	89
33.57	29
38.16	59
31.84	49
33.8	44
32.25	27
33.85	44
34.13	57
32.35	34
31.78	37
40.67	46
35.13	44
34.29	44
39.3	55
33.33	41
32.33	43
32.54	92
32.62	39
32.59	43
35.76	37
35.39	71
34.66	48
35.59	32
35.12	30
33.73	45
34.82	2
35.82	35
34.3	61
33.56	40
33.79	40
32.64	71
34.39	28
35.3	37
34.26	62
34.05	49
36.83	28
35.89	30
32.72	13
35.85	33
34.72	45
37.23	38
35.09	69
35.3	48
32.75	31
34.66	51
31.99	40
33.39	29
32.81	87
36.64	13
33.84	29
32.51	84
33.69	59
33.09	48
35.53	48
32.54	48
34.55	41
31.52	22
33.83	84
32	49
34.38	88
35.15	47
34.43	72
33.01	46
37.39	38
33.87	83
33.71	39
34.44	78
34.11	60
39.4	42
34.47	25
36.09	27
32.93	41
35.14	75
34.68	39
33.73	75
35.35	45
34.55	43
33.02	76
36.29	51
33.08	8
34.83	1
34.32	39
34.95	44
34.71	50
36.4	46
34.94	34
33.05	48
33.88	73
35.79	51
34.13	23
35.13	37
38.89	53
31.61	25
35.84	60
34.16	49
33.64	46
33.86	50
34.64	56
35	90
34.08	63
35.66	38
34.7	51
55.87	37
35.56	26
35.26	35
33.45	39
35.87	33
34.77	42
35.53	44
33.36	11
34.31	44
31.73	50
33.75	42
34.92	27
35.02	38
34.69	79
37.67	39
36.28	46
36.25	77
33.51	35
35	81
34.17	25
32.87	41
33.37	43
33.51	63
35.38	46
36.34	48
31.6	51
43.6	48
35.43	43
33.96	90
36.03	48
33.51	50
35.65	48
33.74	51
34.16	89
33.9	37
36.32	26
40.82	54
34.96	50
31.35	42
32.37	44
32.99	88
32.81	88
33.76	75
32.5	29
33.14	89
33.35	68
34.06	56
32.86	49
34.22	48
33.84	28
33.84	28
33.41	77
33.48	90
35.93	45
34.1	50
36.89	40
36.34	71
32.65	37
32.39	54
32.88	45
36.03	11
32.64	26
33.98	55
34.41	77
34.09	48
33.04	41
32.63	45
34.14	54
34.05	39
33.12	35
32.45	67
35.26	38
33.76	34
33.23	35
35.47	19
32.87	81
30.99	5
33.47	79
33.16	65
34.91	51
32.63	85
34.03	31
37.94	22
32.62	71
34.95	49
34.03	31
32.74	30
34.83	2
37.6	43
34.86	16
34.99	10
33.39	89
34.64	48
34.64	48
36.61	50
32.45	7
33.79	22
57.05	17
33.1	44
36.09	37
36.06	43
34	37
33.72	90
34.79	41
33.78	36
36.85	35
33.03	44
35.53	20
40.25	47
33.36	50
34.47	42
34.98	40
35.61	40
34.35	47
34.29	33
34.83	86
44.73	42
38.86	82
35.99	41
35.2	45
35.97	40
35.14	41
36.38	42
34.32	44
35.89	17
33.91	48
50.26	4
37.58	35
35	36
32.3	42
38.9	24
32.5	50
34.08	40
33.22	44
34.34	33
36.35	28
41.22	16
34.53	66
36.29	44
33.14	83
35.13	38
32.72	67
32.69	50
31.56	15
34.67	50
33.79	38
31.03	44
33.07	44
34.18	43
34.27	49
33.27	53
34.54	49
60.02	14
35.58	24
33.26	41
34.44	36
33.59	61
33.71	62
34.57	50
33.98	40
33.73	88
38.19	57
31.35	89
33.29	15
33.24	37
33.6	38
31.14	37
32.9	91
32.94	46
33.4	32
33.96	44
36.28	17
37.46	36
39.88	60
34.15	47
35.66	35
33.63	86
33.86	35
34.08	52
33.21	73
33.19	52
33.63	73
35.14	77
34.88	51
33.41	47
31.9	92
32.86	50
31	46
33.1	25
31.41	62
33.84	27
32.26	40
30.83	1
33.22	31
39.81	12
34.38	32
32.94	49
31.92	44
30.8	35
34.38	33
33.56	81
33.06	54
33.3	51
35.9	46
33.66	35
34.21	52
33.9	49
33.57	34
30.86	5
34.33	44
33.07	71
34.1	33
35.24	40
31.47	51
34.36	41
33.03	86
32.59	47
35.24	11
34.15	44
30.13	11
33.62	42
57.28	19
34.35	82
34.12	44
40.85	51
34.26	44
34.94	57
33.18	92
34.39	39
35.12	38
35.15	44
41.37	47
35.54	39
34.19	71
36.17	48
35.19	36
34.57	50
35.25	47
31.29	51
32.66	11
32.02	15
32.2	48
34.55	45
34.15	50
33.85	30
33.17	59
34.08	44
34.48	43
34.61	33
37.4	47
55.86	15
33.41	59
33.9	37
56.91	14
36.62	26
33.52	51
36.32	37
33.63	43
32.33	83
33.32	78
34.52	84
41.07	56
33.58	48
35.38	34
36.06	31
33.3	37
32.37	88
35.63	46
36.32	83
32.86	18
34.82	44
34.23	44
35.39	38
37.11	48
34.25	87
36.32	44
34.85	67
33.95	29
33.53	44
34.31	47
33.13	47
36.17	49
32.55	48
40.85	49
34.66	50
42.71	42
33.26	57
35.93	11
32.53	49
34.13	27
33.64	34
33.07	85
51.11	4
34.65	81
34.17	37
35.33	43
43.49	21
32.53	41
34.46	68
31.83	51
32.97	26
33.23	50
35.27	65
33.13	29
35.76	40
32.36	50
32.15	89
33.13	25
33.89	82
31.99	11
31.57	14
34.31	91
35.12	45
34.99	39
33.49	82
32.46	46
34.2	46
35.75	40
34.25	51
35.66	50
34.63	25
33.72	12
34.39	41
34.39	46
55.36	11
35.17	55
33.31	50
33.89	23
33	47
33.37	87
34.81	27
31.86	71
35.48	35
35.82	31
34.31	88
40.99	40
35.12	48
32.98	50
38.22	24
35.32	38
33.5	27
33.74	51
32.71	85
33.86	51
32.98	86
33.67	22
40.51	44
34.26	54
32.01	87
32.46	19
32.69	11
38.1	83
34.55	41
37.22	45
33.15	21
33.53	49
34.71	37
33.67	45
36.92	90
32.89	9
35.16	57
35.05	79
34.45	34
34.15	25
35.6	38
34.64	49
36.18	44
33.48	87
31.78	14
34.02	50
34.49	38
31.43	49
32.18	47
33.14	27
32.63	20
34.8	22
33.3	51
33.16	57
30.43	30
35.54	41
34.69	35
33.88	62
34.43	46
34.03	48
36.59	40
34.09	44
41.39	15
34.81	77
34.93	51
42.95	8
33.33	32
33.85	82
35.37	25
36.21	44
33.01	40
34.75	32
31.09	13
31.6	83
34.67	47
35.92	32
32.57	21
33.9	18
42.39	50
33.05	41
34.44	10
36.14	16
33.18	73
34.87	26
33.29	2
35.14	32
34.35	13
32.03	33
32.68	51
33.86	52
33.34	38
32.23	31
32.64	35
35.97	69
33.76	18
32.87	49
35.9	37
33.93	22
36.06	15
32.77	68
34.33	65
34.05	85
35.82	23
33.41	34
33.58	69
31.69	11
34.62	18
35.44	14
33.93	47
34.58	63
33.92	45
35.61	35
34	39
53.7	26
36.05	39
32.42	17
32.45	50
40.55	52
34.84	43
33.36	91
34.1	89
34.27	45
34.04	32
35.2	33
32.41	19
34.11	40
31.22	52
34.25	36
33.89	16
34.54	24
31.76	11
33.48	27
35	64
30.9	50
31.03	43
33.59	39
32.94	82
35	62
35.55	10
35.97	30
32.78	91
33.93	40
33.29	7
35.26	42
36.16	14
35.01	15
34.21	46
35.34	51
35.93	25
35.76	46
33.8	24
35.59	37
33.65	77
34.41	20
33.11	40
32.37	52
33.53	42
32.83	55
35.23	47
33.22	46
32.44	80
32.54	57
34.07	80
32.59	20
33.1	28
34.51	42
32.59	20
34.11	39
33.39	33
33.85	38
33.8	92
34.4	47
34.43	77
34.84	39
35.06	40
35.26	45
35.34	34
33.74	44
34.32	13
38.46	65
35.25	43
35.53	50
34.92	25
34.46	39
36.13	41
35.4	44
34.5	44
31.13	51
33	44
33.29	39
31.86	38
37.98	63
34.37	36
31.6	50
33.16	24
50.3	5
33.33	33
33.51	81
33.76	42
34.21	45
35.13	40
32.05	31
30.68	8
34.77	56
36.12	23
32.1	19
34.15	62
35.8	33
33.75	47
33.23	49
42.06	37
32.94	24
30.91	45
32.97	63
33.68	41
32.22	49
31.67	19
34.01	5
34.2	81
35.85	15
33.16	75
32.27	49
32.82	46
35.33	42
32.04	38
33.16	73
32.54	40
34.58	35
35.24	48
33.5	65
33.8	65
33.46	65
35.24	70
34.04	33
36.29	52
33.55	39
36.21	39
33.11	49
36.4	30
34.52	50
34.74	56
36.6	28
34.78	32
34.45	81
33.19	70
34.38	18
33.14	20
34.02	42
37.4	39
35.8	26
31.46	48
32.74	47
33.92	48
33.04	9
32.94	29
33.3	49
32.26	92
34.43	31
32.76	44
35.05	41
32.79	24
35.47	71
35.17	16
34.38	48
32.2	47
33.53	51
32.25	31
33.73	63
34.37	42
32.61	24
34.21	23
32.53	40
37.1	24
38.03	41
36.06	23
34.59	39
36	34
32.88	49
34.78	45
34.51	33
33.92	30
32.04	51
34.64	51
36.3	41
34.69	29
34.92	38
33.91	21
34.21	69
33.71	29
31.07	13
33.57	84
34.21	42
31.68	4
34.63	28
34.63	30
35.1	26
33.6	86
36.43	31
34.97	71
33.96	69
36.25	24
32.79	91
31.95	43
34.15	45
30.55	9
33.25	24
32	11
32.94	80
32.12	21
32.83	49
32.02	32
32.06	44
32.96	92
34.57	38
34.3	49
100	0
34.72	35
35.6	27
34.12	90
33.44	24
33.27	16
32.76	22
31.67	29
33.89	38
33.31	10
34.85	49
35.13	29
33.4	36
45.7	15
31.73	11
35.14	45
32.28	66
34.89	68
34.49	73
35.25	61
36.07	37
35.12	11
32.44	20
32.02	27
42.62	9
34.06	14
34.77	58
33.43	35
33.58	40
35.74	46
31.66	48
32.53	40
34	88
34.84	50
34.89	83
33.92	66
35.4	32
34.27	36
33.5	46
32.5	35
34.97	26
33.1	79
33.2	48
32.44	87
34.41	45
34.52	39
32.17	53
32.64	50
33.8	86
32.58	72
35.07	28
32	22
34.08	29
32.22	50
54.22	16
33.56	40
34.09	35
34.65	36
33.35	11
33.21	34
33.57	40
33.5	43
32.06	78
32.41	46
31.48	51
32.06	78
36.07	34
34.22	65
31.95	49
33.7	25
32.46	28
32.59	69
31.72	8
33.34	50
31.76	43
34.77	28
33.96	51
38.98	14
31.25	9
34.3	29
35.07	56
31.92	29
32.78	23
31.82	45
33.56	36
32.83	68
33.93	37
32.16	82
34.04	29
33.91	21
32.93	46
32.03	80
34.04	29
31.15	38
33.11	46
33.99	31
32.4	50
34.27	46
34.31	31
31.27	91
31.75	42
34.32	89
31.42	16
33.31	18
33.73	47
33.24	36
35.16	41
34.41	36
31.34	52
34.25	48
37.34	37
35.39	29
35.53	38
35.43	29
34.41	30
32.78	51
32.31	48
32.33	48
36.34	30
34.27	49
34.58	36
33.94	57
34.05	80
33.8	91
34.4	81
33.89	5
39.77	10
34.55	44
36	68
32.91	34
33.75	77
33.47	84
33.48	43
34.19	37
34.2	70
35.2	53
30.9	51
33.99	46
33	84
33.81	35
34.05	13
33.08	45
33.46	43
43.49	22
50.31	30
36.13	66
31.6	31
36.22	25
33.25	81
32.56	49
34.05	29
35.65	79
41.12	61
33.57	63
33.95	9
33.62	90
33.14	30
34.18	36
34.28	84
32.43	55
31.61	78
32.13	26
32.45	51
32.77	40
33.09	34
33.88	43
34.33	11
34.69	37
32.73	56
33.57	29
33.79	16
31.54	86
31.34	45
33.69	61
35.27	40
33.62	48
32.82	65
33.06	48
35.84	12
36.55	38
33.16	92
32.58	91
32.02	29
33.86	20
32.51	76
32.38	73
33.47	44
34.23	36
34.23	43
33.15	40
35.13	44
31.6	51
35.88	35
33.3	43
32.25	48
32.86	36
34.39	11
34.6	12
34.25	51
33.09	29
33.31	31
32.87	51
39.36	64
32.95	4
35.13	43
36.27	46
33.89	84
33.23	50
33.27	73
33.22	84
33.62	46
33.5	81
47	13
34.73	43
32.97	81
34.71	77
35.43	30
36	26
33.92	37
34.29	40
36.99	38
34.32	67
34.3	17
36.08	36
33.13	8
33.73	34
34.78	33
33.32	20
34.6	47
34.6	28
33.04	43
35.9	67
32.55	23
35.08	7
34.59	29
33.73	92
34.86	26
32.4	29
33.66	45
31.12	18
32.01	64
34.59	19
32.86	49
34.04	24
31.81	1
41.98	41
32.26	90
31.16	51
32.47	40
34.49	50
37.94	51
32.45	51
34.17	51
31.21	23
34.51	49
32.53	44
33.12	23
33.99	38
35.7	41
34.95	6
32.64	79
36.08	29
33.7	46
32.97	43
41.02	16
56.45	18
41.56	46
32.9	31
31.43	43
33.09	44
37.85	48
33.36	86
32.15	25
33.44	61
34.8	34
32.46	39
35.39	42
37.42	45
32.76	47
32.99	46
36.15	66
33.45	28
33.06	32
34.15	45
33.41	46
32.79	58
34.19	38
34.25	46
33.06	31
33.91	26
34.45	50
34.57	29
33.57	45
36.46	41
33.75	45
35.08	38
35.52	65
34.26	36
34.7	39
33.96	26
35.89	30
34.16	33
33.89	63
36.13	13
33.48	28
35.01	39
35.76	42
33.01	49
34.65	34
39.9	52
33.21	47
30.49	29
35.73	48
34.21	88
32.39	46
33.33	38
33.48	46
34.91	39
33.53	34
34.49	31
32.21	24
35.14	73
32.43	26
36.96	26
32.88	48
32.87	88
61.07	27
36.73	29
36.23	25
34.84	49
34.17	67
33.97	50
34.26	84
34.23	79
34.19	24
35.92	9
35.06	48
33.17	41
33.53	46
33.13	6
34.55	33
36.26	59
35.79	29
35.2	44
34.84	29
34.27	33
33.12	18
36.91	10
32.71	46
33.16	9
39.98	52
36.89	50
33.4	30
32.62	61
33.93	24
36.29	24
34.37	33
34.05	55
33.66	50
33.29	72
33.44	73
34.14	63
33.87	34
34.2	13
34.33	51
35.25	29
34.98	37
33.81	17
33.62	27
33.91	49
34.74	40
33.11	49
34.62	39
33.97	44
33.46	59
34.2	42
33.83	72
31.54	41
34.34	65
32.26	71
34.74	23
33.3	19
34.11	75
34.12	50
35.75	45
35	35
33.66	32
40.67	68
34.84	44
34.08	89
33.65	43
34.66	60
34.24	26
33.24	85
39.48	53
34.44	38
34.42	75
32.72	51
34.46	34
30.46	7
33.39	33
32.76	50
35.4	41
34.97	45
34.09	38
32.93	50
34.32	34
35.23	7
34.09	70
33.85	13
35.23	7
33.14	50
37.12	18
34.01	84
35.31	29
35.23	7
35.44	40
44.1	35
34.18	88
32.93	67
33.95	56
33.52	60
34.04	35
32.72	77
33.69	59
33.64	77
34.67	22
33.36	86
34.07	51
35.52	38
34.78	40
33.83	22
37.45	39
34.8	25
34.36	34
35.56	40
33.46	48
33.79	74
32.83	78
33.38	51
34.71	56
33.27	14
34.11	48
34.18	54
34.94	65
34.49	65
36.14	40
33.72	72
37.39	29
32.13	29
33.73	42
34.8	11
32.4	49
32.36	48
34.06	62
32.45	76
34.06	28
32.47	39
32.18	7
32.71	58
34.92	60
33.11	18
40.79	52
32.77	42
34.09	31
33.32	43
31.78	36
33.42	74
33.33	40
32.72	46
34.96	50
34.22	52
33.95	71
32.42	92
33.69	91
30.88	12
34.26	88
33.5	39
33.31	45
30.65	16
34.76	55
34.12	81
32.01	36
32.32	68
32.34	49
33.94	30
32.76	33
31.68	47
33.9	34
35.13	35
34.31	61
34.3	24
34.8	24
32.66	46
31.9	47
34.73	37
33.58	40
32.19	50
33.38	40
34.26	46
32.74	24
35.03	92
35.53	8
34.53	51
34.68	47
32.2	43
36.92	46
32.2	48
32.19	33
35.29	44
36.86	49
33.65	3
41.78	61
33.73	50
35.38	34
33.96	32
34.72	32
34.86	14
33.31	6
32.64	49
32.46	47
34.7	29
32.83	45
33.77	38
32.68	9
35.54	26
33.69	24
31.69	6
33.53	44
34.86	14
35.03	12
33.09	43
34.1	24
32.72	90
34.26	29
33.01	37
32.21	4
32.67	67
33.4	35
32.47	47
34.86	29
32.69	48
33.93	49
33.59	49
33.15	48
34.18	32
32.86	49
33.28	51
32.82	44
33.31	36
33.51	24
35.67	65
34.69	29
33.76	33
32.54	71
43.7	52
34.23	50
35.41	84
34.91	28
32.81	51
42.09	18
35.47	70
33.06	21
34.86	39
34.91	47
33.69	37
33.33	92
31.09	21
34.54	28
33.07	45
32.31	33
32.17	32
32.83	32
33.27	90
33.86	36
32.06	42
33.26	19
32.85	61
31.25	50
34.46	48
34.18	88
33.36	17
33.14	25
30.37	31
33.5	46
34.18	12
32.47	50
34.62	27
33.32	92
32.84	13
32.23	50
36.31	33
32.4	51
41.53	52
32.81	12
33.54	37
33.31	36
32.41	41
35.08	18
33.06	30
33.35	39
33.52	47
39.59	59
33.99	78
32.66	89
38.25	15
33.99	28
31.18	39
33.61	47
31.53	51
34.77	43
33.18	38
32.88	6
32.36	27
32.93	12
32.9	21
33.24	74
33.22	48
33.44	88
35.28	29
36.07	32
36.15	21
34.33	47
32.51	49
34.23	60
31.69	44
34.32	42
33.97	24
48.33	39
32.35	27
34.57	33
35.37	35
33.21	73
34.89	29
36.25	42
34.51	38
37.01	40
39.2	48
34.22	29
38.6	31
33.77	34
31.1	48
34.02	50
32.65	36
32.51	2
33.98	35
33.2	51
32.88	44
32.62	71
34.63	26
34.09	89
34.14	30
35.08	38
32.77	74
36.4	43
33.02	53
32.99	36
32.02	42
35	75
34.53	48
35.46	19
35.33	42
34.04	36
33.65	30
32.39	51
33.62	44
42.09	49
35	36
32	51
33.26	47
34.44	49
32.58	29
35.07	18
34.28	39
32.75	34
38.32	13
33.99	11
35.95	19
34.79	28
32.29	34
40.58	47
34.09	29
34.08	45
34.55	28
34.4	79
34.13	9
34.35	40
34.84	48
34.7	42
34.79	44
34.18	86
40.96	67
34.94	85
34.67	32
34.29	41
34.55	29
34.45	45
37.04	36
33.21	55
33.57	49
32.38	42
34.51	66
31.01	2
33.01	89
33.09	46
34.46	21
32.23	23
36.56	16
35.59	22
35.12	34
35.13	42
34.62	33
32.28	46
35.56	32
31.66	42
35.48	75
33.64	82
31.66	45
34.11	41
33.28	49
36.17	38
33.55	21
33.96	33
32.24	5
32.6	27
36.87	39
33	43
34.02	37
32.53	29
33.17	28
33.8	28
34.66	38
31.12	92
32.77	22
33.99	43
33.41	42
32.24	20
35.66	32
49.07	12
33.39	35
34.29	81
35.34	49
38.96	31
35.9	18
35.19	27
51	4
34.43	51
34.25	30
33.18	39
30.57	4
32.46	48
32.53	29
32.46	35
30.8	11
34.01	34
32.33	54
32.13	34
33.92	21
33.21	21
31.31	41
33.1	51
32.32	48
33.88	75
34.85	45
35.31	45
34.56	47
35.13	51
35.9	29
33.27	26
35.07	49
33.55	72
39.47	72
34.96	23
37.34	11
36.18	61
34.09	27
34.16	80
34.04	51
33.25	14
31.84	51
35.2	44
35.43	42
33.01	60
34.61	55
35.12	75
36.1	34
32.46	31
32.65	65
34.57	17
33.73	49
33.71	29
33.3	45
33.37	45
33.74	18
34.79	57
35.2	58
33.35	50
32.79	58
34.53	15
35.93	38
32.36	41
34.08	48
32.57	50
33.57	44
39.9	46
35.26	23
32.94	37
33.46	47
31.13	20
31.27	47
34.59	40
32.43	43
32.87	79
32.21	46
34.2	48
34.19	27
33.86	46
32.42	31
32.72	48
31.8	24
34.4	92
33.51	45
33.93	49
31.33	38
36.62	50
33.56	91
32.67	89
38.08	66
32.7	40
33.26	42
33.33	41
34.39	50
32.53	23
33.88	47
33.14	44
33.88	29
32.19	22
32.73	10
35.41	76
32.08	44
40.31	12
33.07	11
31.33	20
33.7	59
34	15
30.72	19
35.45	20
31.85	51
33.8	38
34.91	46
35.89	46
34.8	13
37.4	42
34.08	92
34.51	62
36.64	8
33.96	17
34.06	15
32.13	31
33.53	38
33.79	49
34.86	87
35.49	33
34.79	43
34.2	26
33.86	33
33.54	53
33.09	18
33.75	57
32.03	80
35.33	39
35.88	30
34.57	24
33.67	48
34.22	51
33.83	35
35.01	38
34.38	51
31.62	23
35.2	3
34.77	74
35.17	67
34.27	88
36.68	47
34.17	80
37.63	38
35.14	30
35.46	33
32.43	28
34	63
34.11	65
33.4	33
32.99	15
33.14	92
30.17	50
34.86	50
33.58	51
34.39	25
33.15	59
34.44	59
33.9	41
34.89	38
35.6	46
33.39	38
32.44	6
34.83	48
33.72	12
32.93	51
36.14	30
48.47	12
32.13	36
34.86	12
35.62	67
34.34	73
45.97	19
33.88	79
33.92	36
32.6	42
33.8	72
33.2	33
35.1	20
34.52	28
33.18	50
54.89	32
33.95	41
37.5	42
33.8	38
32.95	67
39.77	59
32.69	50
33.91	45
32.77	15
33.14	27
32.54	77
33.62	70
33.79	34
31.71	51
34.74	35
39.72	62
36.4	45
35.78	37
31.25	51
33	47
33.1	27
34.86	39
34.4	17
31.98	89
33.95	52
32.27	21
33.33	11
33.62	13
33.63	24
33.24	44
32.68	88
31.77	1
31.38	34
33.45	47
33.51	48
34.77	51
33.22	19
33.22	19
33.56	38
35.82	30
35.6	42
34.49	23
34.79	41
33.84	50
33.51	80
31.87	25
34.29	70
34.39	45
32.47	23
32.85	20
33.33	39
34.42	50
34.27	51
40.34	58
35.62	43
33.51	41
33.42	58
32.27	43
34.91	67
34.19	10
34.72	29
33.7	58
34.7	47
36.07	42
33.49	76
35.06	6
34.81	27
33.19	31
33.84	34
32.94	34
33.88	36
33.84	78
33.93	40
33.82	34
33.5	6
33.97	37
33.54	68
34.15	42
31.52	54
33.65	48
33.34	38
35.83	41
40.66	50
34.07	48
33.36	49
36.02	39
36.89	47
37.23	35
32.59	4
34.5	38
31.46	42
34.85	84
35.69	30
34.41	48
36.36	12
36.29	44
35.05	33
34.64	31
34.28	71
33.22	79
34.37	48
34.32	37
34.53	43
33.97	29
32.36	89
33.92	44
34.93	86
33.38	46
35.48	55
39.28	61
38.6	53
32.13	50
35.19	52
34	46
34.41	46
32.46	49
33.49	48
32.96	44
33.99	35
33.38	44
35.48	42
32.4	48
32.99	83
37.08	38
33.46	37
37.32	11
33.02	75
34.8	4
35.11	49
34.26	42
34.39	30
32.92	14
35.71	31
33.52	91
40.42	48
32.97	76
35.56	33
33.03	44
31.2	24
35.24	44
36.3	39
35.96	42
33.59	76
34.8	51
32.97	77
34.23	50
33.8	41
33	42
36.13	24
35.86	31
33.34	49
32	85
32.42	50
33.53	42
32.66	50
34.33	28
34.11	40
33.85	83
37.66	65
32.86	44
34.56	27
33.53	58
39.83	53
34	13
33.77	92
34.86	34
35.26	51
35.26	77
35	46
36.09	33
36.29	47
33.81	24
35.29	28
33.85	75
35.71	30
34.33	45
34.69	85
34.66	36
34.67	46
33.45	45
35.39	22
32.05	44
35.04	39
34.5	77
34.06	68
34.23	36
33.97	20
32.63	12
33.33	47
34.33	75
33.24	38
30.62	1
38.19	21
35.32	62
33.11	38
34.49	23
40.22	24
32.11	51
34.21	25
33.11	35
33.37	63
32.46	41
32.4	45
33.26	46
34.55	43
32.55	51
34.81	44
32.98	48
33.32	91
34.96	44
34.19	48
31.55	48
33.33	51
33.85	79
38.29	62
33.9	38
33.59	41
32.87	42
32.75	10
33.42	32
35.6	44
32.54	89
33.75	78
35.08	54
31.91	36
32.57	61
34.24	66
33.78	71
32.95	31
35.97	36
34.14	36
33.12	70
34.18	73
35.06	35
31.56	46
32.81	85
30.23	35
33.4	41
33.1	80
34.52	40
34.23	36
33.9	39
32.53	40
32.28	49
35.64	47
35.1	77
34.61	8
35.25	21
35.13	39
31.79	31
32.24	45
31.09	13
32.96	46
33.58	85
34.13	40
33.72	64
34.2	41
36.13	35
33.21	32
33.38	24
33.43	50
33.13	34
33.46	35
33.63	21
32.27	92
33.26	70
42.03	42
35.54	40
34.05	25
32.59	24
35.67	43
32.28	43
32.35	50
39.61	17
37.27	45
42.38	40
33.39	28
33.41	46
36.41	39
32.76	25
32.26	47
32.31	34
32.53	49
33.51	45
33.74	85
33.21	89
32.4	68
32.37	43
31.9	50
32.52	12
33.86	19
32.85	34
34.73	50
36.44	37
36.19	61
34.59	72
34.64	28
33.69	44
33.73	34
58.68	23
33.08	78
33.7	44
34.93	18
34.01	45
33.41	83
36.2	41
34.23	16
36.25	6
35.37	44
39.21	51
36.66	42
34.63	48
32.61	41
38.9	61
30.58	41
31.24	20
30.48	38
33.07	45
33.17	22
33.05	41
34.32	47
33.48	86
36.36	25
35.6	51
41.13	60
32.93	48
38.26	39
34.04	14
35.47	36
34.88	46
32.43	50
37.4	35
34.26	25
32.94	41
33.74	17
32.49	31
33.28	67
33.52	54
31.67	30
32.97	33
39.21	18
31.38	46
32.21	44
32.69	49
32.97	8
33.67	46
40.52	42
31.13	47
32.84	32
34.56	40
33.52	34
32.89	79
33.58	14
31.27	71
35.17	37
32.97	73
34.89	24
32.13	46
34.45	23
33.27	46
33.04	92
31.88	48
34.3	70
31.78	35
34.69	67
32.26	31
36.14	56
32.9	43
33.99	46
32.34	49
32.8	13
42.47	37
32.76	49
33.64	33
35.94	49
32.24	48
35.96	23
36.27	27
39.85	63
34.58	29
36.27	47
33.56	66
30.46	48
34.16	48
32.82	88
34.86	88
36.46	65
34.05	72
33.46	19
34.27	30
34.53	41
32.97	53
34.67	34
34.79	35
32.67	27
43	28
31.54	51
35.58	44
33.63	32
37.68	26
32.35	81
34.09	46
33.33	24
39.76	63
33.79	47
32.59	89
32.11	26
34.21	34
31.43	36
33.12	41
33.12	69
32.5	44
39.14	57
32.87	50
35.73	44
34.26	84
32.7	49
32.65	42
39.96	54
33.56	44
32.99	46
33.92	40
34.2	26
34.87	46
34.04	26
33.29	44
35.14	52
35.33	72
32.62	51
35.1	33
41.09	59
32.08	35
34.89	48
32.51	91
34.26	41
33.08	38
34.29	52
30.47	15
32.61	41
34.17	56
34.12	28
38.94	57
32.99	89
33.59	48
35.44	45
35.02	43
34.3	57
33.69	89
34.36	81
35.28	39
32.89	26
34.73	46
35.76	16
35.71	50
34.13	39
39.2	90
33.51	47
38.4	70
32.26	18
33.49	43
34.5	17
33.21	82
33.35	50
34.14	29
32.75	45
35.19	50
33.39	50
34.04	66
34.05	66
33.18	15
34.68	40
32.61	40
34.04	21
32.06	46
34.03	66
34.07	76
30.86	36
33.13	28
37.13	47
32.18	43
33.76	81
32.09	50
35.17	36
33.73	50
31.78	38
34.38	32
34.44	45
33.26	43
31.5	56
35.1	44
34.38	50
31.91	27
34.86	49
32.75	55
32.35	50
33.89	47
32.8	91
34.45	71
34.14	46
31.94	41
34.11	78
35.78	28
33.04	46
34.53	43
33.3	71
33.8	40
34.34	50
33.24	50
35.47	39
35.37	49
35.66	48
35.39	20
35.29	47
32.88	89
32.42	50
35.43	36
33.67	13
39.95	71
35.48	35
32.57	37
32.4	50
33.34	86
40.13	44
33.26	42
32.51	78
34.86	51
33.92	55
32.4	46
34.61	21
33	91
32.77	35
32.11	21
34.3	25
33.27	38
32.02	26
38.33	33
33.35	69
35.67	55
37.76	30
33.89	66
33.92	71
34.92	16
38.12	23
35.17	63
35.26	36
35.08	16
35.53	38
33.05	51
34.29	4
34.45	49
34.47	51
33.39	43
36.6	16
33.1	36
33.4	44
33.48	47
33.02	38
33.39	48
31.72	24
33.4	30
34.52	29
32.91	46
33.72	30
34.1	27
33.97	46
32.81	45
34.25	42
31.97	71
32.81	45
34.25	42
31.97	71
36.67	37
34.8	73
34.09	71
33.66	43
33.57	45
34.78	91
35.17	13
34.27	46
35.56	65
34.04	39
32.85	36
34.12	10
33.08	29
33.1	44
32.94	31
54.7	9
36.73	25
33.33	14
33.76	42
32.37	51
33.66	28
33.72	81
34.05	77
33.41	64
32.73	86
31.42	50
35.49	41
33.92	90
32.5	34
34.25	37
33.45	24
35.83	13
35.97	44
35.04	40
32.93	51
32.87	57
33.99	22
33.73	66
37.26	41
34.72	26
31.79	28
31.13	80
34.8	25
31.77	50
33.14	32
34.71	36
33.98	4
32.17	19
33.57	38
31.62	4
31.51	15
33.73	91
32.58	33
34.73	43
33	21
35.06	50
31.82	30
34.28	22
36.98	72
33.31	91
34.25	34
32.85	45
33	83
34.59	21
33.8	49
32.84	17
32.32	81
32.03	2
32.46	81
32.93	50
33.6	80
32.52	53
31.02	56
34.32	39
33.01	51
31.08	56
32.89	56
35.99	71
32.3	50
32.4	51
32.28	51
34.61	38
31.23	56
33.53	53
35.79	50
34.13	39
33.02	49
34.4	53
33.99	55
31.42	55
33.05	52
34.13	39
35.1	30
34.15	72
33.54	40
37.08	33
33	49
33.8	43
35.26	47
33.72	47
33.12	48
33.27	81
35.2	53
33.44	41
36.5	33
34.08	63
33.15	57
30.67	55
34.81	55
34.14	45
31.13	41
34.17	76
34.84	34
32.56	113
32.39	109
33.99	55
33.98	49
33	52
33.57	54
32.19	46
34.22	53
35.1	52
30.91	46
32.69	51
34.13	39
33.16	39
33.4	40
33.52	89
34.33	49
33.27	51
32.52	55
33.4	50
33.92	37
33.15	45
34.55	37
33.33	52
35.33	48
34.38	49
34.78	55
35.02	35
31.77	107
33.26	30
32.05	57
33.56	45
33.85	91
34.22	54
32.93	37
32.76	44
33.43	84
35.22	41
30.95	56
32.52	105
35.12	41
32.42	57
33.57	16
34.25	52
36.28	49
36.28	49
35.21	47
32.2	48
36.16	34
33.7	49
35.18	67
32.63	99
36	66
34.51	76
34.01	71
33.46	47
32.6	48
34.72	51
32.8	49
36.56	26
36.36	33
33.33	37
33.33	37
32.97	27
33.33	37
33.33	37
33.33	37
33.33	37
33.33	37
35.8	53
32.73	115
35.58	35
33.3	103
30.86	50
33.52	20
34.34	48
33.55	54
34.06	46
32.93	50
34.18	28
34.5	49
33.33	37
33.33	37
34.15	108
33.84	56
34.15	38
31.48	52
32.22	57
35.8	53
32.95	99
32.46	54
33.45	86
33.83	45
33.52	39
34.65	74
34.51	61
32.86	79
34.68	33
33.39	47
31.39	25
31.98	54
31.45	111
33.53	54
32.97	63
34.64	27
32.88	18
34.85	72
33.81	28
34.46	57
33.51	21
33.76	46
35.3	27
32.45	50
31.84	112
35.66	33
33.34	49
34.1	38
32.3	50
33.22	79
31.94	87
33.74	61
33.1	83
33.82	87
35.69	47
31.83	111
34.97	84
32.93	105
33.48	94
30.25	54
35.51	82
35.06	43
31.37	21
33.99	15
32.51	31
33.56	27
33.6	30
33.4	43
32.63	45
33.72	93
34.06	22
34.05	41
33.45	38
32.11	53
33.51	43
34.85	31
34.72	47
34.02	51
32	53
34.2	64
32.51	102
36.07	84
34.23	2
33.25	82
30.78	29
33.43	66
33.12	81
35.06	58
32.94	71
33.17	41
35.18	38
32.53	108
34.53	17
32.22	50
33.65	29
35.71	49
32.82	69
32.55	90
30.82	57
30.77	57
31.3	57
31.96	52
33.1	30
34.03	20
32.63	90
33.06	90
33.52	63
33.7	56
32.64	48
32.7	46
33	70
35.24	38
31.27	24
34.09	26
31.94	51
34.25	90
31.01	45
32.86	37
31.28	49
34.8	53
32.46	22
32.46	22
34.11	110
34.44	47
33.82	107
33.63	79
34.56	27
33.3	77
33.06	34
33.11	44
34.1	56
34.3	31
33.6	35
32.85	39
32.37	84
34.19	32
31.28	53
33.83	39
34.57	39
33.3	46
35	16
33.68	9
34.3	48
32.54	107
33.5	24
33.28	55
33.61	37
33.32	52
33.25	39
33.28	43
33.92	95
34.83	81
33.04	43
30.44	57
32.24	87
37.26	36
32.44	55
33.5	23
34.92	77
