sim	len_diff
34.25	208
34.69	223
33.15	250
33.36	248
33.52	248
32.56	257
33.18	244
34.05	230
33.83	261
34.42	264
38.15	27
33.65	259
33.83	247
37.54	29
32.85	184
32.71	259
41.06	36
33.81	239
34.14	261
34.15	158
36.3	40
34.42	245
32.88	244
32.56	269
33.15	227
35.16	112
33.15	245
34.07	218
34.94	148
38.08	23
37.4	27
41.45	64
33.15	237
33.83	264
33.24	265
33.31	255
34.22	193
34.7	213
32.22	234
32.83	238
37.56	11
33.29	250
33.57	255
33.66	265
32.86	266
33.2	238
33.7	264
33.02	265
34.87	222
34.02	244
32.27	254
32.27	254
40.49	61
42.48	17
33.65	243
42.9	8
42.83	10
42.6	11
33.63	265
32.73	213
33.88	221
32.85	262
38.02	22
32.85	222
33.48	203
33.48	203
42.62	5
41.78	7
42.91	6
33.92	226
33.77	243
33.44	259
37.54	5
33.56	264
31.48	265
34.19	166
35.26	179
42.72	30
39.27	31
32.99	238
34.26	193
33.2	222
34.05	195
33.19	256
33.28	241
40.48	43
33.16	262
34.75	121
33.47	258
32.94	262
35.24	182
33.67	264
34.77	111
34.35	146
33.24	267
34.02	259
38.82	105
34.14	225
33.53	365
33.18	269
34.85	240
34.68	225
32.17	265
34.48	264
38.64	18
35.59	215
34.53	128
39.04	15
33.96	210
34.9	188
33.94	232
33.99	256
34.66	207
33.26	266
33.88	263
35.2	191
34.64	232
35.53	214
33.56	106
32.62	266
34.68	252
39.34	41
34.13	244
32.87	253
34.45	244
39.8	37
34.33	256
34.44	242
33.14	262
33.4	241
41.14	21
33.04	241
32.98	241
43.67	14
42.37	29
33.95	209
33.26	263
42.39	32
31.86	257
31.86	257
34.01	159
43.73	14
34.11	259
39.98	2
33.65	264
33.69	250
33.88	161
34.57	128
33.24	260
32.25	258
33.05	241
33.01	241
33.96	233
43.29	13
34.72	205
32.94	241
42.05	30
34.79	188
33.17	239
33.59	263
33.59	263
33.59	263
40.79	58
33.61	223
38.59	25
33.74	230
33.56	250
32	268
39.4	7
33.51	263
34.36	187
34.17	213
34.56	179
32.27	268
33.38	255
33.14	263
42.53	16
34.66	198
32.5	252
33.23	203
34.01	248
33.91	186
33.76	264
34.18	164
33.61	195
34.23	197
33.47	215
33.35	251
33.63	101
34.11	208
33.03	252
34.37	219
34.07	214
34.3	248
34.31	250
33.2	252
39.24	26
34.08	210
31.34	23
34.58	232
34.51	161
33.42	264
33.91	259
34.13	256
33.97	246
39.39	40
32.49	255
34	246
34.7	254
34.01	259
32.77	253
33.85	230
33.03	250
33.86	269
33.32	251
37.56	11
36.46	45
32.94	260
33.79	196
33.43	249
34	152
32.71	254
33.65	208
33.86	259
42.18	43
33.31	260
32.71	267
33.98	130
33.2	242
33.26	245
32.13	265
32.93	258
33.72	255
41.83	27
33.17	256
33.89	138
33.04	269
33.82	336
33.27	194
32.75	264
37.51	16
33.16	256
32.79	206
40.3	11
33.29	255
41.9	23
42.74	24
43.71	9
42.21	24
33.11	202
32.4	256
33.71	266
32.93	253
32.55	214
32.94	243
33.2	239
33.63	207
32.16	259
39.73	193
34.07	223
40.13	145
33.4	231
43.44	12
32.18	268
35.83	308
32.17	261
32.94	262
33.5	147
33.12	268
33.27	197
34.72	248
41.77	33
33.6	244
34.66	241
34.05	264
33.54	269
33.81	210
33.44	265
40.27	51
33.99	171
33.89	259
34.62	100
34.28	239
40.93	37
34.14	261
34.89	199
33.65	265
34.07	247
37.69	29
34.04	195
33.26	263
41.03	34
33.85	188
34.43	257
34.26	242
32.28	266
36.95	23
32.43	268
34.41	249
33.1	99
34.76	215
33.97	249
34.9	216
33.8	228
33.52	238
43.26	19
33.6	241
35.69	201
34.66	225
34.42	217
34.76	230
34.36	181
33.86	248
32.87	247
32.72	261
33.74	250
34.05	249
34.97	137
33.82	266
33.16	248
34.29	204
33.34	265
32.39	269
33.74	248
34.04	255
33.65	257
37.93	52
43.1	38
43.31	58
35.15	223
34.26	253
35.6	204
36.49	203
32.87	250
32.74	251
33.16	47
33.94	258
34.69	200
33.55	267
35.02	195
33.22	254
33.64	225
33.8	262
33.85	223
41.72	39
43.05	11
41.24	40
33.94	232
41.87	35
32.75	268
33.89	200
33.78	225
34.16	106
33.64	216
33.35	230
33.65	214
33.6	219
34.04	207
32.01	8
33.64	188
34.6	123
36.15	201
34.79	230
35.18	226
34.77	238
34.67	211
35.97	195
36.14	31
35.02	186
39.47	10
33.75	171
33.38	150
34.93	202
33.3	199
34.01	81
33.75	239
34.11	220
33.63	152
34.51	199
34.05	221
33.88	220
33.51	222
33.25	99
33.6	231
35.03	174
34.4	216
33.92	217
34.17	212
33.61	102
31.53	49
45.79	2
35.32	191
34.83	205
34.06	235
40.11	10
42.34	31
35	196
35.35	216
35.92	193
35.36	211
34.71	237
35.13	221
35.56	218
52.21	24
34.95	219
36.44	2
34.11	211
40.94	1
42.23	40
44.32	44
34.43	168
33.31	381
34.2	112
34.41	154
33	238
32.77	235
36.11	71
33.32	203
34.64	150
32.83	227
33.56	221
34.19	176
34.04	209
34.85	206
33.81	233
32.69	64
34.06	230
33.43	97
32.88	239
35.03	118
35.61	236
35.53	178
37.16	63
37.01	100
34.65	222
34.7	175
34.38	177
41.88	32
40.56	30
34.73	227
35.04	234
34.99	217
42.18	39
39.43	27
42.45	43
37.37	11
35.55	206
34.91	235
37.3	36
34.77	231
38.99	32
41.98	18
43.48	31
38.46	12
33.36	108
40.97	37
34.55	220
34.23	229
35.16	154
34.33	212
38.47	31
34.61	183
38.73	12
35.1	184
34.13	60
40.13	33
34.92	96
35.34	212
34.49	184
35.01	193
32.98	238
34.2	208
34.43	214
34.15	165
33.35	102
34.82	215
34.05	237
36.22	90
41.09	26
34.4	217
34.55	130
34.61	181
34.05	321
34.99	205
34.04	218
34.17	172
33.19	117
33.64	208
33.98	107
34.27	226
35.96	204
33.97	212
33.35	236
34.72	234
35.3	171
35.03	172
34.95	217
34.03	191
35.67	166
40.09	27
33.83	231
34	224
33.21	289
33.91	227
33.61	224
34.58	205
33.07	175
34.05	188
34.04	234
34.23	154
35.15	84
34.74	226
38.84	180
44.89	27
34.94	231
34.31	177
34.18	234
40.51	24
38.77	20
35.15	166
38.58	19
34.75	211
40.86	24
42.53	22
41.11	32
34.51	213
35.33	201
53.81	1
54.01	2
42.74	33
33.78	192
34.29	152
34.74	235
33.72	108
33.62	162
35.24	200
32.58	233
33.09	138
33.52	153
32	228
35.09	145
35.47	215
35.08	202
35.34	141
34.41	238
34.8	233
34.84	236
35.34	225
35.28	217
34.49	82
34.9	213
35.24	175
38.61	56
34.15	239
33.68	236
33.88	229
41.8	25
56.46	2
38.25	106
35.43	198
36.65	95
34.73	111
34.56	206
33.8	198
35.05	215
33.87	194
34.45	203
33.93	237
34.94	181
34.3	203
34.41	237
39.19	32
42.11	60
34.42	238
41	21
34.92	227
40.06	20
41.41	34
40.44	29
55.03	0
34.29	102
33.97	167
33.15	208
34.11	188
33.69	100
34.75	194
34.61	146
33.4	232
33.29	207
33.56	149
44.57	36
35.02	238
41.35	9
42.3	42
42.11	45
35.36	142
53.66	13
40.98	36
35.31	223
42.38	13
37.18	90
34.52	185
34.63	239
33.74	230
40.46	32
34.87	232
38.9	47
34.69	215
35.67	179
35.64	137
34.38	182
34.42	215
34.27	226
40.89	9
35.89	200
41.94	20
38.82	4
34.25	198
43.41	4
34.35	229
40.5	27
34.03	225
36.38	114
34.21	226
34.66	164
38.41	28
40.66	47
41.78	34
33.76	188
46.05	13
34.16	186
33.75	204
34.16	171
34.35	232
33.8	204
33.86	235
34.88	238
32.58	207
34.27	168
33.12	212
34.69	209
41.57	9
43.97	24
44.05	54
41.05	44
34.65	227
36.12	173
38.71	9
39.76	27
53.6	9
35.91	206
54.61	2
34.36	233
42.17	25
42.43	30
37.38	6
36.35	123
35.28	216
40.29	12
35.21	163
55.34	1
41.59	38
42.65	24
42.73	37
34.9	217
36.33	210
35.05	234
37.91	165
36.1	160
39.52	41
33.05	239
34.32	231
33.11	230
34.75	174
34.53	155
33.94	233
33.46	164
33.62	350
33.3	219
33.65	237
33.85	207
35.02	193
35.6	210
35.31	134
34.4	232
34.48	217
33.46	170
35.39	140
35.88	92
34.02	239
34.05	151
33.99	176
33.46	211
32.99	222
33.58	137
32.74	132
34.35	207
31.7	59
33.16	205
33.17	205
34.93	182
35.21	180
34.88	137
34.87	189
33.86	220
34.22	209
34.41	193
35.14	193
34.62	228
34.24	236
35.93	114
34.48	85
35.9	114
35.77	171
35.27	233
55.61	3
34.44	93
34.64	212
43.41	19
35.98	105
33.79	223
33.76	202
33.53	224
33.79	181
34.27	184
32.89	99
33.8	182
33.48	184
33.84	248
34.43	220
32.64	218
34.55	213
33.27	205
35.17	181
33.46	230
34.34	233
33.4	366
34.02	115
34.77	156
33.96	179
33.59	199
32.36	229
33.87	206
34.56	175
34.34	211
34.45	219
33.55	193
32.93	79
33.37	230
36.52	146
36.28	190
35.51	200
34.13	191
35.49	208
42.25	34
36.45	183
34.49	227
35.37	228
33.79	204
32.61	26
33.2	183
33.16	181
33.45	177
34.08	239
33.48	381
32.66	227
34.14	207
33.74	205
30.88	11
33.53	218
34.26	233
34.68	229
33.7	230
34.81	176
34.32	232
34.17	236
34.64	131
33.78	235
32.79	59
34.89	221
34.59	103
33.78	215
34.64	228
35.1	218
34.28	224
30.1	0
34.91	202
34.57	113
34.72	219
35.44	137
34.05	117
33.95	99
35.35	120
34.71	203
34.36	201
35.24	205
35.13	163
35.18	190
35.02	221
34.03	374
34.58	209
33.23	193
33.73	237
33.42	233
34.11	195
34.29	198
33.95	134
33.31	213
32.8	344
32.94	228
33.61	196
35.62	102
34.13	238
33.41	118
34.41	217
34.21	228
38.1	68
33.82	229
34.18	230
35.39	191
35.17	195
35.08	183
35.69	204
35.64	174
33.92	226
35.43	136
35.73	190
35.57	220
35.58	218
34.7	221
35.01	207
34.4	195
33.44	233
34.92	217
34.76	202
34.85	223
34.36	222
35.45	169
33.62	206
34.33	230
33.93	239
39.14	47
33.85	206
33.43	191
34.36	201
33.77	119
34.81	35
34.81	146
34.2	225
33.4	205
40.86	43
34.74	193
34.36	220
34.25	215
44.38	17
34.26	201
33.65	225
34.3	234
34.59	227
36.6	104
35.05	156
35.33	169
34.27	224
39.62	44
43.58	10
39.13	9
36.91	41
33.84	131
38.67	68
36.34	83
39.47	34
40.68	45
34.13	225
34.75	237
45.66	4
35.52	219
34.52	237
34.47	234
35.78	225
35.49	172
34.43	214
43.92	18
41.01	20
40.01	69
39.59	0
38.18	40
39.47	15
41.58	18
35.08	234
40.19	24
39.48	29
33.3	51
34.27	157
34.5	204
33.73	99
33.53	234
37.17	37
34.67	216
33.34	174
35.73	182
34.35	167
35.39	162
33.62	71
33.97	206
34.48	225
35	215
38.78	8
34.53	226
36.21	12
34.72	239
53.66	0
34.51	201
41.63	16
34.49	200
34.08	87
34.66	207
35.4	149
34.84	234
39.1	29
40.8	38
39.27	30
34.62	140
41.52	16
34.3	208
34.01	123
33.89	211
40.8	41
34.43	229
33.79	226
34.88	182
33.37	237
40	5
34.59	229
34.12	132
33.64	215
34.67	222
33.74	207
34.06	225
33.43	114
34.29	105
33.79	238
32.79	123
34.89	209
34.33	149
34.66	125
34.49	131
33.87	216
34.61	164
34.04	193
34.76	111
33.53	193
34.41	220
34.92	161
34.96	186
33.96	89
34.17	229
34.12	390
33.38	229
34.03	197
34.04	205
46.72	24
37.44	17
42.53	34
35.42	209
41.74	54
33.9	228
40.83	16
37.56	10
36.8	109
53.42	6
39.72	0
34.51	212
55.21	1
42.17	28
40.02	5
39.18	14
43.02	28
42.77	49
42.68	25
45.84	8
34.02	209
32.58	231
33.7	224
33.23	234
34.03	111
33.4	230
34.3	159
35.13	120
34.7	219
34.43	235
34.05	115
35.33	214
39.57	27
34.7	176
55.31	3
43.44	45
33.98	201
39.64	6
33.73	234
33.77	214
34.9	208
35.21	166
34.69	157
33.86	236
33.88	200
40.2	15
34.59	224
34.35	213
33.22	235
33.37	201
33.32	224
34.68	174
34.02	223
34.49	219
34.04	235
33.93	222
33.55	185
54.42	4
30.24	25
34.42	225
34.47	182
34.44	110
34.9	154
34.03	217
34.16	231
37	19
34.1	120
34.33	235
38.86	29
34.92	103
33.41	158
34.41	208
34.28	154
32.6	24
35.09	196
34.21	116
41.81	42
39.02	28
33.49	214
34.57	192
34.52	182
34.13	227
34.36	304
33.41	196
35.74	29
34.63	209
33.25	234
33.76	239
34.92	226
34.72	217
32.66	159
33.81	227
32.9	234
33.99	212
33.66	88
33.58	126
32.87	203
32.88	236
39.42	14
33.17	231
33.83	227
34.33	220
33.87	236
34.6	194
34.13	201
35.06	208
33.95	184
33.69	163
34.09	107
33.45	129
47.96	36
34.39	232
35.97	178
34.37	213
35.15	230
34.61	193
33.48	82
38.52	29
34.53	234
34.53	202
34	211
34.68	152
32.91	81
36.8	118
34.85	224
34.15	216
34.05	148
35.5	205
32.9	44
33.39	127
35.64	193
34.96	238
39.56	44
35.16	163
41.98	20
35	190
34.75	212
34.38	174
35.75	213
34.8	218
34.73	154
34.21	197
47.61	23
34.85	157
38.29	1
34.21	237
44.12	18
39.2	14
34.78	212
34.33	173
33.87	113
32.97	220
33.16	223
34.43	194
34.03	235
44.21	3
33.54	180
32.32	133
34.19	177
32.89	105
34.94	208
34.39	158
37.86	1
35.25	112
34.16	231
33.97	220
34.21	216
36.92	62
34.07	154
34.85	231
41.76	13
42.78	20
44.49	34
34.75	195
42.3	57
34.23	203
57.43	8
35.46	227
34.92	150
41.45	20
34.23	215
32.81	208
34.84	163
33.78	224
34.37	231
33.72	224
35.1	202
33.4	183
33.17	238
33.94	185
39.22	2
43.12	23
41.55	55
33.96	228
53.97	0
41.84	24
33.75	230
42.41	32
41.36	40
45.33	9
34.61	216
39.15	24
39.2	26
33.69	239
35.41	235
34.25	227
43.13	17
34.25	227
33.68	65
60.1	2
34.02	237
59.4	10
41.39	46
34.09	133
40.97	37
39.93	68
40.48	10
53.16	1
42.82	21
35.62	5
34.14	196
35.38	209
41.26	13
37.3	45
33.74	237
34.31	179
33.72	228
33.56	230
33.35	227
34.2	72
34.55	171
35.27	226
34.44	232
37.73	97
33.95	194
34.54	167
34.26	224
34.13	59
35.53	139
34.65	235
33.08	137
33.71	217
33.51	141
34.9	156
35.56	164
33.23	98
33.95	206
33.73	160
34.51	228
33.57	234
33.85	230
34.12	172
34.32	220
33.4	223
34.51	171
33.87	199
35.05	238
34.92	228
33.2	232
34.26	195
34.52	233
34.56	227
35.6	196
34.99	193
35.97	236
33.88	235
35.16	196
34.71	212
34.53	156
35.38	210
35.11	186
32.82	31
35.64	174
36.9	85
35.02	232
35.22	237
34.55	210
34.74	218
34.17	156
34.59	137
34.77	215
35.02	186
42.56	19
40.88	19
41.57	45
34.77	156
34.89	239
43.02	27
35.29	222
42.35	18
33.81	201
35.54	108
40.32	39
37.66	24
34.15	191
37.08	20
34.84	126
38.87	15
40.09	15
33.33	162
38.98	17
33.86	194
33.7	211
33.61	202
35.19	217
35.08	222
34.18	203
34.28	175
35.03	211
33.36	213
34.24	103
34.97	232
35.63	121
33.87	221
34.56	213
35.36	212
34.69	224
33.55	193
34.43	86
33.37	228
34.54	216
34.65	213
41.51	29
34.47	220
35.69	201
34.46	219
53.13	6
35.69	225
35.88	203
34.5	191
35.7	27
33.01	231
34.57	175
34.39	198
35.3	127
33.86	117
34.51	121
33.44	70
34.1	88
33.41	158
34.17	208
33.42	101
32.61	77
34.57	152
33.29	223
33.91	133
34.18	204
33.99	213
34.2	162
33.48	188
34.89	205
35.55	207
34.76	203
33.89	237
35.02	236
55.9	3
43.82	40
41.95	12
39.37	39
35.2	144
34.03	147
35.44	159
34.83	27
33.34	212
35.32	192
35.61	211
40.58	23
33.23	173
40.4	86
36.03	168
34.18	186
34.29	124
34.76	144
34.96	148
33.81	116
33.97	224
33.78	234
33.62	238
34.29	235
32.62	216
33.33	235
33.58	221
34.59	224
33.18	78
33.77	175
34.26	196
34.25	222
34.88	202
34.71	206
34.98	121
52.91	4
34.22	199
40.04	35
34.8	146
39.64	7
42.44	24
39.77	10
39.97	9
35.38	225
37.92	64
34.8	132
40.53	18
34.11	121
33.92	238
35.17	138
33.64	153
34.58	229
33.47	224
33.85	160
34.55	170
47.73	43
34.38	239
35.65	217
35.27	232
36	190
35.18	214
34.73	186
38.85	31
37.94	163
35.11	225
34	205
34.38	231
36.13	166
34.77	213
32.09	7
34.48	238
35.17	185
34.04	230
35.45	232
34.29	232
34.28	142
34.15	207
33.88	232
34.55	225
34.18	210
34.28	207
34.56	206
34.97	173
34.13	212
34.51	222
34.63	125
33.86	228
34	203
33.45	141
33.58	220
34.63	125
34.26	216
34	231
33.53	138
34.37	189
33.78	219
33.87	237
34.6	192
35.11	176
34.42	221
51.15	6
35.49	107
32.75	66
34.51	152
34.55	156
32.79	70
33.87	168
33.33	129
33.62	208
33.05	200
32.94	237
33.91	148
33.24	235
33.63	106
34.93	175
33.92	222
33.66	179
34.7	185
34.29	193
33.7	208
34.44	198
33.18	238
33.63	213
34.04	227
33.02	188
33.6	186
33.81	156
34.43	145
34.15	180
33.68	197
34.29	158
34.28	149
34.64	150
34.88	151
34.05	155
37.52	13
34.83	122
41.2	10
34.57	184
34.41	204
49.76	9
35.11	206
35.36	198
33.72	232
34.87	188
34.55	235
35.24	224
34.44	224
34.7	230
35.17	136
35.23	130
35.48	190
34.35	188
35.09	105
35.07	238
33.84	94
34.29	226
34.23	211
34.97	159
39.83	22
36.86	0
35.41	155
34.86	110
50.59	9
34.05	205
34.18	143
38.02	33
35.27	136
37.84	29
37.48	3
43.07	13
39.08	69
34.43	209
50.92	16
34.36	237
33.74	225
33.81	218
41.01	5
33.93	182
33.07	235
34.52	220
33.34	197
33.82	236
33.89	199
33.83	155
39.26	107
53.38	2
34.35	167
38.06	9
35.03	140
34.36	149
34.42	192
34.88	228
40.74	29
34.53	193
40.08	26
35.01	218
34.91	234
36.16	144
40.74	7
34.87	235
34.73	121
35.9	90
34.61	211
35.23	158
34.32	206
33.67	228
33.85	199
34.09	127
33.91	211
34.15	235
33.57	98
33.85	153
35.35	201
33.84	229
42.76	40
43.23	54
43.51	36
39.39	5
35.45	179
40.28	40
54.31	19
41.82	50
35.33	183
34.52	231
35.55	207
33.41	173
32.97	219
34.23	147
34.41	210
34.7	140
34.8	190
33.97	109
33.4	226
34.22	148
34.89	223
34.23	233
36.87	166
35.06	223
34.71	194
35.31	200
34.74	224
33.94	238
34.45	235
34.8	233
34.03	230
33.82	226
34.01	234
34.5	218
50.41	11
34.44	219
35.39	181
34.65	194
35.07	187
34.8	232
34.29	232
32.12	90
33.4	230
33.69	212
33.58	233
33.65	108
33.52	96
33.74	170
34.29	202
32.99	92
53.1	2
33.79	80
38.73	36
37.64	210
40.9	24
33.77	235
37.96	14
38.61	5
42.39	39
34.73	135
33.41	228
34.43	197
34.29	140
37.65	6
34.41	123
33.42	128
34.86	143
33.65	168
33.98	181
33.91	140
43.54	29
35.1	116
36.1	207
40.42	19
35.73	167
34.92	205
42.25	13
35.3	229
39.88	36
41.36	22
36.06	175
34.72	210
34.71	202
34.89	200
34.2	209
34.96	221
36.02	175
36.09	234
35.77	208
34.96	206
34.17	238
37.16	58
34.65	197
35.37	150
35.74	176
42.39	30
35.92	176
33.71	129
42.72	20
35.08	231
35.99	223
34.83	204
34.76	211
34.57	238
39.14	35
34.78	228
35.08	220
35.51	232
34.52	226
34.72	159
34.53	205
34.84	226
34.32	224
40.26	37
35.33	203
34.99	103
34.74	229
39.18	22
32.79	36
34.93	215
35.37	135
34.02	235
39.46	14
35.23	197
35.04	236
36.11	140
35.64	199
35.8	196
35.58	198
35.12	236
34.87	214
42.5	48
34.74	183
50.5	2
34.72	201
34.41	235
34.37	239
35.33	159
35.15	204
34.21	233
34.09	134
34.42	126
35.54	172
34.63	203
35.04	226
33.57	234
35.06	87
35.17	175
33.95	228
34.58	204
33.88	225
35.71	173
34.82	216
35.48	187
35.07	188
36.11	171
34.91	229
34.79	191
36.15	204
35.49	205
32.75	234
34.09	203
33.39	216
34.26	283
33.92	237
34.94	232
34.09	229
34.44	161
33.83	166
34.7	165
34	100
33.91	183
33.94	232
35.34	193
34.04	69
33.17	210
35	156
33.77	238
33.46	222
33.37	101
34.41	239
34.83	199
42.27	37
38.1	34
36.49	35
34.23	208
35.1	161
34.24	146
34.4	234
40.27	22
34.56	173
34.34	204
34.32	215
34.53	203
34.93	137
34.66	236
34.81	149
34.15	171
32.68	85
34.19	194
35.13	233
37.89	146
35.46	98
36.19	156
35.12	154
41.72	6
43.57	39
35.31	211
35.96	188
35.1	232
40.22	1
42.99	30
39.01	12
35.13	200
53.02	12
39.5	13
35.71	159
33	35
34.76	231
34.88	157
34.64	103
34.81	220
42.78	38
34.44	112
35.18	189
38.38	68
34.3	225
51.12	7
34.84	216
35.38	208
54.36	1
34.5	220
39.16	21
34.1	238
33.11	224
37.23	9
33.84	179
32.9	218
40.04	27
46.31	9
34.69	214
34.58	233
34.72	226
35.49	193
34.26	101
35.97	202
34.36	239
35.32	207
34.78	228
34.87	220
33.93	235
34.53	164
34.23	229
34.94	237
35.04	215
35.22	173
35.28	175
34.55	234
34.72	93
34.29	236
36.55	0
34.71	210
39.72	12
41.52	59
41.01	48
44.43	36
40.51	30
54.45	3
39.73	13
38.13	7
35.14	170
49.6	9
37.47	85
39.82	38
42.84	14
41.42	10
38.83	11
38.06	212
39.48	39
39.04	38
36.56	67
35.42	213
34.26	236
34.94	223
37.46	48
34.71	233
38.13	155
34.28	228
34.87	194
39.89	23
35.53	223
40.75	17
34.41	239
37.64	176
43.82	38
39.27	43
41.32	7
33.82	236
41.14	27
54.25	2
50.06	9
34.65	224
39.6	15
56.2	11
54.31	16
43.87	28
34.93	131
35.2	155
34.77	160
34.62	114
40.68	19
36.49	212
35.18	215
34.94	222
53.44	2
34.49	213
34.66	222
35.1	145
33.67	234
42.55	57
33.83	332
33.85	236
34.16	220
35.25	119
40.2	45
34.28	174
34.6	138
32.46	90
34.51	207
33.98	132
34.57	202
34.86	103
34.6	218
35.54	151
32.43	39
33.98	122
35.91	195
34.37	192
35.66	149
34.84	218
35	165
33.18	53
35.3	195
34.28	215
33.75	228
36.18	146
34.06	182
32.79	97
34.3	304
38.6	32
33.61	161
34.87	179
34.06	132
33.62	211
33.86	115
34.1	141
33.67	228
35.01	194
33.84	191
34.14	229
34.85	238
34.14	239
34.02	239
41.16	29
33.87	214
34.19	118
36.93	123
33.19	194
33.69	227
35.08	159
34.77	5
54.02	4
34.48	231
39.04	14
34.48	146
35.74	238
34.93	238
43.52	36
41.67	32
35.18	201
33.25	190
39.7	9
39.12	22
34.1	211
35.17	232
34.66	192
34.25	233
38.42	3
34.28	177
35.45	218
40.85	7
36.83	109
33.07	234
34.48	235
54.36	1
42.66	26
37.59	25
38.66	12
34.78	228
33.81	217
35.01	237
41.94	54
34.44	236
34.8	213
40.76	21
39.94	22
54.06	19
37.65	7
34.24	238
34.76	207
34.34	188
41.06	44
33.86	238
33.05	231
33.6	212
33.62	204
34.41	232
33.98	207
34.17	147
33.55	233
33.95	178
33.87	210
34.55	227
39.7	7
39.6	9
40.47	4
39.17	17
50.17	7
35.15	208
36.57	108
34.66	218
34.45	121
35.28	185
35	163
34.65	106
34.71	169
35.04	87
35.62	165
35	166
36.2	151
33.49	77
34.41	178
42.07	70
33.21	131
33.9	221
35.43	201
33.84	164
32.85	227
37.32	14
33.63	109
34.59	134
34.27	205
35.09	147
34.62	215
34.84	177
37.18	18
34.07	204
35.69	177
35.15	183
34.98	210
34.35	221
34.35	236
34.17	225
34.46	230
34.28	196
41.34	24
33.32	202
33.93	233
37.3	25
34.17	165
33.86	222
34.22	191
33.57	239
34.71	176
33.91	105
34.67	203
34.92	142
35.09	236
35.12	159
33.31	119
34.07	219
33.71	237
34.19	203
34.55	171
34.57	233
33.72	236
33.94	235
33.41	237
34.18	173
34.93	158
34.09	73
34.3	65
33.48	229
34.72	136
33.89	113
34.34	185
34.34	199
33.82	225
34.04	121
34.95	217
33.76	198
34.39	216
34.6	222
37.24	61
34.48	205
33.09	30
34.37	227
34.65	208
34.95	126
33.76	184
33.58	234
35.39	174
35.64	178
36.7	210
35.05	198
36.21	208
57.63	9
40.28	43
36.38	218
37.34	34
33.56	176
40.25	30
33.8	225
34.44	220
45.97	3
40.78	22
41.25	51
34.01	218
33.9	176
33.14	224
38.22	29
35.64	199
34.51	214
33.79	207
34.94	230
34.07	191
35.02	222
38.81	31
34.93	222
39.87	7
40.01	4
39.52	24
33.05	84
33.44	224
35.2	142
39.65	8
44.65	9
53.53	2
34.17	122
38.51	12
38.82	13
34.03	191
33.34	229
35.05	204
34.62	210
35.85	190
35.21	114
35.49	206
62.07	4
41.49	15
34.19	220
34.12	227
37.48	9
34.15	203
41.14	48
34.34	152
35.09	201
39.91	9
35.25	110
48.28	11
34.73	234
42.94	48
35.05	132
34.55	154
34.57	190
37.83	102
36.23	187
35.23	189
34.59	169
54.84	2
34.18	238
33.64	215
33.69	229
34.32	229
34.29	202
34.32	131
33.27	236
34.25	235
34.85	173
35.36	35
35.66	214
36.63	113
33.54	229
33.31	228
33.86	205
33.68	105
35.04	199
33.58	220
33.84	207
33.74	239
33.71	209
35.35	163
34.38	229
34.73	157
34.45	217
32.94	231
34.26	130
34.63	191
34.94	219
34.43	122
33.61	224
33.45	84
35.07	177
35.28	215
34.23	229
34.32	184
34	225
33.57	237
34.68	207
33.48	222
33.69	225
34.73	171
33.64	205
34.12	229
33.46	235
38.55	61
33.82	227
33.12	119
34.6	225
35.01	182
34.65	201
34.33	211
36.49	124
35.63	122
35.31	191
36.06	162
33.47	221
43.5	34
34	43
40.09	61
39.63	13
52.08	36
35.28	227
43.36	54
35.19	238
34.69	203
38.49	6
35.68	140
41.8	12
50.18	3
34.65	194
34.57	221
34.21	230
34.96	114
33.78	229
33.05	159
36.12	113
33.89	170
35	193
33.86	221
33.71	208
34.88	232
33.36	232
33.49	231
33.43	226
35.39	223
34.24	102
33.05	215
34.26	222
33.82	142
39.52	29
34.13	235
49.39	6
35.74	187
35.27	121
34.62	227
33.74	82
33.3	184
33.33	234
33.52	103
33.76	224
32.04	35
37.34	13
37.36	11
33.54	129
35.38	151
34.28	113
34.67	186
35.16	192
34.34	233
33.45	217
35.24	198
38.18	46
37.37	17
34.38	208
35.16	193
33.66	231
34.17	198
40.56	22
34.13	148
41.28	39
34.57	217
35.36	175
33.91	232
35.35	215
35.45	172
34.64	213
34.03	198
35.15	229
33.57	230
52.92	13
34.68	195
34.47	228
42.41	37
35.56	202
35.48	96
35.49	234
44.49	24
49.79	13
35.98	171
34.94	181
34.07	197
50.39	6
34.78	203
34.84	186
34.22	187
35.03	126
40.43	11
34.85	132
36.1	159
34.37	234
39.64	57
34.32	232
34.16	236
33.95	229
39.05	45
34.64	186
34.6	229
33.66	63
34.69	188
33.62	193
34.13	351
33.75	66
34.02	142
34.75	227
32.78	198
34.16	189
34.54	163
33.06	238
32.48	221
34.37	134
45.32	2
34.75	101
41.28	10
41.15	18
34.39	178
35.97	165
35.18	135
41.05	4
35.06	110
33.76	182
34.3	227
34.14	190
33.79	180
34.8	14
33.74	170
33.59	207
34.21	217
33.3	234
33.86	235
33.39	148
33.57	145
33.87	153
34.67	158
33.88	224
32.48	210
33.73	235
34.4	196
33.61	176
33.19	196
35.64	112
45.13	18
42.03	9
55.05	1
35.58	233
35.67	218
34.77	222
35.63	222
35.56	191
40.12	12
40.84	3
33.96	217
34.58	206
34.81	220
53.07	1
37.32	11
35.16	181
36.26	5
41.64	52
37.87	101
35.72	203
37.21	103
33.79	92
34.97	186
34.95	235
34.58	223
34.12	149
35.27	231
34.14	229
54.18	5
33.93	135
33.46	228
33.64	193
33.75	228
34.38	225
33.72	233
33.27	215
34.05	143
33.45	182
33.65	239
33.98	154
33.53	205
33.88	233
33.53	205
33.36	205
33.53	205
34.23	112
33.42	206
33.9	192
34.33	194
34.02	238
34.73	126
35.2	185
33.72	235
33.96	196
33.28	199
33.26	161
33.26	184
33.33	233
33.6	222
34.78	181
48.36	42
34.45	225
34.63	174
35.09	236
33.81	152
34.65	153
34.42	94
34.36	187
38.88	40
34.15	178
31.93	40
34.74	166
34.26	122
33.94	232
34.96	224
34.77	207
34.11	208
34.17	223
34.11	236
33.65	174
34.11	175
34.04	228
33.92	228
34.15	122
34.1	221
33.09	231
33.02	208
34.35	237
34.92	210
34.58	125
33.39	165
33.39	165
34.7	198
33.87	231
35.19	137
34.7	217
34.04	204
33.75	235
34.28	173
33.9	230
34.8	175
33.37	224
34.27	202
33.14	106
34.6	235
34.45	207
34.79	226
33.43	233
39.3	9
46.77	17
51.86	2
44.61	8
41	11
34.79	146
40.68	19
40.82	14
37.92	14
55.01	4
36.77	115
34.12	231
33.2	239
33.74	144
33.47	213
33.99	218
34.71	184
34.47	141
35.03	189
34.13	216
34.16	233
34.49	198
34.51	207
33.71	227
31.43	43
34.8	170
33.26	224
33.71	238
32.89	210
34.58	232
35.82	190
41.28	9
40.81	44
34.92	225
60.4	5
100	0
41.6	43
35.02	144
35.06	189
35.02	213
39.33	27
34.31	218
34.42	184
35.26	112
33.98	220
34.9	153
33.12	70
35.15	199
34.93	135
33.93	213
34.49	217
33.92	194
36.8	167
34.27	91
34.35	238
35.03	217
34.38	197
34.36	202
34.13	206
33.97	384
34.18	232
35.29	160
35.36	172
35.23	214
35.4	188
33.74	227
34.8	211
34.46	213
34.65	215
34.52	199
35.28	221
35.25	151
33.73	123
40.46	21
33.73	46
33.99	106
34.45	200
31.55	29
33.37	232
34.49	167
33.65	219
32.9	224
34.11	186
33.82	209
33.93	162
34.09	190
34.9	204
33.25	233
33.53	232
34.51	198
34.02	237
33.54	237
33.65	190
33.38	203
35	199
34.17	147
33.32	195
40.03	47
34.35	233
34.32	199
33.39	133
35.03	171
33.95	203
39.31	43
40.29	46
33.92	113
35.68	183
33.59	237
34.66	190
35.37	148
33.61	239
33.98	100
35.07	211
33.96	257
34.19	203
41.66	41
34.21	226
34.09	159
33.28	214
34.14	205
34.11	164
33.14	218
34.17	227
33.67	238
33.17	218
34.2	159
34.15	226
35.05	160
34.2	211
33.88	233
40.17	13
33.56	219
33.65	219
33.64	203
35.33	196
33.71	177
33.68	194
33.21	238
33.92	195
33.97	219
34.46	220
34.96	136
34.46	89
34.98	116
35.08	233
34.19	111
34.61	222
34.75	110
34.75	212
32.31	38
35.24	181
39.14	26
33.68	211
35.32	236
34.92	219
34.84	177
33.14	74
34.15	226
34.01	199
33.93	137
34.26	227
34.97	162
34.02	107
33.64	65
34.03	221
33.64	222
33.97	189
35.12	218
35.16	209
34.84	223
34.68	207
38.01	46
37.06	95
49.7	7
33.35	238
33.13	232
40.75	38
33.61	230
34.07	235
34	198
35.08	213
32.28	45
35.26	133
36.88	10
33.82	230
34.99	227
34.49	199
34.85	140
34.07	209
33.78	147
35.02	179
34.51	231
40.41	47
33.95	238
33.33	213
34.34	147
31.32	32
33.91	204
35.49	199
33.79	190
33.13	233
34.29	144
33.75	226
34.74	209
34.46	197
33.09	237
35.18	128
34.15	185
40.16	48
32.86	101
33.78	233
33.31	206
40.28	24
34.14	153
33.75	118
34.72	156
33.89	194
33.27	238
33.26	238
34.48	225
34.54	189
34.92	185
40.41	47
33.33	213
34.42	147
34.05	204
35.49	199
34.37	115
33.76	203
33.05	233
34.2	201
33.98	198
34.58	231
34.8	217
33.17	234
32.62	44
34.24	231
35.61	167
33.79	209
33.69	221
32.55	60
34.54	172
33.79	141
34.31	397
34.3	209
33.92	213
34.68	183
34.1	143
33.81	207
41.54	54
34.3	112
34.85	195
35.32	224
35.27	224
35.19	211
36.21	159
36.52	150
34	232
40.07	10
35.42	197
34.44	192
34.13	119
35.65	219
35.35	212
32.84	53
35.25	216
34.16	213
35.28	157
35.17	231
35.27	140
34.66	219
32.98	189
34.37	128
33.22	218
33.81	231
33.67	173
33.72	133
33.18	183
31.89	84
34.19	213
33.06	206
34.23	133
33.92	234
33.65	216
33.23	385
34.86	231
33.48	184
34.48	198
34.12	230
33.39	229
35.08	210
50.1	21
34.23	231
35.35	229
34.01	237
34.34	210
37.2	23
34.08	221
37.97	30
34.65	202
33.92	207
33.73	225
34.91	4
34.98	81
34.88	216
35.13	221
34.41	180
34.88	223
35.19	214
35.65	149
35.63	142
33.36	238
34.94	206
33.74	239
33.72	106
34.3	202
33.81	193
32.18	57
33.71	170
33.43	137
33.55	186
47	74
34	221
34.15	220
34.91	234
35.02	142
35.73	201
39.55	40
38.94	31
32.7	51
35.15	231
35.79	199
36.82	9
34.62	160
50.53	33
35.09	157
30.87	5
35.42	207
35.01	221
37.62	148
36.52	182
33.93	238
34.48	220
39.45	7
34.66	223
35.2	222
34.77	183
33.96	132
34.34	206
34.25	232
33.53	231
35.85	104
35.98	228
35.09	209
34.73	238
36.81	106
35.22	153
33.66	220
35.36	173
34.35	215
34.5	231
35.23	237
41.9	22
42.46	12
40.34	27
38.89	29
40.32	60
39.68	8
34.45	210
51.94	25
39.63	7
34.95	226
34.05	204
40.89	21
34.12	212
34.36	234
34.84	231
36.58	140
34.15	167
34.4	174
34.28	226
50.82	13
34.62	230
37.29	83
34.83	133
32.93	19
35.18	133
35.1	111
42.1	36
45.17	3
49.99	13
47.24	55
34.57	166
34.14	171
33.21	151
35.42	201
33.97	221
38.68	43
33.92	227
34.34	238
32.76	73
33.73	223
40.15	8
34.45	77
34.75	180
35.29	199
34.7	238
56.37	7
35.27	230
34.91	209
34.14	236
34.21	224
34.19	212
34.79	94
33.69	227
33.62	235
34.61	163
34.61	163
34.61	163
33.03	227
34.61	163
35.21	228
34.64	213
35.74	222
35.79	102
36	178
35.64	102
42.19	18
34.42	203
35.67	215
34.55	133
33.02	97
34.46	158
34.14	215
33.63	105
35.6	35
38.39	33
34.06	226
32.66	106
34.43	225
34.4	185
43.33	5
39.75	15
41.59	12
38.56	30
44.01	21
53.6	3
41.48	44
54.09	8
40.65	29
39.33	22
34.9	119
34.44	198
34.67	205
38.13	72
33.31	233
33.48	91
33.94	203
33.81	228
34.56	113
34.26	217
39.21	73
55.06	3
39.41	5
41.8	15
43.55	12
39.97	17
38.58	12
35.57	194
35.15	182
35.66	225
46.78	46
35.93	221
34.84	190
38.9	10
34.78	225
37.9	62
35.62	198
35.35	228
34.28	217
34.05	215
33.82	232
33.74	223
33.1	184
34.59	216
32.64	231
33.87	132
33.41	186
34.35	143
35.04	191
34.47	165
36.43	10
33.83	228
34.64	253
34.98	143
34.79	209
33.27	233
34.55	225
34.17	233
34.18	218
34.16	206
34.65	225
33.89	238
33.99	195
34.68	230
33.84	201
34.56	221
34.66	228
34.87	215
33.13	227
33.99	108
33.71	106
34.03	131
33.46	234
33.19	69
33.91	204
33.37	199
33.93	203
34.38	226
32.8	197
33.8	206
33.33	233
34.59	162
36.74	124
34.13	192
33.71	233
33.8	183
34.43	140
34.25	226
35.06	225
35.22	176
39.94	34
43.72	42
40.71	14
44.78	34
51.41	3
45.96	15
36.9	99
44.64	20
54.8	8
35.56	218
37.55	104
53.92	1
40.69	38
39.69	66
34.26	236
42.43	46
45.41	15
54.34	2
43.16	44
42.03	17
34.09	120
33.78	231
34.01	227
39.84	14
34.67	200
33.56	126
31.9	236
34.2	212
34.1	113
34.08	225
33.95	227
31.82	236
34.53	173
34.16	120
34.25	225
35.22	222
33.58	202
39.97	14
33.91	227
33.12	236
35.03	212
33.65	187
34.58	236
34.49	155
34.61	202
34.94	170
33.98	344
33.35	177
34.93	215
36.64	132
34.14	216
36.02	14
34.82	190
34.36	198
42.07	23
35.63	18
43.59	36
36.26	102
34.35	236
34.12	211
34.19	153
33.38	218
34.19	189
34.05	214
38.68	18
33.89	110
33.95	187
33.32	234
33.78	239
34.62	188
33.78	238
34.2	230
34.35	108
35.12	203
35.03	213
33.96	165
32.53	81
33.97	139
34.21	208
33.43	186
33.79	232
33.92	170
33.94	205
31.91	59
33.52	231
34.47	216
34	229
33.83	223
34.32	229
33.03	224
34.27	194
34.22	210
36.07	15
36.3	304
37.4	45
33.52	232
33.77	146
34.43	238
40.46	6
36.14	37
33.72	132
34.33	160
34.66	192
34.02	151
33.9	202
33.87	113
33.82	206
33.79	233
33.42	216
33.44	218
33.27	228
33.46	217
31.92	54
34.33	165
32.88	93
35.08	140
34.62	232
34.43	223
34.23	135
33.59	217
34.12	113
34.86	194
34.08	225
34.23	215
33.7	204
33.7	200
33.02	85
34.42	236
33.72	236
33.7	193
35.33	219
35.2	225
34.71	228
34.7	203
51.15	25
35.37	166
34.18	159
34.37	229
35.25	162
35.52	161
32.59	50
33.92	229
34.2	233
34.24	378
34.59	215
34.31	397
34.79	126
34.63	223
33.73	163
34.69	148
34.91	200
34.5	108
33.47	231
34.73	205
34.33	134
33.66	90
34.25	134
34.04	235
33.8	226
33.56	122
35.75	233
34.54	174
33.94	235
34.91	195
35.49	225
33.58	219
33.84	207
33.55	151
34.43	117
36.05	136
33.51	237
34.42	199
40.04	49
34.41	147
33.98	183
33.15	195
34.41	147
33.95	189
34.09	235
33.59	201
37.8	20
34.03	215
33.62	209
39.91	4
35.21	149
33.87	198
34.89	192
33.71	228
34.51	215
33.58	206
34.55	220
34.15	234
41.01	14
34.08	237
52.7	9
34.83	219
40.31	41
34.14	190
41.36	12
34.8	222
34.37	158
34.99	191
35.2	214
34.83	209
34.12	114
33.75	202
33.74	233
34.15	217
33.84	239
33.4	223
35.82	228
34.78	211
35.15	222
35.07	217
35.54	197
40.26	18
39.97	4
43.38	37
34.38	233
34	235
33.05	152
33.39	219
32.89	189
33.11	91
33.64	211
34.06	138
33.83	224
33.77	145
35.11	160
33.77	235
32.08	47
34.96	159
35.45	206
33.77	282
34.15	191
34.84	201
34.35	104
33.73	186
34.97	239
33.9	157
34.54	214
35.68	160
55.53	2
35.27	118
39.33	21
35.54	196
34.96	195
35.01	114
36.86	93
43.36	47
42.95	12
33.11	221
38.99	39
34.81	203
43.77	2
35.18	179
34.16	175
33.61	239
34.84	179
33.8	195
34.08	230
34.91	143
34.28	232
33.64	123
34.2	331
37.16	96
34.33	145
33.61	211
34.79	195
34.21	204
37.17	4
36.11	165
50.73	0
38.3	16
52.45	11
39.14	11
50.95	5
34.76	229
40.86	5
39.95	38
39.98	15
33.61	232
33.44	217
33.73	228
35.13	166
35.09	184
33.89	231
34.1	223
36.19	106
33.71	225
34.83	175
36.25	68
34.52	181
33.37	205
33.69	171
34.71	194
33.6	203
34.33	193
34.82	191
34.58	236
33.96	216
33.35	231
33.8	236
34.87	236
35.39	36
33.52	123
33.49	182
34.12	221
34.91	121
34.22	159
34.38	219
33.87	192
33.45	232
32.46	43
34.82	193
33.43	204
34.13	204
36.99	63
34.14	229
34.46	175
33.04	233
34.14	236
33.53	211
34.8	194
34.91	209
34.12	108
34.51	239
33.78	224
34.34	200
34.04	227
33.92	195
34.35	224
34.19	206
32.87	92
33.6	225
31.48	32
35.5	174
34.28	206
34.09	227
33.74	179
34.07	113
35.3	206
33.87	187
33.12	145
32.73	160
33.78	192
40.99	25
33.76	96
33.89	228
33.89	149
34.98	233
34.8	219
36.14	232
35	228
36.1	217
34.04	118
35.02	225
35.31	233
36.49	221
34.39	222
33.3	154
32.79	236
34.57	193
30.73	13
33.78	207
33.41	216
34.17	161
36.12	11
33.39	208
33.55	228
33.96	232
46.67	75
35.45	129
35.41	201
34.6	229
34.83	211
58.81	13
35.51	215
41.68	33
43.72	27
41.82	8
38.5	11
38.25	126
41.86	37
41.74	1
39.04	14
37.85	197
39.87	12
39.4	3
36.49	9
34.45	184
33.96	111
33.22	238
35.32	205
33.7	238
34.26	232
33.61	217
33.62	205
34.31	237
34.47	184
34.5	141
35.58	185
40.85	15
34.2	210
34.77	237
34.23	200
40.32	22
36.36	107
34.57	234
34.62	174
34.72	98
34.84	167
35.68	168
34.67	153
36.89	108
42.13	41
34.3	235
56.19	2
34.86	153
35.85	187
34.02	79
33.95	182
34.97	198
34.19	221
34.14	206
34.41	227
34.2	227
34.18	261
34.85	157
38.06	32
33.79	138
34.1	182
33.97	172
34.08	112
34	233
35.62	202
34.43	158
33.85	238
33.95	222
34.41	153
35.07	226
34.6	217
32.75	43
34.52	141
34.81	155
34.9	118
34.93	173
42.25	47
34.91	225
32.94	228
33.35	225
34.51	185
34.35	195
35.04	112
32.62	52
33.38	162
34.46	232
34.42	131
33.69	162
33.89	228
54.38	7
34.55	238
40	37
41.05	60
41.16	75
41.21	98
40.73	12
41.44	42
41.1	47
35.46	5
34.51	112
34.27	226
33.87	146
34.36	203
32.99	90
35.16	139
34.77	226
39.21	18
33.85	177
33.83	124
34.19	157
34.49	183
35.34	217
33.32	71
34.37	195
35	133
35.29	198
40.86	11
35.42	229
34.37	231
33.56	215
34.07	238
34.1	176
33.99	228
33.33	218
32.11	54
34.62	205
34.37	229
34.63	239
33.76	216
35.16	128
37.85	10
38.41	63
33.63	210
34.16	180
35.13	227
34.27	215
34.69	181
34.15	204
40	10
40.67	69
34.41	230
32.1	36
33.95	238
34.26	233
34.3	198
34.11	193
34.29	181
34.85	226
34.53	162
40.48	11
35.55	183
42.63	4
43.42	50
34.19	230
59.04	11
53.8	6
42.58	23
36.18	5
38.35	56
35.12	199
39.93	24
40.04	8
38.53	28
39.6	42
38.44	22
34.34	229
41.04	24
41.23	36
45.14	7
34.91	194
34.2	215
34.71	144
38.64	48
34.97	184
33.78	236
35.42	217
34.36	214
33.04	48
33.63	60
36.9	16
35.89	179
34.72	222
34.2	211
34.59	220
34.7	164
33.95	183
33.43	211
33.21	211
33.85	374
33.93	192
34.92	228
35.3	204
34.06	199
33.57	214
34.31	212
33.33	200
34.92	187
33.5	207
34.3	209
41.07	15
39.77	20
43.61	8
41.03	36
40.26	15
39.91	20
40.3	73
33.69	238
43.02	23
43.61	17
45.36	9
38.83	39
34.52	198
33.74	233
34.14	211
42.89	25
40.05	18
34.24	229
34.82	231
39.35	24
39.26	2
39.82	74
38.56	2
34.05	224
52.14	0
52.77	4
39.73	4
40.1	45
39.67	22
54	11
41.87	16
52.61	1
38.83	42
40.69	47
39.38	3
38.51	45
53.38	4
42.32	38
41.43	42
42.42	24
34.1	202
35.22	205
33.51	228
34.39	111
39.36	25
39.76	43
34.55	208
34.43	233
33.64	233
34.44	227
34.12	213
34.2	124
34.06	212
34.84	144
33.86	124
34.54	193
33.94	203
34.11	186
33.52	234
34.34	220
34.6	236
33.83	159
34.33	178
35.24	145
34.17	189
33.61	205
33.64	205
33.55	228
33.61	234
41.6	45
34.97	167
34.91	211
34.31	220
40.08	36
35.07	202
34.13	211
34.69	176
34.58	220
34.51	225
34.85	144
32.78	233
33.09	210
34.16	129
33.53	234
34.67	175
33.07	237
33.17	217
34.2	160
34.64	208
33.57	199
35.75	168
33.48	211
35.27	222
34.49	179
35.12	153
33.39	173
34.11	224
41.33	17
32.91	237
34.9	188
34.32	214
35.08	288
34.48	226
33.16	122
34.58	150
34.58	237
34.48	233
33.81	233
34.17	218
33.74	235
34.53	230
34.36	144
35.18	212
34.82	140
35.16	211
34.81	207
33.32	173
41.34	18
34.69	194
33.9	183
33.97	140
33.92	222
33.32	221
33.82	190
33.82	236
33.3	232
41.04	29
34.42	116
34.07	158
34.14	131
53.37	8
33.65	193
40.49	5
38.5	33
36.43	108
34.78	237
34.29	210
33.51	173
33.67	186
33.44	232
33.29	39
33.96	134
33.97	171
35.01	142
32.91	238
34.03	230
35.43	167
34.08	223
40.51	40
34.94	207
38.23	54
38.78	18
34.69	70
35.2	196
43.11	35
61.81	4
35.59	113
43.94	10
36.42	106
44.58	5
35.62	227
42.52	51
45.6	25
35.17	227
34.41	152
34.74	213
42.12	42
35.87	107
42.4	55
40.42	11
39.62	65
33.01	62
35.17	223
32.89	228
36.74	8
33.71	183
34.19	229
33.95	330
32.82	156
33.59	231
35.23	205
34.98	230
40.12	10
54.41	9
35.58	212
40.37	5
35.51	106
34.41	365
37.07	4
34.37	236
35.09	190
34.6	156
33.15	233
34.79	203
34.68	139
33.6	143
34.26	237
34.29	237
32.64	223
33.83	213
39.66	47
33.17	234
39.06	15
34.93	145
34.21	204
53.81	0
40.23	9
34.73	239
34.52	157
34.85	151
38.45	6
33.77	152
34.65	150
34.63	233
34.12	211
32.54	231
33.48	217
33.87	197
33.93	203
34.56	188
37.02	102
34.22	187
33.72	230
34.88	224
33.57	218
34.51	215
34.32	112
35.27	146
33.98	134
34.12	216
39.53	9
42.46	31
54.9	7
37.62	8
37.28	118
34.65	221
34.81	212
33.87	238
35.51	214
35.03	230
33.79	221
34	137
34.5	161
30.47	7
35.15	133
34.77	128
34.46	134
33.55	235
33.98	181
34.53	206
35.82	106
33.56	218
33.24	99
34.85	165
41.59	40
33.65	239
34.88	182
32.97	185
33.44	160
34.47	153
33.7	236
34.82	188
35.3	209
35.25	33
33.99	156
34.61	206
34.52	171
41.09	54
35.97	31
34.45	207
34.66	195
40.56	36
33.62	236
41.95	11
40.69	41
42.15	52
33.94	181
41.66	29
53.03	2
33.51	200
34.75	235
34.61	186
34.45	214
33.79	210
34.17	234
35.4	11
41.45	5
34.06	8
34.85	210
36.46	304
34.09	238
35.18	170
34.31	204
34.82	214
34.44	154
34	214
33.82	234
39.74	82
33.65	171
33.13	67
40.88	26
34.75	203
34.3	215
40.82	10
34.48	115
39.02	0
33.63	233
34.26	199
34.56	230
41.77	36
34.63	215
33.71	227
33.34	239
34.92	236
36.93	179
35.21	238
34.41	228
34.69	210
39.36	29
34.71	204
33.83	377
34.52	190
33.76	125
33.84	175
34.43	209
32.62	231
34.1	195
34.31	108
32.85	233
33.14	205
33.85	235
33.9	219
34.32	187
34.02	236
33.85	180
33.65	208
34.02	223
34.15	309
35.21	191
34.2	236
33.9	151
40.58	57
34.04	111
34.65	193
36.83	104
39.92	7
35.78	21
33.95	183
35.14	168
36.52	23
34.07	202
38.65	76
34.25	221
32.86	97
34.2	108
34.77	193
33.94	223
33.05	169
34.16	224
33.49	118
43.95	24
35.12	162
34.73	135
39.64	67
35.24	375
40.81	27
37.06	2
36.46	109
35.2	228
54.19	6
38.68	10
41.9	45
34.82	201
40.18	18
40.9	45
53.65	12
36.02	0
43.42	36
38.01	69
44.67	38
33.16	220
33.87	229
36.23	13
40.67	15
33.82	232
32.97	218
40.54	20
34.35	188
36.28	35
35.16	13
33.06	236
33.4	126
33.47	223
33.53	200
33.95	103
33.43	225
34.26	233
34.35	108
33.09	214
33.78	239
54.47	4
37.47	2
40.86	40
41.03	19
39	6
37.67	0
40.77	26
39.6	3
35.65	53
40.29	71
34.04	196
34.09	113
33.78	239
34.55	154
34.92	229
34.21	236
34.23	201
34.69	180
34.49	192
33.62	237
34.17	210
34.74	226
34.39	209
33.62	237
34.39	209
32.23	105
35.75	37
34.85	204
32.83	235
34.28	220
34.43	210
34.8	226
35.1	142
35.78	109
33.77	202
34.82	194
35.49	194
38.32	29
37.46	27
48.38	44
34.95	191
34.24	199
33.48	115
37.23	25
34.22	229
33.22	69
34.46	223
32.61	90
34.57	115
34.16	195
36.58	111
34.38	135
34.34	163
33.53	216
31.93	35
33.56	236
33.29	224
35.33	217
34.28	191
33.82	186
34.76	201
35.05	132
34.46	154
34.84	201
34.02	196
35.97	195
34.92	212
33.62	220
34.9	197
35.29	113
33.63	123
33.16	231
32.62	210
33.84	182
33.76	194
33.59	219
33.55	142
33.63	82
34.66	149
32.48	233
33.82	218
47.76	25
34.47	160
43.35	15
38.24	36
33.2	237
34	188
34.5	190
34.5	159
47.76	17
34.79	196
31.84	44
36.5	24
34.07	191
34.09	212
33.16	236
33.89	237
32.69	50
33.94	179
33.81	174
35.16	257
34.26	223
32.84	174
34.35	226
39.02	25
34.38	229
33.84	264
34.3	189
32.94	254
33.32	256
32.12	262
33.61	255
32.16	259
32.63	264
33.29	263
33.85	173
32.63	255
34.09	192
33.07	248
33.2	257
33.07	266
32.68	203
32.62	256
34.08	261
32.93	254
41.82	47
41.56	31
31.41	248
32.13	245
33.63	209
42.18	9
42.14	11
33.49	254
42.7	45
38.22	16
41.6	45
34.38	163
42.3	45
43.01	14
33.54	249
37.07	9
37.02	11
38.87	28
34.29	194
40.64	12
36.37	208
31.77	269
39.18	15
43.47	13
42.73	8
32.85	251
42.26	1
33.2	216
37.73	46
34.04	219
41.61	27
35.42	124
32.96	254
33.84	117
32.36	265
34.11	205
32.65	243
35.95	0
33.56	253
33.53	257
33.21	269
32.96	253
33.7	256
33.84	213
33.72	222
39.05	25
34.08	244
33.37	259
32.2	260
34.11	248
33.38	250
35.15	190
37.16	9
32.77	261
33.79	228
33.11	258
33.47	222
33.68	248
31.91	263
33.76	241
34.23	149
35.4	4
33.26	248
32.83	264
32.94	231
43.35	21
33.98	225
43.64	53
34.08	202
34.61	158
34.2	237
33.95	235
34.27	209
34.15	226
34.36	237
37.71	18
34.96	194
41.47	62
41.82	26
32.99	240
39.1	25
33.69	244
33.99	250
34.72	120
35.39	247
33.63	229
41.59	42
34.02	166
33.25	253
34.61	237
33.67	226
33.69	266
44.48	7
33.88	267
34.17	177
34.16	217
33.87	202
42.81	29
34.39	154
34.02	135
33.67	68
42.9	15
34.37	218
34.14	261
35.41	183
33.46	247
42.57	44
43.95	19
33.89	175
34.18	237
37.61	16
33.07	241
32.46	251
33.33	250
43.04	13
33.65	250
32.59	259
32.41	268
32.67	260
32.82	217
32.75	232
33.62	197
34.66	113
33.39	232
33.56	256
33.43	211
32.91	261
34.22	222
33.86	229
34.22	121
33.51	149
34.2	209
33.94	216
33.22	241
39.64	52
33.1	235
32.01	237
32.61	83
33.26	250
33.6	268
33.21	242
33.79	262
37.8	68
34.37	168
33.55	246
40.88	86
38.78	43
32.96	252
34.28	258
33.58	258
33.72	256
34.18	249
34.15	240
35.23	173
34.01	209
33.54	236
34.28	259
39.37	30
34.16	190
34.61	200
33.62	117
33.85	249
35.22	234
35.53	190
34.23	132
34.62	251
33.21	226
35.29	159
32.83	256
33.19	265
35.26	209
32.69	262
33.57	475
38.45	18
33.98	190
32.71	256
33.29	252
35.42	243
36.6	6
34.06	191
33.29	233
33.26	201
32.66	237
32.19	32
32.27	32
32.36	32
33.12	252
34.8	164
33.28	257
34.14	233
32.7	219
33.14	257
37.56	2
37.58	4
32.43	266
35.2	187
33.14	197
33.24	229
43.17	27
33.59	245
33.94	218
33	200
34.14	264
33.23	251
33.31	249
31.8	264
41.05	57
33.14	249
33.17	246
41.34	49
42.3	49
42.56	28
42.47	28
33.72	234
34.84	222
33.37	253
38.14	5
34.02	268
34.67	128
34.23	234
33.69	263
32.54	203
33.88	233
32.78	265
37.29	48
33.48	209
32.86	78
35.07	135
34.01	254
36.03	11
33.92	251
34.48	240
33.75	382
38.5	59
35.21	230
33.55	246
33.88	241
33.04	268
36.59	13
34.82	206
33.29	264
33.3	263
34.13	255
33.67	246
35.37	137
