sim	len_diff
33.4	147
43.22	12
44.11	17
34.91	118
35.88	115
56.18	22
34.09	160
43.1	17
34.84	131
34.33	135
42.1	35
57.7	16
32.99	166
35.03	154
33.41	161
49.14	14
33.12	153
47.37	18
55.77	18
47.51	16
32.92	164
34.22	173
33.27	175
34.47	252
55.53	20
50.33	1
47.46	7
42.77	35
56.29	16
47.69	10
32.9	163
32.69	174
42.14	13
42.53	17
34.45	172
34.22	174
33.67	125
58.08	59
39.26	50
57.34	38
33.73	155
35.72	126
44.39	24
34.5	167
33.07	81
33.07	81
33.07	81
33.07	81
33.07	81
33.42	135
34.32	163
33.11	175
32.9	174
35.41	131
34.33	168
32.38	175
32.98	141
34.4	140
59.3	54
35.36	136
34.92	54
34.23	168
32.57	171
59.56	55
31.78	172
32.54	156
34.92	120
42.72	17
41.99	18
33.69	153
33.67	132
32.26	167
33.66	161
33.66	161
44.32	24
33.92	135
34.99	120
34.29	143
35.04	113
33.28	162
40.86	116
33.67	165
33.5	144
57	18
32.23	174
46.05	8
34.03	150
35.27	130
33.86	175
34.86	156
34.68	133
33.8	41
46.5	20
47.28	24
50.19	9
35.18	142
33.5	175
57.6	23
42.91	29
34.38	152
57.04	31
33.51	156
33.76	165
46.56	7
33.13	173
43.28	32
33.84	128
45.9	43
32.72	168
58.53	16
59.27	16
47.08	18
36.21	113
42.59	31
45.59	6
33.6	164
34.32	151
54.82	11
35.74	100
47.7	10
59.61	16
34.74	85
33.4	161
45.7	6
43.11	32
47.15	15
33.23	167
47.56	19
36.41	91
33.8	158
35.27	156
33.89	159
43.98	9
57.5	55
42.36	14
34.11	171
34.56	103
32.18	160
33.52	156
34.5	103
35.22	110
43.98	11
35.13	146
34.44	150
33.46	144
31.48	165
41.87	16
33.31	91
33.83	97
57.35	59
42.58	13
34	87
33.5	121
35.04	118
33.36	153
32.49	164
33.24	171
35.9	124
42.76	14
34	169
32.21	167
34.05	132
34.75	173
33.53	164
33.76	169
35.54	93
34.61	162
34.21	133
33.57	164
32.81	149
31.96	172
57.4	55
34.87	161
31.9	172
34.06	138
35.04	66
34.11	138
32.1	167
34.33	83
34.33	83
33.73	332
32.69	148
33.59	147
55.72	25
34.02	146
41.8	16
32.46	175
44.02	20
33.56	171
42.26	15
34.65	140
34.16	278
35.19	305
34.1	128
34.2	133
55.79	15
33.93	163
45.94	7
34.2	174
33.86	132
32.52	172
51.7	24
34.73	165
45.61	10
42.79	35
33.54	155
58.28	16
48.56	10
34.8	117
32.28	157
33.26	128
33.1	166
41.94	16
33.69	168
33.01	170
56.26	32
45.02	17
35.03	116
32.6	132
34.02	136
32.54	160
33.66	165
34.53	157
44.63	3
32.6	156
33.38	142
34.2	133
34.96	99
33.58	134
32.15	172
33.62	172
33.9	146
34.18	164
32.24	20
41.86	17
34.47	104
32.74	163
34.98	112
32.94	174
36.11	102
32.92	155
32.64	151
34.38	124
32.89	162
32.94	165
32.61	171
32.38	146
33.69	127
32.81	164
34.88	148
33.71	114
34.26	124
33.08	142
35.32	89
34.34	114
34.86	117
31.99	170
33.9	174
32.88	159
44.4	8
34.23	106
32.43	143
42.42	21
41.79	17
33.61	164
34.47	104
33.17	157
33.31	166
34.37	163
58.81	55
33.56	139
43.17	31
33.76	166
34.49	148
46.74	19
48.19	11
55.53	33
34.61	147
35.68	155
34.2	170
42.47	35
48.49	14
47.68	8
47.29	9
55.89	18
34.3	141
57.79	16
33.68	174
47.5	16
34.08	145
33.1	146
45.92	7
33.18	152
34.22	164
33.48	175
59.32	18
42.95	29
34.08	139
32.83	138
33.2	172
35.1	169
35.36	104
42.6	65
32.99	168
35.92	143
33.22	145
34.74	147
36.21	153
34.98	133
34.2	164
35.84	157
33.44	155
34.68	162
33.13	174
34.32	157
33.49	19
34.24	168
33.2	163
33.26	170
33.38	175
34.94	138
34.52	168
34.45	148
32.31	149
32.96	165
34.1	33
34.18	128
33.48	158
35.42	93
34.77	138
35.38	172
34.01	156
34.45	229
34.6	122
31.73	172
34.22	147
35.66	163
34.97	167
35.68	60
33.83	145
36.4	128
35.86	137
43.17	28
32.88	153
43.93	12
34.12	98
33.2	163
33.17	155
33.48	162
61.97	39
65.28	6
33.7	61
33.76	152
34.48	129
35.37	95
34.01	47
34.55	264
32.96	116
34.15	258
33.85	141
34.98	112
34.28	142
35.59	215
34.49	131
36.97	111
48.9	13
35.34	71
34.84	79
48.3	8
34.45	153
34.35	226
32.66	146
34	131
32.9	75
32.8	148
33.61	131
34.12	104
61.87	6
33.95	74
33.67	128
32.75	54
33.91	85
33.69	153
32.98	119
34.09	154
34.76	82
33.87	136
32.03	134
34.29	191
35.28	111
34.85	96
37.43	100
34.1	154
36.56	129
35.02	276
70.11	20
36.96	115
35.6	121
35.69	141
35.41	97
36.47	138
36.39	124
35.59	76
35.86	136
49.63	5
37.58	12
36.63	90
34.8	144
35.78	122
36.72	107
39.36	70
34.4	116
33.41	139
33.91	108
33.12	145
33.78	129
34.39	164
34.23	129
34.82	212
33.66	149
34.54	91
34.87	117
46.27	3
35.49	106
33.92	69
32.48	153
33.63	119
34.68	112
32.86	150
33.51	144
47.89	9
35.8	234
35.33	140
34.78	129
35.08	120
34.7	133
35.84	131
33.91	150
34.68	117
35.02	98
35.94	140
49.3	1
35.86	141
35.82	105
35.06	146
36.23	115
36.78	103
49.85	7
33.32	149
35.3	122
33.88	147
39.7	77
62.23	14
35.02	80
34.8	122
34.34	132
33.7	149
32.53	139
45.4	10
34.67	154
63.57	8
36.21	67
33.26	141
35.18	111
36.62	93
37.58	121
35.09	117
33.95	145
36.31	153
34.94	121
33.88	151
36.17	96
33.06	129
33.3	123
33.71	148
59.14	8
33.64	149
34.16	153
35.63	122
35.55	108
33.79	154
35.04	98
33.87	95
33.66	81
32.81	116
34.88	144
36.86	88
34.09	268
33.46	108
34.56	113
34.29	136
33.94	151
36.34	77
35.21	112
35.16	58
34.31	149
34.35	154
48.84	1
35.46	99
34.91	55
32.43	42
33.88	149
32.82	152
33.69	105
34.05	120
33.96	122
33.82	121
34.86	99
34.26	122
34.56	139
36.11	151
35.45	149
37.17	148
36.89	225
36.35	69
36.43	144
35.9	149
49.39	1
35.94	120
34.16	155
39.28	70
35.6	115
33.36	63
57.72	16
35.4	55
35.18	145
34.14	115
33.43	124
32.95	55
34.1	137
33.84	143
33.55	125
33.39	114
33.79	64
34.28	129
33.24	142
32.46	150
31.68	8
31.61	55
33.32	118
35.04	44
34.7	133
36.06	106
36.42	101
34.9	234
34.85	140
35.99	109
47.18	8
34.97	106
35.73	118
35.12	122
34.16	151
34.28	51
34.24	189
61.11	10
35.77	140
40.5	65
48.04	5
36.59	75
35.83	140
35.35	119
34.09	125
33.94	144
40.22	66
34.52	106
35.9	104
34.7	54
62.9	17
46.71	14
34.67	95
34.75	153
36.11	128
35.71	141
39.68	57
47.74	13
48.07	9
35.97	151
48.39	3
34.71	144
35.01	150
33.9	147
33.73	145
34.52	117
33.77	144
30.59	21
34.94	84
33.62	152
34.28	123
34.79	74
32.49	31
34.93	148
35.04	151
49.5	11
34.26	154
35.01	102
47.1	20
35.22	146
35.86	149
36.42	90
36.27	144
34.7	66
35.02	91
34.82	108
33.93	147
35.81	93
34.49	133
34.9	136
34.25	154
35.26	46
62.04	8
48.75	2
35.58	137
36.09	152
34.95	101
36.4	135
34.91	26
35.74	139
34.85	81
34.06	116
34.83	126
35.32	78
33.85	99
34.84	143
34.28	134
58.13	18
33.97	86
33.64	110
39.92	74
34.94	140
33.43	123
62.16	8
39.67	81
33.27	41
34.28	128
34.42	135
34.08	139
34.44	132
33.52	150
36.04	139
33.93	144
34.91	93
45.88	13
36.96	105
49.62	3
34.63	129
50.46	15
35.05	132
36.41	93
36.66	99
34.96	134
35.84	117
37.07	105
35.96	146
35.4	116
34.56	146
35.62	107
35.3	104
35.04	117
50.63	11
37.51	144
36.09	140
34.75	130
34.76	118
34.48	124
50.1	12
35.72	99
50.3	10
37.09	81
35.67	132
34.6	110
39.32	79
33.09	152
33.32	88
33.88	132
33.9	149
34.55	134
34.92	104
58.56	2
35.26	133
33.67	32
32.3	14
33.72	136
43.53	31
62.46	0
34.96	170
34.46	93
35.31	174
34.08	142
34.12	138
35.68	129
35.67	91
34.53	111
32.99	125
31.96	155
33.1	95
34.01	241
34.1	71
33.31	136
32.52	148
34.15	108
35.25	92
35.06	75
35.7	98
61	7
35.73	153
34.52	131
35.42	100
32.88	8
33.7	138
49.14	14
49.26	1
34.32	144
35.72	147
50.32	14
35.48	197
35.77	154
34.13	25
62.05	5
35.66	151
35.1	143
34.1	253
34.5	98
33.73	174
34.29	272
34.47	119
34.42	246
32.26	151
34.83	97
35.34	119
34.96	121
32.29	37
37.08	133
33.99	147
33.72	56
33.4	149
34.68	236
33.63	211
34.25	168
34.31	147
32.24	153
35.24	109
60.04	8
34.48	134
33.86	149
32.36	145
34.68	93
33.92	143
34.38	245
35.56	97
34.1	109
36.67	91
35.86	128
35.72	46
37.7	80
36.37	61
35.74	73
35.66	146
46.39	27
35.54	150
48.12	12
33.9	121
33.06	63
37.62	133
33.22	155
33.65	21
34.23	127
34.78	111
34.26	128
33.6	138
30.47	6
34.76	255
34.93	114
35.07	82
34.35	152
34.1	103
34.65	53
35.2	152
39.61	70
65.68	1
36.37	125
49.22	16
34.38	125
46.3	3
34.65	40
34.47	135
35.56	147
34.78	99
35.58	112
35.4	89
34.7	155
35.28	126
34.43	69
34.46	58
34.42	95
36.51	80
35.27	90
34.36	261
34.4	28
35.19	106
35.36	120
33.05	33
33.43	149
34.05	98
33.42	177
33.06	147
34.55	126
32	153
34.07	121
34.15	180
33.83	193
30.71	4
35.84	122
35.41	102
60.11	3
35.98	91
33.49	32
33.35	150
36.62	115
34.9	271
35.28	125
36.47	110
36.27	147
37.54	150
35.72	146
63.28	3
35.73	145
35.19	150
35.95	278
35.98	111
36.49	128
34.72	70
48.53	12
35.84	53
65.08	29
36.34	117
34.98	45
48.07	13
34.15	107
34.27	43
36.41	84
60.49	10
34.03	151
34.3	145
33.08	144
33.28	124
34.08	108
34.49	141
33.43	124
33.69	134
35.2	87
51.1	4
35.19	153
35.47	106
37.04	140
35.61	115
61.38	11
34.26	125
36.91	134
34.95	126
46.94	16
35.71	79
36.4	130
36.12	114
49.42	0
36.32	114
35.72	139
36.14	73
36.42	79
35.59	113
35.53	116
35.37	206
69.74	16
36.13	225
35.33	54
35.17	54
35.5	105
35.36	47
33.92	32
34.7	151
35.13	150
35.9	123
34.51	148
35.24	150
35.03	113
34.74	28
41.28	128
35.89	200
34.87	128
34.6	145
35.6	184
60.62	7
34.65	107
34.52	252
35.26	122
33.42	110
34.68	129
32.75	39
34.98	104
35.66	119
33.77	60
44.61	52
35.56	128
35.99	79
35.41	96
37.43	113
35.18	99
34.24	101
34.29	106
33.97	133
66.57	7
36.83	143
32.26	38
36.4	85
39.75	7
47.62	9
40.84	71
64.25	18
35.36	144
34.7	142
35.88	152
35.14	54
36.44	97
36.16	102
33.79	153
33.87	151
34.25	101
45.86	7
45.86	7
34.2	155
34.55	150
36.2	77
33.52	118
34.57	140
33.27	144
34.55	97
34.5	110
62.34	8
40.26	72
33.36	14
34.6	142
33.91	122
33.54	145
34.36	153
34.67	129
34.5	87
33.42	107
34.57	64
33.62	134
65.75	7
32.69	152
62.4	5
34.19	155
34.41	138
35.16	77
34.5	127
33.95	192
34.42	151
33.84	125
34.06	102
33.38	152
35.27	129
35.62	93
35.42	53
46.76	10
36.92	105
36.54	119
35.28	105
34.82	118
50.75	15
36.66	129
35	204
34.59	85
34.08	129
33.97	37
34.27	83
63.9	21
34.23	39
40.12	73
36.57	154
34.84	151
31.94	84
34.28	75
34.95	50
34.71	122
34.15	154
32.97	129
32.25	47
33.45	136
33.13	145
33.35	136
34.84	141
32.9	48
34.49	156
61.56	14
41.67	71
36.18	110
34.19	123
46.19	7
46.84	1
33.29	111
38.52	115
35.66	98
34.82	116
34.87	153
62.74	15
36.14	117
33.62	154
33.36	135
35.87	77
34.48	148
40.62	71
33.75	50
57.52	18
34.14	89
34.5	116
34.94	132
34.14	155
33.4	54
35.96	139
34.43	156
35.79	123
34.9	148
34.56	53
35.46	114
35.54	142
62.22	12
39.93	120
36.18	114
35.19	117
34.6	150
33.85	29
35.06	94
35.3	82
61.47	6
35.88	132
31.35	12
35.1	125
35.49	136
33.34	155
35.59	34
32.5	120
34.94	151
34.2	139
34.88	127
33.91	150
34.38	136
33.72	122
34.85	107
33.78	149
35.24	79
34.37	254
33.79	167
61.37	5
34.28	127
34.98	141
34.62	109
34.6	105
33.1	279
50.6	15
34.43	124
32.76	140
35.38	157
34.22	122
33.93	127
34.02	57
55.58	10
33.32	143
47.21	14
33.61	76
62.94	4
34.76	149
51.48	10
35.63	124
34.63	143
35.48	137
34.62	127
34.63	120
32.13	15
35.08	90
34.42	126
34.17	155
33.02	154
34.23	274
34.12	100
33.78	132
33.71	64
34.48	46
59.79	9
33.69	88
35.67	127
36.56	110
34.52	87
36.13	137
35.03	80
48.99	8
36.08	115
35.09	133
35.4	76
36.17	70
35.81	211
34.03	142
35.33	161
51.45	12
34.27	145
34.53	150
35.29	124
35.27	119
34.92	54
35.38	139
35.49	122
34.35	155
34.41	135
70.05	18
32.44	155
33.01	136
33.34	147
33.46	97
33.56	132
32.58	154
32.3	140
35.53	72
35.37	85
35.63	113
33.98	241
35.32	103
35.42	105
35.48	97
35.52	127
34.62	90
65.76	12
49.17	6
37.26	113
39.63	82
34.8	148
35.04	141
36.39	187
49.75	16
33.74	155
35.23	155
36.15	124
33.55	90
33.43	60
35.5	91
34.67	56
34.31	127
33.86	125
34.44	134
34.17	148
34.7	100
33.78	34
33.37	146
35.06	189
34.2	73
36.19	91
58.7	16
34.96	92
40.29	74
34.64	93
47.94	11
47.26	2
35.09	105
34.98	139
35.86	107
34.64	154
34.54	58
36.47	145
36.43	145
77.3	0
34.33	147
36.16	117
35.33	94
35.48	153
35.89	89
35.02	64
33.72	35
35.24	122
34.69	133
49.52	14
34.31	41
36.12	155
62.56	12
35.05	64
34.86	152
34.76	128
33.21	151
34.35	135
33.92	52
36.24	112
35.21	104
33.97	153
34.77	68
35.63	115
35.35	148
35.18	147
58.89	14
43.21	53
35.68	118
34.25	149
33.5	23
34.29	130
34.35	131
35.04	132
34.25	137
65.61	10
33.86	153
34.92	144
35.16	113
34.03	65
35.89	117
45.66	7
62.31	8
39.19	97
33.73	136
33.74	155
33.11	41
34.89	147
34.38	125
34.22	134
33.26	150
35.83	139
35.59	136
35.47	130
36.7	152
35.29	152
36.16	121
34.61	151
35.7	115
49.46	2
35.58	144
35.67	133
35.2	68
46.2	10
34.87	265
35.76	133
55.88	62
34.8	262
34.24	120
34.81	152
35.24	159
35.02	201
49.2	12
34.93	140
35.46	78
62.65	17
33.9	146
35.31	65
34.33	147
35.04	134
36.6	143
39.82	103
34.37	118
34.45	112
35.71	110
34.1	130
35.3	65
35.35	152
46.02	10
33.92	139
34.58	57
35.35	117
47.5	11
33.71	146
32.21	4
34.09	110
33.93	144
35.71	105
34.81	98
34.4	76
35.09	193
35.41	84
70.42	23
34.11	155
37.61	141
34.77	116
34.81	129
33.61	106
36.18	117
33.63	142
33.99	134
33.75	101
49.32	11
35.11	125
35.06	59
36.23	124
36.23	121
35.16	144
35.11	105
34.18	155
35.3	131
34.9	145
34.3	139
33.15	148
34.56	112
32.45	140
36.49	150
34.9	85
33.9	132
33.5	47
33.47	145
34.6	120
47.67	8
34.61	143
34.91	102
34.13	102
34.32	138
34.55	133
34.7	189
34.91	116
33.42	138
49.32	19
38.54	9
37.2	104
36.12	157
35.71	101
36.29	68
50.3	19
35.69	98
34.45	124
64.76	7
36.08	127
34.98	108
59.25	2
33.78	113
34.45	138
34.14	274
33.31	153
34.67	227
33.77	183
33.89	150
35.86	96
34.39	91
33.72	208
32.83	60
34.13	59
34.66	111
33	126
34.41	135
33.41	82
34.1	95
33.23	103
33.76	118
33.97	127
34.24	117
48.79	18
32.97	143
32.74	54
35.08	66
33.93	126
32.51	33
33.29	152
34.91	49
34.86	143
34.43	139
34.86	81
34.17	145
50.89	13
48.93	4
35.52	96
34.17	146
34.64	54
64.27	7
35.73	126
35.51	64
34.76	154
36.44	109
35.8	166
33.3	127
33.99	135
34.24	264
49.86	17
35.6	135
37.42	78
50.36	12
35.94	225
48.46	8
35.36	155
34.13	44
36.66	124
33.18	18
35.48	109
35	190
36.32	102
35.62	133
36.69	142
37.49	100
49.43	5
35.52	125
35.36	115
35.32	64
36.58	125
33.38	130
33.56	143
33.87	110
34.29	150
58.61	4
33.49	54
32.91	154
33.78	72
34.02	125
33.36	130
33.42	110
33.44	152
33.39	152
32.69	146
33	134
34.63	58
34.04	100
33.94	137
33.5	94
34.1	91
35.3	87
34.5	152
34.43	111
34.32	145
33.13	155
35.2	151
62.77	13
35.37	90
35.32	137
35.9	135
35.42	75
35.29	118
33.6	104
32.9	135
31.94	150
36.33	115
34.48	78
34.35	100
34.01	153
33.9	176
33.32	129
34.36	146
33.45	151
33.4	124
49.16	1
48.4	19
33.76	158
33.19	87
33.52	152
33.91	145
32.62	73
33.67	149
33.13	76
32.24	152
34.88	78
33.89	105
34.18	167
33.69	91
33.53	210
32.93	61
34.7	28
36.7	131
32.73	39
35.86	94
35.3	123
35.18	83
34.7	241
33.64	127
34.76	132
63	12
35.4	169
65.34	4
36.07	112
36.34	118
35.84	142
35.52	276
35.19	143
33.54	36
35.9	152
35.6	153
34.09	149
34.46	148
35.61	231
34.14	150
35.93	114
35.83	144
34.22	18
63.4	12
36.1	112
36.18	64
35.06	122
32.62	41
34.36	52
46.32	5
34.55	138
34.7	61
34.96	121
34.02	109
35.74	114
33.87	23
34.48	202
61.3	13
33.91	128
34.37	128
34.97	149
34.19	96
34.88	97
34.39	137
33.33	144
34.72	81
55.07	26
35.18	134
33.45	88
31.93	155
33.6	52
34.51	71
34.76	54
34.07	129
39.4	85
34.6	80
36.82	145
35.5	101
49.99	5
35.92	132
36.2	100
34.76	119
33.22	152
35.04	72
35.78	144
36.39	74
35.09	88
33.49	108
34.06	100
34.72	132
33.67	119
60.63	8
33.53	144
33.47	144
32.39	28
32.76	121
35.31	139
35.75	110
36.28	151
48.97	3
33.86	48
35.34	154
35.34	154
36.43	126
35.93	139
35.15	155
34.02	115
33.24	152
61.43	4
33.48	101
33.38	100
35.45	117
34.9	132
33.36	149
33.32	142
32.9	121
35.21	127
48.45	1
34.36	152
34.03	80
35.64	153
35.41	169
35.1	139
37	107
35.6	114
35.28	70
36.33	73
35.44	118
34.47	137
34.87	90
34.37	242
35.17	104
63.64	12
33.34	105
36.11	116
35.68	125
32.83	120
32.62	154
33.96	122
32.54	48
35.24	66
33.46	100
34.35	106
32.85	147
49.26	18
32.99	142
33.72	118
34.24	89
46.32	16
30.98	16
57.12	26
33.79	153
39.13	79
34.27	59
35.21	112
33.94	129
34.04	64
35.26	104
32.71	124
34.06	122
33.06	115
34.57	104
47.42	16
34.48	140
33.61	148
35.05	133
34.67	171
35.78	122
35.55	211
36.78	133
35.39	133
35.09	254
35.37	62
37.66	127
48.56	5
34.37	27
47.35	4
35.22	147
36.51	148
35.73	69
35.76	128
36.91	145
37.28	107
35.55	66
35.67	126
35.22	142
35.49	148
35.36	151
48.68	4
48.09	10
35.12	115
36.03	96
34.81	120
35.51	112
49.31	2
35.99	126
47.9	11
36.29	142
35.6	132
36.71	60
34.27	153
34.97	46
33.24	29
33.84	132
35.52	67
35.15	109
49.43	2
34.29	149
35.32	115
51.26	4
48.96	1
33.76	123
35.6	86
35.64	277
34.7	149
35.32	115
36.4	106
35.95	111
48.54	3
34.56	134
34.04	49
35.63	90
35.68	123
36.96	107
36.42	132
35.81	134
35.58	152
35.98	122
35.33	136
35.31	127
34.98	122
52.32	6
49.57	5
35.55	126
34.86	208
36.3	147
36.29	131
36.24	93
34.99	147
35.67	129
35.34	141
36.6	87
56.64	3
34.32	138
35.06	57
35.19	88
34.04	141
36.88	106
34.15	143
49.39	0
36.07	103
36.42	79
35.2	13
33.08	25
36.09	197
35.12	83
34.54	106
35.45	148
41.46	65
33.93	146
34.94	116
34.74	204
35.26	58
61.9	19
33.92	107
35.59	108
33.43	137
34.41	163
35.17	113
33.41	107
34.69	184
31.98	25
31.49	5
35.24	85
33.46	122
32.7	150
33.54	141
33.74	146
34.54	153
60.36	15
39.63	73
34.75	146
35.76	93
33.87	84
34.84	138
45.39	1
33.76	135
61.05	9
34.55	42
35.61	98
35.05	91
35.55	97
39.76	81
33.05	127
33.08	50
33.24	149
36.53	127
35.39	148
34.54	139
36.19	159
35.9	119
36.74	94
35.4	86
34.54	154
35.26	225
48.07	8
34.92	44
35.75	131
34.83	127
36.92	117
36.46	144
35.17	240
49.07	2
34.65	44
36.31	102
35.31	158
49.6	20
35.71	128
34.86	33
35.02	142
64.59	9
36.11	105
34.98	151
35.76	146
34.52	152
37.33	52
33.77	84
34.86	123
34.95	114
60.99	21
40.08	74
35.72	147
37.91	128
35.61	95
34.98	87
33.9	146
34.43	146
48.65	3
36.15	165
35.55	144
36.26	136
37.38	110
36.32	65
35.37	91
35.53	229
36.56	121
34.74	120
35.05	93
35.03	91
33.15	144
47.25	2
33.7	63
33.38	24
34.39	129
35.01	155
36.14	79
36.1	40
34.8	136
46.51	6
35.56	202
35.11	106
35.61	67
50.12	13
35.8	52
35.26	144
47.5	8
35.32	147
34.5	142
32.91	145
35.3	150
35.2	229
32.41	44
61.59	8
32.58	154
33.78	155
34.84	126
34.97	116
35.02	145
35.06	143
36.12	114
37.6	118
34.2	26
35.13	139
35.41	153
36.6	86
36.17	149
37.01	108
34.82	140
35.51	127
35.45	155
36.5	74
36.17	93
35.73	135
35.03	56
35.58	136
49.89	8
33.98	125
35.42	139
46.23	10
34.82	260
35.01	142
50.82	4
35.66	97
36.1	160
63.69	21
32.32	14
34.32	155
35.28	80
35.61	145
36.69	129
33.87	153
47.93	1
34.8	96
34.82	147
36.02	131
34.32	62
34.82	118
35	75
33.79	58
34.58	84
33.17	51
33.78	136
33.79	119
33.75	122
34.43	84
58.59	6
50.1	7
35.57	83
35.67	69
35.4	144
34.2	122
34.18	137
36.53	122
37	112
36.15	143
35.08	260
34.82	79
34.09	155
34.16	153
35.41	194
46.2	9
35.05	67
36.92	86
34.49	145
58.74	15
34.02	112
33.28	154
40.15	76
33.94	134
34.19	145
59.25	14
33.96	78
33.92	121
34.51	137
34.29	93
34.42	108
35.23	122
33.6	142
34.71	115
36.18	107
65.36	10
35.48	115
48.3	10
33.19	155
35.08	123
35.82	54
35.73	152
34.43	151
35.19	225
35.78	154
36.2	127
36.17	117
50.15	14
34.77	144
35.8	134
35.14	80
34.59	66
47.69	11
33.83	102
34.82	130
34.77	44
35.39	119
35.64	121
34.02	151
33.88	20
60.42	13
46.31	3
34.63	156
33.46	137
35.1	97
61.98	13
41.25	72
34.95	123
33.87	149
35.08	123
33.96	89
36.48	149
36.99	131
35.28	144
34.45	135
34.45	129
34.52	154
49.08	3
35.8	133
35.04	123
35.4	140
34.5	119
32.73	144
34.03	226
33.67	99
63.28	5
34.61	102
34.5	108
34.34	49
34.5	109
33.2	85
49.99	18
34.84	100
33.54	143
34.02	132
33.55	267
36.14	111
32.76	140
59.55	24
34.5	132
34.22	133
34.58	126
34.28	122
68.86	9
35.32	97
33.71	64
33.62	118
34.85	90
34.59	144
34	121
35.48	135
35.44	133
35.07	118
39.51	70
56.62	0
32.52	129
34.42	94
34.78	154
34.9	99
35.03	136
34.99	110
36.33	137
34.61	71
36.39	188
63.5	8
37.21	79
34.6	73
35.87	135
34.18	136
34.39	155
37.24	119
33.84	71
34.34	113
35.77	65
33.53	92
34.84	122
33.78	142
34.98	93
33.25	45
32.33	38
40.47	73
33.19	149
34.56	58
35.02	133
33.19	38
34.93	47
34.11	46
31.02	25
34.46	141
34.17	124
30.8	27
34.69	80
34.45	135
33.68	41
39.67	80
33.64	145
62.8	8
35.16	87
33.95	134
33.77	155
34.26	46
34.41	95
34.61	116
31.88	155
34.27	134
34.33	104
35.72	79
34.39	133
34.92	128
34.88	103
49.65	173
35.12	50
36.44	202
34.98	118
47.97	5
34.38	108
65.67	8
34.9	150
32.83	12
35.11	124
34.2	44
34.93	126
63.11	4
35.08	134
47.08	7
46.1	12
35.05	140
35.55	116
47.74	13
35.62	111
35.26	65
34.78	215
34.71	115
33.88	146
33.19	70
33.71	154
33.31	150
33.85	84
34.6	87
39.57	79
61.93	19
34.49	88
35.53	154
33.29	97
70.29	20
49	3
35.79	126
35.35	126
36.53	125
35.28	138
34.73	71
32.2	155
32.56	42
34.82	86
39.47	72
33.37	136
58.21	16
33.7	55
33.33	145
45.66	3
31.89	153
35.26	42
34.19	97
35.31	61
37.26	86
45.74	2
35.09	146
34.95	153
35.22	264
35.79	178
36.52	113
33.56	144
34.2	99
33.38	154
35.84	111
35.89	77
61.85	11
41.38	72
33.45	148
35.35	133
47.17	3
38.01	131
35.91	130
39.94	74
33.76	155
35.47	87
61.17	0
36.58	140
33.79	145
52.96	15
34.86	91
33.46	132
33.19	153
33.09	127
34.41	152
58.89	10
32.78	124
32.27	154
33.89	98
35.26	80
34.63	83
34.21	104
58.08	16
35.59	65
32.06	139
34.25	144
31.52	13
33.36	154
34	128
34.35	131
36.47	132
35.31	59
33.57	153
66.39	9
35.06	122
35.94	97
34.09	152
35.36	122
36.14	62
34.93	142
35.56	137
62.42	13
35.02	96
35.24	145
35.74	113
34.45	115
34.61	276
33.1	49
35.19	69
35.1	119
35.4	146
34.39	115
61.57	6
36.27	114
34.2	128
33.81	133
34.49	101
48.02	13
33.6	143
35.63	100
33.44	45
40.59	76
34.8	276
36.04	94
34.82	115
35.07	150
35.05	61
37.69	135
35.67	133
34.99	129
61.59	12
35.81	120
36.2	98
34.97	143
51.26	11
35.35	132
35.31	131
35.58	54
36.66	131
34.72	128
35.37	99
34.29	148
35.07	103
34.79	125
33.15	150
34.44	86
34.49	209
34.2	86
60.61	23
33.69	145
35.02	118
35.18	110
35.18	110
34.02	141
34.76	141
33.27	153
34.42	134
32.38	138
33.96	146
34.56	92
47.9	5
61.3	7
34.64	79
34.29	99
35.48	268
34.74	129
34.52	110
34.65	118
34.98	102
35.23	81
34	138
34.78	137
33.47	57
34.66	132
34.09	54
35.06	113
34.18	131
34.6	121
35.42	104
68.05	8
34.94	142
35.26	123
34.99	46
35.19	137
34.72	64
36.21	88
35.22	117
35.87	92
64.43	7
36.07	211
34.16	74
34.57	92
34.05	149
60.59	23
35.78	72
34.06	42
34.66	132
34.71	153
33.51	124
44.88	11
34.14	49
34.88	15
36.37	150
46.66	8
36.23	118
40.35	57
38.07	133
35.39	150
35.59	99
34.58	115
36.98	117
35.78	114
35.97	104
34.62	112
63.15	7
42.51	35
33.78	111
34.95	95
33.43	147
33.98	101
34.13	90
34.04	141
40.95	70
34.79	137
35.93	224
34.47	120
35.59	123
34.64	139
34.57	142
36.25	102
34.8	99
32.92	141
33.77	151
46.39	6
33.57	152
32.43	132
35.49	118
35.09	145
35.14	121
35.09	131
32.2	5
50.33	10
37.82	101
34.34	98
36.28	144
33.98	153
36.04	123
35.16	42
34.54	150
35.36	149
37.19	129
33.75	51
62.35	2
33.59	150
32.69	52
47.82	17
34.51	118
34.62	79
33.38	53
33.4	119
33.6	155
33.62	102
34.34	101
33.39	133
33.32	152
32.1	26
34.02	60
35.88	109
56	12
33.26	240
40.92	69
33.76	32
35.93	65
35.11	144
34.61	95
49.94	10
34.18	66
36.51	82
35.45	135
50.62	10
34.27	155
35.77	129
35.8	55
36.85	186
35.31	67
33.94	138
47.72	12
49.82	13
35.2	237
34.96	126
34.7	154
37.92	130
51.11	16
60.07	2
33.89	143
40.33	75
36.62	86
35.07	262
35.18	123
36.34	124
34.49	39
34.02	105
33.27	151
33.16	64
34.43	144
33.44	108
34.02	129
34.32	134
32.79	151
36.24	62
33.58	108
35.05	63
31.75	58
33.86	75
36.75	122
33.85	136
33.94	131
33.97	104
32.73	155
33.02	58
32.72	85
35.02	97
31.68	155
34.29	124
33.75	155
34.96	121
33.39	142
33.92	260
34.59	117
33.7	55
32.16	150
50.28	2
34.9	68
36.43	137
34.84	148
34.98	114
34.96	60
34.65	152
36.54	132
35.99	86
34.96	136
35.93	82
35.29	164
33.16	93
34.09	142
34.12	143
33.46	50
34.88	139
33.41	140
34.67	139
34.37	75
58.57	13
33.3	247
34.2	143
34.25	121
34.07	113
33.41	258
34.42	133
35.03	138
33.74	136
34.85	153
44.36	22
44.1	10
34.07	112
32.3	5
35.13	118
34.3	96
33.14	119
34.17	139
34.39	77
34.37	81
33.49	146
33.78	132
35.39	124
33.82	87
67.76	7
34.06	154
33.89	58
35.29	72
35.6	115
40.67	71
33.84	147
34.83	73
35.85	126
32.72	154
39.45	82
34.45	155
35.88	86
49.12	13
35.42	48
61.8	10
35.4	126
35.92	95
48.88	0
35.71	141
35.21	89
34.9	144
35.83	192
34.52	84
35.01	149
33.8	155
34.35	109
33.8	110
34.4	122
35.41	168
33.99	138
52.82	7
33.53	133
33.22	30
35.23	106
35.52	93
36.06	84
34.32	126
100	0
35.96	151
35.5	77
36.41	99
35.86	145
34.68	85
36.94	159
36.11	139
37.1	42
34.21	127
35.56	116
34.31	261
34.84	95
60.25	6
46.76	9
34.17	90
34.58	122
34.58	140
35.53	132
68.02	9
36.7	80
34.81	139
34.94	138
35.6	105
33.57	107
34.61	143
35.49	258
34.7	117
35.27	140
35.98	83
52.06	3
35.15	75
62.62	23
34.62	139
37.14	132
39.16	146
34.32	109
34.89	123
61.38	4
33.48	85
32.68	141
34.64	123
34.5	107
33.29	120
34.27	88
33.85	43
32.48	132
34.47	105
33.09	128
56.17	16
35.96	123
33.94	55
35.66	98
45.57	7
34.93	88
33.38	154
34.44	271
34.2	121
33.14	35
34.67	153
32.62	143
34.72	139
63.61	5
34.17	89
34.92	134
34.75	74
33.42	151
34.94	99
33.34	147
34.89	131
48.18	19
33.65	73
34.12	279
34.31	34
33.38	135
34.46	109
35.51	85
44.96	27
34.74	70
34.53	107
34.74	70
33.91	138
34.48	121
33.97	44
35.25	95
33.78	131
33.43	77
34.42	60
60.25	10
33.9	146
34.69	132
32.48	143
47.39	19
32.75	111
32.99	151
35.1	76
33.74	119
33.41	59
59.08	3
34.63	61
35.02	104
35.17	121
31.92	148
39.21	54
34.84	98
33.62	155
34.07	130
34.35	64
34.42	136
33.63	120
34.64	71
51.26	19
50	2
34.41	124
33.65	135
34.53	66
34.13	147
34.66	126
43.82	11
34.4	138
34.15	153
35.75	218
34.11	96
34.91	149
37.79	149
35.33	77
35.56	189
48.97	23
34.49	152
35.15	143
35.77	151
34.75	122
35.74	193
34.67	99
35.37	137
35.08	144
33.1	28
48.93	7
35.39	79
35.31	117
33.54	132
33.73	23
34.4	148
35.32	135
35.26	131
33.35	151
33.93	121
61.01	11
35.8	84
36.42	132
36.06	126
35.21	46
34.91	88
63.74	8
36.24	140
35.67	84
36.13	131
34.42	127
32.69	143
32.67	114
62.64	5
33.16	133
33.79	151
33.41	130
34.37	150
34.73	74
34.87	141
35.84	111
40.94	60
33.9	167
35.29	125
34.35	59
33.6	151
33.63	96
35.2	140
33.15	57
34.42	154
35.18	171
33.82	72
33.53	147
34.27	115
63.5	5
34.15	102
34.2	147
33.95	137
32.4	146
33.99	146
33.88	150
32.69	143
32.81	114
34.37	150
62.64	5
34.97	209
34.51	147
34.54	74
34.4	139
35.92	111
34.37	140
35.17	122
33.04	129
35.32	208
35.86	125
36.78	110
33.05	44
35.27	252
61.02	7
36.41	118
35.75	109
34.19	118
34.12	143
34.61	141
61.01	7
35	215
34.62	145
47.25	6
36.21	139
35.49	140
33.14	19
35.66	142
35.13	70
35.81	145
33.12	35
37.41	102
36.13	179
34.51	33
47.04	5
35.6	145
37.28	126
35.37	259
36.61	127
37.78	57
37.09	69
35.7	131
36.17	153
47.31	4
35.41	231
35.62	148
33.23	28
34.94	138
34.15	129
34.92	106
33.48	51
33.85	91
34.01	115
33.52	153
32.78	24
32.19	18
34.51	132
33.15	134
34.36	133
34.22	153
33.95	139
35.81	147
32.89	38
34.4	58
35.14	58
35.78	102
35.06	76
34.92	128
35.7	133
34.5	119
65.62	10
48.42	14
35.53	168
44.98	46
35.35	97
35.67	144
34.44	55
36.65	134
35.74	121
37.36	97
33.51	150
57.78	55
35.83	109
35.48	134
35.57	93
36.02	263
37.4	110
35.1	126
34.84	109
33.94	91
36.03	97
61.72	11
40.97	69
35.18	103
34.38	154
35.2	113
33.77	154
36.44	84
50.9	11
35.98	114
35.84	90
34.77	147
34.95	70
35.76	71
35.87	82
35.14	208
34.88	125
35.5	151
35.32	137
35.46	66
49.88	6
35.81	121
36.2	195
47.34	36
35.73	104
34.7	255
36.44	148
35.92	77
34.67	152
34.38	139
34.87	222
34.65	128
33.95	145
33.82	141
35.02	106
35.07	97
62.41	5
34.21	123
34.19	152
36.13	126
47.63	8
35.11	139
35.09	157
69.81	20
34.94	139
35.26	181
46.92	8
49.06	7
35.75	46
34.97	133
35.16	140
36.84	116
36.88	89
36.21	153
36.54	88
36.06	80
37.28	127
36.21	189
34	152
35.08	131
34.56	63
35.09	79
35.87	186
35.32	150
34.66	102
34.24	112
36.34	96
41.4	56
36.22	131
36.46	108
35.1	149
36.86	46
36.13	138
35.88	128
36.65	115
49.86	20
36.09	143
36.4	210
33.64	58
34.58	145
50.22	8
35.34	71
35.87	154
35.45	56
34.89	97
34.22	61
35.37	127
48.95	15
35.57	114
36.34	122
51.83	150
34.76	244
37.73	100
35.81	114
35.07	255
35.37	69
34.51	21
32.94	147
35.9	70
35.55	62
35.98	83
34.96	96
34.07	121
34.2	151
58.62	3
34.59	150
35.27	127
35.11	38
36.94	116
37.06	142
61.61	11
35.37	99
35.73	153
36.13	143
49.26	6
35.64	148
36.37	129
34.53	146
58.71	17
33.39	92
35.41	126
36.09	137
33.67	137
35.53	138
40.15	71
34.85	155
32.87	141
34.38	145
48.05	16
35.04	121
35.93	131
49.59	10
48.03	6
36.49	119
36.16	122
35.64	141
34.1	133
33.2	144
33.95	145
35.06	100
34.9	95
35.03	137
33.68	142
63.77	9
35.3	89
33.94	112
34.12	64
36.59	68
32.63	13
35.52	153
35.96	60
35.61	96
36.49	101
35.33	126
35.02	141
34.28	130
37.26	137
34.15	153
34.59	72
51.22	11
34.59	271
35.21	93
34.17	154
35.1	134
35.54	121
34.58	142
35.74	122
33.68	145
62.26	7
34.92	274
41.22	71
31.74	117
32.3	46
33.84	247
33.56	144
34.53	40
35.27	89
35.85	125
39.75	37
35.55	129
35.94	147
34.92	110
34.36	101
36.65	99
34.24	263
34.82	142
62.96	9
34.39	103
34.72	178
41.33	52
35.97	157
34.66	109
34.55	148
33.98	140
35.21	65
35.01	42
36.1	97
33.86	109
52.27	3
33.83	150
33.42	24
40.57	46
33.78	263
35.02	83
33.46	128
34.18	129
34.02	144
34.16	154
33.87	148
35.34	147
34.57	37
35.42	150
44.96	10
34.49	150
35.05	91
33.31	154
35.21	173
49.72	4
36.24	118
36.01	121
36.91	118
36.96	141
34.79	269
35.03	154
49.23	3
48.25	29
49.83	6
35.54	166
35.68	141
34.22	135
34.91	92
35.18	141
35.78	77
32.17	33
34.25	142
55.61	10
47.12	9
33.13	148
34.17	170
34.65	148
33.88	130
49.98	15
35.69	91
33.84	84
32.85	137
61.6	5
35.58	130
35.2	141
35.12	128
35.54	130
34.39	139
61.71	5
32.66	137
50.17	15
33.9	149
34.1	130
32.9	151
50.31	14
33.93	112
32.95	150
33.98	116
34.24	135
35.88	163
34.92	92
32.28	155
33.74	226
58.84	25
35.51	125
34.29	148
34.12	153
34.31	126
33.22	111
34.05	82
34.46	138
34.72	103
62.25	9
39.42	81
41.65	28
35.24	114
32.92	146
32.06	142
59.91	10
33.67	255
35.42	143
35.43	133
33.15	129
33.65	97
34.89	59
34.04	125
33.5	24
48.86	16
32.99	136
60.68	18
33.84	52
34.5	98
33.03	148
35.52	97
34.08	101
62.24	14
35.64	75
33.64	126
34.61	147
33.53	147
35.59	111
33.86	95
33.68	127
40.63	71
33.73	155
33.23	140
33.77	152
60.84	12
33.62	111
33.7	69
34.73	101
33.85	241
33.74	155
34.46	106
33.98	101
34.11	174
33.86	269
34.25	99
33.44	125
32.66	126
47.78	18
33.96	151
34.2	271
32.92	150
34.05	71
33.94	148
34.55	95
34.36	217
34.54	150
34.17	125
33.34	122
34.21	131
33.75	115
33.96	153
35.39	140
34.26	125
36.15	142
35.72	97
35.47	138
34.52	102
33.52	125
34.16	138
59.42	10
34.1	152
35.79	179
33.8	34
34.72	251
35.24	128
35.22	150
34.3	150
41.24	67
60	6
34.79	121
36.56	56
37.32	99
34.13	261
34.68	106
33.38	140
34.66	81
35.18	204
34.5	123
34.42	104
35.95	94
33.97	103
33.03	149
35.54	173
34.5	264
35.19	120
33.92	87
35.38	105
34.88	142
33.82	79
37.28	128
34.2	97
35.17	139
34.27	135
33.78	134
62.72	4
34.08	205
33.97	153
34.55	57
33.48	41
49.2	16
33.75	146
32.58	35
34.38	156
32.92	143
32.95	150
62.98	5
33.79	49
34.07	135
34.42	125
34.62	137
35.84	111
59.75	10
33.53	152
33.22	88
34.46	127
33.36	134
34.77	151
34.15	104
34.02	145
35.1	176
33.16	137
34.01	79
34.54	154
35.56	79
34.15	154
35.9	103
49.88	4
36.34	85
35.4	32
50.62	3
35.91	146
34.9	149
34.84	63
35.01	132
35.27	150
33.44	57
35.53	226
31.88	153
34.12	110
34.65	90
53.4	23
34.16	155
48.03	7
35.39	152
34.78	91
35.06	122
36.05	156
34.75	95
34.75	277
36.12	123
35.45	104
34.02	100
33.34	48
33.4	99
34.2	108
35.2	100
33	151
34.03	81
33.72	89
34.52	130
32.64	154
32.82	112
33.26	154
31.08	6
33.62	42
59.58	10
34.04	133
35.05	121
34.57	115
35.41	132
34.24	55
37.1	98
34.88	87
35.05	28
34.39	31
35.03	154
40.1	75
53.41	16
36.56	130
59.54	5
33.81	68
34.18	133
34.52	41
33.2	85
35.47	53
33.09	149
69.89	10
33.42	120
34.8	92
33.22	150
32.37	137
34.24	83
34.54	106
32.56	151
49.11	16
50.53	0
34.28	147
34.33	57
33.07	127
33.4	94
33.31	133
34.6	52
48.26	3
36.47	161
35.85	33
51.34	7
34.48	147
48.58	2
48.37	13
34.42	153
36.22	149
49.93	18
35	118
33.58	135
34.18	45
33.24	153
36.73	125
34.59	139
64.91	6
34.45	259
35.05	132
41.79	59
35.43	103
33.73	149
35.49	121
31.41	9
35.45	149
34.82	112
32.81	49
35.96	96
58.97	2
34.24	116
34.32	50
33.57	145
35.72	108
35.63	149
34.2	152
35.14	87
35.5	135
60.34	13
34.94	154
32.98	142
34.4	237
34.89	123
35.56	85
33.54	49
33.34	142
61.87	7
34.13	155
32.82	154
33.63	118
33.23	152
33.38	146
33.57	155
33.9	122
34.82	136
33.3	83
34.64	107
34.14	141
35.11	116
34.49	229
33.28	140
34.36	99
34.88	152
33.72	189
32.75	21
33.75	123
34.64	140
32.63	145
34.25	100
32.65	17
34.95	140
35.01	71
59.45	8
32.71	154
33.53	87
32.31	23
33.08	140
35.35	155
32.82	109
34.17	190
36.76	102
36.69	43
47.74	3
34.85	34
36.29	151
35.04	132
34.69	105
33.16	24
36.36	123
35.51	65
33.68	139
34.76	145
34.74	76
34.76	65
33.34	143
33.38	128
35.23	107
33.93	83
34.52	86
32.92	61
34.1	150
35.37	132
36.64	105
48.72	0
35.16	112
34.26	150
33.95	144
36.26	97
35.86	252
35.44	127
36	122
34.34	145
34.85	48
35.88	51
45.89	11
36.4	106
50.47	15
35.58	66
35.83	96
35.34	150
35.37	79
48.39	17
33.43	149
34.7	137
63.17	6
37.97	39
34.83	70
35.13	77
34.02	82
33.72	115
34.12	117
34.28	84
49.56	18
36.18	123
34.96	187
34.3	84
64.75	6
34.66	134
34.34	84
33.33	44
35.68	134
33.56	149
39.87	75
35.26	143
52.36	15
34.72	275
34.89	87
34.18	144
51.32	4
61.81	1
33.41	152
33.07	149
34.4	147
33.51	127
36.1	102
34.47	151
33.18	149
34.62	132
34.73	121
34.17	115
35.29	138
33.78	115
34.98	150
32.79	133
34.98	100
33.31	54
34.42	86
32.47	42
33.91	140
34.41	131
34	126
60.88	5
33.92	67
35.5	197
47.04	17
35.19	136
36.11	82
36.31	133
34.52	54
35.31	57
30.89	26
33.86	104
63.83	9
33.97	97
33.69	266
34.23	155
35.33	77
33.92	123
34.82	124
33.77	150
35.24	195
35.13	73
35.2	120
36.11	93
36.07	117
50.11	12
35.51	113
36.97	127
34.38	87
33.42	27
33.61	22
34.94	149
35.7	112
35.43	73
34.96	128
35.5	140
45.27	5
34.39	119
34.88	89
34.97	109
35.11	46
33.61	36
35.1	109
35.49	131
63.89	7
36.23	146
36.19	93
34.81	102
35	95
35.34	131
33.35	142
35.95	88
61.3	3
34.91	134
34.66	142
33.35	71
34.67	67
34.63	100
34.2	130
34.8	134
34.18	153
43.39	34
35	96
63.14	11
33.41	24
35.69	77
34.84	63
34.45	54
36.23	127
33.88	154
37.65	118
33.6	150
35.46	83
34.74	128
34.44	147
61.15	12
34.49	89
35.14	91
34.01	146
34.51	154
36.34	129
49.23	14
35.75	129
36.85	121
36.28	122
36.41	138
35.08	52
36	77
35.18	135
35.23	148
35.33	119
33.01	148
33.66	149
34.54	130
59.56	20
34.63	58
39.81	72
32.84	143
34.09	99
32.11	196
34.11	79
46.85	29
34.63	141
34.74	146
34	139
34.06	138
34.78	133
36	158
34.78	67
34.46	55
33.78	155
34.35	142
47.06	14
34.77	100
66.97	9
36.73	135
33.56	148
34.19	155
33.92	264
51.17	18
33.65	40
35.14	108
34.28	264
39.73	82
35.17	132
35.1	251
34.56	109
35.19	42
33.91	144
62.88	8
34.69	145
33.89	137
34.64	108
33.26	32
35.62	127
35.41	152
36.05	166
65.89	8
35.56	138
34.06	142
35.62	109
35.47	137
36.02	250
35.79	154
50.49	18
61.67	8
34.19	135
34.54	107
34.96	118
34.83	117
33.81	144
34.98	55
35.61	150
36.18	147
34.55	150
34.66	120
35.7	135
35.35	136
49.62	14
48.63	3
35.25	215
35.58	128
34.87	147
50.87	14
36.35	122
37.15	87
35.81	102
36.34	122
34.18	150
33.63	146
35.64	97
35.13	125
34.06	114
34.95	136
35.3	155
33.98	45
35.56	137
63.17	4
40.66	76
50.03	9
32.67	151
35.3	135
33.73	60
34.25	59
34.96	113
34	207
34.84	104
33.97	151
33.26	148
32.66	149
34.93	147
34.47	150
34.53	155
33.19	138
58.94	5
34.4	133
34.66	132
35.13	131
47.51	5
34.01	137
35.68	134
33.17	41
32.81	152
34.82	58
32.43	79
34.24	96
32.62	108
34.75	150
35.36	83
34.95	126
33.92	139
60.94	3
34.84	82
33.92	121
35.67	113
33.71	95
33.78	151
33.78	95
33.98	106
35.23	80
35.13	117
59.37	2
33.29	41
34.86	138
34.29	273
33.42	38
35.67	65
33.46	153
33.38	153
34.69	130
35.04	37
34.36	129
35.61	106
31.98	0
34.79	147
63.26	8
34.77	28
35.75	98
32.33	11
34.93	105
31.87	141
60.28	2
34.32	154
34.6	273
33.83	100
33.73	154
32.32	20
35.11	133
41.84	18
33.14	25
43.14	43
33.24	113
35.15	192
33.53	135
33.46	98
34.62	88
34.8	153
36.61	128
34.08	112
33.42	143
34.68	118
48.94	17
34.66	77
33.11	148
33.82	152
60.16	5
35	102
35.64	141
34.42	105
35.7	116
35.87	136
32.76	21
33.72	141
59.67	3
32.58	116
34.45	128
35.18	128
35.48	226
34.2	155
33.93	279
34.2	26
37.33	108
35.48	133
69.15	20
36.44	221
34.85	244
50.41	1
34.64	64
34.7	90
37.15	153
34.97	147
34.92	135
35.37	119
49.53	14
36.5	116
51.82	12
36.24	88
35.33	99
35.43	135
34.91	147
39.76	72
34.83	99
56.72	3
33.36	146
33.54	135
34.65	139
33.91	133
33.81	145
31.98	151
32.8	145
34.81	104
35.46	84
34.52	150
35.62	130
35.66	123
49.36	4
36.08	63
34.52	41
37.16	107
35.29	139
34.29	59
31.84	24
33.69	152
34.07	118
32.12	121
34.36	183
33.17	140
32.91	152
33.08	141
32.77	154
34.82	115
34.18	141
34.94	72
34.86	131
35.1	85
59.98	3
33.91	203
35.14	107
35.52	124
33.36	123
39.74	57
34.15	141
32.4	147
34.45	164
33.42	125
33.99	140
33.46	152
34.97	137
44.75	9
34.31	112
46.21	14
33.88	117
34.36	147
32.78	23
35.43	111
33.9	85
35.05	135
33.18	130
33.88	99
63.2	20
34.43	56
38.14	137
34.48	118
34.97	120
63.65	9
39.48	82
34.82	149
35.82	145
34.82	135
39.77	15
34.04	148
55.89	5
30.65	12
34.99	196
33.17	155
32.7	30
35.35	141
31.67	15
35.87	205
36.05	129
47.12	33
34.34	129
34.6	126
34.85	120
33.97	263
33.35	260
34.53	100
35.46	130
34.94	98
34.77	198
35.1	129
33.65	33
35.15	133
34.02	122
34.74	87
34.39	128
32.66	121
34.38	100
34.78	139
33.84	63
33.27	150
34.76	126
45.56	54
34.09	144
35.18	122
35.28	90
33.2	110
34.35	134
39.99	78
60.22	19
35.45	96
34.42	47
33.84	87
33.28	142
33.96	143
60.12	11
33.85	127
33.46	59
34.5	125
35.7	138
34.16	108
34.5	111
33.2	126
40.1	74
35.18	148
35.58	123
35.19	115
35.07	142
33.6	72
34.3	142
33.15	143
35.12	142
34.74	95
34.27	153
62.15	15
39.83	73
34.34	116
34.15	134
47	4
34.21	141
39.84	81
49.36	14
34.94	116
35.94	101
35.84	103
36.08	95
35.27	147
35.57	154
62.02	9
34.95	185
34.88	145
32.59	140
31.74	155
60.67	7
34.26	197
34	155
34.05	112
33.33	148
32.41	39
48.97	16
58.43	6
35.12	113
32.85	149
34	152
35.16	99
35.31	113
35.08	273
33.18	118
34.58	120
48.42	19
34.98	226
34.73	147
34.65	42
34.84	78
34.06	121
34.72	76
33.63	46
33.12	73
34.73	226
59.57	2
33.7	145
33.31	124
32.7	154
58.91	7
48.74	14
32.65	108
32.39	145
33.54	136
34.3	146
35.16	153
34.43	132
34.63	99
50.25	1
45.88	14
49.3	18
49.79	8
35.52	125
50.7	15
35.24	152
36.95	128
36.68	77
35.77	149
35.41	150
36.13	130
35.76	100
35.48	92
33.85	154
48.91	3
36.24	99
35.88	80
62.04	6
32.54	136
34.12	119
33.82	58
34.16	122
35	128
33.44	137
33.69	153
33.52	126
33.99	97
34.86	100
34.52	153
32.89	65
33.83	70
34.65	139
32.13	79
34.2	52
32.98	149
32.67	147
33.4	83
35.35	132
36	137
32.69	73
35.15	127
35.04	93
49.09	14
35.77	98
34.77	127
34.89	267
35.23	222
35.24	123
35.37	62
33.78	140
33.99	140
34.6	140
66.64	6
34.81	111
32.84	115
34.92	123
34.04	177
34.66	141
35.04	115
32.47	123
35.86	74
33.5	124
34.86	141
33.66	124
34.06	96
32.94	106
34.78	118
50.04	11
34.7	53
35.24	78
35.2	128
35.46	84
33.71	127
34.82	145
34.85	99
35.68	73
35.42	123
34.52	112
33.44	155
34.7	62
33.95	112
34.56	130
33.6	132
36.24	146
34.36	91
59.58	14
34.1	134
34.08	96
33.05	110
33.68	140
34.74	172
33.63	68
34.16	133
32.84	66
34.04	149
34.04	86
33.47	55
36.27	208
34.67	134
33.52	150
35.78	140
35.28	109
34.98	217
47.13	9
35.2	98
63.86	12
33.23	154
33.33	112
33.6	116
32.22	13
33.57	181
31.65	148
31.45	106
32.59	62
33.39	224
31.08	85
34.45	152
34.78	215
65.25	17
33.8	113
33.01	143
34.49	161
34.32	140
34.53	129
34.81	150
34.67	131
34.43	142
33.29	134
35.8	63
33.2	142
34.56	76
33.94	132
34.22	262
34.23	132
34.14	130
32.67	49
32.84	25
33.53	173
34.97	130
56.03	15
33.66	145
43.76	35
47.52	18
48.32	17
46.82	7
33.84	148
34.85	148
32.32	173
34.14	168
33.85	158
33.05	97
34.76	155
32.32	155
34.25	302
35.72	128
34.05	148
33.45	122
33.98	162
33.94	121
33.89	132
33.95	257
33.03	159
33.71	162
33.41	159
33.86	139
33.11	175
34.65	153
33.27	172
35	106
33.99	155
32.6	161
32.87	168
33.15	166
33.52	168
32.85	167
33.85	160
32.33	166
59.22	50
33.82	138
32.59	33
33.67	142
34	138
33.32	28
35.03	153
31.51	171
34.68	155
33.32	174
41.97	21
44.06	10
42.19	21
44.47	11
41.77	16
43.79	13
33.79	156
33.45	175
34.62	85
35.03	153
33.04	159
33.64	108
34.06	80
32.64	148
33.05	169
35.06	97
32.87	174
32.91	174
32.78	143
57.27	29
44.94	7
33.96	163
42.77	38
48.57	17
34.37	167
47.68	16
33.7	150
32.67	147
34.62	153
56.38	15
32.61	158
33	137
33.23	153
45.66	21
33.38	135
34.54	127
33.26	174
41.4	10
55.56	14
32.35	165
35.26	124
34.7	135
35.72	80
33.56	141
34.55	172
32.27	168
32.56	174
35.04	137
34.75	145
32.15	158
34.8	154
33	158
33.26	170
34.44	165
36.59	84
34.78	64
34.44	138
33.05	165
35.13	132
33.29	165
33	173
35.01	137
33.96	172
34.76	300
44.12	15
34.68	154
33.41	165
32.02	151
32.2	174
34.17	164
33.83	163
34.82	73
35	166
33.9	175
43.56	25
34.98	126
33.98	171
33.66	148
34.61	161
35.22	141
34.7	132
33.26	113
34.76	150
32.83	114
34.43	161
34.56	138
32.65	163
34.4	134
34.87	134
60.21	57
33.26	162
45.7	12
33.85	130
33.16	147
42.49	29
33.73	116
34.8	163
56.97	21
34.97	163
32.68	159
46.05	8
33.23	171
33.82	148
33.71	338
33.23	55
35.99	125
32.63	163
34.55	238
32.78	169
56.84	18
47.6	9
34.49	142
54.32	30
34.72	35
33.78	151
44.67	26
55.54	29
34.85	281
35.29	201
34.73	165
57.32	30
58.12	17
33.64	98
32.69	171
42.79	29
34.67	116
33.7	149
33.24	169
33.17	146
46.49	20
33.21	171
34.77	159
32.24	165
45.82	7
35.66	162
32.32	158
33.48	170
41.13	25
56.5	25
34.17	137
34.92	133
44.79	27
34.27	45
41.94	36
34.7	234
49.73	13
34.1	141
33.79	288
55.68	29
46.95	9
34.72	67
33.67	172
33.68	174
34.71	134
32.88	175
33.18	237
33.62	145
34.88	247
32.56	156
34.12	120
33.35	162
34.39	280
34.81	219
58.95	55
32.92	166
33.86	173
34.36	145
34.02	172
34.02	142
33.69	142
32.57	175
34.23	256
32.87	149
32.96	143
33.85	170
33.7	113
35.49	119
33.32	163
33.82	164
33.2	172
33.98	148
34.26	146
34.46	146
34.46	146
33.53	111
42.43	22
33.44	172
42.1	25
32.1	41
33.63	155
32.97	167
33.14	165
34.3	285
34.82	142
34.07	305
34.3	138
34.36	120
43.87	17
34.56	65
35.03	65
33.28	127
42.67	19
45.04	15
32.58	169
34.88	129
33.96	131
33.78	158
42.31	16
33.02	169
33.92	126
34.4	169
34.42	145
32.84	175
57.5	15
34.71	153
45.6	10
55.03	31
54.46	35
47.01	16
43.28	38
