sim	len_diff
34.47	46
33.19	49
34.45	31
32.5	61
35.18	63
35.81	12
32.63	63
34.48	61
34.03	63
35.07	65
31.32	112
31.62	63
33.59	100
34.06	82
32.51	120
35.34	40
34.77	39
36.13	113
33.47	94
33.45	121
34.12	60
32.36	59
32.78	30
35.84	83
36.81	93
34.18	110
34.83	116
33.15	106
34.33	55
33.88	82
33.8	95
33.03	64
34.97	92
33.87	108
36.41	92
31.9	12
32.86	133
34.53	86
36.48	27
32.69	57
32.72	61
34.56	96
32.86	4
35.27	41
35.24	96
34.89	61
33.73	3
33.54	54
35.2	98
34.13	120
35.15	44
32.72	121
32.56	118
32.77	121
35.36	89
33.27	102
33	59
34.24	35
31.06	62
34.84	35
32.2	41
33.44	39
32.24	60
31.13	65
33.87	59
33.93	62
32.3	63
33.18	65
35.12	37
35.43	33
32.73	57
31.24	52
33.17	3
34.57	62
34.28	53
32.6	117
32.89	109
36.49	24
33.78	54
33.53	47
35.09	55
33.61	105
37.29	84
32.77	45
32.84	62
31.88	13
31.12	65
34.63	49
33.45	101
37.05	57
32.81	119
31.54	50
30.94	118
34.03	91
35.3	52
34.58	48
33.2	119
33.92	37
39.65	62
32.53	133
34.34	101
32.72	59
36.79	60
34.63	54
35.9	13
33.03	118
34.97	59
35.18	64
33.43	66
36.03	34
33.42	25
33.97	5
32.45	122
33.63	30
31.59	57
34.21	49
34.59	8
31.93	13
33.51	107
32.38	61
33.83	71
32.19	63
32.85	62
34.03	126
33.95	107
33.36	63
33.72	132
32.74	66
35.78	88
35.94	39
32.8	75
32.64	59
30.76	62
33.97	98
34.33	30
32.88	12
31.15	51
33.71	128
32.9	65
31.31	51
36.27	23
33.66	45
32.12	65
34.2	127
32.16	61
31.72	63
32.47	4
31.02	51
31.9	57
34.45	58
34.81	58
33.32	38
34.16	103
30.76	62
34.94	62
33.81	66
33.07	56
34.13	59
33.27	36
34.04	54
36.26	43
34.11	99
32.99	129
33.87	107
34.7	120
32.3	115
35.52	60
33.42	25
35.53	80
33.32	17
34.35	18
35.14	42
35.77	80
33.53	106
33.41	99
32.69	26
32.03	6
33.71	128
34.67	39
34.2	89
32.55	126
33.28	105
32.67	125
33.79	46
35.48	47
33.38	122
33.88	58
32.74	65
33.78	62
35.43	32
32.12	61
33.93	66
34.34	61
35.1	63
32.09	65
33.42	63
33.21	52
33.47	54
33.58	23
35.45	59
35.25	55
32.97	58
34.51	58
31.07	56
33.88	64
33.05	54
35.29	60
36.34	119
34.37	91
33.6	28
33.26	23
32.34	113
33.84	53
33.76	129
31.47	65
33.17	28
34.06	71
32.84	124
35.52	58
33.3	51
33.59	56
34.36	66
31.04	63
33.03	58
34.42	63
33.11	66
30.39	61
30.46	65
33.33	62
33.39	61
32.6	63
33.35	51
32.38	58
32.69	62
32.75	65
33.34	53
33.97	59
35.61	28
33.39	65
33.86	61
32.93	66
32.12	64
34.24	27
31.1	64
33.93	63
35.79	36
32.94	65
34.93	96
32.06	66
32.9	61
33.6	61
33.24	65
32.86	60
34.36	49
34.11	97
34.61	51
32.18	66
35.13	58
33.68	46
32.68	66
33.14	65
33.87	54
34.21	61
35.2	48
33.84	54
33.59	56
33.34	58
31.84	61
34.73	53
32.11	55
33.37	108
34.27	31
31.9	24
34.58	8
32.18	132
36.22	20
34.28	18
33.95	72
33.37	39
31.7	56
32.2	120
31.27	106
34.15	82
33.08	64
32.91	128
34.52	68
34.24	66
35.89	61
31.87	133
37.37	31
32.68	65
31.14	63
35.56	15
35.57	36
34.55	125
35.31	82
35.33	55
35.5	45
34.48	29
33.03	66
34.25	128
35.03	35
32.58	123
34.52	101
34.75	65
34.69	64
32.65	64
33.84	47
35.84	64
33.98	56
33.31	75
33.59	47
31.03	59
35.44	58
34.7	52
34.1	22
35.11	76
32.14	57
31.65	64
35.65	102
34.12	58
35.93	51
34.25	42
32.92	65
34.69	52
33.12	57
34.62	50
33.85	50
34.19	27
36.15	53
33.87	14
34.36	18
34.37	59
35.94	36
33.93	56
32.09	43
35.3	36
34.37	89
34.07	86
32.51	114
34.98	50
35.81	25
36.8	53
32.04	63
32.3	57
32.83	60
34.95	101
35.98	51
34.04	35
34.04	57
33.48	97
34.41	52
33.65	28
33.06	86
36.48	92
34.85	42
33.83	65
36	98
61	16
34.3	86
35.96	35
35.4	91
34.08	54
35.03	40
33.54	50
33.05	47
35.6	90
64.57	15
35.49	73
34.2	55
35.91	32
33.82	74
59.59	16
33.92	83
35.81	33
31.71	58
34.84	40
34.49	41
33.45	61
32.42	52
33.05	95
33.18	72
32.63	79
34.08	49
34.16	31
33.06	32
55.49	18
34.5	29
32.73	45
34.63	65
36.84	25
35.8	92
35.81	31
35.86	40
34.23	95
33.54	13
36.77	17
73.66	2
35.2	65
33.71	45
34.76	50
36.63	53
36.06	48
34.88	92
35.22	23
33.86	46
36.17	18
61.75	17
34.84	28
35.2	65
35.15	74
33.38	67
33.74	20
32.95	75
34.49	59
34.33	31
34.32	71
33.47	82
62.69	18
35.07	47
33.46	77
56.39	1
33.64	53
33.93	36
32.6	41
33.49	90
34.5	83
32.7	98
33.25	81
34.88	81
33.19	60
36.18	51
64.34	13
34.52	11
34.28	55
34.09	81
34.78	40
34.82	76
36.34	90
33.62	32
34.15	101
35.38	46
35.89	54
33.57	59
35.24	55
35.27	45
34.62	88
35.81	56
60.76	15
34.75	48
35.87	48
35.44	106
64.31	18
32.57	100
33.73	56
33.24	57
35.62	98
33.51	102
34.42	33
32.63	102
34.36	67
35.75	48
34.3	51
34.43	88
33.6	58
59.78	17
35.63	78
33.82	96
35.47	62
36.06	25
37.17	42
32.85	34
33.1	7
34.61	39
33.05	40
37.24	36
60.15	18
34.11	106
33.02	80
33.56	31
34.42	31
33.29	42
31.87	53
62.59	18
31.18	49
36.33	54
34.14	35
33.81	43
31.99	51
35.15	46
34.81	53
61.35	18
35.02	52
34.34	37
36.07	79
34.59	77
34.93	41
36.47	86
32.93	28
33.12	11
34.53	53
34.07	30
34	88
33.91	42
34.48	69
33.03	48
33.28	24
33.06	42
60.7	18
33.52	42
34.9	42
36.52	89
34.66	68
35.06	76
33.54	8
61.24	16
36.9	53
35.79	47
34.72	7
35.34	44
32.29	47
32.6	47
36.39	51
35.68	46
33.92	39
32.88	54
61.08	19
35.05	43
32.73	49
34.06	59
31.85	14
32.85	30
34.4	90
33.3	49
32.69	71
33.49	59
35.3	47
57.7	14
33.47	9
34.11	9
49.21	11
33.04	53
34.5	43
36.63	35
34.01	53
35.71	30
33.37	58
35.37	99
36.6	39
34.55	97
36.56	44
33.72	14
35.17	100
35.47	39
35.92	57
37.96	32
55.38	13
33.9	28
34.66	101
34.97	59
30.62	55
32.8	58
35.86	41
36.19	29
59.56	13
34.35	66
37.09	27
35.39	37
38.26	25
33.49	42
34.75	57
33.95	35
34.78	75
36.37	43
36.22	68
35.18	57
62.75	14
35.75	53
33.6	47
33.67	51
31.34	20
32.66	93
57.1	11
33.47	90
34.52	105
32.89	53
33.79	56
34.59	45
35.3	17
34.99	40
36.14	78
60.03	17
37.57	18
35.73	76
34.89	53
38.17	34
34.27	106
34.78	54
36.62	52
35.37	91
34.89	59
34.75	47
32.43	55
35.83	53
34.3	31
31.23	6
55.43	1
34.37	5
34.41	87
33.21	17
60.3	14
35.87	36
34.19	90
36.03	80
36.8	34
34.54	84
33.21	48
34.33	106
33.36	95
34.61	100
34.86	30
32.98	59
35.54	103
59.5	19
33.73	19
33.23	80
35.09	51
34.63	58
34.46	24
34.93	53
33.69	100
34.05	50
64.72	19
33.85	103
34.18	47
32.22	28
32.63	57
35.61	31
34.9	97
34.53	48
35.03	43
36.17	27
61.36	20
34.08	15
35.14	28
37.16	41
32.72	52
35.43	44
34.25	39
34.44	54
35.33	71
36.09	87
34.78	77
34.78	53
35.06	51
33.32	56
61.4	15
35.31	57
34.99	56
35.63	53
36.15	46
35.49	59
38.04	2
33.54	39
35.07	43
34.25	40
59.95	15
34.72	56
35.45	56
34.89	45
34.56	32
33.55	43
59.15	18
32.24	30
34.37	26
34.29	39
34.9	42
33.89	78
32.85	24
34.01	106
32.19	57
36.38	35
35.29	100
33.24	101
36.32	93
34.29	58
34.04	22
34.65	73
34.36	55
55.77	18
33.93	56
33.7	19
54.67	3
31.71	11
32.89	26
33.63	28
34.42	25
34.27	93
34.62	11
32.76	53
35.14	53
36.85	49
34.33	45
34.26	79
35.32	100
33.83	55
35.09	22
35.22	11
65.06	20
35.3	39
34.66	42
58.96	24
35.88	60
36.47	56
37.24	30
34.87	46
37.79	40
35.88	60
33.81	79
37.32	39
57.39	16
32.08	43
32.6	40
32.46	46
32.55	88
34.15	98
37.12	22
34.89	16
35.87	46
31.3	47
60.96	5
35.44	53
31.75	58
31.9	85
32.32	82
33.84	79
33	104
35.64	35
34.18	29
33.87	44
34.9	39
35.84	76
32.28	58
32.48	35
52.83	5
32.77	89
34.76	55
34.3	55
32.59	56
34.23	52
37.6	31
34.24	58
32.98	52
34.88	92
34.89	20
35.89	52
35.08	28
34.42	43
62.06	16
32.11	101
31.54	15
35.68	57
35.15	24
33.82	77
33.6	58
31.36	56
34.7	44
32.6	59
55.55	2
33.36	57
32.42	60
32.13	54
36.63	77
33.28	84
32.87	34
36.35	28
33.12	54
35.82	28
70.66	9
34.78	47
62.51	18
32.68	10
37.2	12
36.79	27
35.17	61
35.87	52
34	46
35.78	25
35.45	87
35.41	92
35	83
34.39	45
65.06	16
35.9	41
34.64	15
34.37	91
33	58
35.38	38
32.18	57
33.78	91
34.42	53
34.22	61
31.47	29
33.12	29
35.3	51
56.69	12
35.85	43
34.28	72
34.48	36
34.82	19
34.68	96
34.96	48
34.41	22
34.37	87
36.33	54
35.01	71
56.35	12
33.9	35
35.44	85
37.12	41
57.15	2
35.14	57
35.13	55
36.98	35
36.17	58
34.15	28
35.33	84
34.71	87
36.4	94
34.85	41
37.11	38
32.97	29
32.18	68
34.73	72
32.02	14
32.69	55
34.21	89
62.11	14
36.38	21
58.15	17
35.24	48
33.93	22
34.64	50
34.72	67
32.86	39
33.88	51
33.3	57
35.04	85
34.08	41
34.84	59
34.29	51
61.24	17
35.15	35
35.51	25
35.16	26
33.14	48
34.5	89
33.7	39
36.06	49
34.7	40
34.98	91
34.73	74
59.9	14
34.72	24
34.81	29
35.15	80
34.56	89
33.82	95
35.86	78
34.38	85
34.43	38
32.3	59
34.33	57
34.31	42
33.48	49
36.21	43
70.16	6
34.51	99
34.72	22
35.29	48
33.83	38
35.3	52
32.64	55
37.99	4
35.2	77
63.21	17
34.29	73
35.91	53
35.68	90
34.35	49
37.41	53
33.89	57
33.23	37
33.33	10
33.78	23
60.24	16
32.02	46
35.44	31
32.74	59
56.26	34
33.66	51
35.4	50
34.51	55
34.36	31
34.61	96
35.27	29
33.74	54
33.92	41
34.09	84
33.03	59
67.1	12
34.2	42
32.88	59
36.91	37
33.63	59
34.72	39
31.92	64
35.23	6
36.43	49
35.14	57
37.06	56
33.49	55
34.68	77
36.22	28
58.63	18
58.63	18
33.54	81
35.09	42
36.16	18
31.91	103
35.2	41
36.14	43
31.48	59
58.54	17
33	41
33.97	36
35.23	51
32.89	59
33.45	44
30.54	49
32.86	15
34.48	67
32.96	50
34.54	59
32.03	59
34.44	5
33.43	106
34.88	90
62.45	18
31.76	48
33.18	54
35.02	52
34.66	27
33.52	43
33.63	50
34.41	34
34.05	29
58.9	14
35.13	37
33.93	13
34.98	71
36.27	47
37.37	27
34.13	83
61.81	20
34.15	44
36.21	43
35.19	49
34.04	54
34.04	30
33.6	43
34.89	55
54.29	13
33.75	59
35.1	51
34.81	53
32.68	36
33.69	80
32.46	51
32.54	25
33.31	94
32.78	37
33.39	56
31.93	58
33.46	42
61.45	15
36.53	49
34.28	56
31.78	56
35.49	43
33.62	39
37.18	42
33.96	31
36.31	19
32.22	45
63.22	18
33.95	88
32.52	12
34.78	43
33.98	40
34.21	14
34.07	53
36.27	33
32.9	36
33.26	17
62.04	18
32.44	56
33.29	45
33.3	34
33.61	25
35.29	33
33.66	55
62.42	20
35.04	56
32.45	27
36.09	86
34.26	34
33.1	54
33.19	58
33.03	51
62.12	14
35.41	53
35.36	74
34.02	45
36.18	41
32.89	28
37.24	46
34.94	30
33.18	51
36.33	44
33.35	89
61.05	19
34.14	43
35.18	32
33.06	53
31.48	59
33.63	54
34.05	26
35.07	58
32.07	100
36.8	44
35.48	28
33	96
33.94	55
34.36	96
34.24	23
34.27	48
35.28	97
61.45	18
33.41	18
34.75	15
34.15	42
34.74	31
62.65	5
33.19	87
34.19	56
35.32	93
32.9	52
35.12	37
33.79	59
60.11	18
35.08	56
33.74	51
34.58	43
32.52	57
34.21	59
32.6	57
34.05	54
34.78	42
34.66	47
35	82
61.5	20
34.91	93
32.55	55
33.74	54
35.16	32
35.11	57
35.71	58
33.75	55
31.89	47
33.46	1
31.63	37
32.23	51
35.19	102
33.02	51
35	51
33.02	52
47.79	29
34.87	53
35.43	41
34.19	59
36.51	44
34.51	36
35.15	51
60.36	15
34.64	83
35.66	47
34.34	82
35.95	87
37.45	27
60.74	20
33.59	55
35.84	66
34.77	56
33.46	23
35.02	30
34.44	49
33.08	75
34.42	11
35.27	51
33.98	43
33.83	104
33.86	74
34.89	37
55.95	31
33.09	99
34.38	21
33.53	51
33.56	100
34.45	59
34.87	3
64.66	18
32.5	16
34.46	23
35.47	43
35.84	9
34.54	41
34.24	79
33.76	38
35.09	74
34.54	59
34.12	24
36.75	37
36.18	41
34.87	59
35.06	46
56.99	6
32.49	103
33.58	9
32.39	84
57.98	17
33.88	106
34.24	86
33.89	96
33.59	16
34.2	92
32.94	34
35	64
33.14	55
33.96	58
34.88	41
35.77	48
32.54	57
33.84	43
32.09	58
33.09	56
33.94	94
35.81	25
61.95	19
36.58	48
35.57	91
33.73	19
36.09	50
34.03	14
35.06	30
33.28	12
34.41	68
59.44	51
34.68	24
35.13	73
32.9	102
35.55	54
33.62	55
34.38	29
36.32	28
58.75	20
34.87	20
34.07	20
33.94	56
34.4	32
34.52	90
34.89	22
35.8	29
32.12	58
62.2	15
34.08	40
38.69	19
34.45	29
36.3	46
36.03	55
32.85	59
33.52	46
34.71	39
34.52	81
60.93	18
34.69	93
33.82	22
35.68	14
36.66	37
35.26	54
33.62	66
32.81	56
33.67	87
34.43	51
34.65	81
34.48	51
54.97	14
34.24	12
35.24	43
35.31	40
34.84	48
64.27	19
32.44	46
34.25	100
34.7	37
33.18	30
32.76	47
32.63	57
34.53	48
34.8	91
33.19	16
35.75	76
64.26	12
36.19	30
35.07	105
33.27	25
34.72	89
34.99	48
38.95	12
35.2	37
57.21	15
33.21	75
32.83	104
35.08	101
34.2	67
36.05	46
34.87	93
35.88	59
33.88	46
33.93	35
37.65	33
33.78	46
33.99	89
36.45	11
57.82	17
35.61	49
39.24	43
33.03	9
33.03	45
34.55	36
33.43	52
35.09	54
36.59	44
35.04	54
36.44	40
60.81	18
33.69	91
35.17	49
36.01	60
34.91	36
53.59	12
34.34	68
36.76	36
32.99	48
33.17	69
33.87	65
32.87	76
34.3	27
33.19	51
35.06	30
35.24	30
33.38	58
61.87	32
32.72	54
34.68	24
33.13	72
34.55	79
34.11	52
35.81	57
35.51	47
60.54	15
34.53	59
34.65	37
35.02	50
35.27	55
36.24	38
36.19	47
32.59	32
33.7	47
35.03	57
34.82	49
38	33
32.9	55
35.7	35
59.85	18
34.54	43
33.62	95
34.93	33
35.33	45
32.22	10
33.02	71
34.92	45
34.72	106
34.42	4
33.84	53
31.94	59
33.13	59
34.49	45
57.89	9
33.8	76
36.36	89
59.24	15
36.3	59
33.59	99
35.78	34
36.48	48
37.83	49
35.75	58
32.75	54
35.51	49
32.48	8
33.28	44
32.87	9
61.6	20
34.33	36
34.33	46
33.43	93
34.86	43
33.69	42
33.53	93
35.28	38
34.54	41
33.91	85
32.58	44
33.88	53
33.06	85
31.75	4
62.64	18
32.35	22
34.63	46
34.24	47
35.34	20
59.94	17
33.78	49
33.66	73
33.47	36
34.99	31
33.94	74
33.96	47
34.32	78
34.25	27
35.91	69
59.7	20
34.6	74
33.66	92
36.13	63
35.14	59
34.12	84
34.18	104
34.63	55
34.19	52
34.9	38
33.16	56
33.58	49
35.12	11
37.03	24
37.38	41
36.06	30
61	20
34.93	52
37.38	26
33.44	9
60.58	20
33.81	105
34.32	57
33.69	1
33.7	5
33.75	55
35.01	27
33.36	39
35.4	31
36.8	92
36.38	48
34.49	90
34.38	45
35.64	56
34.8	12
34.18	13
58.54	17
32.73	58
32.39	28
60.94	18
36.35	53
34.76	105
35.18	89
35.76	55
33.78	57
33.12	41
33.59	5
32.62	45
34.46	54
34.77	75
34.13	5
33.18	47
60.69	18
34.65	59
32.62	45
34.19	45
32.74	26
34.78	44
35.48	24
33.98	106
62.95	14
36.01	44
34.58	56
33.63	59
38	46
32.84	51
33.27	27
36.45	46
32.11	88
34.2	59
54.78	18
36.54	43
35.19	46
33.38	104
33.56	101
33.29	22
33.88	89
32.43	83
32.81	90
34.93	59
33.25	46
56.75	14
30.97	43
34.81	49
35.06	44
34	56
31.25	40
34.39	42
55.86	12
33.77	82
32.49	33
32	52
35.3	55
34.29	57
34.14	38
33.4	40
33.51	50
33.14	43
33.78	56
34.63	19
37.01	27
36.09	42
37.26	46
63.85	15
34.49	38
35.36	87
36.14	30
35.9	90
34.93	58
35.16	75
56.26	1
36.21	32
36.96	44
34.39	77
35.86	52
35.33	3
36.13	73
34.54	59
34.83	42
35.78	5
33.37	57
34.93	80
34.88	103
64.05	15
33.45	33
35.14	51
36.49	46
33.3	38
34.58	95
34.57	72
58.33	16
32.1	12
33.51	50
32.94	32
32.77	7
33.63	51
35.13	76
60.91	17
36.14	54
35.47	30
34.31	43
34.94	48
33.31	40
35.08	57
36.24	37
33.83	98
33.72	11
34.74	22
33.79	58
62.3	19
34.05	43
34.05	27
33.38	47
34.61	56
33.66	101
34.28	20
33.64	57
35.91	64
34.13	55
34.27	44
32.91	98
34.05	19
34.3	53
36.46	67
33.71	50
34.62	94
60.5	19
32.31	41
36.34	54
35.19	81
33.57	10
33.39	56
35.81	4
55.72	0
33.09	5
34.5	35
32.3	50
34.75	53
34.54	41
60.18	17
35.29	55
35.64	41
33.56	93
34.63	58
34.08	92
34.76	43
34.93	54
35.92	77
34.11	16
34.45	48
59.54	18
32.84	26
35.06	59
34.54	39
33.78	16
33.39	24
31.93	57
61.47	5
35.55	52
33.29	50
35.09	59
37.69	22
33.69	1
33.86	92
34.32	53
35.68	40
33.93	7
35.39	42
33.84	23
35.06	43
33.15	51
36.34	25
33.08	40
33.44	65
33.25	38
63.54	15
36.84	46
33.44	31
34.84	43
58.3	19
32.85	55
37.55	45
32.12	3
34.36	38
35.15	50
34.37	75
33.19	24
33.85	54
61.78	19
33.75	40
35.59	26
31.47	48
35.81	19
33.23	54
37.24	45
33.35	83
35.45	40
35.21	25
34.47	82
34.54	59
34.05	22
33.02	69
54.7	8
36.65	54
36.36	40
34.36	80
33.54	25
33.34	79
33.93	27
34.09	35
34.95	47
35.42	29
34.9	54
64.51	14
35.11	25
34.63	37
34	54
35.26	87
33.74	54
65.18	12
34.41	77
34.58	37
37	42
35.26	26
33.83	98
34.78	55
35.19	56
36.58	41
35.39	45
33.17	106
61.36	14
34.09	30
37.29	40
35.15	61
33.87	21
36.23	52
33.9	34
34.14	79
34.82	42
34.66	94
64.05	15
34.16	57
35.36	71
36.37	17
36.86	43
34.29	49
34.83	78
35.18	54
59.79	19
33.99	44
33.69	56
37.14	42
35.68	43
34.58	100
34.23	52
33.66	36
34.67	45
63.04	16
36.15	42
35.35	48
34.15	47
35.28	52
35.44	42
34.72	48
35.86	40
35.67	45
33.72	53
36.74	19
36.54	45
33.62	52
34.17	71
33.82	55
61.15	14
34.8	48
33.66	58
35.88	34
35.86	56
32.49	57
36.89	69
35.83	57
33.18	57
53.87	11
35.87	54
34.93	52
34.02	81
36.43	53
34.81	85
36.44	72
33.3	17
35.14	43
34.2	58
60.89	14
34.48	26
35.84	36
36.14	13
33.68	55
34.29	39
33.87	100
34.51	98
37.45	37
34.68	98
34.08	23
61	18
33.32	90
31.05	41
34.12	37
35.22	26
32.54	56
32.5	45
60.12	20
35.31	80
35.73	87
34.38	96
34.19	55
33.78	24
34.53	40
32.92	46
32.25	24
35.12	43
62.55	18
35.35	44
34.74	68
31.34	59
32.33	51
34.79	64
33.26	105
33.05	42
34.9	40
33.43	45
32.34	13
64.27	20
33.73	43
33.06	34
35.25	31
33.15	11
33.49	92
34.99	39
35.64	82
34.89	54
35.41	91
35.58	19
34.72	54
35.98	38
34.15	16
33.7	96
37.72	45
59.55	16
37.36	38
36.15	41
36.41	44
34.42	43
34.62	59
37.51	31
33.73	33
35.59	59
34.18	51
61.19	13
35.83	46
34.1	97
36.09	40
35.23	62
34.94	54
46.67	63
34.15	26
34.98	53
34.45	53
33.84	5
62.17	17
33.93	30
34.18	56
32.3	59
31.87	51
33.18	50
33.89	80
32.84	55
35.29	69
35.21	88
33.61	26
35.46	35
34.18	28
33.47	49
62.94	15
35.07	57
35.1	84
34.84	19
37.86	21
35.32	53
33.46	103
34.57	24
35.82	67
33.78	22
34.92	55
33.22	36
31.9	103
33.52	10
33.51	52
62.16	15
34.56	20
34.43	56
34.9	49
35.03	38
35.63	44
32.26	17
32.38	91
34.25	50
64.96	14
36.68	52
33.04	59
33.33	97
34.69	49
34.3	15
62.95	18
35.78	24
34.02	3
35.72	20
33	59
34.38	59
60.54	13
33.86	56
35.34	59
32.61	49
33.75	34
35.75	32
33.91	71
34.73	31
35.02	36
33.64	95
62.66	14
34.63	98
34.03	48
32.44	59
36.37	98
34.31	60
34.61	106
30.76	0
32.84	40
33.48	59
37.09	48
35.93	14
33.94	48
35.56	36
33.35	54
35.15	53
34.88	57
61.85	10
36.33	50
34.73	104
34.9	40
37	59
33.88	51
33.94	105
34.82	45
37.39	37
36.72	22
36.41	29
60.94	17
33.9	92
34.57	62
33.98	31
33.66	106
33.03	42
33.3	85
31.44	21
33.74	46
34.81	85
35.13	36
63.29	20
35.94	96
34	52
62.54	18
35.35	33
34.44	56
33.91	104
34.84	52
33.83	35
34.15	29
32.99	54
34.15	57
33.22	42
33.68	43
34.21	90
33.69	44
52.82	3
34.47	77
35.69	23
33.89	31
32.45	29
33.42	98
34.15	86
51.94	21
33.73	71
34.32	75
34.79	72
32.52	105
33.63	28
34.87	56
32.76	14
32.55	78
33.18	58
33.5	53
34.76	92
35.29	47
33.83	36
37.03	45
34.28	56
35.47	49
64.52	19
35.51	32
35.87	25
35.87	25
58.94	20
35.87	25
35.87	25
35.87	25
35.87	25
35.87	25
33.75	56
34.78	49
35.05	89
34.84	43
33.12	74
63.42	18
35.11	46
35.15	58
33.25	32
35.16	49
36.09	35
34.21	30
31.92	34
34.75	38
34.03	88
66.23	19
33.45	51
33.51	58
36.42	55
33.74	54
34.43	41
35.15	58
34.18	59
34.98	80
35.13	91
34.24	59
33.33	59
34.42	68
34.03	49
59.39	17
33.62	86
32.66	37
34.4	51
59.5	18
33.58	45
37.51	54
34.33	83
35.77	18
35.59	58
34.13	48
33.74	53
62.06	20
32.19	86
35.02	84
35.19	44
36.15	11
35.89	8
32.46	44
34.82	26
36.01	53
35.73	59
35	11
33.55	3
34.04	84
33.85	84
32.39	56
34.22	84
61.93	17
33.03	74
33.72	10
34.45	42
34.24	26
34.14	33
60.05	19
33.81	30
35.98	42
36.33	39
33.9	24
35.21	31
32.23	50
33.27	3
34.72	73
36.48	55
35.71	36
35.1	13
33.85	6
35.05	84
55.32	18
36.36	38
35.76	62
35.67	56
35.09	98
33.45	23
33.78	31
33.99	23
32.43	4
33.39	44
34.58	87
61.39	16
36.11	35
31.89	59
33.09	31
34.81	32
32.71	50
34.12	51
34.1	19
34.1	26
33.75	48
59.04	18
35.38	58
33.57	54
35.93	58
35.07	27
35.36	40
33.72	24
31.46	57
34.78	74
32.07	84
64.42	19
34.84	44
34.78	32
33.34	94
34.33	45
62.45	18
36.01	37
36.81	11
36.77	44
35.44	47
34.66	55
35.15	102
33.65	49
66.51	4
34.83	45
35.47	30
34.69	100
36.52	30
34.84	83
32.84	50
34.02	69
33.89	47
34.89	47
58.85	16
31.92	39
33.23	15
36.3	32
35.37	52
37.45	37
38.03	46
34.78	55
35.99	52
33.93	78
34.3	30
37.84	43
34.58	75
34.56	36
60.65	9
35.66	37
34.7	30
34.06	96
34.77	89
36.06	33
32.74	58
34	78
34.71	56
33.5	65
59.48	46
35.87	49
33.78	78
34.63	53
34.15	6
33.84	62
35.3	30
34.19	43
63.97	19
31.39	58
35.89	41
34.71	52
34.31	65
33.56	104
32.94	47
33.59	106
34.96	54
35.76	46
36.91	45
58.06	13
35.27	35
33.93	101
35.09	63
35.65	92
34.42	38
31.19	13
34.57	27
32.19	51
33.28	53
35.04	43
63.36	19
35.18	54
33.69	24
35.33	54
36.24	100
36.09	88
37.12	39
37.41	51
34.36	50
34.05	59
35.18	29
34.45	48
34.08	58
34.47	77
33.63	77
57.31	14
33.64	59
36.72	45
58.06	17
33.04	32
34.46	37
34.03	41
33.27	44
36.49	39
33.35	40
34.45	11
32.75	51
33.15	100
33.33	93
32.68	48
54.69	9
34.93	52
36.39	41
33.14	46
34.43	98
32.68	58
34.94	99
35.12	92
34.86	52
32.55	35
35.38	16
35.27	96
37.3	26
32.37	54
33.5	93
64.21	16
34.9	47
34.48	58
34.82	42
35.84	43
34.73	51
34.28	22
34.69	89
56.1	15
35.09	56
35.58	18
33.75	56
32.45	57
33.42	96
36.71	39
34.08	29
33.55	93
59.43	12
34.9	40
34.13	64
34.53	69
60.64	9
36.42	26
33.75	7
33.3	49
33.92	106
36.48	67
34.64	80
36.07	57
34.5	76
31.88	11
36.3	56
62.2	20
34.28	30
34.92	24
35.15	30
36.83	29
34.64	34
32.52	3
37.86	41
36.55	68
57.4	12
36.11	37
34.26	104
35.27	51
35.58	14
36.27	40
32.54	55
33.24	38
33.89	95
34.19	53
34.06	37
33.81	31
58.19	18
34.17	54
33.87	56
35.89	58
34.11	37
34.06	37
34.28	58
31.35	55
33.63	58
31.69	58
34.54	71
33.93	35
33.19	94
33.23	56
32.96	68
53.67	15
34.64	43
34.11	43
33.72	52
32	22
35.87	47
32.89	42
31.37	10
34.97	84
34.91	25
34.76	49
33.23	33
63.95	15
35.75	53
33.76	33
36.07	54
33.76	51
56.12	18
35.6	92
34.08	45
35.3	37
34.19	69
36.98	56
35.69	36
59.3	15
35.31	41
34.45	28
34.39	51
32.24	55
36.06	24
34.63	48
34.67	9
35.29	16
34.21	41
34.56	49
35.68	55
58.81	20
34.6	51
32.33	59
36.54	89
35.16	55
36.67	32
36.89	31
34.25	61
33.55	104
36	70
33.94	103
33.76	104
35.06	24
35.29	91
56.44	18
34.58	57
33.51	21
34.25	13
36.99	26
61.24	14
34.58	64
34.09	92
36.77	21
33.25	45
35.63	100
33.6	52
35.54	56
31.47	91
34.85	93
57.78	18
32.75	52
35.54	28
34.57	55
30.87	30
32.41	58
34.02	47
33.96	88
36.93	22
35.18	100
33.28	58
35.32	85
37.45	44
32.99	100
36.22	25
61.78	17
36.22	25
36.22	25
32.7	75
33.39	29
35.09	38
32.53	61
33.19	46
32.75	25
32.64	55
58.09	17
36.64	39
33.09	32
34.78	45
35.43	31
36.48	39
34.22	46
37.35	34
53.78	10
36.63	11
35.32	59
33.12	33
31.2	24
32.84	57
33.77	97
35.72	56
33.77	42
36.27	89
34.99	42
60.69	15
34.96	56
33.58	77
35.63	48
37.02	15
61.93	20
35.76	18
36.16	29
35.85	22
36.28	33
33.57	70
34.5	56
35.83	44
35.3	37
33.15	47
37.09	44
34.15	44
34.8	29
35.03	45
33.92	54
57.64	15
32.4	24
35.99	85
33.24	68
36.16	66
37.57	31
34.54	83
34.46	99
34.48	66
62.69	8
35.22	42
33.93	49
35.22	38
34.97	46
37.38	38
33.4	80
34.94	59
34.94	59
34.94	59
36.41	38
33.86	75
32.74	97
55.59	8
34.84	39
31.69	58
33.06	85
33.27	48
34.58	25
57.56	18
35.36	58
32.39	15
38.11	46
33.24	56
33.47	59
32.03	32
35.24	52
33.57	51
34.36	55
56.93	5
33.95	79
34.7	35
36.42	33
34.9	15
35.11	57
34.4	18
34.06	10
33.89	39
35.33	55
34.25	102
33.32	89
34.52	93
35.04	52
53.03	15
33.17	66
34.04	58
34.15	27
35.8	48
62.51	15
33.75	57
34.63	40
33.63	46
32.75	55
35.44	44
34.78	62
31.42	55
33.87	59
34.52	38
33.04	8
34.67	18
34.65	82
64.82	13
35.68	51
34.15	58
35.14	46
35.01	83
33.9	55
34.19	39
33.39	56
64.16	18
34.14	13
34.92	76
32.44	47
33.38	74
34.54	52
63.91	19
34.35	48
35.09	43
33.23	50
34.87	52
36.84	39
34	98
32.97	51
36.1	19
34.85	46
60.85	18
36.75	31
32.22	10
32.45	50
37.31	25
33.47	39
36.98	68
35.97	47
34.12	21
34.92	43
34.91	105
35.62	95
34.81	31
35.27	104
34	52
36.09	39
31.53	34
62.7	14
32.58	59
32.48	56
35.25	24
32.67	41
100	0
33.21	74
34.12	78
33.85	11
32.37	25
34.53	92
35.2	35
33.85	19
31.58	2
33.3	34
34.2	47
34.04	54
34.02	51
34.54	27
32.98	57
32.53	44
64.65	20
35.7	73
35.71	69
34.32	41
35.44	13
34.94	56
64.55	19
36.14	1
33.92	74
33.8	29
34.54	31
35.41	76
57.72	10
33.96	53
34.41	18
33.04	52
32.18	90
34.07	31
35.02	21
35.46	56
36.18	21
36.26	16
34.09	103
32.89	13
59.85	15
33.78	15
34.48	48
33.89	45
32.93	96
33.59	42
32.62	97
34.3	89
36.25	50
33.57	46
38.76	38
33.36	30
32.08	48
35.39	39
57.9	17
33.72	13
33.71	46
31.91	27
34.17	55
58.66	19
34.87	56
35.04	46
34.45	35
34.74	80
36.11	37
33.77	74
33.97	45
34.27	52
33.75	100
34.81	50
33.25	56
33.96	98
31.41	25
34.3	55
36.46	96
35.32	96
34.93	51
62.84	18
33.43	106
34.5	55
34.9	45
34.4	58
34.97	44
33.9	47
33.3	39
33.21	47
59.21	16
34.02	52
32.05	56
60.15	19
34.69	48
34.29	47
35.93	20
35.32	38
35.13	53
31.82	99
34.94	41
32.33	59
36.63	55
59.29	8
33.69	59
33.2	92
33.72	49
34.79	61
34.03	49
33.57	100
33.75	48
36	56
33.62	104
34.76	47
32.83	51
60.3	13
34.57	44
33.42	17
34.31	55
32.66	45
32.69	36
34.58	96
34.24	51
34.58	99
32.99	36
33.51	80
35.05	86
31.92	97
49.2	48
33.84	52
34.39	54
33.72	78
34.83	106
35.11	22
34.1	35
35.11	44
32.15	14
34.98	45
33.17	100
33.05	50
32.78	11
35.94	9
34.15	56
31.58	56
34.15	59
35.73	43
35.96	91
58.95	18
35	48
34.41	53
37.36	38
34.41	37
34.94	42
34.44	58
33.41	14
35.08	45
34.17	52
34.34	57
32.76	84
33.99	30
33.83	57
56.41	18
58.15	19
34.87	54
31.38	59
34.55	85
33.58	45
35.43	36
33.04	53
32.55	30
34.12	74
35.23	46
65.1	17
33.63	64
34.92	18
33.72	32
32.39	21
34.4	13
33.93	55
33.55	89
35.73	75
33.39	56
34.34	34
34.65	51
61.5	21
33.66	94
33.3	53
35.11	38
33.37	59
33.52	16
35.35	38
33.99	45
58.15	19
34.42	52
34.17	40
34.08	85
33.58	45
35.43	36
36.67	35
34.12	74
34.38	19
35.23	46
59.5	18
33.34	59
32.44	57
34.72	43
34.5	46
33.2	34
33.67	59
33.46	28
33.99	43
34.6	57
33.9	48
36.91	55
34.57	46
33.28	24
33.87	57
63.84	20
35.45	54
34.24	42
33.01	95
32.93	95
65.8	13
33.95	46
34.42	53
34.8	80
34.71	8
37.02	74
35.04	80
34.18	42
34.5	32
35.99	26
34.84	59
38.21	43
64.06	14
34.35	9
35.96	59
34.87	65
34.94	96
35.53	106
34.58	50
34	97
35.7	37
34.21	104
32.27	55
33.23	25
55.13	11
36.05	91
36.36	39
36.47	19
35.66	35
32.23	45
33.68	58
33.48	55
60.44	15
33.39	47
32.59	30
35.5	36
33.11	46
34.16	35
31.85	89
36.11	30
32.98	47
32.69	57
63.11	17
35.04	53
33.39	55
33.36	69
36.06	54
35.52	29
34.18	56
38	39
36.78	53
34.63	59
37.7	42
36.4	13
32.94	48
34.17	98
32.99	30
35.66	39
58.7	20
35.07	106
34.94	36
31.88	34
31.69	24
34.4	55
33.53	1
35.48	53
58.77	9
32.59	59
35.54	38
33.64	105
33.76	49
64.96	19
36.24	32
33.57	73
32.57	74
35.46	41
34.76	101
35.2	57
36.03	97
33.87	55
35.6	30
34.77	94
34.34	59
33.42	56
59.99	16
37.68	48
35.19	38
33.41	30
34.11	52
37.66	50
34.94	54
34.89	47
36.92	58
57.08	17
33.78	51
33.27	31
33.95	101
35.02	73
34.81	38
35.6	46
33.96	53
36.09	44
38	48
34.12	41
34.29	45
36.45	48
72.86	7
33.18	78
36.55	54
34.91	35
59.9	20
37.01	28
32.66	21
34.6	17
35.87	52
33.53	49
32.87	59
36.79	55
35.27	79
36.55	58
35.42	54
35.18	90
34.58	26
34.46	87
35.4	89
36.1	56
34.32	97
61.3	16
34.89	52
35.81	102
35.39	31
34.29	8
35.3	13
33.45	104
34.48	41
36.19	28
31.84	11
33.43	88
34.75	40
60.38	18
34.44	24
60.93	20
32.9	48
35.22	57
33.89	23
33.63	0
31.93	55
33.45	55
33.73	99
37.24	58
35.41	35
35.54	14
35.71	67
34.98	98
33.04	56
35.8	38
35.87	35
35.15	50
34.06	90
61.57	20
34.33	42
60.45	20
32.96	95
34.5	69
33.73	53
35.3	11
35.55	52
32.94	41
33.46	89
33.86	8
35.8	100
35.18	36
57.02	8
34.97	28
36	51
33.8	5
34.83	59
33.92	87
35.7	22
34.35	53
33.78	45
33.78	62
33.29	25
35.11	40
34.63	41
62.85	20
32.99	53
33.48	24
34	10
33.59	58
35.36	36
35.76	25
35.36	36
59.09	20
35.76	25
36.37	28
35.21	104
35.76	39
34.54	94
35.76	25
35.12	102
36.89	40
32.91	37
35.67	49
34.85	79
34.33	43
56.4	16
32	55
34.36	37
34.96	52
36.55	39
34.84	74
32	1
35.61	45
34.93	48
36.13	65
33.17	24
60.36	17
35.4	35
32.6	52
60.84	20
35.44	63
33.85	52
34.35	104
34.09	40
35.52	56
32.75	23
34.97	68
32.52	83
32.59	56
52.62	1
33.51	20
35.57	34
31.9	17
32.33	42
33.37	27
31.71	33
32.79	32
37.21	46
34.4	49
34.92	51
33.61	70
35.07	35
32.45	57
32.74	46
32.72	57
36.39	36
34.02	106
59.25	19
32.24	25
58.39	15
35.45	5
35.17	68
35.17	68
33.88	53
33.13	48
34.61	39
35.06	38
34.15	98
34.63	38
34.27	43
33.57	68
57.51	16
31.91	59
33.89	44
34.11	99
34.68	55
36.54	60
35.89	32
34.29	50
35.25	54
34.13	50
34.75	37
36.27	51
35.55	21
34.66	18
35.38	55
32.15	14
59.55	18
35.26	27
34.36	46
35.45	54
34.31	67
36.79	16
63.51	14
36.81	54
33.36	45
32.67	48
35.89	43
33.81	25
35.74	36
32.7	32
35.69	54
33.81	84
63.44	20
34.27	34
35.52	59
34.96	82
38.11	31
33.65	56
35.27	76
32.24	55
35.1	57
62.39	4
35.47	31
32.7	47
33.3	46
33.51	58
32.71	37
35.36	41
32.94	9
36	76
33.75	48
35.3	41
32.57	37
34	56
35.96	31
62.39	4
32.24	55
35.7	42
31.46	65
34.85	48
34.13	43
34.69	51
32.36	56
33.29	92
35.42	77
59.2	16
32.26	102
36.25	53
35.03	59
34.24	47
62.66	20
33.62	99
34.11	78
34.17	98
33.52	51
33.33	35
34.2	29
34.76	44
34.22	10
32.63	59
32.76	11
34.07	57
51.3	7
32.93	11
35.73	39
35.4	39
35.85	39
33.6	54
36	46
33.6	52
32.68	56
36.77	30
35.14	71
32.55	54
33.69	32
58.84	6
34.7	44
33.87	46
34.6	53
31.08	2
58.64	10
33.43	96
34.47	103
34.71	43
34.38	34
33.29	27
34.51	20
35.18	30
33.45	53
62.87	19
32.03	53
33.23	54
34	37
33.81	43
36.65	37
35.39	44
33.54	54
35.43	43
33.68	98
33.72	34
34.33	59
32.84	71
32.78	40
62.36	17
35.6	44
32.62	2
34	42
34.23	53
34.19	56
34.27	45
38.56	41
34.15	54
33.75	56
58.84	2
34.57	69
36.06	40
32.89	55
36.19	41
34.33	55
33.85	82
58.85	20
34.62	44
35.66	29
34.86	64
32.35	53
34.92	85
33.09	74
35.59	35
34.56	58
36.52	51
51.38	52
34.08	99
34.53	18
36.89	28
34.27	18
36.67	47
35.99	30
33.94	84
38.61	32
33.67	84
32.91	52
34.51	43
33.38	22
64.6	18
35.71	23
32.99	59
38.22	6
34.34	11
30.64	14
35.36	57
36.01	26
35.32	47
35	19
32.92	104
63.05	7
32.82	13
33.17	103
34.9	92
61.9	17
34.61	45
31.51	46
33.26	91
37.22	49
33.79	94
34.19	80
35.12	23
33.6	51
34.77	41
58.66	19
34.27	52
33.97	45
36.11	37
34.02	42
34.98	10
33.41	27
34.77	80
35.51	47
33.59	53
34.45	43
35.69	53
33.5	58
33.88	50
34.38	30
32.56	33
35.33	52
35.43	83
33.75	47
35.66	51
35.19	61
33.63	86
34.93	23
35.36	20
59.39	17
35.34	40
34.32	49
34.84	54
35.76	33
34.36	87
35.98	30
35.58	29
35.5	35
35.64	94
34.07	65
33.69	46
57.34	16
31.88	24
33.68	46
32.02	61
35.35	16
33.29	53
62.73	9
36.14	56
34.7	58
33.14	9
34.36	44
35.47	74
33.96	46
34.68	91
31.67	25
35.94	51
32.72	51
33.52	32
33.45	89
34.03	51
33.71	95
47.87	50
33.33	57
35.66	45
32.26	12
33.52	79
35.12	37
33.68	57
58.6	20
33.67	56
34.03	49
35.94	36
33.79	77
34.71	54
33.86	94
36.46	86
52.9	20
32.9	6
32.89	26
37	4
34.15	74
33.6	16
35.36	45
37.03	29
35.9	37
32.63	51
35.2	46
33.08	103
33.55	104
51.04	64
33.88	55
32.96	19
36.15	24
33.24	57
35.29	30
35.25	30
37.78	20
34.73	82
35.24	30
34.43	45
60.01	16
35.8	52
35.08	38
32.37	104
36.43	48
61.09	17
35.08	49
34.9	38
34.2	105
35.5	91
35.64	35
33.84	58
37.68	58
34.54	85
34.5	38
33.03	57
36.87	20
62.57	18
36.58	44
34.78	54
34.9	93
33.75	96
35.3	20
35.41	85
32.32	27
32.72	53
57.61	15
34.37	45
33.07	104
33.6	46
34.5	101
34.81	74
33.03	38
35.57	58
36.44	29
34.51	40
34.83	84
34.12	58
57.59	18
34.74	105
34.44	53
33.84	50
33.84	20
34.17	47
33.44	45
34.54	58
35.39	55
31.6	58
34.08	48
59.15	11
35.22	84
34.21	50
35.07	72
34.07	77
33.5	40
34.33	51
34.49	103
33.55	47
32.73	29
34.15	59
34.19	59
57.4	18
33.16	48
33.75	92
33.99	28
34.51	58
33.14	24
32.43	57
33.67	42
59.89	18
33.48	43
33.45	49
32.6	59
34.97	54
35.21	82
34.37	10
32.94	1
34.35	47
58.53	15
36.15	36
32.99	24
33.51	19
32.48	51
35.82	37
35.39	56
63.8	16
36.72	10
35.33	46
34.51	20
34.27	71
33.77	94
34.38	21
36.34	20
34.43	67
32.54	32
33.76	67
34.23	68
35.85	38
33.89	44
34.33	40
33.84	68
34.53	29
32.66	31
57.12	14
33.18	50
37.37	27
61.59	20
33.89	50
36.1	59
35.62	34
34.19	20
34.81	56
35	42
33.12	104
61.74	20
36.42	29
34.46	73
33.53	9
35.25	33
34.5	56
34.56	97
34.96	16
37.03	23
32.95	47
62.59	20
37.25	51
35.39	24
33.45	53
33.96	73
34.83	99
32.13	32
34.55	30
32.57	59
33.5	52
63.01	18
35.7	84
34.53	66
33.03	59
37.48	44
34.19	56
34.71	38
36.3	27
34.86	36
35.32	43
58.64	6
32.31	58
34.38	52
36.19	68
36.75	50
35.54	53
34.54	47
34.42	61
34.68	57
34.47	55
34.2	54
35.17	52
35.09	31
35.78	23
35.79	99
36.78	41
32.52	14
34.66	47
34.27	21
63.96	13
34.62	69
34.29	45
62.79	13
32.77	43
34	93
34.65	39
35.12	93
35.21	33
32.51	39
34.61	45
35.58	50
35.7	100
35.23	24
34.93	55
32.74	6
35.16	105
32.69	43
35	57
65.84	20
36.38	43
32.96	31
32.44	25
32.13	53
32.76	7
34.55	44
34.24	46
61.35	10
34.14	83
33.45	52
34.42	52
33.9	56
33.63	58
35.44	49
36.27	28
32.83	101
58	20
34.24	56
35.21	58
35.24	53
35.56	57
35.18	41
33.04	53
33.38	51
38.1	38
34.2	21
33.15	54
33.57	56
33.83	58
59.42	17
32.45	37
35.38	37
34.79	52
33.82	102
34.93	76
33.41	94
35.14	40
35.6	47
35.76	25
35.06	47
55.66	18
32.85	50
37.29	45
35.59	52
33.57	58
60.54	20
34.54	57
33.44	59
33.84	59
35.51	88
32.94	51
33.78	45
33.59	26
34.03	12
33.5	50
34.54	14
33.85	56
34.73	41
33.56	48
57	15
33.93	22
32.9	49
60.71	15
35.91	80
34.93	32
33	94
34.1	37
34.17	19
34.1	90
34.31	12
34.04	101
59.3	20
35.81	29
34.66	55
34.98	31
34.73	16
37.27	19
36.7	40
35.49	59
34.02	45
33.89	56
33.02	57
34.14	43
62.61	19
33.91	23
34.75	24
32.5	51
34.13	56
33.28	34
34.49	72
33.58	85
60.75	18
33.71	99
32.92	23
34.99	59
33.69	57
34.92	18
33.38	44
35.12	55
33.43	58
36.23	47
35.01	56
34.09	30
34.35	82
34.51	11
62.09	18
34.6	99
33.77	40
36.54	51
32.85	30
33.99	24
65.66	21
33.75	46
34.69	33
35.66	42
33.02	49
33.59	55
34.94	102
31.13	47
34.3	16
33.81	52
33.74	45
34.6	41
35.23	92
61.96	19
32.19	59
35.4	46
35.93	34
34.93	50
33.91	88
33.45	49
33.59	34
32.82	42
61.28	17
33.46	82
35.36	58
34.7	72
34.65	45
34.63	6
34.35	47
32.77	48
31.24	59
32.83	13
35.95	87
35.15	66
34.11	55
36.28	73
33.89	40
34.66	104
35.53	29
59.3	20
33.55	96
35.46	56
34.88	75
59.04	20
36.27	28
33.3	41
34.04	94
36.05	32
34.73	26
35.61	67
33.9	5
33.44	103
35.88	52
35.54	34
35.39	33
33.93	28
32.87	52
36.67	20
33.86	43
53.75	18
31.72	50
33.98	68
35.19	98
32.25	4
33.69	44
35.43	58
35.5	47
33.74	43
34.58	55
61.69	18
35.14	50
34.26	44
31.73	13
34.32	38
63.81	20
33.34	50
34.96	41
34.51	65
32.15	23
32.17	54
33.74	82
35.81	47
33.64	27
34.45	41
33.54	96
35.56	53
33.36	22
33.59	44
33.52	50
61.66	18
32.43	71
35.3	42
35.08	89
57.96	19
34.75	54
33.15	22
32.39	6
34.24	43
33.72	42
34.8	82
33.12	51
34.23	46
34.77	89
32.78	12
34.98	54
62.4	20
34.06	30
33.63	97
35.51	49
32.97	39
34.44	59
35.93	13
35.09	33
32.87	41
31.98	52
35.75	46
35.82	44
64.21	19
33.45	49
36.48	30
32.88	50
33.12	28
33.69	49
33.55	13
61.65	20
34.47	30
36.32	47
34.75	91
32.33	57
35.47	49
33.23	63
33.96	50
34.08	83
35.25	73
35.92	21
32.39	11
33.57	45
33.72	51
57.5	19
33.48	56
33.55	25
32.82	23
33.59	32
37.52	45
34.15	105
61.15	18
34.87	82
34.38	43
35.33	37
33.58	58
36.44	45
32.48	32
30.48	44
61.15	18
35.03	85
34.56	41
33.28	37
33.74	44
34.3	106
33.93	46
33.06	57
35.33	45
35.58	8
33.55	54
32.78	3
35.18	40
35.65	30
33.12	11
37.23	45
63.7	24
35.12	43
61.04	20
38.33	27
34.66	20
34.03	59
36.04	74
34.72	52
33.86	17
34.09	96
35.06	52
34.08	46
36.69	7
35.69	28
31.93	59
31.35	48
32.24	55
32.37	29
62.79	17
33.61	47
33.93	82
36.04	18
36.18	43
36.03	57
36.46	62
35.5	23
34.36	51
60.33	17
37.75	48
34.2	21
33.69	44
33.12	98
35.79	79
34.69	55
33.54	6
33.42	44
31.69	103
33.35	74
33.18	42
59.83	18
33.53	9
33.54	101
30.95	58
31.83	44
34.96	97
32.52	32
36	46
36.16	45
61.9	18
33.66	96
32.33	57
35.29	50
30.66	40
34.66	37
34.83	43
35.33	102
36.17	35
35.72	55
35.09	37
34.65	87
60.79	12
33.05	75
59.39	15
35.99	35
35.36	69
35.37	27
36.03	29
34.38	53
35.01	37
32.76	88
35.78	42
61.76	25
35.7	55
36.93	18
34.31	91
38.3	49
34.94	38
33.75	57
35.03	34
33.87	51
34.5	46
36.04	63
35.36	70
35.22	69
34.84	32
35.13	48
34.18	70
34	72
33.99	36
36.62	23
35.1	7
34.36	28
36.1	46
56.99	10
35.48	51
30.81	9
34.79	24
35.39	47
34.25	54
35.09	17
34.01	87
32.3	51
33.47	57
32.96	42
33.06	56
60.35	18
33.06	30
34.11	58
33.39	59
35.58	26
35.72	5
33.59	43
60.95	8
33.6	39
34.93	50
33.61	41
31.8	24
34.34	81
33.64	106
35	33
35	85
33.63	52
58.4	19
31.75	25
33.97	57
33.22	54
33.15	52
33.17	41
35.4	47
33.15	99
33.6	38
34.93	30
33.53	36
36.27	33
34.47	55
61.93	16
33.48	48
32.9	58
33.79	59
33	94
34.02	54
33.36	45
32.09	59
33.96	43
62.4	18
33.34	58
33.24	24
36.75	53
33.9	51
33.9	57
36.34	47
32.08	37
34.18	82
33.19	52
33.32	35
33.68	48
36.09	32
62.3	20
34.89	42
34.53	87
34.19	105
37.3	33
33.09	52
58.79	19
34.09	17
34.03	56
32.57	5
33.84	55
34.96	42
34.33	38
33.6	59
33.7	98
60.65	17
31.72	54
35.15	46
33.77	100
34.53	31
32.04	13
34.83	70
33.33	31
32.91	30
33.69	49
34.82	37
34.27	39
36.44	15
32.54	36
33.31	91
34.41	61
63.21	20
34.89	46
32.36	49
33.41	34
58.24	19
32.39	55
34.45	33
34.54	47
31.38	57
32.57	53
34.25	78
34.17	10
33.4	26
35.05	57
35.7	85
33.41	39
36.63	27
34.09	40
36	13
62.15	20
34.29	50
32.98	88
35.09	89
34.19	57
32.93	57
34.02	106
35.42	53
35.62	17
35.12	31
34.77	53
34.43	26
35.55	89
60.68	17
59.65	17
34.38	80
33.72	45
34.57	36
34.48	59
32.21	51
33.85	41
34.9	54
35.24	45
36.56	27
57	11
33.47	105
32.65	101
36.89	59
33.86	89
34	79
34.28	58
34.67	78
32.3	21
36.09	25
34.93	88
33.7	51
34.49	74
36.42	34
59.5	20
35.55	26
33.8	98
37.45	20
32.68	81
34.54	31
64.7	19
33.57	5
33.6	100
30.72	37
37.44	25
31.39	4
32.35	53
35.64	28
32.78	49
32.79	50
36.45	45
32.37	15
33.62	75
31.23	51
33.82	46
33.33	54
33.45	55
32.89	88
58.7	6
33.07	100
36.12	55
34.4	28
32.21	20
61.25	20
34.44	57
34.87	57
32.63	11
33.82	39
33.39	26
34.98	21
35.4	54
32.71	22
32.78	59
34.21	40
35.29	51
34.06	18
58.98	16
33.53	57
32.72	72
33.66	58
35.48	57
34.12	3
37.11	30
34.73	38
34.07	91
34.28	102
33.81	58
33.25	10
61.99	18
34.41	82
36.37	39
37.02	34
34.07	25
32.36	29
36.37	39
37.07	22
36.67	35
35.47	42
57.73	12
33.81	106
36.44	51
36.48	30
32.39	37
32.28	37
32.88	69
32.39	37
55.88	15
32.37	37
33.18	37
32.19	74
32.6	40
32.87	52
64.16	3
33.19	94
33.1	42
35.13	28
32.67	64
33.32	87
33.48	33
36.2	39
34.09	85
33.77	98
55.28	18
31.99	55
33.38	96
35.14	74
35.47	34
34.25	89
34.14	47
34.4	48
35.54	59
33.64	104
33.38	56
35.25	48
34.13	19
35.91	48
35.75	45
34.06	65
31.07	56
34.64	50
33.36	58
33.26	26
35.49	52
30.79	65
32.48	53
35.72	19
33.69	30
33.87	55
33.38	59
33.1	53
34.39	66
32.95	72
33.48	66
32.93	53
34.24	58
33.87	34
31.73	55
32.02	55
37.35	26
34.57	56
33.47	58
34.31	50
33	65
35.91	45
34.53	108
32.23	60
33.04	56
33.26	65
35.49	6
40.94	24
32.54	35
35.91	45
33.9	81
34.59	66
31.15	62
34.23	59
31.15	62
33.17	66
34.34	50
31.73	62
34.1	104
33.23	60
33.48	117
34.11	64
30.63	61
31.57	55
33.06	64
32.99	40
34.28	65
34.16	64
32.63	63
34.36	36
35.57	44
33.03	19
35.42	14
31.91	7
33.27	61
32.88	43
35.62	55
33.4	62
33.59	128
31.91	66
34.95	51
32.99	64
33.06	129
32.41	108
36.14	46
33.3	16
34.68	54
31.69	63
32.25	29
34.15	63
33.03	63
33.45	60
34.52	63
30.8	61
33.61	60
34.33	36
33.37	65
30.82	27
32.25	132
33.24	55
34.26	127
33.54	66
31.62	55
31.96	121
32.24	47
35.89	51
35.05	103
34.42	47
33.5	128
35.51	88
31.63	56
32.45	53
32.29	88
34.59	32
32.56	60
34.32	48
32.74	114
33.92	44
34.9	40
33.84	46
33.39	58
31.45	62
36.96	29
32.24	57
34.84	84
34.73	116
32.69	62
35.63	61
34.58	61
33.42	119
34.23	66
33.81	21
34.06	15
32.09	63
35.29	40
35.14	50
34.35	79
34.4	50
32.29	9
33.74	32
34.68	53
34.74	23
32.39	57
34.93	27
34.75	28
34.13	44
34.05	20
33.26	132
33.14	103
31.85	47
33.39	48
33.24	116
32.26	61
36.24	25
33.11	76
38.41	49
34.94	46
34.51	16
32.96	53
31.33	62
32.78	62
35.07	49
32.33	64
34.29	41
32.3	107
32.08	56
33.55	62
35	41
35.36	103
33.56	109
33.66	123
32.24	53
33.26	100
33.4	117
37.17	76
33.73	60
34.95	64
32.52	28
34.63	56
33.12	61
34.46	20
34.3	8
34.34	63
35.74	92
34.12	25
32.93	45
31.16	127
34.1	73
33.07	61
34.4	66
33.81	84
33.86	63
33.14	102
30.32	65
32.86	65
38.45	83
32.68	64
35.25	90
34.89	84
35.38	16
33.06	110
34.86	9
32.34	54
32.77	86
34.33	67
31	9
32.71	5
33.44	83
33.14	122
32.73	55
34.09	42
32.76	122
32.99	21
35.86	8
35.86	8
31.92	44
33.48	29
34.78	44
30.95	5
33.14	54
33.63	36
33.62	84
33.46	42
32.85	123
33.6	110
34.31	55
32.74	56
34.25	100
33.11	119
32.27	36
33.53	121
32.75	61
33.47	127
32.54	58
34.93	28
35.34	23
32.79	60
30.21	62
31.8	111
35.23	62
33.66	17
34.65	98
35.33	21
33.66	127
30.76	63
33.19	119
35.37	44
33.44	12
33.48	61
33.91	60
34.24	68
30.96	62
35.79	46
32.96	83
32.65	132
35.94	40
33.03	125
33.43	25
34.8	78
33.97	123
32.68	53
33.91	32
34.2	51
33.1	123
33.33	55
34.29	29
37	20
33.62	61
33.79	113
33.8	66
33.73	61
34.3	121
34.82	59
33.14	124
33.65	58
35.11	34
33.98	65
33.55	26
