sim	len_diff
30.33	98
35.47	111
33.23	72
36.45	86
34.55	164
34.95	96
33.41	108
34.54	100
33.18	90
34.32	78
33.54	117
33.64	94
34.86	73
33.47	105
33.76	114
35.13	67
34.8	91
32.33	101
32.57	120
34.5	22
34.9	94
33.5	105
32.86	120
32.98	98
32.81	106
33.82	108
32.53	104
33.88	117
34.34	92
32.89	69
33.24	85
34.42	117
34.54	108
34.31	45
33.57	83
33.68	109
34.75	109
34.75	109
34.75	109
34.75	109
34.75	109
34	56
35.26	77
34.21	81
33.91	79
34.31	92
33.23	64
32.73	30
33.64	116
33.71	95
32.47	115
32.47	115
31.95	55
34.4	109
33.43	60
35.23	108
32.62	115
33.98	108
34.31	63
33.98	109
34.45	109
34.98	97
35.27	95
35.9	95
34.75	69
34.82	46
33.97	91
34.48	109
34.6	89
33.31	105
33.83	91
35.09	77
35	79
33.08	26
32.98	105
33.71	102
32.55	105
32.55	105
31.91	115
32.64	87
35	88
32.99	98
32.93	107
34.09	73
34.92	49
35.03	119
33.25	108
34.71	116
32.64	44
33.31	121
33.95	82
33.72	103
34.11	48
32.55	121
32.22	118
33.43	87
32.34	244
33.8	121
34.93	100
34.43	114
34.43	114
33.9	122
33.73	85
35.68	117
34.71	96
33.69	57
38.03	73
34.77	47
33.06	112
34.09	102
33.06	116
33.43	68
32.92	114
34.04	120
32.53	114
33.62	105
33.24	115
33.01	106
32.81	117
33.48	102
34.41	94
32.98	33
34.38	78
35.78	103
31.47	117
32.26	94
32.28	115
32.44	111
32.66	237
33.21	188
32.73	41
32.74	243
34.28	95
33.21	122
33.04	88
32.2	120
32.46	60
35.12	95
34.75	109
34.75	109
34.75	109
34.75	109
32.02	110
34.2	99
33.36	84
32.86	95
34	104
34	104
34.75	109
32.48	118
34.51	92
32.47	226
31.92	119
34.75	109
34.07	179
33.66	118
34.75	109
34.78	67
33.76	116
34.04	185
34.04	110
34.33	98
32.79	108
32.96	122
34.75	109
32.44	113
33.26	90
32.72	112
33.73	93
32.4	97
33.86	82
35.36	88
31.68	121
33.71	90
31.55	62
32.23	116
33.62	133
32	119
33.19	120
34.08	106
33.55	113
33.35	100
33.76	92
33.08	83
33.52	112
33.5	87
34.68	65
33.43	216
33.25	96
31.35	23
33.94	74
33.12	117
34.18	128
33.95	27
32.88	113
35.85	63
34.21	95
35.27	90
33.39	83
34.09	106
35.34	59
34.77	111
32.64	119
34.48	109
33.67	69
32.67	99
34.45	75
33.89	84
34.52	106
33.81	105
32.77	116
33.87	121
33.26	91
33.27	121
33.5	106
32.7	114
33.26	113
34.72	42
32.54	113
33.25	104
32.43	116
32.64	58
33.95	113
33.09	106
34.14	86
33.2	52
31.91	86
33.17	116
34.75	109
31.84	85
33.54	113
33.16	97
32.49	110
33.44	110
32.52	111
33.15	107
31.48	99
33.56	90
32.56	107
33.34	89
33.57	114
33.74	108
31.8	104
34.37	105
32.09	114
34.21	106
36.28	98
31.79	108
31.65	107
32.82	116
33.68	96
32.33	112
32.66	78
34.26	101
32.65	101
32.8	116
35.76	60
32.51	113
34.77	97
34.75	109
31.06	118
36.51	99
34.12	91
33.77	120
33.66	85
33.68	96
33.57	114
31.35	94
31.46	121
32.73	120
32.5	93
33.17	114
34.55	98
33	120
33.38	110
33.34	83
33.09	98
34.77	99
32.6	118
33.43	109
34.71	96
33.54	114
33.17	120
32.98	112
33	90
33.88	23
34.02	111
33.47	105
32.93	120
35.44	67
34.51	93
32.71	42
34.02	89
33.46	112
33.26	115
33.16	113
34.59	182
33.78	20
35.98	76
32.06	98
32.79	122
34.71	83
33.65	119
34.16	80
32.07	120
33.08	122
33.89	95
34.84	90
32.83	114
34.76	97
33.2	53
34.18	100
32.12	115
34.95	98
31.97	120
32.56	119
34.24	117
31.28	113
32.51	109
32.08	86
33.1	118
34.91	92
34.95	100
31.99	89
34.97	111
33.53	107
35.52	41
33.24	120
35.25	90
34.02	105
33.64	117
33.22	105
35.81	98
34.36	87
35.22	26
33.37	100
34.58	103
33.08	122
35.85	86
32.91	121
34.79	73
32.76	98
34.55	107
33.98	106
31.45	121
33.69	214
33.11	85
32.44	118
33.61	122
35.53	70
33.71	74
49.5	21
32.79	69
33.8	106
33.26	190
33.74	69
34.11	105
32.56	62
31.24	86
33.74	143
46.11	48
36.12	76
32.86	82
35.48	55
34.99	104
37.59	80
33.46	91
34.91	104
34.83	100
34.59	71
34.82	64
35.22	73
48	19
35.38	72
33.36	100
32.68	73
33.67	167
35.02	108
33.64	97
32.12	22
32.82	106
33.34	103
34.82	78
33.85	71
35.03	77
33.41	99
53.39	12
34.66	109
33.64	86
32.95	105
35.05	179
34.71	43
34.95	75
34.82	98
33.74	106
33.26	101
34.66	106
34.24	83
65.93	15
33.95	73
35.02	107
36.54	57
35.84	14
34.66	108
34.62	73
35.06	53
50.73	30
34.01	97
36.35	88
35.89	102
33.88	83
33.19	84
34.08	94
33.53	92
33.61	26
32.26	33
36.04	100
52.99	5
35.31	65
32.61	165
51.57	12
32.3	96
33.03	57
33.96	93
32.84	60
33.94	96
34.43	168
34.38	88
34.17	68
32.17	108
46.4	86
33.89	107
34.5	96
35.22	72
34.37	66
34.67	91
34.86	92
35.93	81
32.68	81
34.75	81
36.11	83
36.95	43
34.72	104
35.07	100
33.2	93
35.16	95
34.04	61
35.59	23
53.17	9
34.7	103
34.08	95
33.86	99
54.33	2
34.5	94
35.2	87
33.51	83
33.86	101
35.01	56
35.1	84
34.74	89
33.4	107
34.17	89
33.98	92
34.01	102
34.1	101
33.87	105
34.87	90
39.82	180
32.71	107
34.11	79
33.53	92
34.47	70
34.37	86
35.68	107
33.27	105
40.75	176
32.69	59
34.46	78
34.62	123
33.92	94
34.26	49
32.1	89
34.34	101
33.52	145
33.02	106
33.77	106
53.31	5
33.42	103
32.61	66
34.8	108
34.98	179
34.92	106
35.48	66
34.57	95
33.82	97
33.55	79
34.06	188
49.55	68
33.86	92
34.13	96
31.72	98
34.25	78
33.57	80
31.77	178
32.85	71
31.97	104
32.8	74
31.85	45
33.67	59
51.93	2
35.06	87
34.35	71
34.8	81
34.22	82
34.48	97
53.02	16
34.65	52
34.88	140
35.08	100
33.57	94
33.65	49
33.26	98
34.32	36
34.51	70
33.88	99
33.54	108
32.96	104
34.93	90
55.69	3
32.95	105
33.49	61
33.68	189
32.8	102
33.51	89
33.48	86
34.6	97
50.24	23
31.6	32
32.37	103
33.25	86
33.71	102
33.77	25
32.75	104
36.88	79
34.41	74
36.2	107
35.25	139
35.07	104
34.79	93
41.89	156
34.28	48
34.11	73
32.44	52
34.42	108
36	46
36.25	78
34.06	101
34.45	108
44.25	30
35.05	103
49.9	18
32.85	97
34.66	92
35.11	76
35	163
35.71	70
32.96	97
34.68	87
35.35	72
34.79	95
35.11	49
35.57	32
33.51	103
35.17	93
36.42	54
53.12	17
37.32	61
34.5	98
33.55	54
34.26	45
35.55	73
34.19	87
53.75	22
33.88	99
33.66	100
34.03	79
33.16	95
33.69	79
34.01	78
35.02	83
34.55	57
34.37	92
33.63	103
51.44	32
33.96	103
36.87	56
35.79	97
36.25	31
34.95	95
34.95	88
33.95	104
34.39	156
34.39	156
33.01	100
51.13	12
34.89	93
33.46	92
34.3	89
34.77	86
35.66	67
35.45	85
35.22	101
34.27	111
50.4	29
34.55	111
34.08	62
35.91	79
35.86	102
34.35	111
35.19	80
34.67	80
33.91	100
53.32	2
32.65	103
33.68	107
32.98	26
32.39	105
34.55	97
32.59	21
33.36	100
35.77	83
33.7	105
51.37	27
33.76	103
34.63	91
32.95	95
33.77	101
34.27	153
32.93	106
34.08	87
35.69	76
35.81	41
34.53	89
35.32	81
35.73	51
34.27	99
53.06	7
35.75	82
33.88	89
34.95	102
34.07	54
35.75	66
34.18	54
35.13	68
55.29	3
33.73	107
34.42	102
35.46	75
35.04	37
37.2	101
33.68	79
34.68	104
35.45	62
35.92	87
35.73	55
33.51	105
54.72	3
33.28	102
35.49	85
36.23	101
34.46	81
52	4
35.92	83
32.74	93
33.29	89
33.88	103
34.78	64
33.62	121
34.68	72
32.11	83
35.3	102
35.88	78
32.65	108
32.55	101
34.27	103
33.48	38
33.69	135
34.2	73
40.82	191
33.9	103
33.56	72
32.04	45
32.54	85
34.13	125
33.46	46
49.94	5
36.35	84
34.94	107
33.03	64
33.12	112
34.18	90
35.15	92
33.91	99
33.64	102
34.99	89
33.25	105
34.28	106
34.61	101
34.67	131
54.66	5
34.59	172
50.73	20
35.63	106
34.17	96
34.08	89
34.87	85
35.06	97
35.47	57
35.32	28
35.02	75
51.07	18
32.14	83
32.86	83
32.56	168
33.68	95
36.73	62
35.24	145
32.82	97
33.57	162
33.95	76
33.47	78
49.72	11
35.58	89
32.27	101
34.08	85
33.35	165
34.07	60
32.71	103
30.39	14
34.01	70
33.64	72
35.75	121
34.85	87
33.9	84
45.99	14
33.47	89
34.15	96
33.67	97
35.07	96
33.71	68
33.73	91
34.73	74
34.15	96
36.06	98
34.44	89
36.26	89
35.24	76
35.26	66
36.24	37
49.92	34
33	91
32.6	108
33.8	74
33.5	64
31.67	105
33.79	143
30.83	33
51.88	23
32.68	75
32.31	99
34.34	101
33.11	72
34.03	166
34.46	50
34.38	81
33.55	93
35	101
35.14	96
34.66	142
63.48	4
53.71	7
35.18	99
34.63	82
33.4	96
34.6	94
33.94	97
34.53	43
34.15	98
34.38	81
33.54	90
34.42	88
34.11	87
52.35	6
33.64	92
35.58	104
33.14	100
35.18	74
32.51	67
33.73	76
32.08	22
34.13	53
34.32	96
35.45	79
33.05	106
34.35	56
33.12	102
34.13	162
53.59	6
31.2	19
32.55	101
35.81	50
33	106
35.06	93
34.24	80
33.17	108
33.06	103
34.81	89
32.84	101
47.88	10
33.26	28
35	98
35.24	106
54.65	2
34.57	107
34.48	99
35.14	103
36.01	39
34.44	171
36.15	104
36.55	63
34.63	100
34.43	90
35.1	59
33.93	99
35.37	79
34.39	76
34.12	23
51.36	22
33.58	60
33.35	90
54.92	6
33.18	108
35.21	83
32.08	87
32.9	96
34.26	82
34.35	102
33.53	95
34.08	95
34.06	78
50.7	13
34.53	107
34.55	92
35.12	79
35.62	56
34.21	101
33.28	108
33.53	90
34.62	69
34.86	99
35.08	92
33.73	94
52.99	29
34.75	106
34.66	97
34	103
34.9	84
35.07	98
35.29	82
34.26	84
33.99	94
34.57	66
34.23	101
33.52	106
34.57	78
34.67	95
34.94	89
33.97	90
35.17	76
57.21	30
35.13	166
35.28	82
33.35	105
35.05	96
34.89	103
35.26	83
43.56	140
34.35	183
35.21	95
35.88	97
31.2	41
33.07	104
34.27	70
34.36	87
34.64	83
33.27	108
50.37	6
33.15	73
32.89	107
32.89	94
35.11	57
32.48	104
49.82	33
33.85	83
34.62	102
33.76	60
32.41	28
34.15	141
35.66	88
34.35	140
33.48	107
35.36	101
51.22	2
32.83	103
34.57	55
35.48	65
34.19	90
37.12	84
35.48	97
35.37	55
34.92	79
32.46	79
33.53	98
34.43	60
52.99	7
34.43	60
52.99	7
33.69	38
33.6	97
33.71	48
33.63	86
33.96	93
55.31	1
34.83	95
33.93	89
35.3	78
34.95	98
33.64	62
32.74	79
34.19	31
34.15	91
34.16	98
33.23	101
35.31	71
33.71	98
32.53	108
34.03	94
51.11	8
33.65	53
34.75	87
31.05	20
33.57	182
35.04	78
32.51	108
33.02	105
33.6	80
32.25	66
33.73	53
47.35	14
34.51	96
35.55	70
33.28	101
33.68	89
36.22	82
34.13	98
54.8	14
33.24	101
34.26	106
36.05	24
35.24	104
52.46	1
35.61	79
32.58	103
34.13	38
34.01	68
34.65	161
33.82	102
34.43	72
33.07	108
32.44	105
33.82	73
32.77	95
32.77	181
35.27	96
34	99
33.16	93
54.76	5
34.26	191
33.05	179
35.68	92
31.49	105
32.98	108
53.5	1
33.65	103
34.94	80
33.51	84
32.66	99
35	84
35.89	90
33.56	103
33.2	105
33.26	104
34.03	106
34.06	77
34.24	85
53.17	2
35.23	104
34.39	68
34.75	73
33.19	103
33.88	151
33.13	97
34.56	99
51.58	2
33.49	107
34.18	75
33.09	106
35.22	104
33.96	94
34.31	76
53.14	3
32.71	108
34.04	107
34.74	86
33.64	105
34.88	92
32.5	108
34.54	100
35.61	71
35.02	64
33.76	81
54.3	25
35	72
34.43	90
35.21	102
34.95	74
33.06	19
34.3	93
34.66	103
34.34	175
34.33	80
33.95	105
32.71	108
32.63	57
33.03	66
33.63	64
53.78	1
34.62	81
36	94
35.66	77
34.02	72
34.6	54
32.89	100
34.42	93
33.17	94
32.9	97
53.07	0
34.88	77
33.96	102
32.68	99
34.4	87
51.73	16
33.5	98
32.94	59
32.84	101
33	99
31.78	28
33.33	172
34	47
33.41	81
33.74	91
34.14	34
50.72	44
34.86	104
33.55	101
34.25	81
35.37	79
34.3	91
35.44	82
34.58	102
33.3	87
34.36	167
34.25	97
41.14	163
33.72	82
35.01	120
35.71	106
33.82	93
33.38	91
33.4	63
34.76	164
35.75	77
32.6	99
33.77	107
36.53	85
51.67	25
35.87	84
35.67	73
34.29	186
33.77	56
33.78	50
31.55	14
34.77	151
50.86	37
33.93	178
33.68	137
35.21	40
34.66	108
34.92	52
34.48	39
32.34	89
32.24	76
59.8	17
34.02	105
33.57	107
32.82	68
31.73	28
34.29	113
33.58	82
32.25	100
33.85	89
34.33	98
35.22	71
50.27	7
35.35	156
34.18	178
34.55	71
33.53	71
34.07	106
33.64	82
33.81	104
34.2	51
35.58	107
56.59	2
34.42	108
33.97	97
35.1	98
35.17	70
34.86	95
36.21	78
47.81	1
33.22	195
34.66	45
32.93	101
34.24	50
34.22	98
33.47	100
33.23	102
33.61	100
34.15	71
34.19	84
36.35	76
35.6	58
33.84	77
34.84	105
34.3	89
33.46	85
33.29	68
35.58	65
52.88	1
35.03	95
32.48	108
36.17	67
36.07	88
34.81	118
32.6	103
35.78	86
60.39	6
34.11	86
36.23	96
35.04	105
34.22	103
33.24	107
35.32	84
34.78	99
33.68	102
34.79	83
53.99	13
36	66
33.46	106
34.84	44
33.68	56
33.71	108
34.6	104
33.73	86
34.67	50
35.18	160
53.82	2
34.13	105
33.27	103
33.07	81
35.39	76
34.45	91
34.71	84
50.68	19
34.95	30
35.04	84
34.49	84
34.16	23
34.89	103
33.8	49
34	134
33.23	62
33.73	101
34.05	108
34.04	93
33.91	97
32.69	87
54.33	11
34.73	85
33.33	87
33.55	106
51.13	27
34.06	103
32.1	87
32.92	95
34.29	153
32.66	105
34.08	87
34.45	84
34.57	102
34.12	96
34.42	102
35.08	75
50.44	41
35.12	43
33.66	184
35.3	84
34.79	129
35.34	106
33.96	88
34.34	81
50.79	4
35.19	101
34.58	91
33.92	130
31.72	14
36.43	83
34.89	83
35.65	59
33.18	103
34.72	105
32.6	89
53.1	35
35.24	51
32.81	97
34.13	106
34.69	106
34.05	69
34.77	105
34.18	90
32.39	76
35.64	97
35.22	96
52.52	5
34.31	102
32.55	90
34.84	95
32.65	23
32.71	94
50.71	3
32.43	93
33.68	69
32.92	99
34.24	94
33.19	89
33.84	75
35.91	67
33.05	167
34.03	76
34.69	95
35.16	73
34.05	147
56.37	6
34.07	108
33.6	75
32.64	99
34.92	139
33.65	35
34.02	86
34.8	92
52.3	12
33.75	86
34.17	51
35.47	78
34.38	60
34.57	99
34.79	101
34.38	103
34.31	105
35.84	105
33.23	60
32.3	63
32.31	37
34.17	146
51.84	6
35.23	156
33.89	87
32.91	101
34.15	86
34.25	80
36.23	71
35.03	79
33.37	105
33.46	107
33.72	90
54.09	5
32.28	108
34.52	94
32.84	106
34.43	108
34.02	86
35.58	58
53.67	9
33.57	16
35.62	50
31.89	22
34.48	48
32.6	55
34.68	60
34.93	88
34.98	63
52.1	17
33.77	102
34.26	96
33.13	104
33.38	103
34.13	81
34.09	95
34.56	97
33.15	96
33.65	104
35.1	67
31.86	96
31.64	32
35.04	141
48.15	1
33.1	104
33.7	67
33.09	108
33.42	177
52.46	4
32.82	27
33.37	105
34.3	187
37.77	40
34.94	80
33.46	99
32.82	48
34.75	83
34.77	102
33.42	99
34.47	66
34.98	104
34.74	100
35	95
53.38	3
32.46	106
32.37	193
34.31	86
33.85	96
33.27	104
34.04	82
34.72	87
36.13	80
34.19	98
34.38	101
32.86	105
53.39	3
34.96	105
35.79	96
33.71	47
50.49	49
33.82	54
33.95	103
34.93	74
34.15	104
35.95	104
35.06	105
33.73	25
36.91	68
34.46	65
34.35	103
35.88	107
35.22	100
35.55	43
34.99	95
35.87	105
50.52	2
34.17	158
49.6	0
33.33	100
36.3	107
33.35	88
33.43	54
35.13	104
34.34	79
33.38	172
34.31	78
32.34	108
34.22	61
32.91	94
33.55	156
50.84	1
33.23	154
31.78	34
32.37	106
33.94	102
34.78	96
35.04	87
33.71	36
34.95	67
33.95	96
33.78	101
55.22	0
34.41	104
34.95	53
33.9	105
34.64	85
31.31	32
31.84	104
34.68	176
34.31	88
39.66	188
33.16	191
32.55	103
34.11	193
34.19	84
31.18	41
35.19	68
34.4	104
34.17	80
33.23	82
31.39	29
35.54	81
31.93	28
47.25	18
32.81	113
32.74	107
34.72	51
49.89	19
33.73	100
34.52	66
33.26	76
33.04	90
32.86	95
32.29	57
34.24	31
32.37	103
34.06	67
33.87	82
33.3	88
35.99	69
36.81	54
34.81	52
52.96	4
35.4	77
33.87	106
34.25	89
38.12	66
37.81	66
34.53	101
55.4	3
35	107
34.02	108
35.29	101
34.75	70
32.98	92
34.6	52
33.43	68
36.13	83
35.22	69
34.43	86
33.81	99
33.75	88
34.5	90
54.42	0
34.21	91
35.5	49
33.85	102
33.06	102
33.5	91
48.95	34
34.44	103
33.78	77
34.07	58
33.5	125
33.89	72
31.31	12
55.73	8
33.46	61
30.97	55
34.37	74
34.31	106
31.81	83
33.25	94
33.48	73
33.39	100
32.58	85
34.09	184
33.89	51
53.18	1
34.51	89
34.79	68
33.15	107
34.03	77
32.98	69
32.51	106
32.37	26
35.08	45
35.12	69
34.97	185
34.46	196
34.87	93
35.01	92
35.24	100
35.53	93
53.03	17
35.8	63
33.37	44
50.07	9
33.97	93
33.33	63
34.31	168
33.85	80
32.73	84
34.44	85
32.01	104
34.06	95
34.27	102
51.69	37
34.17	107
35.28	72
34.9	62
34.33	93
35.42	96
35.5	85
36.32	99
34.87	100
33.56	95
50.46	1
33.56	106
32.18	106
34.28	71
34.05	95
33.94	106
33.95	95
31.37	102
34.62	81
52.69	18
32.51	99
34.64	91
34.37	82
34.24	71
33.93	84
34.62	103
35.32	95
35.13	56
34.45	101
33.16	73
35.7	84
34.13	76
33.63	78
34.88	77
34.7	49
33.84	103
33.54	70
53.35	0
33.04	49
32.91	102
33.33	95
52.08	5
34.37	103
35.24	92
33.71	101
31.6	100
33.34	79
32.97	67
34.33	92
35.73	79
32.41	57
55.55	1
34.76	89
33.69	88
33.03	74
33.57	97
34.38	91
32.55	105
32.32	55
36.02	90
32.68	41
33.61	50
32.24	105
32.86	91
33.12	104
32.66	44
35	64
53.75	8
34.1	61
36.66	105
36.6	69
35.35	51
35.33	106
35.28	106
34.8	92
34.18	91
35.78	86
53.94	1
35.08	74
34.44	84
33.6	105
34.58	87
52.39	18
35.76	101
35.22	71
34.98	100
34.48	74
35.37	70
34.38	63
33.97	106
34.91	64
52.05	9
35.51	97
34.63	66
34.61	102
34.91	100
35.58	80
35.41	18
32.75	108
34.09	64
32.64	86
53.85	13
34.95	59
35.13	103
34.91	88
35.1	101
34.85	83
34.58	129
34.33	45
35.2	104
53.39	11
34.68	88
35.7	91
35.93	77
35.06	83
33.62	102
32.4	27
35.06	85
33.71	44
34.39	102
35.51	34
52.04	15
37.17	79
34.93	30
34.82	100
35.06	84
35.06	105
34.21	94
33.79	107
35.37	106
33.93	47
35.85	60
34.57	95
35	82
34.74	99
34.65	93
35.74	57
53.34	9
33.69	101
34.52	103
35.16	97
33.75	83
35.44	103
34.16	55
52.79	21
31.85	25
33.94	107
36.48	70
33.57	102
34.97	69
35.54	83
35.7	99
34.6	91
35.75	79
33.34	85
53.47	25
33.9	91
33.93	105
33.26	81
33.64	86
34.57	89
35.42	145
34.65	84
33.2	48
34.46	103
52.62	6
34	74
33.35	189
34.67	86
53.3	11
34.91	104
32.88	84
33.52	69
33.7	105
33.02	91
32.19	108
33.69	71
34.15	103
35.26	87
51.12	1
32.64	87
33.1	108
32.64	85
34	98
33.95	91
34.26	99
33.24	42
33.69	102
33.62	151
33.6	82
34.26	98
35.06	60
55.04	4
34.07	72
34.49	28
32.81	105
32.89	106
34.76	105
33.45	87
34.8	93
34.96	86
35.77	84
34.24	95
35.54	85
35.31	100
34.5	97
34.35	99
36.96	58
51.22	3
33.68	103
34.42	104
34.29	103
36.58	74
35.05	61
33.16	29
33.35	87
34.06	103
37.42	78
49.17	27
36.59	81
35.17	81
48.15	3
34.86	99
36.64	85
33.67	106
36.7	83
34.84	88
34.48	86
36.13	75
53.21	0
35.58	79
35.03	79
35.02	69
33.8	89
34.32	86
33.6	80
33.76	98
34.24	91
34.41	88
34.23	107
34.57	63
35.43	62
33.95	106
33.05	106
34	65
34.95	105
34.64	104
35.05	106
34.42	23
33.97	100
33.84	106
35.26	64
35.19	94
34.49	86
35.01	62
35.12	67
33.53	124
33.22	95
50.72	49
34.09	42
33.51	106
33.84	101
34.81	96
34.31	89
34.85	64
34.35	68
35.28	95
34.29	87
50.72	31
33.08	107
33.55	98
34.95	94
34.85	85
51.37	8
34.06	104
34.74	81
34.3	103
33.3	116
33.83	108
51.13	8
35.23	104
35.93	81
35.11	68
33.74	100
35.97	65
33.82	89
33.37	91
35.59	101
33.88	92
35.31	164
33.71	103
33.23	104
34.1	99
34.25	93
34.18	97
36	69
34.21	82
34.43	79
34.72	52
33.42	26
35.47	95
33.68	105
34.59	87
33.21	93
33.85	69
34.11	106
33.51	93
34.59	169
53.97	2
34.06	107
35.51	40
33.68	73
35	100
41.98	154
34.35	84
33.6	102
34.25	82
34.88	96
36.83	65
33.24	100
33.59	102
32.03	102
34.72	98
32.83	178
30.84	22
35.04	73
33.8	82
32.68	83
49.52	26
50.93	18
34.47	91
34.52	87
34.58	106
34.74	100
33.4	89
35.03	38
34.56	86
36.15	99
34.04	85
33.6	98
34.82	104
33.8	65
33.93	99
55.38	3
32.35	60
34.04	78
33.44	40
33.01	92
34.84	91
33.15	102
49.3	12
32.2	55
33.07	180
34.44	91
33.83	60
34.97	91
34.43	91
32.71	84
33.06	101
35.18	163
33.91	72
34.92	86
50.82	6
35.56	95
34.2	104
33.6	72
35.23	86
34.21	100
33.9	102
34.61	104
34.28	84
35.82	71
33.46	106
34.7	35
34.36	64
53.11	15
34.68	62
34.63	89
35.57	100
33.6	106
35.54	79
32.99	51
31.85	17
34.07	60
33.76	47
34.83	86
49.58	10
35.37	95
34.4	44
34.02	87
35.21	86
35.96	79
34.23	84
52.52	1
33.26	106
33.79	102
33.97	108
32.21	93
32.99	105
34.64	100
35.06	108
36.49	75
34.91	81
34.61	86
33.97	106
50.85	32
34.15	98
34.42	92
35.6	94
34.66	48
56.35	4
35.16	74
33.03	104
34.96	98
34	88
34.37	36
33.75	97
32.78	107
34.37	49
34.05	77
33.55	76
54.24	8
34.07	93
33.96	185
33.26	90
33.64	106
33.91	105
33.85	89
33.63	106
34.61	178
33.69	100
34.26	80
31.56	10
33.28	99
35.11	62
33.04	51
33.69	78
53.96	7
34.21	48
35.23	66
34.24	7
33.51	44
51.69	0
33.69	107
35.01	38
33.05	105
32.83	98
32.38	51
33.6	87
35.64	67
36.04	78
34.02	93
34.44	102
32.37	42
35.16	75
40.7	186
34.57	36
35.3	76
34.41	107
32.32	106
34.49	127
34.2	102
32.95	103
34.6	75
54.77	7
32.95	95
34.84	83
34.42	61
33.99	100
34.76	76
34.34	101
34.81	97
33.59	69
32.05	108
33.74	45
34.6	91
32.87	94
33.77	89
50.94	1
33.54	66
32.72	99
34.05	69
33.05	58
35.56	94
50.57	23
33.94	102
35.95	95
34.02	93
33.26	87
52.93	5
32.55	95
34.3	72
33.72	89
35.21	91
32.43	99
33.37	97
32.89	100
33.95	100
34.74	85
37.28	66
35.04	82
34.65	106
32.99	21
35.91	79
50.35	25
33.79	106
34.29	103
33.9	92
34.94	100
34.69	65
34	102
35.46	85
50.48	19
35.05	103
35.37	63
34.98	91
33.53	92
33.53	92
34.49	104
35.77	79
33.32	85
35.99	68
54.39	0
34	94
32.3	105
33.4	58
33.35	163
33.23	115
33.55	99
33.68	73
34.51	100
32.64	85
63.66	13
34.15	82
33.91	103
34.51	76
32.45	105
35.15	105
34.86	143
52.77	0
35.16	74
35.38	79
33.73	91
34.06	65
34.2	73
32.13	106
33.89	79
34.07	105
33.67	84
34.17	81
34.32	66
41.04	192
35.31	76
33.39	100
34.75	57
34.74	95
33.71	100
33.26	193
32.88	14
35.08	57
34.04	64
36.28	79
54.66	1
32.86	32
33.65	90
33.62	88
34.59	35
34.34	82
33.96	87
35.1	103
32.18	81
35.92	81
35.67	84
35.25	63
35.3	101
35.36	100
34.39	104
35.25	75
53.54	6
33.64	108
53.94	7
34.01	92
33.24	107
33.15	90
33.34	68
33.1	163
33.82	100
34.33	79
33.15	73
34.28	105
53.29	13
32.66	108
33.93	52
34.01	100
31.65	2
34.61	97
33.2	78
33.67	84
34.32	107
34.13	86
35.52	118
34.7	86
33.47	102
35.49	96
34.67	88
35.91	71
35.02	105
51.33	7
33.8	107
34.4	96
33.5	80
33.91	90
33.88	86
35.24	96
41.49	180
34.09	93
35.29	67
32.97	92
33.66	93
32.81	24
33.8	107
35.45	70
33.35	93
34.13	77
49.53	17
33.33	97
34.66	103
33.77	107
32.5	90
53.7	6
34.28	86
31.76	108
33.89	54
34.66	75
34.55	101
35.33	100
34.85	171
35.35	100
35.29	93
53.6	15
34.24	76
35.44	148
34.25	84
34.53	93
34.86	76
34.3	96
34.09	104
35.26	97
34.45	89
33.79	90
33.84	107
34.32	83
50.5	0
33.86	96
32.9	108
34.28	91
33.77	91
33.97	94
34.71	71
34.13	77
52.92	3
33.17	45
34.24	107
34.31	95
35.22	76
33.75	55
33.84	104
33.47	85
33.95	106
34.24	95
34.93	92
33.78	96
35.11	94
32.51	106
34.16	194
40.01	180
34.25	52
35.23	63
34.5	95
34.2	191
34.11	54
34.39	86
33.22	97
34.93	71
33.98	104
33.17	70
33.76	58
34.83	100
51.32	10
32.83	56
33.07	103
42.01	190
35.32	59
35.13	104
34.53	87
35.67	75
34.62	68
34.84	28
33.6	98
33.42	99
35.11	81
32.69	21
34.53	183
33.93	93
35.03	87
33.55	125
53.11	3
33.67	88
34.23	71
35.44	93
35.27	57
35.85	39
54.52	10
34.84	78
34.85	82
36.44	94
34.71	102
35.15	97
35.84	99
34.35	108
34.99	68
33.6	106
33.32	12
41.46	179
33.32	104
35.69	47
35.58	97
34.28	102
33.64	100
34.49	192
34.78	103
36.26	109
33.51	9
41.31	126
35.2	102
34.05	78
32.68	89
35.47	106
35.8	72
30.72	24
52.3	7
31.88	102
34.03	98
34.86	75
33.99	132
33.88	95
34.36	96
33.5	51
32.82	100
36.14	98
36.2	68
36.4	100
51.2	16
33.99	95
35.78	160
33.78	101
35.24	103
34.83	64
34.3	100
34.97	100
33.75	78
50.41	1
34.56	50
33.67	54
33.94	97
33.66	108
34.73	100
32.57	83
34.11	72
31.51	78
31.48	104
32.92	104
33.19	44
33.24	93
35.85	93
32.41	105
33.79	105
48.89	1
34.59	88
37.02	83
34.09	64
36.56	59
54.37	1
35.45	90
34.47	57
34.32	98
36.05	105
35.1	102
34.55	60
55.78	14
32.79	88
35.72	92
35.17	83
35.17	86
35.4	99
35.35	95
34.56	60
34.95	104
36.35	102
33.97	102
35.44	83
53.09	5
35.97	43
33.69	89
33.88	87
33.78	99
34.02	101
33.9	103
32.3	75
32.83	88
32.69	86
33.37	55
60.27	9
33.07	91
33.12	104
34.32	79
31.73	40
33.89	86
34.22	75
31.75	89
32.52	56
34.24	96
34.24	96
33.05	24
34.25	100
32.79	173
32.87	136
58.91	13
33.77	75
33.13	84
53.79	9
33.63	89
34.47	73
34.31	105
32.08	74
32.4	36
34.48	80
35.45	90
34.86	82
34.66	80
34.61	100
35.09	86
34.42	53
49.4	46
34.02	102
32.53	82
35.34	73
34.9	100
34.22	68
33.23	84
32.42	104
33.11	80
33.19	118
32.84	69
30.27	3
33.76	93
50.46	11
34.62	83
31.94	103
34.17	99
33.43	97
53.89	0
33.63	155
33.33	95
32.25	85
36.6	84
32.83	105
33.8	106
33.4	97
34.45	91
34.54	178
33.2	21
33.55	104
34.48	105
34.06	65
34.71	44
34.42	107
50.87	10
34.06	63
34.33	84
33.55	102
33.42	105
33.92	149
32.71	77
51.73	7
32.96	104
33.64	92
33.66	97
34.72	87
52.99	22
36.2	77
34.74	107
33.88	108
34.81	73
34.79	78
35.02	45
34.59	97
33.88	103
32.77	98
34.83	99
33.44	92
34.95	72
34.87	38
34.33	97
33.7	65
32.33	73
34.17	105
33.22	23
35.36	151
34.49	97
52.02	2
34.37	83
34.46	77
33.89	82
31.8	93
32.37	79
33.9	89
32.65	105
33.51	73
32.83	86
34.25	36
34.32	107
100	0
33.57	84
35.4	82
34.96	76
33.61	107
32.46	106
33.94	94
35.48	86
34.14	88
32.22	83
33.92	92
35.44	83
52.26	1
35.07	92
32.99	94
34.05	64
34.51	102
33.65	108
34.68	89
34.31	93
34.4	82
50.73	4
36.65	87
34.68	102
35.7	106
35.24	47
34.23	91
35.35	102
33.4	106
34.81	125
34.25	42
51.67	23
34.78	175
34.16	54
36.34	56
35.17	96
33.38	103
32.1	35
33.44	80
46.26	26
33.31	104
32.66	86
35.06	74
32.35	6
34.83	154
34	72
33.24	88
32.69	106
32.22	70
34.84	97
52.48	5
35.34	91
35.35	90
33.45	106
33.86	98
34.12	103
31.66	89
35.24	84
33.71	97
53.7	4
32.37	72
34.5	106
33.39	107
33.47	88
35.12	98
34.5	106
33.88	106
35.06	139
32.74	59
32.37	47
34.79	102
38.92	174
34.96	75
33.91	108
35.49	84
35.19	191
33.6	79
33.51	178
33.93	66
34.71	102
34.11	80
35.24	134
33.43	83
33.71	34
33.97	91
54.48	5
32.97	95
35.92	68
50.08	1
34.31	73
33.54	97
35.05	87
33.34	64
33.97	100
35.45	78
33.53	89
34.17	179
33.67	47
55.45	13
33.84	88
33.95	41
36.6	93
33.69	108
34.17	97
35.25	72
34.43	92
33.49	90
33.76	69
33.06	60
57.16	1
32.99	81
34.6	97
33.54	98
34.44	104
33.3	6
33.09	104
34.88	68
34.7	92
33.91	72
34.35	147
33.41	106
51.78	9
34.67	105
33	86
33.61	98
34.38	91
33.26	105
35.39	95
34.11	101
34.15	30
33.71	105
35.01	72
35.08	92
34.48	67
36.31	108
43.96	6
35.6	99
34.26	101
33.71	94
51.15	13
34.04	45
33.67	84
35.6	99
33.39	90
33.3	105
34.55	75
34.69	52
34.11	96
34.75	102
34.12	38
34.91	86
33.79	96
34.6	76
34.2	86
34.88	96
41.19	180
33.47	97
53.99	4
33.66	100
33.96	171
33.74	94
34.6	98
33.73	88
33	26
33.24	97
32.59	72
34.48	65
32.67	93
35.11	49
39.07	171
34.73	102
33.23	32
33.97	73
32.64	97
33.15	96
34.62	45
32.15	106
33.02	78
34.14	87
53.33	3
33.03	91
35.25	82
33.26	107
32.92	102
33.69	98
32.85	108
33.49	97
53.99	4
33.5	99
32.33	72
33.46	94
34.65	98
33.81	171
33.73	88
33.52	99
33.21	97
50.41	7
32.68	76
34.37	95
35.04	31
34.37	141
36.35	54
34.91	90
36.11	98
33.39	100
34.75	85
32.31	107
36.4	94
33.49	94
34.72	89
33.65	70
32.96	100
35.92	65
50.54	8
34.87	76
36.66	85
53.92	12
34.41	108
34.66	53
34.54	49
35.87	106
34.02	80
34.68	92
35.06	70
35.16	80
36.51	82
34.54	105
36.23	91
36.17	85
34.6	107
34.42	68
53.67	19
36	53
35.92	50
35.22	94
34.89	102
34.3	80
33.38	95
32.77	38
32.11	99
44.85	110
32.73	96
34.16	46
33.6	69
32.1	107
33.64	91
35.13	80
34.55	55
54.39	1
33.66	68
35.29	90
33.11	98
33.19	51
33.79	93
35	62
33.31	98
34.57	104
33.55	98
52.66	5
35.03	70
32.35	81
33.8	64
34.16	97
34.38	131
36.11	57
32.29	103
35.52	117
34.33	89
33.49	104
35.5	134
34.88	108
34	69
35.51	92
34.41	98
36.32	82
52.2	5
33.81	86
46.71	11
32.79	82
33.49	62
33.86	62
35.1	105
32.96	34
34.58	77
34.33	71
30.82	13
34.71	99
35.03	49
51.42	35
31.96	105
33.4	108
34.75	96
33.38	95
33.64	93
34.82	152
34.11	89
32.88	96
34.98	74
33.25	75
35.57	84
55.28	10
34.83	91
35.8	86
33.79	60
34.44	90
35.11	61
33.88	94
33.97	105
34.22	85
33.22	106
34.79	105
41.47	186
35.95	78
34.07	106
32.96	94
32.76	93
32.7	105
34.45	59
35.25	96
62.58	8
35.15	94
33.62	104
36.23	77
33.46	92
34.2	90
33.96	98
53.09	2
34.44	151
35.11	38
34.15	74
34.09	83
34.35	73
34.64	108
36.35	62
35.92	98
34.85	79
34.16	86
34.05	92
33.44	81
33.18	90
34.28	96
34.37	190
34.66	102
40.8	191
34.23	90
33.32	100
34.6	104
33.68	93
33.75	38
33.84	102
34.35	99
31.87	33
35.68	70
54.47	0
34.79	94
34	86
48.98	78
33.99	97
34.57	62
35.48	136
33.77	96
34.57	110
31.83	15
33.16	185
32.93	39
34.02	99
36.31	93
34.77	105
35.53	76
34.04	72
34.77	88
33.34	105
37.3	80
34.5	135
35.08	35
53.26	13
33.77	97
33.92	106
34.33	88
33.82	89
51.2	25
33.86	95
33.44	108
32.38	101
33.84	102
31.8	18
34.71	81
34.8	172
33.4	32
33.8	101
35.29	80
33.88	98
34.16	108
36.33	93
51.99	2
34.57	77
34.02	151
33.65	75
34.81	72
33.15	99
50.73	2
34.33	59
32.69	108
33.57	91
33.79	79
34.32	97
34.35	105
35.4	76
53.57	20
34.12	63
34.48	87
32.53	103
34.64	87
34.9	94
34.15	104
36.12	95
33.64	107
33.31	96
34.88	144
34.41	87
33.75	168
33.91	107
40.63	191
33.93	87
33.79	119
33.53	99
33.95	92
33.72	100
34.28	49
35.16	107
36.02	108
35.62	101
35.48	88
51.62	4
33.86	76
34.48	81
50.19	36
34.71	101
33.83	107
35	105
33.92	186
34.53	99
33.26	96
33.45	61
33.82	93
34.74	111
33.14	52
44.46	7
34.31	98
33.38	71
33.27	91
33.56	43
33.4	119
34.74	41
34.57	68
31.63	36
34.82	91
34.59	103
34.51	107
35.11	16
35.16	69
53.35	5
33.46	98
36.08	96
32.69	99
34.71	55
53.96	7
34.27	67
32.53	51
35.2	99
35.17	147
35.48	88
34.58	180
34.7	78
34.15	98
33.5	93
32.55	81
32.6	37
33.8	91
33.71	78
32.98	17
34.91	75
34.42	88
33.63	89
34.06	59
48.68	20
34.29	98
34.84	93
33.09	97
33.51	75
33.25	189
34.88	52
34.48	108
34.77	69
55.43	1
36.14	99
35.66	54
34.86	62
32.66	103
52.61	16
35.08	105
33.9	96
34.7	100
36.83	102
34.35	96
34.92	89
35.87	82
33.36	108
32.46	98
33.38	85
33.61	99
51.09	8
33	101
34.2	74
33.63	91
33.89	72
33.75	108
33.26	87
33.8	97
34.29	93
52.87	0
34.04	98
32.29	101
34.06	79
32.62	105
35.34	77
34.05	92
34.84	67
33.76	108
33.98	52
35.34	77
33.25	93
34.52	79
32.95	102
52.47	0
34.29	93
34.53	106
34.49	77
33.05	99
33.79	100
35.56	73
34.98	80
32.68	105
51.65	3
35.01	144
34.24	53
34.72	82
34.77	44
33.89	78
34.8	64
34.93	149
53.99	15
35.77	96
33.99	96
34.64	79
34.72	102
32.17	98
33.28	72
33.45	77
33.77	106
52.47	8
33.12	44
33.98	100
34.9	84
31.65	95
32.05	107
35.49	67
33.42	28
35.59	82
35.37	73
33.53	51
32.94	101
32.93	71
35.56	96
33.86	65
50.24	0
33.46	108
35.45	53
34.45	196
33.47	70
34.73	96
33.65	23
48.68	3
33.39	95
33.26	91
33.58	81
54.89	2
32.14	108
33.99	91
33.75	98
34.79	91
36.45	84
35.36	97
35.21	79
33.8	83
34.68	84
33.73	66
34.17	75
32.82	71
31.87	103
34.28	78
33.1	50
32.86	71
32.38	58
34.04	80
51.82	1
33.31	58
33.55	84
32.65	103
35.35	87
32.82	38
31.81	106
33.46	156
49.33	5
33.68	56
34.09	93
32.66	99
32.28	27
34.31	94
51.86	15
34.01	93
33.48	78
34.51	88
35.35	94
33.47	90
34.62	51
33.95	98
50.34	33
34.33	96
34.4	92
33.68	35
35.73	74
33.75	65
34.26	45
33.4	102
32.73	87
34.4	92
31.6	83
33.74	188
34.83	147
34.24	59
52.32	1
33.51	97
33.73	34
33.65	86
31.95	101
33.44	163
34.27	140
32.93	99
33.11	87
33.64	170
33.37	84
34.46	99
54.55	8
33.93	99
32.51	101
54.6	12
36.05	54
32.75	108
32.78	82
34.12	98
34.7	98
34.24	86
34.03	96
31.16	11
34.08	108
31.35	89
32.62	72
33.71	97
53.45	4
34.53	60
34.9	98
33.24	158
33.47	88
33.33	83
34.94	54
34.83	67
34.91	78
33.09	79
35.22	102
33.52	83
33.75	192
33.61	95
51.68	1
34.54	104
33.2	157
34.91	103
34.07	100
35.58	91
51.22	28
35.04	104
35.14	39
34.84	95
34.72	99
34.89	129
34.28	61
34.27	87
33.84	108
34.28	102
34.76	96
32.79	34
51.85	4
34.13	96
33.57	69
32.97	107
33.31	177
33.84	89
34.03	86
35.58	84
33.5	39
33.07	107
35.89	104
44.05	151
34.68	92
35.05	82
35.08	100
33.21	90
33.13	93
33.08	68
33.23	64
32.65	29
34.56	76
33.42	89
53.18	6
33.6	81
31.38	78
33.76	97
33.89	132
33.38	100
30.07	11
32.79	84
33.7	85
33.72	128
33.61	96
33.87	87
44.44	101
53.67	6
34.01	52
34.96	181
33.6	105
35.11	176
35.19	103
34.96	181
34.96	181
37.08	76
36.62	94
34.47	99
32.98	64
33.31	95
34.87	87
52.44	4
35.73	58
32.08	105
33.09	57
31.06	107
32.94	90
32.37	29
32.73	88
33.54	100
32.57	83
34.11	85
34.14	95
54.85	7
33.21	60
32.96	60
33.23	145
35.62	79
34.94	81
35.11	93
32.92	82
33.82	99
35.55	89
34.85	75
35.68	99
33.13	107
34.73	90
33.72	108
35.65	92
33.95	104
53.62	6
33.46	97
36.25	33
32.69	105
34.73	50
33.81	103
33.9	72
52.59	5
33.38	79
33.93	100
33.82	83
33.8	84
34.13	106
33.26	39
32.91	54
34.32	75
33.69	103
34.4	86
32.49	104
34.57	65
35.07	186
32.5	59
51.79	11
34.39	90
32.36	103
32.52	82
32.93	98
33.29	101
33.65	124
32.15	40
34.45	123
31.99	107
51.81	2
34.13	58
34.54	87
32.81	105
34.18	106
33.75	88
33.72	88
33.12	103
34.08	95
32.65	17
33.08	44
33.46	28
51.44	2
34.73	126
34.27	84
33.65	82
33.4	108
34.08	104
34.46	87
52.79	5
33.26	108
32.85	83
34.03	88
35.6	52
34.89	54
34.31	35
33.49	168
34.29	91
32.98	44
34.55	78
33.12	74
38.68	188
33.74	104
32.55	74
33.33	64
34.51	100
50.08	35
34.34	90
34.27	62
35.86	72
35.04	98
35.17	95
35.6	102
33.05	94
35.42	65
31.61	108
33.18	89
32.9	50
36.85	59
34.71	105
32.66	60
35	86
54.17	2
33.8	86
34.68	168
33.75	87
35.58	107
50.36	59
32.96	103
37.34	79
34.8	87
34.35	97
36.73	67
33.82	100
33.83	91
34.5	94
35	67
34.26	100
33.77	108
55.56	6
34.17	101
35.33	51
35.1	95
33.26	104
35.03	102
35.06	87
54.3	6
33.04	106
33.62	85
34.85	149
33.92	73
35.15	89
34.53	83
33.13	97
33.72	106
53.35	5
35.62	74
36.35	94
33.58	107
33.46	89
35.18	79
33.2	103
33.65	104
35.52	77
35.42	86
34.85	158
34.84	67
53.73	3
33.64	108
35.35	62
35.37	92
34.45	103
35.42	68
34.7	68
35.13	98
33.39	44
33.49	92
33.98	169
33.75	98
33.57	96
32.57	96
34.99	99
32.4	94
32.26	88
48.19	14
33.65	78
53.13	7
34.44	92
32.72	36
35.32	77
32.41	40
35.11	73
34.66	81
32.9	97
33.45	93
52.79	16
34.02	90
34.66	96
33.84	49
32.73	107
33.22	100
33.25	81
36.06	142
34.62	107
34.75	59
32.15	96
33.77	78
33.56	88
54.07	1
34.46	58
31.84	3
34.37	157
31.9	29
34.33	86
36.59	39
35.6	100
35.04	101
33.04	156
34.34	38
34.46	52
35.65	73
53.53	17
35.01	106
35.78	77
34.61	93
32.84	69
34.33	74
35.36	96
33.57	92
34.44	89
32.57	88
34.23	99
34.36	66
33.41	170
52.07	0
34.64	97
33.63	107
36.07	87
34.17	98
35.61	87
33.91	101
33.18	106
41.15	180
33.9	51
33.51	101
34.14	116
34.87	50
33.44	96
33.39	97
54.8	16
33.99	97
32.82	100
35.38	97
34.33	79
33.53	96
34.25	74
32.96	102
33.09	75
35.11	150
33.74	67
32.22	106
36.34	71
40.83	195
34.99	101
32.47	100
55.55	11
34.12	102
32.8	90
35.43	163
34.6	73
36.14	95
34.99	85
33.71	84
34.06	100
35.75	54
35.31	101
36.05	101
35.76	71
54.33	12
34.91	84
33.59	97
33.33	58
34.2	102
34.73	65
35.09	73
52.56	1
32.5	101
33.65	46
32.14	91
33.76	55
32.86	67
34.19	90
33.33	74
33.26	87
33.08	100
35.07	76
33.76	83
39.3	170
33.2	106
34.89	67
34.93	88
33.02	103
35.54	77
33.9	94
32.75	91
34.08	168
33.1	99
35.3	76
36.2	70
34.26	80
49.48	8
33.8	107
32.73	97
33.87	48
34.06	96
34.65	55
33.96	105
35.51	87
33.73	101
33.65	85
54.58	15
35.14	90
34.65	100
32.99	51
35.55	80
33.26	105
34.32	93
33.31	40
54.04	6
32.66	105
32.17	101
35.15	89
32.87	107
34.23	147
35.14	117
34.02	90
34.02	92
33.75	61
34.95	91
35.06	79
53.75	8
34.35	84
34.56	135
35.34	90
33.61	105
34.23	42
34.44	101
34.28	102
35.04	94
34.95	82
34.19	85
34.14	85
35.29	91
54.37	20
34.77	76
34.59	105
34.18	108
54.39	20
34.39	85
34.88	82
32.76	108
33.64	100
36.51	91
34.29	40
33.2	101
35.65	91
35.17	72
33.89	64
35.96	87
32.97	104
35.09	90
33.63	96
52.21	3
34.85	180
35.31	86
32.48	93
36.22	94
33.22	52
33.33	191
32.35	39
32.7	93
34.51	107
33.48	71
47.53	1
35.07	97
32.31	22
33.7	99
34.04	63
52.12	1
33.1	107
34.58	88
33.88	94
33.11	107
34.7	156
33.93	78
32.66	17
33.71	87
35.53	79
34.46	39
35.01	96
34.29	58
32.61	194
34.63	104
33.59	98
53.45	4
32.46	94
33.47	91
54.24	13
34.23	68
33.14	98
34.37	107
33.91	107
32.98	91
32.93	28
31.65	23
34.05	97
33.77	89
34.56	77
33.67	83
35.36	80
34.02	91
35.01	82
33.37	101
50.67	31
33.6	104
35.17	39
34.8	141
36.22	72
51.76	2
33.42	80
33.33	97
35.13	97
34.86	82
34.68	72
33.38	74
34.79	97
32.24	88
34.78	86
33.65	83
51.43	27
33.15	104
34.7	159
33.63	79
34.55	95
34.34	97
32.65	90
33.15	79
33.52	66
32.64	103
36.06	85
32.75	87
32.69	107
34.22	95
34.02	61
46.86	20
33.41	108
34.3	104
33.26	101
34.18	89
33.23	82
51.06	26
35.97	79
33.66	85
32.82	95
35.25	79
34.19	97
33.26	96
34.89	79
33.44	61
31.78	101
33.61	55
51.4	25
34.15	61
35.07	74
33.67	95
35.63	127
34.25	52
35.26	54
35.24	104
35.42	91
35.6	76
34.8	95
36.02	76
35.14	102
64.27	7
33.88	93
33.01	102
55.24	4
33.17	51
36.03	75
34.46	99
35.37	67
36.19	87
34.12	104
36.65	95
34.64	70
33.67	59
33.1	35
32.26	100
34.15	79
33.88	97
33.98	173
33.37	50
54.85	0
33.15	68
34.27	98
35.93	73
36.54	83
34.71	82
34.68	89
34.22	108
52.64	31
35.87	103
34.81	94
33.79	46
35.43	93
33.19	75
35.21	93
32.66	96
31.01	93
34.64	106
32.77	10
49.14	9
32.41	103
34.32	78
34.2	90
33.62	100
34.13	89
33.28	101
34.04	88
34.43	83
33.2	92
34.05	102
51.26	24
34.51	76
32.36	32
34.46	63
35.21	94
31.57	44
32.58	27
31.91	95
32.28	14
34.39	101
39.73	186
34.31	102
45.83	4
33.29	56
33.73	176
34.37	86
34.02	106
34.04	78
34.68	106
34.4	97
35.5	101
34.99	126
33.31	107
33.53	105
54.11	7
36.08	104
34.44	38
33.46	100
34.46	98
34.39	76
34.51	37
33.04	106
33.29	97
33.63	121
33.62	49
33.53	161
33.78	100
34.71	75
30.24	2
33.73	74
33.44	107
34.54	132
34.22	72
35.58	102
50.85	30
33.53	93
34.4	97
32.66	69
32.81	41
33.7	89
34.2	91
33.77	94
34.33	50
34.25	134
35.77	77
33.19	103
52.75	1
34.33	56
34.46	107
35.55	69
33.85	99
34.7	106
53.35	1
35.26	80
32.52	106
35.04	92
33.5	93
34.1	105
34.36	88
35.26	96
34.9	79
34.71	87
33.54	97
32.55	104
33.15	84
54.36	5
35.18	57
32.59	101
32.4	100
35.05	102
33.13	104
31.34	94
33.08	86
34.56	94
55.86	3
33.99	43
34.97	100
33.35	91
34.01	85
33.75	105
35.15	82
33.64	87
33.82	97
35.03	79
34.12	182
53.11	2
32.84	105
34.48	88
33.6	91
34.25	91
33.48	88
34.02	98
34.79	57
33.56	107
34.88	83
34.92	47
35.16	69
33.16	82
35.02	102
51.67	13
34.25	104
34.32	64
33.33	101
33.66	102
52.08	3
33.71	73
34.9	80
34.02	89
34.82	80
32.14	102
33.93	66
32.62	99
33.17	90
52.82	14
33.49	103
33.79	84
33.11	94
33.22	101
34.06	60
34.53	98
33.65	103
33.26	91
32.92	105
33.37	95
33.62	51
34.51	88
33.22	106
50.06	22
32.96	45
30.24	6
33.03	89
34.23	49
34.28	102
52.08	7
33.57	42
33.51	188
32.66	74
35.14	92
33.58	64
31.85	107
33.71	61
35.34	70
33.76	103
34.44	83
33.49	90
33.58	90
34.56	89
34.72	97
35.75	99
34.28	81
55.56	20
33.8	63
33.64	85
34.44	74
34.88	29
36	103
36.28	103
51.98	32
35.41	113
36.37	73
34.47	101
36.53	92
33.17	102
34.3	116
33.39	145
33.47	69
54.72	16
33.19	95
33.47	105
35.3	86
32.46	107
34.72	100
53.69	6
33.1	92
33.59	76
33.86	102
33.94	146
34.8	114
32.19	100
33.61	26
32.35	66
33.22	96
34.63	97
53.23	14
35.05	61
34.24	29
34.97	83
33.58	101
34.68	62
34.62	64
36.14	78
33.38	103
52.24	2
33.7	108
33.83	50
33.97	107
35.53	96
35.17	102
34.64	188
32.71	75
34.19	86
34.72	117
33.04	61
33.77	100
34.15	28
33.02	104
33.13	190
34.28	102
34.28	102
33.64	32
55.59	0
34.16	60
33.51	88
33.28	71
50.64	47
35.18	88
33.93	181
34.11	42
33.74	78
33.56	191
34.93	40
35.08	68
33.84	101
33.97	72
33.34	108
33.35	106
34.49	87
34.67	80
35.86	55
54.03	8
34.51	74
34.03	101
34.32	63
32.23	106
35.24	63
34.51	66
33.7	61
32.33	100
49.52	11
33.66	65
34.56	79
33.61	72
34.08	96
33.26	106
35.64	102
36.43	71
34.48	40
34.24	71
36.24	65
34.91	98
34.71	102
53.56	18
33.36	102
32.57	22
34.34	81
34.34	81
32.22	96
49.93	3
32.75	124
34.85	96
34.09	118
33.57	145
32.2	98
34.98	20
33.67	79
34.53	87
51.35	9
33.68	107
35.38	72
34.02	88
33.62	82
34.12	58
34.44	58
33.36	84
51.33	9
33.64	105
33.83	60
34.77	67
32.51	100
32.89	101
33.23	112
33.73	97
33.14	112
33.25	116
36.5	50
31.52	112
35.55	85
34.9	84
34.96	66
34.11	116
32.75	117
34.06	111
33.73	100
32.33	117
35	98
32.6	121
33.29	120
33.12	85
34.31	104
32.47	114
34.55	101
33.67	92
33.96	67
35.18	62
33.18	121
32.89	70
33.04	107
33.28	117
33.39	65
33.37	69
32.09	120
35.53	98
34.8	100
31.9	47
33.54	89
35.23	74
35.42	73
34.74	90
34.05	120
34.52	90
32.98	235
33.6	111
33.82	118
32.66	111
33.32	111
34.75	109
34.75	109
34.75	109
32.66	96
34.75	109
34.75	109
34.75	109
33.92	113
33.28	117
33.38	113
33.87	115
33.16	95
34.36	80
34.23	80
33.28	117
32.36	114
35.25	85
35.63	96
34.15	92
34.86	101
32.84	114
32.99	112
32.05	118
31.85	102
34.83	94
32.05	96
34.88	109
33.28	99
32.71	112
33.2	118
33.52	75
32.73	12
33.83	90
34.39	120
33.83	213
33.33	106
33.17	102
32.86	108
34.42	96
32.95	114
31.4	112
31.04	121
35.93	69
35.67	69
33.55	100
30.28	116
32.26	118
33.06	46
33.31	99
34.75	109
34.72	79
34.49	98
35.07	107
36.01	65
30.95	2
33.49	111
34.29	73
33.91	102
32.91	117
31.77	117
32.75	17
35.59	80
33.63	233
34.5	88
34.29	95
34.69	107
33.1	133
34.81	102
32.51	37
33.52	95
33.79	94
33.17	42
34.3	109
34.31	67
33.05	116
34.19	112
33.58	85
32.8	122
31.82	239
34.67	103
33.41	90
33.6	119
34	106
34.79	89
32.81	76
34.48	115
33.64	111
34.06	86
33.36	122
33.64	114
34.4	120
33.64	117
33.92	110
32.54	121
32.99	122
33.96	95
34.46	97
33.78	83
35.07	99
33.4	102
32.34	119
34.31	62
33.98	97
33.79	114
31.06	118
34.24	100
32.41	112
34.43	102
33.05	200
32.8	210
31.15	122
33.65	79
34.21	114
35.1	82
32.34	110
32.52	116
32.44	116
33.69	88
34.46	114
32.71	106
33.35	119
32.9	116
33.82	228
34.93	120
35.02	89
33.08	41
32.99	229
33.26	103
31.67	117
32.93	116
34.14	80
33.39	116
35.1	72
34.71	98
33.48	108
32.78	118
33.03	107
34.31	102
34.29	98
34.04	116
34.28	72
33.97	115
34.37	57
35.48	49
32.51	2
32.65	112
33.59	22
33.95	196
34.36	104
33.55	113
33.51	101
34.18	79
33.52	121
33.22	99
34.76	102
33.65	92
34.04	114
33.44	97
33.11	78
32.31	112
33.79	242
35.78	89
34.95	56
34.23	94
33.82	109
34.64	109
33.3	122
34	108
33.71	109
33.43	121
34.54	118
32.42	115
34.75	109
34.75	109
34.75	109
32.49	111
33.13	118
33.79	94
34.03	105
32.55	24
32.25	122
34.05	110
34.2	80
32.09	109
34.75	109
34.01	90
32.31	119
32.31	119
32.31	119
33.15	115
34.75	109
34.21	91
32.19	122
33.63	108
33.63	108
32.61	67
33.97	98
33.64	104
34.75	109
34.75	109
34.75	109
34.75	109
34.75	109
34.29	87
33.71	79
34.14	89
32.74	106
34.84	79
32.52	100
34.83	91
33.56	100
33.53	94
34.12	117
34.46	101
31.53	117
34.14	90
36.17	87
34.77	121
33.71	122
33.56	90
32.06	117
33.96	211
33.05	120
33.02	110
32.68	117
34.51	173
34.68	94
