sim	len_diff
33.76	290
33.82	284
33.46	269
35.28	479
34.53	296
34.5	236
33.31	273
34.58	259
35.07	284
33.81	291
35.7	231
33.68	304
33.89	35
34.25	290
33.18	313
33.45	284
33.53	302
35.47	189
34.19	276
34.41	249
32.78	281
32.5	313
34.8	235
33.26	290
33.83	262
34.11	307
33.83	191
32.71	300
34.05	260
32.5	312
33.46	281
34.19	262
35	247
33.95	283
34.2	302
34.66	268
35.05	152
34.08	251
34.12	303
34.49	229
34.4	285
33.27	283
33.18	279
32.65	310
34	298
33.68	304
32.99	257
33.84	97
33.2	235
34	296
34.02	305
34.38	263
34.05	262
34.1	206
32.45	282
33.84	242
33.96	192
33	275
34.55	262
34.86	277
35.2	301
32.88	309
32.43	299
32.43	299
32.42	305
34.15	195
34.23	232
32.76	305
34.44	270
33.4	204
33.83	172
32.96	280
33.74	263
33.34	263
33.34	263
32.66	270
34.3	150
36.05	235
35.41	188
33.76	170
35.85	297
35.93	278
37.18	223
35.03	303
35.41	308
36.86	191
34.83	239
36.22	219
36.09	310
37.7	144
33.82	311
36.57	86
36.05	172
37.31	107
35.87	232
35.16	230
34.87	312
34	258
35.75	148
32.27	313
34.3	264
36.05	236
34.76	250
37.66	84
35.36	286
35.25	434
34.64	304
33.48	274
35.96	300
34.53	278
34.17	306
35.36	248
34.66	298
31.99	312
35.68	257
33.68	306
33.41	308
33.89	300
35.93	301
35.37	167
34.37	274
33.84	302
33.85	305
33.94	267
34.12	310
32.93	301
33.15	308
37.12	258
36.19	238
33.83	291
33.71	282
33.16	293
32.4	310
32.94	304
32.9	288
32.58	297
34.69	257
33.28	311
32.69	254
33.13	300
34.24	303
34.11	179
34.26	298
33.33	263
33.21	303
32.8	300
33.51	254
33.57	310
34.44	290
33.01	313
33.35	302
33.61	294
33.72	295
34.5	262
33.16	302
34.02	267
32.56	302
34.35	298
34	298
33.88	308
32.69	279
33.2	310
35.09	255
33.25	300
33.97	297
33.4	301
33.79	296
32.97	295
33.97	260
34.65	304
33.1	301
33.8	307
34.45	297
33.81	307
33.87	301
34.44	224
33.13	309
33.25	279
33.94	271
35.03	254
35.31	155
35.68	227
35.58	190
34.4	215
33.49	297
35.9	172
33.65	303
34.2	258
33.83	293
34.1	285
34.24	312
34.41	279
35.39	191
36.25	193
35.04	293
35.09	252
33.91	302
33.71	288
36.66	210
35.45	248
33.51	310
34.22	304
34.06	268
35.12	226
33.37	304
35.31	246
35.87	298
34.07	242
35.26	180
34.62	218
34.81	296
34.5	246
35.35	271
32.83	284
34.85	240
34.34	300
34.29	269
37.76	173
32.81	308
34.23	269
31.84	305
34.83	455
33.45	307
34.31	306
34.48	180
33.78	281
34.53	250
33.55	279
32.63	304
34.3	283
33.97	244
32.39	295
33.55	276
33.67	117
33.28	279
33.28	279
33.85	242
33.69	312
32.77	264
32.65	251
33.09	273
33.8	234
33.73	213
34.87	201
32.55	276
33.71	245
32.09	296
32.57	277
33.38	265
34.05	166
32.42	305
31.91	299
32.14	313
33.38	305
34.61	207
34.35	200
33.11	305
32.18	298
34.25	308
33.37	298
35.51	219
33.75	247
33.88	276
35.36	215
33.31	284
33.85	126
33.89	303
34.39	259
35.75	259
34.16	296
36.5	191
34.88	307
34.99	295
35.19	227
33.91	312
33.54	307
34.72	268
36.65	239
34.16	262
35.13	198
34.17	255
34.65	259
34.03	278
35.99	135
34.1	279
33.75	304
32.34	293
34.5	278
35.1	234
34.07	279
34.76	98
33.76	302
32.8	303
34.84	281
34.88	195
33.99	310
34.23	283
34.64	303
34.03	297
33.07	307
33.89	275
34.06	312
32.6	290
34.85	279
35.11	267
33.4	286
33.82	300
33.68	279
32.91	308
32.48	291
33.66	300
35.39	212
34.24	296
33.93	268
33.77	308
33.97	288
33.54	291
34.2	282
33.74	293
34.22	312
33.73	312
33.73	253
34.65	282
35.42	255
33.37	312
34.7	256
34.09	227
34.7	248
34.32	310
33.49	288
34.42	246
35.97	134
35	276
34.13	268
35.38	273
32.29	310
33.49	297
35.48	238
34.17	278
34.78	300
34.33	214
35.13	290
35.51	239
34.04	216
34.76	295
33.94	292
35.69	178
34.25	151
35.34	275
34.38	161
34.3	234
34.51	249
33.57	277
34.21	273
34.29	253
33.97	132
32.82	40
34.86	192
34.93	271
36.19	128
36.41	273
33.96	270
35.32	192
33.67	261
34.91	254
35.61	208
34.4	233
32.88	272
34.52	187
33.51	274
33.64	168
34.96	232
34.63	223
35.47	174
34.56	214
33.62	266
35.57	206
33.32	254
34.75	154
33.07	268
34.35	247
33.12	491
32.97	211
32.52	274
33.8	223
33.63	277
33.95	256
35.16	208
35.11	205
36.5	260
33.19	74
35.79	398
34.34	274
35.05	72
34.79	147
36.31	274
34.89	240
34.6	261
34.33	236
34.3	276
36.54	226
36.94	258
35.46	185
35.23	231
35.9	206
34.79	258
35.33	180
32.95	278
33.96	224
33.17	270
33.91	262
34.33	236
33.81	143
35.45	204
34.26	242
35.39	171
35.38	158
33.72	210
33.81	208
33.16	221
34.17	225
30.88	41
34.78	151
34.64	213
34.47	260
34.34	154
33.94	77
36.6	196
34.19	212
34.26	210
34.49	277
34.33	257
34.45	265
35.1	230
34.78	154
35.17	161
35.59	277
37.19	219
37.52	217
35.17	214
35.8	263
35.58	216
36.24	232
37.42	185
33.95	251
36.45	72
37.6	146
35.06	231
33.97	242
34.99	224
34.71	377
34.67	256
35	256
34.08	230
33.41	189
35.3	256
34.03	259
33.23	259
34.63	216
34.46	277
38.01	175
33.85	250
34.75	226
33.9	227
35.41	205
34.63	249
35.28	245
34.68	178
33.13	255
35.27	130
33.69	247
36.84	172
33.75	187
34.1	227
34.47	274
32.64	267
33.52	247
34.23	268
34.19	159
33.72	259
33.8	254
35.09	195
34.2	246
34.31	111
35.21	160
33.41	214
35.26	258
35.17	261
33.9	240
35.87	249
34.45	255
34.17	253
35.36	200
36.15	238
36.32	160
35.86	278
34.16	148
34.71	214
33.72	268
34.04	264
36.4	196
33.56	82
33.8	266
32.7	251
34.38	71
33.06	55
32.99	270
34.32	236
35.38	272
34.87	267
36.78	194
35.82	178
36.28	182
34.85	275
34.84	127
34.09	264
34.28	273
34.16	250
36.16	137
34.34	273
34.22	254
33.92	256
34.57	222
35.69	165
34.57	230
35.65	193
34.15	211
34.01	60
36.25	120
34.01	145
35.09	436
34.67	260
34.16	198
32.82	271
34.55	270
33.59	277
34	158
33.58	258
34.47	248
34.56	269
34.21	245
35.09	256
34.01	272
34.64	261
34.36	264
34.31	275
33.99	276
34.69	211
33.68	257
34.89	163
34.48	212
34.62	216
34.73	178
35.47	295
34.57	185
33.38	244
34.11	206
34.07	272
35.66	239
35.98	143
35.58	235
33.28	253
34.2	264
34.87	141
35.43	147
33.8	266
34.26	229
34.83	232
35.03	205
34.8	140
34.81	262
34.98	235
34.47	93
35.59	216
35.03	235
34.76	169
33.59	267
34.05	194
33.6	236
32.83	62
33.96	256
34.29	197
34.49	252
34.29	213
33.16	277
33.79	277
34.48	221
34.77	266
33.83	226
34.02	272
34.14	226
34.59	122
34.62	233
35.12	254
34.35	245
35.32	220
34.15	233
36.29	267
36.35	389
34.75	212
35.7	190
34.12	268
35.89	218
35.28	223
35.48	201
35.26	240
34.94	259
35.36	277
35.47	222
33.96	228
35.3	246
35.15	277
35.95	144
34.87	150
35.5	156
35.72	239
33.96	228
35.27	414
33.42	259
33.69	276
34.39	135
33.84	276
34.37	243
33.65	254
35.29	254
32.69	262
33.76	255
34.15	263
34.49	249
35.55	239
36.62	240
34.05	115
34.16	274
34.46	234
35.44	178
32.98	255
35.34	240
35.85	251
35.14	202
34.92	205
35.65	229
35.62	237
34.76	243
34.11	267
34.34	169
35.07	202
34.74	273
37.86	155
36.71	146
36.83	185
34.8	214
35.93	230
36.02	203
35.09	234
34.82	220
35.8	246
35.35	252
34.87	116
35.07	255
34.83	270
34.96	204
36.06	175
35.02	200
35.25	228
35.49	209
34.67	275
35.52	210
35.09	160
35.19	224
34.77	242
33.74	272
33.15	260
34.38	211
34.18	270
35.36	277
35.23	229
34.54	216
35.67	210
33.23	28
33.95	221
34.39	274
33.75	250
33.93	270
33.2	276
34.42	167
34.46	210
35.22	217
32.91	76
33.72	238
34.15	234
34.18	198
33.15	264
33.52	59
32.7	148
34.22	219
33.57	221
32.75	262
34.74	278
34.53	190
33.65	253
34.17	238
33.82	276
34.22	259
34.75	219
35.84	227
35.07	250
34.64	195
35.36	235
34.53	189
33.63	275
35.08	269
34.2	264
35.28	232
35.33	164
34.89	250
34.87	142
34.46	273
32.47	13
34.36	102
34.57	143
34.68	271
32.28	12
34.86	269
35.21	161
33.52	163
32.96	250
34	268
33.59	277
33.38	188
34.17	176
34.22	141
31.83	37
31.92	39
34.46	201
34.15	200
33.69	238
33.72	186
34.17	258
33.25	255
33.9	197
32.71	266
34.06	254
34.63	242
34.13	158
36.29	189
34.45	221
34.57	146
35.8	161
34.09	278
35.04	244
36	171
35.59	248
35.31	226
36.16	200
35.28	138
35.03	129
34.93	269
33.02	148
34.61	268
35.24	243
33.53	256
33.74	220
33.56	173
34.66	251
33.35	376
32.73	250
34.15	290
34.14	151
34.5	268
35.25	196
33.46	273
34.78	244
36.31	168
36.68	215
34.64	260
35.1	155
33.98	245
33.98	161
35.26	400
35.9	141
34.97	181
34.74	243
34.95	227
34.88	207
33.39	242
33.38	176
34.68	235
35.49	198
34.75	235
33.74	277
34.88	236
34.73	187
34.64	235
34.84	243
35.05	255
35.36	274
35.42	215
33.87	264
35.39	202
33.4	274
34.19	227
34.53	145
34.29	251
34.16	199
34.03	225
34.71	183
33.7	217
34.64	160
34.18	273
34.72	242
33.14	197
34.01	162
33.66	221
35.73	270
34.55	67
35.01	224
34.15	273
35.38	248
35.59	258
33.78	169
35.18	230
34.22	242
36.06	67
34.45	278
34.73	155
34.62	254
34.92	169
35.86	222
36.1	234
32.39	274
34.61	239
35.02	270
36.68	168
34.81	183
34.15	238
35.85	185
35.8	186
34.21	274
35.96	178
33.18	274
35.68	195
33.94	255
34	276
32.87	45
33.09	271
34.56	228
33.67	264
34.83	260
36.94	152
36.19	228
34.31	258
35.43	409
36.01	250
36.36	173
35.41	259
38.2	190
34.85	209
36.17	213
37.07	114
34.8	275
34.99	238
33.79	276
34.54	261
35.23	237
34.32	62
34.76	199
35.01	265
34.3	275
35.43	174
34.69	179
34	259
33.87	255
35.11	152
34.57	144
35.28	270
35.18	238
36.23	256
36.42	105
35.74	205
34.76	248
34.97	243
33.21	277
34.28	268
36.17	200
36.19	167
35.51	239
33.98	278
34.13	241
35.84	156
35.05	239
32.76	278
33.86	256
34.22	210
34.66	212
33.42	255
33.5	255
33.95	158
34.09	273
34.65	212
34.82	221
36.26	204
36.45	185
36.03	129
34.27	273
34.14	211
34.69	133
33.11	275
34.03	226
36.82	222
35.55	220
33.65	269
34.09	244
35.05	216
35.14	208
33.88	275
34.79	157
34.21	169
33.39	274
33.86	189
34.61	219
34.41	275
35.53	182
33.36	260
34.28	146
35.23	158
35.58	247
34.3	250
34.86	164
35.27	404
34.05	258
34.04	277
33.54	246
34.52	214
36.28	310
33.62	245
33.89	247
34.45	247
35.14	260
34.19	187
34.75	170
34.66	229
34.24	220
33.56	272
35.41	204
34.39	230
33.85	269
33.76	402
33.51	199
33.86	266
33.66	254
34	243
34.21	224
36.85	303
36.96	234
36.99	234
34.54	250
33.26	269
34.76	216
34.38	210
35.2	275
35.25	205
34.58	232
34.73	233
33.68	277
34.08	267
35.34	211
35.73	203
35.28	161
33.56	259
34.44	226
34.93	88
33.99	254
34.99	180
33.84	254
32.42	49
33.77	278
34.87	209
34.46	168
35.62	255
33.5	245
34.55	211
34.22	235
34.3	277
33.84	276
35.04	134
33.94	212
33.82	224
34.22	240
33.18	217
33.49	214
34.75	217
35.25	153
34.44	259
34.61	189
34.48	198
35.44	259
34.23	252
34.11	249
34.03	233
35.57	184
36.2	247
34.38	154
34.11	270
35.41	224
33.76	257
34.88	211
34.29	82
35	191
33.23	273
33.65	255
34.72	157
33.11	271
35.31	180
35.29	119
34.7	246
34.85	150
33.79	271
34.64	235
36.06	242
34.83	202
34.6	87
33	245
33.78	238
35.33	262
33.84	252
34.66	195
34.87	444
33.8	272
34.67	187
35.15	220
34.1	256
34.71	115
33.65	220
34.37	239
33.63	242
34.6	237
35.76	222
33.51	243
34.99	238
35.01	140
36.67	178
35.4	176
36.04	113
34.3	140
35.97	208
35.33	214
35.35	246
35.74	142
33.12	257
32.81	276
33.74	173
34.69	234
35.48	390
34.86	181
35.28	253
35.54	201
33.15	246
34.4	275
35.23	238
35.94	322
33.05	237
33.19	236
33.62	267
34.95	205
33.86	214
33.97	274
35.54	275
34.44	59
37.26	143
34.76	261
34.4	205
35.46	223
33.09	267
33.92	239
35.09	276
35.43	252
34.56	207
35.11	240
34.54	245
33.77	268
34.24	220
35.39	20
37.02	411
34.91	240
35.44	206
34.78	173
34.07	242
36.58	263
35.57	274
34.95	255
35.66	222
34.96	236
33.83	51
36.52	206
34.55	263
34.42	272
34.96	244
33.88	258
34.39	268
34.69	268
34.94	262
34.51	273
34.98	201
35.32	216
34.66	236
35.52	164
35.43	169
34.29	194
33.84	230
35.74	232
34.14	212
35.23	190
34.73	204
33.42	255
34.47	171
33.56	269
35.29	208
33.53	276
34.74	243
34.2	192
33.55	224
33.93	255
33.63	198
35.34	180
35.17	214
34	254
35.16	250
35.3	264
34.56	186
34.16	278
34.83	161
35.09	269
34.25	263
32.87	268
36.66	107
36.09	195
35.06	252
33.51	274
33.79	272
33.76	176
34.62	207
33.43	24
33.18	237
35.48	239
34.29	185
34.68	246
33.54	130
33.97	278
33.92	277
33.66	250
35.39	233
36.14	227
33.1	20
33.87	253
33.81	268
36.09	210
33.42	236
34.79	246
36.04	230
34.94	254
34.76	192
34.76	248
34.61	262
35.99	269
34.15	240
40.25	166
34.43	217
35.32	228
34.8	186
35.85	229
35.51	237
33.96	264
34.83	187
34.1	164
34.48	270
36.37	252
34.18	275
36.58	151
32.05	34
34.4	201
34.42	168
34.73	207
36.56	287
36.31	153
32.94	272
34.37	243
35.77	250
36.59	205
35.97	229
35.93	120
34.55	234
35.32	180
35.21	220
36.53	217
35.42	218
34.61	260
34.51	198
34.56	264
34.21	247
34.46	156
34.28	254
33.75	125
34.56	163
34.92	237
34.24	189
33.88	272
34.83	226
34.17	265
34.7	220
34.67	249
35.22	247
33.93	275
36.3	251
34.47	274
34.83	234
35.54	178
34.01	167
35.56	236
35.42	226
34.17	251
37.3	178
36.02	213
36.24	230
34.03	227
35.2	260
34.72	261
36.33	163
34.88	238
33.47	274
35.38	219
34.41	274
33.69	216
34.89	238
36.24	212
34.86	256
33.78	86
34.76	255
35.58	235
33.9	259
33.68	273
34.08	219
34.54	176
34.59	204
35.01	155
33.83	277
34.11	256
34.89	227
35.6	159
38.07	179
35.25	108
33.99	229
36.02	225
35.39	164
33.85	159
35.18	265
35.75	445
34.38	267
33.94	277
34.64	235
34.14	245
34.3	314
33.3	270
35.1	358
35.61	114
34.57	178
33.08	177
34.86	220
33.82	179
34.97	218
35.79	277
36.16	66
36.15	99
34.28	263
34	215
34.25	261
34.32	134
35.3	223
35.54	202
34.77	174
35.55	248
35.31	276
34.74	269
35.4	236
35.57	268
37.36	149
35.85	201
35.34	184
34.12	228
36.29	140
33.25	66
34.73	246
34.99	81
35	133
34.34	233
35.03	179
34.07	265
34.75	238
31.9	31
33.17	210
33.53	271
33.11	270
33.14	247
35.15	205
34.38	119
33.83	273
33.66	197
33.66	248
34.71	277
34.02	239
35.33	226
34.14	261
36.99	154
35.81	231
35.84	170
36.2	168
36.47	147
35.29	206
34.69	273
34.13	36
35.55	204
34.89	234
35.27	192
34.78	268
33.7	219
35.03	220
35.92	242
36.7	196
33.38	269
33.58	198
35.76	254
35.89	237
34.1	241
34.35	111
33.9	237
34.73	158
33.36	254
33.44	226
34.61	271
33.8	195
35.1	151
33.38	246
33.61	276
34.49	247
33.49	233
35.23	208
32.29	72
34.23	175
34.76	278
35.2	211
35.12	176
34.21	231
35.09	276
33.91	273
34.84	264
35.33	204
35.24	236
35.3	251
34.15	275
33.8	277
34.23	273
34.77	212
35.15	225
35.15	219
35.36	202
34.17	277
34.69	199
33.97	221
35.35	256
35.56	176
35.55	249
34.82	202
34.37	258
35.27	230
34.47	273
34.72	250
34.86	265
35.09	255
34.67	266
35.16	174
35.33	246
35.45	217
35.22	194
33.83	272
34.06	265
36.26	155
34.74	208
34.47	237
34.59	223
35.22	229
33.71	174
34.51	270
34.63	191
33.67	257
35.74	239
33.53	229
33.02	121
33.77	247
31.85	38
32.89	196
34.93	197
31.85	38
32.18	36
32.32	273
36.23	240
34.37	223
34.41	154
32.95	191
35.17	207
34.98	235
31.55	29
34.87	117
36.79	170
34.17	261
34.21	239
34.29	240
35.8	121
35.64	86
34.69	167
34.8	216
33.82	231
35.4	274
33.83	247
33.19	156
34.3	183
33.84	161
33.4	271
33.53	273
33.61	272
34.88	194
33.04	269
33.82	251
35.74	238
33.75	260
32.55	127
34.79	216
33.08	273
34.06	250
34.9	223
34.63	258
36.18	248
35.29	240
35.25	237
35.92	238
35.38	242
36.07	242
35.33	251
34.1	265
36.53	108
34.02	263
34.55	111
34.3	245
33.97	264
34.38	244
34.55	207
34.95	240
36.18	191
34.28	258
35.41	174
34.53	235
36.25	208
35.62	229
34.7	231
35.2	257
34.92	257
35.86	245
35.06	160
33.93	271
34.73	212
34.81	181
35.55	250
31.26	21
34.09	204
33.41	273
33.83	159
34.61	253
36.45	154
33.94	271
35.7	223
33.68	270
34.69	250
34.67	253
34.41	237
35.49	162
36.02	250
34.47	243
33.96	158
34.12	261
34.2	402
33.18	226
33.86	269
34.87	226
33.25	247
34.04	276
33.45	247
34.63	260
35.45	208
33.76	211
33.45	240
34.78	82
34.5	220
35.28	219
35.24	218
34.02	245
36.2	193
36.1	237
35.56	222
34.69	221
35.78	159
35.47	173
36.19	114
36.85	234
34.64	263
34.77	270
36.72	410
35.18	215
36.32	121
33.99	250
34.51	198
32.63	247
34.46	170
36.53	214
32.65	238
34.26	257
33.05	221
32.88	216
34.62	192
35.34	192
34.71	242
35.44	206
35.05	245
34.47	248
36.84	219
36.78	186
36.19	172
35.84	275
36.65	141
37.25	163
33.24	87
35.55	111
34.16	266
34.09	278
35.93	151
35.18	225
34.62	236
34.19	207
34.98	186
34.15	213
34.96	261
34.61	262
35.54	175
34.66	228
34.29	272
36.05	120
34.79	187
36.01	240
34.8	221
35.21	277
33.45	276
34.33	201
35.74	240
34.2	273
36.87	157
35.39	198
33.9	261
35.43	257
34.57	256
34.91	207
34.07	195
34.52	272
34.4	257
34.29	226
34.3	185
34.73	236
33.73	273
34.08	214
33.54	92
34.88	219
34.87	210
35.15	405
34.12	227
34.31	70
33.96	275
34.49	165
34.21	225
35.64	195
34.38	255
34.36	155
30.89	15
33.79	216
35.54	150
33.87	224
34.48	230
34.19	210
33.52	240
34.81	259
34.7	225
33.44	249
36.47	229
37.46	196
36.12	160
34.08	265
34.69	262
36.59	258
34.64	253
35.67	205
35.22	254
33.76	267
36.23	130
34.18	246
34.94	272
35.41	202
36.44	264
36.07	254
35.11	194
35.32	200
34.62	242
35.57	244
34.2	265
35.14	237
35.19	263
34.71	260
35.3	253
35.12	271
34.35	264
34.23	273
34.14	269
34.63	275
36.08	231
35.97	232
35.59	235
35.96	232
35.63	225
33.81	265
34.91	219
35.56	278
35.59	188
35.39	252
34.97	233
35.62	274
34.25	246
34.91	266
35.98	143
35.05	259
35.98	213
33.3	275
34.96	190
35.49	218
35.51	267
35.37	166
34.77	229
36.54	202
35.42	272
34.2	115
35.12	209
33.57	275
36.19	185
34.83	266
35.95	181
36.61	237
34.75	247
34.74	262
36.69	223
36.29	183
37.67	235
35.3	254
37.08	188
35.21	246
36.97	204
34.64	180
34.37	175
37.09	234
34.3	274
33.39	266
36.75	174
35.89	204
33.81	278
34.78	222
38.08	210
35.26	238
34.66	140
34.11	257
35.32	208
33.92	243
33.76	227
35.17	223
34.11	257
35.3	237
35.61	172
34.05	266
33.96	244
34.84	194
34.83	235
34.96	198
34.81	248
33.68	274
34.07	163
34	242
34.62	170
33.21	220
33.8	192
33.04	170
33.83	149
34.3	265
36.09	189
33.39	246
33.36	266
33.89	93
34.02	400
34.15	188
34.5	152
34.85	155
34.46	109
35.83	194
35.47	82
33.88	202
34.3	267
35.34	245
37.16	205
35.41	208
34.25	162
33.47	266
34.55	241
34.68	224
35.2	76
34.04	262
34.31	34
34.55	198
35.34	122
35.21	160
34.47	237
35.24	254
35.33	260
34.7	271
34.19	277
35.36	194
34.61	100
34.61	242
36.77	272
34.46	254
36.87	272
36.3	203
34.38	258
35.74	199
34.84	253
34.34	238
34.86	262
35.62	187
35.14	287
35.28	149
35.45	213
34.35	252
35.31	109
36.1	241
35.05	246
34.52	239
35.18	241
34.37	275
33.74	245
35.06	233
33.28	251
33.93	254
33.93	229
33.93	196
36.66	173
34.8	155
33.62	218
35.05	167
34.18	219
34.53	231
35.72	198
34.89	267
34.7	205
35.07	245
34.64	274
35.96	237
36.35	134
34.65	246
33.68	278
35.37	276
34.76	255
34.88	246
35.49	260
34.66	233
36.26	180
35.2	196
36.15	229
34.5	271
34.26	262
34.78	220
35	243
33.61	277
34.63	272
33.12	272
35.99	243
35.26	230
34.28	244
33.93	213
35.2	239
34.58	208
33.47	277
33.1	267
35.37	136
33.95	227
35.07	201
37.33	166
34.58	236
33.52	179
33.5	272
34.3	258
35.11	185
33.52	265
34.93	242
32.4	35
34.07	257
34.6	241
34.14	131
35.47	148
34.79	256
36.19	230
36.17	141
36.98	178
35.55	277
35.78	133
36.75	147
35.87	237
34.46	224
35.96	250
34.56	113
34.54	260
35.69	169
33.48	268
34.79	175
34.03	257
34.7	258
34.8	406
34.46	214
35.63	204
33.77	270
34.93	198
35.8	232
35.47	263
34.14	204
35.16	236
34.24	237
34.34	271
35.6	242
35.96	243
34.99	261
35.01	253
35.79	204
34.52	165
35.12	176
36.09	161
33.77	275
35.3	220
35.68	140
32.61	389
33.7	257
33.7	257
35.3	225
34.3	254
34.63	255
33.7	257
35.94	249
37.08	236
34.8	204
35.22	143
35.89	251
37.33	174
33.57	233
35.35	233
34.19	274
33.95	258
34.19	274
35.11	217
34.11	247
35.18	204
33.2	204
34.18	211
33.3	245
33.49	256
35.85	108
32.9	256
33.03	254
33.29	215
34.42	202
34.56	203
35.18	218
34.66	173
33.59	265
34.7	237
34.4	267
33.89	260
36.89	160
33.84	278
34.66	246
33.56	260
34.78	260
35.56	240
35.08	241
34.7	223
34.96	205
33.99	271
35.93	217
34.99	205
35.28	227
35.13	196
33.91	270
35.46	235
34.57	231
37.07	158
34.65	186
34.25	233
33.05	255
34.27	138
35.05	181
34.6	278
33.46	268
32.93	278
34.49	226
32.56	251
34.99	239
34.95	196
33.96	152
33.8	255
35.22	314
34.01	198
36.7	207
35.22	132
34.93	268
36.04	130
36.04	192
34.57	211
36.16	119
35.4	192
34.18	271
37.15	168
33.99	172
34.21	195
33.49	246
34.65	197
33.98	245
34.44	272
33.67	246
34.42	209
33.79	269
33.88	261
34.72	209
35.98	107
33.37	275
34.46	220
34.22	206
34.69	175
34.61	213
33.81	208
34.4	164
36.27	150
35.24	196
34.63	248
36.19	254
34.22	275
34.72	248
33.42	271
33.88	254
36.23	177
32.98	39
35.05	208
34.75	159
34.49	187
34.05	270
34.21	244
33.55	274
33.9	262
33.47	57
34.65	193
35.6	260
34.96	120
34.89	64
36.99	129
34.84	192
35.61	219
34.59	174
34.62	217
34.26	176
34.22	246
36.12	230
34.5	261
33.42	222
33.83	130
35.36	230
34.81	140
33.85	241
35.57	163
33.25	207
34.36	241
33.83	232
35	159
33.1	128
34.28	151
33.1	191
34.2	224
35.96	239
34.47	133
33.37	274
33.95	275
33.98	190
34.69	207
33.69	269
34.89	269
33.9	230
35.6	173
36.62	141
34.66	270
34.02	211
34.22	234
37.08	269
34.06	240
32.87	278
34.69	245
33.53	271
34.92	233
35.55	294
33.92	262
35.29	209
33.89	217
35.45	197
32.96	89
34.61	263
35.33	249
35.76	220
36.54	196
34.6	200
34.33	240
34.8	255
34.94	221
35.22	218
35.55	227
34.85	261
35.11	264
34.44	276
35.14	274
34.76	253
35.19	235
35.33	248
34.22	270
34.23	234
35.8	203
33.38	268
35.1	236
34.41	171
34.84	214
34.15	259
34.73	242
33.41	87
35.26	88
34.99	178
33.86	252
34.88	271
34.9	242
35.11	245
34.5	258
34.72	248
34.89	278
35.52	227
34.14	141
34.62	245
33.88	265
33.88	230
33.93	274
34.42	247
34.72	197
34.45	221
34.21	86
33.69	160
33.46	100
33.93	226
33.97	250
34.65	278
34.19	251
33.62	268
35.47	191
35.84	178
34.9	175
34.51	101
34.67	250
34.83	219
35.15	262
34.06	275
33.72	241
34.59	252
33.71	251
33.39	272
34.93	271
36.67	233
35.93	305
35.23	201
34.19	249
34.47	256
36.38	120
34.39	246
33.15	260
34.64	254
33.98	278
34.67	246
34.35	268
36.51	235
36.73	271
34.72	184
33.54	269
34.05	240
34.67	239
34.3	200
35.21	180
34.47	155
34.38	269
34.39	253
34.49	220
33.09	275
34.07	260
33.53	276
33.91	232
32.86	182
33.66	255
33.68	214
35.74	68
34.51	222
33.85	256
34.11	272
36.26	218
34.42	217
33.53	65
33.56	272
34.23	228
31.68	13
34.57	400
34.56	270
33.36	248
33.59	234
34.81	231
34.26	137
34.88	234
33.74	246
33.71	267
34.63	252
34.72	237
34.7	92
35.38	193
32.01	29
33.47	258
34.64	164
33.9	159
33.26	269
33.7	185
34.69	180
34.86	217
34.71	227
35.34	223
35.12	275
34.3	271
34.3	148
34	262
34.22	249
34.24	278
35.43	186
34.18	132
35.15	126
34.73	210
34.15	278
34.3	264
35.01	171
35.13	183
35.95	258
35.18	252
34.63	259
35.75	234
35.05	205
37.16	172
35.4	264
35.15	224
33.82	100
36.73	230
34.18	249
34.63	223
34.72	275
35.42	268
34.25	249
34.37	260
33.8	272
34.7	212
33.98	186
34.16	259
34.36	198
33.67	272
34.17	251
33.74	160
34.68	200
34.83	222
34.07	246
33.81	269
34.14	226
34.58	215
34.75	208
35.07	207
35.26	205
33.86	248
34.43	227
33.7	261
33.18	87
33.2	266
32.89	272
34.28	210
34.29	238
33.67	257
32.88	259
34.15	238
33.57	260
33.95	268
34.21	225
33.96	138
34.13	275
33.79	255
34.21	274
35.01	267
34.69	242
34.82	242
34.24	257
34.01	232
36.7	136
33.44	273
34.01	272
34.01	230
33.64	234
36.14	157
34.66	245
34.12	259
35.35	231
33.95	87
34.53	215
34.63	262
35.58	164
36.83	195
35.48	228
35.68	179
34.87	239
35.25	235
35.02	277
34.86	248
34.65	178
33.37	262
34.39	173
35.13	411
32.98	278
34.23	273
34.01	261
33.69	274
32.4	41
34.08	253
34.44	246
35.46	261
34.68	246
34.96	172
34.37	244
34.06	229
35.15	215
36.1	154
34.11	256
34.42	223
34.33	233
34	114
35.44	193
34.97	189
34.28	219
34.01	256
34.98	180
34.84	198
33.43	273
33.61	249
33.82	111
35.81	136
35.64	248
35.45	246
34.81	267
36.38	271
34.99	259
36.32	237
36.08	194
35.51	232
32.98	262
34.16	158
33.04	262
34.15	186
33.7	270
33.07	262
34.73	191
32.99	262
34.55	176
33.99	355
34.79	180
33.61	76
34.9	230
33.56	214
34.07	265
33.63	272
34.77	248
34.79	221
33.94	236
34.95	193
34.52	197
34.87	246
34.78	213
35.55	165
36.11	223
34.62	170
34.31	261
34.54	255
35.82	217
36.01	80
35.2	169
34.85	270
35.23	277
34.54	266
34.56	225
35.67	219
34.42	265
35.25	270
34.95	205
35.48	255
33.68	168
34.64	170
35.07	266
34.42	252
34.07	183
34.47	217
33.39	268
34.78	243
34.71	241
33.67	260
33.98	72
34.16	64
33.21	232
34.25	226
32.52	29
33.7	188
33.53	202
35.28	228
34.96	206
33.5	124
34.05	216
34.87	202
33.58	74
33.62	232
34.19	184
34.34	201
34.71	215
34.72	198
34.37	202
34.45	236
33.97	179
33.6	62
34.01	224
33.3	158
33.58	150
34.11	258
34.39	240
33.93	242
33.76	60
34.15	261
34.26	239
34.39	197
34.15	276
35.44	238
34.21	257
33.39	251
34.66	266
35.55	241
34.59	264
34.78	137
34.71	228
34.82	234
35.26	251
34.73	177
33.98	39
35.9	209
35.09	166
33.54	256
34.39	273
34.23	230
33.87	256
33.51	201
33.39	278
33.16	270
33.91	263
34.64	235
36.04	264
35.58	266
33.3	202
34.44	259
34.04	112
33.95	191
34.75	223
34.14	87
33.11	267
34.44	240
35.1	223
35.2	152
33.94	203
33.93	239
34.3	262
34.44	246
34.33	178
33.28	276
36.11	208
33.34	26
33.77	256
34.46	246
35.29	264
34.01	270
34.02	263
34.54	220
34.92	208
33.84	245
34.07	269
35.11	240
33.69	245
35.73	145
34.65	277
34.36	242
33.74	271
34.51	249
36.27	146
34.49	159
35.77	170
35.79	153
34.35	213
34.56	274
33.71	107
34.45	105
34.34	201
34.15	225
34.97	261
33.55	256
37.31	190
36.5	254
34.31	242
34.15	236
34.14	278
34.96	273
36.87	447
34.26	252
34.64	258
100	0
34.95	28
77.57	3
36.63	202
35.2	160
34.77	262
34.48	259
33.91	184
34.89	255
34.57	240
34.7	168
34.88	170
34.93	232
33.55	264
34.34	264
34.43	167
34.25	278
34.68	224
33.26	261
35.24	221
36.59	78
34.12	278
34.63	236
34.9	198
35.19	82
34.96	193
31.3	18
34.78	248
33.6	162
35.25	193
32.96	271
33.75	273
32.66	273
35.74	234
33.68	273
36.04	196
33.34	190
32.82	267
34.24	186
32.43	247
33.23	271
34.23	224
35.57	123
33.41	222
33.52	276
34.48	191
34.23	168
34.58	172
34.26	201
34.04	277
34.28	236
34.18	224
33.24	276
35.06	240
34.34	275
33.91	83
33.62	258
34.45	224
34.02	209
36.19	222
34.06	113
33.91	259
34.55	97
34.86	211
33.84	247
34.2	203
34.4	245
34.38	235
32.68	267
34.2	201
34.05	253
34.55	270
33.9	108
33.93	249
35.11	191
34.05	253
34.44	194
33.88	204
34.41	233
36.07	226
36.68	217
34.78	239
34.32	246
34.38	244
33.61	161
33.66	243
34.56	210
34.07	246
34.84	234
35.79	216
33.75	268
33.76	231
34.42	232
35.22	236
33.8	271
34.58	481
34.95	178
34.67	236
36	251
33.24	241
36.42	229
34.12	71
34.13	228
33.82	100
34.1	209
34.1	242
33.77	277
34.38	235
33.79	274
32.86	265
36.35	148
35.3	178
34.49	220
34.26	130
34.36	205
33.91	197
34.19	241
34.93	269
34.3	131
34.9	220
34.07	206
35.23	223
34.82	186
33.92	264
34.37	344
33.3	275
34.69	243
35.82	243
36.45	158
35.43	231
34.48	256
35.22	274
35.32	239
35.41	228
35.68	113
35.98	238
33.9	101
35.9	198
34.19	234
35.48	219
35.02	232
35.36	161
35.75	204
33.67	276
34.21	231
34.41	242
35.51	195
35.33	161
34.24	225
35.13	181
34.67	174
35.81	238
33.41	39
34.87	216
33.89	253
34.3	191
34.35	64
33.96	272
33.35	243
34.96	235
33.78	264
33.97	209
33.98	259
33.29	276
34.6	203
34.3	245
34.46	224
33.93	195
33.92	145
33.9	241
33.99	243
35.54	369
34.38	96
34.91	233
34.65	198
34.01	244
34.37	270
36.02	206
32.79	256
35.22	234
36.83	203
34.53	214
34.59	260
35.01	230
33.99	238
35.2	175
34.65	236
34.46	224
34.41	259
33.66	182
33.4	218
33.27	243
33.77	264
33.72	246
33.73	259
34.57	203
34.26	245
35.67	204
34.24	264
35.6	261
33.92	235
33.15	246
34.37	233
34.59	46
34.8	222
32.34	22
34.15	258
34.55	257
34.76	310
33.65	277
33.99	263
34.25	248
34.41	251
33.67	246
36.46	160
35.28	158
34.13	245
36.76	134
34.49	206
35.99	253
34.21	253
35.94	114
34.83	214
35.69	221
35.35	229
36.92	150
35.47	266
34.65	469
35.69	238
34.94	235
34.65	255
35.71	185
37.21	211
35.07	257
35.37	256
35.46	226
34.43	278
33.83	158
33.93	260
33.2	246
34.21	137
34.09	244
34.43	178
34.01	171
35.68	132
34.97	186
33.14	201
34.23	214
37.77	130
34.85	242
36.65	298
36.76	272
35.55	207
35.21	134
34.63	260
36.82	256
35.32	172
37.41	134
34.58	180
35.22	276
34.85	200
35.18	290
33	238
34.78	240
34.49	211
33.94	184
34.8	268
35.23	188
35.17	218
34.43	259
36.38	227
34.49	207
33.54	99
33.43	265
35.31	210
35.19	174
34.79	229
34.51	265
34.04	157
34.62	199
36.19	116
34.19	214
33.58	220
34.8	163
33.99	178
34.04	261
33.22	247
35.31	215
35.9	241
34.8	205
35.95	100
34.38	208
34.74	160
34.83	235
34.43	254
35.44	244
35.37	259
34.73	275
35.43	224
34.33	154
35.15	247
34.76	227
34.75	205
35	184
34.15	269
35.54	205
35.11	275
33.39	260
34.25	205
35.08	178
33.64	174
34.48	220
34.27	198
35.7	229
35.07	110
33.02	258
34.78	163
33.66	247
34.98	172
36.45	57
36.42	268
35.15	241
35.24	236
34.39	207
34.55	226
35.57	169
34.26	269
34.11	238
35.13	255
35.35	220
35.89	260
35.89	273
35.85	199
34.96	267
35.33	256
35.42	239
34.41	271
34.79	243
33.59	257
34.09	261
34.77	219
34.61	256
34.44	265
35.56	237
34.54	250
34.91	272
35.39	215
34.8	237
34.38	77
35.98	172
34.21	252
35.3	258
36.68	179
33.77	274
35.74	204
33.88	252
34.67	179
34.35	242
33.59	53
35.54	232
35.59	216
34.7	115
36.07	217
34.28	257
35.21	156
34.57	238
33.76	256
34.54	136
35	227
34.85	239
34.39	233
34.56	268
34.41	233
33.76	244
35.42	188
33.87	274
34.86	175
34.53	231
33.09	275
36.67	212
33.86	257
34.54	168
35.04	222
33.71	275
33.34	43
35.83	127
33.86	205
35.04	206
35.48	258
35.81	187
34.52	229
36.23	211
34.64	265
34.49	253
34.85	216
35.54	199
34.76	228
35.05	157
33.81	213
34.53	204
33.91	242
34.51	216
34.1	276
34.08	239
34.79	235
34.46	233
35.34	250
34.66	231
35.39	227
36.11	257
35.19	236
35.34	179
34.44	258
35.65	180
33.87	265
35.73	204
35.01	205
33.6	259
33.44	278
34.95	276
33.8	270
33.56	268
35.41	171
33.74	269
34.49	216
33.65	239
35.21	155
34.44	180
35.47	191
34.87	235
35.61	130
34.54	245
37	232
35.29	270
35.02	217
34.92	235
34.98	235
33.78	264
34.25	259
34.19	189
35.13	205
34.31	278
34.12	189
33.28	268
34.36	251
35	269
35.16	170
35.12	247
33.56	24
33.72	162
34.25	237
33.83	43
33.98	245
35.7	165
34.23	276
33.89	244
34.96	153
35.22	140
35.75	118
34.07	267
35.76	265
36.03	329
34.07	36
36.84	190
33.6	246
35.61	377
34.03	70
33.87	170
34.89	229
34.31	233
35.6	242
34.61	251
33.32	252
34.2	206
34.82	188
33.58	228
33.74	241
34	227
32.88	227
34.46	227
34.61	150
33.72	216
33.18	273
34.14	122
34.68	150
34.87	164
33.55	232
34	167
33.7	222
33.13	185
33.17	270
33.93	242
33	106
34.81	203
33.87	213
34.85	236
35.64	127
35.18	260
34.54	256
36.97	208
34.17	481
35.91	142
36.56	253
34.27	255
35.48	129
35.3	262
35.03	271
34.97	231
34.93	220
34.57	269
34.65	149
36.94	326
34.82	250
35.19	267
34.48	151
34.31	196
35.08	203
34.76	236
33.06	257
32.65	55
34.91	207
34.9	236
33.06	266
35.85	201
33.71	172
34.76	234
34.01	266
34.18	244
32.88	257
35.66	202
33.93	66
34.16	248
34.64	273
34.87	207
35.51	253
33.98	171
32.8	275
35.15	209
36.27	242
33.82	267
34.83	194
34.35	228
34.31	251
34.61	162
33.54	173
32.93	43
33.61	50
34.24	253
33.05	274
34.42	270
34.74	180
33.51	207
35.28	228
34.59	264
35.2	221
33.9	183
35.42	169
34.29	261
34.24	214
34.54	216
34.63	199
33.32	270
33.14	68
33.63	247
34.28	230
35.04	208
34.17	254
33.72	49
33.01	37
34.31	213
33.94	198
34.54	202
34.19	106
34.63	198
35.65	226
33.95	200
34.18	259
33.6	226
33.51	188
34.96	194
34.2	97
33.38	218
33.67	216
33.77	261
33.34	261
33.82	248
34.4	199
34.5	196
33.86	274
33.58	189
34.07	156
33.5	275
34.12	277
33.95	224
34.72	322
34.41	274
33.8	147
34.87	228
32.52	270
34.45	188
34.21	197
34.32	215
33.17	275
33.79	270
33.65	268
32.46	273
33.18	212
32.84	263
33.8	263
34.04	265
34.82	216
34.92	163
34.73	235
34.16	151
33.74	207
34.27	200
33.71	253
34.39	268
34.36	267
35.64	178
34.77	226
36.64	169
34.68	248
34.1	240
35.41	485
34.63	270
33.21	270
34.89	228
36.54	217
34.68	238
34.58	233
35.24	230
34.29	201
32.77	269
32.85	273
35.1	94
35.07	155
32.9	269
34.17	275
33.1	81
32.45	272
34.27	191
33.3	227
31.12	19
34.29	275
34.4	143
33.55	257
35.41	128
34.55	241
33.75	277
34.76	204
36.12	413
34.97	220
34.49	267
35.09	193
33.85	215
32.6	263
34.65	110
34.81	167
33.44	264
34.94	247
33.32	270
35.95	462
34.59	208
34.81	232
36.38	238
35.43	223
33.8	251
34.18	195
33.66	249
33.84	247
34.94	235
33.78	266
34.08	209
34.82	211
33.49	259
32.8	277
34.99	247
34.4	225
34.76	222
34.19	224
34.86	226
33.64	267
34.74	242
33.52	272
35.07	263
34.74	134
34.86	207
34.83	252
35.48	196
35.6	250
33.77	274
35.07	234
34.71	255
35.53	238
35.69	75
34.73	244
35.15	175
34.72	194
34.08	234
33.33	277
33.39	271
33.97	260
32.82	278
34.98	278
34.05	212
34.74	189
33.83	62
34.34	268
34.86	265
34.55	371
33.89	262
34.95	263
34.84	251
34.13	260
35.77	215
34.13	260
32.35	76
33.32	212
34.11	84
33.76	216
34.03	256
34.73	189
32.92	258
34.71	195
35.58	232
32.71	87
35.1	237
33.78	273
34.26	266
34.2	268
35.96	172
34.41	185
35.65	242
35	235
34.71	174
35.25	169
34.52	237
34.22	213
34.21	239
35.06	236
33.97	251
33.06	247
33.91	245
35.76	222
33.28	277
34.87	255
34.41	141
35.9	235
33.66	148
33.42	209
33.48	267
33.1	252
33.72	266
33.22	265
33.52	264
33.98	267
35	193
33.74	276
34.77	210
34.48	203
32.9	265
34.5	252
34.3	223
34.88	228
35.51	177
35.75	183
34.62	267
36.41	230
34.47	231
35.31	250
34.68	276
36.79	230
35.77	258
35.24	212
35.94	248
36.65	224
34.38	208
34.16	207
35.06	87
34.45	198
33.8	118
34.34	255
34.45	211
34.03	247
34.47	126
34.5	245
36.1	206
34.86	269
34.41	133
32.84	258
35.05	240
34.3	240
36	262
35.16	178
33.98	253
34.46	278
35.26	160
33.97	253
34.36	186
34.36	271
34.38	271
35.09	160
33.88	159
35.08	230
34.78	202
33.89	227
33.93	256
33.99	261
33.7	277
34.49	208
34.95	250
34.62	252
35.01	264
35.16	196
33.71	260
34.21	255
34.32	269
34.91	197
34.48	252
33.67	274
33.67	274
33.38	271
34.55	258
33.22	229
34.89	248
34.67	252
35.9	98
35.95	110
35	209
33.8	269
33.52	199
35.5	174
33.23	247
34.55	231
34.22	198
34.58	193
33.81	274
33.82	236
34.36	236
34.58	273
33.42	205
33.11	276
33.33	262
34.15	246
33.46	100
36.4	152
35.84	229
34.58	273
34.92	261
35.05	144
35.14	268
35.03	277
35.24	262
35.04	268
37.07	194
35.21	193
33.59	169
34.41	227
34.86	397
33.27	223
34.38	198
35.21	271
35.32	245
34.62	194
35.1	265
33.42	278
34.82	258
34.86	204
35.5	246
35.4	186
34.59	250
35.24	262
34.48	261
35.2	260
35.97	162
34.97	247
35.46	161
35.6	232
34.01	251
35.05	126
34.85	205
35.7	106
35.35	267
35.55	263
34.53	264
35.72	273
34.14	209
34.24	250
34.07	238
33.89	262
33.42	81
34.2	226
34.13	198
34.51	235
33.82	266
35.61	260
34.48	251
34.53	189
34.22	200
34.93	198
34.37	177
32.86	248
34.8	203
35.33	250
34.7	224
34.5	254
36.05	184
33.65	254
34.88	219
33.39	267
35.92	170
33.39	267
34.48	204
33.98	194
33.92	248
34.63	219
35.08	202
33.26	244
34.23	107
33.2	121
34.59	222
33.53	235
34.31	165
33.57	170
34.55	148
34.46	182
34.67	157
34	157
34.99	224
33.91	235
34.17	170
34.47	231
34.66	276
34.57	232
34.16	170
33.51	277
33.48	248
34.66	242
34.74	274
35.26	256
35.04	228
35.67	189
34.91	174
34.32	30
33.4	254
34.99	199
32.79	265
34.66	191
32.85	272
35.86	179
34.66	191
34.63	191
34.69	230
32.67	267
33.89	211
33.76	163
35.51	202
34.32	240
35.16	261
35.62	240
34.87	262
32.81	75
36.13	460
37.17	279
34.75	205
34.6	222
34.64	199
33.73	267
36.73	250
32.96	264
34.29	112
33.72	212
34.83	272
35.02	231
33.98	276
33.33	257
34.22	242
34.68	237
35.38	239
33.77	246
33.72	266
34.92	240
34.29	273
35.32	220
34.55	250
33.5	266
35.06	226
35.51	208
35.39	215
33.79	246
32.74	55
35.06	226
34.27	224
34.66	278
33.07	272
35.19	142
33.97	242
33.37	255
34.32	268
33.95	271
34.71	278
35.71	199
34.61	229
34.24	270
34.5	249
33.83	240
33.91	217
36.24	127
33.74	235
35.62	92
33.45	276
34.2	242
35.37	123
36.1	181
34.99	158
33.94	225
34.85	257
34.45	246
35.25	207
35.76	154
34.41	271
34.73	267
35.61	233
34.37	240
34.7	205
33.86	277
34.16	224
34.16	215
33.91	236
34.39	242
34.54	252
33.25	271
34.7	217
35.06	274
35.37	234
34.26	80
33.67	166
34.73	254
34.34	190
35.59	197
35.22	191
35.53	237
33.49	227
35.02	168
33.96	249
34.73	260
34.59	198
35.21	200
34.34	254
34.69	220
35.02	205
33.42	255
34.74	268
33.92	248
32.75	239
34.93	236
35.01	183
34.77	239
33.91	201
34.82	262
34.16	253
33.77	268
34.62	196
33.89	277
35.13	207
34.38	153
34.84	167
34.87	218
34.53	248
35.73	99
34.02	266
33.2	276
34.56	152
34.79	263
34.55	268
35.42	223
33.3	245
35.74	213
36.93	137
35.03	203
35.46	269
34.54	241
34.53	239
33.98	259
35.14	201
33.97	255
34.95	208
34.86	205
36.55	180
35.17	242
35	261
36.57	254
34.75	252
35.68	246
34.34	272
35.37	218
34.42	237
34.72	267
35.82	266
34.55	277
34.66	229
35.83	236
34.89	156
34.47	263
35.36	426
34.17	205
35.36	150
34.83	277
35.65	224
34.23	267
34.53	235
34.91	492
34.13	268
35.46	207
33.43	277
34.2	269
34.05	271
33.87	270
35.59	220
33.23	263
35.49	165
33	271
33.7	268
33.72	274
34.43	201
35.02	206
33.07	261
34.56	227
35.36	204
34.87	229
34.85	250
35.34	209
34.58	268
35.75	185
36.01	191
34.4	262
35.17	232
34.38	196
34.81	213
34.09	78
34.43	234
36.52	187
35.35	218
35.35	223
34.08	267
35.73	143
33.8	263
34	250
35.56	257
33.87	254
35.44	196
34.78	371
34.17	477
34.63	261
33.98	250
33.67	224
34.11	278
35.73	188
34.71	248
34.34	235
33.42	262
33.9	214
34.75	197
35.36	240
33.46	269
34.78	222
34.04	251
36.43	183
33.6	257
34.99	172
35.3	177
35.06	176
34.47	226
34.75	244
33.46	229
34.23	220
33.64	263
33.23	44
33.69	205
34.74	191
34.13	230
33.32	216
34.48	234
32.82	87
33.9	265
34.87	171
33.8	255
34.21	269
33.95	177
35.61	176
33.92	87
35.63	215
34.27	180
33.73	230
33.33	253
32.88	276
34.61	246
36.04	405
35.51	216
34.36	245
35.03	171
34.56	236
34.71	254
34.8	159
35.32	227
36.38	221
35.61	217
34.19	206
33.65	238
35.21	171
34.1	265
36.7	195
34.83	227
35.39	211
33.19	263
34.19	132
34.98	176
35.14	265
34.87	213
35.2	237
35.26	197
39.56	74
37.66	167
37.29	208
34.18	262
39.73	172
34.95	213
34.39	277
35	205
34.55	246
35.28	276
35.44	258
33.5	267
33.98	243
35.05	207
36.49	197
32.79	275
34.11	262
34.78	161
34.04	244
33.43	269
35.91	181
35.3	154
33.97	125
33.7	264
34.07	135
36.04	155
33.99	257
35.12	230
36.1	273
35.92	211
34.98	76
34.86	207
35.05	226
34.96	241
34.24	244
33.49	252
32.81	240
33.72	201
32.91	275
35.31	226
34.2	275
35.38	231
35.46	231
34.23	264
33.91	219
35.27	195
34.7	211
37.23	101
34.83	218
35.17	171
34.3	91
34.53	200
36.3	258
34.46	164
34.55	236
33.46	275
33.23	276
38.08	117
33.51	256
33.63	248
33.32	213
33.37	267
33.5	266
33.84	258
32.95	180
33.17	248
34.19	246
34.88	95
36.71	141
33.93	164
33.64	278
34.58	348
36.2	277
34.71	272
34.21	208
34.96	204
34.42	267
35.75	270
34.06	255
34.49	191
35	204
34.94	219
36.85	363
34.23	277
35.03	272
34.46	187
34.38	248
34.61	129
34.15	455
35.32	235
34.84	166
35.46	112
33.9	268
33.01	261
34.62	249
34.72	201
33.94	271
34.31	151
35	203
34.57	228
34.08	250
34.93	191
34.79	124
35.67	259
34.08	231
33.81	236
33.85	234
33.53	159
32.74	57
34.13	238
35.28	206
33.54	268
33.69	245
34.64	234
34.25	258
33.44	259
33.86	278
33.99	225
35	239
33.84	211
33.72	207
35.06	191
33.58	275
33.57	267
33.15	256
33.51	274
33.26	233
33.56	266
34.63	270
34.35	236
34.72	244
35.43	223
34.64	222
34.63	275
34.29	235
34.67	230
35.42	78
35.43	196
33.54	278
33.92	267
34.13	119
34.1	252
34.92	163
34.05	259
34.68	263
35.18	245
34.13	221
34.49	236
34.69	198
34.83	152
33.9	194
32.37	246
33.8	233
33.14	242
35.76	138
33.95	252
34.24	249
36.13	164
35.14	186
34.62	227
35.41	235
34.78	221
34.9	267
34.1	278
33.22	265
34.21	258
35.07	135
33.67	237
34.07	240
34.68	274
34.78	234
34.12	225
33.76	179
34.95	258
34.48	249
34.64	216
35.34	207
33.58	224
35.5	230
34.85	240
34.38	255
33.3	274
34.45	242
35.63	240
34.19	230
34.89	264
34.09	258
34.32	233
34.59	118
34.19	265
33.34	273
34.68	122
35.84	232
34.32	213
35.18	199
34.38	234
35.7	170
35.77	213
34.25	265
35.24	222
34.92	277
35.67	239
34.54	273
34.27	238
33.6	130
37.25	216
34.48	254
34.61	271
34.04	263
34.87	258
33.87	267
35.73	251
34.46	237
35.26	266
35.93	264
35.94	270
35.17	219
34.91	267
36.22	263
33.71	273
35.89	238
34.7	268
36.07	134
36.97	158
35.59	224
35.03	257
34.49	212
35.06	218
34.97	259
35.32	171
35.09	265
36.28	113
36.21	122
35.84	179
35.02	204
34.75	205
34.27	274
34.56	224
33.89	249
35.09	199
33.64	217
33.39	259
32.86	40
34.04	226
34.41	230
36.03	242
35.87	230
36.31	163
34.07	277
34.96	237
35.26	229
35.3	249
35.61	176
35.05	205
34.45	275
33.73	272
34.88	146
33.63	236
34.3	269
33.87	178
36.83	198
33.74	227
35.04	60
34.81	188
34.48	275
34.48	249
34.13	274
34.03	257
34.02	188
34.63	168
34.41	192
34.11	250
35.3	207
34.42	83
34.88	136
34.73	125
35.43	176
34.66	250
34.89	159
34.05	240
33.78	262
34.8	212
35.32	209
35.12	244
35.47	241
34.19	224
32.96	278
35.24	250
33.54	264
35.02	204
34.75	203
33.91	243
33.86	265
34.17	190
33.92	153
33.99	253
35.06	142
34.07	165
33.85	185
34.1	265
35.84	178
34.95	206
34.92	144
34.92	144
34.98	258
34.31	219
34.5	261
35.57	132
34.4	260
35.75	190
34.72	223
34.98	275
34.27	217
33.81	224
34.94	249
34.22	231
34.84	90
32.8	258
33.92	232
32.58	269
34.1	209
33.87	263
32.75	144
35.1	255
33.07	272
34.52	251
34.41	266
35.11	215
33.81	262
34.61	265
34.54	240
35.38	171
33.38	277
34.48	245
35.19	224
34.06	249
33.76	235
34.27	206
34.03	278
34.33	240
34.46	254
34.61	272
34	200
33.19	269
35.38	159
34.44	298
35.22	225
34.67	306
35.86	139
36.13	187
34.19	185
33.57	311
32.44	301
35.29	262
33.52	288
33.43	259
33.75	302
33.01	253
33.75	255
34.29	144
33.56	231
34.02	289
33.16	302
35.28	252
33.05	253
33.84	295
34.65	211
32.71	297
33.89	240
32.96	300
33.91	277
33.77	273
34.85	190
33.73	252
33.62	257
33.9	304
33.45	279
34.86	281
32.5	306
33.76	304
33.9	304
32.73	282
33.84	309
33.28	288
32.94	312
32.62	310
32.7	295
32.4	306
34.74	279
32.85	304
34.31	288
33.2	269
32.87	301
35.64	232
33.06	305
32.89	305
34.16	183
33.54	184
33.17	287
33.1	296
33.71	298
34.58	230
34.19	296
34.86	258
33.69	305
32.75	271
32.46	267
33.77	275
36.36	234
33.05	305
34.69	240
35.82	174
34.34	270
35.18	137
34.59	282
33.62	258
32.87	310
34.98	80
34.62	262
34.08	393
35.06	272
35.25	304
33.98	270
32.77	223
34.22	264
34.44	288
34.78	301
33.54	287
35.28	297
34.12	220
35.02	248
34.03	282
34.89	298
32.81	307
33.22	299
33.58	308
33.12	293
35.49	283
34.11	299
34.05	227
34.88	265
35.97	191
32.49	299
33.93	260
34.45	274
34.89	162
34.04	208
34.56	263
34.19	209
35.17	212
33.03	298
34.61	303
32.85	297
33	291
32.42	313
32.57	311
36.11	168
34.55	311
33.88	244
33	300
35.05	235
34.28	277
33.91	282
34.43	312
33.83	303
35.61	262
32.76	312
33.05	288
35.1	213
33.75	298
34.16	303
33.49	310
33.68	310
35.85	197
33.03	313
34.66	255
34.46	263
33.79	312
33.82	303
34.78	296
33.84	255
32.99	253
32.43	292
36.13	174
36.36	410
33.71	198
32.54	285
35.25	252
34.78	309
36.08	92
34.95	277
35.1	293
36.46	223
34.91	303
34.67	298
34.09	298
36	246
35.92	267
36.79	235
36.23	293
34.78	268
34.54	273
33.83	286
33.51	302
35.07	252
33.44	289
32.99	302
35.28	212
34.11	264
35.28	118
34.46	287
35.54	286
36.43	315
35.51	156
33.5	308
33.83	291
33.62	183
35.46	209
33.77	321
36.42	214
34.21	286
34.85	309
34.87	234
34.59	267
36.32	203
33.83	256
35.01	265
32.8	288
33.62	283
33.34	308
34.92	270
35.17	310
33.63	294
33.83	293
34.57	266
33.98	303
33.98	251
33.68	300
33.7	307
35.19	240
33.91	296
32.87	312
34.89	259
34.99	259
34.48	160
34.14	287
32.94	307
34.27	239
33.64	302
33.15	294
34.31	305
34.07	290
36.09	149
34.02	233
34.3	248
33.56	299
34.19	273
32.91	265
34.47	226
33.33	234
34.2	248
32.59	289
34.87	163
33.98	246
33.38	285
35.36	220
33.59	193
33.29	264
34.11	181
34.07	191
34.07	191
34.37	179
34.27	284
34.11	234
34.07	234
34.18	293
33.76	294
32.67	312
34.49	305
35.34	234
33.92	300
34.68	301
34.54	110
34.22	309
33.95	233
33.97	299
33.28	303
33.84	295
34.26	250
35.17	244
37.49	222
35.64	249
35.63	154
35.98	277
35.13	247
35.25	255
33.45	286
35.02	284
33.02	304
33.57	309
34.4	296
33.74	298
35.95	152
35.39	491
33.26	262
35.58	269
33.04	283
