sim	len_diff
33.97	52
38.86	35
34.48	39
35.92	64
34.63	63
33.17	56
33.74	61
33.21	73
36.06	27
32.98	71
36.03	54
34.87	70
33.88	62
34.68	57
35.06	37
33.65	46
32.82	26
33.51	24
34.27	19
34.98	23
34.08	31
34.78	32
33.97	73
32.9	70
34.53	67
32.58	65
34.52	49
33.5	62
35.12	12
32.09	37
33.56	62
32.17	60
32.2	26
36.15	54
34.32	12
32.1	72
33.37	42
34.77	20
31.1	32
34.13	40
33.67	62
33.39	14
32.48	53
34.79	51
33.76	68
32.63	36
35.4	46
33.53	39
35.79	17
35.21	67
36.48	33
32.43	34
31.71	29
31.81	35
32.81	37
35.7	20
33.5	31
33.27	31
34.12	31
31.74	36
31.74	33
32.16	26
32.16	7
31.35	34
34.68	33
33.54	24
33.43	26
30.82	37
32.08	58
31.72	29
33.53	39
32.16	34
34.17	65
35.3	34
32.43	58
33	13
35.93	34
33.35	5
32.04	69
33.47	66
33.95	53
30.54	60
37.18	49
32.22	71
37.1	24
32.64	57
33.34	69
33.66	53
33.73	59
33.65	64
33.05	48
35.47	30
33.05	65
32.25	60
33.34	58
33.62	74
31.72	72
35.75	31
33.4	43
32.72	58
34.94	55
34.22	69
37.21	12
34.97	19
34.93	47
36.6	15
35.81	27
33.97	14
35.71	29
34.62	19
32.55	60
37.76	32
34.5	35
33.64	62
31.68	74
35.25	35
33.79	73
33.94	70
32.4	48
35.66	33
33.51	35
35.24	24
37.35	24
35.22	3
34.97	25
32.64	73
33.77	64
33.79	10
35.45	37
36.1	20
35.73	43
34.01	31
33.52	25
34.84	56
35.05	46
31.57	53
32.14	31
34.33	28
32.34	68
32.79	43
32.02	8
31.7	34
32.63	72
36.4	37
35.11	6
35.49	43
32.67	17
32.79	48
33.67	45
36.04	17
35.46	10
32.67	17
34.27	19
33.43	14
33.45	28
32.79	48
32.02	8
38.68	32
35.13	19
33.23	47
30.39	33
33.54	54
35.22	23
33.94	26
30.56	58
32.31	25
33.32	24
34.81	40
34.77	34
36.38	19
34.84	56
33.1	47
32.19	68
34.24	51
35.66	19
31.34	45
36.14	24
33.29	57
34.62	16
33.38	46
34.06	55
33.89	2
31.25	67
37.43	35
31.57	50
31.44	53
35.7	52
32.6	66
34.1	50
32.57	59
37.12	25
39.47	20
33.16	36
32	34
35.14	34
36.81	18
32.79	37
33.35	34
34.86	33
34.41	29
35.58	18
34.78	43
35.32	31
32.06	57
32.89	14
33.93	16
31.81	64
33.04	65
32.5	70
36.68	13
33.94	13
33.35	64
32.97	62
36.6	7
33.98	55
31.74	18
32.51	22
35.95	20
34.19	38
34.21	55
35.36	9
33.22	32
31.5	23
35.29	14
35.02	24
34.52	19
33.91	44
34.52	19
34.28	54
33.68	23
33.23	36
37.07	29
33.39	7
33.83	25
33.01	18
35.43	23
35.21	18
35.25	17
34.26	8
34.84	16
33.45	20
35.21	18
33.59	20
33.72	22
34.81	24
35.17	49
35.25	22
35.46	30
33.5	72
34.33	18
32.7	41
35.81	26
35.13	19
36.56	20
33.43	41
35.12	24
32.22	56
35.35	21
33.33	7
33.04	39
32.58	22
33.25	24
34.36	35
34.36	35
35.74	21
34.73	64
33.35	43
35.04	14
37	5
32.31	58
33.43	64
33.82	73
34.86	35
33.73	50
34.17	39
35.57	61
33.63	53
33.43	65
34.17	38
32.82	46
35.36	45
34.21	36
34.87	70
33.2	32
33.59	65
30.73	22
33.19	72
37.41	24
33.79	13
33.25	73
31.38	62
32.93	21
33.2	64
34.13	51
33.66	68
34.23	70
34.62	19
35	74
36.31	22
33.17	73
36.21	53
34.35	11
35.13	55
33.89	18
34.31	48
34.08	72
32.98	48
34.75	30
31.96	58
30.37	30
35.25	34
31.97	36
36.04	52
32.2	30
32.2	13
32.81	1
33.45	33
33.84	64
36.14	26
32.53	50
37.58	11
34.62	48
33.04	38
35.06	61
34.95	37
33.61	73
32.36	27
36.11	25
33.91	41
36.5	15
33.98	59
35.34	32
31.75	54
33.19	57
34.53	4
35.14	29
33.63	57
34.48	29
34.57	56
36.25	14
34.57	50
36.16	31
34.36	45
34.77	21
37.78	6
32.98	29
34	40
36.04	18
33.97	74
32.63	50
31.88	2
30.64	15
36.48	42
34.04	41
34.98	10
32.25	0
32.3	41
33.8	53
34.03	24
33.23	10
35.44	52
39.18	12
33.65	48
39.58	8
32.87	57
34.41	35
38.42	2
35.88	51
34.46	45
33.92	23
33.94	14
33.86	49
34.02	43
32.68	50
34.14	48
33.04	42
34.71	9
33.41	45
32.92	24
32.45	41
35.66	12
33.98	13
34.67	59
32.18	57
31.89	15
34.48	48
31.58	17
33.51	15
32.89	20
34.79	17
36.28	2
35.88	18
33.81	34
35.6	30
34.63	38
34.59	17
32.6	12
35.17	32
36.7	23
38.02	52
34.8	48
36.78	26
32.86	27
36.41	36
36.85	25
37.16	31
37.01	21
38.46	36
37.71	40
34.58	57
32.48	36
32.82	57
32.25	35
35.22	42
34.96	50
35.66	47
33.33	48
34.2	48
31.42	55
32.13	32
35.27	36
32.83	24
31.71	37
34.46	2
31.62	34
33.52	30
35.78	15
34.39	5
34.38	48
33.2	48
32.75	50
34.73	54
37.41	19
37.48	25
38.58	23
36.43	12
34.46	48
37.85	6
37.37	17
32.78	34
33.77	30
35.95	28
36.32	0
37.47	21
35.02	59
37.18	18
35.28	25
38.56	59
39.81	37
34.26	41
36.6	48
34.58	59
33.22	30
36.45	9
33.6	32
35.39	18
35.39	30
35.89	26
35.58	28
36.45	9
34.19	51
31.56	51
34.65	32
34.82	55
33.9	15
38.43	39
38.75	31
36.68	34
35.3	37
34.58	45
34.5	58
33.72	7
33.8	30
33.31	39
34.04	32
33.75	27
33.14	41
34.96	22
32.26	50
36.09	2
32.55	32
36.15	46
34.87	18
34.72	28
35.43	49
32.1	24
32.25	12
32.52	28
35.69	15
32.9	59
32.84	58
34.89	23
30.02	9
32.51	47
34.35	32
36.31	18
34.3	44
34.51	51
33.76	24
34.75	57
33.6	42
34.04	10
32.92	25
31.54	30
34.95	32
35.22	28
30.58	5
33.44	27
38.24	24
31.08	32
35.67	2
33.59	30
33.72	33
35.6	22
34.82	36
34.89	47
36.07	51
37.56	17
38.46	24
33.62	58
35.44	14
33.83	40
34.15	57
33.73	56
35.17	21
36.92	40
31.09	31
34.14	13
33.43	58
33.92	30
31.17	1
33.62	58
34.08	48
33.39	48
31.64	17
33.64	21
34.78	28
32.93	50
32.97	56
34.48	16
37.68	20
34.6	54
35	59
35.33	47
34.68	17
37.4	29
35.94	27
36.08	32
34.08	17
37.04	21
32.62	25
31.52	7
35.61	23
36.62	12
32.63	30
33.59	24
37.24	44
34.83	41
34.81	33
38.28	20
33.37	10
33.98	31
35.03	32
36.02	20
36.72	17
34.85	49
36.24	58
34.21	49
34.59	29
35.36	24
37.17	57
35.9	59
38.76	39
34.6	31
34.12	2
38.63	25
35.6	19
35.86	41
38.27	11
33.96	12
35.44	13
33.07	48
33.43	40
32.32	32
34.94	47
31.08	28
32.78	5
34.15	42
34.31	42
36.44	18
39.08	27
36.84	46
35.7	36
36.17	16
35.2	41
35.39	42
40.81	20
34.71	56
34.52	47
37.4	32
35.28	39
36.63	23
32.97	31
33.97	31
38.18	6
35.72	59
36.22	19
34.51	53
35.65	5
33.75	1
32.89	19
34.98	25
36.59	26
34.44	22
37.18	3
34.97	3
36.39	5
37.16	48
36.33	2
35.18	12
35.13	19
35.47	47
34.55	31
34.85	31
32.47	24
36.32	20
34.67	26
32.44	28
35.94	48
35.7	19
33.78	21
35.25	42
33.44	58
34.06	11
33.76	21
35.68	22
32.62	9
33.76	57
33.64	41
34.32	23
35.99	36
36.24	24
35.09	59
35.68	26
34.84	46
36.42	37
35.08	26
33.02	27
35.53	58
33.45	23
34.28	59
36.04	46
34.15	46
36.69	37
38.66	11
32.54	14
37.19	9
33.28	15
33.33	30
37.35	33
35.93	47
32.52	47
34.79	41
32.58	39
36.91	50
34.76	29
34.4	11
35.76	39
31.78	37
33.89	31
34.22	56
33.45	32
37.83	11
33.76	17
36.76	23
34.27	21
34.22	25
32.24	28
32.6	31
34.06	32
32.08	31
35.68	19
35.13	21
34.5	13
34.11	23
34.95	50
37.55	10
32.58	53
33.96	47
32.24	26
34.74	29
32.51	14
31.98	51
33.15	45
35.23	55
33.36	22
33.36	22
34.12	27
31.89	25
33.02	54
34.39	57
36.76	39
36.4	11
36.57	10
32.46	51
34.06	56
35.38	31
33.66	54
36.51	6
38.21	1
34.86	50
35.78	21
34.41	33
39.44	18
37.48	26
35.09	58
34.6	43
37.56	24
34.54	31
33.08	58
32.6	49
33.76	49
32.4	46
32.68	48
34.72	42
33.28	41
32.08	27
32.86	51
33.62	28
33.33	53
30.82	6
32.01	4
36.54	18
32.06	57
32.6	28
34.26	34
36.25	37
33.41	12
31.47	54
35.82	58
31.74	57
31.33	27
32.41	26
37.93	41
35.03	39
33.89	13
34.6	13
35.43	43
34.59	22
37.16	48
36	24
34.43	36
35.41	36
35.62	52
34.3	18
33.74	29
36.63	46
34.03	51
33.76	51
33.5	52
36.06	32
35.48	29
33.76	51
32	32
34.32	4
32.91	15
31.86	17
32.67	20
33.37	8
35.42	46
33.33	51
37.16	31
35.14	17
34.04	49
33.37	55
35.02	30
33.93	49
38.77	20
33.82	16
36.47	39
34.91	21
35.98	52
34	56
34.31	45
34.94	27
35.63	34
37.23	20
37.23	35
31.37	10
33.17	49
32.72	48
34.84	33
35.87	16
33.72	50
36.31	5
33.79	54
35.89	27
32.91	19
31.84	11
31.39	37
34.11	55
31.87	23
31.49	46
31.81	27
34.4	52
33.38	59
31.22	49
35.74	38
33.59	32
33.21	57
35.33	58
35.78	45
34.27	59
37.12	29
34.59	53
37.09	32
39.18	7
38.04	51
35.78	18
34.8	25
35.48	4
39.35	19
33.75	58
36.17	56
33.06	50
34	12
34.27	47
37.06	22
35.91	20
35.66	47
31.86	24
35.5	40
33.06	59
36.16	44
34.96	29
35.12	9
33.81	55
32.97	16
34.24	12
34.64	16
33.07	55
31.1	46
34.27	25
31.83	59
34.18	44
35.33	13
31.33	26
36.1	40
33.62	43
37.07	11
35.05	29
33.8	41
33.5	15
35.8	59
37.81	14
34.2	32
34.31	16
36.99	38
34.94	34
31.95	56
35.66	18
35.56	18
35.56	51
35.74	40
36.54	16
33.55	55
33.56	45
35.33	29
37.21	31
32.66	0
36.43	23
33.47	47
38.91	18
33.81	55
31.68	18
35.2	28
33.93	50
35.24	49
33.91	42
37.86	25
34.06	56
35.25	59
34.76	51
35	36
34.24	19
34.33	46
35.68	31
36.32	12
32.98	57
33.29	57
38.32	15
34.23	48
34.56	51
34.7	14
33.25	18
33.97	21
35.06	56
36.94	31
34.5	19
35.04	18
36.24	27
36.97	25
33.79	22
34.26	24
34.82	43
34.45	57
36.75	29
35.76	43
39.58	21
31.72	32
37.95	17
37.28	10
32.83	23
36.08	52
34.42	14
34.31	51
34.77	11
33	19
32.9	39
33.02	56
33.85	6
36	57
34.5	58
33.84	18
33.7	47
35.13	45
35.17	35
33.12	58
30.9	10
33.14	57
36.07	43
33.45	0
33.51	16
35.82	52
35.46	39
34.38	47
33.01	52
33.97	43
31.29	4
34.37	34
32.9	47
34.65	4
34.14	22
33.92	23
34.6	28
35	38
35	30
33.35	28
36.63	56
35.61	50
33.98	51
36.74	16
32.8	43
37.26	35
33.5	58
34.89	44
33.96	17
37.66	37
37.05	45
35.05	29
35.53	38
35.54	4
36.87	27
35.18	11
35.41	21
39.04	50
35.12	46
35.91	47
34.63	10
35.29	25
34.91	8
34.02	12
34.87	24
37.67	25
34.74	31
32.89	16
35.15	14
33.05	24
33.27	27
35.03	47
35.59	10
30.63	14
34.98	16
32.52	54
34.33	29
35.93	12
30.63	14
34.24	51
32.89	59
33.45	14
34.73	44
32.66	50
35.51	16
34.33	46
38.03	27
37.05	14
34.5	41
37.1	46
37.6	24
33.9	25
30.44	20
39.47	26
32.35	27
34.44	54
34.27	20
31.8	52
34.35	57
35.93	47
33.19	56
33.9	59
34.28	16
33.7	33
32.49	47
34.9	36
36.33	35
36.26	24
35.29	53
35.44	53
31.92	53
36.22	19
35.2	31
32.13	8
33.17	55
33.17	55
34.48	53
34	58
34.78	32
38.23	17
31.28	29
33.78	29
36.85	2
34.49	58
33.41	7
40.09	11
36	32
34.43	16
32.91	50
36.86	11
37.58	21
33.95	48
34.07	52
37.52	47
34.7	10
34.27	36
33.58	59
33.98	22
34.32	53
33.69	47
35.77	26
34.32	57
34.08	58
34.94	26
35.5	16
33.34	56
35.21	28
34.98	7
32.22	12
34.18	49
33.81	27
35.52	26
32.36	34
35.12	13
35.22	31
34.59	13
31.38	38
32.18	59
36.6	26
34.81	53
34.48	49
34.19	52
32.81	29
36.83	47
34.21	23
32.79	56
36.59	13
33.88	52
35.01	14
33.95	26
34.16	21
35.39	26
33.4	26
33.4	26
37.12	19
32.33	26
35.29	26
35.02	29
34.7	58
34.15	34
37.6	23
34.87	42
34.33	48
33.99	48
34.64	57
36.33	39
36.51	33
33.13	42
33.54	31
35.62	55
35.43	21
34.54	31
36.2	28
31.64	6
34.12	45
35.2	39
34.97	31
34.02	15
33.87	27
35.98	47
32.6	21
34.04	24
30.25	53
31.76	27
31.82	28
35.35	44
34.85	40
32.59	10
32.92	54
33.84	58
35.04	18
34.75	48
36.1	30
35.56	49
36.74	24
36.44	16
33.28	21
34.6	59
37.56	30
33.58	35
34.04	32
35.5	31
34.25	45
35.9	58
37.54	26
34.75	54
35.52	30
36.48	25
32.98	2
33.57	16
34.99	43
33.23	8
34.03	26
34.28	52
32	48
33.42	49
34.3	50
33.86	26
35.47	47
32.79	13
36.85	20
34.67	51
33.82	16
33.43	28
36.59	58
35.28	16
37.31	28
32.62	27
37.1	13
33.87	22
35.11	50
33.63	48
35.58	45
33.51	31
32.9	55
32.63	51
38.57	46
34.81	39
36.43	45
36.02	57
33.1	26
36.84	25
35.61	57
34.12	53
38.84	36
38.84	36
35.8	24
30.9	11
35.6	56
33.1	44
33.09	13
33.85	53
33.77	32
33.87	24
34.23	49
34.59	51
36.33	16
35.84	50
34.1	24
35.05	46
36.33	16
35.05	55
34.52	52
36.03	55
36.54	31
35.95	4
36.97	39
34.79	45
31.44	15
35.27	54
37.04	41
36.48	27
36.56	12
31.62	15
34.92	30
34.2	23
33.6	31
35.17	12
33.54	28
33.78	21
32.77	58
34.84	42
37.81	31
32.65	59
34.24	18
34.4	21
34.52	45
36.12	55
34.75	53
36.23	25
35.71	30
36.71	58
36.06	51
36.17	39
33.25	11
36.42	47
33.81	28
35.08	8
32.28	10
35.53	54
34.76	42
33.18	45
36.95	49
34.92	45
39.48	47
35.35	57
32.5	18
36.57	10
36.32	22
33.98	2
35.5	19
31.95	50
33.75	2
35.61	44
36.03	6
37.57	53
36.22	28
32.32	44
32.31	31
31.22	55
32.25	24
36.55	38
34.5	3
35.45	21
39.37	25
34.39	27
33.97	20
32.97	48
32.25	59
34.92	57
34.88	35
34.4	44
32.58	1
35.64	21
35.88	41
32.7	10
34.77	19
36.07	35
34.08	32
36.29	55
33.6	28
33.9	19
31.17	28
36.23	2
37.29	36
34.67	16
35.63	45
35.83	36
33.22	21
33.53	38
34.71	33
34.41	30
34.68	6
39.11	4
34.09	53
38.6	12
33.48	32
35.6	17
35.62	25
37.28	24
34.05	32
34.77	33
30.02	8
34.03	14
35.95	29
32.4	31
33.4	18
33.42	50
32.82	58
35.98	28
33.33	23
31.79	41
35.89	8
34.6	17
32.9	58
34.05	4
33.5	56
34.03	52
35.42	3
32.71	27
34.5	35
35.34	53
37.97	21
33.21	12
36.83	56
33.5	1
33.16	56
33.77	56
34.25	14
35.5	56
33.93	58
34.25	44
35.84	18
31.81	47
34.07	46
36.41	21
34.13	13
32.83	26
35.11	45
34.41	32
32.95	30
33.34	51
34.54	12
34.44	28
34.37	45
31.41	30
32.29	18
32.74	28
33.76	57
33.84	16
31.97	40
34.3	57
34.18	48
31.25	27
32.23	12
34.54	50
33.99	27
35.19	56
33.58	55
33.55	52
38.53	34
32.9	45
33.58	57
32.61	29
37.08	28
32.28	32
34.52	9
35.04	16
33.95	29
34.76	59
38.27	18
38.17	18
34.79	0
36.14	26
32.51	27
37.32	15
35.04	37
37.35	57
34.4	34
35.77	50
32.76	46
34.84	33
34.18	46
37.02	46
36.15	8
33.95	32
36.66	18
33.54	25
34.73	49
35.72	48
35.1	55
34.63	55
39.82	28
33.54	24
36.22	22
34.42	59
33.65	48
33.45	56
32.98	2
35.3	44
33.78	44
35.29	28
33.63	42
33.81	15
35.41	24
33.09	31
31.9	37
32.09	22
32.53	26
36.45	42
34.59	45
33.77	18
32.91	59
33.59	26
35.66	50
35.95	32
32.88	25
33.98	29
33.08	45
36.71	18
36.91	27
35.29	14
33.02	39
32.98	31
35.23	28
31.54	48
34.97	21
33.05	33
33.07	29
33.61	19
34.99	29
34.2	32
32.11	19
30.24	32
34.13	27
34.99	55
31.86	6
31.86	6
32.5	37
32.29	50
36.66	30
34.21	27
32.42	1
32.68	48
33.15	39
35.51	56
32.35	33
34.55	20
31.25	43
36.06	41
32.57	55
35.09	18
34.24	18
36.35	30
35.78	6
32.7	57
35.8	51
35.19	53
33.77	24
35.27	1
35.53	47
32.96	52
32.37	57
36.38	28
39.38	45
35.11	53
33.77	55
35.03	56
34.1	58
37.93	42
35.23	46
34.48	48
35.42	57
34.47	36
32.67	16
35.69	45
35.06	50
31.79	8
37.54	23
33.27	12
33.45	48
36.1	43
37.08	16
33.71	52
35.33	2
37.51	49
33.77	33
34.98	31
35.53	29
33.02	48
38.48	12
31.67	54
35.51	21
33.78	42
36.2	27
31.7	27
30.71	29
31.33	29
33.69	57
31.52	30
34.09	42
34.88	53
33.79	31
35.49	47
36.48	12
33.16	43
33.57	33
32.83	39
32.98	11
32.2	7
33.62	56
31.72	50
33.36	27
34.4	56
35.22	22
36.25	16
34.96	51
36.36	22
36.23	48
34.89	37
32.39	54
34.88	43
35.86	56
36.65	49
35.55	37
34.05	11
34.96	36
33.39	52
32.43	57
35.51	42
34.06	15
34.54	59
37.08	46
36.1	17
36.24	26
35.04	48
34.77	14
36.25	14
37.67	43
36.47	4
35.38	54
38.37	28
36.33	27
34.31	58
34.56	52
33.13	29
36.21	3
34.72	30
33.43	58
33.25	21
34.73	35
32.15	38
31.17	30
33.6	57
36.2	17
37.32	4
35.5	26
30.45	29
34.95	17
38	11
39.29	27
34.22	35
37.96	18
34.52	55
34.7	28
32.46	25
36.24	5
32.78	14
35.4	31
32.25	9
34.67	47
33.71	24
38.57	8
32.05	22
34.14	11
38.1	23
37.14	25
33.86	29
33.42	58
33.45	29
33.04	30
32.98	5
37	41
34.43	25
35.83	17
34.82	48
35.89	22
34.58	7
34.04	27
37.47	10
34.41	17
36.79	24
35.3	45
31.61	19
33.83	38
34.97	50
31.59	17
32.25	42
33.69	2
35.1	36
33.7	7
33.32	29
33.77	3
36.6	13
33.06	32
36.09	39
35.68	47
36.33	47
36.64	9
33.89	31
34.68	31
35.81	46
34.35	57
37.27	29
36.84	36
35.25	23
37.35	33
34.33	47
35.61	57
39.63	21
33.88	50
37.97	5
33.3	7
35.98	19
36.1	18
37.48	11
33.27	25
34.57	22
34.08	21
35.93	55
34.85	28
30.64	11
34.71	27
35.15	32
39.14	13
35.38	36
35.6	44
33.26	53
34.98	49
33.42	26
35.25	27
35.51	43
34.19	51
34.55	42
35.68	10
33.47	50
35.15	55
35.33	59
38.11	28
37.53	35
33.16	13
33.63	28
35.75	45
34.1	54
38.39	29
32.5	58
36.11	41
35.31	58
33.64	51
35.32	36
34.17	48
35.12	13
33.39	53
36.25	31
33.57	30
36.78	15
36.3	34
35.35	31
31.9	19
34.01	54
35.09	45
33.35	26
37.43	24
33.46	51
35.13	56
35.58	6
34.44	49
37.18	23
38.68	42
33.49	53
37.87	1
39.18	32
36.22	19
36.65	24
34.77	21
33.16	5
36.88	43
35.22	9
35.62	40
36.14	47
37.52	4
35.68	18
39.43	21
33.5	54
34.23	52
32.28	31
32.82	16
33.38	59
34.12	23
40.73	36
37.4	42
35.95	44
33.6	27
33.85	17
35.28	16
36.7	39
34.74	49
34.55	57
34.15	44
31.29	16
30.54	30
34.34	48
37.03	56
36.35	47
34.1	42
37.77	18
38.22	29
33.02	56
32.59	23
32.11	53
36.66	33
33.94	29
36.18	20
36.34	10
38.98	9
33.56	44
33.75	50
33.32	38
36.82	22
33.97	24
36.4	13
37.33	41
36.04	51
34.36	49
32.43	11
34.19	54
36.85	7
35.49	15
33.79	57
37.47	47
36.05	32
32.82	17
36.54	55
35.4	59
34.52	30
33.8	59
35.13	55
30.41	7
35.68	10
38.36	9
37.85	21
34.35	31
37	43
37.01	49
36.93	58
38.66	16
33.95	55
38.66	31
37.25	42
35.13	25
35.78	29
37.47	37
36.79	17
34.98	52
34.97	12
37.27	6
38.71	18
36.93	29
34.64	46
35.7	13
33.4	41
33.79	17
35.14	27
35.6	59
35.13	34
37.74	29
36.42	36
33.33	56
35.3	36
36.68	28
35.41	57
35.8	36
36.06	36
36.57	52
38.55	14
32.94	29
36.68	30
34.2	48
36.68	30
33.71	30
36.22	35
32.2	28
33.81	22
37.12	25
35.16	3
34.67	27
35.43	31
35.95	16
37.39	31
36.5	45
36.02	54
33.86	49
33.41	21
37.38	15
35.27	24
35.1	33
35.28	33
34.01	3
35.1	44
33.21	35
34.59	28
36.81	33
35.91	19
33.1	27
35.26	28
33.9	43
37.83	16
34.66	31
36.43	55
33.89	22
35.07	43
34.98	43
34.08	56
35.51	50
35.15	41
34.24	26
34.69	11
35.97	10
36.4	18
34.7	29
37.87	30
36.13	55
34.36	48
35.53	18
37.92	25
34.45	21
37.92	25
34.96	34
40.02	24
36	9
35	59
35.95	27
34.55	58
33.2	33
34.81	14
38.2	24
34.83	56
34.56	58
35.4	58
35.24	31
34.53	57
35.79	53
36.77	24
33.08	55
34.02	19
32.76	41
37.46	15
33.66	31
32.73	50
33.05	12
36.57	16
36.26	56
35.76	52
33.16	22
33.19	56
34.14	14
35.2	16
34.02	27
35.93	15
36.02	7
34.92	5
37.67	11
37.02	56
34.76	34
34.82	10
36.87	22
34.38	21
30.7	2
35.36	49
32.49	29
34.71	56
31.95	19
35.28	1
31.11	58
31.1	57
35.29	56
35.06	43
33.88	26
34.77	50
32.4	58
34.59	58
32.98	36
35.1	44
32.81	32
38.95	40
34.92	46
36.32	24
33.84	30
34.66	46
33.62	14
34.44	52
32.96	32
34.81	25
35.89	33
35.96	41
32.82	52
37.16	57
37.58	20
36.14	17
35.07	7
36.16	59
38.04	23
33.61	55
31.62	32
33.43	7
34.18	39
35.26	44
36.86	24
31.21	27
36.37	15
33.79	2
37.02	19
32.65	53
36.25	21
35.25	6
36.34	47
33.09	55
34.9	53
34.39	23
33.35	42
33.39	3
33	18
39.31	6
38.96	28
36.05	32
34.87	42
34.39	48
34.49	57
33.04	54
37.23	10
34.25	3
35.19	13
34	46
33.02	12
34.52	43
34.9	47
31.38	18
32.43	11
32.63	25
33.87	9
30.35	30
33.92	29
36.09	31
36.59	46
33.51	26
35.25	55
33.58	14
33.8	57
36.1	25
31.82	28
38.07	16
33.97	28
36.38	26
33.83	32
32.06	42
34.49	36
34.59	17
36.03	29
32.65	51
34.7	31
37.37	25
34.68	48
35.45	21
35.78	20
32.04	8
36.25	6
33.33	39
33.79	4
34.33	20
31.57	52
34.41	57
35.5	27
38.63	44
37.87	26
33.17	53
36.56	34
33.14	31
35.04	16
34.7	47
35.29	49
32.95	1
36.24	47
35.02	28
34.76	47
34.63	24
33.58	50
35.8	33
33.35	57
32.94	4
32.91	52
36.33	49
36.43	42
33	7
31.62	5
33.53	36
33.04	38
34.05	21
32.24	41
34.7	24
33.17	18
32.17	32
32.62	39
32.81	28
34.62	14
36.6	31
35.29	42
35.59	38
37	9
35.03	53
33.63	35
32.62	32
34.75	37
33.88	43
37.55	24
35.2	12
32.66	30
34.1	45
32.21	8
34.9	32
36.25	0
33.17	22
34.1	13
36.67	23
36.67	32
35.4	30
37.34	21
37.1	15
36.93	11
35.9	36
34.1	13
37.54	34
36.09	47
33.97	20
37.62	40
33.44	44
34.9	37
35.66	49
34.14	6
36.75	30
36.92	35
36.62	35
33.25	27
34.06	29
34.11	10
34.43	28
34.28	53
31.9	30
38.41	9
35.01	41
33.06	15
35.86	21
35.23	47
37.7	21
35.31	21
33.72	51
37.5	6
34.97	48
33.77	21
36.4	2
33.6	14
36.18	43
35.14	47
33.31	8
33.42	23
33.73	12
34.2	44
36.55	48
35.7	24
33.87	25
33.15	32
36.88	43
36.71	1
36.01	50
35.63	54
36.6	25
34.78	28
36.71	41
34.7	53
36.11	51
35.7	21
37.31	26
33.52	25
33.15	56
35.74	46
32.63	31
34.26	29
31.35	12
30.71	32
34.37	14
33.86	13
37.91	28
33.63	9
36.08	39
34.25	26
34.15	48
38.9	17
34.22	55
37.83	6
37.2	2
33.63	9
32.63	12
33.33	50
33.45	48
32.63	16
32.78	26
34.58	23
32.68	32
34.43	13
34.16	41
31.3	59
34.65	29
33.35	16
33.7	16
33.58	57
31.6	23
31.79	20
34.77	24
32.78	14
35.05	29
32.89	23
37.18	15
31.27	23
34.18	32
35.02	1
36	36
31.96	18
35.18	9
31.69	52
34.09	22
35.56	56
35.82	39
36.15	48
35.18	24
34.83	15
33.33	7
37.71	30
33.14	40
34.53	26
32.74	26
34.55	16
33	52
35.09	14
33	49
37.02	13
34.1	54
33.67	32
34.65	58
34.56	26
34.23	59
33.86	59
35.13	4
35.5	56
33.56	13
35.77	39
34.75	35
35.32	47
34.55	59
35.83	43
37.57	22
36.43	14
36.1	50
33.89	24
33.79	18
34.7	24
36.37	27
34.8	32
34.05	25
37.96	54
34.58	18
34.38	14
33.84	55
32.98	14
35.78	38
37.67	11
33.1	11
34.72	26
36.67	36
34.93	41
32.32	52
34.44	26
36.85	6
34.16	28
33.43	14
33.43	56
35.64	18
32.29	26
34.54	7
34.84	38
32.78	57
33.61	40
35.72	24
33.83	23
36.56	15
32.82	59
35.5	40
33.8	44
34.95	45
33.03	52
35.38	59
32.03	59
37.22	35
35.46	5
32.43	9
33.18	56
34.62	50
32.26	50
32.71	8
33.88	51
33.63	14
34.27	48
36.21	5
36.89	21
33.22	28
32.82	8
33.49	43
36.48	40
35.67	22
34.75	32
30.24	20
34.17	11
34.35	25
34.89	3
35.31	58
38.25	20
30.86	31
33.79	32
33.04	39
36.71	12
35.65	47
38.66	25
35.48	51
34.82	17
34.91	15
32.41	9
33.06	4
36.17	21
34.33	26
36.36	50
35.19	52
33.58	1
30.95	16
34.36	50
32.36	28
34.4	11
36.68	26
33.68	14
35.6	23
34	57
32.1	45
36.17	2
38.82	24
34.23	14
35.22	42
36.27	37
34.12	1
37.9	28
35.18	58
32.59	59
35.25	40
35.14	25
35.77	35
34.05	14
32.82	46
34.69	40
37.2	6
34.36	29
33.8	31
33.85	55
35.28	54
33.12	14
35.29	15
35.46	58
34.07	14
36.41	32
35.82	39
31.61	6
37.57	27
35.01	36
35.18	25
35.08	32
36.11	23
33.59	4
34.28	21
35.6	10
33.04	28
32.18	25
33.24	50
33.87	32
32.81	32
31.72	32
33.44	27
34.32	32
33.08	32
33.08	32
35.35	23
34.03	33
33.08	32
31.36	23
31.58	13
32.24	29
37.37	32
37.73	19
35.14	27
34.64	57
34	23
34.62	29
33.97	30
32.51	27
33.81	58
35.56	32
37.04	19
33.44	23
33.9	24
34.89	26
37.35	27
37.09	18
34.01	16
35.03	48
34.3	31
35.37	15
35.45	1
34.58	51
35.61	20
33.23	47
33.25	33
39.82	2
35.83	37
37.45	0
32.98	17
35.38	57
32.07	48
34	34
32.62	27
35.06	27
34.04	57
34.05	6
35.06	27
34.29	30
35.05	21
32.33	16
33.97	42
32.93	2
35.24	49
33.6	17
34.08	51
36.46	37
36.46	37
33.29	30
33.9	56
31.78	22
35.78	20
34.15	39
35.88	18
33.59	12
33.7	17
34.14	18
34.54	38
32.35	52
36.62	22
32.31	14
34.22	5
35.85	5
34.89	11
34.84	20
33.06	14
35.75	13
36.76	34
34.85	34
37.78	13
37.51	46
32.79	29
31.21	14
32.01	23
33.72	49
34.83	33
33.98	31
33.85	44
34.94	38
34.25	56
33.43	7
34.24	44
34.18	19
33.33	34
33.79	44
32.78	31
34.97	21
35.12	4
32.02	6
33.07	52
30.72	7
35.6	23
35.95	6
38.25	48
35.29	45
35.55	12
32	20
33.23	56
33.39	41
33.25	35
30.95	24
36.84	10
31.47	52
35.1	22
31.36	31
33.65	51
35.56	31
35.65	38
33.48	52
35.49	47
32.72	18
33.27	10
35.54	13
34.72	42
35.77	44
37.54	50
35.86	31
33.17	55
34.4	51
36.66	36
34.68	25
34.67	27
34.87	22
36.54	20
34.64	38
33.51	20
33.74	49
30.85	27
34.67	29
35.17	26
33.46	37
31.22	3
36.14	14
35.85	6
34.18	48
32.6	24
33.04	36
35.14	24
32.67	57
37.93	13
34.28	29
33.18	55
36.61	51
100	0
34.48	28
30.9	32
37.79	24
34.17	55
33.94	28
34.64	33
35.26	57
34.1	12
32.81	59
31.71	14
36.02	18
36.02	30
34.09	31
34.47	26
34.62	19
33.87	28
32.25	32
34.16	6
34.28	48
31.91	9
34.77	28
33.94	27
35.14	33
35.33	30
37.33	35
35.44	53
35.35	40
37.36	23
41.09	13
35.94	45
32.9	23
35.1	8
34.51	32
31.29	30
33.47	53
34.74	26
35.28	51
34.65	19
31.01	8
33.58	57
32.44	19
31.46	58
36.02	3
32.95	31
37.65	30
33.78	17
35.62	2
31.97	1
33.06	28
33.13	52
35.35	42
34.77	50
36.06	46
33.5	49
36	16
32.29	57
31.86	55
33.14	57
33.67	3
30.71	31
34.23	29
34.32	13
34.55	55
35.07	46
33.33	17
34.03	7
34	56
35.44	25
33.88	41
34.05	13
33.31	1
32.45	32
34.5	52
34.37	55
33.64	34
30.37	28
34.45	38
38.75	21
36.3	50
31.41	26
32.8	52
33.74	57
35.58	45
33.84	31
36.43	18
34.31	21
33.35	57
31.08	30
35.55	13
32.3	42
34.05	12
34.8	46
35.61	50
34.68	30
36.77	32
34.5	46
35.93	41
32.83	49
33.9	46
33.28	51
34.9	29
33.17	7
31.06	32
35.23	53
31.32	10
35.35	57
31.36	10
36.06	46
32.73	59
34.87	52
32.51	56
35.11	24
32.76	29
31.08	6
34.55	52
34.06	27
34.27	14
32.15	14
33.86	56
35.05	18
32.54	8
36.64	52
38.22	26
33.78	28
34.93	26
32.67	7
35.55	44
35.75	46
39.03	15
34.63	16
32.7	42
39.67	30
34.42	52
34.44	27
35.53	55
34.52	15
34.21	49
35.27	23
33.55	55
34.97	18
38.05	18
35.5	44
34.95	29
34.24	24
33.69	25
34	54
35.95	25
34.24	44
35.37	27
35.89	55
35.77	18
36.08	20
34.58	24
33.6	36
33.44	40
34.35	45
35.64	25
33.45	57
33.95	17
35.1	46
34.27	38
35.21	55
30.87	16
34.55	13
35.72	35
33.85	3
33.11	41
32.77	16
32.47	19
34.18	37
38.09	41
36.53	34
35.2	18
34.61	31
34.33	14
34.55	14
34.53	58
34.1	24
34.41	18
32.77	25
35.49	48
37.29	17
33.43	8
33.22	35
35.24	32
35.16	54
34.55	13
33.54	57
33.95	17
35.1	46
35.21	55
34.23	29
32.27	31
35.86	48
33.85	3
30.89	58
33.48	9
40.27	6
34.17	24
33.62	23
35.79	48
34.63	45
34.34	31
34.7	29
35.09	55
32.97	5
36.81	29
36.14	22
33.61	15
30.09	11
32.9	53
33.21	6
32.27	30
37.01	54
35.35	54
35.52	17
35.22	23
36.21	49
35.63	36
36.46	16
35.52	57
32.54	29
39.4	19
35.67	26
37.89	36
34.38	39
33.33	23
34.49	57
41	25
36.41	45
37.5	3
35.22	31
34.5	34
35.39	20
35.39	20
38.36	13
34.44	58
34.89	23
35.13	39
31.46	59
33.17	57
33.07	20
32.56	15
34.58	29
32.13	49
32.74	24
32.64	58
32.74	48
39.39	28
35.45	32
33.17	46
33.79	31
37.4	35
34.53	52
34.34	46
34.93	47
30.98	24
34.82	51
32.2	28
34.53	54
36.75	18
37.13	6
35.95	26
40.01	11
34.41	39
31.39	25
36.72	25
34.9	19
35.21	9
36.35	14
35.72	20
36.17	21
35.23	20
33.87	9
35.61	39
34.3	56
34.39	45
31.68	59
34.14	27
32.76	51
32.92	43
38.7	16
33.51	40
30.85	3
37.99	45
32.74	49
34.66	22
32.87	24
33.86	49
34.15	50
36.96	33
32.89	24
36.05	56
36.5	15
33.72	11
36.36	43
32.18	50
37.23	22
36.05	38
34.78	51
34.35	24
37.08	38
35.71	2
38.84	42
34.89	23
37.8	41
33.3	32
34.6	57
35.29	36
35.4	36
34.52	45
37.32	50
36.67	14
32.35	17
35.95	37
35.79	44
34.59	7
34.94	46
34.8	58
34.56	52
37.69	30
32.71	44
37.18	23
34.79	23
35.41	22
37.12	28
35.78	54
33.75	24
35.42	17
34.27	43
36.04	29
35.8	46
34.55	46
35.32	41
33.9	55
37.22	32
36.09	15
32.98	14
34.33	53
34.37	54
32.76	29
33.76	10
35.28	29
35.24	49
36.43	28
32.76	52
34.92	39
36.6	36
33.64	15
35.14	45
36.07	55
31.54	5
33.91	57
33.02	57
37.93	28
32.33	29
34.16	28
38.72	44
38.64	19
34.07	26
31.59	23
32.82	12
33.5	56
34.49	21
30.72	10
34.2	34
35.36	38
32.85	33
35.09	55
36.07	16
33.04	20
34.21	53
34.88	50
37.08	23
34.85	45
34.6	5
30.97	32
32.62	8
33.7	53
33.97	7
33.94	29
33.94	29
35.14	28
32.9	19
36.27	17
35.13	44
33.89	48
32.06	19
35.5	56
34.53	56
33.71	12
34.33	56
32.25	29
39.43	6
34.24	22
33.75	23
31.55	32
37.1	16
35.29	47
33.39	56
32.97	16
32.86	30
31.43	24
33.82	47
33.12	53
35.8	30
36.17	31
36.29	10
36.22	26
34.69	19
35.86	20
31.02	23
36.04	25
40.79	4
34.94	42
37.39	23
34.09	58
34.05	59
36.76	30
31.09	30
36.22	17
33.97	52
36.14	40
34.24	56
35.18	16
35.45	7
35.41	30
34.64	57
38.39	28
32.52	31
37.23	52
37.4	32
39.49	30
34.7	28
34.11	58
36.27	11
33.77	9
34.64	51
34.75	59
34.83	30
36.31	17
36.43	45
34.74	32
34.79	54
34.43	23
34.11	48
33.95	15
33.79	40
31.79	35
34.01	25
33.8	57
35.47	42
32.91	46
33.89	31
34.02	34
32.91	9
32.97	53
35.17	27
35.21	6
35.05	36
34.35	44
32.66	6
35.52	13
35.08	47
35.53	9
35.16	28
38.93	20
36.95	19
36.62	56
35.69	34
36.5	48
33.9	49
33.55	53
36.95	48
33.47	24
35.94	24
36.1	40
31.55	56
30.2	4
32.91	48
34.62	18
35.21	40
35.27	37
36.16	32
36.14	52
34.09	24
32.44	21
35.07	25
36.03	39
33.8	56
34.26	56
35.04	32
37.68	47
34.55	57
34.53	36
35.32	29
33	40
34.72	53
35.04	47
33.71	54
35.75	30
34.6	18
35.37	50
38.46	44
36.97	29
36.23	57
36.14	29
33.27	9
34.08	22
35.1	2
33.95	13
35.94	29
33.43	31
34.9	57
34.95	9
37.51	37
35.5	16
35.87	34
34.78	25
34.23	17
34.67	47
35.79	15
33.09	31
33.33	26
32.27	17
33.34	56
35.5	16
32.52	15
33.53	57
33.34	56
34.87	21
34.39	48
34.23	17
34.21	21
34.71	25
34.35	46
35.48	32
36.08	21
34.05	14
34.94	26
33.62	23
31.52	27
33.79	31
35.5	11
31.72	31
35.28	47
34.8	47
35.22	12
37.12	30
32.12	43
30.89	30
35.56	14
35.07	18
32.43	8
34.5	56
37.1	18
34.12	9
36.01	20
35.41	28
35.06	20
33.86	39
34.46	33
30.16	23
31.7	29
33.79	47
34.41	53
36.43	41
32.81	17
32.52	5
33.59	23
34.36	11
35.33	51
32.25	5
35.84	43
36.82	14
32.51	3
33.48	28
34.15	57
32.74	19
38.15	16
34.11	53
33.17	55
35.92	44
31.47	10
33.42	39
34.51	56
34.59	32
34.85	7
33.06	55
31.75	28
32.36	56
33.62	39
31.56	28
34.24	20
35.68	3
35.44	14
33.08	19
33.97	17
30.22	23
35.05	30
33.8	56
37.35	10
32.16	22
34.72	18
34.27	27
34.05	21
35.79	15
32.22	57
34.24	19
34.06	32
33.62	31
36.04	28
36	49
36.32	17
33.94	35
36.31	8
36.06	24
34.73	27
32.25	10
34.22	23
33.27	22
32.17	22
37.42	50
33.33	23
34.12	59
33.98	52
33.72	2
33.78	32
36.91	13
37.67	32
35.62	49
34.65	35
33.01	30
36.74	48
32.7	46
31.51	26
35.04	32
33.59	25
37.09	22
31.86	1
36.38	29
38.25	43
35.42	10
34.97	21
35.06	12
32.35	24
35.01	33
33.45	27
33.78	58
34.13	30
31.51	19
33.86	13
36.72	15
31.91	19
33.59	15
33.18	29
35.04	45
33.92	51
34.11	7
36.36	30
34.33	30
32.88	1
36.62	25
33.38	59
34.62	6
36.64	26
35.5	46
34.61	55
36.14	48
34.88	13
33.07	3
33.43	52
35.06	30
36.38	39
35.09	46
30.66	20
35.83	33
36.51	36
37.14	9
32.78	58
35.32	22
33.78	49
32.24	45
34.04	40
36.4	15
34.36	31
35.64	51
32.35	13
37.45	54
34.28	59
34.11	48
34.27	48
35.08	41
36.06	27
34.02	20
34.67	31
34.91	32
33.83	9
34.32	18
34.02	51
34.87	42
34.37	28
39.1	13
34.18	39
33.91	9
33.45	23
33.7	17
35.87	17
34.72	12
37.63	38
36.67	48
33.4	58
35	55
31.17	29
33.17	15
33	30
36.56	23
32.22	50
33.68	25
34.86	22
34.33	21
32.66	43
32.86	45
32.25	20
31.99	39
34.86	19
31.82	27
35.82	49
37.83	42
31.74	58
34.02	12
34.9	50
36.22	18
35.89	38
35.68	25
35.65	25
35.35	16
35.18	48
37.3	12
34.5	21
34.53	54
36.94	4
32.96	58
33.92	19
34.56	15
31.95	12
34.52	45
32.27	14
30.95	7
34.01	28
33.47	0
33.76	50
33.44	30
32.52	59
34.41	17
35.4	12
33.86	23
33.28	26
35.45	43
34.41	6
35.85	48
36.39	25
33.33	32
33.81	24
33.77	31
33.08	28
34.33	8
35.41	30
33.98	25
36.48	22
36.17	23
34.57	24
33.9	56
34.89	55
33.55	20
34.91	46
34.22	54
34.59	28
33.48	55
33.19	55
36.5	54
32.06	31
35.42	48
33.62	7
35.13	29
30.98	26
32.48	7
36.09	6
34.87	53
35.01	44
35.06	59
34.09	14
34.32	29
33.06	30
35.56	44
32.47	56
34.61	43
33.22	46
32.75	42
37.22	19
34.38	56
33.76	33
33.52	7
33.71	46
33.23	47
36.83	6
31.12	11
32.06	31
34.86	58
35.7	50
32.72	46
36.71	53
34.52	9
35.24	44
32.28	6
34.56	46
35.03	25
33.44	51
37.17	25
36.05	38
35.24	12
31.19	30
36.8	51
33.45	30
32.26	56
33.05	31
35.12	22
34.67	41
32.06	5
34.8	17
32.08	28
33.46	51
33.49	31
33.36	53
33.27	25
32.85	4
34.28	25
32.03	8
35.39	11
33.6	26
32.36	45
36.19	55
36.44	44
36.46	59
35.68	35
38.19	13
35.72	55
37.36	35
35.91	38
36.43	14
36.27	50
34.43	43
31.83	7
34.16	11
32.51	54
34.78	49
33.63	29
32.63	16
33.2	17
34.6	29
33.17	54
35.06	9
35.57	15
33.58	19
40.18	20
33.6	30
34.14	13
32.51	32
36.68	14
33.58	19
37.12	18
34.83	57
38.34	34
34.9	55
38.3	19
35.41	0
35.8	40
32.6	20
37.16	29
36.32	58
32.86	20
35.27	13
34.19	25
34.13	54
33.41	32
32.97	30
34.92	45
30.54	30
36.47	36
34.01	2
31.9	43
38.7	19
33.05	11
34.2	1
38.1	26
36.79	49
33.59	55
33.13	53
34.48	22
36.18	19
34.98	51
35.8	38
39.91	24
33.38	44
35.97	27
34.38	21
37.2	35
35.43	2
36.44	50
37.35	34
39.29	30
33.71	55
36.3	49
36.11	44
32.88	28
33.98	11
32.71	32
32.37	20
33.94	49
34.12	52
34.04	48
33.52	45
35.21	14
33.2	16
33.11	10
32.93	25
37.29	14
34.04	14
33.83	47
34.45	12
35.09	29
33.51	57
36.79	9
36.39	38
33.05	15
33.7	28
33.83	6
34.08	33
35.04	25
36.35	14
34.42	24
34.33	45
33.45	48
36.8	44
33.87	6
33.5	49
34.78	59
35.95	18
32.33	56
33.44	55
34.08	44
35.48	7
36.62	26
37.91	7
36.35	20
35.07	30
37.4	27
38.74	41
33.52	8
35.66	26
35.59	18
35.13	52
33.23	57
37.08	37
38.28	13
35.69	14
35.94	32
34.71	37
35.27	57
31.97	9
33.64	51
37.95	56
38.85	40
37.86	48
34.56	13
35.44	18
35.22	18
35.24	17
33.97	29
34.14	27
34.36	25
34.68	5
34	43
39.82	6
34.77	10
36.4	32
31.48	22
36.21	17
34.75	58
32.52	25
35.2	46
35.67	38
34.77	48
37.1	9
36.48	56
33.63	24
34.85	54
36.12	32
34.76	53
35.41	46
34.75	44
33.67	14
36.97	17
35.97	43
35.06	52
34.2	21
34.48	59
33.09	13
35.71	57
34.12	31
38.87	26
38.41	26
34.37	35
33.68	54
33.43	12
36	24
38.98	4
33.06	49
39.58	22
35.04	42
36.28	7
39.12	8
32.48	5
33.39	51
35.21	29
34.33	16
33.08	5
36.05	21
33.64	50
32.6	17
33.07	47
36.81	18
35.52	27
33.9	14
32.88	41
34.73	50
32.5	14
34.52	10
34.03	30
32.78	10
33.67	5
35.02	32
36.39	23
35.51	21
38.96	33
32.96	45
33.51	17
36.82	16
35.27	11
35.05	43
34.15	46
34.65	49
32.89	31
32.22	31
35.31	24
36.58	15
36.41	17
33.46	35
38.71	26
34.9	36
30.87	30
33.67	58
35.64	34
36.71	18
32.91	31
34.27	52
35.75	25
30.89	32
33.22	48
32.66	45
32.49	56
32.83	10
34.24	1
35.33	54
32.83	58
33.35	53
39.82	3
33.18	46
37.01	37
34.73	26
35.28	9
36.06	11
36.46	58
32.54	26
35.95	26
34.26	42
34.58	57
37.02	49
33.62	22
38.87	5
34.92	10
35.9	43
36.12	25
39.17	23
36.12	34
33.17	26
35.06	25
34.27	44
34.64	19
36.52	44
34.08	49
34.9	51
34.77	21
38.1	20
35.13	30
37.26	14
34.9	22
34.42	21
34.72	19
33.33	13
33.54	28
33.32	54
33.95	46
34.47	51
32.09	59
36.52	58
33.36	58
32.45	15
34.02	54
36.56	15
33.29	30
33.44	11
34.17	4
34.45	16
33.77	3
35.47	22
34.67	30
33.54	4
31.33	3
36.41	10
34.24	40
35.79	18
34.12	29
33.81	2
33.61	14
33.33	25
34.59	17
34.81	40
34.51	56
33.56	26
32.51	7
33.8	56
33.77	50
31.75	6
36.94	37
33.44	26
35.94	15
33.52	20
36.64	15
35.46	14
34.57	39
33.51	36
35.31	21
36	18
34.09	48
36.41	21
37.01	31
34.32	32
32.17	18
32.6	29
35.61	55
33.82	32
33.65	57
37.3	39
33.14	32
32.29	51
35.2	48
33.2	56
35.33	27
34.48	37
32.74	57
31.09	12
35.82	39
32.45	27
34.35	21
35.13	32
31.69	52
35.14	25
33.43	9
35.58	30
33.49	49
31.45	31
33.17	25
33.82	25
33.27	28
32.32	14
33.09	58
36.23	22
32.28	32
36.77	12
33.58	27
37.1	45
33.24	36
35.09	21
34.83	38
32.52	33
33.57	1
35.51	44
36.18	36
35.52	18
33.53	56
32.68	46
34.47	20
33.35	43
37.55	16
32.06	24
33.77	20
33.1	55
36.38	49
37.03	24
36.77	53
36.15	29
35.97	50
37.71	42
36.02	3
33.42	2
37.21	16
36.03	49
33.7	24
36.13	26
31.6	25
34.86	32
35.12	38
35.13	29
34.73	36
33.41	28
36.43	27
36.07	40
38.41	23
33.95	47
33.71	5
33.52	11
32.2	57
35.85	14
33.09	30
35.62	12
35.82	30
34.66	6
35.56	24
36.56	31
39.53	43
34.78	52
35.79	30
37.82	3
35.71	31
39.92	11
36.79	50
31.88	35
31.86	53
33.83	44
33.79	45
32.5	47
33.89	34
33.55	50
34.56	58
36.11	28
32.31	48
38.05	35
35.72	17
31.16	31
32.51	21
37.33	18
34.08	54
34.51	55
35.39	45
31.9	32
33.7	53
33.84	43
35.45	31
37.5	15
34.69	24
33.56	1
32.85	52
32.75	38
33.16	54
35.97	51
31.98	43
34.75	12
32.7	28
34.28	40
35.76	39
35.77	23
35.89	13
33.9	17
39.63	32
34.6	31
34.31	6
35.27	27
33.94	30
30.93	31
34.79	29
32.97	28
34.62	24
36.59	27
35.52	51
35.6	22
34.81	55
35.66	11
31.39	7
35.64	19
33.72	5
35.03	47
31.2	54
34.91	48
35.18	23
30.52	30
33.39	10
32.08	31
33.84	32
37.87	19
36.66	4
34.85	40
31.09	10
32.97	12
34.38	44
32.26	55
32.79	23
33.25	14
34.05	19
35.74	43
33.24	40
33.72	27
37.02	19
36.05	29
31.37	8
34.75	34
32.87	21
35.17	31
32.47	26
34.13	34
32.98	28
30.12	9
34.16	25
34.41	30
36.31	48
33.67	31
34.05	10
33.17	59
33.01	13
33.96	56
37.15	15
34.77	6
33.51	11
34.78	51
35.87	29
32.01	3
34.09	57
34.19	57
32.39	24
34.37	50
36.39	4
33.72	31
34.53	52
33.96	51
35.29	16
35.39	15
36.84	15
34.51	26
35.42	53
34.53	49
31.79	31
33.65	52
33.74	28
37.8	18
36.76	24
33.46	52
37.85	11
35.78	17
36.58	18
35.67	13
33.27	29
36.82	32
34.82	49
35.86	32
35.78	28
38.02	25
34.71	47
32.89	12
32.8	50
33.6	19
34.41	51
33.69	8
33.21	26
32.68	57
31.71	30
31.73	19
35.28	21
34.14	28
35.61	23
35.02	17
35.3	32
33.17	31
32.1	27
33.28	40
31.73	49
34.11	57
36.32	15
32.07	23
32.98	55
34.36	54
33.62	21
33.25	22
33.24	31
35.32	25
37.31	15
36.98	27
32.24	53
34.33	22
34.14	20
32.98	11
34.17	38
33.95	46
33.19	57
35.5	15
31.71	30
32.54	52
36.26	56
32.44	6
34.86	26
36.28	33
34.94	21
36.56	19
35.71	29
36.36	15
36.16	56
37.54	37
37.16	9
37.79	6
32.54	27
32.05	29
33.27	44
38.55	21
35.51	59
35.17	53
34.94	23
37.92	39
34.45	57
36.4	15
33.72	43
32.1	39
34.58	21
36.95	27
33.4	11
32.44	9
32.57	32
34.82	47
32.93	45
32.95	55
34.73	27
33.89	45
32.36	36
32.36	58
32.43	58
31.77	47
36.68	29
37.06	26
36.67	21
39.1	30
34.67	46
34.34	33
40.24	28
35.2	28
37.05	24
34.52	17
33.18	47
33.22	29
33.4	26
34.87	20
32.87	29
34.28	21
32.63	16
34.89	12
33.22	55
34.95	21
32.95	26
32.44	32
33.78	14
31.37	1
34.49	51
35.04	41
34.82	55
34.33	17
32.44	21
34.25	51
33.02	51
35.46	54
32.24	33
34.91	19
35.52	48
34.7	28
34.16	19
35.35	16
34.39	32
33.62	53
36.27	35
33.92	52
34.43	30
33.87	3
35.94	30
32.74	12
32.81	25
32.18	19
33.71	9
33.91	19
32.28	26
30.14	9
35.42	33
31.41	1
33.48	9
34.67	45
32.68	49
33.63	12
37.21	43
34.97	55
33.27	30
31.98	28
32.67	33
34.08	24
36.42	43
33.43	14
34.16	56
35.35	54
34.19	54
34.1	35
32.03	41
32.33	43
34.1	35
33.5	30
34.16	47
31.27	17
32.2	2
32.16	37
31.26	23
33.24	41
32.17	57
34.57	23
35.11	38
32.09	53
33.03	57
33.61	25
36.76	28
30.92	26
34.54	20
32.17	49
34.62	47
35.22	23
32.33	29
32.6	52
34.88	36
33.02	35
32.44	35
33.6	54
32.89	21
34.12	49
36.56	34
39.16	13
34.68	26
35.58	31
36.5	31
33.9	36
37.31	19
33.34	22
39.31	4
34	50
33.93	20
33.81	11
34.08	19
32.93	13
32.45	23
32.61	65
32.31	25
34.09	48
36.89	25
33.28	14
38.83	17
33.55	32
32.18	70
32.77	18
34.87	42
31.97	49
33.22	5
34.3	71
32.71	55
33.62	24
32.45	72
35.32	54
32.94	66
35.31	48
36.03	39
35.06	21
34.11	32
35.59	56
35.45	25
36.25	36
32.9	48
36.63	45
35.92	7
39.35	14
33.04	52
34.85	44
35.95	23
37.37	5
31.02	74
35.06	19
34.21	8
34.33	21
35.55	35
31.94	65
33.96	65
32.31	22
32.89	56
31.91	63
32.71	40
34.83	3
32.27	49
35.31	62
33.22	53
31.55	53
32.72	31
33.49	60
35.86	21
33.95	15
32.5	70
32.86	20
33.84	69
33.76	57
31.52	40
33.27	65
31.52	40
36.48	8
32.4	59
31.8	66
34.46	52
31.4	56
34.52	53
32.62	65
32.82	25
32.93	24
31.52	14
32.73	72
35.75	19
35.01	41
34.02	23
37.93	0
35.59	19
32.89	35
33.47	73
32.35	24
32.25	33
34.89	11
31.5	46
32.99	63
33.6	54
33.02	38
32.57	67
35.65	24
33.35	43
35.45	14
34	73
34.26	53
34.36	69
37.08	21
34.4	24
36.83	30
36.57	31
33.22	29
32.33	59
33.98	6
33.24	57
34.07	53
35.85	50
33.95	21
36.95	19
31.28	61
34.6	22
37.45	37
35.15	3
36.29	50
34.26	71
36.14	10
33.66	74
35.41	23
34.06	67
33.82	54
33.37	14
33.95	67
33.13	32
33.44	30
32.18	59
34.85	18
34.13	74
32.49	21
33.91	20
33.25	49
31.43	63
34.13	41
33.94	19
34.33	52
33.76	71
32.82	47
35.43	44
32.79	32
34.35	28
34.08	29
34.06	36
30.79	36
36.33	25
31.24	18
32.79	37
33.27	33
34.51	27
33.19	48
32.58	52
33.37	64
33.97	28
36.81	14
39.17	6
33.26	71
35.57	54
30.96	65
34.12	70
33.89	73
36.98	43
33.77	63
32.72	62
31.96	8
33.44	54
33.35	62
32.95	56
34.91	31
33.1	66
34.04	34
34.77	17
32.79	35
34.4	33
33.64	63
34.95	50
32.53	54
33.17	37
32.02	37
34	67
34.27	69
33.26	60
32.94	46
35.25	62
33.26	71
33.33	47
33.81	19
33.76	54
33.54	36
31.73	68
32.24	21
35.22	46
31.87	66
31.66	54
31.69	54
34.01	34
33.32	11
32.1	44
33.04	50
32.32	33
35.47	39
34.13	23
36.59	1
33.9	43
36.15	42
31.11	62
32.35	17
36.96	16
31.62	66
31.62	66
34.35	17
33.85	38
31.61	73
34.28	48
32.26	43
34.5	29
32.08	16
32.91	27
35.49	46
34.01	34
34.01	34
34.01	34
35.03	55
32.89	12
32.09	37
32.09	37
32.42	30
34.37	42
33.96	34
31.63	22
35.5	56
37.12	51
32.3	52
32.84	74
34.5	26
32.82	25
36.81	36
32.75	59
34.49	40
33.43	45
32.43	69
34.28	60
32.88	66
33.88	36
33.5	38
33.3	45
33.68	66
33.64	41
34	66
32.67	60
31.63	21
33.13	25
34.58	64
30.45	24
30.45	24
36.62	45
36	45
34.16	23
