sim	len_diff
32.1	68
31.84	121
35.23	58
33.11	50
34.69	77
33.69	49
32.56	57
33.97	57
32.93	76
32.59	82
32.66	165
31.87	75
32.98	153
32.94	49
31.97	82
33.02	173
33.01	66
33.96	169
32.86	37
31.74	129
35.2	88
32.39	76
34.1	73
32.84	84
34.69	92
32.68	74
31.24	163
33.84	63
34.63	92
34.84	73
33.61	60
33.54	72
34.39	53
33.7	79
33.37	86
32.7	33
33.7	41
30.86	18
32.96	147
32.96	147
32.96	147
32.96	147
32.96	147
33.52	73
35.33	156
32.81	75
34.2	92
31.82	84
33.88	50
33.23	67
33.05	158
33.92	61
33.86	63
33.05	66
32.06	142
32.49	85
33.75	175
31.53	84
31.76	67
33.14	72
32.63	74
31.32	77
31.59	88
32.49	85
32.74	127
32.44	126
32.03	0
32.35	24
31.22	67
33.81	69
32.91	39
33.21	56
32.55	60
31.93	96
33.36	74
35.44	39
30.98	86
32.16	81
33.47	79
32.47	89
32.35	83
35.4	87
32.86	147
33	125
32.16	147
31.87	140
34.38	59
33.2	81
34.05	96
32.05	106
32.8	72
32.07	47
34.92	63
34.54	131
34.01	53
32.16	2
33.41	76
32.09	88
33.36	138
32.61	83
31.81	151
35.04	40
36.67	59
33.57	80
33.17	50
36.32	71
34.16	84
35.15	50
33.26	135
33.97	122
34.33	52
32.38	74
32.9	74
33.73	45
32.62	56
32.54	57
33.98	77
33.77	60
33.25	84
32.38	74
32.14	158
32.61	70
35.44	63
32.96	62
34.37	85
30.98	80
33	59
33.37	82
34.63	51
33.74	23
32.24	87
31.17	58
31.64	103
32.31	86
32.18	167
32.54	85
32.37	20
31.76	53
33.86	97
32.42	52
31.05	86
31.67	87
31.54	79
32.97	60
31.41	117
32.65	102
31.25	87
34.49	71
31.73	22
31	85
33.87	34
33.87	34
32.49	40
31.64	53
32.05	84
31.75	87
33.14	36
33.61	85
33.34	43
33.19	63
31.82	78
33.5	86
31.56	50
34.49	72
32	75
30.71	82
32.89	102
32.73	80
32.42	145
30.72	82
32.4	84
32.76	60
32.12	80
34.43	81
33.21	63
33.15	37
32.51	87
32.18	133
32.58	38
34.23	119
33.49	167
33.3	46
30.26	12
32.81	52
33.07	84
31.47	122
32.66	142
32.54	46
31.12	124
32.35	115
31.81	85
32.55	85
31.98	52
30.52	85
32.13	78
32.8	74
32.12	83
32.21	84
33.39	80
33.97	87
33.95	47
31.49	76
34.92	107
32.08	5
33.72	59
33.82	70
32.82	64
33.15	100
33.4	72
34.08	84
33.88	64
33.32	62
31.96	71
33.09	55
33.38	16
31.46	58
34.43	78
32.86	47
32	80
33.81	73
32.43	79
32.77	124
32.93	85
32.38	87
32.32	76
31.85	49
33.16	91
33.49	83
32.31	85
31.41	85
32.3	84
32.84	78
32.52	154
30.63	83
32.87	61
31.8	80
33.22	55
32.02	154
32.17	75
32.82	86
32.78	74
31.54	66
32.61	84
31.22	76
31.1	43
31.78	86
31.69	83
32.01	81
33.24	56
32.29	72
30.8	81
31.73	85
32.11	74
33.4	71
30.9	80
30.98	77
32.77	67
31.31	80
33.06	76
34.19	76
33	83
32.98	63
32.34	87
33.91	68
33.86	60
32.61	72
33.29	79
33.29	79
30.93	80
31.72	87
35.63	49
32.69	57
35.03	68
31.32	88
32.75	166
32.09	88
32.59	157
32.86	60
33.96	71
34.21	66
33.96	169
34.25	118
33.07	59
34.09	43
32.92	120
35	67
36.57	78
33.9	74
34.09	147
32.77	101
33.8	82
34.02	136
32.4	66
32.95	103
32.51	148
33.77	120
32.3	174
34.05	59
31.28	85
34.24	97
34.56	148
32.68	58
33.29	80
34.66	82
32.29	73
32.2	87
35.22	50
34.69	78
32.57	7
35.19	45
32.42	70
32.96	43
33.57	136
33.62	78
33.51	59
33.4	102
34.4	79
34.49	63
33.22	155
36.79	49
33.88	103
34.27	48
32.65	86
31.67	58
33.01	122
33.76	93
32.34	63
32.9	49
34.53	142
34.06	85
33.45	121
32.92	85
33.34	40
33.35	73
34.35	74
33.98	26
32.55	74
33.84	121
34.09	64
34.52	64
32.93	41
35.96	77
33.14	38
32.87	111
33.23	48
33.3	61
33.94	83
32.32	83
34.65	21
32.62	82
33.5	60
32.95	44
31.61	132
33.22	101
32.83	37
32.86	29
34.47	101
33.25	68
33.05	96
32.13	85
30.51	75
61.82	7
32.23	74
60.14	10
34.89	42
63.57	21
60.43	4
34.42	77
33.01	103
34.72	124
33.94	36
33.35	68
33.42	61
33.15	76
32.01	23
33.2	139
31.27	77
33.74	45
32.84	77
32.64	69
33.67	73
31.86	89
32.26	29
33.19	63
32.91	46
32.98	121
33.03	68
44.56	23
35.15	53
33.52	122
61.89	26
42.62	45
35.74	41
52.81	12
49.77	14
60.1	21
33.17	71
65.22	23
35.76	67
35.61	76
37.48	35
37.2	39
34.75	41
34.37	69
39.45	139
34.74	67
35.72	54
34.5	20
34.63	100
50.78	15
32.11	73
32.57	59
32.46	93
33.5	17
33.15	74
30.01	38
33.69	78
30.63	73
33.46	117
33.99	127
33.02	87
32.93	111
33.17	65
34.34	74
33.26	121
33.27	84
32.57	140
33.8	75
33.15	54
34.19	73
35.28	87
35.37	72
34.39	65
35.58	51
34.4	117
34.43	91
33.97	92
35.4	103
36.7	78
33.18	110
34.21	45
35.46	28
33.44	70
48.98	19
33.8	21
51.84	18
34.86	137
48.34	16
36.93	64
35.73	85
33.73	24
35.82	64
33.06	69
34.73	66
32.77	122
33.79	27
34.48	120
33.14	15
32.27	54
35.48	72
34.72	46
48.06	15
36.35	50
34.06	68
35.56	76
33.96	67
34.66	112
33.94	65
35.47	37
33.6	61
33.38	34
32.7	130
32.96	75
32.47	31
33.72	42
31.9	54
31.09	59
33.06	119
31.8	69
31.38	97
33.44	74
33.78	32
34.59	51
32.86	34
33.61	35
33.17	115
35.08	29
32.78	23
32.17	137
33.24	61
34.53	139
31.94	17
34.26	52
33.34	66
34.68	80
32.85	63
35.33	68
34.43	28
32.85	102
33.19	120
32.92	75
33.78	61
33.13	103
33.11	101
34.03	43
31.63	130
31.84	72
33.25	118
32.96	74
32.13	61
35.52	62
32.67	57
34.93	18
34.74	49
32.46	67
35.03	35
33.23	33
35.25	50
34.55	67
35.4	110
33	136
32.67	63
33.81	95
31.88	73
32.1	72
31.69	57
33.23	68
32.05	61
31.8	14
34.01	126
30.97	1
33.23	105
31.73	92
33.07	45
34.65	34
32.8	30
34.06	60
32.13	139
33.77	76
32.11	32
35.17	94
35.03	87
34.65	96
33.71	78
34.08	27
32.35	12
33.19	78
35.41	29
34.6	125
35.11	83
34.08	118
33.32	54
32.27	72
34.98	42
32.14	74
33.75	65
33	117
33.54	108
34.3	24
48.96	20
33.33	77
32.77	1
34.04	78
35.07	69
33.45	65
33.43	71
32.63	94
33.91	70
33.92	119
33.12	59
49.44	19
48.34	19
34.01	63
49.53	18
46.88	8
47.96	16
42.94	26
54.4	26
46.33	14
52.53	10
33.1	70
33.39	54
31.23	27
47.38	21
34.29	115
32.28	109
33.64	115
49.29	14
31.74	48
31.68	73
41.06	31
33.28	72
37.35	38
34.97	132
34.6	57
32.71	25
34.11	140
47.24	12
57.26	25
41.17	12
34.79	82
33.04	69
33.95	71
33.13	78
32.59	65
35.14	62
35.95	104
34.73	70
33.48	73
35.1	60
33.21	60
34.44	53
31.31	22
34.7	93
35.02	125
35.65	104
34.84	33
34.43	33
33.57	36
34.79	70
34.19	85
32.5	66
33.2	48
32.86	116
32.89	98
33.67	20
32.44	54
33.98	83
35.98	87
32.57	67
35.61	74
32.62	132
34.58	41
32.92	72
31.93	27
33.87	71
33.2	77
32.82	109
31.15	68
33.86	71
34.49	140
32.98	75
33.6	77
32.02	76
35.5	56
32.93	138
34.27	61
35.6	69
35.47	29
35.83	30
44.35	3
48.81	19
46.35	7
43.34	6
33.61	77
48.43	9
51.51	7
35.56	66
34.9	40
35.49	72
50.1	12
43.47	7
43.13	17
35.42	84
34.23	135
45.09	6
34.58	125
33.94	47
53.34	7
33.49	45
33.19	67
32.31	76
32.77	63
33.49	61
34.76	89
33.77	139
32.11	69
32.71	96
34.24	135
33.15	107
33.44	42
32.46	20
33.32	51
34.15	65
32.12	140
33.78	105
32.48	31
32.97	43
32.41	91
34.52	61
30.59	140
30.84	76
31.81	72
32.14	134
32.98	74
33.13	69
33.83	75
31.77	63
34.23	50
34.98	91
34.64	97
47.05	23
53.3	15
31.36	76
33.08	64
33.87	91
34.49	53
33.75	116
33.68	135
33.33	59
50.35	15
31.31	87
33.84	77
32.32	75
50	15
34.73	83
34.23	70
47.95	23
32.05	44
33.44	36
32.53	65
33.55	134
30.93	39
31.53	17
36.63	53
31.72	69
30.61	76
33.31	55
32.33	50
32.77	71
34.92	31
31.69	59
33.27	130
31.64	103
32.51	76
33.76	49
33.73	54
33.25	44
32	65
31.56	53
32.76	139
34.43	71
33.31	42
30.72	62
32.54	22
33.46	75
31.89	63
31.64	70
32.36	65
35.65	104
35.12	24
33.66	17
35.15	70
31.55	9
34.05	137
33.78	78
33.4	42
32.89	73
34.63	127
32.39	67
31.51	111
33.27	121
31.74	129
32.56	78
35.13	53
32.59	76
32.73	34
34.67	70
31.83	42
31.84	9
35.23	58
36.55	71
32.98	61
36.27	57
34.55	71
35.08	78
32.94	22
34.52	46
33.12	60
34.06	69
32.08	63
32.34	116
32.63	33
34.07	65
30.89	31
33.05	132
33.53	71
33.42	51
33.51	44
35.27	53
32.42	70
32.6	5
34.44	30
34.2	93
32.48	9
34.17	137
34.05	124
34.41	71
34.91	91
31.1	37
31.2	48
31.48	123
34.36	54
33.91	88
31.33	78
32.54	58
31.44	120
32.13	136
30.56	131
32.28	58
33.15	135
34.38	66
35.62	106
33.13	32
34.94	75
31.81	77
34.24	85
34.79	41
34.68	99
34.93	22
35.12	72
36.48	48
35.29	32
35.22	52
33.55	137
63.27	21
34.96	48
34.6	47
34.5	99
35.37	57
34.29	124
33.64	78
34.78	86
34.24	138
32.88	71
32.48	55
33.03	66
40.55	51
32.78	51
31.3	91
33.74	130
45.5	21
32.78	43
33.29	119
31.2	72
30.35	76
32.78	33
31.58	36
34.61	73
33.53	75
45.77	10
38.7	31
64.85	19
40.23	70
42.83	28
56.75	11
32.96	65
65.42	18
54.97	19
35.05	43
34.5	102
50.14	7
33.85	71
34.33	133
34.88	59
34.13	56
34.85	81
34.31	46
35.15	49
36.45	64
50.55	15
32.25	128
33.34	21
50.8	12
43.96	19
60.88	24
36.17	52
35.38	114
51.57	27
41.88	3
46.22	3
34.12	65
51.25	18
43.03	5
50.66	20
49.89	9
54.41	26
43.94	8
47.73	12
31.92	65
32.44	64
45.85	9
33.84	35
32.11	65
33.07	68
33.78	40
33.05	83
50	8
44.93	27
33.45	129
33.43	59
34.4	41
35.18	74
34.57	44
34.38	71
34.67	72
35.32	107
34.95	126
35.25	61
33.36	89
31.97	64
36.33	94
36.2	31
36.14	53
35.13	93
35.23	78
36.29	67
35.08	34
34.23	45
60	25
32.57	96
45.82	9
51.46	12
33.61	52
34.51	62
34.09	137
33.22	72
32.85	119
35	56
47.76	12
33.39	104
34.47	53
48.56	20
31.4	71
34.62	35
33.76	39
32.93	34
34.67	131
33.51	43
30.88	77
35.2	75
33.27	72
33.04	10
33.15	122
32.56	22
59.06	24
32.94	21
32.74	74
32.36	31
31.38	133
32.76	74
32.59	84
32.68	50
33.57	85
33.79	87
31.02	11
33.99	92
33.03	72
34.89	59
35.24	69
35.61	65
34.66	117
37.87	34
35.15	69
34.78	140
34.76	72
35.27	105
35.17	29
35.92	77
33.19	73
32.88	74
33.11	47
33.41	121
32.31	65
33.89	48
32.82	60
33.76	117
51.94	18
33.28	76
33.98	77
32.89	57
33.86	112
34.45	53
33.6	56
32.1	67
33.18	114
32.98	77
34.12	52
32.15	38
32.06	72
33.68	74
32.97	118
34.25	72
33.27	29
46.3	1
33.87	61
35.27	94
33.82	91
32.59	72
33.71	81
34.71	83
32.84	74
32.22	67
34.18	76
33.92	120
33.57	74
32.82	98
34.42	109
34.08	94
34.5	76
32.38	70
36.28	42
32.62	60
31.44	56
33.11	129
33.14	128
38.53	1
33.97	30
34.25	44
34.22	109
46.33	18
46.69	13
34.32	61
34.87	114
34.47	103
33.74	128
32.51	13
35.06	49
33.69	74
34.23	51
34.54	54
33.28	50
33.35	127
33.8	69
34.45	53
33.4	134
45.83	21
33.18	40
34.9	59
32.16	112
33.39	61
34.05	127
33.08	57
33.98	101
33.41	78
35.01	68
34.9	75
32.91	75
31.97	109
31.75	23
32.64	56
33.33	103
32.64	31
33.55	74
30.26	40
33.88	81
32.3	20
32.17	74
33.02	75
50.6	21
33.44	96
46.01	21
48.76	15
32.87	126
32.13	36
33.81	59
33.02	75
33.42	71
34.68	40
35.5	92
34.26	59
34.22	52
33.6	69
32.8	76
32.99	65
31.62	59
33.09	75
33.97	53
33.75	78
32.31	4
34.09	50
32.27	37
33.55	105
32.81	77
32.27	73
34.37	83
33.62	111
32.34	41
35.18	128
32.67	74
35.35	95
34.93	73
35.31	67
35.43	7
34.01	73
34.36	58
32.61	19
43.47	24
34	70
34.53	76
33.21	68
33.04	109
34.31	93
33.8	92
33.12	72
34.34	84
34.99	42
34.84	51
31.38	25
32.75	56
33.46	52
33.19	81
32.84	34
33.12	123
31.19	71
32.73	94
32.37	78
33.55	139
32.74	63
31.76	58
34.98	91
33.09	77
34.89	62
34.12	137
33.97	46
33.98	110
33.51	11
34.02	75
32.88	80
34.67	47
61.47	17
33.51	53
36.09	66
34.07	24
35.38	91
62.83	23
33.07	55
34.21	54
34.28	101
32.57	68
34.69	73
33.5	77
32.11	73
32.78	140
33.76	69
32.62	131
31.81	139
34.03	40
34.26	81
33.46	63
34.98	60
36.94	40
31.25	68
35.61	83
33.63	125
35.24	99
32.75	140
33.34	70
38.44	40
34.5	65
64.51	24
34.94	45
60.47	25
34.5	68
33.4	52
33.33	73
34.43	47
36.57	52
34.6	53
46.3	19
34.89	71
43.9	3
33.64	77
34.03	68
34.78	58
33.21	55
34.44	28
33.89	39
32.81	82
31.85	18
34.57	46
33.48	46
33.97	108
35.1	33
32.84	67
35.14	71
32.31	0
34.9	32
33.94	52
32.67	44
56.6	22
34.6	44
33.12	59
65.14	23
34.11	119
35.75	73
33.57	67
35.06	29
32.04	38
34.28	74
33.14	69
33.91	57
34.1	65
32.75	138
31.26	60
31.3	54
34.45	68
33.47	65
34.5	46
34.28	96
35.61	74
32.93	132
33.27	47
33.55	77
31.79	68
33.89	71
34.52	63
31.85	8
35.13	69
34.35	136
45.3	15
32.74	74
35.27	113
32.18	77
33.84	99
34.05	33
37.44	62
52.06	8
33.5	122
35.16	48
35.5	58
33.46	74
32.61	42
34.35	111
35.42	68
34.01	40
34.91	83
35.04	80
33.72	132
34.82	36
34.54	117
33.62	138
32.81	76
34.92	53
48.52	13
34.12	112
37.78	60
34.54	24
33.02	75
31.53	4
32.8	129
32.41	80
35.52	52
33.74	75
32.96	72
32.99	70
34.95	40
32.22	33
32.73	128
31.94	66
34.25	54
32.24	57
34.01	69
33.52	30
33.61	116
32.7	75
34.97	42
33.9	77
34.08	140
33.28	59
33.19	70
33.3	56
34.16	49
34.14	57
33.17	138
33.67	140
34.34	74
35.55	53
33	76
34.35	75
35.89	85
33.17	64
34.45	55
35.29	70
35.13	34
33.08	75
33.52	56
35.11	58
32.38	70
34.51	112
31.92	75
34.79	57
34.5	112
32.93	89
33.19	72
34.13	59
32.39	68
31.89	47
31.43	52
31.96	87
30.34	61
34.14	34
34.02	45
34.02	42
33.76	36
33.81	107
31.96	87
33.55	118
35.85	46
32.64	66
32.86	31
34.48	37
34.45	68
33.42	97
33.51	51
33.6	74
33.61	66
33.94	115
31.31	63
33.1	116
34.07	83
33.51	104
33.72	74
34.73	50
35.15	115
34.92	135
34.2	73
53.16	20
33.75	77
33.59	29
34.47	96
31.78	43
32.06	44
32.04	49
32.23	23
31.76	75
31.56	65
32.77	126
32.19	130
31.64	65
34.01	80
31.81	34
30.62	68
34.05	130
31.07	42
33.55	40
30.39	7
33.68	54
34.01	121
34.26	129
34.59	71
32.83	9
34.02	79
34.66	62
35.53	84
34.29	133
33.68	91
34.6	9
33.63	85
31.75	72
33.82	75
33.9	68
34.94	59
32.73	117
36.02	73
32.92	50
33.56	86
34.47	97
34.03	14
36.72	42
34.43	134
33.88	32
35.34	76
34.54	119
33.5	76
41.98	2
33.81	93
34.03	72
34.78	53
34.44	54
34.8	93
34.34	62
34.29	36
33.59	10
33.26	106
34.24	136
36.23	61
36.59	17
31.44	78
31.29	76
32.72	57
32.26	76
33.84	54
31.78	51
30.69	0
32.73	73
32.24	75
35.64	48
32.59	68
32.66	33
44.97	29
46.08	25
33.18	110
32.37	45
31.85	29
32.39	77
31.37	27
34.28	74
35.13	69
34.41	50
33.06	78
34.5	93
32.66	74
43.4	16
33.8	43
34.46	28
32.95	74
35.1	79
34.28	61
32.8	36
34.34	118
31.02	44
33.7	71
32.6	107
33.97	46
31.09	21
31.9	43
33.53	131
48.34	19
50.06	12
32.34	131
33.37	86
34.43	35
33.6	77
32.91	32
33.05	139
36.15	43
31.55	123
33.15	69
30.56	64
30.06	40
31.69	64
33.25	71
31.71	64
32.38	51
30.67	88
33.03	47
33.4	57
33.98	19
35.4	69
33.85	106
33.79	62
32.59	130
32.05	62
35.49	45
32.45	130
37.94	39
35.17	50
33.66	9
33.6	131
33.35	76
35.46	58
35.53	54
33.69	69
32.78	117
33.36	77
34.24	56
33.43	67
36.11	33
33.42	66
31.71	72
45.76	5
34.67	42
35.25	39
34.94	48
34.57	128
60.91	23
65.15	22
34.79	97
34.15	106
32.81	32
32.66	42
34.88	59
33.67	50
34.37	63
33.46	49
34.8	26
34.42	73
30.69	59
32.92	116
33.19	73
33.18	61
33.31	73
33.01	95
32.47	140
31.98	41
32.11	124
32.38	95
32.34	23
33.26	54
33.86	56
32.65	27
32.55	73
34.28	125
32.7	95
33.09	69
33.63	135
32.81	78
34.31	63
38.7	54
35.75	57
33.32	16
33.77	64
35.5	59
36.27	74
34.59	31
36.41	41
34.37	92
34.15	53
32.21	22
30.18	39
31.56	60
33.15	53
34.93	40
33.48	58
30.95	8
34.18	21
31.85	76
49.2	14
35.69	35
40.48	20
33.71	124
33.56	116
33.25	54
56.84	18
35.16	113
40.91	36
32.84	47
33.56	78
34.2	99
32.93	70
32.93	70
33.73	70
32.51	34
33.23	64
33.27	57
33.26	57
33.11	76
31.92	5
34.2	52
34.9	60
32.75	75
31.23	67
35.02	61
35.32	78
32.26	35
33.65	75
33.93	68
33.05	29
64.65	20
33.28	41
35.15	75
31.63	9
34.8	18
35.09	102
32.44	67
35.22	54
34.98	74
42.58	19
32.17	118
33.11	116
34.67	57
48.85	19
47.3	14
31.98	22
33.44	66
33.53	54
32.76	63
31.19	23
33.47	119
31.6	22
32.44	130
30.78	71
33.22	72
34.01	47
33.99	86
33.88	27
31.89	49
30.98	4
32.42	53
33.6	35
35.3	83
33.47	118
34.72	31
33.81	127
31.98	14
33.02	50
33.34	82
34.33	71
35.57	86
35.15	70
31.91	61
59.4	22
35.28	105
54.59	9
35.08	121
35.14	72
36.92	31
32.84	28
36.16	65
34.26	37
32.86	66
34.71	68
34.41	69
34.59	138
34.54	134
36.25	55
35.18	67
34.85	67
45.96	9
43.93	9
33.97	67
34.73	73
34.3	81
34.47	125
36.37	111
31.93	74
35.29	73
34.89	66
34.84	99
34.02	80
34.7	65
34.4	115
34.86	31
34.88	66
33.21	41
34.82	53
33.96	51
35.3	77
33.6	64
32.08	69
34.26	131
47.96	19
33.61	61
34.07	88
33.55	129
34.96	113
33.34	52
33.38	62
33.3	89
33.88	46
34.95	67
33.96	86
34.29	82
35.95	54
34.17	115
32.01	74
34.48	54
34.07	46
34.35	36
36.4	48
49.25	7
36.31	65
34.08	117
43.42	31
50.38	19
35.55	116
36.44	34
34.11	46
33.55	77
33.07	47
44.38	52
63.15	13
33.45	108
54.85	18
33.3	37
34.82	50
35.51	70
34.15	124
35.28	96
34.66	102
34.35	66
34.59	17
33.48	63
36.63	33
35.28	101
35.66	92
33.24	57
33.48	129
34.31	72
32.8	65
33.5	44
33.92	50
33.77	102
33.49	62
33.14	73
32.94	116
36.05	67
33.11	21
34.48	56
33.67	127
33.25	106
32.98	7
34.05	60
48.09	12
33.26	89
48.35	22
32.65	50
32.76	74
32.94	73
33.16	67
32.38	47
31.86	68
32.78	44
33.85	47
33.63	124
32.95	77
32.18	72
32.69	106
33.98	67
33.12	109
34.19	71
34.16	74
46.17	1
33.05	68
35.04	65
35.42	73
34.15	17
35.46	33
34.05	87
34.9	75
34.92	64
35.2	26
35.33	33
33.73	29
32.02	28
34.71	122
34.66	133
34.34	123
49.08	16
34.29	77
35.75	34
44.63	6
34.78	111
35.56	22
33.42	77
33.93	123
49.41	18
34.45	47
34.12	102
49.78	11
43.93	22
47.61	24
48.23	8
53.3	21
36.52	64
34.94	78
35.15	56
33.3	56
35.31	56
32.86	89
34.59	66
34.69	50
32.39	72
37.57	42
32.72	107
33.53	87
30.29	70
35.71	56
35.25	125
49.16	14
36.31	98
34.76	61
35.5	97
30.93	1
35.16	74
33.3	69
34.57	133
33.31	120
35.35	67
34.6	58
33.05	137
33.35	99
32.78	78
33.85	83
33.07	138
33.56	51
33.6	18
35.06	111
53.41	5
48.83	17
46.21	2
44.26	6
34.48	101
34.66	71
33.96	46
35.26	95
33.24	108
32.34	60
34.86	12
34.82	70
33.02	115
31.56	10
32.56	58
34.77	78
49.45	20
34.61	118
33.89	50
33.43	68
33.7	121
35.28	32
31.17	71
34.83	134
33.53	17
34.23	39
36.67	49
34.61	47
35.47	97
41.94	11
46.9	4
43.73	13
34.52	39
34.21	67
34.64	77
48.34	19
35.18	68
36.56	60
36.42	51
50.22	12
32.96	75
45.17	3
48.21	7
32.91	73
34.45	137
48.5	2
49.82	21
34.1	93
34.73	46
35.77	101
35.5	77
34.42	75
34.49	53
33.89	53
33.73	53
33.94	133
33.71	50
36.52	33
34.25	39
34.22	125
34.42	49
33.72	74
30.9	29
32.87	30
46.39	26
33.61	40
33.75	137
33.23	88
33.36	47
33.45	76
37.46	62
32.71	24
32.73	77
34.36	39
35.18	34
35.12	27
35.3	22
33.44	74
34.26	78
34.75	68
32.94	75
33.11	57
34.96	57
35.47	103
34.81	55
30.92	13
32.23	38
32.23	38
32.42	72
33.26	81
31.65	39
33.1	66
32.73	43
33.16	79
32.53	50
31.88	118
33.15	68
32.24	66
34.59	57
34.51	115
33.65	72
32.55	35
32.73	64
33.86	39
34.59	77
34.11	105
34.18	54
33.64	74
33.04	59
35.38	55
35.57	74
34.18	76
34.78	77
34.3	30
36.37	62
49.59	17
32.92	76
34.21	30
34.76	37
33.39	65
35.68	70
40.34	53
44.25	17
35.14	59
33.42	43
34.03	122
32.6	77
33.91	72
32.59	25
34.98	44
48.32	19
33.5	117
33.25	80
35.31	53
37.67	43
34.23	73
34.2	70
36.78	9
32.32	78
49.07	24
32.33	74
32.93	25
33.85	72
40.12	20
33.96	76
33.58	77
35.02	32
39.03	35
35.05	139
33.76	130
34.83	24
34.39	36
32.68	72
31.61	56
32.24	74
35.55	66
33.47	68
33.67	69
34.75	92
31.06	74
34.56	69
32.1	116
34.74	41
32.69	69
33.47	104
32.09	78
50.27	21
35.95	31
33.47	52
33.77	129
33.05	15
35.23	34
33.25	52
30.68	72
35.53	54
33.32	96
33.93	19
33.38	77
33.98	54
31.88	73
33.1	119
32.68	127
31.59	74
33.14	74
33.52	139
33.01	104
34.63	66
34.44	133
32.36	126
35.57	63
33.55	61
34.19	67
35.1	49
32.6	78
34.81	123
33.71	66
34.6	62
35.37	27
34.69	39
31.93	74
34.51	47
31.51	76
34.57	27
32.64	75
34.02	47
35.12	69
35.42	51
33.21	37
32.42	67
32.38	28
32.55	71
33.41	136
44.75	28
46.76	22
33.24	70
30.47	58
31.16	78
32.74	21
32.34	52
34.22	73
34.4	61
32.95	71
34.81	27
34.42	73
31.12	61
33.81	117
33.76	56
33.73	10
35.25	72
32.83	95
32.28	60
34.99	27
37.02	32
32.31	49
36.13	43
31.76	73
32.31	56
33.84	123
34.44	82
34.32	121
34.37	70
50.15	3
34.41	67
34.24	61
36	60
33.82	69
44.82	7
33.09	67
34.43	58
66.78	23
34.43	75
35.02	51
32.29	75
52.94	16
62.63	24
35.94	73
34.05	85
35.26	71
32.33	4
31.13	72
34.35	36
34.43	112
33.63	128
32.15	55
31.13	72
31.9	74
32.92	77
34.1	67
33.18	58
32.84	53
34.5	112
35.04	68
35.47	51
32.03	76
33.25	61
33.14	58
34.75	85
32.8	31
32.27	75
33.89	124
32.8	45
34.24	78
34.17	97
33.14	71
32.06	29
31.94	70
31.92	131
33.05	135
50.35	2
50.32	10
52.35	16
65.4	19
65.89	12
41.87	22
64.55	24
64.1	5
54.5	8
34.38	133
32.43	63
32.83	90
32	73
32.34	70
33.25	63
31.52	67
33.59	70
37.52	43
32.36	65
34.49	84
32.83	76
33.74	138
34.69	138
50.47	14
33.45	70
50.38	10
32.48	126
33.35	75
32.57	78
34.81	73
33.35	133
32.8	45
32.63	69
33.28	68
33.07	70
44.54	18
32.75	54
33	75
42.52	19
31.75	65
30.56	62
34.46	56
32.16	31
32.07	73
31.78	47
33.34	111
32.57	81
31.77	16
33.82	60
33.18	60
33.29	68
32.13	55
35.69	41
32.57	64
35.59	75
32.82	59
31.94	74
33.29	77
33.94	78
34.1	59
33.86	139
34.15	119
34.38	76
34.38	76
32.28	38
33.55	105
33.43	72
33.52	122
34.12	40
33.26	28
31.06	0
34.15	72
34.3	56
31.7	18
32.54	106
32.89	109
32.92	71
32.85	75
32.7	68
32.36	72
33.26	24
34.49	39
34.51	68
34.85	91
33.71	62
48.73	11
32.4	51
52.02	5
62.25	18
33.65	127
34.62	69
35.9	56
35.62	140
35.64	55
36.2	59
33.42	101
33.92	24
35.49	66
36.6	47
34.69	67
32.44	54
33.86	137
32.79	61
32.19	112
34.33	81
34.65	69
33.48	71
34.79	5
32.56	19
33.46	69
34.34	57
34.44	136
34.4	53
31.41	129
32.77	56
32.98	86
52.55	20
48.92	19
34.26	55
33.67	111
33.38	32
43.1	23
32.21	55
32.93	99
33.18	73
32.63	128
33.48	57
31.6	54
32.93	78
32.1	55
31.46	49
33.3	48
35.26	49
31.33	59
34.4	74
33.85	80
34.61	109
34.68	67
33.34	62
33.1	72
34.84	50
31.86	27
31.82	77
33.17	72
31.94	56
33.86	72
34.61	70
34.55	118
33.9	63
34.11	132
32.32	41
33.95	96
53.27	9
34.32	64
55.98	18
34.68	125
33.57	31
34.26	71
32.63	76
32.74	60
32.21	41
48.09	19
34.47	45
34.07	35
33.99	140
35.32	33
33.99	64
33.8	69
34.5	52
35.42	106
34.53	50
34.59	74
34.76	53
34.11	98
34.55	109
33.74	120
33.82	60
33.29	120
33.98	62
32.44	72
35.64	56
32.5	13
35.37	67
51.44	22
35.96	56
48.05	17
33.87	72
34.51	73
34.8	45
33.35	108
33.36	50
30.46	17
33.59	54
33.64	99
42.24	30
32.13	33
33.55	125
33.89	73
33.04	72
31.8	64
38.63	46
35	50
33.7	30
33.55	78
51.84	19
34.94	101
34.21	115
47.95	5
46.28	14
32.64	72
32.39	28
31.47	116
32.05	19
32.34	43
46.35	19
31.89	70
33.8	128
33.01	49
31.58	75
31.42	56
30.64	36
32.24	60
35.05	109
35.02	36
32.02	140
33.09	90
48.39	14
32.88	128
32.37	14
34.38	58
42.82	3
33.39	54
35.22	83
51.43	20
33.22	77
48.81	9
53.2	2
34.35	48
35.88	94
36.26	55
35.84	61
34.48	63
42.89	8
35.94	65
33.81	80
35.13	70
34.85	30
52.28	8
32.39	49
35.43	76
32.17	76
32.19	41
34.85	31
34.56	68
33.28	29
50.21	12
33.63	43
35	45
33.63	62
33.02	109
32.22	105
34.01	50
31.76	42
33.34	69
33.4	89
33.02	92
34.11	57
30.26	13
33.97	116
33.85	74
33.94	49
35.06	53
33.34	61
33.11	49
31.56	35
32.37	85
32.83	54
32.62	118
32.78	77
30	53
31.18	23
33.28	45
33.44	58
34.97	55
34.51	73
33.27	27
33.49	58
32.71	120
33.58	98
32.8	87
34.14	51
34.99	40
34.26	59
33.93	41
33.26	26
36.53	48
33.97	76
33.66	91
34.26	69
33.44	71
33.78	136
32.59	35
34.41	126
32.2	33
32.26	54
32.8	120
32.72	67
33.75	21
34.64	41
32.36	36
34.11	64
34.67	51
34.27	34
31.48	120
34.68	69
32.69	57
33.4	54
32.82	114
33.02	20
32.61	76
34	61
33.6	98
32.2	61
33.22	71
31.17	78
32.41	20
34.31	42
36.16	36
34.61	53
33.79	135
34.44	78
33.85	116
32.9	67
35.74	106
33.13	121
34.09	71
33.81	109
35.79	51
35.68	55
32.34	21
33.72	76
34.23	75
37.51	2
47.98	14
49.28	17
33.94	74
34.77	97
34.88	44
32.68	78
33.26	68
34.09	68
35.19	76
33.68	30
33.65	61
34.08	106
33.83	18
34.6	33
32.38	69
34.38	48
33.67	77
32.74	60
32.59	63
32.03	119
33.64	47
34.23	54
31.51	52
34.23	53
34.66	49
35.2	94
33.19	117
33.45	71
33.29	78
35.6	73
32.41	17
100	0
62.16	22
34.66	63
35.76	53
31.67	3
34.09	65
32.93	72
33.45	140
33.11	72
33.57	71
32.84	49
34.32	74
32.65	56
34.09	31
31.24	2
32.9	128
36.28	31
34.44	58
34.31	34
32.61	9
32.96	74
33.33	98
61.39	22
32.5	76
32.13	65
33.59	73
33.99	52
51.43	20
34.44	57
32.48	122
34.7	59
32.84	62
33.54	78
45.64	12
35.09	35
34.59	87
32.44	46
30.16	13
32.61	62
33.93	59
31.12	69
33.13	69
32.48	54
31.51	110
33.89	108
33.96	104
41.36	26
49.86	19
44.25	20
33.35	60
32.63	72
35.26	54
32.97	49
33.28	122
31.75	23
33.31	62
32.34	116
32.58	61
34.77	28
30.85	53
31.27	117
33.73	68
33.09	41
33.07	74
31.35	78
35.86	39
33.22	81
34.83	46
33.33	117
33.67	139
30.68	53
34.48	53
32.63	107
33.84	77
33.06	68
33.36	62
30.98	63
32.64	56
32.35	120
32.48	10
33.44	71
37.03	33
31.22	68
33.8	43
31.05	71
32.55	62
30.59	5
32.22	46
31.84	70
31.83	73
35.65	72
33.79	98
33.18	64
32.89	66
32.78	42
33.5	52
45.53	10
48.15	5
44.19	18
48.43	19
45.03	25
32.66	132
50.21	13
51.44	13
48.75	13
32.89	50
31.27	21
33.33	67
32.87	89
33.85	37
34.93	87
34.28	33
30.6	19
32.78	121
48.65	18
32.18	69
33.51	55
33.58	101
33.65	9
35.62	101
33.77	117
33.86	65
34.86	137
35.85	44
31.44	73
34.17	97
33.29	138
32.89	132
33.03	60
32.53	74
34.28	26
34.91	97
34.99	98
34.01	75
30.82	2
33.23	101
33.85	17
33.71	74
32.67	59
32.71	23
43.86	27
30.82	71
33.57	77
48.05	17
33.06	70
33.7	84
35.57	46
34.32	67
34.74	46
33.16	128
34.64	83
34.95	99
33.96	66
34.41	71
34.62	52
32.91	77
32.54	116
33.07	61
34.88	28
30.92	53
33.45	125
32.89	64
33.11	34
31.78	75
33.91	108
33.73	68
33.28	64
33.72	116
33.51	29
35.72	81
34.55	33
33.02	110
33.5	43
33.2	74
33.95	63
33.42	71
33.85	58
33.19	29
33.52	73
33.51	31
33.58	68
31.99	21
31.62	12
34.27	52
33	56
36.18	44
32.52	116
34.98	28
30.92	53
32.69	62
33.45	125
32.92	64
33.51	65
32.56	121
32.3	67
33.16	109
32.76	53
34.55	64
34.27	85
34.27	85
34.27	85
35.76	77
34.12	57
35.73	35
34.27	85
35.76	44
33.09	27
33.3	12
33.91	69
32.33	74
33.71	79
34.42	62
33.74	74
33.15	34
33.96	71
34.26	92
33.94	61
34.22	131
37.44	48
33.85	44
33.68	15
32.86	77
34.23	108
35.06	52
35.53	75
33.85	123
33.78	117
35.17	46
33.08	71
33.71	46
35.01	109
33.36	15
35.09	28
33.49	45
34.21	73
33.2	54
33.94	54
31.98	69
31.65	135
32.21	78
32.62	57
33.93	68
31.7	15
34.1	81
32.11	56
32.37	51
32.07	58
34.19	119
31.4	65
33.48	5
32.32	26
33.67	56
33.49	62
32.09	63
34.03	57
34.64	54
33.03	78
34.04	125
40.05	49
39.86	53
35.8	69
32.29	64
34.19	100
32.46	68
48.68	0
32.59	44
33.68	106
35.75	67
35.58	76
35.68	73
35.92	64
34.25	33
34.14	79
36.11	42
34.24	53
34.84	64
31.52	37
31.69	57
31.18	18
32.77	76
32.78	56
34.32	69
32.08	78
30.41	3
32.66	131
33.73	64
32.88	60
34.31	77
33.87	19
33.81	93
32.5	103
35.75	87
33.76	75
33.19	82
34.52	27
34.5	78
32.64	67
34.99	65
31.46	75
34.35	41
37.01	59
35.46	64
34.73	67
33.43	24
33	25
34.88	61
32.38	78
34.75	52
34.61	90
36.03	49
35.4	50
31.82	21
34.37	21
33.12	91
33.8	56
33.74	106
33.75	73
34.84	69
34.46	124
61.74	25
32.08	36
35.49	52
35.09	74
62.29	19
34.38	32
34.27	73
36.15	55
48.84	20
34.36	69
34.93	71
34.67	57
48.54	15
37.11	62
37.49	25
37.77	33
36.02	59
34.92	51
33.47	104
34.3	113
32.88	55
32.73	74
34.4	60
33.82	80
33.6	82
32.51	59
32.63	64
33.17	21
34.91	51
43.01	19
34.24	52
32.94	69
35.07	57
34.21	100
33.13	52
35.71	56
34.02	98
33.12	59
34.03	29
30.07	46
33.98	70
34.71	30
31.64	69
33.63	102
32.33	76
34.42	88
34.15	29
49.39	47
43.77	99
53.01	6
34.52	24
34.45	43
34.03	23
34.21	70
46.18	4
34.64	127
32.23	14
32.44	70
32.17	133
34.14	73
34.25	74
34.25	74
34.25	74
33.15	50
32.57	75
34.25	74
35.59	73
33.47	57
34.62	94
34.18	78
35.24	97
34.7	131
36.86	62
34.91	116
33.44	30
34.29	68
33.07	77
33.64	60
49.59	21
32.05	54
32.63	78
33.43	59
30.48	59
37.45	43
32.12	13
33.52	116
31.56	67
34.75	29
42.51	13
43.49	15
35.58	70
33.94	72
49.34	6
36.03	53
42.77	3
49.58	18
43.52	3
34.47	117
33.38	97
31.7	38
34	46
32.31	73
33.5	99
32.31	73
33.45	68
34.15	59
34.22	60
35.77	66
46.87	28
34.9	64
33.76	25
33.97	63
33.63	59
35.43	57
34.63	57
34.59	73
33.14	67
35.17	76
34.51	72
33.94	113
31.6	75
34.69	46
34.23	48
34.03	66
34.18	75
35.47	85
32.84	32
31.69	49
33.39	84
34.81	49
32.38	61
33.39	71
32.77	76
32.75	39
32.66	63
33.33	16
33.83	70
35.17	61
30.81	72
33.32	138
33.9	38
33.32	57
33.1	46
35.11	136
32.16	54
33.55	64
32.66	103
33.65	25
34.53	51
31.43	66
34.05	99
35.66	46
34.34	90
32.01	57
36.96	15
34.17	66
33	115
31.97	67
32.42	134
32.03	71
32.29	65
33.42	139
32.93	46
33.82	52
33.14	9
34.3	69
34.94	127
33.44	83
33.59	118
32.29	130
33.19	122
32.9	62
33.4	43
33.02	74
33.52	72
33.04	41
47.81	9
51.6	20
54.21	26
51.09	21
40.36	8
48.34	15
50.97	5
48.93	23
50.61	21
56.06	24
50.23	5
34.03	59
48.56	19
50.26	17
33.13	58
34.65	125
33.64	77
33.71	80
45.23	8
48.52	18
32.41	41
33.63	124
33.02	21
31.74	74
34.21	81
34.87	62
32.67	65
32.97	72
31.39	76
34.33	124
32.45	41
32.75	33
31.78	68
32.07	122
32.85	58
30.76	69
32.22	74
34.02	86
32.14	140
33.26	6
32.5	68
32.53	78
33	72
31.92	71
34.72	35
33.29	110
35.46	59
33.02	72
31.67	54
33.92	77
33.62	122
34.39	70
32.21	64
34.12	136
35.96	40
34.63	108
32.12	134
34.47	72
33.89	65
33.65	44
31.48	27
34.17	80
35.11	53
34.55	53
34.52	74
32.26	78
32.15	66
32.79	58
31.56	77
33.07	61
33.99	120
33.71	130
33.46	107
34.44	70
32.73	43
32.09	132
31.46	26
32.3	99
34.22	45
57.55	24
31.09	65
32	62
33.46	74
32.72	61
31.31	71
45.25	18
32.67	72
33.7	112
35.72	49
31.26	94
32.17	73
31.37	31
31.97	61
32.11	94
31.54	137
30.93	36
31.18	72
34.69	54
32.4	63
34.56	58
33.27	55
33.68	72
34.39	64
31.59	11
34.87	48
34.83	54
30.89	47
33.46	65
34.56	54
34.94	48
31.89	30
31.71	62
48.07	19
33.14	66
51.02	21
50.63	22
31	72
30.82	69
32.35	111
34.22	69
46.56	19
33.03	75
38.73	6
34.51	13
34.59	51
33.73	54
47.11	19
35.51	68
33.73	52
33.88	63
35.56	70
33.39	127
34.13	70
33.55	65
33.35	116
33.87	71
33.77	119
31.48	3
33.96	49
34.96	32
32.87	94
32.36	78
32.79	24
33.34	60
32.47	77
32.43	77
30.5	59
34.44	73
33.01	119
30.77	77
33.87	68
33.28	58
31.25	74
32.69	112
32.06	140
33.38	72
31.9	77
34.43	43
33.78	75
34.71	63
34.37	66
32.23	78
34	50
33.59	52
32.71	102
33.2	67
35.03	131
32	54
32.47	116
33.03	61
35.13	28
30.97	53
33.17	64
34.62	36
33.16	74
33.73	68
33.29	109
33.65	59
31.77	59
32.82	39
33.22	74
32.19	55
34.4	62
32.27	87
33.52	80
33.85	35
34.05	59
34.49	63
35.58	62
35.38	71
35.19	122
32.53	67
32.39	63
35.08	58
33.93	25
33.35	77
33.14	62
43.32	12
33.25	77
33.54	65
33.45	73
32.31	37
31.01	5
34.53	56
33.41	31
30.62	77
37.8	27
32.96	113
33.25	14
48.26	5
34.46	78
33.86	131
34.81	74
34.59	77
31.86	1
33.66	14
34.3	61
34.17	88
33.27	79
31.43	23
43.49	26
32.85	131
33.19	58
33.89	122
31.87	65
32.38	99
33.05	46
33.89	57
33.19	75
34.51	88
33.43	125
33.03	55
32.68	116
34.06	53
33.86	57
33.33	45
34.9	77
35.31	49
34.83	82
35.11	85
33.01	77
34.4	63
33.55	37
33.09	35
34.89	57
35.85	70
33.27	67
33.19	48
33.12	58
33.85	18
31.4	72
30.84	4
31.83	21
32.59	60
32.89	63
31.8	54
34.02	37
31.26	2
34.03	41
33.75	55
31.48	78
32.57	74
33.97	34
33.21	129
32.33	68
48.56	23
50.32	15
32.41	57
33.65	40
45.5	23
40.84	31
34.8	54
33.28	64
35.02	132
32.86	12
34.4	5
48.73	5
35.38	101
34.01	46
35.02	104
33.43	120
33.56	39
33.07	78
33.14	71
35.17	98
32.27	67
32.73	69
31.5	129
32.49	131
32.84	58
36.11	59
42.16	14
48.66	15
33.98	90
35.53	6
33.52	75
33.68	74
32.69	61
31.61	74
32.22	86
34.8	35
34.23	74
32.29	27
35.07	67
34.67	51
34.52	74
33.31	121
33.03	58
30.11	16
33.5	70
32.68	85
33.86	102
31.61	5
34.8	94
34.05	65
33.56	121
34.62	48
33.92	52
33.71	59
32.78	72
49.56	9
35.11	47
35.03	94
31.97	76
32.97	73
34.1	129
48.78	19
53	18
31.44	45
33.77	65
32.84	50
31.89	60
31.63	34
32.48	76
32.78	61
32.74	117
33.35	26
32.08	77
32.63	53
32.27	74
35.56	49
34.06	85
30.94	66
31.67	18
31.52	24
31.21	75
31.7	64
35.46	59
35.88	65
34.43	69
35.1	63
33.09	123
34.23	104
33.72	61
32.94	132
31.94	74
34.46	17
33.03	55
34.18	53
32.15	16
32.64	86
33.07	76
30.57	6
33.02	30
40.8	17
33.41	83
34.18	52
34.09	75
34.84	29
34.91	82
34.5	75
34.67	75
33.93	60
35.82	63
30.86	5
32.32	5
33.8	72
33.38	70
44.05	5
34.17	57
33.51	77
34.03	67
33.77	62
34.76	73
33.93	30
34.7	139
34.51	86
33.96	55
33.42	65
32.22	45
33.32	129
35.01	46
34	77
33.93	53
32.89	64
32.88	88
33.97	66
33.12	124
33.68	114
33.7	114
34.42	70
31.06	20
34.18	126
33.22	93
33.81	52
33.04	54
32.76	74
34.45	68
36.16	85
34.2	67
33.38	41
34.89	51
32.09	77
33.82	73
33.59	33
33.61	55
34.84	35
32.78	121
32.26	76
35.05	114
32.22	57
33.31	128
35.09	121
33.51	133
33.63	134
32.77	78
34.21	56
33.72	118
32.38	137
33.05	1
32.28	43
35.61	53
35.02	30
32.3	69
33.11	106
34.08	68
32.87	78
35.11	137
33.82	24
33.42	136
32.81	53
34.66	54
32.19	53
32.03	63
34.34	116
35.15	77
32.83	126
31	31
32.34	87
33.08	59
32.49	20
31.14	39
32.51	131
33.17	58
32.06	131
33.47	124
33.84	62
33.31	23
33.42	133
34.09	26
35.26	71
33.59	39
33.6	28
35.16	99
35.14	81
34.2	76
34.01	71
33.29	38
34.5	62
32.8	70
35.43	86
34.07	91
33.42	42
32.34	75
31.18	74
34.62	105
33.07	38
34.51	72
33.26	125
34.36	62
34.57	70
35.56	54
34.67	26
33.72	124
34.26	104
34.93	53
33.75	76
34.19	61
34.61	71
34.11	64
34.73	62
33.45	118
31.98	121
33.18	66
34.5	64
33.18	64
34.61	71
34.1	73
35.61	72
34.01	65
49.52	14
48.01	4
32.23	111
33.22	135
32.42	0
35.48	52
33.1	52
36.17	51
35.83	15
38.24	17
33.85	57
32.94	76
34.28	44
33.92	132
31.77	26
32.89	61
34.41	27
34.76	125
32.82	18
34.37	74
34.72	119
45.85	20
33.82	40
34.55	49
34.53	90
35.1	78
35.2	29
33.35	34
32.75	63
45.05	19
37.9	11
33.8	117
34.58	132
37.12	41
31.39	78
31.96	123
33.4	111
32.36	68
49.64	24
50.19	17
46.61	19
32.59	74
33.25	136
33.23	74
32.42	76
31.79	9
33.07	113
35.45	34
60.38	21
35.52	93
35.08	101
33.38	62
34.38	45
33.93	17
33.06	28
31.56	68
34.27	51
33.82	140
34.31	74
33.23	49
32.95	125
33.08	23
33.4	74
34.64	72
33.86	72
33.76	42
33.46	59
47.28	20
46.25	12
43.19	27
32.62	59
53.18	15
52.51	15
47.27	13
46.91	31
33.93	57
42.44	2
58.78	21
35.31	44
32.82	53
33.84	44
34.67	131
32.96	53
49.47	16
32.81	53
35.3	50
34.75	69
34.04	47
35.32	73
34.59	130
45.94	20
35.22	59
34.76	109
34.44	22
48.8	13
35.2	77
31.43	21
35.63	75
35.41	133
49.75	13
35.83	36
50.77	8
34.24	53
47.14	19
34.61	49
33.52	63
36	30
35.37	113
33.89	56
33.19	116
34.6	53
34.92	73
32.15	19
32.03	78
47.33	17
49.59	21
32.95	75
33.27	42
32.53	69
33.31	44
33.22	86
32.7	52
33.28	115
30.65	18
30.35	4
33.81	44
34.24	102
31.48	74
33.94	70
34.22	110
32.3	62
32.07	73
33.41	51
34.63	57
33.88	139
33.63	75
31.65	31
32.83	121
34.14	56
33.47	55
34.84	54
32.21	63
33.17	53
33.28	62
33.76	74
33.09	33
33.34	94
42.73	10
32.54	71
30.62	74
34.44	29
34.3	46
34.84	76
32.85	76
32.85	76
33.8	43
32.67	74
36.44	97
35.38	35
33.47	74
32.61	65
32.46	136
33.38	98
34.88	108
34.15	73
33.79	93
34.21	74
35.18	60
33.75	97
35.38	103
33.93	40
33.63	99
34.97	60
34.17	78
34.19	5
50.76	23
32.43	68
34.68	58
32.11	56
34.29	60
33.66	50
32.6	136
35.62	111
42.73	27
33.98	93
34.86	63
30.53	13
31.52	60
32.76	35
30.26	72
32.29	22
34.1	66
54.3	26
31.21	55
32.79	106
31.91	68
33.2	38
35.84	43
44.99	1
51.02	22
32.94	53
35.28	34
32.05	71
34.37	90
44.03	27
44.36	8
50.35	21
39.95	13
49.77	27
40.41	15
31.81	43
33.64	71
33.75	60
34.07	95
43.61	27
51.75	19
34.98	59
65.8	23
31.8	63
42.9	6
37.46	70
35.73	27
46.63	7
49.78	14
34.3	117
34.93	121
33.42	69
34.24	114
31.65	14
33.39	122
33.71	77
33.31	65
33.84	55
33.14	15
34.3	95
30.05	42
32.97	68
34.32	36
33.86	56
32.74	39
30.56	23
33.1	61
33.66	128
32.31	50
33.37	104
36	78
33.88	28
34.41	75
34.9	10
33.46	43
34.07	23
42.76	15
36.55	40
36.13	60
43.5	4
49.28	21
44.78	24
35.42	52
32	29
32.65	34
33.41	140
51.05	20
34.76	49
33.94	58
32.46	56
45.11	8
50.23	21
50.76	24
52.78	18
49.29	17
50.57	14
32.06	73
46.75	21
33.68	71
42.78	27
30.84	48
30.42	42
32.19	23
34.65	84
33.06	47
32.72	59
34.08	83
31.22	33
32.32	37
32.8	51
31.25	13
31.63	51
33.45	86
34	111
35.58	74
34.35	44
33.25	61
32.56	67
33.79	70
33.25	65
35.6	39
34.64	70
32.04	43
33.89	76
32.82	35
31.84	41
34.08	28
33.31	61
35.03	81
33.49	81
33.59	72
33.48	71
33.78	68
36.09	48
33.32	40
33.06	33
33.81	48
33.33	53
32.4	77
32.74	50
33.38	42
33.86	134
33.7	116
32.64	63
33.92	62
32.55	62
32.72	56
33.38	74
32.85	83
31.76	64
35.53	57
32.96	90
33.17	58
33.96	98
33.71	68
33.79	92
32.01	60
31.56	72
34.64	124
30.04	12
33	100
33.11	58
34.16	28
34.27	89
33.84	58
31.25	78
32.34	25
32.35	73
33.01	64
33.37	48
30.58	11
32.05	39
32.09	75
34.42	88
33.89	34
32.56	76
35.3	61
34.66	54
30.84	36
34.97	48
31.63	22
33.76	72
32.64	87
32.68	63
32.88	117
35.09	44
34.11	67
34.27	68
34.15	51
34.11	108
32.76	74
32.84	117
33.32	121
30.43	35
42.76	3
34.9	67
33.36	70
33.73	78
32.77	74
33.41	76
36.51	97
34.58	60
33.52	93
46.78	13
32.6	9
35.44	106
33.91	100
33.03	64
34.45	76
33.23	45
33.73	73
32.53	137
32.64	33
33.96	43
31.66	93
34.96	67
32.62	53
30.88	75
32.32	34
32.02	78
31.78	74
40.88	28
46.68	20
44.81	27
32.71	64
33.79	129
30.89	19
32.58	76
33.98	40
31.49	39
30.02	25
34.4	75
32.42	60
31.78	70
33.07	46
33.71	68
32.93	62
32.88	66
36.31	43
35.02	70
31.51	76
35.25	46
34.9	32
33.94	95
32.17	110
42.59	27
47.27	18
34.96	55
32.9	63
34.74	43
33.97	69
33.69	66
35.59	74
49.54	19
33.38	140
34.18	139
32.97	77
54.19	21
34.62	65
32.45	5
34.2	72
32.92	25
33.69	77
34.07	114
47.73	17
40.93	15
33.71	76
43.56	1
32.79	22
47.48	16
32.05	69
31.63	61
33.04	74
34.33	95
32.78	68
31.17	78
32	102
33.5	61
32.9	73
33.43	75
32.94	63
31.02	62
33.23	66
34.75	42
32.97	118
34.05	53
46.77	18
32.78	54
30.88	136
34.29	37
37.22	71
34.32	51
34.31	66
34.78	42
35.78	71
35.93	56
35.75	15
34.39	47
35.14	29
34.33	29
33.48	78
33.74	77
33.88	137
33.78	36
32.79	104
61.68	22
34.22	132
34.22	111
34.02	72
34.27	39
31.45	76
34.96	65
35.36	95
33.06	76
34.89	56
31.17	65
33.3	63
32.55	131
34.72	99
32.8	38
33.76	129
34.07	97
34.89	67
34.67	65
35.69	72
33.33	51
32.28	67
35.49	57
31.61	67
43.68	20
34.53	74
33.9	77
34	61
32.87	67
34.44	56
31.25	14
33.04	65
34.65	94
32.32	75
32.32	1
35.56	76
33.78	45
32.8	26
32.32	1
34.07	102
34.5	57
35.53	29
32.75	46
34.33	65
33.47	102
31.59	72
33.78	32
33.01	15
34.52	74
34.08	68
34.05	73
34.4	70
32.86	61
30.6	76
32.95	31
32.74	46
34.58	58
33.22	20
30.71	67
30.71	67
32.32	35
32.52	76
32.6	69
34.37	110
32.68	95
33.42	71
33.54	62
36.07	54
33.77	51
33.46	65
33.55	106
32.5	62
30.48	25
36.39	51
31.81	53
32.15	113
31.18	58
33.96	40
33.42	73
34.21	20
31.93	71
33.45	106
34.34	54
31.28	87
34.02	57
32.49	88
34.66	88
31.8	88
33.86	61
32.68	174
32.04	74
31.56	86
34.23	67
33.28	53
33.03	121
32.85	77
33.14	71
31.25	85
31.71	84
34.75	70
32.51	56
31.64	80
34.43	71
32.56	34
33.28	72
32.4	66
33.26	74
33.18	115
33.55	84
31.85	88
31.85	55
31.25	86
33.67	29
32.34	78
31.96	75
31.42	75
34.65	66
33.49	74
33.25	78
32.88	40
32.07	108
50.5	9
31.85	84
31.45	28
32.78	87
32.46	63
32.99	62
32.91	79
34.39	70
32.96	76
31.78	88
31.88	56
31.52	85
32.87	88
31.8	86
32.58	83
34.93	75
33.72	144
33.34	78
33.3	54
33.4	69
34.22	78
33.61	94
33.32	73
34.14	83
31.85	88
33.47	86
34.35	74
33.8	48
34.46	68
32.07	80
32.27	88
33.35	86
34.31	57
34.58	62
33.91	72
31.72	85
31.88	88
32.39	19
33.44	81
31.82	14
34.07	65
31.89	76
32.8	55
34.19	47
33.57	82
32.5	55
33.72	84
32.87	78
32.87	69
33.72	84
32.23	68
33.85	52
32.43	83
33.1	78
33.64	168
34.13	65
33.36	87
36.57	63
32.6	78
33.57	25
36.48	51
32.46	84
32.97	156
33.11	88
32.44	83
32.79	83
33.48	45
33.92	52
33.31	36
33.18	166
35.3	64
33.62	21
33.33	28
35.87	72
34.97	46
32.79	84
31.98	18
32.32	72
32.74	149
33.1	104
35.65	92
32.44	57
34	32
33.62	168
33.38	126
32.95	49
34.51	80
32.76	19
31.38	84
32.73	63
32.35	81
33.71	130
33.7	94
33.5	88
32.84	87
34.78	70
33.27	83
32.46	80
33.5	40
31.81	164
33.25	83
30.91	130
31.89	12
30.64	87
32	76
32.53	54
33.37	59
33.5	77
33.18	77
33.18	175
32.72	58
33.24	74
36.27	70
31.17	75
30.94	88
32.2	81
34.1	83
34.13	71
32.87	147
32.66	24
33.74	80
34.86	169
33.83	115
33.65	63
34.23	73
33.41	113
33.56	88
33.29	44
33.48	148
32.54	52
33.89	93
32.07	80
33.04	167
32.46	84
31.73	8
33.68	86
34.14	63
34.13	60
33.06	60
33.77	84
35.69	82
33.74	128
33.3	148
32.31	64
32.81	84
34.22	103
31.36	78
33.33	117
34.4	65
32.15	84
31.89	81
33.44	22
34.44	87
34.31	73
34.61	59
34.64	63
34.99	60
33.12	106
35.3	59
34.71	169
33.44	171
33.56	36
31.63	83
32.75	115
33.02	174
35.14	58
33.26	85
33.07	165
33.09	147
33.15	144
32.87	58
35.09	61
31.9	81
32.93	82
33.24	83
32.93	75
34.09	76
33.36	59
31.48	83
33.03	72
32.28	30
33.12	112
33.69	98
31.43	79
33.83	94
34.32	62
32.96	69
32.19	170
33.3	142
33.38	142
33.85	115
34.11	53
34.52	63
31.94	87
33.99	50
33.66	124
33.41	156
32.77	81
33.52	23
32.88	84
35.56	82
32.56	74
32.27	80
32.31	80
35.27	41
30.71	68
32.01	73
33.75	66
33.22	130
32.97	57
31.38	51
33.79	83
32.07	147
34.34	107
32.8	84
33.87	29
34.88	38
31.89	87
33.66	133
31.55	116
32.33	74
31.75	86
34.06	119
33.36	54
32.88	84
33.02	132
32.98	67
33.79	75
32.49	31
32.39	49
33.51	135
