sim	len_diff
32.75	72
35.16	45
32.95	66
35.94	48
34.93	51
34.08	54
33.03	75
34.27	111
35.16	55
32.83	62
35.16	37
35.13	72
34.07	50
35.16	79
35.42	70
34.03	57
33.96	71
35.65	73
33.72	69
32.75	66
32.87	68
33.33	73
33.98	142
33.52	32
34.83	74
33.28	78
33.1	74
33.48	70
32.82	76
33.69	69
31.44	61
31.64	156
33.69	92
32.44	64
34.83	58
32.35	56
32.36	60
34.42	42
33.07	144
35.61	43
35.61	43
33.22	151
30.82	141
31.71	16
32.26	155
32.94	62
33.35	62
34.21	117
34.73	76
32.73	146
33.41	88
30.85	78
32.78	45
30.6	64
30.6	64
30.6	64
30.6	64
30.64	78
31.98	66
32.21	72
33.22	151
33.75	58
34.79	52
34.48	70
34.1	143
33.17	50
33.85	61
31.98	119
31.94	120
34.7	29
31.84	74
31.84	74
31.84	74
31.84	74
32.38	67
31.8	55
32.37	63
33.36	145
32.27	69
35	71
33.23	62
34.55	60
31.49	5
33.86	36
32.64	72
35.39	24
32.96	65
33.24	69
34.85	35
33.77	63
34.83	43
34.01	95
32.08	74
36.05	38
33.25	91
33.71	68
33.01	92
33.51	50
33.61	151
32.43	65
34.57	76
35.06	72
34.64	74
33.94	68
34.12	47
33.69	70
33.95	71
32.14	76
33.89	71
37	59
35.85	59
34.52	56
36.02	48
32.66	103
34.67	65
33.04	93
34.54	68
32.87	74
33.1	54
31.92	73
33.52	69
33.09	65
34.21	15
35.43	23
34.33	43
33.3	47
33.37	76
34.9	74
33.5	66
31.58	64
31.98	70
31.73	70
31.98	70
33.01	76
34.32	60
32.6	71
33.25	43
31.46	76
35.18	42
32.81	40
33.73	28
32.37	75
32.86	75
35.82	42
32.01	70
32.69	68
32.64	76
33.8	51
33.06	77
33.2	67
33.2	67
32.85	68
33.11	72
33.44	66
33.35	29
34.09	86
32.01	61
33.91	67
35.57	42
32.82	75
33.12	55
34.43	28
34.43	124
33.25	49
33.09	63
32.74	43
32.96	49
34.76	72
34.52	41
34.83	141
33.64	41
34.75	61
32.78	73
33.99	41
35.57	42
34	86
34	86
33.88	127
33.2	68
31.55	107
31.7	74
32.24	32
33.97	55
33.81	69
32.93	48
31.6	139
31.82	132
35.19	106
36.1	53
33.19	58
32.68	74
33.41	115
33.37	64
32.39	69
34.11	67
34.51	63
33.38	73
33.89	72
32.7	101
33.92	67
34.96	77
33.55	71
34.76	129
33.35	11
35.38	59
36.01	23
35.14	69
32.01	76
32.98	67
31.96	78
31.6	71
32.97	28
34.12	40
30.61	76
33	59
32.9	78
33.54	61
33.53	126
31.46	77
32.57	76
34.03	50
33.29	47
32.38	66
33.71	61
32.39	67
33.38	75
33.13	71
33.71	71
34.18	59
32.08	121
33.95	74
34.11	78
33.9	63
32.89	47
32.35	63
32.96	66
35.26	70
31.99	58
35.27	32
31.47	78
30.69	76
31.17	62
33.14	78
31	75
32.94	66
33	57
31.41	78
34.01	60
33.49	76
33.33	60
32.53	62
33.8	60
32.31	70
32.45	50
33.09	72
32.19	77
35.61	52
32.91	39
32.68	64
31.61	71
32.12	78
32.48	66
32.42	77
31.91	78
31.69	72
34.37	76
34.67	33
32.57	46
31.33	77
34.18	127
33.33	130
33.8	48
35.64	59
33.71	54
32.87	69
32.23	156
33.44	67
32.63	19
33.82	52
34.64	57
34.82	37
34.65	78
33.14	78
35.11	81
32.66	70
32.56	40
31.71	74
34.39	100
33.08	49
37.02	60
36.71	55
34.06	78
34.61	73
33.87	35
33.72	78
35.12	73
34.09	117
35.14	67
33.62	49
35.59	61
36.03	61
35.16	44
33.94	76
32.66	75
34.94	119
33.17	40
34.92	32
32.06	64
35.25	72
33.05	75
32.78	68
34.57	39
32.9	74
33.52	54
33.59	65
35.83	97
36.46	47
35.08	75
32.31	61
34.83	70
33.85	75
33.75	20
32.7	52
35.97	40
35.3	63
32.6	70
35.42	44
34.05	64
31.8	76
35.43	74
33.33	65
33.12	68
33.14	63
34.85	63
33.42	70
34.25	70
32.75	77
32.21	74
34.23	65
35.15	69
34.14	58
35.99	68
37.57	38
33.62	97
33.58	74
36.33	65
33.61	71
35.62	35
32.85	58
34.32	53
37.53	41
33.02	40
35.1	99
33.31	46
32.89	53
32.49	18
30.89	22
31.5	25
33.22	109
33.71	12
34.05	63
35.95	63
34.28	35
37.06	77
36.14	8
35.64	59
34.39	88
37.09	29
32.65	43
34.33	66
35.09	57
31.49	66
35.46	82
32.26	41
32.77	48
35.95	48
34.47	65
33.88	81
35.54	98
33.69	48
32.8	54
31.09	34
33.68	34
31	15
33.36	114
31.4	35
32.78	69
32.98	62
31.74	49
38.13	56
35.74	36
35.17	66
36.15	97
37.56	52
33.01	38
33.45	65
34.96	67
34.28	42
34.25	56
34.57	15
35.72	96
37.06	35
34.45	69
34.74	65
33.78	18
36.82	69
36.06	57
36.13	55
34.03	49
34.06	54
34.7	64
33.12	102
33.78	54
34.1	41
34	36
35.69	40
33.2	105
31.71	56
34.32	43
31.6	25
31.1	58
32.45	69
33.8	104
33.75	51
31.32	48
34.03	38
33.25	25
33.22	34
35.49	37
35.73	92
34.39	33
36.08	63
36	45
37.64	68
33.33	25
35.05	66
36.23	19
37.22	35
35.36	68
34.69	66
36.63	54
35.83	52
35.98	43
35.36	29
36.05	21
34.57	49
35.01	57
36.65	51
34.21	37
34.36	62
33.17	68
32.84	60
32.75	65
32.82	69
35.65	50
33.8	84
31.35	61
35.65	50
33.39	61
33.16	69
36.02	60
37.1	67
34.51	91
33.77	121
33.55	104
35.14	50
35.99	48
35.2	34
32.88	62
32.5	41
34.47	35
35.85	33
33.18	115
32.65	56
32.49	105
32.52	88
34.01	45
33.05	100
32.07	42
34.59	38
31.65	8
31.53	60
32.98	25
33.93	76
32.62	56
32.25	14
32.61	44
34.55	66
32.75	53
34.05	67
33.58	94
33.22	55
34.21	46
34.69	57
35.99	64
33.1	73
32.46	54
36.12	37
35.68	74
33.81	54
33.62	34
35.77	38
31.86	56
32.53	63
35.17	36
33.16	49
32.13	26
31.67	63
32.95	47
35.53	29
35.93	26
35.29	49
34.92	57
34.46	49
33.67	65
34.71	52
32.8	12
36.13	47
35.83	78
31.31	57
34.33	10
34.07	56
34.48	37
33.89	54
31.45	68
33.55	50
33.26	100
33.12	64
34.44	96
32.38	107
34.97	38
33.46	38
33.98	37
31.31	30
31.85	63
33.28	59
32.93	63
32.39	38
31.35	56
34.14	54
35.42	90
35.22	30
35.05	47
33.33	64
34.75	12
36.55	38
34.2	28
33.8	61
37.6	60
34.39	43
36.9	55
33.29	41
34.28	90
33.96	62
33.01	52
33.69	66
32.2	116
34.64	52
35.35	47
34.19	39
33.21	70
31.54	18
33.01	62
32.84	68
32.73	43
34.14	60
34.12	69
32.89	58
34.77	63
34.64	21
35.41	67
34.31	53
35.82	75
36.44	20
35.54	32
35.07	58
33.71	67
34.46	14
34.26	50
35.07	34
32.93	23
32.43	115
33.09	60
32.55	29
31.98	52
33.97	88
35.08	40
32.74	39
33.17	63
34.91	55
36.71	22
35.75	64
35.63	54
33.23	67
35.32	31
33.45	50
35.78	59
33.74	46
35.03	56
34.25	43
35.65	32
34.96	63
34.49	37
35.08	43
35.03	40
35.26	101
35.71	66
33.96	66
34.03	64
35.9	35
36.07	90
33.12	67
34.28	40
34.73	49
36.69	64
34.73	63
33.66	46
35.25	56
34.63	26
33.28	31
32.57	65
33.07	106
34.36	44
31.93	41
32.22	68
33.87	63
34.21	99
34	118
32.77	100
32.09	109
33.07	68
31.83	64
33.77	65
36.31	66
33.99	95
33.82	113
33.55	64
33.38	54
35.5	58
36.33	51
35.32	57
33.47	65
33.92	15
33.48	109
34.23	22
35.12	21
35.36	67
36.37	49
37.32	56
34.28	22
34.75	68
37.02	103
33.16	66
36.53	56
34.23	65
35.51	45
37.45	53
35.66	64
34.76	25
36.58	52
34.79	68
33.89	36
35.56	123
34.56	69
34.66	53
35.71	58
34.91	55
31.57	63
34.25	68
33.39	62
33.99	85
35.83	55
34.11	63
34.54	54
33.07	51
31.6	26
34.01	48
32.2	63
33.53	52
32.58	39
34.28	41
33.14	43
33.35	13
33.21	37
33.05	68
36.06	69
32.82	46
33.55	61
33.8	75
30.64	97
33.42	84
33.86	83
32.19	71
31.77	11
34.35	40
34.71	34
33.51	54
32.1	25
32.02	88
34.41	67
34.21	55
34.19	47
33.61	57
32.49	65
35.72	35
34.89	55
34.65	33
34.41	42
34	65
34.32	60
33.26	64
36.6	99
33.25	68
32.03	63
36.13	25
33.59	59
33.99	26
35.44	105
36.47	99
32.47	69
34.85	45
33.89	33
32.57	52
34.02	87
32.39	36
32.65	97
31.71	44
30.71	69
35.89	68
33.16	88
32.39	95
33.2	102
32.03	61
33.28	29
34.66	24
33.71	37
31.08	64
31.5	58
32.03	123
31.98	54
31.8	58
32.23	45
32.25	92
33.71	50
34.68	39
33.72	54
34.15	41
33.32	64
32.42	44
35.19	13
35.46	26
35.64	55
33.19	55
35.71	56
34.55	37
34.33	49
34.86	11
36.19	66
35.3	59
33.67	54
33.96	30
31.54	69
34.98	25
33.66	58
35.22	55
32.84	105
32.08	42
33.2	65
33.07	34
34.97	106
32.73	81
34.19	92
32.86	52
32.41	51
32.79	52
36.35	51
33.9	29
34	13
35.17	32
33.51	54
33.28	95
31.86	14
32.96	62
34.15	44
35.77	67
32.14	69
33.33	31
32.94	34
35.54	48
33.89	33
33.12	67
33.13	53
32.86	54
34.79	66
34.65	51
35.34	61
35.55	56
35.08	33
32.82	97
30.89	91
31.37	21
30.46	13
32.42	53
34.54	34
35.96	33
31.94	90
31.28	48
33.54	58
33.38	63
34.17	67
35.13	46
34.41	33
34.01	59
31.68	67
33.87	95
35	19
35.23	56
35.64	41
34.91	63
35.41	53
37.16	18
36.78	34
34.89	47
32.67	52
36	49
35.78	55
35.17	54
34.43	65
32.92	60
33.01	69
33.93	51
34.28	50
32.73	53
34.95	32
34.04	58
36.52	86
35.51	45
34.67	47
35.07	35
33.57	54
33.86	37
34.59	114
34.31	67
34.28	60
35.35	62
31.24	29
34.09	60
33.07	53
35.08	65
35.75	120
33.85	68
35.3	24
35	60
37.37	39
34.17	55
32.64	69
36.07	32
35.37	56
35.27	57
35.55	61
32.91	65
34.29	37
35.26	61
34.98	44
32.13	20
33.8	37
35.18	102
35.76	97
33.42	54
33.72	68
34.83	62
34.69	45
35.88	24
35.97	63
34.73	57
34.79	22
33.32	68
35.38	102
36.4	49
33.31	45
36.46	40
32.92	13
35.5	54
35.58	62
32.8	46
35.31	49
34.02	73
33.94	68
33.13	94
34.92	33
34.1	61
30.8	55
33.61	116
32.61	88
32.16	64
34.05	64
33.98	65
32.05	55
37.14	48
32.96	63
35.51	60
35.42	44
34.37	67
36.31	65
33.73	53
34.69	50
34.26	58
34.67	101
34.62	61
34.72	41
34.48	65
37.8	59
36.58	19
32.56	66
35.46	57
35.75	33
33.82	46
40.13	34
33.55	65
34.24	65
34.92	33
35.85	47
34.14	51
33.17	51
34.07	66
33.11	61
34	47
36.12	49
34.6	38
31.11	49
34.4	39
34.08	55
33.34	45
32.32	29
32.14	54
33.01	64
32.46	61
33.28	120
34.77	108
34.14	66
35.78	67
34.64	62
34	60
31.2	67
32.25	61
34.54	60
34.42	59
35.53	54
33.46	49
32.24	46
33.7	68
33.31	61
32.73	69
32.3	31
33.29	24
34.46	52
33.94	32
31.85	61
35.16	67
34.04	40
34.24	61
34.11	45
37.69	49
35.08	29
35.85	47
34.44	49
34.85	63
35.09	23
33.21	54
34.32	36
32.28	59
33.64	68
32.96	30
35.24	40
33.31	66
33.16	40
33.55	69
32.86	100
32.3	10
34.65	38
33.77	54
33.57	96
33.81	27
33.57	32
33.26	68
33.6	39
32.42	64
32.14	33
34.75	58
33.55	13
35.42	38
34.14	80
33.84	69
33.92	57
35.72	25
32.98	44
31.85	58
33.24	41
34.41	61
34.57	88
33.18	52
35.2	51
34.01	49
32.69	63
34.34	107
34.04	63
34.44	56
34.05	34
33.34	54
37.21	26
34.26	69
36.28	50
34.62	47
34.12	47
33.7	105
33.04	68
33.47	23
34.33	58
33.27	43
35.28	58
32.51	64
34.42	52
33.69	56
34.22	92
33.44	102
35	77
33.39	69
33.71	68
34.82	104
33.84	68
34.51	67
32.14	67
34.93	55
34.76	120
35.48	68
33.81	66
33.48	104
32.64	56
33.59	60
32.89	54
33.53	83
31.89	55
32.67	87
34.67	37
33.34	54
32.92	119
35.03	100
34.08	46
32.02	60
31.88	67
33.72	65
32.21	50
33.05	50
32.19	54
31.33	41
32.01	68
34.29	94
32.94	71
32.79	49
34.21	57
31.89	58
34.26	59
31.89	58
32.51	62
35.12	58
33.55	54
33.03	59
33.28	44
36.57	69
34.86	59
34.98	60
34.05	66
35.41	92
37.58	50
35.98	41
33.81	114
34.9	22
35.39	29
34.37	68
32.3	56
33.14	31
33.84	68
34.39	68
31.46	68
34.81	25
35.82	53
33.97	26
31.6	66
34.83	67
34.21	114
36.48	40
36.65	64
37.69	53
37.89	50
35.18	21
33.01	66
32.91	66
35.58	33
34.68	111
33.59	124
33.46	61
33.1	51
35.3	22
33.68	113
35.85	93
34.46	22
35.32	47
33.67	36
32.08	59
34.32	35
35.18	67
33.81	102
34.85	73
31.85	111
31.95	57
31.81	54
32.07	79
32.22	88
33.51	18
34.51	61
33.41	68
32.83	100
32.62	54
33.95	60
34.72	63
34.15	58
32.83	124
32.88	64
36.67	35
34.71	99
37.97	43
34.39	66
37.55	65
34.46	54
32.75	66
35.39	106
34.54	82
32.38	51
32.95	38
32.14	27
32.76	124
33.51	54
34.06	30
34.16	103
32.5	68
32.33	101
32.31	49
32.19	53
33.17	54
34.34	91
33.66	14
33.46	64
34.37	66
32.53	66
33.82	46
33.28	68
34.29	61
32.6	67
35.41	61
35.76	73
37.73	28
33.89	31
35.41	37
36.26	35
34.42	63
34.28	120
35.69	67
33.93	50
32.66	60
34.71	66
36.05	23
33.35	56
33.62	63
35.93	61
33.77	64
36.24	33
34.86	58
34.46	106
35.43	62
34.25	48
33.46	61
32.57	52
32.6	56
34.26	69
34.4	64
32.74	54
32.94	69
33.99	62
34.4	98
34.05	58
34.64	62
33.16	38
36.26	65
34.23	57
36.55	31
34.88	98
33.37	64
34.35	48
33.71	62
35.82	69
31.25	68
31.96	56
34.28	86
33.1	53
32.62	57
34.28	66
32.17	5
34.14	59
33.07	68
34	63
33.92	51
35.95	46
33	30
35.35	118
32.68	117
33.38	54
33.41	60
33.12	64
34.34	117
36.06	43
34.5	17
34.68	57
34.57	60
34.75	69
35.53	64
33.71	61
38.27	35
33.35	64
34.22	106
32.51	68
35.62	106
32.89	22
34.19	35
34.22	44
34.77	98
33.83	55
35.42	48
35.26	58
33.39	54
34.25	68
35.1	42
36.19	42
31.6	62
35.07	68
32.92	69
34.91	29
35.19	53
35.62	52
34.1	52
32.26	52
34.37	40
34.13	30
35.17	65
32.96	61
33.21	65
34.03	66
32.53	33
33.25	27
37.41	45
32.74	60
31.21	60
34.48	75
31.71	107
33.67	35
32.57	55
32.97	54
32.53	39
35.36	54
31.7	69
33.47	65
33.3	65
33.46	106
34.23	50
38.37	37
35.66	122
34.01	39
34.14	49
33.02	39
35.35	109
35.97	81
34.3	60
34.14	25
35.45	27
34.6	26
34.91	60
34.85	65
33.69	62
35.39	76
34.73	46
33.11	28
32.43	60
31.85	33
32.55	61
33.02	44
33.85	23
33.6	54
34.85	34
33.16	66
32.3	53
35.03	38
33.39	80
34.01	94
34.63	110
32.85	43
33.69	101
34.42	96
32.12	22
34.09	69
34.23	55
33.94	56
33.03	56
35.08	34
34.76	68
33.1	58
32.28	58
36.44	62
36.37	35
33.43	117
33.86	84
34.46	65
31.14	30
34.07	35
33.69	51
33.14	50
33.83	68
33.58	65
35.66	58
33.33	69
32.3	70
34.25	34
33.45	54
33.82	61
31.28	60
32.99	61
33.44	27
31.33	41
32.44	66
33.05	41
31.98	66
33.67	68
33.64	54
33.45	91
33.53	45
33.16	23
31.66	38
34	66
32.67	28
33.99	46
32.96	58
35.2	115
33.86	117
39.05	54
34.75	55
34.18	120
35.98	108
34.64	75
34.27	84
33.17	68
32.74	51
33.15	4
34.15	68
32.96	96
32.52	38
34.38	43
34.2	45
33.37	54
33.95	65
34.58	63
34.2	38
37	45
35.33	61
36.13	41
33.92	45
36.6	58
36.54	50
36.06	22
33.98	21
35.66	52
37.11	25
33.39	62
33.12	16
35.04	45
34.13	115
34.86	46
33.13	111
35.12	56
33.69	0
34.71	90
32.53	66
34.55	34
32.4	114
33.25	50
33.24	69
32.45	100
32.76	68
32.39	124
33.05	66
33.36	24
32.35	64
32.37	48
33.75	81
32.47	64
32.75	27
33.68	59
33.83	54
35.05	34
32.09	62
34.07	54
33.68	40
33.45	109
33.69	68
34.36	49
34.46	59
34.32	55
34.69	47
33.38	52
36.2	48
33.59	68
32.81	43
33.75	66
31.61	69
31.12	55
34.26	24
33.34	105
33.9	51
35.1	44
32.74	68
32.88	64
31.14	27
32.43	42
30.55	20
31.62	15
33.76	42
33.4	60
30.84	50
33.04	53
32.64	67
32.65	65
33.42	88
31.89	55
34.58	35
33.46	61
30.42	70
31.13	57
35.1	46
34.75	41
34.08	37
34.31	102
34.04	62
33.16	67
35.16	69
35.15	73
34.76	67
37.53	51
32.57	66
32.58	68
34.33	28
34.76	67
36.02	42
34.15	65
34.33	63
36.35	59
37.97	67
37.31	66
38.5	38
35.54	34
34.01	64
34.92	30
34	104
34.41	55
35.54	67
36.04	57
33.21	56
31.07	54
34.06	53
33.67	90
34.12	59
33.71	45
35.51	59
32.81	59
33.5	44
35.05	47
35.11	51
35.06	64
34.06	108
32.58	52
33.82	34
35.16	37
34.58	62
32.23	53
33.32	34
33.48	53
32.73	59
34.86	69
34.25	38
35.17	79
32.4	114
33.39	54
34.39	33
32.26	37
32.33	44
32.99	66
33.45	45
32.3	51
32.32	99
30.98	42
33.26	24
36.46	51
36.1	61
35.43	51
38.03	61
35.66	32
35.59	69
34.4	95
35.08	49
35.3	66
35.26	84
33.46	57
35.44	64
33.26	34
35.64	36
34.4	51
34.86	50
31.49	5
31.8	64
33.78	64
34.92	52
35.61	66
33.54	59
33.55	63
36.46	29
35.3	69
33.5	50
36.76	39
36.07	53
33.78	46
33.44	40
34.18	64
31.82	124
33.55	54
34.76	34
33.75	37
34.38	47
30.98	63
34.07	66
32.02	56
32.73	68
34.65	53
33.75	54
32.75	63
33.53	64
34.64	37
36.08	37
34.86	77
34.15	56
34.31	68
32.64	59
34.75	49
34.57	56
34.46	96
34.67	41
31.84	65
33.75	62
33.4	46
35.71	104
32.62	68
34.44	49
32.56	55
33.17	56
31.89	66
33.16	96
33.58	65
30.77	63
33.66	43
31.39	63
32.34	24
33.85	54
34.53	68
33.82	62
34.27	63
32.33	69
32.76	45
33.45	69
34.31	37
33.51	33
33.17	7
33.51	62
33.11	76
33.96	94
35.9	71
35.38	35
32.84	20
35.55	65
33.36	56
34.4	87
35.09	81
35.32	42
33.03	66
34.71	64
35.41	124
37.25	46
33.43	63
36.01	55
36.03	69
35.89	66
34.3	64
35.65	76
34.12	60
34	64
34.53	61
35	67
35.48	67
34.42	63
36.19	62
36.64	26
33.37	66
34.74	44
37.17	58
36.41	87
32.64	51
33.33	43
36.55	62
33.77	55
38.29	51
34.88	111
37.84	42
34.08	43
35.3	69
34.17	50
32.69	46
34.96	110
35.04	54
35.02	30
35.76	15
36.03	51
34.97	57
33.67	55
36.28	44
33.03	67
35.66	59
33.55	65
35.14	47
33.58	16
35.75	60
35.23	67
34.61	59
33.34	108
32.1	46
35	65
35.23	100
33.07	68
33.82	45
33.8	50
35.73	54
33.85	64
35.76	47
35.42	52
35.34	80
35.22	54
32.94	54
33.26	67
31.86	66
34.86	43
36.28	43
36.09	93
36.16	55
34.86	46
33.92	57
33.55	51
34.13	55
33.33	62
34.1	122
34.85	56
38.15	34
34.33	57
33	69
35.08	100
34.32	59
34.93	39
34.43	60
35.6	43
33.05	69
34.16	65
36.1	56
36.04	39
35.93	45
34.98	104
33.6	47
33.89	102
35.66	51
35.35	69
34.06	107
35.32	35
35.34	66
35.72	77
34.13	50
34.61	47
35.94	39
34.03	82
31.4	65
33.55	56
33.35	20
33.7	53
33.08	33
32.32	31
33.3	45
35.32	80
33.21	54
34.1	68
33.55	67
33.36	60
33.38	99
31	68
33.12	50
30.63	35
33.79	46
34.56	92
35.9	47
36.83	66
33.16	66
33.72	69
35.52	97
33.48	35
33.41	68
33.38	54
33.18	67
33.67	53
34.58	25
35.08	107
33.25	42
35.25	64
37.16	68
35.28	27
35.52	63
33.96	26
35.21	69
34.44	66
33.28	65
34.19	57
36.05	61
37.35	45
34.8	49
37.28	67
36.53	19
34.19	67
34.71	58
34.95	7
34.32	65
33.36	59
34.84	67
36.28	46
34.81	57
34.89	104
35.57	115
34.22	72
34.04	87
32.13	42
33.42	54
30.26	64
31.36	62
31.11	69
31.6	53
35.04	113
34.28	96
32.53	66
33.26	63
32.55	100
36.15	42
37.1	49
35.68	45
34.53	53
34.33	58
36.15	37
38.46	31
34.25	94
35.97	31
37.67	53
36.7	92
34.6	44
36.16	34
34.69	63
32.21	51
34.27	92
35.3	47
33.23	49
36.07	63
35.22	82
35.55	33
34.72	51
35.1	42
35.96	32
35.98	60
34.56	76
33.69	12
32.68	60
35.39	22
33.14	122
34.06	34
33.89	54
34.63	64
34.18	9
34.25	56
34.6	49
34.82	35
33.33	104
36.01	35
37.25	40
35.32	98
36.16	35
32.71	42
35.82	23
34.69	27
34.23	68
34.05	25
32.58	6
34.88	65
35.66	60
36.23	50
35.62	58
36.42	57
38.12	61
34.21	65
35.75	45
36.15	54
35.32	36
35.67	47
35.24	49
34.15	50
34.23	33
34.49	92
33.46	22
33.41	64
35.71	39
32.85	90
36.71	29
33.67	96
33.41	54
34.17	45
34.76	91
34.22	118
33.38	68
35.03	93
33.71	69
34.94	116
33.31	54
34.75	55
32.95	61
32.02	22
33.48	54
37.76	36
33.09	53
34.78	119
33.62	62
33.83	62
34.17	96
32.95	67
31.25	24
35.17	56
35.16	62
34.08	64
35.89	46
35.13	55
33.89	65
34.42	65
34.71	67
34.58	58
35.47	36
32.77	42
31.75	1
32.19	67
32.83	6
35.14	68
35.02	111
35.64	62
33.73	7
31.79	62
34.17	68
33.42	52
32.41	93
33.12	58
32.71	46
33.81	109
32.88	66
33.48	69
33.99	46
34.1	84
30.6	46
37.39	45
32.85	67
34.39	98
37.1	23
33.42	115
32.5	69
34.14	96
35.3	66
33.05	68
34.13	59
34.11	57
36.52	57
35.75	43
35.96	61
35.66	67
36.42	59
34.78	56
33.41	69
36.72	34
34.78	56
34.39	59
34.82	18
35.12	47
32.35	52
33.84	121
34.42	35
33.74	27
33.87	60
33.33	67
33.55	50
32.83	54
34.96	65
33.84	76
35.2	55
34.26	69
32.78	59
33.94	52
32.39	42
33.53	124
33.38	11
35.19	62
33.91	46
34.44	52
33.65	50
34.46	66
36.15	58
35.97	51
34.27	2
32.73	52
34.36	63
33.35	26
32.14	107
34.08	67
32.49	68
35.29	44
35.08	54
32.51	65
33.51	108
33.94	51
31.6	67
34.27	17
35.35	91
32.95	69
34.07	72
33.91	104
33.81	44
34.65	54
30.19	63
32.62	67
34.21	115
35.8	52
32.78	65
33.95	48
33.64	56
33.91	24
33.37	75
33.63	112
33.32	30
32.57	66
35.64	65
33.24	86
33.8	49
32.72	25
31.61	46
33.03	57
32.62	61
31.73	49
33.43	54
33.89	62
33.39	22
32.66	56
34.68	60
34.96	59
35.64	58
35.85	69
33.82	12
31.51	36
32.32	54
35.37	61
35.09	10
35.41	29
31.63	45
32.55	19
34.25	43
34.48	58
33.39	66
34.12	67
33.12	46
32.16	67
34.65	68
35.26	34
31.55	53
33.07	28
30.78	39
32.88	117
32.18	62
33.98	84
34.13	82
33.15	117
32.67	69
35.61	59
32.25	64
33.2	61
32.93	31
33.51	34
34.6	34
32.78	54
33.81	36
34.91	68
33.21	56
32.41	64
34.44	65
35.56	60
32.32	69
33.19	58
34.9	66
32.74	40
32.07	48
33.47	68
34.01	67
33.56	44
33.26	55
33.47	44
36.74	66
34.37	50
35.94	47
35.38	46
33.72	58
36.25	55
35.34	32
33.5	67
36.1	58
34.45	100
34.53	38
34.9	101
35.16	25
34.58	119
35.65	60
34.42	28
34.11	61
32.92	57
33.84	5
34.67	46
32.33	61
32.99	67
32.61	99
32.81	51
34.5	54
33.28	36
33.23	58
34.79	84
37.93	19
33.28	65
33.61	92
35.16	63
33.86	66
35.14	49
33.62	61
36.83	68
33	54
32.94	66
34.15	68
32.49	37
32.53	55
33.34	64
33.19	54
33.8	104
32.8	9
30.85	66
36.45	59
35.39	26
35.85	51
34.67	54
34.29	54
35.05	66
35.87	53
34.9	55
34.42	56
35.25	20
32.83	54
33.08	118
34.09	69
34.22	96
32.87	118
31.66	34
33.89	60
33.92	52
32.56	65
32.61	11
34.5	46
35.48	104
32.78	69
33.23	84
33.61	39
32.56	67
33.71	68
35.28	53
35.3	52
35.53	58
33.46	58
32.61	46
33.75	52
32.39	67
35.01	36
33.57	54
31.9	48
31.66	21
32.42	57
34.97	69
34.82	41
32.81	37
33.45	53
32.35	55
33.33	98
33.75	52
34.76	48
32.52	28
30.95	54
32.01	61
33.33	61
34.5	59
35.51	53
35.25	59
34.3	56
35.62	55
33.42	67
33.34	38
35.09	59
34.28	66
34.68	102
35.01	49
33.16	108
34.35	123
37.17	79
34.57	68
33.19	65
35.89	20
37.5	60
33.05	25
34.99	36
34.21	34
33.76	29
34.15	61
32.95	12
33.6	61
35.42	98
34.27	53
33.19	65
34.57	63
33.14	69
34.96	74
32.39	1
35.4	77
33.81	121
33.2	29
33.83	20
34.25	55
33.83	67
34.98	26
33.9	59
34.73	64
36.07	65
33.65	65
35.42	41
33.92	55
34.05	57
37.17	66
35.05	67
37.19	47
32.19	62
35.08	60
34.17	67
31.26	47
34.99	66
34.32	50
34.57	117
33.66	21
34.06	62
33.21	67
34.05	28
33.04	57
35.31	34
34.49	58
30.13	12
32.11	120
34.32	58
34.76	69
33.46	62
33.56	50
32.3	45
32.11	32
36.02	46
31	66
33.28	46
34.48	37
33.16	49
34.1	66
34.27	54
33.78	57
33.29	65
33.44	93
33.88	26
35.26	46
32.55	66
33.34	32
33.12	68
33.73	55
32.85	60
35.26	82
33.61	124
34.17	37
35.82	91
34.46	61
34.09	62
34.73	97
35.55	40
35.89	69
33.96	52
30.89	9
35.26	47
33.23	66
33.49	94
36.51	49
32.96	41
33.6	41
33.33	50
34.47	1
33.94	54
32.23	40
34.14	61
32.33	67
33.25	65
34.19	66
34.14	66
35.44	59
36.69	37
33.87	57
34.88	49
35.22	62
34.98	55
33.1	115
31.8	63
32.42	46
34.48	35
33.37	97
31.19	59
33.57	60
34.08	115
32.82	63
32.57	65
33.74	109
32.98	30
34.2	63
33.12	39
32.66	46
34.55	115
34.14	57
32.25	57
32.82	42
32.47	47
32.39	54
34.51	34
33.17	14
33.04	59
33.06	54
32.98	51
35.47	32
35.82	48
32.24	62
34.19	68
37.44	39
33.89	29
34.34	13
35.92	52
36.03	57
35.18	114
34.41	66
33.76	57
36	50
32.29	39
34.45	55
32.89	99
31.76	66
33.12	58
33.08	101
33.08	67
32	100
31.42	64
34.73	29
34.03	68
31.78	58
34.86	27
33.39	20
33.65	50
34.86	27
32.75	46
30.39	55
34.73	44
32.46	47
35.27	66
35.71	68
36.44	58
36.55	55
34.5	46
34.01	40
35.22	64
35.64	66
34.16	55
34.61	51
36.83	50
36.83	50
34.75	68
35.19	22
36.83	50
33.98	64
36.83	50
33.55	50
36.83	50
34.38	64
34.39	53
35.03	49
35.55	104
36.1	48
37.31	46
34.99	81
32.54	58
35.42	107
34.32	53
34.21	12
35.01	55
33.6	34
31.73	68
33.44	33
33.4	122
32.38	56
33.98	37
34.41	53
31.6	39
32.62	64
30.09	0
32.8	68
33.08	45
32.42	45
33.08	45
32.42	45
32.07	60
33.3	65
35.08	34
31.8	53
34.08	104
35.21	37
32.37	23
33.48	54
34.38	35
32.72	38
33.9	119
35.16	60
32.92	18
34.12	28
36.16	57
33.01	42
34.19	50
34.59	120
32.28	33
33.83	99
33.04	35
34.82	22
33.47	42
33.42	117
32.78	22
33.18	60
33.79	122
33.54	59
32.64	52
33.98	68
32.74	92
31.19	7
32.95	63
31.53	58
33.6	36
32.44	109
32.55	20
32.81	77
33.01	69
34.15	96
33.25	33
32.75	50
34.91	34
31.77	62
33.62	54
32.74	60
32.79	55
32.27	48
33.84	66
32.58	62
31.2	64
30.41	10
32.78	97
36.54	26
34.86	53
34.14	66
35.64	66
33.33	68
33.17	48
37.73	59
37.07	55
34.32	48
35.39	58
34.53	62
33.82	68
33.39	54
35.06	57
33.88	63
33.19	63
35.89	97
35.76	53
35.43	62
34.35	27
35.06	37
35.66	54
32.81	56
34.82	114
34.77	62
32.74	59
34.88	60
32.72	98
34.62	66
32.08	14
32.64	39
33.17	50
33.63	54
34.64	34
33.04	12
33.89	56
34.96	28
32.3	57
35.52	103
32.21	22
32.2	21
35.54	54
100	0
35.16	46
32.3	67
32.19	34
34.91	23
34.64	35
34.12	53
35.25	49
33.24	45
31.95	65
35.05	78
35.43	59
36.37	51
34.62	53
33.42	67
33.95	105
35.38	90
33.79	67
34.64	66
35.21	62
34.08	58
34.26	32
34.19	52
34.92	18
35.59	13
32.48	29
33.94	36
35.21	48
33.9	60
35.94	58
33.8	37
35.87	44
35.82	66
35.85	55
33.71	35
34.65	83
34.95	51
34.37	96
33.09	65
32.78	52
32.78	54
32.37	69
33.76	43
33.36	34
33.02	63
32.54	57
33.64	96
32.38	23
35.73	40
35.03	36
33.46	43
34.54	53
34.68	34
32.57	64
33.37	67
35.04	43
31.79	36
32.74	84
31.82	67
32.83	98
33.64	68
33.02	65
34.2	54
35.53	44
33.46	65
34.28	34
33.25	68
32.68	26
33.28	69
34.83	63
34.12	105
32.04	33
33.92	94
33.5	22
33.76	90
33.01	63
36.24	34
36.73	60
32.8	34
32.92	53
32.24	68
33.71	43
34.6	27
34.44	25
33	64
35.95	63
33.76	58
32.51	30
33.81	71
34.26	105
32.36	24
34.45	104
34.19	37
33.57	52
35.14	37
31.32	67
35.35	68
32.84	15
32.64	64
35.67	90
33.76	43
35.95	67
33.08	54
33.67	68
32.06	68
36.07	62
33.63	38
34.44	34
33.88	57
31.17	69
31.51	33
31.48	63
33.25	53
32.36	59
32.66	100
31.83	120
33.53	55
32.26	68
34.36	58
34.51	44
35.18	6
34.3	59
35.37	38
32.06	61
32.65	69
34.17	67
34.12	33
33.49	89
33.76	63
33.67	41
34.25	30
37.07	37
35.04	33
34.65	62
32.97	21
34.96	41
34.75	48
33.55	57
34.91	76
32.57	58
34.48	50
33.69	63
35.51	66
34.7	39
32.45	123
34.18	45
33.12	124
35.43	60
34.36	13
36.3	58
32.75	47
36.42	28
34.63	124
34.97	59
33.36	61
32.45	58
36.81	97
34	110
30.77	67
32.58	31
35.53	44
34.2	54
32.68	65
33.2	56
32.59	50
31.81	69
33.63	63
32.24	99
33.17	48
34.66	53
33.23	118
34.19	56
33.8	64
34.37	56
34.44	54
33.41	66
32.67	27
34.4	34
33.6	68
32.15	67
32.1	26
31.57	68
32.91	44
31.94	61
33.48	65
33.47	54
32.69	49
34.77	44
32.55	26
31.81	69
30.77	67
32.41	31
35.75	44
34.2	54
32.68	65
33.12	54
31.41	67
33.63	63
34.51	33
35.97	118
36.42	40
31.58	64
33.69	42
33.71	114
32.57	114
33.03	49
34.32	62
33.98	65
32.09	64
32.44	67
33.7	87
33.16	65
35.35	53
32.73	53
36.38	52
35.29	54
31.48	39
31.91	19
34.49	50
37.09	51
34.62	66
35.39	59
35.75	25
34.27	33
35.55	80
36.38	58
35.79	98
32.96	66
37.5	42
34.06	67
36.03	39
35.98	28
35.38	48
35.76	53
35.27	64
35.35	67
35.77	90
36.36	57
34.37	49
33.82	44
33.34	56
32.92	2
33.98	38
34.61	48
32.05	65
33.79	84
35.75	33
32.45	48
33.61	68
36.58	55
33.38	31
32.37	30
32.73	63
32.56	55
33.73	111
32.5	65
35.4	107
32.36	10
31.58	69
33.26	58
32.45	63
34.44	66
34.77	30
34.28	62
35.77	91
33.55	54
35.65	51
34.38	35
34	62
36.77	100
33.57	53
37.32	44
35.01	57
33.65	78
33.18	111
33.8	53
33.57	82
33.89	43
31.38	52
33	49
32.51	65
33.67	17
32.31	58
34.94	37
32.65	65
33.94	58
33.42	33
32.98	35
33.48	116
34.63	62
37.51	35
34.32	38
38.01	49
36.46	42
36.83	23
34.78	114
34.22	39
33.73	54
35.67	44
36.15	68
35.53	51
35	67
35.08	52
34.86	51
35.46	40
35.89	57
37.35	50
35.21	53
33.26	62
35.53	50
34.71	39
34.58	89
32.51	68
34.03	62
33.62	122
34.92	40
34.75	69
32.21	64
35.43	104
35.61	42
33.86	62
34.5	5
34.93	65
36.89	42
35.42	43
35.45	90
32.88	51
32.7	51
34.19	44
35.3	56
33.9	122
34.67	19
37.65	62
34.3	49
33.62	42
35.35	61
37.05	32
33.68	49
33.94	110
33.37	58
32.91	54
34.11	67
34.07	114
31.72	63
33.81	24
33.16	19
34.55	61
35.66	68
32.82	111
34.33	123
33.75	54
34.29	108
33.82	66
35.98	47
33.34	107
34.58	53
34.37	59
35.78	31
33.43	56
36.48	31
36.64	25
36.17	28
34.08	25
34.88	11
35.48	52
34.64	62
33.41	13
34.12	111
35.3	67
35.19	45
36.6	66
33.32	54
33.76	59
35.97	57
35.1	69
33.03	63
37.17	61
34.32	67
32.68	19
36.12	64
32.83	63
30.51	68
34.58	50
32.83	63
35	62
34.58	50
33.53	69
34.24	65
35.45	119
34.88	67
33.42	42
34.1	60
35.68	55
34.59	14
34.67	51
35.03	52
34.68	123
34.23	40
33.6	54
34.12	36
33.79	52
33	69
32.83	99
34.5	67
31.51	54
35.19	52
33.33	47
33.2	65
36.87	29
36.5	54
35.51	31
34.92	59
35.62	61
34.72	56
33.83	69
35.57	112
33.22	45
36.32	58
31.58	67
32.16	35
32	69
32.93	41
34.54	47
33.86	43
34.57	42
33.26	112
33.98	101
33.7	77
34.91	63
34.75	43
35.2	69
38.71	58
36.71	51
35	44
35.87	54
35.66	58
35	60
33.48	41
34.62	23
34.26	35
34.41	61
32.06	48
33.37	17
34.01	57
34.28	20
33.92	33
35.23	64
35.88	65
31.41	64
31.53	54
32.53	64
35.13	21
33.81	35
32.44	40
32.01	58
32.08	66
33.26	48
30.99	42
32.7	20
32.04	46
32.98	42
33.5	41
35.05	63
33.74	67
34.3	61
33.51	65
34.73	49
37.59	31
33.3	93
33.62	81
35.92	45
33.86	68
33.34	101
33.6	32
32.7	25
33.75	56
32.17	68
33.31	62
33.55	61
33.78	38
33.19	42
33.55	51
33.23	64
33.93	66
33.25	22
33.94	61
32.89	65
34.65	58
34.12	90
33.32	47
34.29	70
33.21	108
35.35	62
34.3	86
30.95	51
35.25	62
34.33	34
36.32	42
34.27	69
37.62	67
33.88	8
36.19	54
36.33	61
34.65	55
37.04	34
35.42	66
36.5	44
35.28	63
36.78	25
33.12	117
33.65	27
35.14	121
34.23	57
33.95	54
32.94	69
34.34	110
34.66	66
34.46	93
34	67
32.69	54
32.55	65
32.05	68
34.64	94
31.07	24
32.54	120
34.24	64
32.71	50
33.71	34
33.61	67
33.75	116
33.59	32
32.71	50
31.74	67
31.75	68
33.43	65
32.14	74
32.55	65
31.68	57
34.26	63
34.97	41
34.19	67
34.89	53
34.46	47
34.28	63
35.2	46
33.19	66
35.68	91
34.26	58
32.73	55
34.35	66
33.55	66
32.66	66
33.64	53
33.45	61
33.62	68
32.66	66
33.9	107
35.25	53
32.89	60
31.78	63
33.57	62
33.68	57
34.92	34
35.01	34
33.33	57
33.8	54
33.11	115
34.17	46
34.8	65
33.67	39
32.52	68
33.76	65
32.34	104
32.99	53
32.08	55
34.41	34
33.38	54
33.14	99
32.55	33
33.05	33
35.05	38
31.21	61
34.7	84
32.75	58
35.5	25
31.66	57
31.07	22
33.68	58
32.41	33
31.76	57
32.94	61
32.59	61
31.49	50
32.15	55
32.11	58
36.1	27
33.17	53
34.27	34
31.65	67
33.94	62
32.5	62
35.46	38
33.69	54
33.48	77
33.05	56
33.53	115
34.52	79
34.02	69
33.52	98
34.62	76
35.25	38
33.8	34
32.21	120
32.39	63
32.6	24
32.65	47
33.21	54
32.08	61
33.68	69
33.14	59
37.48	42
33.25	41
32.9	65
33.24	59
33.36	61
33.02	36
35.26	59
33.34	67
34.21	104
34.63	105
36.53	60
34.88	43
33.77	80
35.05	51
31.96	59
35	49
33.16	56
34.3	57
32.07	17
33.47	62
33.1	102
32.86	81
35.85	43
34.18	30
36.28	39
35.05	51
32.36	67
31.75	59
33.6	48
33.87	51
34.98	55
33.22	34
32.4	51
32.42	67
32.03	48
31.12	64
32.86	117
33.25	68
32.15	64
31.35	66
33	55
33.48	62
34.66	31
33.46	50
33.43	65
33.28	27
31.37	67
33.58	18
32.55	26
32.01	61
33.25	68
33.27	40
35.53	44
34.2	54
35.11	32
32.68	65
33.64	68
31.31	67
33.24	64
34.99	30
32.84	53
34.41	53
34.07	66
33.47	37
34	60
33.64	66
34.96	64
35.57	43
34.75	79
37.78	36
34.18	50
35.36	91
37.24	54
33.41	68
35.55	62
32.96	57
33.69	46
36.47	46
32.55	30
33.87	93
32.71	21
34.76	109
34.74	34
35.07	36
34.53	52
32.05	71
33.32	58
33.68	62
34.23	63
35.14	15
34.58	52
35.81	39
35.48	50
37.5	54
34.3	12
36.16	35
35.82	67
35.19	114
33.07	31
33.17	52
33.63	16
33.14	28
33.68	59
35.97	38
34	34
34.53	59
33.37	56
32.64	39
34.51	42
34.33	54
33.04	60
34.54	55
30.17	47
34.31	35
32.34	47
32.58	38
34.44	32
31.67	69
34.26	106
33.89	63
36.41	44
33.07	69
34.44	61
33.64	56
34.02	28
33.55	51
33.55	61
35.51	47
32.16	97
33.57	52
34.19	26
31.33	43
33.28	31
31.59	12
32.26	37
32.57	17
33.12	32
32.3	52
31.37	60
32.59	61
33.14	97
33.76	68
32.64	67
34.18	59
33.21	54
33.34	27
35.34	96
32.19	37
34.63	63
36.18	44
35.29	12
37.22	43
36	79
35.91	55
35.73	55
32.92	46
34.53	68
35.07	53
33.73	68
33.5	57
35.57	57
34.1	66
34.89	43
32.72	43
33.17	65
31.51	60
34.31	101
31.34	78
33.31	28
34.6	66
34.9	58
35.3	90
34.66	12
33.68	48
33.84	63
36	64
33.29	65
33.88	68
35.95	40
31.89	51
33.05	111
35.3	54
34.4	94
36.67	46
33.93	47
33.74	113
33.05	61
32.05	43
31.27	58
33.17	96
35.39	65
33.75	72
33.34	56
34.74	42
35.07	68
33.53	49
33.16	39
33.92	105
35.89	63
33.9	69
33.93	22
34.97	27
33	40
31.71	20
33.75	117
32.82	54
33.49	34
35.23	41
32.85	55
36.43	41
33.32	62
33.29	75
32.22	10
35.98	38
32.21	68
34.19	54
34.71	64
33.25	56
33.75	98
33.27	51
32.22	34
34.27	37
34.36	34
32.58	57
31.9	38
32.14	66
34.69	66
35.17	55
35.79	66
31.98	18
35.47	31
36.5	50
35.08	122
36.15	65
36.49	75
34.02	98
35.82	102
36.94	28
31.94	13
32.88	52
34.67	67
32.83	53
32.22	103
33.63	51
32.13	35
32.21	68
34.34	122
32.62	52
35.58	42
35.51	55
33.66	62
35.16	67
33.57	59
36.03	23
34.37	47
34.57	55
32.95	58
34.8	52
34.21	41
34.33	62
36.53	52
36.26	22
35.22	50
35.58	124
34.15	84
32.68	64
36.06	47
34.53	63
33.56	60
32.78	57
32.35	65
34.06	54
34.55	41
33.55	68
31.35	66
33.37	58
33.1	62
33.44	55
32.83	27
34.05	66
32.83	100
31.37	64
33.77	35
34.51	68
32.05	67
33.51	59
34.79	67
30.91	51
33.75	64
33.72	37
34.99	90
33.57	56
35.05	122
34.37	102
37.25	82
36.15	15
36.12	55
33.96	100
35.95	68
32.03	6
34.71	61
33.7	88
31.9	4
33.38	46
35.26	34
34.12	52
33.65	69
33.44	61
33.04	67
34.68	54
34.13	67
34.59	83
34.26	42
34.32	54
34.02	48
32.34	113
34.28	39
33.16	106
33.55	62
33.27	118
33.3	25
33.23	112
32.93	120
35.01	34
34.68	85
33.37	65
34.02	35
32.19	28
33.3	58
31.59	21
34.3	63
33.84	60
33.5	35
32.85	26
32	45
35.3	26
33.91	57
34.15	53
36.48	57
35.3	69
34.66	38
32.39	46
33.29	124
36.62	61
36.62	61
35.87	62
37.91	56
34.71	52
37.71	33
34.32	60
35.1	43
34.3	69
34.14	62
32.46	45
32.03	66
36.01	39
33.99	52
32.12	59
33.26	93
35.33	29
34.18	40
34.72	92
35.45	26
33.61	118
35.68	47
32.08	67
35.35	57
36.34	57
33.12	82
35.76	65
32.95	47
34.65	55
35.51	68
34.99	53
35.6	37
32.8	66
34.98	34
33.29	64
34.82	109
36.02	59
33.67	55
33.28	69
34.87	58
35.72	54
33.08	60
37.01	67
35.66	24
36.05	52
33.33	62
33.83	32
33.28	68
37.87	39
33.52	25
35.55	67
32.48	38
33.32	16
33.45	40
32.78	117
36.5	59
31.18	67
35.12	64
34.34	58
36.38	24
34.97	52
33.5	63
34.36	66
34.19	22
34.7	18
33.47	54
32.1	69
33.36	88
32.7	115
35.82	69
33.47	67
33	100
31.01	35
35.03	59
33.89	69
34.1	35
35.34	50
34.18	76
32.7	31
30.98	25
33.37	53
33.9	34
33.23	76
33.79	64
31.7	84
32.26	61
32.28	60
34.1	6
34.58	49
34.03	69
34.82	60
35	64
34.96	15
34.35	59
36.94	53
34.84	60
33.62	33
34.81	33
35.01	61
36.53	44
33.17	53
33.87	58
32.32	69
35.15	49
33.19	48
34.16	63
33.37	58
33.8	117
33.41	67
33.35	65
34.81	40
32.43	54
34.76	44
32.94	64
32.76	122
34.26	112
33.62	54
36.16	62
33.42	36
34.53	63
32.54	62
33.83	26
34.26	112
32.62	116
33.68	53
34.44	69
35.51	56
34.35	69
34.67	51
34.5	15
34.01	58
34.66	62
34.7	58
33.77	59
33.21	67
35.39	58
35.21	55
34.51	62
35.82	68
33.18	66
34.67	69
33.78	39
35.4	105
36.98	65
35.6	47
32.75	54
37	35
33	25
33.89	66
30.38	15
33.78	101
32.48	22
34.58	87
34.49	20
31.58	69
32.88	65
34.37	34
33.19	54
30.69	69
32.51	23
35.61	89
33.35	66
31.65	47
32.7	65
32.98	41
32.32	114
33.14	67
36.19	67
32.82	50
32.11	54
34.17	66
33.72	53
33.67	65
33.3	32
33.6	99
33.89	41
33.69	40
31.82	6
31	3
34.37	44
32.01	39
35.09	54
35.76	62
32.48	102
31.23	63
33.04	119
36.07	40
33.3	50
33.76	64
34.33	53
33.6	54
33	61
32.16	69
34.67	47
35.22	66
33.48	62
31.73	50
33.37	50
33.82	117
32.91	44
34.46	65
33.23	36
35.66	58
35.44	34
34.62	64
34.23	68
35.11	69
34.19	111
32.32	66
34.66	63
34.25	56
35.08	53
32.57	18
32.36	69
34.85	52
33.58	117
35.34	56
33.2	54
33.6	58
34.14	65
33.25	36
34.3	63
35.51	44
33.82	54
32.45	68
32.67	47
34.17	15
33.57	54
34.82	51
31.03	55
32.96	77
33.05	66
31.69	65
33.57	34
36.25	58
34.42	43
32.61	116
33.69	67
34.58	92
33.3	57
33.66	38
33.8	62
34.06	63
31.15	67
30.91	68
34.44	34
31.1	59
34.32	65
33.82	69
35.82	57
33.48	48
31.59	63
34.09	63
31.81	37
34.52	94
37.71	49
35.6	67
34.69	55
35.05	60
36.41	50
34.75	59
33.41	49
34.39	34
37.1	63
34.84	62
36.31	53
34.03	44
33.9	47
33.69	53
35.54	74
33.37	105
35.79	67
35.37	52
33.85	61
33.74	34
32.61	49
31.78	22
33.55	36
32.93	54
33.87	38
31.69	41
33.21	59
33.16	41
31.76	52
34.59	110
34.09	66
34.58	64
36.59	47
33.58	63
35.02	109
36.73	46
32.69	68
35.99	40
33.33	46
32.19	63
33.37	94
33.97	66
32.1	57
32.52	18
31.97	76
32.65	114
31.82	64
32.39	54
34.15	42
33.73	24
33.46	57
32.86	61
35.95	28
32.53	51
34.44	65
34.35	38
32.34	97
36.03	57
34.5	63
32.55	64
33.19	63
32.24	26
33.22	34
32.17	49
34.38	55
36.85	38
32.5	56
31.96	58
34.7	34
33.01	49
31.45	46
34.09	61
32.1	55
35	42
32.08	55
32.15	67
34.99	64
35.01	54
32.96	58
32.48	55
33.88	52
34.34	118
34.61	67
33.37	101
33.13	12
32.85	50
33.35	54
34.51	49
33.62	53
36.24	78
36.26	52
35.72	64
32.88	63
35.46	51
34.1	59
34.46	46
34.28	22
34.19	59
32.88	63
35.59	51
33.61	54
32.83	106
35.76	33
34.44	61
34.93	67
35	35
31.55	8
33.98	15
35.32	55
34.19	54
32.48	68
33.67	53
33.58	64
33.32	58
32.09	65
32.48	66
33.25	45
32.14	65
33.55	58
33.93	57
30.76	31
33.13	52
33.62	38
34.67	63
34.25	27
31.08	68
33.32	86
32.87	69
34.96	68
34.82	30
34.44	71
33.56	66
33.7	56
32.56	62
31.21	45
32.67	61
34.5	34
33.3	53
32.99	57
34.2	59
33.82	43
34.69	56
33.3	59
33.78	57
33.31	99
33.77	29
33.83	59
34.09	65
33.6	54
33.21	54
32.83	66
34.16	68
33.77	67
34.23	56
32.42	64
34.14	120
33.58	43
31.96	86
30.87	69
33.39	56
33.67	67
36.02	45
35.19	63
36.32	69
35.73	53
35.23	56
31.92	69
34.67	34
34.41	59
32.4	86
33.56	54
33.17	67
33.23	40
32.73	58
33.09	54
34.29	45
32.78	67
32.35	58
32.2	116
33.15	114
32.33	53
31.62	60
35.82	68
32.13	97
32.15	55
31.94	63
31.01	69
34.85	28
34.1	34
32.75	65
31.5	29
34.41	67
33.03	44
34.9	34
33.04	82
33.94	19
34.43	66
32.48	61
36.71	9
33.43	92
32.39	63
34.22	66
32.18	124
31.48	29
33.74	102
31.54	51
36.04	36
33.66	54
31.53	64
34.86	58
36.26	64
33.93	50
33.88	115
35.91	63
34.26	63
34.21	118
37.01	48
33.84	61
36.65	51
34.23	63
35.2	66
33.78	46
37.05	55
35.19	56
34.74	65
36.64	58
34.55	100
34.49	63
32.7	68
33.07	54
35.29	25
34.77	117
33.76	120
35.08	25
30.08	67
34.04	63
32.74	122
33.5	53
31.85	62
33.61	105
31.69	44
31.75	77
32.63	29
35.28	37
32.51	20
33.27	42
34.37	51
32.29	115
31.2	48
33.85	23
35.34	104
36	57
34.38	57
32.48	68
34.35	66
36.58	57
33.5	46
34.92	12
35.01	64
32.65	80
35.86	57
32.86	40
33.18	32
34.42	72
34.45	82
33.46	34
34.12	50
31.42	44
32.35	44
33.22	105
33.92	96
31.71	61
34.54	65
33.51	29
32.37	36
32.37	36
32.78	48
31.94	91
32.3	65
33.87	102
35.71	67
34.4	117
33.94	65
33.75	65
34.96	20
33.81	68
36.9	34
35.15	20
33.53	96
32.48	51
34.88	49
31.53	62
32.18	29
36.01	56
37.03	69
33.1	66
34.52	67
35.26	39
32.37	56
31.62	26
33.54	24
34.75	51
35.21	33
34.96	64
34.2	37
34.96	32
32.94	52
31.35	9
33.81	90
34.26	40
33.93	78
35.42	31
35.25	34
33.56	68
33.82	57
34.32	69
33.15	108
35.91	49
32.49	10
33.16	63
31.89	46
33.78	120
32.78	27
32.1	20
30.68	14
32.26	60
32.26	60
34.99	39
33.91	42
34.16	66
35.12	44
33.33	26
33.94	67
33.91	14
34.65	80
37.17	57
33.03	38
32.93	56
33.98	97
32.43	93
33.04	58
34.09	50
30.29	18
34.03	55
33.92	22
34.78	21
31.31	35
34.61	85
31.07	78
33.04	74
32.67	78
34.83	75
32.85	46
31.8	72
35.73	73
34.96	51
33.14	70
33.73	50
34.89	140
33.17	54
31.28	61
33.76	76
34.01	72
31.72	78
33.82	57
34.32	44
32.28	73
32.81	147
33.2	75
36.4	49
33.11	68
34.8	46
33.25	77
33.61	49
33.59	62
34.01	72
34.37	21
34.92	38
38.6	34
34.06	28
33.45	75
33.45	75
32.6	68
36.73	47
34.48	34
33.19	86
32.38	42
34.35	56
33.82	49
32.08	61
35	44
34.29	92
34.23	55
35.64	43
34.7	90
34.83	67
32.76	56
33.87	129
33.69	31
33.46	63
35.55	44
32.95	62
33.15	68
34.57	57
32.8	74
34.4	74
32.33	42
32.14	56
32.39	61
32.32	72
31.71	72
36.99	41
32	68
35.12	62
32.71	77
31.34	78
34.8	76
34.81	75
33.05	68
33.34	78
33.69	67
34.67	66
34.04	109
33.98	72
33.1	69
33.12	104
36.25	52
33.72	72
32.86	35
32.9	77
32.18	62
32.77	19
34.05	64
32.3	53
32.93	70
33.61	86
32.89	47
32.21	64
34.03	52
34.82	62
34.24	129
33.37	65
33.87	74
31.96	73
32.62	78
35.46	68
34.4	19
35.46	69
35.91	57
33.89	139
32.16	76
34.39	76
32.74	68
32.44	59
31.84	78
36.77	54
36.05	40
34.36	44
35.26	64
32.49	73
33.58	67
34.03	56
34.14	93
33.21	68
34.99	67
35.64	54
34.35	74
32.53	71
35.38	62
35	59
36.73	55
33.55	128
34.7	70
34.25	58
34.42	30
34.13	136
33.69	57
32.2	63
32.57	77
33.64	35
35.75	61
34.58	74
34.66	57
35.32	60
31.94	78
33.6	74
34.53	13
32.86	72
33.04	75
34.66	43
34.46	37
34.16	36
30.9	66
34.98	48
35.83	39
34.02	101
31.75	67
37.14	50
32.71	64
31.96	70
34.02	62
33.94	77
31.18	71
30.98	67
33.82	78
32.14	70
34.4	109
33.79	98
34.1	29
33.93	101
33.97	130
32.87	121
31.79	53
33.02	149
34.28	42
33.5	42
31.49	71
33	65
36.49	35
34.35	72
34.13	62
32.66	147
34.35	68
31.29	50
34.96	37
35.76	64
34.78	59
31.72	69
34.28	32
34.82	73
33.03	78
35.08	65
34.07	31
32.67	72
31.93	75
34.27	114
33.03	78
33.96	15
33.38	120
33.25	52
35	17
31.42	58
34.63	45
31.73	23
33.91	117
34.21	82
35.75	32
30.42	62
30.42	62
34.77	27
34.08	57
34.08	72
32.08	56
33.53	28
33.14	63
35.8	49
32.69	32
32.15	77
34.74	44
33.31	114
33.35	70
31.89	65
34.41	36
32.78	64
31.89	35
30.02	59
33.51	75
33.6	51
33.37	76
32.11	70
31.75	64
33.33	76
31.92	15
32.3	78
34.45	121
34.45	121
32.71	128
34.34	33
34.5	141
32.13	65
32.75	70
32.73	90
33.34	156
32.36	67
31.67	73
33.19	60
33.38	29
31.37	64
35.76	104
33.41	69
31.59	76
31.45	28
32.68	135
32.97	97
33.71	67
35.31	77
33.46	134
34.02	69
32.02	69
33.13	135
32.14	74
32.8	45
32.16	67
33.09	25
32.3	78
33.5	64
33.62	41
33.88	113
34.58	71
33.01	73
33.76	74
34.86	46
35.6	75
32.46	73
34.01	76
33	67
