sim	len_diff
34.79	120
37.02	86
35.65	107
33.86	115
33.52	148
35.44	141
33.43	141
33.91	129
33.65	43
34.22	115
35.68	90
35.7	213
36.47	124
34.64	116
33.85	148
35.64	125
35.43	121
35.21	124
35.66	102
32.42	147
36.78	120
33.79	137
35.27	85
33.86	139
34.32	123
31.92	138
33.58	139
36.76	49
34.02	143
34.61	133
33.89	215
34.39	215
34.18	111
34.64	114
36.48	73
36.34	77
33.01	140
35.05	129
33.06	146
33.18	141
33.98	132
34.71	101
34.71	101
34.71	101
34.71	101
33.31	142
33.02	147
33.52	94
34.51	203
34	214
35.58	127
34.26	140
34.79	123
34.41	146
33.1	140
34.67	133
32.54	119
33.64	137
33.13	147
35.57	133
35.02	83
35.77	120
33.85	119
32.84	134
33.59	148
33.04	186
33.22	170
33.83	134
34	291
35.97	78
34.1	143
34.6	58
35.06	122
35.06	122
34.15	172
34.02	175
33.27	131
35.1	184
33	136
33.29	148
33.62	237
33.9	124
33.03	133
36.16	70
33.32	128
33.49	85
35.32	123
34.75	102
34.79	124
34.6	127
33.25	117
33.92	229
35.12	93
33.19	146
33.01	27
34.67	139
34.01	132
34.15	112
33.18	26
35.29	122
34.21	144
34.24	112
33.63	140
33.88	148
35.71	143
33.89	120
34.74	146
33.5	144
34.64	119
32.64	147
33.76	119
32.63	134
33.03	143
33.73	146
35.47	133
34.68	246
35.64	89
33.71	143
30.66	140
34.75	95
36.63	98
33.49	130
33.7	76
36.21	111
34.5	113
35.56	120
33.62	129
34.31	127
35.11	125
37.26	101
36.52	124
34.63	54
33.25	105
32.37	139
35.13	42
37.03	112
34.98	137
32.34	148
33.26	105
33.55	104
33.36	58
35.36	92
35	237
33.54	131
33.6	137
33.37	146
32.05	133
33.31	142
35.25	74
34.85	102
32.58	145
34.24	84
35.72	109
34.89	133
36.3	148
34.5	129
34.18	109
33.36	111
33.13	122
34.29	107
35.93	108
35.05	101
33.23	116
34.91	115
34.21	138
32.45	109
33.24	145
34.27	127
32.61	148
33.44	110
32.9	136
34.29	135
32.03	147
33.96	110
33.23	110
34.58	41
34.28	73
34.02	49
33.58	146
34.73	137
34.6	77
33.77	126
33.06	146
34.59	94
32.88	146
33.26	130
32	148
32.76	147
34.61	110
35.6	98
34.09	102
34.81	109
34.68	132
33.48	147
36.07	62
32.31	145
36.94	80
34.15	133
32.48	145
33.09	143
34.3	145
37.12	114
36.18	141
34.52	139
34.13	133
33.85	138
35.13	97
32.9	146
34.34	138
33.53	137
34.2	114
33.63	186
33.45	135
32.82	142
31.94	136
32.62	143
31.64	148
33.27	204
33.92	144
32.72	2
32.59	130
31.87	145
34.37	148
32.87	147
32.87	147
31.87	142
32.89	123
33.58	129
32.26	147
34.09	133
30.97	137
34.1	187
32.98	147
33.44	111
31.98	144
33.82	142
34.31	144
33.27	141
35.36	139
34.74	106
32.56	139
33.95	86
34.05	91
34.96	58
32.5	137
32.2	140
32.94	138
32.22	142
33.82	132
33.87	90
33.39	146
32.46	143
33.12	130
33.01	139
33.78	148
31.64	33
33.3	141
33.22	243
33.19	142
32.69	148
31.9	144
33.35	146
33.26	143
33.4	138
33.43	136
33.68	135
34.44	104
33.75	121
33.92	148
34.82	87
33.47	135
34.13	132
34.57	143
35.05	95
35.6	117
34.27	115
32.28	144
34.67	251
34.34	146
33.93	130
35.63	102
34.84	126
33.85	148
34.68	139
37.11	111
35.1	116
35.54	213
33.52	241
36.07	121
35.44	128
34.39	128
35.71	131
34.38	96
32.47	148
36.95	72
34.81	89
33.55	148
37.02	60
33.19	138
33.76	139
35.52	127
36.9	114
34.63	145
37.72	104
32.75	141
36.84	134
35.98	91
35.31	117
34.37	129
36.11	117
35.55	139
33.35	142
34.55	146
34.11	83
35.7	135
35.77	89
36.41	79
36.95	130
34.64	115
38.18	117
35.39	113
34.85	144
33.82	148
35.65	117
35.69	146
35.37	139
36.37	103
35.29	148
34.69	102
34.62	119
36.69	82
35.04	110
36.14	123
36.78	64
34.88	141
35.29	106
32.91	146
35.54	136
35.16	127
34.8	136
37.45	87
35.09	130
33.42	144
34.83	124
37.37	68
34.35	139
36.51	127
36.37	148
33.87	127
34.95	64
32.23	117
34.94	125
33.42	133
38.13	170
33.78	94
35.2	190
33.64	120
34.14	86
32.7	9
34.81	143
34	130
36.42	88
35.64	99
37.02	126
37.75	52
36.29	120
36.39	63
34.72	110
36.89	55
37.45	96
35.08	173
34.98	209
35.16	143
35.21	156
33.45	113
34.44	102
33.92	50
35.82	129
35.35	111
33.87	58
31.52	45
31.3	128
32.28	126
33.58	94
33.43	79
35.38	118
33.98	70
32	127
33.87	93
36.56	59
35.92	76
35.92	104
36.96	95
39.29	235
34.86	122
36.17	110
37.16	97
35.87	115
35.49	109
36.47	105
37.14	112
37.16	46
35.1	122
38.81	70
36.93	67
35.65	96
35.31	110
37.43	108
36.1	111
34.11	117
34.11	103
34.2	130
35.37	100
34.44	29
35.03	76
34.76	80
33.79	117
34.44	75
35.19	116
33.56	97
35.08	103
34.33	123
33.5	222
33.55	116
32.87	106
34.7	52
33.24	123
35.08	103
33.8	130
35.83	116
36.52	211
36.81	85
35.3	68
36.83	33
33.88	131
35.54	120
36.12	58
35.52	124
36.38	112
36	111
36.17	86
37.31	128
37.53	93
35.54	236
37.69	86
35.65	103
35.71	127
36.12	123
35.84	104
35.17	106
36.33	85
35.16	86
33.93	113
33.37	119
35.11	87
35.16	149
34.61	121
34.96	164
34.59	97
37.69	123
37.06	67
36.26	89
38.17	75
35.41	129
36.78	87
37.55	124
35.14	127
37.41	105
37.14	118
33.77	95
34.48	113
35.07	206
35.5	111
34.13	121
34.81	97
33.86	77
32.99	89
35.97	117
33.21	115
33.81	116
35.33	128
34.43	147
34.23	113
33.66	111
34.54	88
32.77	122
34.24	62
34.98	101
34.01	69
35.54	95
35.64	117
36.98	114
33.45	45
35.23	121
36.35	84
36.15	33
34.78	115
35.86	130
34.95	121
34.43	111
34.48	114
34.68	111
33.52	131
34.68	111
33.77	117
35.27	130
33.35	115
33.39	80
35.06	64
35.14	111
37.77	96
35.79	178
37.37	153
35.66	86
36.95	90
35.72	109
37.41	87
37.67	107
34.76	94
34.89	92
35.35	211
34.7	84
34.19	104
34.47	117
33.42	79
33	127
32.54	117
33.32	109
34.77	118
32.94	103
33.06	119
33.56	213
33.47	105
34.42	131
32.08	131
34.08	105
33.23	67
33.35	90
34.02	125
39.89	66
36.51	100
37.57	41
35.98	74
35.83	130
36.71	105
39.22	60
38.12	125
37.6	219
36.5	94
35.59	91
36.81	68
35.7	107
34.88	119
36.93	96
34	87
36.85	88
35.98	62
36.17	96
35.68	118
33.15	55
33.55	102
34.92	44
34.8	117
34.55	116
35.28	131
35.35	116
34.47	125
36.11	80
34.71	204
36.41	73
36.2	85
36.61	59
36.98	128
38.8	105
37.47	98
37.37	109
36.19	106
36.01	180
36.34	114
33.84	104
33.03	122
33.54	174
34.6	83
33.32	119
32.27	130
33.86	122
32.75	72
35.92	118
34.42	120
38.71	91
34.78	124
36.93	100
36.66	122
35.01	97
34.62	130
36.17	52
37.51	106
34.45	123
37.14	110
34.99	129
33.27	18
35.02	127
34.24	87
34.36	46
35.45	79
36.69	102
36.48	85
33.65	122
33.54	128
35.55	129
35.87	129
33.85	128
35.38	123
36.52	77
35.5	35
34.77	131
35.59	117
36.9	37
36.11	210
34.78	44
33.16	117
35.37	86
35.34	50
36.4	61
33.7	109
35.18	60
36.12	76
33.2	94
34.98	106
34.42	125
36.38	40
34.53	81
34.25	78
36.06	129
37.15	82
35.36	95
34.61	88
34.67	108
34.48	97
35.97	232
36.71	15
36.53	127
35.82	82
37.78	93
37.06	111
36.43	116
36.08	36
35.37	126
37.54	105
37.08	91
38.02	109
36.66	113
36.3	129
38.21	118
36.18	120
37.43	82
37.82	90
37.12	102
37.9	48
37.43	79
37.76	95
37.27	118
34.97	92
37.07	120
35.36	118
38.71	101
38.12	91
35.49	94
36.24	86
33.87	123
35.26	90
33.6	92
32.42	116
32.95	44
33.61	31
34.28	117
35.39	93
35.64	114
34.1	182
36.03	94
34.39	104
33.9	121
34.93	130
34.89	58
32.23	123
34.66	126
34.69	140
35.16	90
33.93	117
33.72	119
33.63	56
31.29	127
33.57	110
31.74	56
33.78	115
33.18	22
33.5	42
32.73	80
30.53	23
36.87	82
35.19	119
36.49	129
36.24	118
35.45	169
36.1	106
35.85	102
34.91	88
37.16	108
38.03	32
36.9	92
36.55	111
37.59	116
37.44	102
34.9	116
35.4	127
35.82	109
36.49	188
35.59	129
35.28	42
32.39	21
33.5	93
34.18	228
35.12	187
34.01	61
34.65	34
33.11	73
34.28	103
34.15	110
35	98
33.73	121
33.31	128
32.76	84
33.02	125
31.72	68
35.09	108
33.67	160
32.71	93
34.29	84
33.59	129
34.82	96
33.76	118
34.32	188
32.87	130
35.32	125
34.76	128
34.19	94
31.54	115
32.65	115
35.04	52
39.41	85
37.8	103
35.04	102
38.77	93
37.19	102
35.76	111
39.73	92
38.47	113
36.77	182
36.17	125
36.22	95
32.84	85
34.95	99
34.27	109
33.39	40
31.88	130
33.35	74
34.6	97
35.28	53
35.64	64
34.08	110
34.8	88
34.98	83
34.26	121
34.77	156
35.19	122
34.75	112
40.54	175
35.31	92
33.78	88
36.96	87
35.52	87
35.9	103
35.56	84
37.32	178
35.14	107
35.88	78
35.38	68
36.08	37
35.42	122
36.65	95
36.15	118
33.46	35
35.57	235
36.67	82
36.8	74
35.14	167
36.77	44
34.95	22
35.67	130
32.87	45
32.31	130
33.73	100
31.91	96
33.96	146
33.79	114
31.57	53
33.68	55
32.43	104
34.06	114
36.08	192
35.27	101
32.44	122
33.18	108
34.9	67
35.09	107
35.42	131
33.74	126
34.94	119
35.86	79
37.53	120
36.9	72
36.73	87
37.16	119
37.4	127
37.31	127
41.67	153
38.83	106
40.54	114
36.33	103
33.67	127
35.61	179
37.24	64
34.88	97
34.24	118
35.59	93
37.53	100
37.36	94
35.25	106
37.21	97
34.26	82
34.59	116
34.94	131
34.98	95
33.07	185
34.33	140
34.67	101
34.17	69
33.03	123
34.04	100
35.97	114
35.24	109
36.39	49
34.75	131
33.94	126
35.71	119
36.23	84
35.15	105
35.79	99
34.52	99
35.43	123
38.05	85
35.65	154
36.91	51
34.78	208
36.78	77
35.69	125
37.08	71
35.56	77
37.15	60
35.56	123
35.99	8
41.54	177
35.93	97
34.51	127
34.22	126
36.3	78
43.18	171
36.55	127
35.86	88
36.69	213
38.85	85
36.5	126
37.45	173
36.93	126
36.47	128
36.69	131
35.09	38
36.77	93
37.18	94
35.08	127
35.74	93
35.43	81
31.95	3
33.02	12
33.99	121
37.42	111
36.79	111
36.39	71
33.39	120
35.13	116
34.46	123
34.74	115
35.27	139
36.1	183
36.68	150
36.02	113
48.07	44
33.92	130
35.98	130
36.21	128
36.81	71
35.12	131
33.99	131
34.84	3
34.65	103
33.79	1
35.6	117
36.86	119
35.02	119
36.35	85
35.99	123
33.28	39
36.56	91
35.97	118
37.18	69
34.32	117
35.86	58
35.29	111
34.24	123
34.33	20
34.56	78
33.66	101
33.97	112
34.62	32
35.3	113
34.27	101
33.6	128
35.07	107
33.24	71
39.44	177
34.21	38
34.87	109
35.59	128
34.18	131
35.07	81
35.22	118
35.61	80
34.57	128
34.67	130
34.98	111
34.21	147
33.93	119
33.73	231
35.74	106
34.75	131
32.91	68
35.82	107
34.91	117
36.85	130
37.26	70
38.6	149
35.78	131
36.78	62
37.45	96
34.67	107
36.27	85
36.91	119
34.97	115
35.73	47
35.14	93
37.8	81
33.98	94
35.16	58
34.78	36
34.39	43
36.26	201
37.1	83
33	116
34.11	95
33.72	112
34.96	129
34.32	116
33.43	111
32.69	79
34.75	133
32.16	44
34.11	98
31.31	123
36.58	97
34.83	117
34.51	72
34.82	100
34.72	202
36.31	92
34.69	105
33.15	69
34.45	124
34.22	89
35.97	126
35.75	22
36.18	132
34.64	119
35.29	118
38.55	75
34.82	116
34.13	131
34.45	20
36.86	90
34.32	95
34.66	33
34.43	117
34.77	146
33.63	96
33.74	116
34.45	126
33.94	131
34.89	89
35.25	156
35.52	77
34.65	101
35.27	83
35.7	51
34.11	131
35.1	121
37.33	66
36.13	99
35.93	94
35.68	122
33.27	31
36.47	96
38.28	85
35.51	86
35.86	77
36.06	141
36.06	124
36.39	220
35.38	111
33.88	87
35.43	137
32.97	65
34.71	127
34.45	73
35.37	129
34.01	116
34	68
32.89	127
34	128
35.44	115
32.13	40
34.71	107
32.29	114
33.68	120
33.78	128
31.5	126
33.05	91
33.11	131
33.41	96
32.76	89
33.91	139
34.42	111
33.76	74
33.75	128
35.76	96
33.45	118
34.8	114
33.8	71
36.73	86
36.73	86
35.16	128
36.83	108
33.86	92
36.28	106
34.78	111
35.79	162
36.5	58
35.47	68
34.88	25
34.49	64
35.21	101
33.41	112
34.14	107
34.54	51
34	112
36.92	126
35.3	15
36.58	110
32.57	131
34.5	74
34.65	54
34.82	113
36.15	43
35.6	120
36.34	69
37.44	95
34.56	71
36.89	177
35.7	221
38.56	76
31.16	3
35.08	64
37.27	84
35.41	98
36.76	158
35.17	125
35.52	201
34.82	105
35.9	98
35.82	102
32.78	89
34.23	113
33.51	112
35.18	178
34.29	114
34.21	119
32.47	64
30.68	16
34.47	176
35.09	137
35.15	60
35.05	27
36.07	77
35.18	85
34.64	120
35.83	131
35.84	94
40.26	172
35.46	82
34.05	124
36.93	90
35.77	75
35.18	114
36.25	113
36.61	74
36.31	99
37	88
35.78	108
36.56	123
35.58	72
34.38	64
31.85	128
33.44	42
33.86	129
35.07	106
35.09	67
34.7	79
35.92	118
35.04	111
34.8	99
33.81	117
34.88	118
33.31	128
35.07	129
33.39	117
34.59	10
36.3	62
36.08	118
35.09	79
35.68	49
36.51	94
36.47	110
36.64	112
36.5	79
35.11	117
35.91	111
34.92	125
36.75	91
43.25	187
36.61	109
36.7	76
35.46	117
35.36	125
36.17	104
36.96	105
35.52	131
37.49	68
35.43	94
36.54	99
35.92	129
34.75	122
35.95	89
34.75	129
34.6	129
36.26	83
34.48	47
33.3	20
33.8	231
35.35	127
35.46	97
34.68	96
34.67	29
34.34	131
35.45	95
32.07	19
34.74	44
35.9	119
33.51	115
35.52	175
34.59	123
33.71	113
34.9	116
34.61	129
33.55	115
34.12	121
34.34	129
35.9	123
35.79	63
35.76	87
34.88	120
34.7	125
34.33	127
36.25	60
36.87	112
36.13	129
32.33	130
35.82	106
35.27	96
34.28	97
34.74	108
35.89	101
36.32	188
35.99	97
35.89	130
37.55	108
37.56	78
38.19	149
36.67	114
38.14	53
35.8	86
35.67	31
34.97	92
34.25	122
36.08	44
35.7	42
36.5	172
35.19	120
35.8	94
36.53	53
35.02	106
33.67	130
37.25	94
37.06	130
33.13	24
35.43	118
36.54	59
35.94	76
36.19	110
36.16	123
33.63	24
34.22	235
36.24	110
35.22	50
35.61	96
35.34	100
34.13	116
34.3	40
34.5	127
35.26	115
36.6	80
34.25	125
34.47	120
36.01	122
33.42	121
35.43	64
33.15	124
34.86	123
35.2	127
35.69	202
34.07	99
37.14	74
35.3	126
34.87	125
36.93	70
32.23	128
35.65	89
34.2	120
35.54	64
36.97	79
35.31	87
36.09	73
36.82	96
36.92	119
35.84	129
37.79	132
36.73	104
34.89	126
34.35	126
37.65	55
36.71	125
32.54	26
33.44	123
35.45	76
34.34	98
33.16	93
34.44	112
36.26	111
33.64	116
35.28	47
32.41	107
32.43	124
35.48	168
33.83	90
36.22	87
34.7	98
34.34	73
34.97	80
35.58	16
35.45	57
35.31	24
36.04	106
37.11	74
34.69	94
36.47	78
37.09	101
33.96	110
35.37	105
33.15	101
35.55	114
33.99	77
33.27	106
35.25	102
34.24	96
35.05	84
36.06	163
33.54	112
35.48	106
36.45	70
34.84	118
34.72	30
34.44	118
36.23	120
33.97	112
33.23	125
33.58	122
33.3	110
33.27	202
32.89	112
32.23	117
32.11	131
32.13	119
35.7	35
34.97	84
32.09	98
33.04	118
33.17	47
33.61	65
34.01	148
34.44	64
35.83	191
35.23	95
35.77	145
36.43	136
36	163
36.59	81
36.98	84
34.86	124
34.72	55
36.64	128
35.99	119
35.95	96
36.47	40
33.84	81
34.56	118
36.74	97
34.58	115
34.48	100
34.67	126
34.32	131
36.83	133
34.89	126
35.28	197
36.91	212
35.3	90
36.03	102
39.26	91
34.56	129
36.68	103
35.54	122
34.96	124
35.45	124
37.19	81
36.45	130
33.54	29
36.05	108
36.98	236
36.44	100
37.19	47
36.73	118
38.21	31
35.53	76
34.96	120
33.54	95
34.26	125
34.71	90
33.52	26
34.24	72
33.43	130
35.29	66
33.54	119
31.94	112
33.2	123
33	218
30.95	17
33.25	97
31.55	25
35.91	67
34.95	120
34.49	101
35.37	122
35.36	107
33.57	128
37.4	102
35.88	124
35.48	112
34.57	108
34.22	83
36.61	90
34.98	129
35.05	168
34.39	104
33.66	108
34.35	210
33.94	101
34.15	224
34.65	160
33.79	125
34.37	83
34.02	117
34.16	86
34.12	115
35.19	119
33.59	87
34.27	145
32.2	119
31.65	127
33.86	122
33.07	83
33.2	118
32.34	127
35.02	87
35.66	98
34.2	154
33.9	111
32.88	13
33.77	116
33.3	221
33.4	202
32.12	131
37.31	111
35.5	105
34.77	124
35.56	79
35.19	23
33.3	9
34.82	122
37.31	72
34.99	89
34.29	123
36.24	70
36.49	127
39.39	87
37.7	118
36.93	91
38.22	86
37.79	164
37.18	119
37.02	123
35.5	129
34.05	48
34.89	47
36.4	218
35.06	113
35.43	109
36.03	127
38.63	72
37.49	102
35.6	78
34.32	122
34.63	101
35.52	44
35.74	46
33.97	121
34.79	115
34.23	129
34.21	62
34.81	122
36.48	76
35.38	83
33.15	82
33.28	59
34.32	127
34.17	32
35.16	161
34.78	101
34.23	84
35.09	76
33.26	131
33.73	79
36.4	77
33.82	117
35.33	99
34.42	91
34.02	180
34.3	82
33.89	127
35.03	126
34.06	204
34.79	95
35.75	84
35.97	121
36.12	76
36.48	125
37.01	112
37.27	108
39.48	88
37.41	100
37.13	114
37.39	85
34.48	146
32.83	46
34.17	141
34.25	117
32.82	101
33.39	103
33.89	130
35.67	118
31.42	15
33.97	125
34.72	119
36.42	123
36	110
37.47	86
35.91	115
36.44	118
37.17	89
38.55	72
38.05	75
36.67	103
32.23	128
33.28	81
32.74	186
32.9	20
33.61	178
33.85	77
35.31	114
33.4	69
33.54	126
32.79	126
36.61	102
36.17	129
35.78	78
35.99	65
34.39	124
35.16	85
38.08	86
35.39	109
35.97	107
37.86	53
36.27	97
36.32	175
35.4	128
35.98	105
34.76	122
37.03	72
35.24	66
37.06	127
36.23	99
34.41	79
34.73	103
35.78	84
35.14	35
35.68	112
33.97	63
32.14	60
33.59	116
32.66	65
33.87	74
33.3	42
33.41	103
32.42	123
34.62	121
33.1	127
34.81	38
34.89	84
34.41	175
35.36	132
35.23	92
35.81	98
34.51	160
33.47	128
34.25	124
33.13	129
35.04	212
33.2	106
34.57	109
35.92	130
33.87	80
34.89	116
36.68	55
36.28	129
36.53	115
37.72	88
34.99	118
37.8	91
36.86	105
36.21	109
36.38	84
35.81	99
36.31	94
38.81	69
35.79	55
36.12	122
37.67	106
36.04	122
38.02	53
35.22	124
35.77	115
37.71	56
35.08	5
38.56	53
35.58	110
38.29	71
36.17	129
36.18	46
37	55
37.44	94
38.18	53
37.01	43
35.81	126
35.44	112
36.06	117
35.72	85
35.7	70
35.87	97
36.71	64
37.65	52
36.61	119
34.91	111
35.86	108
35.7	85
37.68	107
37.88	92
36.66	150
36.59	123
35.08	129
36.28	84
34.67	36
35.26	127
38.29	105
37.37	140
36.9	112
36.01	126
34.67	125
37.04	113
37.23	113
36.45	78
34.84	95
37.72	112
36.88	115
36.68	108
36.32	105
37.57	83
38.7	64
35.36	122
36.35	121
34.64	128
35.13	121
35.12	41
37.99	94
36.86	73
35.69	85
34.92	116
36.36	156
35.85	124
36.14	99
36.96	92
36.15	107
35.36	128
35.88	124
37.29	95
35.01	126
37.66	118
35.26	106
37.38	77
35.44	113
35.96	64
36.79	200
36.45	90
36.18	108
33.16	7
34.7	112
34.09	19
34.96	129
35.08	35
35.63	184
36.04	82
35.66	204
33.24	128
31.22	4
33.57	66
33.79	25
34.43	180
34.35	116
35.72	146
33.63	111
35.78	62
35.35	84
33.52	115
34.8	38
34.26	117
34.57	63
35.84	115
35.4	84
34.52	130
34.66	131
34.81	84
34.22	37
33.93	128
34.63	113
34.44	194
36.29	44
34.23	79
35.5	130
36.51	76
37.02	84
34.84	72
34.68	83
36.35	103
37.42	132
35.93	119
36.12	40
37.02	89
37.05	126
34.74	126
36.17	109
38.5	106
36.47	77
36.87	87
36.88	42
36.07	70
36.99	166
36.77	125
36.75	116
34.08	2
36.47	123
33.44	106
36.05	105
36.1	70
36.47	131
36.75	122
35.51	129
36.81	116
35.09	120
36.01	112
36.48	50
36.9	102
35.51	78
37.86	93
35.73	78
33.23	131
33.42	74
35.29	58
34.57	98
35.13	112
31.89	109
35.16	84
34.94	112
36.18	130
36.26	113
37.16	128
37.86	130
35.88	90
37.85	86
36.06	124
33.65	2
36.53	71
36.79	37
36.37	111
36.28	187
37.93	83
35.96	135
34.4	25
34.25	119
34.23	32
37	124
35.27	129
36.23	230
35.57	125
37.48	53
37.27	91
36.63	49
36.55	115
38.99	77
35.6	76
35.77	108
36.52	131
34.18	109
37.31	131
35.44	75
34.72	121
36.56	68
36.07	130
33.82	77
33.85	74
34.92	107
34.19	122
35.18	72
35.79	229
35.01	101
35.33	101
36.67	91
36.88	88
38.21	78
37	199
35.09	17
36.81	95
35.2	92
35.62	84
37.43	101
37.62	132
36.98	108
37.4	52
36.87	104
37.51	66
36.85	95
37.94	121
36.75	104
36.5	209
36.47	118
35.84	129
35.81	102
35.83	114
37.71	36
37.77	81
38.1	60
36.59	34
35.93	110
35.23	125
36.53	56
36.05	114
37.56	124
35.78	48
36.52	174
34.82	59
36.25	89
36.88	188
35.76	115
35.62	114
34.67	56
34.99	129
36.04	131
35.34	216
34.77	109
36.52	90
33.47	127
34.65	79
33.9	93
34.15	121
36.47	218
35.33	59
34.6	26
38.14	87
36.59	106
35.48	121
35.77	135
36.68	174
35.88	64
35.59	21
36.09	82
35.1	128
35.72	105
34.75	131
35.38	101
34.52	127
37.22	172
35.63	129
34	60
34.18	127
35.29	84
32.37	81
33.61	121
33.92	116
33.82	108
32.92	130
34.04	43
34.56	109
34.06	37
34.8	104
36.33	171
36.07	92
35.36	109
42.53	178
36.4	146
37.81	77
35.95	131
34.66	98
35.81	83
35.45	118
37.86	68
34.43	122
36.54	77
35.1	65
33.85	1
34.91	126
36.57	113
35.88	99
35.36	115
35.87	76
36.21	88
40.25	161
36.51	120
34.05	115
35.28	120
34.47	106
35.81	125
33.32	123
34.02	88
34.81	48
33.17	109
33.87	117
33.97	98
33.67	131
34.27	110
34.54	97
33.44	127
36.01	95
35.45	89
34.09	207
39.3	72
37.1	79
36.43	107
35.56	107
35.1	128
36.01	63
36.61	107
35.11	128
35.37	122
36.18	119
32.44	111
34.06	211
33.87	183
35.47	129
33.71	69
35.3	179
34.83	46
33.43	107
33.48	98
34.52	113
35.37	127
35.37	110
34.62	104
35.17	77
35.77	20
32.82	1
33.86	101
33.4	3
33.56	72
34.51	92
35.3	68
34.73	118
34.85	131
36.7	102
35.47	116
35.35	204
35.21	84
35.98	121
35.42	25
35.47	25
35.29	200
34.26	126
33.47	111
34.75	105
34.9	95
35.26	78
33.23	118
34.83	106
34.19	48
35.62	130
36.6	98
37.25	118
36.13	130
37.5	86
33.63	128
35.68	81
36.16	116
38.35	68
36.42	94
34.26	118
35.06	130
33.31	117
33.47	115
35.56	81
34.55	113
33.73	107
37.09	50
35.42	77
35.22	53
34.37	116
32.57	115
33.94	127
32.97	74
33.07	119
34.95	89
33.62	129
34.2	120
32.78	113
30.14	3
32.37	124
35.48	53
33.73	121
35.55	78
33.96	121
34.29	55
33.72	127
35.52	44
36.15	192
34.22	34
34.82	101
35.6	24
35.53	49
35.25	127
35.8	120
35.81	83
34.15	41
34.64	102
34.47	78
34.63	93
34.32	158
35.88	106
34.8	120
36.56	99
36.54	91
36.18	104
35.06	35
36.76	83
35.79	129
41.58	178
35.4	108
37.72	76
38	89
37.1	77
33.64	7
35.15	122
38.28	153
37.71	123
35.68	125
37.22	137
35.48	129
33.23	90
34.28	117
34.28	185
36.88	86
35.03	70
35.09	74
34	119
32.9	129
35.3	131
36.07	63
33.21	18
40.75	191
36.48	108
34.73	84
35.84	124
36.17	119
35.59	86
36.4	130
40.17	179
38.62	65
31.67	124
33.29	117
34.43	115
33.91	130
34.83	70
34.41	61
33.42	108
33.03	125
36	52
33.47	87
36.68	101
36.21	75
36.71	121
34.99	119
37.57	53
37.09	115
37.81	78
38.54	85
37.67	81
34.56	95
34.26	117
35.07	131
34.36	179
33.54	126
35.66	79
34.09	129
34.8	87
33.87	118
33.83	38
33.82	45
35.15	122
34.57	75
35.15	101
35.8	118
34.65	128
35.04	185
37.41	84
36.31	75
38.2	108
34.37	126
33.71	160
33.5	82
34.45	73
33.39	106
33.94	221
33.83	129
34.1	117
35.06	114
35.15	108
34.72	108
33.38	70
32.98	122
32.56	103
35.66	82
34.49	188
35.11	109
33.76	54
34.82	131
33.01	127
35.77	74
36.52	113
35.55	111
40.71	193
34.39	104
34.9	115
36.13	66
34.6	130
36.72	77
36.07	110
35.73	131
34.01	124
37.38	70
34	123
34.78	92
35.43	71
36.03	112
35.09	129
34.22	120
33.26	117
33.7	130
36.77	61
34.86	80
35.87	124
34.36	121
33.78	113
36.51	90
33.1	95
34.06	90
35.41	76
35.13	48
35.22	125
36.8	109
34.72	115
35.62	60
36.94	49
35.74	115
36.89	129
35.82	107
34.9	77
35.46	73
36.82	90
38.31	67
36.03	98
36.69	53
37.48	104
34.82	106
37.11	123
37.16	110
37.39	78
37.19	103
34.61	100
36.41	198
35.59	101
35.17	122
35.2	34
35.47	110
33.56	32
34.3	115
35.95	107
34.47	126
36	115
35.32	109
34.3	207
33.12	117
33.9	106
34.46	85
33.58	94
34.23	108
32.48	128
32.77	67
34.79	132
34.78	94
33.78	130
31.54	124
32.74	129
32.97	127
34.09	121
35.18	119
35.97	106
35.11	206
33.31	49
34.28	122
34.39	118
35.95	121
33.04	104
35.91	144
33.14	89
34.51	67
39.33	188
37.14	58
36.23	94
34.78	103
35.91	35
34.54	117
36.32	113
35.95	113
36.08	34
33.98	117
34.66	126
37.25	71
33.73	127
36.86	157
34.26	125
36.72	132
35.98	108
36.25	73
35.19	70
32.93	130
34.3	154
34.83	121
37.8	69
34.86	124
37.13	108
36.71	124
35.92	129
35.26	88
36.14	199
37.32	74
37.89	122
37.98	44
34.97	46
36.82	67
34.97	118
34.64	123
34.4	121
36.64	77
34.43	139
35.59	92
35.25	101
35.56	91
35.7	183
35.07	75
34.78	125
35.78	115
35.14	122
35.99	85
36.18	59
36	61
37.43	114
35.46	102
33.15	129
34.26	114
34.73	214
32.97	120
34.11	99
33.64	58
35.85	126
34.04	104
34.02	68
33.86	69
36.11	125
35.97	108
38.44	103
37.86	53
38	37
35.61	118
35.83	223
34.05	26
37.07	99
35.35	131
33.37	125
34.15	144
34.31	29
32.83	13
34.98	110
30.32	8
32.03	127
34.44	108
32.89	109
33.22	198
32.58	113
34.33	51
33.58	52
33.65	109
33.11	121
34.66	114
34.07	98
34.85	55
34.34	136
33.98	120
37.35	84
37.81	82
37.55	118
36.22	118
38.2	75
37.25	101
36.41	162
38.01	75
37.41	51
37.04	107
37.79	79
35.87	97
36.73	81
36.54	54
34.71	22
37.5	80
36.67	94
35.21	101
34.31	115
35.96	103
36.43	108
35.07	79
35.64	129
34.48	130
35.93	185
33.51	8
35.83	46
36.05	110
37.21	107
36.06	131
33.5	104
34	125
34.59	124
33.32	42
34.48	131
35.54	106
34.35	213
32.59	98
34.82	69
32.5	69
34.33	160
32.7	97
34.62	129
34.64	128
34.7	80
35.33	94
34.02	105
34.57	112
33	52
34.3	110
33.55	97
34.65	98
32.21	108
33.27	130
34.31	39
33.87	173
32.97	33
33.56	129
34.42	220
36.59	95
35.95	98
36.78	74
35.23	75
36.68	106
36.55	112
35.72	94
35.85	131
36.54	36
35.09	125
33.54	131
34.61	113
34.87	124
35.81	35
34.83	97
35.41	83
34.24	125
33.94	98
33.2	56
35.67	109
33.87	67
33.72	131
33.89	52
35.42	123
34.42	214
34.5	65
33.74	124
34.91	50
34.11	54
33.05	59
33.4	37
34.24	119
33.42	123
34.17	96
35.23	127
32.55	13
33.39	131
33.9	59
33.16	18
32.37	106
40.66	186
35.86	172
35.14	57
33.77	121
34.21	98
33.67	130
34.67	124
32.62	8
33.47	125
35.91	137
35.26	130
36.33	50
36.15	121
35.69	111
34.88	41
33.77	45
35.95	103
35.38	53
35.79	84
34.37	103
35.93	142
37.73	147
36.83	54
34.31	118
35.33	184
34.32	51
35.68	97
35.56	29
36.1	46
34.44	35
35.17	148
32.38	111
35.55	89
36.03	120
34.14	116
34.51	19
34.51	170
35.39	209
33.45	171
33.25	22
36.31	124
35.79	124
37.08	86
36.34	88
35.89	125
36.4	86
100	0
36.49	72
35.5	131
37.16	114
35.62	103
35.3	105
33.68	60
32.81	130
34.45	221
34.33	94
35.55	103
33.73	122
36.3	106
35.71	51
36.05	113
35.99	126
35.35	96
34.39	76
34.53	131
40.78	177
35.52	125
33.95	8
34.29	129
35.3	127
36.43	181
34.21	122
34.92	123
35.93	70
36.6	55
35.59	213
35.58	76
35.53	173
35.27	62
35.26	77
34.8	131
33.17	115
33.38	105
33.45	13
31.2	32
34.7	112
34.95	105
34.29	63
32.78	128
34.75	139
32.94	119
34.44	21
34.27	127
34.48	67
33.95	141
35.43	98
34.82	58
35.43	98
33.6	111
34.45	89
33.73	122
34.75	112
34.12	79
33.83	106
33.95	72
34.88	89
33.41	129
34.49	108
35.61	129
33.5	28
34.85	156
36.1	115
33.31	103
33.55	34
34.41	106
35.65	112
35.2	124
35.35	132
36.25	94
35.36	65
32.54	115
35.07	58
36.11	29
33.99	122
33.27	124
34.59	130
36.35	38
34.23	170
36.13	110
34.56	110
33.43	106
33.6	37
32.92	124
35.06	76
34.13	116
34.07	73
35.36	128
35.03	115
32.58	131
32.87	129
35.17	68
33.53	116
35.71	93
35.04	123
33.66	98
35.01	121
36.16	147
35.11	167
35.07	70
33.92	101
35.43	121
34.35	82
34.28	118
34.3	213
34.37	225
36.1	176
36.4	75
34.77	61
33.35	126
34.78	31
34.43	129
35.52	102
38.78	102
35.51	187
35.55	111
35.51	39
35.67	74
34.81	104
37.38	41
35.94	76
35.33	203
35.06	88
36.31	78
35.76	119
35.57	48
36.15	107
36.12	99
35.96	99
35.67	74
35.84	122
35.86	115
35.55	28
34.22	121
34.25	106
36.86	93
34.47	131
37.1	75
34.54	92
34.57	107
35.55	36
36.74	125
35.93	71
36.63	33
36.46	124
35.19	48
35.54	80
36.58	117
35.93	113
34.56	100
37.64	94
34.82	112
33.01	108
35.23	84
34.03	220
34.49	72
32.99	129
34.29	90
34.81	106
33.63	126
33.98	106
32.12	6
35.68	124
33.22	124
33.37	25
35.74	129
33.9	107
36.38	120
34.63	100
34.96	39
34.59	76
33.53	102
37.29	131
33.72	73
34.65	133
35.63	129
34.46	122
35.4	129
35.63	94
34.17	108
34.61	107
34.82	112
32.76	101
35.23	84
34	220
34.49	72
33.04	112
32.72	129
34.32	90
35.2	106
33.63	126
36.06	120
35.74	122
35.82	105
36.29	103
38.26	73
35.35	117
37.13	100
35.2	109
34.65	111
36.01	131
36.96	114
34.76	100
35.14	129
33.34	26
35.3	129
36.5	54
35.1	75
35.69	87
35.17	85
35.05	104
35.7	108
36	114
36.72	102
37.65	94
38.25	82
36.78	131
38.65	85
35.57	131
37.61	42
38.38	114
38.23	99
36.05	115
37.37	139
39.33	79
37.1	87
37.3	94
37.53	115
37.95	161
36.31	130
37.17	116
34.11	131
34.79	42
34.41	39
34.45	73
32.86	176
33.2	89
34.11	113
34.86	147
34.46	78
34.23	28
34.59	128
33.83	123
34.67	144
34.63	109
34.9	125
34.36	88
35.76	134
34.35	64
34.01	116
34.42	118
35.18	157
35.42	123
36.69	38
42.34	168
36.39	101
35.47	114
36.65	200
36.01	108
36.55	96
36.66	108
34.89	107
35.24	129
35.25	120
36.81	95
35.45	125
36.65	112
33.67	36
33.7	44
34.82	97
37.09	79
34.41	63
35.65	103
35.84	118
33.83	118
35.05	212
34.57	127
36.52	62
35.71	59
33.33	79
33.88	123
34.82	120
35.82	107
36.97	75
36.23	94
36.65	97
36.3	215
35.67	118
36.13	101
35.98	130
38.1	47
36.46	55
38.82	115
36.18	128
37.36	143
35.66	114
37.65	43
35.67	35
37.28	64
35.64	123
36.76	128
34.32	110
35.41	58
35.69	129
36.93	62
34.61	60
34.63	77
34.11	125
35.28	121
36.76	123
34.68	127
35.93	204
36.2	59
40.97	174
36.62	119
36.67	126
36.67	95
36.12	67
36.02	114
36.98	222
36.12	126
36.05	124
36.5	58
35.36	114
37.67	84
37.48	156
38.75	153
37.33	92
36.42	109
36.81	66
36.11	121
35.67	91
34.44	128
35.51	133
37.29	122
36.01	105
35.67	121
35.88	213
35.43	81
34.96	65
33.82	8
36.49	53
34.7	105
33.25	117
35.33	8
34.29	235
35.35	130
37.18	64
35.63	122
36.6	80
36.61	127
35.62	212
35.28	80
35.44	85
34.89	100
34.15	128
36.23	156
35.88	91
35.41	101
35.48	68
37.25	124
35.5	130
35.94	120
37.4	149
35.52	118
36.86	46
36.25	121
38.1	90
34.54	8
36.72	72
37.54	126
34.26	89
32.78	131
34.66	49
34.83	129
35.58	77
34.68	43
34.43	118
35.13	130
35.14	84
35.17	110
35.15	125
35.67	119
35.61	100
35.61	110
36.13	35
37	135
34.48	129
37.09	236
37.25	121
35.8	122
34.02	106
34.12	121
34.09	117
33.29	122
35.12	120
34.47	118
33.05	52
33.76	129
34.39	87
34.65	81
36.98	121
36.51	127
35.81	106
36.87	92
35.81	109
36.57	40
35.84	122
35.55	61
36.39	124
35.95	81
35.22	131
34.8	90
35.32	84
35.4	191
31.47	5
34.25	110
35.62	119
35.02	110
35.93	90
33.02	125
38.07	100
37.76	131
36.32	64
35.99	116
36.89	53
34.78	106
36.98	106
37.86	67
35.86	96
36.28	208
36.63	131
35.56	97
36.03	70
34.25	127
34.37	103
36.17	211
33.31	20
36.22	86
36.28	100
35.13	102
33.56	86
30.62	131
33.24	125
35	50
34.41	139
35.81	72
31.33	20
34.73	84
33.44	105
34.45	99
35.76	85
35.54	112
34.34	120
35.05	120
35.09	129
35.31	107
36.97	57
35.96	115
34.99	121
35.26	105
33.21	17
34.87	82
34.57	155
33.57	25
33.85	102
35.98	31
36.67	155
35.05	76
34.89	93
35.33	118
34.26	143
33.15	12
36.63	87
34.94	124
33.19	121
34.9	145
34.32	106
33.81	69
35.95	103
35.12	84
35.26	80
35.34	113
34.11	119
34.59	46
35.61	83
34.99	107
34.16	121
36.4	122
32.71	30
36.53	95
35.41	118
37.73	74
39.22	73
36.39	46
34.78	115
37.75	30
37.62	101
37.79	92
35.57	98
37.65	42
36.05	116
34.21	126
34.86	73
35.97	125
35.67	130
35.35	127
34.9	90
36.1	171
35.82	97
37.29	108
34.13	66
33.41	126
33.94	128
34.59	145
33.44	127
34.79	113
34.42	107
33.92	111
33.98	129
34.31	76
33.76	108
34.05	66
33.19	114
34.63	130
32.15	128
33.22	116
34.05	107
33.1	127
33.39	121
33.94	128
35.93	188
33.66	29
34.76	80
34.08	124
35.1	118
35.56	119
36.2	58
34.94	124
35.68	130
36.49	164
35.25	81
35.34	104
34.39	122
35	122
33.68	121
33.52	117
34.88	107
34.38	88
33.04	24
34.94	123
34.88	74
34.55	77
33.6	112
35.47	97
34.72	54
35.51	140
34.55	127
35.22	117
33.29	211
34.01	113
35.96	44
33.88	93
34.88	73
34.61	80
34.77	111
33.29	80
33.14	33
35.39	166
35.35	98
33.67	104
32.53	42
34.71	122
33.75	49
34.28	91
34.08	72
34.13	120
34.2	106
35.27	85
35.88	73
36.99	111
34.2	120
32.55	106
35.11	69
34.42	126
33.44	48
33.16	41
33.2	129
33.76	31
32.19	126
32.56	127
35.67	65
33.98	66
35.15	115
34.21	99
34.75	75
34.02	129
34.61	55
34.54	99
34.14	117
34.74	168
33.88	117
35.58	129
34.11	95
34.34	89
33.17	59
35.88	118
33.48	38
34.07	88
34.84	55
32.48	8
36.66	88
32.17	21
35.82	130
33.47	123
35.12	112
36.31	49
36.35	94
36.36	42
35.09	123
35.39	131
35.34	112
36.27	130
36.34	51
35.28	16
36.28	128
35.46	101
37.09	132
35.48	90
35.28	100
35.77	174
33.71	123
34.43	99
33.07	130
35.72	124
32.68	91
35.66	105
33.41	115
33.22	63
34.37	101
35.36	192
33.17	91
34.77	130
34.7	186
33.67	114
34.79	121
33.76	105
35.14	153
33.08	78
34.38	101
34.95	110
36.41	82
34.45	94
33.73	80
34.52	223
35.34	92
34.78	123
35.66	108
36.25	124
34.7	86
34.18	121
34.96	112
34.57	79
35.7	129
35.65	69
34.15	220
33.95	72
33.41	129
34.68	106
35.51	165
33.99	106
34.07	98
35.17	67
34.7	110
34.26	17
34.28	179
34.78	111
34.72	126
36.14	159
34.5	89
33.66	78
36.72	78
36.55	164
34.77	128
36.24	44
35.19	111
36.57	123
35.17	100
35.61	104
34.52	103
36.07	123
34.27	48
34.53	187
34.43	155
34.21	153
34.97	99
35.14	211
32.9	101
37.01	115
33.55	71
32.79	125
35.48	236
35.98	87
35.72	107
35.12	78
37.45	111
37.93	81
38.37	41
38.02	108
35.21	119
36.73	126
35.17	103
35.67	108
33.23	107
35.31	75
33.55	26
33.28	24
34.77	127
35	87
35.65	109
33.26	41
33.15	81
35.13	83
33.87	123
35.72	165
33.95	236
33.88	117
35.07	102
34.02	105
32.05	32
35.04	79
35.84	115
36.56	80
34.44	115
35.33	111
36.51	121
35.78	125
36.95	84
37.17	59
36.71	98
36.4	129
35.84	126
33.19	78
35.95	148
34.29	128
34.54	187
33.19	43
33.99	124
33.57	55
33.94	51
33.45	126
35.44	71
33.45	121
33.99	111
34.23	107
35.28	106
34.53	221
34.69	121
35.94	67
35.2	83
33.19	125
35.2	100
35.74	123
37.83	122
37.21	74
37.96	65
34.89	19
36.1	41
37.71	97
34.83	116
35.91	125
35.25	83
34.42	106
34.34	230
35.67	205
35.08	124
35.11	108
34.32	57
36.83	106
35.08	177
35.2	156
33.45	121
34.19	195
32.94	93
33.87	81
33.5	49
35.33	117
34.24	87
34.26	113
34.46	126
34.04	71
33.86	59
33.08	120
34.52	91
34.33	125
33.27	125
34.4	13
35.4	131
35.88	55
33.8	129
34.83	207
34.69	62
34.08	126
34.63	116
33.47	130
35.18	132
33.43	85
34.73	71
36.41	73
33.48	126
35.01	67
33.37	124
34.64	227
33.39	113
33.54	38
34.06	87
34.63	114
35.52	77
33.84	111
33.42	89
34.88	211
32.65	35
34.09	137
36.12	64
33.13	34
33.22	130
33.43	58
35.41	114
35.36	129
35.53	98
33.92	117
33.39	45
34.02	121
34.89	206
33.44	29
32.64	128
33.58	120
32.52	106
34.17	122
34.96	65
32.95	73
35.86	95
36.79	123
37.17	88
37.73	48
37.47	104
37.29	76
38.31	61
38.27	141
36.4	70
36.04	102
35.15	84
34.22	118
33.79	122
34.67	101
34.6	118
35.23	147
33.03	113
33.82	123
35.37	63
33.83	113
33.87	125
35.15	74
37.05	78
37.68	95
37.17	110
36.35	71
34.39	95
36.59	76
35.95	109
35.09	75
35.13	120
34.42	129
36.75	129
35.92	126
35.3	122
36.86	66
36.31	86
35.11	117
37.2	162
36.81	100
33.3	91
34.33	106
34.2	127
33.82	118
34.83	124
34.06	107
34.3	121
33.6	118
35.04	86
35.8	62
36.03	108
35.33	83
35.52	75
33.55	113
32.62	26
34.98	115
35.38	83
36.92	105
36.3	57
33.82	34
37.53	108
37.45	102
39.28	80
35.76	114
35.78	112
37.42	58
37.04	90
35.18	129
36.14	99
36.2	115
35.26	115
35.19	106
35.79	96
35.58	188
34	120
34.61	156
33.99	89
34.73	161
34.91	107
33.51	98
35.59	81
33.36	131
32.06	120
33.97	81
34.62	174
34.66	129
32.58	94
34	109
33.15	123
34.7	84
34.8	130
38.05	54
33.94	123
36.19	95
36.23	68
35.37	220
36.34	113
38.21	79
37.03	55
34.62	115
35.06	119
32.78	42
36.03	77
34.3	148
34.23	123
33.35	24
32.41	109
33.6	232
35.29	70
34.65	55
36.54	13
36.35	121
35.33	119
35.83	121
38.13	115
39.68	72
36.68	125
34.84	130
37.9	106
36.48	97
35.41	127
35.47	129
36.02	118
37.28	61
33.25	125
35.42	165
35.87	105
36.95	104
35.06	125
35.9	96
35	129
36	112
36.12	127
35.25	101
36.02	111
36.04	130
35.31	123
35.63	90
36.2	232
36.76	86
34.66	96
33.3	127
33.54	111
34.27	111
34.21	113
34.44	106
33.99	126
34.83	203
33.88	102
35.92	22
35.87	119
36.33	49
37.04	92
35.91	117
35.68	57
34.43	130
35.42	125
38.08	71
36.65	85
36.75	104
36.4	50
35.04	93
35.12	112
35.88	20
35.3	115
36	153
35.75	113
35.01	122
35.1	129
37.81	89
37.17	134
36.35	130
37.52	89
37.28	115
37.54	92
36.87	118
34.57	106
36.36	82
37.58	70
35.81	83
36.73	78
32.98	124
35.14	88
34.1	101
34.21	128
33.09	55
33.73	80
35.2	159
36.05	137
34.72	62
35.67	77
33.48	116
34.8	118
35.52	96
35.12	216
34.72	52
33.18	6
35.86	138
35.25	163
34.73	78
31.73	12
33.58	67
36.32	94
35.44	85
35.96	26
34.15	103
41.1	170
36.62	87
34.31	130
35.36	65
36.19	122
36.8	111
38.49	71
37.79	98
36.63	99
34.93	111
37.49	50
35.92	111
34.6	122
34.81	106
33.23	119
35.49	82
35.67	102
35.04	119
37.27	91
37.5	74
35.88	124
37.19	105
33.25	96
33.05	108
36.05	84
37.36	102
34.99	81
34.29	126
36.08	118
37.13	34
36.25	80
36.6	137
35.77	128
36.51	70
34.65	129
34.7	112
34.55	125
36.59	120
35.52	92
37.37	105
36.62	131
35.92	81
37.61	83
36.03	124
35.8	111
36.51	124
35.49	126
36.01	119
36.42	104
35.57	44
38.07	109
34.37	112
36.33	128
36.85	121
35.36	153
35.64	225
35.28	46
35.29	116
35.22	80
37.49	73
34.22	201
34.82	191
33.9	121
34.87	130
33.73	61
34.43	99
33.15	112
35.3	73
34.73	82
34.02	90
34.3	106
33.42	3
34.82	122
36.1	110
35.19	113
35.82	105
34.56	175
33.9	110
36.23	87
35.26	77
35.89	76
35.01	119
34.95	109
34.7	108
34.94	219
32.52	122
33.82	74
32.61	105
34.58	79
33.87	117
32.61	29
34.54	108
32.98	106
33.06	119
35.39	87
35.14	78
34.24	106
37.37	88
36.11	79
35.25	69
33.1	53
35.12	84
34.91	126
35.56	84
33.11	112
33.69	123
34.19	99
34.14	84
33.9	120
35.85	163
36.01	86
32.77	121
34.55	34
35.7	106
35.64	29
34.5	103
34.21	131
36.1	107
36.36	117
37.09	117
36.23	203
35.21	114
35.53	104
36.06	142
35.18	98
34.38	99
35.21	84
36.6	85
36.11	120
33.69	37
34.31	38
34.56	34
35.72	106
35.78	120
33.94	109
34.09	77
35.89	151
33.59	120
34.6	66
34.94	118
34.76	74
34.51	68
33.7	108
35.72	124
34.75	84
34.06	163
35.25	118
33.28	123
35.94	60
35.28	78
33.94	126
37.03	121
34.92	204
35.34	130
35.38	84
34.31	133
33.77	127
35.97	130
34.04	118
33.97	19
35.81	105
34.15	228
36.35	106
33.38	115
36.74	89
34.39	124
35.25	73
36.87	88
36.15	129
35.66	85
37.66	67
41.8	185
36.19	106
37.17	105
35.07	131
36.18	117
35.59	99
35.89	120
37.13	103
34.34	127
37.09	76
34.95	124
36.17	112
35.31	130
32.74	86
34.19	96
34.45	124
32.57	104
34.96	76
34.18	117
34.51	98
33.97	222
35.65	87
34.1	37
38	11
34.25	104
35.8	217
35.43	105
36.64	90
36.11	126
36.25	68
36.5	104
35.27	131
36.76	96
32.41	95
36.02	119
34.22	123
34.52	114
34.13	114
36.13	101
34.75	66
32.6	20
33.24	112
32.65	127
34.88	84
36.63	130
33.99	104
34.19	98
33.58	9
34.17	27
35.02	129
34.33	130
36.58	106
34.93	127
34.59	103
33.32	44
35.54	111
35.33	113
33.46	51
32.02	28
33.67	124
32.6	42
33.34	105
35.01	65
36.31	116
34.09	123
35.07	121
34.66	123
35.16	36
34.11	111
34.29	112
33.58	123
34.34	211
35.75	127
34.07	128
35.27	124
35.9	114
35.03	130
35.72	105
36.84	127
36.27	132
35.65	92
36.69	93
37.06	130
35.88	115
36.46	95
35.29	164
36.04	218
35.48	115
36.41	109
35.8	75
33.47	116
35.57	109
34.93	125
35.46	179
34.17	123
35.65	105
35.41	43
33.68	116
34.82	128
34.7	113
36.02	98
35.49	128
34.57	124
36.21	75
34.74	113
34.78	83
34.86	114
34.9	76
33.84	117
32.77	130
33.37	68
32.79	130
35.12	68
34.25	115
34.47	82
33.39	39
33.78	112
33.75	105
34.05	57
34.12	117
34.79	52
33.76	126
35.58	78
33.56	141
34.81	85
34.61	108
34	95
35.99	75
34.5	129
33.92	116
34.02	51
32.7	116
35.8	84
36.08	73
35.71	112
35.56	141
34.43	102
35.61	119
33.73	80
35.26	222
35.11	206
34.36	64
33.65	10
33.74	193
34.29	117
34.08	129
33.82	41
34.91	98
34.42	97
33.7	118
34.31	67
33.22	124
34.33	81
34.24	107
35.5	35
35.91	124
35.84	122
35.19	86
37.75	62
35.17	127
34.07	119
35.87	120
35.8	131
34.81	39
34.06	81
34.92	111
31.32	131
34.06	117
35.38	40
34.36	209
33.81	116
31.93	101
34.44	114
34.67	57
33.7	68
32.23	127
33.93	48
34.93	29
33.65	131
33.48	104
33.99	125
33.46	77
32.21	125
34.09	120
33.63	112
33.58	42
35.36	125
35.21	106
34.53	83
32.82	116
34	131
32.5	123
34.53	100
35.52	117
32.34	131
34.66	42
32.86	79
34.41	116
34.07	65
34.29	125
34.26	100
34.41	122
35.11	200
37.22	97
35.25	127
36.51	138
37.61	73
34.8	110
35.89	115
37.52	81
36.29	126
38.06	88
34.96	115
37.03	76
37.41	60
35.14	126
36.71	116
38.62	70
36.8	126
40.17	84
36.63	149
36.92	130
35.91	105
33.55	129
34.38	213
34.07	90
33.43	64
34.44	167
34.5	70
34.34	66
33.34	120
33.92	103
33.24	148
34.51	43
34.84	41
33.75	80
32.71	88
33.81	26
33.27	116
33.75	219
34.02	124
32.95	93
33.69	81
34.99	124
36.69	41
39.15	47
35.25	127
36.61	57
36.84	108
35.9	47
35.92	127
38.07	88
36.69	67
34.5	130
34.28	113
39.61	168
35.32	113
33.57	131
34.94	34
32.38	111
35.23	185
34.34	122
33.67	113
34.7	210
34.35	130
34.69	124
32.85	21
33.28	122
33.76	116
33.19	79
33.68	105
33.4	123
33.92	113
34.61	201
35.64	112
35.69	57
37.35	90
36.18	79
35.5	78
35.66	116
35.35	108
35.43	191
34.86	119
34.84	85
33.88	119
34.9	118
35.14	80
35.15	94
33.52	63
33.92	26
36.21	67
34.51	106
35.62	100
35.4	101
33.83	94
34.11	116
34.82	103
35.2	86
33.71	76
32	19
34.53	70
33.92	57
35.76	69
37.29	93
35.11	129
34.54	114
36.57	114
36.55	122
35.49	54
33.2	17
36.26	75
34.13	91
35.26	64
34.5	63
34.56	93
34.11	57
33.32	100
34.59	72
34.92	98
33.43	64
32.57	54
32.3	20
32.32	44
32.43	37
33.86	30
35.14	175
33.95	82
34.52	109
35.4	84
34.62	96
33.4	130
33.98	84
35.56	124
33.69	93
33.89	127
34.58	106
34.53	129
32.74	95
34.38	7
34.62	217
34.17	113
33.43	107
31.92	129
34.97	129
36	116
32.48	132
32.77	126
33.3	114
34.47	143
34.74	33
35.19	70
33.69	121
34.71	125
31.47	117
32.36	141
32.4	147
33.03	144
32.76	141
35.72	95
35.37	93
34.22	127
33.53	104
32.01	135
34.77	128
34.36	124
34.17	147
36.04	135
33.86	113
37.05	96
34.71	148
34.11	66
35.63	121
34.61	147
37.06	172
33.85	85
34.42	123
34.25	93
31.49	139
31.54	144
34.6	78
33.44	148
33.15	143
33.2	142
36.55	62
35.72	142
32.22	22
34.3	96
31.92	135
35.6	123
32.72	142
36.46	62
34.04	133
33.03	144
31.02	128
35.56	70
33.14	113
33.54	136
31.82	137
33.61	123
32.81	142
33.13	133
32.59	148
34.4	148
33.59	135
35.07	147
32.06	147
34.09	148
34.38	132
34.69	92
34.77	110
33.26	88
35.57	105
31.99	141
34.77	100
36.03	143
35.33	122
33.23	138
33.28	142
34.56	31
35.36	109
34.59	146
33.97	124
33.34	132
32.46	148
33.75	145
32.39	147
35.47	107
32.9	147
32.31	113
34.64	122
35.47	107
33.19	44
35.32	97
35.32	82
35.47	139
37.68	113
34.74	129
35.7	115
36.29	131
34.44	147
36.4	50
34.48	138
35.44	136
36.49	100
34.77	146
36.07	127
34.64	135
36.06	70
37.11	123
33.48	140
37.2	86
34.42	109
33.96	146
37.52	136
36.8	79
34.9	291
36.37	138
36.06	93
33.5	135
33.6	137
33.86	129
36.67	145
37.09	84
34.11	144
35.48	119
35.67	141
35.21	122
34.76	118
35.6	121
34.02	128
32.55	133
36.99	88
36.44	31
36.5	122
35.08	108
33.65	146
36.79	79
34.3	147
33.15	119
35.87	14
33.82	111
34.45	121
35.06	135
32.27	142
33.6	147
33.41	220
33.78	135
33.41	134
31.53	145
35.03	104
33.25	135
34.15	123
34.07	147
34.66	74
35.01	122
35.63	98
34.67	291
34.06	56
33.29	130
33.55	143
34.34	100
33.66	120
34.5	146
34.54	140
33.5	222
32.82	121
33.1	269
37.12	19
34.58	87
35.34	122
35.61	104
36.51	78
35.84	133
35.13	94
32.96	144
35.72	121
34.53	247
35.6	122
34.15	106
32.7	146
33.77	8
33.48	132
35.23	214
35.06	130
33.65	144
34.12	83
34.87	126
34.42	118
34.09	137
34.8	121
32.94	120
36.7	86
34.44	102
36.06	33
34.88	136
34.14	42
37.73	68
32	11
34.19	109
32.46	143
34.53	98
33.97	130
32.39	114
32.86	13
33.59	146
33.52	268
33.29	146
35.03	107
32.26	134
34.58	57
34.13	121
34.12	130
35.17	123
33.21	129
35.52	124
32.71	145
34.27	143
33.17	39
33.19	145
32.87	123
32.8	147
32.1	91
35.04	96
32.68	141
32.68	141
35.05	106
34.62	113
35.23	77
32.92	141
32.68	147
32.11	127
34.46	135
31.75	138
33.33	105
32.73	141
33.46	128
33.75	110
33.77	148
34.58	101
34.81	107
34.36	123
34.86	108
33.99	101
34.48	149
34.88	130
35.24	118
32.4	134
34.96	80
34.6	78
34.11	136
33.35	144
34.54	106
34.23	93
35.64	90
32.58	128
34.04	144
33.46	128
34.26	122
34.31	276
33.73	144
32.89	134
34.68	115
33.95	104
34.08	136
33.24	133
33.41	139
35.5	96
34.84	121
33.84	123
34.28	113
35.02	108
33.5	137
35.96	90
