sim	len_diff
34.85	402
34.74	337
32.8	447
33.06	419
33.31	385
35.44	195
32.87	437
35.14	277
34.56	264
33.86	437
34.44	359
33.29	409
34.59	442
33.6	428
33.96	400
33.86	440
34.53	372
33.33	362
34.5	319
34.1	415
33.73	411
34.51	344
33.23	444
33.91	425
33.76	424
32.57	446
38.54	218
33.62	383
33.2	405
33.55	406
33.81	383
33.79	367
34.63	239
34.65	238
34.31	303
33.69	373
35.61	297
34.6	373
34.7	374
35.43	256
35.1	325
33.96	379
36.88	276
33.61	406
35.06	251
33.13	413
33.74	432
35.7	276
34.04	332
35.09	250
33.29	440
33.54	418
34.39	319
33.53	442
33.72	347
38.15	162
33.13	422
33.31	437
33.21	447
34.81	256
33.57	437
33.47	443
35.95	287
33.53	436
33.52	414
33.58	323
32.79	445
33.23	348
33.59	431
34.42	322
33.31	407
34	398
33.66	419
33.07	349
34.56	396
34.46	391
34.89	323
34.16	406
34.95	334
33.98	419
34.18	347
34.2	407
32.88	440
35.31	279
34.19	373
34.35	382
33.44	448
33.15	450
32.69	431
34	387
34.68	250
34.68	250
33.89	434
34.09	375
34.09	375
33.61	441
34.94	153
33.31	417
33.77	432
34.68	283
34.26	438
33.05	439
36	281
35.7	303
34.01	421
34.75	434
35.24	304
34.08	414
33.95	329
34.23	341
33.84	424
33.76	414
34.13	342
35.07	382
35.21	271
38.61	470
34.94	350
34.81	424
33.09	448
34.83	292
34.42	424
33.78	439
33.27	395
33.17	437
33.75	420
34.13	371
34.78	247
33.84	319
34.25	363
34.86	289
34.15	433
33.76	437
33.34	410
32.97	430
33.77	397
35.22	326
34.75	288
34.65	305
34.82	284
34.88	334
33.38	338
34.23	381
32.31	450
33.86	437
35.38	280
33.44	396
34.53	306
32.78	443
32.68	429
37.62	161
33.4	400
34.78	269
33.09	402
33.66	400
36.16	285
36.16	285
33.37	441
33.82	386
33.82	386
33.42	397
33.41	348
33.31	410
32.95	420
32.65	437
33.34	435
33.74	446
33.36	411
36.52	264
32.49	446
33.53	435
34.1	413
33.42	430
35.28	333
33.59	421
33.39	401
33.41	400
33.34	407
33.77	435
33.72	388
33.83	410
33.24	396
34.07	367
33.82	379
35.15	255
32.95	443
33.58	450
34.7	402
33.89	392
33.72	432
34.9	287
34.21	414
32.68	425
34.22	376
34.06	179
39.14	211
33.89	441
33	412
34.87	354
34.31	352
33.74	443
35.97	191
33.9	364
34.97	386
34.45	398
33.97	157
33.37	410
34.5	317
39.83	213
33.07	363
33.83	251
33.84	398
34.81	390
33.02	434
32.51	423
32.82	401
33.91	390
33.44	439
32.74	50
33.41	222
33.28	419
34.23	408
34.09	246
32.67	441
33.92	351
33.59	396
33.3	436
33.73	363
33.16	382
34.5	343
33.05	415
33.32	418
33.54	410
34.03	343
33.43	418
35.42	290
33.64	434
32.41	432
34.67	247
34.35	284
34.25	300
34.06	282
34.35	284
34.25	300
34.36	306
32.29	449
33.41	342
33.73	323
34.71	317
33.7	397
33.97	434
34.33	291
35.06	302
34.65	291
34.66	300
33.8	412
33.18	413
32.43	444
34.51	322
33.89	351
34.55	310
34.14	311
34.34	374
33.8	275
34.4	388
34.34	438
33.73	430
38.4	471
34.77	397
34.23	414
34.41	430
33.72	403
33.55	410
34.2	444
34.22	214
33.85	428
34.65	359
33.82	440
34.11	404
33.39	375
34.04	363
33.9	394
33.77	441
33.61	366
34.55	442
37.86	419
33.66	343
33.4	421
34.15	410
34.17	448
33.26	430
33.69	385
34.9	306
34.61	383
34.16	394
34.27	382
33.79	434
34.15	438
33.37	415
32.7	442
33.46	127
33.88	392
34.93	322
35.36	368
33.45	440
36.31	291
34.03	365
34.5	439
34.37	416
34.52	354
33.99	449
33.62	413
34.07	416
35.05	230
34.74	243
34.48	406
34.36	357
34.29	372
34.01	438
34	437
33.73	448
33.07	440
33.8	409
32.71	449
34.37	436
33.53	384
33.88	408
34.23	445
34.83	389
34.13	389
34.25	415
33.91	443
34.75	399
33.76	379
33.5	412
32.73	444
33.26	422
33.41	412
34.13	400
35.24	337
34.41	441
34.48	368
35.27	376
34.61	449
34.66	260
33.71	180
33.91	374
34.43	326
34.44	353
33.78	285
33.44	246
33.72	379
34.53	285
33.38	245
34.96	357
36.66	181
34.72	398
36.57	360
40.41	128
37.17	206
39.55	228
34.68	380
35.99	202
36.86	362
35.08	269
33.61	333
33.6	368
34.62	227
34.31	358
34.27	393
32.42	38
34.58	251
33.82	341
32.62	395
34.06	390
33.87	335
33.55	329
34.74	277
35.5	279
34.43	273
34.76	205
34.76	292
32.8	381
33.41	327
38.1	347
35.33	398
35.38	203
35.61	318
34.92	137
35.48	311
37.28	314
36.26	315
36.18	334
36.42	312
35.91	495
36.04	353
38.81	297
34.61	231
35.37	160
35.55	317
35.16	130
35.49	348
35.85	315
34.77	293
34.66	323
34.07	302
35.18	330
34.52	213
34.39	288
34.73	300
33.63	355
35.07	338
32.06	396
34.23	309
33.71	390
33.18	309
33.78	286
33.77	354
34.6	279
32.48	133
33.88	382
34.5	358
36.53	314
35.38	328
35.88	393
36.46	330
34.63	382
34.83	392
36.26	371
36.73	329
35.38	245
35.86	280
36.11	400
36.5	317
37.32	314
37.86	129
36.36	380
37.22	310
35.78	356
34.42	364
36.21	374
35.05	356
33.75	377
35.85	313
34.9	297
35.53	373
33.6	393
34.12	368
34.7	313
34.88	306
34.1	321
37.33	358
42.58	162
41.36	233
39.31	366
35.64	391
41.15	260
41.58	193
41.61	356
41.65	75
41.74	47
35.01	254
33.37	386
33.74	393
34.34	347
33.62	393
33.82	218
36.07	206
33.46	383
34.34	330
34.63	299
33.84	336
33.83	306
34.13	284
34.58	374
34.17	168
34.12	278
34.57	186
34.79	364
33.59	179
36.49	185
35.92	346
34.19	372
35.1	376
34.52	371
35.77	337
33.97	360
34.98	399
35.86	220
34.16	380
33.52	250
33.85	389
33.53	344
34.07	347
33.94	314
33.94	189
34.94	292
33.44	264
34.3	236
34.01	85
35.99	359
35.66	156
36.44	336
35.9	391
35.34	295
35.4	390
35.67	358
36.13	361
36.19	236
35.7	354
33.65	157
35.44	388
33.74	313
35.48	308
34.56	285
33.57	333
34.73	339
34.37	374
34.22	319
34.48	243
32.48	192
34.53	261
32.49	394
33.56	276
33.8	391
33.16	356
33.72	308
34.99	376
33.65	293
34.51	298
38.48	346
36.56	351
36.3	354
35.8	325
35.47	390
36.47	234
35.79	390
40.98	138
37.37	358
36.6	192
35.71	331
36.16	369
35.66	394
35.3	378
38.06	169
41.06	103
39.74	200
35.95	396
35.76	256
37.56	330
35.81	314
34.28	378
34.31	149
34.16	366
32.36	53
34.08	357
34.8	381
35.87	279
33.97	359
34.9	292
35.11	381
34.7	362
34.92	379
35.38	367
35.51	259
35.36	324
36.64	295
35.75	367
37.09	311
38.13	320
34.06	342
33.99	365
33.45	347
34.88	353
33.28	156
33.67	395
34.8	333
34.93	378
33.09	376
34.41	248
35.75	259
35.48	389
35.18	196
36.41	359
37.52	328
35.53	267
35.61	393
36.48	324
35.38	296
37.13	290
39.69	440
38.16	113
34.56	386
35.3	397
34.1	398
41.36	310
39.28	322
37.58	281
34.66	379
35.12	305
37.2	294
35.48	370
34.43	367
35.83	365
35.22	397
35.72	388
34.73	367
35.03	345
34.43	397
33.81	356
34.11	349
35.71	318
34.74	355
33.45	399
33.81	361
33.97	374
34.86	355
34.68	397
33.78	373
34.83	386
34.56	245
34.73	397
35.05	275
33.96	323
33.88	387
37.66	344
35.76	338
35.29	291
35.14	389
35.62	365
34.66	83
35.61	204
34.44	394
34.41	392
37.36	278
35.45	385
36	393
35.82	362
34.7	391
34.8	397
36.09	391
34.9	355
36.67	323
35.77	395
36.58	378
36.03	325
35.74	363
35.7	381
36.67	304
36.31	356
35.97	400
34.77	355
35.13	347
35.95	212
36.38	382
36.71	255
35.64	399
35.35	310
33.98	308
35.51	290
35.07	311
34.45	372
35.9	311
34.44	373
34.84	277
34.96	337
34.67	291
34.26	354
35.32	305
34.27	53
42.23	8
36.39	245
34.26	336
40.49	145
34	366
35.74	166
41.87	183
37.21	332
33.35	395
33.99	327
34.12	317
33.97	326
33.97	280
34.79	252
32.86	385
33.13	399
34.68	271
34.68	271
34.72	345
34.16	97
36.03	338
34.88	269
35.33	304
35.17	307
35.62	338
36.96	296
34.65	308
36.35	287
35.48	301
35.62	386
36.11	343
35.03	344
35.61	357
35.88	381
39	469
36.99	316
35.71	393
37.18	289
34.27	281
34.03	271
34	261
33.63	376
34.78	278
33.72	334
33.28	392
33.41	291
32.9	80
34.22	304
33.92	295
34.44	346
34.66	273
34.08	237
34.38	300
33.51	317
33.19	119
33.74	397
34.7	263
36.92	117
36.05	169
35.51	161
33.14	129
34.14	368
33.82	343
37.52	342
39.72	78
34.01	381
39.89	204
35.64	387
35.98	340
35.95	391
36.55	258
36.5	165
35.82	377
36.53	308
36.12	355
35.86	383
36.07	291
32.96	399
34.89	366
34.46	307
34.46	227
34.62	346
34.12	273
34.13	311
34.16	396
33.2	381
34.49	317
34.05	393
34.99	279
34.14	147
35.17	332
33.78	377
33.69	137
34.28	301
34.56	326
34.95	389
33.88	105
34.69	309
35.24	257
35.9	324
35.29	267
36.09	354
34.68	400
35.6	376
35.34	295
35.84	293
34.71	369
35.49	218
35.76	331
34.31	334
35.49	341
34.83	167
34.65	393
35.82	329
34.54	362
34.49	176
35.03	214
33.22	392
33.73	385
34.52	331
34.44	390
33.36	380
34.44	265
34.09	327
32.56	360
34.64	325
35.6	375
36.3	303
34.79	286
34.52	281
34.98	374
35.22	328
35.28	294
35.57	371
34.61	159
34.78	353
37.15	152
38.88	194
36.27	170
40.14	267
36.5	463
41.38	198
38.77	388
39.05	189
36.77	345
36.72	384
34.56	373
35.1	127
35.36	369
35.64	344
36.01	298
36.1	201
35.96	248
38.11	222
36.16	163
36.99	416
35.06	287
39.74	231
39.08	146
38.38	152
35.18	218
33.26	117
35.65	332
33.96	382
36.76	79
39.97	119
40.53	192
34.7	337
37.92	290
34.98	369
35.56	381
35.01	395
39.23	449
38.17	286
38.08	287
34.55	376
35.09	363
35.81	279
35.39	304
34.68	371
37.02	299
36.08	197
35.15	332
35.49	351
35.93	366
35	327
36.37	297
35.69	334
36.5	312
35.97	369
35.24	360
34.75	301
34.81	378
35.56	368
35.72	326
34.7	259
36.6	53
35.61	218
37.1	77
35.9	356
36.55	390
36.07	351
36.67	365
36.62	272
34.89	392
35.68	77
34.01	328
36.2	458
36.24	298
33.78	398
34.47	254
34.44	387
36.26	189
39.44	10
35.2	293
34.31	226
36.42	19
35.21	328
39.89	310
39.15	345
34.83	396
34.53	340
35.4	335
35.18	400
39.86	222
36.85	379
35.34	383
36.67	304
36	394
36	380
36.58	304
35.68	400
36.61	281
35.58	286
36.36	316
34.91	12
38.74	179
36.95	290
34.69	395
36.92	285
35.04	238
34.8	347
36.2	289
34.66	365
36.21	343
34.53	367
33.85	137
34.31	392
37.07	265
34.34	391
34.93	214
34.47	262
35.57	340
34.93	177
33.3	85
35.35	275
35.33	206
36.4	218
34.93	387
34.92	356
34.03	377
33.31	384
36.05	179
33.7	299
33.14	320
34.62	203
36.58	125
32.48	42
34.72	358
33.68	305
33.26	384
34.13	371
34.81	393
34.62	393
36	398
35.93	380
34.97	364
36.32	311
37.7	279
36.4	230
36.71	389
34.34	392
35.16	335
36.68	358
34.49	394
35.87	318
34.11	400
34.84	397
34.09	397
33.78	369
35.41	364
33.21	396
33.94	310
33.27	395
34.97	274
34.93	298
35.1	295
34.61	296
35.18	279
33.61	191
34.14	287
36.19	302
35.34	335
34.45	266
35.2	329
36	310
34.4	372
35.13	253
34.37	214
35.57	288
34.99	355
34.95	174
35.27	301
35.28	334
32.98	56
34.73	344
34.94	349
34.76	211
35.63	339
36.54	309
34.52	392
36.11	303
34.81	320
33.91	353
36.32	297
35.49	213
34.59	267
34.28	391
35.09	292
33.38	85
35.36	347
35.02	308
42.82	115
40.36	296
34.98	332
37.04	88
38.53	332
35.8	53
35.28	117
36.78	313
35.46	296
38.63	238
42.56	40
36.57	302
34.64	332
39.62	333
34.79	96
34.73	340
39.67	300
35.93	342
34.77	259
34.36	167
34.23	399
34.95	326
34.62	318
33.96	387
34.73	359
34.68	347
34.83	286
34.25	268
34.87	207
34.35	307
33.7	365
34.73	344
35.22	294
33.31	343
34.88	379
35.82	335
35.04	274
33.69	389
34.24	350
34.33	345
36.46	326
35.31	308
34.11	330
33.82	154
33.59	389
33.35	368
34.26	363
34.64	330
34.73	330
35.9	307
35.35	391
35.81	255
34.72	386
35.39	222
34.76	374
36.52	280
34.68	394
35.74	349
34.32	382
35.17	361
33.38	356
35.14	372
34.64	259
34.15	260
33.72	384
34.52	387
35.11	285
34.07	383
34.89	260
35.32	390
35.76	400
37.17	349
34.96	371
35.98	294
37.14	348
36	390
35.18	377
36.23	366
34.61	356
35.52	360
36.34	322
34.9	384
35.82	325
35.03	395
34.34	392
35.63	364
34.62	314
34.82	276
33.43	222
32.88	140
33.36	389
35.25	253
34.06	383
34.94	210
34.47	298
33.72	281
33.47	384
33.13	387
35.61	341
34.38	344
34.33	398
35.85	247
34.41	393
34.69	378
33.67	397
34.37	298
35.22	371
34.86	396
36.36	391
36.95	194
38.37	392
36.09	211
36.11	52
35.78	379
37.9	209
37.95	331
37.19	312
36.94	357
34.76	330
35.04	234
35.75	274
33.84	361
34.13	398
34.12	360
33.52	353
34.04	393
33.11	389
34	341
33.67	369
34.24	361
34.9	337
35.34	359
38.18	21
34.22	150
34.09	389
36.25	305
35.06	273
34.31	367
42	245
34.6	388
36.51	253
35.63	353
34.98	384
35.04	319
36.61	248
39.13	357
33.96	398
36.42	373
34.96	382
35.18	364
36.88	365
35.77	239
35.37	397
36.53	302
36.69	349
35.24	333
36.81	261
34.81	396
35.75	296
35.39	380
36.4	308
35.12	315
35.19	332
34.82	387
33.57	363
36.35	214
34.99	357
34.44	392
37.72	297
35.91	349
37.36	315
35.02	255
37.26	426
34.58	389
33.94	376
36.34	187
34.57	385
36.7	72
34.92	211
33.79	381
38.45	407
34.78	346
34.46	379
35.45	331
34.14	73
35.34	324
34.89	263
34.83	386
34.76	245
35.54	231
34.76	275
33.84	396
37.59	344
35.69	339
35.33	291
34.98	198
35.39	321
35.03	361
35.89	390
36.24	376
36.82	377
37.06	325
35.7	61
40.63	263
35.2	378
34.53	396
34.81	373
35.47	262
38.52	250
35.87	145
37.26	276
35.85	375
35.83	289
35.53	399
39	446
37.68	188
38.78	232
37.21	344
36.12	396
36.8	328
35.73	365
38.96	323
35.91	397
36.84	158
35.51	338
36.12	344
36.93	182
36.71	317
34.56	354
33.72	386
34.62	318
35.18	339
34.83	55
35.3	255
36.53	114
34.51	379
34.38	346
33.64	343
34.47	395
34.82	128
34.09	365
38.15	286
41.44	112
34.3	237
34.03	240
34.24	315
36.99	383
34.38	121
35.96	308
35.28	365
35.03	314
34.23	355
38.71	164
38.45	208
37.59	167
38.56	440
34.93	358
35.42	269
35.71	306
35.51	381
35.36	475
36.28	381
36.09	381
41.08	279
34.78	323
37.7	343
34.12	384
33.7	128
34.19	400
33.77	388
33.96	181
34.95	365
35.83	325
35.32	355
35.07	301
33.51	400
34.63	349
34.56	300
34.01	247
34.81	400
35.42	306
34.7	346
34.59	319
35.72	248
34.85	214
33.29	94
37.74	269
35.09	234
35.63	218
37.85	96
37.39	319
36.08	223
35.13	379
39.03	343
34.58	115
35.22	369
33.57	365
34.33	382
34.68	396
35.22	326
33.71	397
35.19	238
35.98	315
34.74	382
37.26	340
34.69	397
34.18	348
33.04	69
32.97	382
33.91	393
33.91	384
33.54	277
34.19	329
34.09	391
33.58	367
34.37	296
33.54	377
33.27	275
34.45	265
34.28	247
34.37	344
33.64	399
34.11	330
34.4	326
33.22	394
34.5	213
35.65	362
35.62	383
35.78	343
35.71	359
37.75	324
34.19	375
36.03	185
34.32	374
34.95	392
35.4	398
34.98	369
34.11	303
34.8	374
36.5	376
35.09	352
33.78	389
35.66	263
35.71	253
34.76	380
35.85	367
35.4	225
35	392
35.46	392
36.56	325
35.57	318
34.71	398
35.63	296
34.27	393
36	284
36.14	368
36.87	310
34.99	291
35.42	358
37.01	224
37.56	328
35.51	340
34.34	109
34.87	314
37.16	303
34.99	378
34.02	397
35.11	334
34.28	324
34.89	270
34.14	355
32.96	80
33.93	354
34.2	384
35.15	393
34.26	353
34.55	390
34.3	393
33.83	335
34.72	205
33.97	238
33.66	337
33.32	386
34.18	336
33.83	375
34.09	253
42.04	126
40.9	19
41.24	259
42.54	165
41.39	90
38.29	387
42.14	196
41.37	273
42.31	47
37.06	319
34.18	320
33.89	346
34.74	332
33.99	398
34.34	209
34.16	324
34.35	204
33.46	210
33.7	353
33.02	335
33.15	328
33.88	368
32.77	74
33.77	214
33.33	392
34.35	269
32.94	398
33.37	328
34.63	383
33.93	355
32.8	96
34.09	389
32.69	356
32.28	103
33.29	484
34.05	306
33.35	394
34.06	279
39.45	329
36.66	221
35.16	343
36.73	316
41.01	47
38.08	55
34.92	346
40.85	322
41.04	18
35.16	389
38.14	381
38.16	363
37.81	378
38.23	212
38.5	17
36.15	399
36.92	351
36.16	344
37.89	349
36.76	226
35.24	392
35.27	348
35.2	332
34.81	363
33.84	73
36.31	311
38.37	324
35.59	282
42.09	239
34.09	137
36.65	309
34.7	378
35.38	258
35.19	313
35.5	274
34.48	398
33.36	382
38.12	335
37.27	62
34.99	253
34.14	247
34.73	290
34.9	345
34.94	332
34.5	364
34.6	203
35.98	299
34.91	278
35.05	344
34.35	329
34.57	264
34.3	399
34.34	396
33.81	363
34.15	381
34.95	330
33.96	377
36.02	4
33.27	320
35.41	371
34.96	362
36.47	366
36.34	373
35.87	215
36.24	361
35.75	297
34.58	297
36.61	356
34.27	278
34.16	298
33	334
34.57	380
33.89	196
33.39	391
34.92	336
34.45	310
34.21	370
33.76	269
34.29	237
35.15	272
34.2	393
35.26	313
36.38	388
36.58	361
35	386
39.29	483
36.43	322
38.16	248
33.67	164
33.95	236
34.27	345
35.51	325
33.89	362
33.87	367
34.37	283
33.87	330
33.36	293
35.51	370
36.33	326
34.67	398
35.75	203
36.01	347
35.98	359
35.15	372
35.16	391
36.85	331
34.92	390
36.38	311
33.95	65
35.34	210
35.93	342
39.21	125
34.93	387
35.64	357
35.93	151
38.81	311
35.65	384
33.71	278
34.11	263
33.29	330
33.43	393
36.09	331
33.94	373
33.88	329
34.4	285
33.71	239
33.33	396
34.49	253
34.95	339
34.17	344
34.37	333
32.73	394
34.06	333
33.79	395
33.42	87
34.21	318
34.38	196
34.18	370
34.58	295
33.56	371
34.14	302
34.16	187
34.24	292
34.07	347
34.07	373
34.28	359
34.83	358
36.11	336
35.91	352
35.27	360
37.02	284
35.65	395
36.6	306
35.33	362
36.34	357
36.88	311
36.06	391
36.18	230
35.3	397
37.97	311
36.31	329
36.44	232
36.5	385
36.53	254
34.89	391
35.29	319
35.39	380
34.89	130
35.98	347
37.69	295
36.03	387
34.83	338
36.8	177
36.39	366
35.76	343
36.01	320
35.4	384
37.29	287
36.35	324
36.25	355
36.14	398
35.55	357
36.32	274
35.97	383
35.92	352
35.85	321
34.96	384
36.65	216
35.09	319
37.24	317
35.67	283
35.62	357
35.83	355
36.32	342
35.89	322
35.88	377
36.8	380
35.26	137
35.48	353
35.89	308
35.83	395
37.09	314
36.5	360
34.71	393
36.03	215
35.74	362
38.04	290
36.94	324
36.04	200
36.52	258
38.42	201
36.1	352
37.03	316
38.58	216
36.45	312
37.3	369
40.17	184
41.19	265
40.42	127
39.92	211
41.08	155
41.7	205
41.43	294
38.26	380
38.33	218
36.23	384
35.94	392
35.19	308
34.94	373
35.71	123
37.52	260
35.87	344
35.56	381
35.68	393
35.55	348
34.35	362
33.83	365
34.82	337
34.86	258
34.4	350
34.52	355
34.47	355
34.91	359
34.2	385
33.85	400
34.9	375
34.8	381
34.49	343
34.6	254
33.52	370
35.22	288
33.18	384
34.17	390
33.6	397
34.78	303
35.39	224
35.32	307
36.26	320
33.78	389
34.37	316
34.84	334
34.73	396
35.35	288
34.72	356
33.37	395
34.65	362
36.45	309
35.48	254
34.39	399
40.63	258
35.02	313
37.01	367
35.16	213
35.23	286
37.08	293
35.58	190
36.21	289
35.96	375
36.06	309
35.93	219
37.47	123
36.94	299
35.95	373
37.4	299
35.12	386
36.08	398
35.36	355
35.41	231
36.29	368
37.72	262
37.99	340
34.81	373
34.85	373
37.83	306
35.32	396
35.97	277
35.56	395
35.55	341
34.3	395
35.61	343
35.41	399
36.6	329
38.2	275
36.18	269
34.24	391
34.15	348
34.97	172
35.89	315
34.09	392
34.86	393
33.28	381
35.08	350
33.6	351
35.24	327
37.25	313
36.87	281
35.92	349
34.86	398
36.29	309
36.75	321
35.8	362
35.7	319
36.42	202
36.12	378
34.23	391
36.67	342
35.78	277
35.26	380
35.44	442
35.03	356
35.4	305
35.27	383
34.98	363
35.28	333
35.62	330
34.87	390
35.55	380
34.58	396
37.66	323
35.79	272
35.2	359
34.6	390
36.1	278
34.37	258
34.44	383
35.85	137
35.93	312
38.03	283
34.93	362
34.82	395
34.7	301
35	372
35.06	334
33.79	375
36.44	317
35.12	352
33.02	53
35.36	372
34.38	333
34.85	357
36.32	246
34.79	340
35.31	312
36.79	362
36.33	386
34.74	398
35.56	334
35.87	358
38.94	317
36.16	308
35.75	390
35.27	300
34.46	386
35.71	333
35.32	215
35.55	151
34.7	377
35.23	368
36.31	362
36.7	255
35.05	313
36	337
37.68	302
35.07	398
35.03	219
35.65	360
36.11	354
35.69	395
35.86	350
36.2	281
35.9	357
35.9	358
33.71	399
34.83	359
34.32	382
34.74	386
33.59	385
34.88	344
34.72	225
34.11	353
34.37	392
33.92	367
34.63	292
35.83	299
35.27	386
33.89	55
34.52	381
36.42	368
35.45	388
36.08	348
35.24	311
35.12	359
36.37	131
35.18	334
34.02	344
34.57	122
34.96	397
35.06	366
34.39	57
34.34	391
34.33	367
34.39	345
33.8	394
34.33	106
34.52	300
34.05	362
34.93	355
33.86	394
34.35	180
34.27	275
34.01	372
33.87	180
33.35	336
34.28	396
36.12	266
35.41	338
35.41	345
34.86	390
35.89	209
33.87	385
34.61	384
35.25	364
37.92	148
36.37	338
36.25	285
35.14	340
34.68	389
35.51	308
35.49	324
34.76	327
34.92	388
35.95	305
36.53	333
35.16	270
33.73	335
38.11	297
34.24	387
34.92	397
34.46	394
34.89	271
33.55	122
34.34	206
35.93	285
34.35	275
35.8	306
36.18	311
34.51	362
35.23	321
34.06	368
35.45	293
35.14	193
33.54	388
33.61	353
36.36	328
36.32	315
34.68	359
35.65	372
35.17	391
35.9	365
36.63	426
35.83	359
35.83	353
35.41	357
33.52	339
34.2	384
34.15	330
34.14	392
34.4	277
35.2	323
34.53	393
34.41	351
34.55	391
35.85	256
36.25	253
34.93	317
34.71	381
34.45	384
34.72	298
34.57	281
33.9	89
34.1	368
34.51	265
34.51	372
41.61	120
41.47	226
38.47	149
38.46	382
39.27	350
41.47	175
39.55	10
41.53	215
42.22	57
41.9	11
34.86	332
34.74	337
34.09	349
35.13	229
35.31	268
35.71	309
34.43	321
33.61	400
33.47	277
34.74	282
40.94	155
42.31	201
42.32	158
42.26	262
36.27	386
40.63	458
39.39	329
38.77	328
41.85	138
35.1	286
35.01	287
35.23	249
35.95	287
34.73	250
34.74	380
33.89	388
35.69	325
34.32	324
35.48	306
35.39	313
34.56	390
33.75	363
34.63	205
34.19	393
33.72	261
34.12	349
33.69	366
33.67	374
34.18	268
35.04	375
40.89	258
33.85	386
35.23	390
34.37	313
34.73	232
34.63	359
37.97	341
35.19	274
36.01	291
34.36	369
35.13	367
37.36	22
34.06	327
37.66	356
35.69	255
34.39	333
34.48	360
35.69	221
34.82	277
35.1	361
35.71	320
35.46	359
36.61	242
35.72	353
36.06	221
35.59	258
34.95	357
35.08	298
35.85	271
35	394
37.04	383
36.16	335
35.88	366
38.04	460
36.2	208
35.61	394
38.53	170
36.8	355
40.49	121
35.56	313
33.97	345
33.9	391
33.8	385
36.02	62
34.79	329
34.53	337
34.86	330
35.14	313
34.66	324
35.48	347
36.36	389
35.47	146
38.73	331
36.28	304
35.03	293
36.01	255
35.09	362
37.84	390
34.45	122
34.06	217
34.25	206
34.49	288
33.24	385
34.98	329
33.59	394
33.77	311
35.22	372
34.13	389
34.45	288
37.29	352
40.76	250
39.08	193
36.79	65
35.6	399
35.39	386
38.99	393
36.95	70
35.69	390
36.34	298
34.75	361
36.37	301
34.52	312
34.04	365
35.59	307
33.8	369
33.99	352
34.47	391
35.24	293
33.82	391
34.96	289
36.44	302
35.09	398
35.84	313
35.74	379
34.45	113
35.12	344
34.62	380
35.57	352
34.95	379
34.1	274
35.68	219
33.43	399
34.54	348
34.66	270
33.69	151
34.09	259
33.45	301
34.01	181
34.62	382
33.74	391
33.63	362
35.3	259
32.83	145
34.18	380
33.94	373
34.75	341
34.89	387
34.26	129
33.04	321
35.37	255
39.85	285
34.44	203
34.43	372
34.35	383
36.69	341
35.35	399
35.93	204
35.67	221
35.28	392
35.28	196
36.39	142
34.25	307
36.57	137
41.06	90
34.79	382
39.79	416
35.73	197
36.2	283
34.42	136
34.59	312
33.71	394
34.48	350
34.48	400
34.18	395
35.66	273
33.45	397
36.39	265
34.69	278
36.28	254
35.81	264
36.8	395
39.26	446
39.14	209
35.68	377
36.95	272
34.23	378
40.01	43
35.06	121
35.71	346
34.95	394
34.86	397
34.27	392
35.43	398
35.85	389
35.63	381
35.48	382
34.3	360
35.57	386
36.19	316
34.94	377
40.7	77
40.7	90
35.04	273
35.69	332
36.97	422
36.23	357
36.4	341
33.45	374
35.75	320
35.27	390
34.38	252
33.66	331
34.06	344
34.73	398
34.34	338
35.82	362
37.28	422
34.08	356
33.97	342
33.91	381
34.77	350
33.91	361
33.47	384
33.73	264
38.16	371
33.05	391
34.66	347
35.54	233
34.55	212
33.4	362
34.51	397
34.95	276
33.45	101
33.6	384
34.18	298
34.19	399
34.93	333
40.77	215
41.2	234
35.14	373
36.14	231
35.09	378
35.76	324
34.71	358
35.63	313
34.85	346
36.16	283
34.02	140
34.57	400
35.27	263
35.05	366
39.68	463
36.8	191
36.8	307
35.18	382
34.57	383
35.41	361
35.98	394
35.86	315
36.02	287
35.37	379
35.99	341
36.51	231
35.91	374
36.06	377
35.88	307
41.16	144
42.6	150
42.04	231
42.35	158
42.47	222
42.18	195
40.38	2
42.56	178
42.26	273
42.42	31
35.82	234
34.51	314
35.58	399
33.74	81
35.44	351
34.52	312
34.41	382
35.7	341
35.74	313
34.77	388
34.4	298
35.16	295
33.74	359
34.3	184
34.85	272
34.38	388
34.03	355
33.5	327
34.7	328
33.03	192
34.84	363
35.37	387
34.37	371
35.51	363
35.79	350
34.89	392
36.78	290
35.87	389
36.6	284
33.68	2
33.53	387
33.99	379
30.5	17
33.8	395
33.47	365
33.68	387
33.41	396
35.32	266
33.51	400
34.11	273
33.15	381
34.91	256
32.85	367
34.91	256
34.57	207
34.91	256
34.54	366
33.49	287
34.26	340
35	277
36.07	307
36.34	210
36.43	282
36.01	350
37.53	319
35.48	378
36.07	378
35.21	360
34.77	398
36.97	312
34.6	345
35.27	248
34.8	392
35.34	146
36.76	346
36.43	343
35.66	386
36.27	392
36	371
34.49	382
35.28	280
34.07	341
35.23	234
35.51	379
35.02	380
35.95	396
35.01	394
35.41	301
35.08	340
34.87	354
34.26	193
34.04	344
34.89	218
33.57	377
34.58	337
35.19	327
32.01	54
33.38	248
32.93	134
34.2	292
33.72	248
33.43	365
34.13	137
34.19	152
30.79	11
33.01	375
34.27	301
33.78	308
33.69	397
33.5	141
34.1	388
34	332
34.39	309
35.38	329
33.99	222
34.59	281
33.27	393
34.83	361
33.68	317
32.73	157
34.74	399
34.64	310
34.48	125
36.23	209
35.57	392
34.8	340
35.22	185
34.28	387
35.66	322
34.86	354
34.9	364
34.29	386
34.73	262
35.11	304
33.64	386
34.63	393
35.36	216
33.62	379
34.64	358
34.69	331
33.63	373
34.3	227
34.66	398
33.41	144
33.96	330
33.57	345
34.05	365
34.52	323
35.18	285
35.24	362
34.34	361
34.04	389
34.42	316
34.42	316
34.26	373
35.75	267
34.3	354
35.55	360
35.27	280
33.59	171
34.09	386
33.98	387
35.68	283
35.32	208
34.55	383
33.87	83
35.13	232
35.37	307
34.27	281
35.77	336
35.48	391
36.07	310
34.94	400
37.17	278
34.91	384
34.91	145
34.79	353
35.71	334
34.65	328
34.72	381
35.51	388
35.92	383
35.25	368
34.74	396
34.63	361
34.75	391
35.92	366
36.43	260
35	358
34.65	379
34.95	268
34.62	188
33.67	214
34.86	285
34.81	259
33.21	362
34.93	277
34.85	339
34.56	334
33.65	185
44.45	263
100	0
43.66	207
43.93	247
42.53	276
41.85	326
37.69	385
49.68	258
41.49	334
40.92	314
34.08	397
35.01	368
33.57	378
34.22	367
34.6	365
35.12	310
33.24	393
33.43	393
34.97	299
35.14	292
40.09	477
35.51	376
38.27	353
40.45	179
38.31	94
37.72	194
37.69	222
39.82	277
40.51	162
43.99	171
34.45	358
35.39	370
35.03	299
36.42	287
35.43	391
35.31	358
35.37	326
35.51	281
35.35	328
36.56	252
34.03	332
33.3	349
34.67	239
33.66	366
34.63	66
33.91	368
34.65	321
34.97	274
34.23	254
34.15	352
33.94	270
34.45	346
34.77	362
33.6	393
34.72	294
32.96	397
33.44	387
33.91	347
34.87	279
35.43	257
34.78	369
34.14	352
34.52	391
34.08	351
33.4	382
33.83	378
34.47	324
34.02	384
33.99	394
33.75	353
33.3	337
34.23	369
34.95	293
33.54	360
34.41	388
35.91	313
34.39	366
34.82	355
35.58	192
34.36	346
34.56	380
35.16	292
34.5	286
34.4	345
35.75	307
33.8	384
34.34	336
34.81	307
33.92	249
35.23	379
33.7	397
34.4	274
35.75	332
34.56	346
32.96	84
33.53	397
33.67	394
35.24	353
34.29	331
34.51	378
34.31	393
40.94	147
34.33	320
37.81	331
34.42	347
33.83	373
34.78	177
37.69	268
34.09	398
35.85	299
35.33	338
34.19	366
36.64	177
35.07	389
35.49	272
32.73	75
34.77	348
34	399
34.15	339
35.79	308
39.43	393
34.67	355
34.32	386
39.07	278
39.92	76
34.94	386
35.17	381
34.11	117
36.24	289
35.15	362
34.38	400
34.39	327
35.46	399
35.52	280
34.99	379
36.12	325
35.05	359
35.06	284
34.6	335
34.45	333
39.97	382
38.19	265
39.42	158
35.86	358
34.48	399
34.57	384
35.15	387
37.02	346
34.79	219
36.31	359
39.55	356
35.25	339
41.8	83
35.3	348
41.55	127
39.5	348
35.34	278
34.47	394
34.86	398
36.24	325
34.16	204
34.2	321
34.83	341
34.33	324
34.85	327
34.76	367
33.37	375
33.46	398
33.89	350
34.31	384
34.79	218
34.24	338
34.45	370
34.46	360
34.33	340
34.72	354
35.12	323
34.64	326
34.4	349
34.72	344
34.49	290
34.89	336
33.49	265
34.28	293
33.43	399
34.34	335
34.27	306
33.85	384
34.7	336
32.39	121
34.16	204
34.36	384
33	84
32.83	372
34.68	367
34.43	332
33.54	398
33.97	350
34.34	488
34.94	305
35.82	197
37.14	395
39.53	303
35.82	380
37.11	252
34.63	399
35.68	372
37.88	363
34.84	193
37.92	390
34.61	284
34.57	276
34.55	385
34.37	335
32.75	58
34.93	391
34.2	382
35.13	356
35.92	351
34.85	260
36.14	393
35.88	341
36.36	379
38.11	310
35.17	369
35.41	328
35.83	344
37.42	323
35.66	295
35.74	374
35.16	359
35.57	318
36.6	328
34.99	203
35.62	370
35.28	394
36.19	295
35.57	387
36.23	360
34.93	392
30.91	34
34.33	206
34.62	332
33.95	367
34.62	222
33.74	190
33.98	400
34.1	399
34.47	316
33.72	147
35.38	353
34.45	388
34.19	394
34.32	324
33.9	371
34.86	317
34.9	359
34.46	271
34.76	298
35.17	230
35.15	379
34.97	337
41.06	154
35.53	358
35.3	358
38.33	261
37.25	232
34.72	349
36.03	259
35.08	343
35.48	371
36.36	243
34.16	365
35.45	339
35.49	317
34.71	400
36.21	195
35.56	368
34.15	379
35.95	202
35.16	355
34.05	394
34.65	392
32.9	72
34.65	325
33.78	400
34.63	114
33.31	86
34.48	200
32.43	56
35.01	294
34.62	393
34.87	242
34.5	384
34.78	296
34.89	374
35.6	372
35.45	396
34.14	380
37.18	350
35.42	386
36.08	394
37.18	345
35.36	378
34.93	350
34.76	389
35.6	344
35.39	388
34.85	317
37.11	331
41.03	217
42.58	228
39.35	265
35.85	354
35.82	321
42.68	133
35.04	260
42.19	149
41.59	186
38.43	380
37.19	252
35.6	262
36.32	308
34.82	299
33.91	140
35.77	160
35.55	321
35.85	374
34.48	399
36.88	319
35.75	384
36.74	376
35.4	386
35.77	349
39.28	488
36.86	337
35.82	309
35.71	342
36.29	355
35.61	462
36.25	282
36.43	346
34.33	337
35.15	360
34.62	391
34.12	367
35.12	374
35.68	200
35.86	336
37.09	309
39.42	436
36.5	206
34.17	367
34.35	326
37.56	75
35.41	379
35.73	302
36.02	250
35.57	93
34.3	343
34.93	362
33.77	140
33.86	392
34.19	368
34.49	382
35.32	191
33.92	358
35.05	363
34.32	340
35.68	322
36.06	341
37.4	350
35.83	310
36	272
37.02	233
35.95	367
35.4	343
35.58	292
36.19	357
34.62	393
34.72	231
39.59	225
34.35	304
35.9	305
33.82	392
34.58	398
33.91	382
34.76	397
37.12	254
35.54	276
35.52	235
37.1	297
35.42	190
36.16	265
35.84	199
37	348
35.64	392
36.62	368
35.92	389
34.63	300
35.94	303
37.08	7
35.17	331
33.61	398
35.35	308
35.1	307
35.07	292
34.35	262
33.89	315
34.52	376
37	347
35.16	372
35.81	295
35.46	398
35.29	388
36.1	314
35.16	375
34.87	396
35.02	370
37.18	100
35.06	342
34.88	367
37.56	353
35.15	280
35.74	302
33.83	70
37.08	270
35.33	324
39.67	170
35.15	394
35.98	284
36.23	319
35.94	374
36.29	353
35.69	384
36.49	400
35.4	369
34.79	360
40.72	315
34.85	352
36.13	354
35.06	222
34.9	334
34.42	353
35.03	371
37.37	323
35.39	353
34.8	362
34.62	399
33.78	352
34.24	400
33.94	316
34.42	322
34	260
34.17	134
33.65	317
33.33	386
34.84	373
35.03	325
34.49	398
34.13	388
34.43	395
35.02	341
35.25	389
34.85	364
35.74	381
36.11	342
35.2	332
34.46	389
40.13	149
36.23	238
34.69	394
40.97	178
36.37	318
35.31	377
34.74	396
36.48	284
39.77	372
34.69	381
36.81	436
38.38	139
39.34	115
35.32	361
36.52	299
36.03	284
35.01	269
39.28	265
35.05	240
37.2	8
35.7	278
34.06	175
35.28	254
39.61	279
35.05	341
32.89	95
34.97	336
34.47	383
35.65	301
34.25	326
35.7	328
36.7	281
35.53	152
36.62	394
37.42	304
35.14	369
35.33	387
35.34	332
35.62	152
34.34	372
34.51	331
34.71	375
36.2	324
35.03	375
34.91	360
35.79	275
32.69	14
35.1	367
34.56	376
33.94	343
35.31	325
34.06	205
34.09	359
35.51	334
34.73	222
33.65	366
34.17	399
33.65	371
34.71	340
35.16	325
34.37	267
34.84	222
33.8	340
35	269
34.28	205
35.33	334
36.32	249
32.46	400
34.78	344
36.97	257
33.83	394
35.98	326
39.48	35
41.99	99
34.48	361
39.06	182
34.3	389
41.99	203
42.2	53
35.97	353
36.3	302
33.63	160
33.56	400
36.86	313
35.26	317
35.04	366
33.73	380
35.13	264
34.13	383
33.74	360
34.11	346
34.01	349
34.52	376
34.38	280
33.92	315
34.64	241
33.45	337
35.57	317
33.88	336
33.28	398
34.01	358
34.67	279
34.85	320
34.17	347
35.18	391
34.66	363
33.36	85
34.12	318
34.34	341
34.61	328
35.01	361
34.28	248
34.77	330
35.09	243
35.4	355
34.12	199
34.27	382
34.23	129
34.63	348
32.77	360
33.94	375
34.78	399
35.33	277
34.11	275
35.05	300
34.92	311
34.86	292
32.36	115
34.36	329
33.61	92
34.37	325
33.97	346
33.99	377
34.09	279
34.26	390
34.45	316
34.54	316
32.92	118
35.8	239
34.83	297
32.41	152
33.22	380
33.24	371
34.35	251
34.78	385
34.31	350
33.23	216
33.83	396
34.31	367
35.67	300
35.11	242
35.16	340
38.14	401
35.49	338
34.11	398
35.2	220
34.31	396
36.75	331
34.96	354
34.63	384
34.78	365
36.35	316
34.28	400
35.26	309
36.44	295
35.03	365
35.57	342
34.13	348
34.38	255
34.32	202
34.06	139
33.15	334
33.57	322
34.5	320
39.19	270
39.9	217
33.61	364
34.17	380
33.59	336
33.67	392
33.57	106
33.61	120
34.23	383
34.79	232
34.36	276
34.04	294
35.29	285
33.53	366
34.77	361
35.26	345
34.41	340
34.5	256
34.64	377
33.11	398
34.13	378
35.1	369
33.68	384
34.48	328
34.02	375
34.16	396
34.04	384
34.49	328
34.39	332
33.3	398
34.88	393
34.09	351
34.56	391
34.81	352
34.28	307
35.21	392
34.13	399
34.02	342
34.5	135
37.2	333
34.34	327
33.28	261
34.56	225
35.5	380
36.3	180
35.99	162
36.17	397
36.57	351
36.86	333
36.95	329
35.74	396
36.98	373
34.3	365
35.44	312
33.77	370
33.59	384
34.25	313
34.31	375
33.98	321
33.92	259
35.56	275
34.95	343
36.16	338
35.83	324
35.48	337
35.97	336
36.33	392
35.56	366
34.33	388
35.39	338
34.93	350
35.62	389
34.47	328
32.63	390
34.19	242
34.2	227
33.76	298
34.55	300
34.64	297
33.82	356
34.23	318
34.34	201
34.68	355
33.26	394
34.16	337
33.68	390
33.54	359
35.24	319
34.19	356
34.37	367
33.68	398
34.02	294
35.51	338
35.27	319
36.05	226
35.97	293
35.26	379
34.95	165
36.25	124
34.24	386
34.88	378
35.68	358
33.12	388
33.08	389
34.18	378
32.55	357
34	400
34.63	298
33.23	324
33.74	295
33.76	216
34.44	349
34.09	374
33.43	89
35.53	283
34.95	208
33.8	317
33.66	367
33.8	345
35.05	316
34.07	393
35.49	396
35.49	311
36.86	238
36.36	399
36.86	379
35.92	356
36.55	343
34.79	118
34.89	384
35.46	340
34.64	101
35.55	376
34.79	387
34.88	378
35.35	399
34.69	390
34.64	368
34.67	356
34.84	382
33.81	242
34.42	281
34.91	343
34.21	295
34.77	323
34.5	356
34.5	312
33.82	394
33.97	398
33.74	368
34.12	340
35.29	429
33.68	336
34.27	357
33.97	392
34.46	270
35	268
34.67	356
34.5	381
34.44	218
33.83	286
33.94	365
34.5	390
33.65	396
34.39	382
34.4	400
34.63	383
33.76	377
35.13	340
34.28	359
34.63	366
34.19	269
35.2	152
33.78	335
34.68	280
34.12	394
34.39	389
34.14	338
33.86	354
34.53	398
34.53	209
33.32	384
34.33	400
33.95	325
34.79	323
35.11	290
34.09	317
33.93	400
33.7	307
34.94	292
34.25	380
38.25	201
33.79	342
32.94	386
38.94	66
33.57	338
34.85	380
34.34	329
33.92	303
33.74	395
34.33	360
36.45	254
35.77	362
35.73	287
35.7	338
35.39	330
37.5	329
35.11	326
34.7	377
36.1	387
35.08	384
33.87	385
34.55	311
34.67	204
33.9	303
34.66	330
33.69	367
34.34	387
34.55	194
34.72	208
33.64	386
34.92	299
35.26	343
34.95	343
37.9	214
34.39	397
35.54	176
35.4	285
35.85	389
35.01	220
35.41	335
36.11	295
35.57	390
33.89	372
35.05	365
36.17	331
36.78	342
35.15	318
36.02	352
35.73	237
35.67	340
34.97	372
34.59	388
35.95	328
34.24	355
33.21	87
34.24	385
33.65	388
35.32	310
34.14	371
34.71	352
34.85	387
34.92	332
36.25	374
34.98	339
33.75	375
34.03	366
33.98	345
34.87	360
34.42	380
35.12	382
35.06	391
35.24	384
37.38	289
36.54	373
33.58	399
35.27	84
33.22	23
36.66	327
35.8	350
34.94	394
33.45	88
34.96	222
34.35	319
35.27	295
34.19	365
35.09	227
34.21	384
34.92	211
35.35	265
33.86	395
35.38	298
35.89	286
33.87	398
34.83	302
33.55	236
34.71	326
34.7	397
34.31	169
34.77	288
34.36	375
34.36	145
35.58	393
34.83	394
34.05	392
35.34	263
34.94	384
33.8	383
35.3	397
35.1	124
34.12	392
34.4	284
34.5	371
33.72	370
34.48	275
33.8	377
33.34	372
35.6	353
34.55	337
34.1	369
36.39	352
35.18	373
36.05	348
35.52	378
35.41	307
35.06	376
36.72	351
34.67	393
34.98	186
36.41	394
36.51	291
34.64	395
35.5	275
35.22	329
37.13	280
35.84	309
35.46	283
35.24	373
35.29	399
36.39	221
35.03	359
42.09	139
42.15	167
42.51	100
43.06	105
34.34	144
41.85	55
40.63	323
35.28	396
34.53	357
34.87	344
34.57	315
34.14	359
34.46	385
35.16	304
38.81	295
34.91	265
34.18	289
34.99	295
39.61	344
37.82	400
43.39	116
36.99	381
41.22	164
41.89	243
39.65	351
42.1	53
38.52	378
36.77	390
35.37	399
36.98	293
41.89	131
36.21	381
38.93	321
36.68	282
37.04	314
34.54	17
34.99	384
36.94	353
35.47	372
36.68	317
35.35	371
36.71	362
34.92	321
36.21	181
35.11	355
34.87	354
34.03	338
34	355
32.91	307
34.87	304
34.63	282
35.5	312
33.37	176
34.22	250
33.4	365
34.14	383
34.19	391
34.73	335
35.4	363
35.62	245
33.41	397
35.06	241
33.99	232
35.04	303
34.05	340
35.14	388
35.41	365
34.09	391
34.33	343
35.54	334
38.8	225
36	366
38.29	427
40.76	268
34.95	235
34.52	132
36.53	290
35.63	286
35.13	379
36.06	278
35.68	252
35.26	345
35.92	476
36.03	342
35.47	327
34.77	266
34.47	393
34.99	374
34.94	387
33.93	353
34.93	384
34.03	391
34.73	368
36.25	239
36.11	363
35.16	392
37	161
34.26	138
36.4	377
35.01	174
39.02	346
37.75	309
36.12	376
38.27	301
36.51	352
36.61	352
35.44	362
34.89	388
34.69	394
35.03	372
36	299
35.36	385
35.65	396
34.87	358
33.75	395
36.7	352
34.68	344
35.79	385
35.15	281
35.33	395
36.25	382
40.42	171
35.82	197
35.67	381
35.17	372
34.53	381
36.77	316
34.6	373
35.95	259
34.91	350
35.03	394
35.38	209
35.1	359
34.61	379
34.09	336
35.71	315
38.96	265
33.9	370
34.55	315
33.79	181
32.79	400
34.23	399
33.69	288
34.01	157
34.46	277
34.72	261
34.85	324
34.99	385
34.61	340
35.11	250
34.23	368
35.26	394
34.93	386
33.78	383
35.64	255
33.8	316
33.32	394
35.52	286
36.52	329
34.01	315
34.11	342
34.32	375
33.46	115
35	327
34.42	298
34.11	347
37.27	112
34.7	187
34.77	342
38.91	151
34.08	252
33.62	253
34.02	333
36.31	341
36.95	348
34.64	316
34.42	302
35.32	350
35.22	382
35.18	299
38.72	107
36.01	341
34.64	397
39.43	202
35.74	332
34.66	338
35.08	388
34.85	386
33.58	115
34.68	397
35.77	354
34.92	382
35.63	291
34.02	319
34.26	203
35.18	198
34.97	345
33.73	383
35.71	210
35.88	336
34.74	392
33.85	348
36.38	338
34.63	215
35.75	114
40.12	149
36.9	46
37.36	476
40	80
34.24	388
38.36	266
35.04	394
35.83	230
34.64	390
34.38	267
36.65	9
35.21	397
35.77	284
35.2	321
34.22	390
33.49	363
38.4	467
33.97	387
36.77	341
34.78	335
35.33	261
34.55	386
39.84	10
35.91	359
37.08	24
35.68	281
35.43	324
35.32	223
34.94	384
34.87	354
37.15	383
34.4	113
37.64	312
35.32	340
36.37	329
36.07	350
36.54	299
37.21	248
35.27	367
35.4	311
35.03	376
35.31	370
34.78	370
34.42	343
36.74	332
34.8	388
34.37	388
35.75	391
34.29	291
34.74	335
33.04	388
34.82	299
33.93	382
33.79	308
33.71	396
34.78	298
33.85	348
33.3	103
34.84	371
34.4	352
35.1	388
36.36	387
35.32	309
36.32	378
36.89	365
35.86	258
36.75	353
33.42	384
34.6	339
34.9	206
34.2	384
33.61	387
33.85	239
34.5	278
33.36	373
34.13	312
33.24	341
34.67	335
35.32	259
34.07	235
37.77	320
34.15	198
36.61	22
35.28	285
34.75	370
36.33	361
35.04	372
34.07	247
34.66	213
34.52	301
34.45	308
33.63	390
33.22	42
33.23	370
33.06	101
33.51	381
34.6	354
34.86	291
34.34	382
34.44	377
35.33	394
35.51	251
34.08	376
35.49	368
35.25	379
34.9	397
33.07	400
34.82	306
34.22	392
38.06	255
35.72	343
34.65	397
33.73	386
35.18	387
34.52	391
36.25	312
36.18	371
35.07	266
35.09	354
34.35	181
34.59	335
34.6	386
34.75	345
34.89	201
35.47	443
34.49	382
35.73	390
34.11	351
39.26	187
34.14	377
39.16	297
34.03	300
39.27	231
32.94	62
37.71	371
38.91	134
39.82	9
35.25	170
34.51	309
34.57	378
34.12	337
34.38	220
33.03	398
35.44	292
33.83	390
30.77	3
34.56	398
34.77	222
34.15	388
35.09	391
33.83	314
33.73	400
37.08	17
34.47	381
33.51	378
35.41	310
34.78	310
33.89	315
35.19	344
37.55	122
35.33	313
33.98	345
34.05	161
33.33	389
34.17	315
34.3	219
35.53	293
34.66	367
35.11	334
35.33	234
35.63	323
33.6	378
34.83	339
34.96	187
34.98	284
35.13	351
35.59	325
34.85	330
34.48	324
34.66	311
33.9	358
35.2	308
34.62	325
35.14	391
33.66	359
34.99	289
34.45	296
34.62	292
34.89	383
42.18	135
35.08	376
41.1	261
34.76	371
37.44	270
36.44	334
35.01	346
35.41	289
34.49	298
34.87	285
35.67	334
32.98	374
34.55	361
34.31	346
32.31	87
33.56	197
34.8	263
34.58	217
34.17	342
33.66	363
34.96	358
33.6	146
34.73	330
35	269
33.69	304
34.09	236
33.97	365
34.58	342
35	342
39.54	373
34.49	351
35.83	361
32.94	103
35.7	311
34.83	246
34.95	385
35.38	324
34.87	389
34.05	348
33.54	395
33.43	379
33.28	127
34.95	332
33.43	352
33.47	389
35.54	268
34.63	363
32.72	379
36.33	345
35.81	393
34.94	382
35.35	349
35.38	359
36.17	386
37.74	272
35.64	360
35.61	322
35.92	392
37.36	284
36.5	320
37.25	229
36.66	397
36.79	269
35.77	336
35.54	375
35.62	379
36.14	354
33.95	303
33.76	370
33.57	398
34.93	302
33.85	397
33.96	372
35.37	280
35	199
34.16	294
34.58	356
34.12	329
34.9	377
33.14	352
33.94	386
33.38	380
33.04	89
35.27	272
32.58	390
33.68	379
35.52	329
34.7	129
34.94	333
35.74	343
34.77	399
34.29	399
35.04	378
35.08	400
35.98	394
34.87	395
35.55	382
39.22	239
34.5	396
34.9	353
34.41	369
34.43	218
35.01	345
35.11	342
34.8	134
34.39	331
33.7	341
34.33	394
34.96	321
33.66	387
33.62	215
33.74	257
33.93	324
34.12	256
33.61	381
35	279
36.2	328
34.3	398
35.74	336
36.16	381
35.05	322
34.83	307
34.83	334
34.53	383
35.37	344
35.42	375
35.68	374
35.61	58
40.17	151
34.55	393
39.29	149
35.66	391
34.43	74
35.78	416
34.35	372
35.59	300
34.07	355
34.43	202
33.66	348
35.63	326
35.15	351
35.04	378
34.47	284
34.77	199
34.05	350
34.36	358
38.43	230
37.03	187
38.06	298
34.63	400
39.22	218
42.7	208
36.7	323
37.32	487
42.48	44
35.09	182
32.53	393
34.32	364
34.18	372
32.73	384
34.24	295
33.91	229
32.55	363
33.16	283
33.72	394
33.04	181
34.13	386
34.36	292
34.53	350
34.89	276
35.25	337
34.5	378
34.39	386
32.84	115
33.62	263
34.47	383
33.67	398
33.3	360
33.03	356
33.91	396
33.07	231
33.85	356
34.86	387
33.59	193
34.54	351
34.19	290
33.26	450
33.99	399
34.37	422
33.95	402
38.89	342
36.74	355
34.52	362
34.96	307
37.45	45
33.83	408
33.47	395
33.14	415
32.51	449
33.51	390
34.54	311
33.4	414
35.58	293
34.55	357
33.55	385
34.07	411
33.54	365
35.28	395
34.66	322
35.4	360
34.49	398
32.67	445
34.17	372
32.94	448
36.17	358
37.2	334
36.65	264
33.71	404
33.57	436
34.51	402
32.83	420
34.38	413
33.18	447
33.26	445
33.81	423
34.72	311
33.76	301
33.65	383
32.61	446
34.25	297
34.75	345
33.55	383
33.55	426
33.07	435
33.48	404
34.02	406
32.91	421
33.39	435
33.47	395
34.18	270
33.86	432
33.46	285
34.52	430
32.88	440
33.53	393
32.91	449
33.97	297
33.43	439
33.25	417
33.45	448
34.05	426
34.56	292
33.05	430
32.94	441
34.56	292
32.38	450
34.54	329
33.87	402
39.42	234
35.61	385
33.63	443
33.66	442
33.6	412
34.85	264
35.58	258
32.94	448
34.01	261
33.92	346
32.98	449
33.16	354
33.38	441
32.7	413
33.17	416
33.38	446
34.56	406
34.99	357
34.7	366
33.28	446
34.16	434
33.73	412
34.53	421
34.89	375
35.35	353
33.62	421
33.57	442
34.38	396
33.18	431
35.05	437
34.31	416
34.64	376
34.58	409
34.04	331
33.5	433
33.66	412
34.61	384
33.77	434
34.58	349
33.94	440
34.55	312
34.09	408
34.48	446
33.4	439
34	350
34.27	397
35.28	382
36.23	268
33.78	408
33.33	414
35.35	367
33.95	436
34.31	373
33.43	446
33.68	411
34.24	426
33.99	431
35.09	145
33.3	421
34.71	412
34.1	437
34.26	402
34.05	432
34.86	395
34.4	423
34.85	437
33.33	450
32.95	413
32.09	136
33.26	409
32.44	432
33.27	417
33.99	408
33.52	419
34.49	296
35.42	253
34.34	382
33.53	422
34.38	280
35.73	341
34.14	425
33.42	441
32.93	440
33.46	386
35.69	276
33.54	437
34.29	427
33.75	431
34.12	406
34.03	419
34.88	375
33.08	433
35.48	161
35.42	357
33.26	385
34.12	338
34.84	267
35.34	376
33.93	445
39.07	170
34.56	158
34.79	247
34.26	386
33.96	438
34.27	341
35.84	270
32.99	446
35.76	154
34.05	445
35.07	241
34.3	203
33.97	442
34.73	333
35.08	306
34.17	361
34.48	384
35.24	267
34.17	446
34.49	439
34.73	302
33.58	437
35.08	302
34	220
34.83	302
34.06	379
33.89	350
34.89	227
32.85	424
33.06	436
37.4	372
33.28	429
32.65	429
33.42	341
34.78	200
35	298
33.77	404
33.45	432
32.77	407
33.71	421
33.23	387
34.18	423
33.84	371
33.25	443
32.34	448
33.68	397
33.62	445
33.41	380
34.27	332
33.61	395
33.65	378
34.15	341
33.91	340
33.97	331
35.47	250
34.2	433
33.12	415
33.88	407
34.5	334
33.82	403
33.17	415
35.79	136
35.4	329
33.99	425
35.24	404
33.74	360
36.94	264
34.22	383
34.39	343
35.28	254
34.09	362
33.4	421
34.45	275
33.77	449
35.85	297
35.16	249
34.07	339
35.84	215
34.83	399
33.31	434
33.5	382
36.58	329
33.83	403
33.53	419
33.99	342
37.94	62
33.11	424
33.99	407
37.64	181
34.25	386
34.34	362
33.71	399
33.82	420
34.25	413
34.03	423
