sim	len_diff
33.87	98
34.28	38
33.75	97
35.3	87
34.22	155
32.39	114
34.19	27
33.44	142
35.15	56
34.91	82
33.45	109
34.72	87
32.58	71
31.27	110
33.06	104
34.17	82
33.85	222
33.59	106
33.03	97
33.15	80
33.29	106
31.77	25
33.28	111
32.95	114
34.63	88
32.86	112
32.38	34
32.46	114
33.62	94
33.95	41
33.4	101
32.59	31
34.59	101
33.75	94
33.42	92
34.23	107
34.45	43
32.23	96
35.5	103
34.86	101
34.02	155
31.32	105
32.24	84
31.92	88
33.67	141
31.89	38
33.79	84
34.74	74
32.67	217
33.83	66
33.06	138
33.06	138
32.99	62
34	79
32.32	25
34.52	110
32.47	87
33.69	85
32.54	44
34.57	79
34.78	62
32.07	108
33.12	113
33.18	75
33.01	109
35	47
34.18	49
32.94	113
33.68	103
32.6	104
32.24	34
33.58	19
32.89	109
32.96	113
33.88	109
33.58	111
32.5	201
33.15	87
32.93	110
34.22	131
34.09	54
31.52	114
33.06	96
34.62	82
33.89	65
33.34	95
32.23	112
32.31	110
31.55	90
35.21	73
33.87	108
33.22	75
33.73	98
32.67	93
33.68	32
34.23	86
33	205
32.23	26
32.67	93
32.99	113
33.32	102
33.92	109
34.1	69
33.96	65
34.1	109
32.58	109
33.39	108
34.23	103
31.79	111
33.28	84
33.65	109
33.17	192
33.62	113
35.64	87
32.41	108
33.27	113
33.65	104
33.17	219
33.89	100
32.64	113
33.45	77
33.05	77
33.33	202
34.17	104
33.68	19
33.98	101
33.45	111
34.11	110
34.22	54
32.32	109
35.27	69
33.78	123
33.62	51
30.95	111
33.72	107
34.23	51
32.65	109
32.68	72
34.86	61
32.94	84
32.02	107
32.96	48
32.83	74
34.8	73
33.37	67
32.02	107
32.93	194
35.08	98
32.77	110
33.54	90
32.19	169
32.47	112
33.43	15
33.37	136
34.26	93
35.24	73
35.03	73
33.55	98
33.69	57
32.33	87
33.86	61
32.37	106
33.61	98
31.96	106
32.36	106
34.11	73
33.62	98
32.75	102
33.31	69
33.22	91
33.63	90
32.02	107
33.54	104
32.27	106
33.26	70
32.93	99
32.17	112
32.56	185
33.05	110
33.7	98
34.2	60
33.89	108
34.5	68
33.14	109
33.25	35
33.31	90
33.95	103
32.84	113
32.77	107
31.05	104
34.04	103
31.16	114
32.88	85
33.35	112
34.41	96
33.48	110
33.83	189
32.44	106
31.59	112
33.51	112
32.84	111
33.3	52
33.65	111
33.9	99
31.73	108
32.06	92
33.74	214
33.16	192
31.91	109
33.43	106
33.79	108
34.62	112
31.88	101
32.2	93
32.25	107
33.41	100
34.37	54
33.84	77
34.69	110
33.54	103
33.47	114
33.53	114
33.18	114
32.12	96
33.43	90
33.53	114
34.09	107
33.22	112
33.53	114
33.57	114
33.56	114
32.82	114
33.97	114
34.6	104
33.83	114
34.67	87
33.1	114
33.54	114
32.96	114
31.67	113
33.25	114
34.16	100
32.95	114
34.53	107
34.5	104
32.99	112
33.12	114
32.91	91
32.97	113
31.53	112
31.68	110
33.97	107
33.53	114
33.57	114
32.68	114
34.12	114
32.75	114
33.53	114
33.68	114
33.35	114
33.73	103
33.1	103
33.28	108
32.49	109
32.64	111
33.41	114
33.45	114
33.74	114
33.74	114
34.38	104
32.28	95
33.4	56
33.74	60
33.05	50
33.68	106
32.19	112
33.44	105
33.48	30
32.97	111
33.79	30
33.54	183
33.77	106
34.62	116
32.84	95
32.98	114
34.72	86
33	106
33.78	108
33.61	22
33.3	99
31.55	106
34.01	94
33.18	194
33.76	77
32.58	112
34.01	84
33.99	67
34.81	84
33.65	111
33.82	108
33.84	174
34.46	111
32.2	104
30.77	80
35.8	122
32.66	107
34.09	27
34.17	64
35.17	75
32.65	81
35.03	49
32.62	196
35.97	60
32.46	109
33.78	87
33.27	78
34.42	148
33.4	62
33.26	104
31.69	91
33.75	50
33.81	112
34.51	79
34.06	95
34.71	75
33.57	221
33.86	94
33.45	110
34.33	85
32.61	106
33.39	114
34.41	93
32.5	108
33.34	108
33.33	112
33.88	106
33.12	101
34.44	88
33.8	38
33.65	38
33.34	108
33.75	119
34.01	33
32.52	110
32.98	107
35.64	82
32.08	110
33.47	101
31.97	101
33.22	109
32.96	50
33.18	95
33.93	159
34.5	127
32.47	18
33.06	75
33.67	61
30.62	3
31.06	33
33.03	70
33.84	65
34.15	85
33.47	35
67.64	3
34.65	88
34.05	87
35.93	44
35.01	98
34.02	174
35.1	22
34.09	57
33.73	60
33.52	183
35.76	78
33.53	102
32.08	21
32.81	101
33.54	83
32.96	69
34.27	39
33.95	142
32.81	86
32.92	181
34.07	94
33.72	59
33.9	52
34.58	65
33.89	90
33.65	92
31.72	22
35.27	70
34.49	50
34.93	69
34.35	170
70.71	3
33.86	101
35.31	88
34.44	119
35.44	98
34.24	69
36.42	64
34.92	74
36.58	70
35.24	82
34.51	92
33.99	20
33.22	84
35.35	86
36.25	81
33.76	50
34.77	81
32.1	63
33.96	26
34.13	88
34.24	91
34.44	76
31.73	53
34.32	76
33.37	84
32.16	59
32.47	21
33.36	74
32.99	89
34.01	80
31.6	18
34.82	79
33.74	177
32.27	15
34.71	92
33.4	63
35	38
35.35	65
34.89	85
33.8	97
33.44	30
34.13	73
35.06	136
34.06	45
33.84	99
34.59	86
30.03	178
33.77	73
34.17	83
35.67	16
33.99	177
34.3	38
33.94	94
35.97	82
33.79	99
35.03	89
33.74	61
32.61	100
35.15	95
33.27	84
33.42	32
33.83	17
36.19	85
35.1	50
33.3	78
33.25	40
34.69	78
33.66	55
33.09	171
33.95	183
34.63	64
34.99	84
34.84	80
34.83	156
35.45	97
33.54	98
33.9	64
32.55	177
35.81	90
33.77	101
33.72	67
32.06	101
33.17	82
33.9	156
33.68	88
33.39	72
32.56	97
33.39	60
32.64	55
34.63	50
33.36	61
34.19	80
33.69	96
32.51	89
34.13	94
35.06	48
34.05	180
33.52	129
34.91	86
34.01	94
34.65	92
34.22	93
34.2	156
34.98	94
33.42	99
34.15	139
34.94	48
32.49	86
34.26	60
33.98	100
34.3	68
34.07	86
33.67	69
33.91	90
33.96	95
32.93	44
34.03	100
34.67	97
35.79	81
32.34	4
35.19	24
34.51	71
33.7	98
34.85	92
35.76	80
34.42	68
33.68	58
33.5	22
31.86	100
34.15	80
33.6	55
32.75	81
33.72	88
33.47	162
33.08	73
32.91	74
32.88	89
34.3	73
32.98	112
33.24	97
32.49	73
32.67	17
33.93	94
33.17	88
33.74	51
33.38	92
35.67	70
34.01	88
35.29	61
34.29	51
35.34	58
34.62	92
34.94	100
33.37	71
33.39	71
35.08	53
35.6	159
33.7	57
34.76	66
34.15	147
34.5	100
34.15	75
33.75	181
34.68	90
33.62	87
35.37	64
33.9	180
33.91	87
34.02	61
34.02	89
33.25	97
37.33	62
35.78	99
33.16	46
32.92	57
33.17	20
34.73	171
33.39	73
34.68	181
33.8	124
34.27	101
34.57	170
34.59	72
34.27	98
35.92	118
34.64	83
33.03	98
32.81	93
32.98	33
33.08	56
33.96	84
32.65	88
33.79	63
33.07	97
34.06	98
33.5	97
36.12	96
33.34	25
35.1	94
33.23	85
35.02	91
34.7	95
32.93	34
33.77	93
33.82	85
36	65
35.28	74
33.53	73
34.7	129
33.48	101
35.12	59
33.61	89
34.38	50
32.73	44
33.89	99
33.49	97
34.28	96
35.59	79
34.49	45
34.89	130
34.73	100
34.61	71
33.16	47
34.13	66
34.89	130
34.89	130
33.33	146
33.95	105
33.35	80
34.38	132
32.27	22
33.53	91
33.12	106
32.48	100
32.93	91
33.4	113
35.26	72
34.13	90
33.38	40
34.63	97
34.53	96
34.23	57
33.12	157
33.98	87
34.66	96
33.29	99
34.1	96
37.34	76
36.02	79
35.1	147
35.22	75
36.8	52
34.62	163
34.98	143
34.67	79
32.87	100
34.65	59
35.12	92
34	101
34.21	50
34.61	69
33.3	97
34.67	95
33.58	96
34.88	91
33.51	101
33.94	96
35.02	79
33.3	95
35.48	99
33.73	91
35.12	89
33.89	180
34.88	27
36.41	83
32.63	13
34.29	77
33.02	85
33.67	48
34	45
34.36	44
34.28	83
33.93	127
34.06	56
33.99	43
33.88	91
33.95	87
32.09	58
34.1	98
31.91	90
33.34	90
34.79	68
34.5	70
32.25	87
34.01	86
33.58	168
34.49	68
33.28	49
34.55	83
34.22	36
33.45	145
33.66	80
32.31	154
32.61	100
35.89	64
34.51	65
34.71	74
32.9	96
34.19	176
33.27	73
34.61	88
33.91	95
32.51	5
35.61	90
34.01	71
34.12	77
34.01	98
33.78	74
34.19	80
35.38	70
34.03	74
35.06	65
33.47	70
34.21	61
35.23	95
34.1	81
32.22	88
34.26	72
34.72	72
33.41	73
33.86	128
30.76	34
34.23	77
33.3	73
34.05	90
32.85	69
30.53	7
33.96	81
32.71	92
33.96	73
32.65	23
33.28	98
33.56	77
31.49	39
34.59	52
33.97	87
34.17	46
34.24	83
34.89	81
33.25	53
33.62	134
33.53	98
34.03	93
32.84	179
34.74	79
32.84	100
34.49	74
33.68	97
34.89	93
34.22	72
34.24	71
34.83	87
35.17	52
34.19	41
35.47	75
34.74	86
32.96	50
34.41	89
34.68	89
35.72	28
33.9	94
31.55	28
34.58	130
34.6	54
32.54	85
33.82	77
35.58	108
33.89	95
33.16	82
34.08	81
33.39	155
33.86	97
35.79	80
31.29	6
33.26	21
34.67	89
35	83
35.53	36
34.5	40
34.74	69
35.27	67
35.33	40
31.88	12
34.57	98
33.84	90
34.39	183
30.5	1
35.03	132
33.71	94
33.74	99
34.28	152
35.04	109
34.48	74
32.39	27
33.18	70
35.89	101
33.25	99
32.12	59
33.96	86
32.79	100
31.06	59
35.01	99
32.16	91
33.81	35
34.16	99
34.74	109
34.81	67
33.4	76
34.36	67
35.43	48
34.22	145
35.03	65
33.89	92
35.21	81
34.75	98
34.07	65
34.36	165
35.61	71
35.81	44
33.47	98
33.98	64
34.05	90
35.37	99
35.09	49
34.1	93
34.23	44
34.62	163
34.19	61
35.23	84
33.98	34
35.27	172
34.47	63
33.16	23
34.44	81
34.25	78
31.65	15
33.02	73
34.02	60
33.72	85
33.78	88
33.24	86
33.54	79
34	86
34.3	98
33.72	86
34.6	79
35.74	91
33.94	92
34.93	81
35.23	101
34.38	76
33.65	79
33.7	88
33.09	100
34.11	38
34.38	97
34.18	78
34.69	96
34.44	84
33.33	90
34.18	60
33.8	34
36.13	58
35.88	25
33.93	94
33.48	88
35.39	46
35.06	96
35.87	122
33.96	71
34.01	60
33.57	84
33.86	73
34.46	100
33.33	70
32.81	88
33.32	92
35.86	96
35.2	99
35.52	83
36.27	95
33.76	47
33.37	94
35.95	81
32.81	101
33.82	79
33.84	23
34.17	53
33.12	72
33.98	89
35.45	80
34.44	96
31.34	22
34.86	64
34	91
32.9	81
35.45	94
32.95	60
35.31	67
34.86	97
33.72	80
33.01	169
35.04	88
36.66	54
33.24	71
33.73	76
34.83	66
35.21	41
34.28	54
33.95	38
33.72	107
34.48	67
32.94	99
33.13	177
34.23	50
34.42	96
35.06	44
34.64	34
33.34	93
32.49	183
34.65	36
34.54	181
33.83	66
33.45	48
34.29	92
34.15	140
33.2	100
31.76	88
34.33	163
35.46	103
33.23	67
34	100
36.06	86
34.13	77
34.29	76
34.06	74
34.35	91
33.86	81
34.97	116
34.32	79
34.17	66
31.88	37
34.35	72
32.48	48
34.36	99
30.22	14
34.54	81
32.96	49
34.35	95
33.97	143
33.5	176
31.79	21
33.42	113
34.15	78
33.28	76
35.7	79
36.42	90
36.96	72
34.2	101
35.62	71
34.92	67
33.68	97
34.61	16
34.68	164
32.63	92
33.3	14
34.31	89
33.94	122
34.83	63
34.53	153
35.12	81
35.16	56
33.6	47
34.57	79
35.86	75
35.52	73
33.12	40
32.58	101
33.93	93
32.79	80
34.95	74
33	67
35.61	71
33.29	86
34.74	91
33.82	81
33.05	92
33.49	98
33.15	74
35.27	67
33.4	72
34.09	90
33.6	91
33.58	57
33.18	87
35.1	85
33.12	45
36.41	57
33.96	90
32.73	68
34.16	21
34.59	80
33.82	79
34.12	80
34.82	73
33.92	168
33.93	32
32.63	78
33.17	45
32.95	27
34.76	97
34.71	81
34.36	58
32.83	24
36.73	77
34.28	61
35.77	55
32.15	82
33.87	101
32.93	77
34.58	70
32.79	145
33.34	101
35.84	40
34.97	120
34.26	93
32.68	17
34.27	98
33.7	59
34.29	100
32.93	82
33.3	65
34.15	117
32.02	92
33.13	51
32.73	98
33.99	50
33.82	56
34.41	60
33.45	64
34.53	69
34.3	85
34.81	65
35	79
36	48
33.64	81
32.38	99
33.32	80
33.56	49
33.48	77
34.56	67
34.53	79
32.53	92
33.26	96
33.66	71
34.18	170
33.57	87
33.32	75
34.02	61
33.57	74
33.45	85
31.5	73
33.71	146
32.22	94
33.96	3
35.48	46
34.23	72
34.82	96
34.94	91
34.66	78
32.93	35
35.48	59
33.74	74
32.88	28
34.89	94
32.8	95
48.48	8
31.51	101
33.45	73
32.23	63
33.09	88
34.58	47
33.7	73
32.04	97
32.95	101
33.32	84
35.2	68
34.94	82
35.03	82
35.03	82
36.8	64
34.53	133
35.17	82
35.07	159
34.33	140
32.91	38
34.65	162
34.06	43
35.23	4
34.8	87
33.95	166
34.78	35
33.64	66
32.58	29
35.29	54
34.92	76
33.46	67
32.04	88
34.09	91
36.06	58
33.5	91
31.88	71
33.59	91
31.64	26
32.18	44
33.7	141
34.29	92
34.45	21
34	28
36.93	75
34.33	182
35.02	65
34.01	97
35.27	76
32.46	96
33.75	101
33.66	60
34.19	73
34.39	80
34.55	75
34.75	79
34.13	67
35.8	77
34.75	90
34.7	173
32.55	95
34.36	53
32.19	34
34.85	56
33.25	57
35.46	100
34.03	81
33.56	138
33.82	80
34.23	157
33.08	98
34.4	59
33.31	83
35.32	104
33.14	44
32.62	9
34.01	40
33.27	96
32.09	98
33.97	103
50.76	5
34.4	77
34.06	87
64.79	3
34.46	152
33.66	96
33.54	101
33.19	73
33.86	97
36.5	80
34.42	62
32.8	91
36.32	81
34.31	100
35.29	94
33.82	101
33.44	95
32.72	97
34.1	109
34.31	100
33.84	101
34.01	125
33.76	68
33.49	181
33.86	47
34.09	136
34.29	107
33.2	69
33.87	156
34.41	156
35.22	86
35.54	72
33.86	99
33.37	60
35.32	118
34.51	85
34.14	176
34.68	91
34.18	57
35.51	69
35	83
34.47	60
33.64	67
35.52	90
34.31	84
33.07	48
34.36	98
33.79	87
33.71	108
33.77	80
35.46	72
34.83	132
32.93	40
34.19	89
35.28	73
35.13	108
34.44	96
33.99	87
34.72	96
32.94	97
34.53	154
33.96	136
34.79	64
35.47	68
34.57	39
34.05	74
36.36	78
34.9	69
36.82	73
33.47	163
35.05	93
35.27	97
33.44	73
33.65	74
33.64	94
34.3	74
33.1	93
33.96	83
34.44	96
34.54	142
35.27	94
33.43	46
35.03	156
35.77	116
33.16	101
35.52	99
33.29	99
34.71	167
33.3	90
33.6	87
33.05	95
34.46	62
34.55	73
34	89
34.49	131
34.6	96
34.21	82
32.75	97
33.47	153
32.36	42
32.63	27
34.33	88
33.12	101
34.39	61
33.2	73
34.46	115
33.98	100
33.84	82
33	95
34.64	49
34.82	95
34.4	78
33.38	44
32.24	13
33.21	61
33.43	91
32.97	15
34.43	18
33.73	93
34.6	91
35.49	60
32.78	88
35.25	81
35.33	76
34.67	91
34.64	54
34.3	94
33.55	100
33.06	64
36.27	71
33.37	100
34.09	65
35.31	62
34.9	94
35.51	76
33.75	78
34.04	77
34.08	65
32.52	92
33.32	91
33.1	64
34.5	55
32.91	91
34.16	96
33.11	106
34.99	85
33.44	101
33.75	77
33.32	96
33.16	174
33.35	92
36.35	102
33.7	83
33.33	101
33.13	9
35.61	81
34.54	100
36.18	83
34.74	16
33.57	100
32.97	86
34.02	79
34.1	135
34.01	93
34.75	177
34.27	96
33.66	93
32.32	22
33.08	24
33.86	138
32.39	74
33.5	160
34.16	82
34.52	72
32.41	98
32.43	65
33.95	55
32.25	176
34.71	42
33.02	182
33.17	32
32.36	90
34.01	89
34.3	74
33.11	56
35.17	62
32.98	98
33.36	85
34.22	52
32.65	71
35.07	172
33.95	92
35	83
33.38	88
32.31	78
35.04	30
33.58	90
34.85	45
33.67	78
36.7	83
33.36	174
34.16	152
34.22	138
33.77	178
34.12	67
32.94	86
33.98	93
32.63	100
33.25	87
34.35	100
33.85	60
33.87	11
34.41	70
34.22	97
35.04	82
31.47	36
34.16	170
34.96	100
34.93	54
35.08	84
35.03	68
35.11	63
34.76	122
33.25	25
34.38	153
36.12	154
33.99	89
34.5	88
33.25	99
34.06	178
31.52	46
31.79	80
32.55	94
34.57	179
32.5	22
34.05	50
32.75	98
34	73
34.07	97
33.2	168
34.27	141
33.59	140
34.67	170
32.72	16
34	100
34.17	90
33.32	93
32.92	25
33.86	100
33.57	110
34.86	93
33.77	100
34.61	150
34.79	99
34.63	35
34.97	82
34.82	98
34.54	60
33.85	67
33.79	179
32.85	100
32.97	84
31.89	11
33.06	64
34.45	64
33.21	64
32.85	97
32.78	93
33.86	116
34.77	63
32.81	90
33.93	105
33.64	179
34.31	78
34.87	156
33.98	89
34.44	152
32.69	72
33.25	79
34.51	94
31.79	100
32.68	97
33.65	64
32.63	97
33.89	39
34.4	49
33.14	149
34.59	100
30.86	51
33.69	100
32.34	90
33.71	100
33.87	96
33.66	65
34.07	93
33.51	69
32.65	34
34.71	79
33.7	87
34.01	73
34.88	61
34.36	83
35.76	64
34.73	59
34.36	87
34.43	96
36.73	21
34.21	85
33.8	162
35.64	93
33.33	91
33.63	48
32.89	69
34.23	84
34.42	142
33.8	51
34.68	78
34.18	115
34.03	33
34.06	97
33.9	92
35.2	80
33.6	87
34.57	182
33.37	25
33.6	78
33.01	86
34.17	53
33.12	100
33.37	94
34.82	89
33.98	93
32.95	128
33.33	98
34.62	71
35.45	60
32.19	21
32.58	30
34.13	135
33.01	40
33.05	49
32.49	62
35.09	64
33.93	154
32.51	92
35.01	73
33.92	153
33.99	85
31.76	60
31.66	10
34.64	86
34.63	75
34.04	84
33.53	83
34.77	98
34.46	156
34.31	97
35.3	75
35.16	59
33.09	10
32.41	77
33.1	10
32.75	87
34.04	92
34.38	93
32.57	59
31.82	101
34.06	89
33.94	115
30.5	24
33.75	93
34.75	165
33.15	25
33.71	98
33.65	98
33.56	50
35.08	174
35.52	99
35.01	74
35.21	83
32.5	33
33.18	91
33.18	91
32.99	85
34.3	99
33.03	80
33.37	74
34.23	164
33.67	83
33.86	39
36.01	42
34.72	151
35.69	62
33.63	70
35.58	92
35.16	93
33.93	96
36.16	90
35.79	36
32.55	88
34.2	93
34.9	69
33.65	173
34.27	97
33.51	26
34.22	157
34.54	117
36.76	66
34.79	156
35.11	83
32.68	66
33.35	176
32.03	90
33.01	56
34.47	92
32.97	120
34.14	100
32.91	85
33.67	23
32.24	73
34.75	67
34.54	142
35.49	84
32.97	58
32.96	156
33.4	67
34.13	92
34.45	94
33.75	133
32.07	89
33.57	171
34.18	77
32.98	78
33.09	60
33.1	49
34.31	120
34.6	105
32.91	73
32.48	64
33.19	91
33.75	74
34.93	96
34.58	135
33.79	101
34.73	101
34.09	130
34.56	121
35.77	38
32.85	90
34.64	49
34.59	89
33.94	80
36.07	94
35.47	57
34.78	84
35.11	65
35.28	93
34.54	170
33.3	95
34.24	101
34.27	92
33.76	150
35.29	78
35.07	88
33.77	42
33.63	94
36.01	57
33.89	170
34.13	83
34.85	93
35.1	81
35.44	76
35.02	105
35.03	112
35.1	129
34.32	64
34.9	133
33.58	84
34.6	100
34.63	175
35.31	81
33.9	101
33.24	94
35.01	53
33.56	16
35.7	43
33.52	92
34.33	84
34.1	69
34.62	86
33.25	21
35.51	53
34.83	93
35.83	56
35.24	83
35.67	101
34.8	99
33.31	94
34.18	68
34.12	65
33.76	93
33.65	58
34.86	96
34.52	97
34.95	40
35.24	93
35.29	34
33.2	85
34.73	136
34.91	86
36.17	79
34.39	64
34.86	83
35.17	95
34.27	66
34.06	100
34.28	148
34.82	68
33.56	181
34.58	74
34.2	86
33.92	59
34.56	64
34.71	71
33.56	73
34.75	99
35.34	99
34.85	64
36.01	63
34.2	98
35.08	88
33.1	86
33.75	56
34.13	96
35.6	58
33.29	144
33.66	64
33.56	45
31.08	75
35	70
33.79	81
33.7	98
33.91	75
34.43	90
33.93	103
33.17	71
34.54	96
32.91	50
33.14	54
33.35	79
34.2	87
33.98	91
34.33	99
33.58	169
34.36	81
35.41	65
36.21	115
33.03	97
33.54	93
33.52	73
33.61	87
33.56	67
33.14	101
32.92	158
36.72	63
36.03	114
34.2	182
34.52	100
33.67	32
34.22	85
34.85	69
34.04	101
34.79	157
35.99	84
33.64	60
35.75	59
35.47	53
32.88	48
34.21	77
35.72	160
33.67	71
33.17	23
33.72	30
34.24	66
36.56	58
35.06	63
36.16	84
33.84	100
33.36	93
33.54	97
35.23	89
33.58	98
35.43	91
33.77	89
33.55	78
35.31	66
35.2	93
34.74	88
33.89	93
33.34	170
33.66	40
34.5	145
34.56	146
34.15	155
34.24	35
32.73	28
34.53	83
32.05	98
32.69	46
34.64	85
35.11	62
32.95	74
34.02	94
34.23	97
36.51	91
34.39	101
34.09	128
35.97	86
36.34	46
37.26	72
34.23	106
32.95	100
34.02	34
34.09	183
34.47	89
33.74	100
34.53	57
34.96	133
34.8	113
35.69	44
33.36	93
34.34	91
33.33	98
33.91	55
35.61	96
34.78	99
34.92	66
34.82	84
34.72	99
33.76	143
34.01	97
33.48	168
33.4	32
33.77	65
33.93	128
34.5	63
34.59	70
33.29	41
33.61	52
35.92	49
32.22	38
35.47	97
34.81	137
35.04	166
33.94	49
31.78	22
34.91	74
33.98	146
34.66	88
34.17	51
34.47	91
34.21	42
34.77	100
34.23	90
33.3	97
33.57	99
37.15	69
33.06	92
34.95	85
35.04	96
34.24	79
36.3	66
33.6	93
35.17	74
34.44	88
36.64	81
35.24	95
36.06	96
34.27	58
32.43	10
33.54	88
33.88	177
35.3	90
34.23	92
34.88	73
35.15	71
34.24	94
33.37	95
36.18	78
35.08	101
33.62	95
34.4	79
33.39	88
31.11	1
33.73	91
33.12	41
34.03	119
34.31	65
35.59	94
33.28	95
31.71	6
33.57	95
34.44	75
35	91
31.27	28
37.31	76
34.08	98
34.46	69
34.13	81
34.04	86
33.22	96
34.88	62
33.92	19
32.68	100
31.89	22
35.6	133
34.11	120
34.32	140
34.55	53
34.76	55
33.25	68
34	44
33.04	77
32.1	88
33.78	94
33.76	59
34.05	75
33.45	64
32.05	49
32.52	78
36.72	88
33.98	84
34.2	64
34.23	95
34.13	50
34.18	52
34.44	178
33.86	82
35.09	92
34.73	90
34.35	77
34.7	56
34.42	95
33.52	57
33.7	87
34.11	86
33.95	92
33.18	93
34.95	67
34.13	97
33.46	174
33.44	88
33.58	69
34.61	65
33.02	82
34.04	112
35.09	101
34.36	97
63.21	4
33.69	23
35.7	88
35.95	145
34.48	49
34.57	109
33.31	168
33.86	56
33.87	96
33.44	100
35.62	96
32.78	30
34.64	80
36.55	57
33.55	99
34.35	74
34.03	81
35.35	95
32.66	25
34.51	155
33.23	89
35.22	99
33.72	90
33.77	65
33.11	167
33.67	93
34.12	36
33.77	159
32.89	3
33.83	132
31.47	16
33.68	118
33.53	21
33.56	100
33.93	88
35.35	86
34.77	89
33.13	87
32.18	90
33.19	48
33.28	86
34.5	80
32.98	99
34.96	121
34.21	76
34.35	130
33.77	20
34.77	97
33.96	64
33.26	52
34.58	22
33.32	21
33.92	68
34.35	95
32.88	40
33.38	120
33.03	57
33.18	182
37.34	50
34.83	181
34.65	139
33.03	62
32.08	86
34.29	86
33.66	48
34.77	60
35.31	101
34.98	49
34.58	63
35.27	82
33.83	74
35.48	57
33.76	89
34.51	94
32.15	12
33.09	100
33.53	81
34.99	74
33.72	101
34.72	100
34.93	161
34.97	63
33.19	82
34.09	142
33.65	101
33.67	53
33.31	168
33.79	140
34.19	71
34.09	83
33.78	90
33.84	25
34.12	100
33.24	76
34.71	66
33.03	71
33.27	94
33.04	93
34.39	70
33.07	101
34.88	93
33.94	156
32.47	4
33.4	37
32.7	152
33.36	88
33.82	52
34.44	90
32.03	41
35.2	74
34.3	57
34.82	22
64.99	2
33.47	100
36.06	73
32.23	26
31.59	2
36.68	91
34.02	92
34.83	67
33.79	56
34.22	61
33.31	97
34.71	69
35.26	89
32.89	81
34.42	89
33.47	86
35.41	60
36.11	59
34.17	82
34.38	51
34.42	93
34.94	35
34.18	74
32.66	97
33.4	78
33.12	77
34.34	55
33.48	126
34	97
32.81	88
35.56	78
33.46	89
34.67	92
33.72	90
34.02	73
31.95	80
34.3	172
33.84	20
33.39	93
34.51	87
32.98	100
33.68	104
34.84	55
34.64	82
34.21	23
32.32	161
35.37	83
33.94	94
33.88	171
34.4	80
33.52	100
35.48	79
33.92	101
36.77	110
34.86	44
34.23	48
34.37	91
34.22	69
35.38	88
33.8	90
34.49	73
32.44	22
34.47	88
33.69	52
33.65	65
34.39	77
34.3	134
34.89	67
34.34	72
32.54	41
35.72	99
34.35	100
34.2	179
33.27	98
34.33	109
33.5	73
34.05	43
33.78	47
34.16	75
33.83	179
33.72	89
32.6	100
33.96	123
32.82	73
32.41	100
34.62	79
30.12	16
32.89	78
35.59	70
35.38	80
33.62	125
33.92	97
33.47	92
34	77
35.64	78
33.7	89
34.29	101
33.2	93
33.89	93
32.05	86
33.75	155
54.2	5
33.75	88
34.67	68
35	183
34.5	100
33.26	97
33.84	57
34.68	76
35.31	79
34.07	33
34.34	109
33.62	82
32.44	28
33.51	68
36.21	95
33.92	77
34.71	70
33.91	46
34.04	84
32.6	97
35.12	129
35.17	98
35.5	83
33.2	91
32.61	76
34.03	151
34.27	80
33.94	29
33.66	76
32.41	20
34.41	99
32.98	44
32.44	27
33.68	54
34.92	136
33.78	66
31.89	4
35.88	31
32.85	29
33.7	72
34.6	70
35.43	69
34.79	56
34.9	131
34.6	76
35.07	82
34.87	101
33.56	172
34.75	88
34.17	89
35.05	55
34.55	91
34.36	54
33.48	31
33.78	83
32.68	31
34.14	140
34.62	96
34.65	78
34.66	85
33.37	101
34.11	95
35.24	72
33.92	111
32.83	83
32.79	97
34.7	76
31.44	25
34.54	82
33.81	94
34.17	72
34.07	169
33.24	156
32.57	67
32.11	90
32.43	86
33.48	73
32.06	28
32.96	139
33.42	91
33.35	20
33.43	101
32.99	125
32.34	69
34.87	81
48.99	11
35.18	160
33.91	23
32.92	50
33.79	149
33.58	46
33.02	113
33.76	91
33.89	96
35.52	97
33.75	76
34.47	84
34.45	72
35.13	82
33.29	83
33.98	101
33.26	99
33.76	64
34.54	70
33.97	93
34.04	68
34.94	54
34.04	55
35.22	69
34.87	5
33.95	89
34.2	173
35.38	111
34.35	122
34.49	101
35.15	24
33.57	34
33.72	85
35.17	128
33.58	75
35.43	93
35.1	100
34.93	66
34.05	114
35.03	73
34.31	147
35.14	42
33.65	83
33.7	153
34.96	113
32.82	95
35.16	90
35.17	87
31.68	15
34.33	75
34.73	90
34.58	70
33.76	93
33.62	82
33.47	69
31.18	2
33.31	87
33.13	98
33.69	68
35.19	98
33.25	112
33.47	101
35.08	82
33.16	90
33.98	97
34.72	165
34.2	92
34.74	66
34.85	118
34.03	96
32.32	23
34.7	42
34.42	45
34.68	94
34.7	130
32.71	99
32.9	88
33.8	93
33.58	48
34	84
32.95	101
35.62	93
32.51	68
34.24	92
33.27	115
33.75	95
32.62	100
32.15	96
32.27	104
33.39	101
33.2	142
33.94	60
33.9	68
33.88	100
34.79	61
34.03	92
35.42	99
35.01	58
35.13	98
34.67	174
35.75	27
35.98	94
33.81	91
35.25	96
32.48	80
36.65	38
34.79	100
33.55	100
35.47	84
34.8	98
34.65	51
34.34	92
35.24	57
35.19	73
33.75	90
33.31	94
33.27	24
33.35	73
33.34	100
33.5	93
34.01	95
34.99	173
35.82	92
34.59	98
33.1	94
34.15	80
31.92	88
33.81	109
32.26	38
32.9	126
33.77	88
34.3	98
33.72	47
32.29	42
33.95	87
32.34	49
32.33	166
33.54	106
33.78	96
34.55	77
33.31	70
32.85	182
34.07	72
32.58	99
33.49	181
33.36	79
30.42	16
33.82	82
33.8	85
32.11	73
34.32	97
34.23	92
32.98	92
33.11	93
34.83	152
34.25	92
34.55	183
34.55	183
34.19	31
34.55	183
34.55	183
34.55	183
34.27	167
34.67	94
32.08	96
34.31	17
33.42	88
34.37	108
32.34	33
35.37	73
36.26	119
35.58	92
33.81	37
33	94
35.4	98
33.5	76
32.76	93
33.46	75
32.95	61
33.06	91
33.64	86
34.26	89
32.87	80
33.45	100
33.81	67
33.7	179
34.3	108
35.2	57
32.82	96
33.22	79
34.2	83
33.44	25
31.68	8
36.27	91
34.36	31
34.93	124
34.39	98
33.01	81
34.13	108
34.35	87
34.84	138
34.14	181
33.44	90
66.4	4
33.3	73
36.18	49
34.68	32
32.85	21
36.68	83
33.1	71
34.54	85
33.2	83
34.13	100
34.04	92
32.88	4
35.79	62
34.98	83
35	62
33.78	53
35.47	86
34.26	150
33.97	46
34.1	98
34.26	60
35.05	100
32.8	101
35.19	61
33.7	77
33.49	93
33.95	81
33.35	144
33.69	83
34.43	91
34.21	172
33	80
33.74	94
34.62	89
33.91	78
35.03	98
34.09	166
100	0
33.25	92
34.75	183
34.3	72
33.69	24
32.88	101
32.73	74
33.75	96
34.41	92
33.74	79
34.82	89
34.15	88
33.68	182
33.91	43
34.12	86
35.61	105
33.52	88
35.01	80
34.86	100
33.1	155
34.3	128
33.52	101
35.47	90
35.09	96
35.71	70
35.23	100
33.72	96
34.36	100
34.54	68
33.67	86
33.18	40
34.46	96
34.83	100
34.38	82
34.51	92
33.96	61
33.2	89
33.44	123
35.08	47
32.38	21
32.94	96
34.07	62
33.33	91
33.87	85
33.57	57
34.59	178
33.44	72
33.33	173
33.62	86
34.05	136
34.09	59
35.3	83
33.4	80
32.76	38
33.48	76
33.36	42
32.25	92
33.43	79
34.45	83
32.96	73
32.17	92
32.74	49
33.44	87
33.72	84
33.77	51
33.27	21
33.94	78
33.71	154
32.97	93
33.26	117
33.96	100
33.89	172
33.72	149
33.36	73
34.06	88
34.26	89
34.71	138
35.02	67
32.64	72
33.5	61
33.88	87
33.29	121
34.41	108
33.1	76
32.68	95
32.96	80
32.62	93
32.66	166
32.95	91
33.5	90
34.76	63
33.51	92
33.68	84
32.95	80
31.43	91
34.44	84
33.31	58
35.17	87
34.56	60
33.05	85
33.84	101
35.24	83
34.16	85
34.4	91
32.05	96
33.9	102
34.02	78
33.69	75
34.91	102
33.51	72
33.62	103
33.36	28
34.9	104
33.6	76
35.03	105
34.06	30
33.25	18
34.55	88
33.85	110
33.46	82
35.55	77
33.8	97
34.82	26
33.79	99
34.48	50
34.37	87
34.54	133
33.26	139
34.33	98
34.39	101
35.12	59
34.05	91
35.08	81
33.79	90
34.35	60
34.91	79
34.08	81
35	89
32.81	148
33.84	140
33.02	17
33.22	98
34.22	90
34.37	38
36.15	58
33.86	90
33.05	21
33.03	68
36.56	49
33.48	61
35.99	100
33.58	167
34.03	12
34.45	89
33.05	88
34.1	47
32.9	98
34.24	97
32.28	92
33.37	98
33.1	87
32.17	92
33.81	166
33.84	84
35.09	32
34.08	31
33.07	45
33.34	96
33.94	149
33.19	157
32.62	21
34.26	80
32.93	41
34.38	72
33.63	94
33.7	37
33.58	136
33.79	66
33.85	30
33.88	163
34.89	89
33.19	92
33.26	86
34.51	54
33.05	88
32.93	98
34.21	97
32.8	73
32.28	92
33.16	98
33.02	87
32.44	92
33.77	166
33.75	84
34.31	93
33.79	20
32.44	88
34.38	95
35.04	87
35.02	139
32.88	45
34.37	96
34.34	90
33.67	96
34.38	84
33.95	63
34.47	101
34.09	88
37.04	71
33.94	154
34.26	23
32.56	24
33.4	89
33.46	93
34.02	38
34.57	91
35.58	86
35.03	97
34.27	101
33.56	27
36.65	52
34.68	97
35.24	26
35.36	47
34.51	99
33.7	76
33.94	134
35.44	80
34.62	100
33.53	91
34.64	70
35.14	13
33.09	100
33.73	55
34.05	79
34.1	99
34.11	88
33.34	27
33.26	38
32.97	28
30.26	13
33.89	76
32.46	100
34.65	92
34.44	70
34.48	73
34.57	123
31.79	101
33.11	73
34.15	43
33.28	99
34.26	66
34.2	53
35.23	63
33.2	4
34.22	40
34.5	140
36.13	58
36.46	78
34.52	107
32.19	94
34.4	75
33.92	156
33.63	73
34.45	52
34.27	80
33.39	167
34.45	79
33.3	73
33.8	92
35.23	82
33.9	149
33.23	48
34.64	161
33.67	45
34.49	81
33.78	158
34.1	40
32.71	58
33.24	177
32.69	97
34.29	99
31.74	46
33.12	12
35.13	69
34.13	63
32.98	39
34.62	74
33.64	182
34.15	93
34.55	101
33.4	41
35.28	92
33.14	20
34.78	59
34.16	48
34.52	77
33.4	34
35.01	65
34.73	91
35.19	144
34.34	39
35.7	74
34.65	96
33.83	150
33.9	84
34.32	73
34.92	62
35.36	72
33.45	93
34.32	168
32.69	100
33.83	80
35.65	100
36.09	59
63.98	2
34.86	64
34.71	169
33.82	72
34.44	69
34.4	11
35.15	70
33.83	80
36.6	87
34.91	175
34.3	101
36.34	52
35.02	79
36.03	89
34.85	87
34.46	121
35.01	78
34.64	112
35.46	94
34.02	74
32.65	24
32.21	4
33.54	97
33.38	100
34.34	71
35.06	80
34.3	95
33.34	100
34.06	59
35.23	74
33.42	30
33.89	89
36.07	62
35.04	70
32.86	100
35.1	140
33.84	98
34.08	54
35.9	95
33.32	165
34.43	101
35.13	35
34.03	73
33.84	146
34.94	154
34.19	91
33.35	160
33.97	100
34.24	42
35.48	75
34.43	129
34.63	77
34.03	98
32.82	86
36.21	96
35.6	89
35	63
33.92	73
33.51	30
33.5	166
33.81	95
33.81	99
33.78	162
33.87	71
33.65	158
33.67	82
36.02	85
34.72	80
34.03	128
34.17	73
34.89	85
35.28	83
34.71	53
36.18	72
34.71	50
34.43	101
34.58	176
33.86	101
34.35	84
33.28	22
31.89	87
34.3	81
32.4	45
35.08	92
34.35	50
32.33	82
34.61	163
32.84	37
33.39	90
35.34	100
33.27	93
34.84	156
33.9	101
34.87	157
35.64	80
34.95	67
35.3	74
35.43	87
33.9	101
34.42	95
34.42	108
32.84	95
33.8	156
34.38	125
33.6	172
33.13	21
34.02	93
31.61	32
31.67	36
34.35	101
35.5	53
35.58	93
34.89	28
35.29	101
34.65	79
33.72	92
35.41	73
35.17	87
34.22	101
33.57	77
35.63	110
34.13	89
33.96	85
32.05	101
34.62	73
34.83	149
35.85	69
33.77	93
34.51	39
32.15	42
33.5	86
34.41	91
33	110
34.24	63
32.29	83
33.03	29
33.4	75
32.88	101
33.42	96
34.59	58
34.53	98
34.32	96
33.44	96
34.34	56
34.38	73
35.07	88
34.67	82
33.11	64
33.72	21
32.48	91
35.5	84
33.86	46
35.08	87
36.21	84
36.05	66
32.91	179
33.35	16
34.32	82
35.74	86
34.15	171
33.42	76
34.51	92
34.54	109
34.34	81
33.75	122
35.45	58
34.4	159
32.1	98
33.76	121
33.8	87
34.62	84
34.41	86
33.51	96
34.62	82
33.27	89
32.8	37
34.36	66
34.33	131
35.1	36
34.55	93
35.39	147
34.56	67
35.32	74
34.19	80
34.26	93
34.05	86
34	85
33.73	53
34.82	86
34.51	182
35.02	144
34.27	91
35.27	89
33.63	45
34.48	182
34.51	182
34.51	182
34.11	183
32.95	80
32.13	75
35.34	67
33.54	77
34.27	135
33.29	71
32.63	61
33	80
33.94	70
35.24	67
34.03	79
33.62	77
35.34	67
32.55	31
34.03	79
33.64	93
33.18	61
34.55	72
33.6	71
34.46	135
33.46	72
34.22	80
33.52	101
34.34	72
33.36	62
35.21	108
33.95	80
33.77	77
32.49	92
34.5	146
33.83	84
34.19	64
34.42	113
33.89	55
33.7	78
32.55	91
35.46	103
34.13	101
32.31	21
32.93	100
34.58	56
35.61	83
32.27	79
34.24	49
33.25	95
33.44	76
33.48	62
34.99	95
34.25	112
32.58	31
33.06	101
32.89	64
35.11	60
31.97	4
34.55	67
33.68	63
34.25	73
33.26	108
32.6	87
33.69	89
32.68	86
33.01	86
33.26	68
33.8	35
32.96	96
33.17	175
33.77	101
32.74	89
31.86	97
33.24	85
33.78	98
34.44	63
33.57	77
33.87	100
32.99	86
34.4	42
34.37	80
34.02	100
33.87	100
33.45	21
33.59	100
33.92	65
33.18	163
32.77	82
32.99	160
34.35	63
34.86	90
33.2	94
35.31	96
33.31	99
33.25	164
35.11	68
32.5	81
34.03	55
33.09	43
33.06	100
33.55	97
33.72	83
33.78	81
35.05	96
34.24	69
34.52	84
37.35	36
35.64	102
33.67	94
32.64	92
33.64	83
34.44	83
33.31	97
33.35	92
33.74	85
35.24	84
33.8	73
34.01	97
35.27	87
33.48	79
34.87	176
33.55	56
33.24	81
35.25	40
33.28	97
34.8	99
33.82	134
33.69	174
34.06	61
34.37	87
33.33	40
32.75	95
33.34	51
34.44	81
34.13	180
35.49	66
34.11	110
33.48	60
33.93	76
34.64	98
33.36	73
32.1	68
32.13	134
33.02	79
33.28	94
33.91	90
32.45	36
32.99	86
33.08	94
33.23	69
33.61	65
35.63	79
33.45	86
34.55	70
33.92	146
33.78	84
33.45	76
32.46	42
33.34	61
33.51	97
32.25	92
33.11	98
33.25	158
33.7	91
31.54	87
33.86	46
33.51	85
33.84	71
32.96	92
34.17	58
33.97	94
34.7	94
32.28	100
34.22	31
33.47	38
34.84	54
34.37	116
34.04	101
33.07	21
33.76	81
35.38	49
33.74	61
34.73	72
35.32	81
34.51	81
33.55	82
33.16	96
34.26	64
31.88	12
33.65	101
32.21	95
34.37	101
33.83	163
35.1	144
34.06	111
34.42	73
34.97	69
35.6	138
35.96	91
34.52	92
33.94	171
35.24	62
34.19	99
34.2	157
33.67	169
34.24	121
32.15	76
33.51	83
32.55	19
33.15	67
31.96	93
34.18	76
34.46	65
33.8	87
33.71	91
33.34	81
35.16	134
34.59	100
33.93	80
33.88	114
34.26	42
34.38	98
33.17	96
32.53	95
34.73	73
35.24	70
33.86	98
35.2	158
34.9	87
35.82	71
34.26	83
34.58	167
35.34	88
33.89	98
32.71	144
33.06	81
32.11	73
32.81	138
32.29	23
35.41	131
32.75	30
32.95	89
33.37	88
34.73	111
33.46	173
33.96	67
34.11	57
31.61	20
33.44	98
32.92	46
33.03	90
32.76	92
32.36	60
33.97	17
35.52	85
33.39	97
35.27	97
33.97	83
35.08	69
34.67	79
33.55	177
34.1	87
35.44	55
35.9	78
37	76
34.21	76
34.72	99
33.33	70
33.04	62
32.77	78
33.16	58
32.58	21
33.79	93
35.88	61
35.04	119
33.8	53
33.55	179
35.19	80
34.81	93
34.28	86
33.75	159
33.07	87
34.45	30
33.68	37
33.95	54
31.31	22
34.33	70
34.41	78
34.48	48
34.13	30
34.61	65
33.47	83
35.58	84
36.24	81
34.13	71
32.75	27
36.04	96
33.93	96
33.95	167
33.52	73
34.52	47
33.79	76
33.9	52
33.46	39
32.56	181
33.89	82
35.38	116
32.7	99
36.04	101
33.89	99
34.23	162
34.46	155
33.84	96
33.14	101
33.26	93
33.29	96
34.26	56
34.24	98
33.55	95
34.25	83
34.64	61
35.64	38
31.86	92
34.6	104
33.94	83
34.23	69
34.34	56
33.32	73
31.92	93
34.47	86
33.11	52
32.85	169
32.93	66
33.69	104
36.2	70
34.49	77
36.17	82
35.94	101
34.78	41
34.6	81
34.14	92
34.98	62
35.05	157
35.2	107
33.44	93
32.05	25
31.96	100
33.89	100
33.66	173
34.9	108
35.28	90
32.27	58
33.92	70
33.59	85
33.53	71
34.38	123
34.31	61
33.79	49
34.09	5
33.94	88
34.72	135
35.51	67
34.32	171
34.53	100
35.98	81
35.13	42
35.93	90
33.24	68
33.63	18
34.05	135
34.24	96
35.8	75
35.57	46
35.09	26
34.99	67
33.25	73
35.01	70
31.48	21
33.56	72
33.82	86
33.15	117
34.59	86
34.67	43
34.16	75
32.49	70
34.56	114
33.1	66
33.04	54
34.4	172
34.34	146
33.9	72
31.47	8
35.65	67
34.62	39
35.05	74
35.24	76
34.35	92
32.56	24
33.58	73
35.58	91
35.29	87
34.73	88
34.6	78
34.91	149
33.27	126
34.66	109
35.52	91
33.99	97
34.72	85
33.14	73
33.37	25
33	42
33.61	73
35.52	76
31	6
32.83	45
33.81	73
35.48	88
33.46	16
35.31	68
34.71	83
34.53	65
33.56	129
35.74	87
34.42	156
35.3	99
34.79	30
34.31	66
33.42	100
32.6	35
34.32	106
34.96	62
34.73	64
33.72	88
35.08	82
33.24	94
35.17	71
34.53	96
33.48	56
34.05	160
31.88	91
33.4	100
32.64	93
35.38	95
35.05	87
33.91	38
34.15	98
34.03	54
35.31	79
33.68	93
34.98	67
35.65	51
34.86	94
35.13	91
32.53	21
35.73	50
33.68	46
33.51	68
32.54	38
35.15	64
34.66	73
34.12	126
34.52	121
34.02	101
35.03	60
33.86	97
33.86	97
33.61	88
33.86	97
34.74	101
36.58	100
34.17	86
33.86	97
32.58	100
34.72	93
33.91	78
33.82	80
35.12	44
33.36	99
33.82	80
33.24	56
34.16	94
32.94	84
35.03	75
33.28	94
35.46	87
34.2	21
34.41	21
35.06	75
35.27	99
34.2	74
34.9	45
34.01	91
33.09	98
35.33	97
35.3	94
34.4	85
34.91	81
34.2	115
35.89	63
34.79	86
32.46	1
32.33	25
33.34	101
33.5	95
33.36	98
33.84	95
34.83	49
34.77	103
34.12	40
34.93	74
34.53	95
35.1	97
33.73	91
33.17	88
34.92	91
33.27	121
31.76	77
32.39	162
33.71	155
32.57	61
33.17	97
33.95	100
33.98	89
33.43	31
36.01	51
33.62	94
33.42	97
34.01	178
32.92	87
34.46	129
34.75	116
33.6	100
35.18	142
35.45	96
34.48	92
34.55	72
34.24	69
66	1
34.9	133
34.52	88
37.11	80
35.07	43
34.38	36
32.55	34
33.69	71
34.7	152
34.15	118
34.53	25
33.73	145
34.16	100
33.86	60
35.49	95
33.34	52
34.39	68
34.58	114
35.3	97
32.21	62
34.39	90
33.86	114
35.2	91
34.2	101
34.31	88
33.11	101
34.51	90
34.07	56
33.91	74
35.84	82
34.27	99
32.78	86
33.17	153
35.04	67
33.3	87
34.79	79
34.62	70
35.17	74
33.32	89
34.86	82
34.22	38
34.27	18
34.73	142
34.17	95
33.45	96
32.92	90
33.5	95
34.55	79
34.24	170
31.36	89
33.3	55
34.79	105
33	98
34.1	94
33.54	151
33.69	83
34.27	76
35.53	92
33.81	94
34.62	88
34.37	111
34.62	78
33.99	81
33.02	46
35.91	44
35.24	95
33.35	125
34.24	73
32.97	126
32	99
33.78	140
33	92
36.71	64
34.19	51
34.32	91
33.72	146
33.61	64
37.18	66
33.41	90
33.23	93
31.8	100
35.92	118
34.06	75
34.34	91
32.78	88
34	72
34.23	79
33.42	89
33.69	69
31.37	51
33.78	60
34.26	122
32.86	40
34.2	58
33.33	89
33.7	85
33.89	50
33.34	69
33.33	183
33.1	52
32.98	24
33.78	93
32.99	20
34.29	91
33.05	99
34.02	94
32.87	87
33.1	65
32.9	94
33.96	93
32.15	47
33	30
33.11	84
32.12	22
36.32	69
33.18	24
35.75	88
34.16	90
32.72	88
34.14	69
33.36	91
34.27	99
33.06	94
33.37	54
33.74	84
35.13	90
34.87	110
34.54	93
33.97	63
34.17	80
33.6	65
34.08	81
36.21	56
31.76	22
32.61	100
33.2	88
32.92	84
33.36	64
32.85	96
34.39	42
35.31	88
34.85	75
34.9	91
33.21	62
34.06	72
32.25	74
33.91	178
32.44	67
32.67	97
33.62	143
34.2	95
32.82	83
34.57	46
32.31	101
33.58	84
35.13	88
35.01	81
32.89	78
34.14	152
33.97	19
33.25	138
34.3	92
34.57	129
33.55	141
34.45	94
35.09	91
35	176
34.02	99
35.86	69
34.38	72
34.07	99
34.47	145
36.71	47
34.71	96
35.75	91
34.26	96
34.76	67
34.73	59
35.21	94
35.08	121
33.57	82
32.79	82
33.87	100
33.58	86
33.91	164
33.65	96
31.79	47
32.16	22
32.31	30
32.29	26
32.46	24
34.75	138
33.4	70
34.29	107
33.33	91
32.74	183
35.29	93
35.02	65
34.67	89
36.39	73
35.03	79
34.48	85
34.65	168
32.15	11
35.15	98
34.08	82
33.26	117
33.71	157
32.71	80
32.8	96
33.31	96
32.05	47
33.01	72
33.3	72
34.53	79
35.2	71
35.06	81
34.49	98
32.8	20
32.21	46
34	129
32.72	101
34.72	44
34.28	56
33.39	64
33.6	80
32.82	86
33.17	99
34.03	104
33.86	95
35.28	81
33.57	82
33.13	97
33.7	151
32.04	95
30.98	88
35.08	121
33.79	35
33.43	95
34.82	96
32.51	18
33.65	60
34.35	26
34.04	98
33.16	95
34.5	80
34.45	127
35.55	78
34.56	91
33.21	175
33.79	168
32.99	82
35.13	75
34.53	73
33.02	100
35.11	76
34.37	126
34.66	162
35.17	84
34.95	175
32.59	20
33.75	98
32.71	101
35.02	94
34.17	95
34.11	91
32.84	29
34.09	88
33.19	94
33.96	53
33.57	12
33.5	94
34.36	68
34.58	20
32.71	100
33.84	90
31.43	98
33.47	95
33.18	74
33.19	94
33.77	91
33.35	43
34.11	69
33.09	4
32.77	82
33.32	68
33.21	90
32.65	100
35.04	109
34.82	58
33.39	83
32.42	92
34.97	100
36.49	68
34.97	60
32.88	43
33.93	100
33.99	100
34.64	100
34.35	125
34.42	59
32.79	83
34.55	148
33.04	86
33.65	21
33.17	100
33.12	22
33.22	97
34.21	91
32.99	100
33.86	74
33.26	79
34.83	52
32.47	29
34.32	97
34.49	142
33.77	85
33.94	96
34.06	82
33.83	24
33.4	170
34.27	46
34.96	72
33.59	74
34.02	96
34.56	99
35	95
33.27	85
33.86	85
33.01	109
34.5	78
33.82	75
33.37	98
34.99	100
34.83	86
35.16	61
31.68	28
33.27	72
33.21	98
32.65	73
33.07	92
32.58	163
33.11	94
33.93	58
32.64	39
35.52	87
33.64	99
33.9	89
35.41	78
33.54	163
35.76	68
31.93	82
32.87	80
33.37	80
34.12	100
32.55	93
34.41	81
35.52	71
34.47	76
34.5	47
34.73	80
34.36	43
33.94	91
35.49	60
33.32	59
35.24	64
35.43	50
31.85	100
34.39	101
31.43	79
31.65	89
34.84	109
33.26	179
34.28	85
32.66	73
33.96	62
36.72	76
35.59	79
33.73	177
33.72	164
34.89	101
32.91	24
33.99	83
32.77	100
34.63	143
33.66	39
34.73	89
35.71	74
34.94	53
36.24	81
34.53	94
34.31	84
36.59	80
33.86	1
36.23	82
35.48	47
34.42	78
34.12	173
34.17	82
33.2	48
32.69	83
32.88	99
34.62	103
32.84	12
33.56	182
32	100
33.47	68
33.03	83
33.25	86
33.6	78
33.27	85
33.37	71
32.62	78
34.85	82
33.77	90
33.58	60
34.76	164
35.22	126
35.04	97
33.79	78
34.32	92
34.68	82
36.1	84
33.51	92
34.61	26
34.95	67
34.26	84
34.74	80
34.81	52
35.23	98
32.64	46
34.21	106
34.11	54
33.94	140
32.44	90
32.52	68
34.07	42
33.07	100
34.57	56
34.12	100
34.57	56
34.12	100
34.15	120
33.61	79
34.89	90
34.5	93
34.35	44
33.21	70
33.5	169
34.25	37
32.82	89
33.14	71
33.73	111
34.2	122
33.88	135
36.21	92
33.34	94
34.94	104
36.13	81
34.3	67
34.51	32
33.99	46
33.98	62
34.98	92
34.4	23
33.68	108
34.43	86
35.34	82
33.69	73
34.78	116
32.95	44
34.1	85
31.65	22
33.92	108
31.32	1
31.28	14
38.13	68
32.52	95
35.85	83
32.96	94
34.53	77
35.82	68
33.41	56
33.55	93
35.51	91
32.4	22
34.13	68
33.86	128
36.1	58
32.8	101
32.78	152
33.02	82
32.1	35
33.25	80
33.74	165
32.8	168
34.82	59
36.16	54
33.61	85
34.22	155
33.7	79
35	55
34.3	97
33.85	101
33.65	56
34.41	99
34.26	162
35.26	39
33.72	99
34.1	99
33.06	22
33.51	97
34.23	23
31.91	3
32.67	80
32.93	176
32.8	112
32.37	111
32.52	103
33.98	99
34.85	71
32.6	113
35.79	122
34.86	102
33.82	99
34.55	93
33.04	97
32	108
33.58	39
32.41	105
33.96	105
33.04	112
32.08	104
35.34	78
32.6	112
34.15	95
32.63	221
34.05	98
34.24	93
34.36	112
33.19	92
33.99	94
34.41	100
33.63	84
32.65	112
33.35	71
35.78	57
33.34	104
34.79	62
34.6	89
33.1	113
33.83	96
32.56	107
33.65	101
34.02	93
32.79	114
33.2	109
33.46	86
33.83	54
34.94	102
33.09	65
34.55	72
32.35	112
32.75	100
33.22	113
33.02	57
33.1	57
33.15	88
32.93	87
32.91	88
34.56	61
32.89	112
33.25	58
32.95	99
34.35	80
32.51	104
32.18	101
32.58	113
34.02	100
32.58	108
33.48	91
32.51	112
32.87	103
32.77	86
33.68	101
32.49	111
32.97	61
32.54	113
31.88	110
33.1	93
33.97	101
35.25	86
34.5	24
33.24	90
33.94	51
33.71	77
31.96	108
31.96	107
32.67	105
32.84	96
34.73	82
33.03	113
32.07	102
32.23	112
32.63	110
31.6	112
32.19	114
35.79	72
32.8	105
32.2	95
31.13	114
35.17	75
32.99	96
32.12	108
31.75	108
33.66	87
32.57	114
33.8	95
32.23	111
35.48	115
33.92	97
33.36	69
33.3	100
32.12	108
32	108
32.4	101
32.44	99
32.84	111
33.82	74
32.12	108
33.13	108
33.27	85
33.19	114
33.07	38
33.45	97
32.25	87
33.47	69
34.2	83
33.79	95
33.41	107
35.17	89
33.31	110
32.88	104
33.39	91
34.49	54
35.11	54
33.72	80
32.64	110
32.6	59
33.39	55
33.82	74
33.58	106
32.69	111
33.82	92
33.24	177
33.79	109
34.89	68
32.06	32
34.2	107
32.57	112
32.98	109
33.41	122
33.69	96
33.89	74
34.12	86
34.46	104
32.85	111
33.92	88
32.44	100
32.68	103
33.28	91
34.73	60
33.41	113
32.67	201
33.55	86
31.18	19
33.92	94
33.79	110
33.81	98
32.6	26
32.93	108
33.42	88
33.04	59
33.79	222
34.67	99
34.01	133
34.75	98
32.13	108
34.53	194
32.62	109
34.75	65
33.99	155
33.88	104
33.13	168
34.53	101
35.15	157
33.87	100
33.21	210
33.14	68
32.98	130
34.28	95
31.99	112
34.49	59
32.25	85
31.86	113
35.74	104
32.45	218
33.23	111
33.31	139
34.96	166
34.29	77
33.69	108
32.78	26
35.53	63
32.65	41
33.81	98
34.16	101
34.13	89
33.3	90
33.1	61
33.33	197
33.41	61
32.94	53
33.63	153
33.53	201
35.26	140
32.39	52
33.71	100
34.16	38
31.94	114
33.03	189
32.2	107
32.2	107
32.13	111
32.99	53
33.19	114
34.58	61
34.58	61
33.31	103
33.94	47
34.06	43
33.73	226
33.45	79
33.27	106
33.9	81
33.55	66
32.9	78
33.02	218
33.36	28
32.5	206
34.01	149
34.1	95
34.06	99
31.62	98
34.06	92
33.99	88
33.21	73
31.74	99
34.21	102
33.96	77
33.92	56
32.96	105
33.17	82
33.58	47
33.43	15
34.32	73
33.87	48
32.17	108
33.58	12
32.9	112
34.61	123
33.39	99
32.91	92
31.64	16
33.85	97
34.33	89
33.02	110
32.55	92
32.18	107
33.45	114
33.63	101
34.3	101
34.26	98
33.98	31
34.12	84
32.93	71
