sim	len_diff
34.15	420
34.33	312
33.66	421
33.96	389
34.19	385
33.66	389
32.96	406
33.33	393
33.47	417
34.78	343
33.82	359
36.15	236
33.69	414
34.91	323
34.06	412
35.56	391
34.03	241
33.07	415
34.91	330
34.53	315
34.13	392
34.54	199
34.14	414
34.72	343
34.56	354
34.78	392
33.32	424
33.69	339
33.77	322
32.9	422
32.29	416
32.98	403
34.39	359
33.33	319
32.94	425
32.32	416
34.68	391
34.32	396
34.28	397
34.01	391
33.69	408
33.04	416
34.27	328
33.68	363
34.27	328
33.66	401
32.88	389
34.13	331
34.08	256
34.2	244
34.23	404
33.32	397
33.25	303
33.68	364
32.71	404
33.92	321
34.04	390
33.29	408
33.98	369
34.23	404
33.08	395
34.21	141
34.13	386
33.52	287
34.27	373
34.27	373
33.54	383
34.24	293
33.95	319
34.06	386
32.85	396
33.81	417
34.13	376
34.46	352
34.56	243
32.23	417
33.72	300
32.74	398
34.27	341
33.04	384
36.35	315
35.69	290
35.29	277
34.36	405
33.14	405
34.12	397
34.22	408
34.26	302
32.64	411
35.32	369
32.93	422
34.38	220
33.29	154
35.54	332
34.21	404
33.77	402
33.79	327
34.02	282
36.29	213
33.73	416
34.07	382
33.57	379
35.4	337
33.94	420
34.31	401
34.13	308
34.72	320
34.66	364
34.58	193
33.66	377
34.56	390
35.61	169
33.78	365
33.57	423
33.92	355
34.41	383
33.77	420
34.51	392
33.97	395
33.3	419
34.46	277
33.32	418
34.01	343
35.44	401
34.33	395
35.18	305
35.99	293
32.55	420
33.31	421
33.68	372
33.64	322
33.61	392
33.44	369
33.25	401
35.11	311
34.03	271
34.19	405
34.63	288
35.12	120
32.23	408
34.11	351
33.9	319
33.8	363
34.06	420
33.02	344
33.51	394
33.56	409
33.41	413
33.99	323
34.9	230
34.7	374
34.11	272
33.92	366
34.08	366
35.03	231
34.13	396
33.05	391
33.37	199
33.17	408
33.24	293
32.95	399
34.59	288
33.7	370
34.08	388
32.39	421
33.51	351
34.4	386
33.96	375
33.67	382
32.72	417
34.2	393
33.39	424
33.24	411
33.67	343
32.82	386
33.37	415
35.01	238
33.05	380
33.77	382
35.17	415
33.01	421
33.46	403
35.13	264
34.21	415
34.84	397
34.59	295
34.17	388
32.76	406
33.37	414
33.67	384
33.78	360
34.49	351
33.73	406
33.97	344
34.42	418
33.91	363
34.78	331
35.26	261
33.25	425
34.02	406
33.15	403
34.49	323
33.82	404
33.81	402
34.77	318
34	424
33.76	307
34.26	398
34.18	413
33.94	391
33.09	412
34.8	387
33.48	403
33.25	350
33.98	316
33.16	388
34.27	407
34.84	365
33.3	372
33.76	375
33.47	413
32.87	374
33.94	383
34.17	204
33.58	422
33.2	368
33.62	356
32.73	387
32.7	406
34.37	352
32.74	398
32.98	355
32.47	415
34.86	306
32.6	402
33.08	414
34.15	396
32.44	423
32.36	410
33.08	372
34.48	339
33.06	362
34.36	324
33.38	387
33.93	384
33.56	307
34.76	312
32.55	366
32.69	422
32.45	405
34.25	348
33.61	399
33.58	250
33.43	399
34.43	361
34.63	308
33.56	399
34.7	374
34.94	156
32.82	388
34.39	361
32.52	408
34.17	341
33.85	214
32.89	396
33.23	408
34.11	394
34.19	354
34.67	127
34.92	346
33.87	421
32.94	422
33.58	413
33.53	424
33.72	374
33.11	420
34.3	416
34.3	251
34.32	404
34.01	370
35.31	391
33.7	386
33.55	414
34.84	250
34.56	342
34.22	300
34.47	367
33.7	374
33.9	381
34.89	422
34.53	100
34.4	407
34.17	346
33.6	414
33.43	373
33.81	315
33.81	403
34.7	304
33.07	388
33.1	392
34.08	380
33.51	408
33.84	399
33.43	414
34.65	274
33.05	353
33.39	346
33.19	422
33.86	412
34.58	296
34.55	319
34.05	345
34.02	392
34.91	239
34.69	197
35	364
35.32	305
33.28	413
33.59	357
34.62	311
34.42	346
32.55	420
35.18	296
33.21	423
34.13	393
34.5	316
34.06	343
33.85	350
33.66	393
35.81	359
33.76	400
34.98	343
33.71	350
34.43	384
33.53	410
34.09	321
33.47	416
35.07	363
33.52	405
34.36	330
33.19	410
33.76	423
33.98	406
33.36	379
35.16	410
34.25	379
33.52	402
34.17	396
34.72	222
33.83	151
34.49	340
35.21	304
34.17	292
33.75	236
33.2	285
33.4	367
34.3	204
33.5	339
36.31	173
35.56	330
34.32	364
35.52	314
35.66	294
35.34	97
46.58	147
34.16	373
34.3	353
33.41	374
32.97	341
33.76	354
33.5	291
33.82	267
34.01	264
33.21	122
35.54	235
33.94	308
34.96	339
34.04	280
34.48	230
34.17	336
34.14	269
33.66	369
32.75	87
33.43	378
34	310
33.43	338
34.92	243
34.41	376
36.6	248
34.81	314
35.2	312
35.81	234
35.18	334
34.69	340
35.41	338
34.98	346
42.56	20
35.01	243
34.75	362
35.1	370
34.78	316
35.58	338
35.22	331
35.82	329
34.82	333
35.09	358
34.68	238
34.2	296
33.43	371
34.45	370
33.73	341
34.97	312
34.02	348
35.4	366
33.47	359
34.48	354
33.68	366
33.84	252
34.01	341
33.57	333
33.57	281
33.63	338
31.47	50
32.04	30
33.67	370
31.85	47
33.48	375
33.86	372
34.89	371
34.99	173
34.2	311
35.1	326
34.43	184
34.37	372
34.74	255
35.23	304
35.02	375
34.76	285
35.21	339
35.67	316
35.39	283
35.44	346
35.78	324
34.36	378
35.41	340
34.16	337
34.13	342
34.98	286
34.31	476
33.43	377
34.09	348
33.75	374
33.14	365
33.97	375
33.9	206
34.91	353
34.25	378
35.49	172
35.22	336
34.8	170
33.84	374
35.15	141
35.21	349
34.87	303
35.18	309
33.76	336
33.18	259
34.3	335
35.06	201
35.18	317
34.46	189
33.37	345
33.07	149
34.82	311
33.2	372
33.63	340
33.54	277
33.82	351
33.76	204
34.16	270
33.42	344
33.8	275
33.92	263
34.26	137
33.75	300
35.11	288
35.15	374
34.58	232
33.65	365
35.13	263
34.26	346
34.4	311
35.25	369
34.01	374
33.29	191
33.69	339
33.43	163
35.25	289
33.71	281
34.52	307
33.73	303
33.5	365
33.96	276
33.38	376
34.37	349
34.8	345
34.51	373
35.46	194
35.07	346
35.4	368
34.87	346
36.63	121
35.11	370
33.79	368
33.44	359
35.28	299
34.91	212
33.1	371
34.24	343
34.75	252
34.53	292
34.24	289
34.24	343
34.43	233
33.12	316
34.07	212
32.3	13
34.87	345
33.99	130
33.47	365
33.56	336
33.07	347
34.37	273
34.99	295
35.6	361
34.98	285
34.97	377
35.11	255
35.79	309
35.58	299
33.81	375
34.1	264
35.77	308
34.89	299
33.5	320
36.25	169
34.29	369
33.91	362
33.28	70
35.05	205
34.2	118
33.73	345
35.74	203
34.47	317
33.15	374
33.18	361
35.07	335
34.11	354
33.79	241
34.1	348
34.46	314
35.07	366
35.07	372
35.3	355
34.72	342
34.88	363
34.92	364
34.76	354
34.97	299
34.41	362
33.42	378
36.21	261
34.87	376
34.49	267
33.76	366
35.21	304
32.73	366
33.56	366
34.49	280
32.6	365
33.68	318
34.1	329
34.56	323
34.57	365
36.17	248
35.19	313
34.01	373
34.24	357
35.1	362
34.38	361
34.7	351
35.74	241
34.95	358
35.2	106
35.86	298
34.24	350
34.28	378
33.06	373
33.73	374
36.91	107
35.14	113
34.81	349
33.97	363
35.11	298
34.3	373
34.89	345
34.75	286
35.07	285
34.41	288
34.4	364
34.37	338
34.34	314
34.52	319
33	357
34.67	323
34.87	189
34.3	264
33.46	329
34.37	336
34.26	358
34.3	214
34.33	305
33.75	375
34.81	337
35.33	313
34.62	285
34.03	320
34.3	73
34.4	279
33.09	330
34.68	338
34.04	351
34.96	316
34.47	310
34	46
35.29	351
34.68	365
35.62	293
35.1	361
34.77	351
35	233
34.98	347
34.4	354
35.26	361
36.65	266
34.71	130
35.1	323
35.12	352
36.39	314
34.83	366
34.55	345
35.1	332
35.07	164
34.87	374
34.52	328
35.87	329
35.2	312
33.69	114
35.38	236
34.73	325
35.53	338
34.74	306
33.79	340
34.95	493
34.7	266
34.88	354
34.11	375
33.66	375
35.07	459
33.79	377
33.44	373
34.47	327
34.33	303
33.7	174
34.2	366
34.29	295
34.56	161
34.15	287
34.47	329
33.5	370
34.79	273
34.39	322
33.19	375
33.95	291
32.71	373
33.41	331
33.14	351
33.56	312
33.49	374
32.67	372
32.72	372
33.83	325
32.42	52
34.29	357
34.78	334
34.28	291
33.16	366
35.15	315
34.03	377
34.94	166
33.94	321
34.43	274
33.98	368
35.67	311
34.31	115
34	89
34.35	370
33.82	364
34.44	370
35.03	331
34.35	267
34.96	344
34.56	222
34.8	212
34.25	368
34.92	213
34.84	240
34.31	267
32.6	371
34.29	285
32.94	378
33.49	374
33.69	168
33.05	368
33.31	268
33.33	168
33.41	354
33.73	267
34.2	262
34.63	329
34.56	377
33.39	216
33.75	222
34	320
33.89	326
33.55	280
35.55	408
33.53	344
33.25	136
33.39	356
34.18	341
33.19	271
34.39	360
35.39	373
35.53	312
35.63	300
35.37	301
36.01	377
35.82	314
35.45	376
35.92	209
35.44	320
32.92	229
32.97	365
33.32	368
34.08	224
33.82	347
34.64	294
33.57	186
33.94	321
34.05	293
32.58	349
34.4	284
33.63	366
34	360
34.82	238
34.57	134
34.32	191
34.79	244
34.76	216
34.3	340
34.92	307
34.07	242
34.81	312
34.13	338
34.53	312
34.39	377
35.31	281
34.08	302
35.29	327
34.52	244
34.76	287
34.64	375
33.2	99
34.72	315
33.07	376
34.27	341
34.69	353
34.61	378
34.8	372
34.75	296
34.06	358
34.18	377
32.54	329
34.03	362
33.56	324
33.45	374
34.82	216
34.39	306
32.39	361
33.32	321
34	257
33.67	282
34.58	246
34.69	279
34.44	299
33.8	362
34.33	94
34.59	376
34.05	338
34.7	350
34.89	353
34.76	319
34.46	355
35.19	351
34.86	295
35.04	356
35.31	378
35.19	335
34.17	394
35.43	273
34.28	342
31.93	26
34	364
34.67	300
33.94	371
38.6	132
34.41	287
34.31	260
34.16	370
34.72	315
33.86	298
33.5	376
34.07	372
33.71	308
34.29	278
34.35	376
34.54	326
35.71	268
34.23	358
33.99	216
34.94	322
34.46	335
34.31	330
35.61	383
33.91	375
34.84	377
34.2	318
34.25	119
36.16	259
34.21	360
35.56	367
34.92	375
34.71	343
34.85	360
35.21	322
35.01	318
34.93	362
34.42	341
34.71	173
35.12	327
34.92	351
35.19	234
34.41	369
34.38	373
34.25	267
34.41	355
34.66	302
34.48	369
34.41	364
33.45	378
35.78	336
35.13	343
34.35	370
35.84	267
35	318
36.58	278
34.75	339
34.82	290
34.75	370
33.21	88
34.43	292
34.44	284
33.25	352
35.73	277
34.14	301
34.41	294
34.4	372
34.76	366
33.93	367
34.51	183
34.27	145
37.46	143
34.9	261
34.2	299
34.93	340
36.66	196
35.93	275
34.49	318
36.84	118
34.94	334
34.71	330
34.82	371
34.58	360
34.06	367
35.36	285
34.3	352
34.41	306
33.99	339
31.52	22
35.61	237
35.22	355
34.59	365
33.65	252
34.28	358
35.2	143
33.99	377
33.83	348
34.31	353
35.12	294
33.14	372
34.71	333
35.13	93
33.93	340
33.55	333
32.73	100
34.36	327
34.77	269
34.99	281
34.28	322
34.52	279
33.77	369
34.11	270
33.67	326
34.17	361
34.75	122
34.58	148
34.98	307
34.3	337
34.23	296
35.24	213
33.83	304
33.41	364
34.91	78
34.28	193
34.31	225
35	223
33.56	374
33.93	294
33.11	131
33.17	287
35.68	269
35.84	249
35.46	297
34.36	366
34.96	358
35.42	313
35.38	376
35.94	209
35.17	376
35.91	359
34.1	284
35.05	286
34.15	363
34.73	292
35.2	313
34.68	274
33.82	340
33.39	369
34.08	343
33.98	367
33.96	272
33.94	375
34.86	364
33.46	179
33.12	73
34.6	246
33.44	110
35.03	265
34.94	335
33.56	79
33.99	362
33.4	112
33.8	373
34.03	354
34.02	365
33.71	366
34.26	358
33.74	210
34.04	185
34.06	145
35.07	325
33.74	362
34.6	217
33.84	278
34.04	350
34.84	307
33.61	321
36.33	205
34.18	330
34.7	265
33.9	261
35.14	332
33.78	168
34.31	393
34.17	270
33.66	263
34.37	375
34.34	347
34.69	333
35.63	172
35.22	356
34.46	304
35.26	356
34.37	298
34.56	316
34.71	362
34.52	309
33.95	377
34.84	344
34.13	339
35.33	292
33.76	350
33.98	196
35.47	220
34.35	353
34.06	335
34.16	376
34.99	265
33.46	341
34.41	359
34.17	303
34.24	365
34.4	362
34.05	338
33.94	374
33.77	373
34.13	341
33.85	265
35.02	322
33.76	346
33.4	296
34.11	288
33.53	246
33.04	335
33.21	352
34.01	368
33.77	140
33.94	297
35.24	248
33.27	345
34.26	187
33.76	338
34.53	239
33.18	310
33.74	373
35.62	304
34.01	182
33.81	292
35.84	284
34.9	326
34.85	368
34.97	247
35.18	356
34.27	364
34	310
34.76	331
34.53	372
33.74	167
35.63	308
34.77	363
33.66	347
35.97	186
35.03	355
33.93	334
34.19	355
34.06	366
34.68	363
34.63	319
35.34	307
33.99	376
35.66	372
35.5	235
35.48	270
35.6	368
35.46	259
36.4	244
34.46	370
35.22	378
34.31	243
34.76	269
33.04	126
34.55	149
34.93	261
35.31	246
34.89	261
34.17	316
33.33	270
33.8	359
32.66	362
33.6	358
34.91	297
34.29	356
34.23	214
33.36	371
34.35	257
33.34	367
33.91	359
33.87	211
34.34	231
35.65	154
34.56	252
33.49	375
33.86	346
34.74	149
34.08	340
34.22	378
35.8	220
33.24	115
34.43	364
33.84	353
34.91	369
34.5	347
35.84	366
34.48	243
35.69	370
35.49	286
33.56	375
33.23	330
35.07	185
33.48	325
34.25	249
34.76	170
33.04	324
33.8	344
34.77	247
35.13	222
34.52	267
33.03	290
34.09	376
33	290
34.63	193
33.75	377
34.2	340
34.4	179
33.5	362
33.59	357
36.43	111
43.63	41
36.07	251
35.35	372
34.71	356
34.35	365
34.84	304
34.83	322
33.43	368
34.81	243
34.77	326
35.24	336
34.52	202
35.3	332
34.45	408
35.66	185
34.71	334
35.29	310
35.5	267
35.26	284
34.44	223
34.8	184
34.79	278
33.5	362
33.61	371
34.52	366
34.16	298
35.86	279
34.98	298
36.81	315
35.26	204
34.51	322
32.76	48
35.92	338
35.74	149
32.36	37
34.38	328
34.15	354
34.61	298
34.45	349
33.77	373
34.82	280
34.94	294
34.63	337
35.71	309
34.8	324
33.94	320
34.29	157
34.92	282
34.84	173
33.69	375
34.77	365
35.33	271
34.27	73
34.28	362
34.62	339
33.33	378
34.56	338
34.43	346
34.22	344
35.51	235
35.23	246
34.46	329
35.17	229
35.26	222
34.94	378
34.05	359
33.98	79
34.3	375
34.8	236
35.25	330
33.84	356
34.09	366
34.7	165
34.23	375
35.88	312
35.21	369
34.52	212
33.94	367
33.87	360
33.97	373
34.5	301
35.25	346
34.77	358
35.18	310
34.83	293
34.85	350
34.42	313
35.21	239
33.97	322
34.14	375
33.93	313
33.97	356
31.52	38
34.63	261
34.51	373
35.78	220
35.55	271
33.68	367
33.33	378
32.97	94
35.49	273
34.35	227
34.42	306
34.86	355
35.18	340
33.2	59
35.05	241
33.36	325
34.6	308
33.67	344
33.72	363
35.11	356
34.57	327
35.22	294
33.47	358
34.4	94
34.61	368
35.1	370
35.66	336
34.94	370
35.79	333
35.64	225
34.8	185
35.54	297
35.07	252
35.01	363
34.44	369
35.69	372
34.92	363
34.33	365
34.76	243
33.74	372
34.53	297
33.62	339
33.96	341
35.27	323
33.87	192
35.66	360
33.83	336
33.67	292
34.64	253
34.68	243
33.66	332
33.25	337
33.84	320
33.28	257
32.52	367
33.4	367
34.13	305
34.45	376
34.15	167
33.51	81
35.37	175
34.88	356
35.43	334
33.82	311
33.94	352
34.72	221
33.46	377
35.08	258
33.89	181
34.43	339
34.19	371
35.35	296
34.02	253
33.96	357
33.92	337
34.25	354
33.74	134
32.83	372
33.38	263
33.95	289
34.79	257
33.92	370
33.15	372
33.47	374
33.52	345
33.76	373
31.52	43
33.88	274
34.11	187
35.34	234
33.77	331
34.54	321
33.43	181
32.8	303
33.49	270
32.94	348
34.39	372
35.17	330
35.98	265
35.67	310
35.12	340
35.54	312
34.21	337
33.45	373
34.9	359
34.61	366
34.18	345
33.71	352
33.88	292
34.53	226
34.15	371
32.84	347
33.76	372
34.41	254
31.83	51
33.71	112
35.09	276
34.6	356
35.59	296
34.03	341
34.41	374
34.85	215
34.52	345
35.26	312
34.52	333
35.3	309
35.64	311
34.67	350
34.1	138
34.76	305
34.23	372
34.3	117
34.54	227
34.09	362
35.12	279
34.48	336
33.19	331
33.66	279
32.68	378
34.04	261
34.69	228
34.09	338
33.3	313
33.15	252
33.33	375
35.13	225
33.36	288
33.21	359
34.15	238
33.37	286
33.17	317
33.22	331
33.89	362
33.18	342
33.75	194
33.04	375
35.22	146
34.77	318
34.41	325
34.21	220
33.85	376
34.62	188
34.64	309
33.94	318
36.22	217
35.68	230
33.45	348
33.98	197
34	239
30.52	21
34.38	349
33.46	363
34.32	345
33.71	215
34.38	161
35.09	243
34.42	149
33.54	359
30.82	38
34.22	274
33.45	343
33.62	357
32.87	320
33.6	337
34.79	220
34.5	349
33.33	340
34.39	332
33.85	337
34.81	294
34.18	309
35.23	220
33.57	357
33.81	344
34.55	190
34.21	237
34.87	225
35.06	319
35.71	252
34.41	238
34.21	303
31.92	29
35.1	369
34.59	277
35.24	303
33.52	371
34.84	298
34.53	360
34.97	267
34.99	355
35.37	306
34.87	363
35.14	283
33.8	359
34.83	368
36.35	229
34.62	341
34.95	298
34.59	175
34.87	300
34.98	301
34.39	279
33.48	374
35.55	301
35.43	334
34.29	360
34.47	297
34.37	292
33.75	363
34.39	340
35.97	169
34.3	374
34.85	379
35.05	307
33.89	253
34.13	334
33.73	355
34.12	341
33.91	141
33.77	371
34.79	267
33.82	254
33.99	147
34.14	497
33.45	377
33.47	368
34.86	335
34.72	363
33.49	373
34.24	234
34.12	357
33.99	299
34.07	346
34.21	268
34.27	332
33.51	342
36.09	302
34.34	337
34.68	208
35.75	309
34.84	260
35.69	191
36.51	224
35.7	225
36.03	348
35.56	346
34.15	285
33.39	342
34.03	214
34.11	247
33.86	287
34.4	274
34	335
34.07	269
33.72	356
33.41	199
35.36	252
35.6	329
34.65	354
34.68	369
34.41	368
35.47	370
36.15	290
34.18	244
34.74	344
35.21	295
34.37	236
34.74	219
35.35	213
33.93	193
34.82	359
32.01	68
34.7	220
34.49	327
35.47	233
34.48	284
35.8	214
34.42	339
34.48	304
34.46	367
34.71	321
34.57	351
35.01	376
34.98	191
34.74	342
34.52	378
34.76	318
34.23	325
34.35	298
34.28	366
35.18	261
34.61	366
34.11	312
33.9	266
34.35	155
34.51	312
33.93	279
32.68	370
33.03	351
35.06	319
33.78	312
34.07	304
33.94	281
33.63	275
33.92	378
33.62	132
34.16	343
34.5	329
34.23	318
35.16	230
34.27	269
33.96	367
33.32	352
33.18	295
34.01	352
34.43	287
33.66	226
33.33	340
34.41	264
34.03	367
33.89	369
33.35	335
33.98	347
33.94	377
33.16	355
32.79	292
35.79	308
34.26	98
35.56	287
35.48	249
34.42	374
35.49	360
35.9	315
35.41	324
34.87	309
34.83	351
34.8	346
34.71	375
34.97	352
35.22	321
35.54	168
34.55	353
35	331
36.02	343
35.25	343
34.95	362
33.96	129
34.94	351
34.3	357
34.51	280
35.73	290
34.67	291
35.29	308
34.79	374
34.73	329
35.28	368
35.03	359
35.05	294
35.04	363
35.61	318
35.22	310
35.26	349
34.84	162
34.93	378
35.08	367
35.25	171
34.77	306
33.87	335
35.87	337
32.94	30
34.58	365
34.82	292
34.8	247
33.69	373
35.4	255
34.4	301
34.81	358
35.45	266
34.94	319
36.15	328
36.56	313
36.03	308
35	361
34.45	138
35.34	288
35.5	353
35.48	56
34.67	352
34.91	357
35.02	359
35.49	241
34.57	376
35.13	350
35.86	326
36.09	314
35.58	301
34.35	352
36.07	221
35.36	244
33.29	36
34.32	344
34.82	291
35.98	264
34.51	319
34.43	371
35.04	336
36.05	294
35.37	358
35.54	301
34.61	333
34.45	312
35.21	342
35.65	345
36.07	312
35.26	299
34.75	344
33.03	369
34.05	324
35.25	291
33.26	314
33.95	311
34.2	325
33.79	331
34.45	314
33.5	366
33.15	351
35.21	314
33.4	375
34.38	230
34.07	337
34.06	344
34.14	315
34.61	318
34.28	360
34.17	367
34.23	321
33.86	357
33.23	336
34.5	265
34.18	340
33.61	308
33.81	286
32.27	25
33.85	349
33.79	372
31.39	17
34.08	366
33.65	361
34.19	336
34.02	308
35.55	363
34.22	369
35.16	301
35.66	275
35.11	349
34.68	354
35.68	341
35.33	271
34.9	374
35.36	113
34.73	356
35.37	332
34.97	375
33.92	344
34.11	378
34.42	359
34.98	366
34.85	371
34.38	277
35.21	247
33.97	373
34.53	323
35.47	272
35.06	270
36.32	182
34.97	332
35.27	323
35.05	166
35.34	172
34.91	340
35.31	356
35.46	192
35.01	360
35.88	236
34.22	284
32.97	359
34.97	303
34.14	342
33.86	357
34.14	378
33.64	344
33.72	310
32.94	289
33.95	332
35.11	374
35.49	300
33.75	372
35.61	332
35.5	327
35.12	164
35.32	347
35.17	360
34.98	347
35.09	351
34.79	342
34.31	370
33.61	370
34.19	298
34.93	258
34.98	366
34.43	375
35.2	334
35.82	228
34.4	95
34.39	373
34.9	359
34.38	343
34.11	375
34.56	262
34.33	223
34.45	271
34.76	327
34.66	369
34.49	344
34.13	333
34.4	337
33.71	361
34.61	374
33.69	286
33.84	376
34.3	59
34.71	365
35.09	214
33.8	369
34.88	303
35.25	327
35.45	188
35.65	283
35.6	265
34.62	355
36.62	197
34.73	359
35.05	286
34.52	355
35.1	319
36.45	315
34.88	378
35.2	407
36.47	326
35.38	340
35.36	355
35.6	297
35.05	301
34.47	276
34.65	372
34.18	370
34.7	332
34.43	353
35.12	230
34.26	362
34.39	373
34.5	324
33.87	362
34.93	368
35.52	286
34.94	339
34.28	376
34.39	348
35.83	178
36.2	399
35.03	327
35.05	331
35.33	368
33.58	327
33.28	376
35.55	269
33.48	159
35.38	164
33.9	325
35.82	255
34.55	90
35.34	238
34.24	291
34.23	362
34.81	378
36.59	237
34.78	351
35.73	330
35.42	286
35.48	272
33.74	370
35.29	219
34.91	296
33.95	378
34.04	365
33.94	366
33.77	346
34.07	188
33.83	209
33.72	376
32.41	8
33.98	346
34.86	356
33.82	316
34.38	369
33.36	373
33.55	321
33.18	359
33.82	314
33.85	246
33.22	320
32.68	373
33.58	358
36	208
34.88	289
34.42	358
34.82	225
33.8	366
34.3	369
34.79	279
34.2	210
34.68	246
35.81	188
35.74	303
35.13	289
34.85	323
33.54	120
35.04	312
35.19	269
34.74	364
35.12	222
33.67	68
35.23	267
35.47	269
37.69	104
34.66	377
34.29	302
33.93	323
35.06	201
33.83	352
35.37	237
34.6	295
43.72	91
35.72	164
35.03	318
34.1	378
34.63	295
33.79	285
34.61	262
34.2	319
33.64	270
34.54	165
33.24	373
35.33	208
34.77	362
34.52	352
35.31	352
34.86	362
34.66	378
34.29	320
34.82	305
35.71	348
34.68	361
33.89	335
33.87	359
33.58	340
33.53	356
34.35	162
34.62	299
33.82	333
35	290
35.43	207
33.49	340
35.34	204
33.44	344
33.78	335
33.95	299
34.76	233
33.91	342
33.65	328
35.01	311
33.77	334
34.04	352
34.18	357
33.94	300
35.38	131
32.43	197
34.33	300
35.23	300
34.08	320
35.27	355
33.88	314
33.76	149
34.46	307
34.12	187
33.6	363
34.71	376
34.27	368
34.61	355
34.34	287
33.77	358
35.83	261
34.37	369
35.25	327
36.39	313
35.3	281
34.5	362
35.09	271
35.65	350
34.37	370
35.85	192
34.79	243
34.53	343
34.93	202
32.61	370
34.39	355
35.02	351
34.52	345
33.04	362
32.81	121
34.15	369
34.13	304
34.69	375
34.52	291
33.3	271
33.22	375
35.07	260
33.76	290
32.87	372
33.36	344
33.02	193
33.67	360
33.18	352
34.44	235
34.71	318
32.95	106
33.94	377
33.79	341
34.86	358
34.33	286
34.74	344
33.85	365
33.83	173
33.54	340
34.71	345
34.54	221
34.25	306
33.48	373
35.19	326
34.05	332
34.24	375
35.29	320
34.53	326
45.11	120
37.27	30
35.62	301
35.03	376
35.16	304
34.53	377
35.93	347
35.45	343
34.61	323
34.44	351
35.39	345
34.64	352
34.95	344
34.98	375
34.45	367
35.91	324
35.35	344
35.07	346
34.85	125
34.9	280
33.7	322
33.94	370
33.44	283
33.94	322
33.41	220
33.52	368
35.45	233
33.53	298
34.1	344
34.12	377
35.41	272
35.47	232
34.87	370
35.76	490
34.09	373
34.24	346
35.61	138
35.05	338
34.51	282
35.58	272
33.69	358
35.21	309
33.44	339
34.41	186
34.44	265
33.91	340
34.12	365
33.76	316
33.16	364
34	320
34.71	327
34.92	319
35.42	271
35.19	254
33.96	363
36.04	237
35.31	346
34.35	350
34.71	133
35.38	232
34.31	377
33.62	348
34.06	282
33.88	271
33.68	342
33.24	369
33.72	330
34.19	371
34.31	317
34.06	357
34.5	315
34.29	297
34.3	309
33.5	117
34.05	345
33.5	283
33.59	371
35.44	163
33.78	46
32.4	86
34.47	332
34.54	297
33.84	369
33.42	361
34.35	172
34.31	317
34.67	294
32.94	357
34.5	347
34.21	292
34.35	351
33.7	241
32.8	363
34.57	336
33.52	178
34.18	301
33.01	375
33.04	365
33.62	331
34.43	240
35.36	440
34.03	350
34.05	363
34.79	151
34.33	338
34.88	172
35.14	179
34.62	355
34.78	376
34.2	295
32.82	60
33.57	375
34.73	132
34.05	347
34.52	273
35.68	299
35.68	291
34.13	159
34.31	351
34.17	300
34.67	266
34.66	279
33.95	341
34.67	226
34.06	328
33.55	362
32.99	357
34.93	160
33.83	368
33.79	265
33.82	205
33.76	317
34.56	283
33.49	357
34.91	223
34.14	209
33.97	376
34.26	279
33.99	369
33.65	275
36.39	316
35.23	346
33.95	375
34.99	253
35.59	323
35.8	301
35.35	332
35.37	293
35.79	301
34.95	319
34.07	376
34.35	202
33.63	362
34.64	82
33.94	329
33.81	310
34.15	342
34.74	377
35.48	327
33.17	319
33.37	325
33.66	370
33.26	355
33.66	370
33.77	349
33.7	256
33.6	310
33.38	332
34.13	228
34.97	201
33.85	177
34.21	371
34.04	296
33.28	377
32.96	22
34.26	295
33.8	58
34.05	372
35.46	221
34.94	165
34.08	370
33.44	301
34.18	366
35.41	233
34.62	225
34.11	336
33.96	249
33.83	253
35.62	137
35.19	172
33.69	292
34.15	352
33.25	110
34.66	156
34.39	344
35.26	245
34.37	339
35.05	327
33.98	375
33.28	378
35.15	274
34.24	315
34.52	346
34.19	375
34.86	223
33.54	377
35.23	329
34.25	374
35.06	123
35.17	316
35.29	225
35.16	364
35.4	167
35.07	303
34.51	353
34.62	354
35.7	307
35.37	364
35.76	248
34.85	277
35.12	277
34.29	338
34.19	218
33.64	375
33.77	353
34.97	176
34.51	310
32.24	58
35.56	293
34.31	292
35.25	254
34.4	375
33.99	144
34.5	367
34.14	263
34.67	292
34.35	351
34.26	342
34.33	360
34.64	262
34.87	243
33.98	341
33.71	244
33.39	372
34.07	251
33.39	140
33.29	368
33.76	278
33.69	319
35.23	333
35.34	338
34.82	371
35.36	314
34.87	369
34.67	355
34.65	371
36	376
34.3	85
34.8	332
34.12	375
33.03	354
34.92	311
33.68	332
32.92	349
33.49	278
33.63	324
33.17	75
35.03	187
33.54	352
32.96	166
32.88	371
34.21	364
33.77	367
33.09	377
33.64	190
34.77	213
33.87	374
33.31	317
32.5	376
35.09	335
34.72	370
34.78	364
34.42	341
34.37	354
35.37	369
34.68	327
34.86	306
35.27	335
35	134
33.55	376
34.34	362
34.78	356
34.18	377
34.69	350
35.7	295
34.39	365
35.43	321
35.62	271
34.72	340
34.65	334
34.3	364
34.49	357
34.32	345
33.91	367
34.31	196
35.01	374
33.87	344
35.49	352
34.94	251
33.16	241
34.03	265
33.78	347
33.88	357
34.37	275
33.62	333
35.08	288
33.6	371
34.95	300
33.73	242
34.46	342
33.27	339
34.41	348
33.24	358
32.56	142
33.29	356
33.29	345
33.41	368
33.99	242
33.96	307
33.88	368
33.39	364
33.62	339
34.12	355
34.44	271
33.46	304
34.39	232
33.44	367
34.09	298
33.05	301
34.41	376
34.4	115
35.02	345
34.94	309
34.78	334
35.26	376
34.86	307
35.49	314
34.33	365
34.85	261
33.67	315
34.14	199
33.6	315
34.09	359
33.47	351
34.51	313
34.72	186
34.15	317
34.49	364
33.88	374
32.81	370
33.87	294
33.52	348
33.59	327
33.48	360
32.58	374
34.46	188
33.8	376
34.63	314
33.12	272
32.96	376
35.34	197
33.88	345
35.56	340
32.34	107
33.55	262
33.71	188
34.61	313
33.75	377
35.17	304
34.89	217
34.22	114
35.27	227
33.78	356
34.56	365
33.78	350
33.65	107
44.58	97
34.85	357
34.09	325
35.06	324
34.32	370
34.58	328
34.96	271
34.16	372
35.42	357
34.93	361
35.33	351
34.37	319
33.73	369
35.07	318
35.17	290
34.13	306
35.42	275
35.02	296
34.41	176
34.48	353
34.95	302
34.63	341
33.99	135
34.86	375
34.23	333
34.17	375
33.72	359
35.16	360
35.31	364
34.54	378
33.74	367
36.88	222
34.15	369
36.16	257
35.23	283
36.15	323
100	0
34.41	364
34.39	375
34.21	376
35.14	314
35.11	282
34.34	48
34.64	240
35.36	261
33.88	334
34.1	217
33.75	374
34.01	265
33.34	344
32.82	61
35.23	322
34.56	179
35.56	166
34.24	343
34.07	85
35.2	307
33.69	352
36.66	228
35.05	308
36.4	191
34.21	355
35.98	209
35.39	241
34.7	340
34.38	348
33.95	289
33.93	270
34.22	368
34.2	289
35.59	203
34.03	285
34.15	209
30.37	2
33.6	124
34.24	219
35.41	362
33.35	237
33.9	272
33.15	347
33.23	373
33.96	373
33.25	281
33.43	322
34.67	277
34.4	376
34.29	158
34.07	313
33.57	376
33.58	276
33.74	338
34.38	226
32.57	374
34.67	332
33.93	338
34.55	297
34.63	238
31.67	54
34.16	268
34.63	238
34.27	216
34.69	245
33.6	374
34.02	158
33.82	340
33.94	315
36.49	241
34.36	330
33.96	295
34.29	301
33.98	225
35.34	296
33.95	359
34.21	364
33.64	373
33.88	362
33.25	360
34.25	339
34.4	232
33.8	344
37.12	253
35.36	155
33.72	288
33.3	350
34	329
34.79	181
34.67	188
35.19	361
33.68	374
34.65	182
35.42	236
34.59	320
33.96	336
33.33	360
33.63	216
33.6	94
34.39	338
34.07	347
34.39	370
33.95	346
34.7	358
33.97	370
33.53	336
34.56	325
34.56	205
32.78	364
33.79	378
34.23	291
35.4	299
34.24	361
34.03	200
33.95	331
34.79	283
34.06	362
33.37	369
34.3	340
34.02	144
34.62	276
34.46	376
35	215
33.21	368
34.83	278
34.45	311
35.64	355
33.98	365
35.22	308
35.18	308
34.51	333
34.79	305
35.08	374
35.08	350
36.14	255
34.7	378
35.73	355
33.91	348
34.85	295
33.6	305
34.01	207
33.97	338
34.33	330
34.44	160
33.84	374
34.75	321
33.87	369
34.4	218
34.59	154
34.03	357
34.49	168
34.97	364
35.21	296
34.71	330
33.83	331
34.24	268
34.62	297
34.82	318
34.44	191
33.5	372
34.91	311
33.6	349
34.29	335
35.11	239
33.72	370
35.09	144
33.96	266
33.74	344
33.41	344
33.67	128
34.13	361
34.43	318
34.71	274
33.19	372
34.35	233
34.33	353
32.66	368
34.82	300
33.39	367
33.46	303
34.1	280
33.92	343
34.18	375
31.58	53
34.3	335
33.78	331
34.37	268
34.78	318
34.7	297
34.4	191
33.43	372
34.91	311
33.61	349
35.1	239
34.78	340
33.87	279
34.29	314
33.87	279
33.88	308
33.85	377
34.42	261
34.59	323
33.3	369
34.23	259
34.67	363
34.31	216
33.61	350
33.87	360
33.46	187
34.5	269
33.29	365
35.32	161
34.21	260
34.35	363
34.47	345
35.19	294
34.94	207
35.05	369
36.69	304
36.02	310
34.99	328
35.3	369
35.63	358
36.25	120
36.02	317
36.19	271
34.92	420
34.67	344
35.44	365
35.39	311
34.66	355
35.63	336
35.74	311
35.72	331
33.55	119
34.1	245
33.81	367
34.83	350
33.86	362
33.14	374
33.82	365
32.74	377
35.06	357
34.8	339
34.66	298
35.28	355
35	73
34.37	66
35.73	255
34.45	234
34.25	318
35.1	310
32.98	50
35.07	301
36.87	127
35.55	321
34.94	292
34.11	353
32.65	78
34.91	364
34.1	345
34.61	137
35.29	165
35.1	263
35.42	329
35.5	351
34.31	340
35.18	314
35.76	305
35.16	341
35.13	159
34.75	247
34.42	341
34.5	229
33.41	262
33.92	213
33.8	187
34.06	319
33.65	286
31.89	68
34.64	283
34.09	197
33.83	231
34.53	320
34.85	337
34.37	166
35.32	325
34.27	335
34.71	315
34.48	377
34.39	331
34.33	315
34.3	347
35.59	298
35.06	86
34.31	363
34.48	370
35.74	337
34.41	359
35.29	359
34.77	218
34.42	340
35.15	321
34.66	203
34.73	152
34.49	368
33.93	211
33.75	354
35.63	293
33.72	367
34.58	290
34.58	297
34.11	346
40.54	36
34.84	351
47.48	76
34.51	336
34.31	353
35.47	348
34.78	288
34.92	227
32.22	32
35.79	291
35.72	345
34.5	361
35.55	357
34.38	204
35.19	349
35.36	342
34.82	224
35.97	324
34.4	357
35.72	269
35.13	370
34.08	346
35.12	311
35.47	296
34.34	339
35.14	223
34.69	358
33.71	347
34.85	314
35.27	300
34.84	321
35.11	217
34.2	131
34.33	341
34.59	320
34.98	297
34.91	367
34.61	286
34.89	214
34.1	132
34.73	340
34.55	373
34.17	356
35.68	333
33.62	327
34.39	340
35.04	309
34.71	295
34.15	339
34.31	361
34.05	354
33.74	341
35.79	366
35.11	334
34.75	214
35.31	184
35	355
34.41	440
34.11	345
34.9	369
34.95	218
32.76	358
34.72	279
34.86	304
34.72	279
33.88	239
34.72	279
34.72	279
34.71	352
33.97	317
34.14	346
34.3	357
34.56	175
35.06	268
35.17	301
36.17	299
34.44	356
34.92	295
35.34	361
34.79	305
33.97	366
33.53	145
33.9	376
34.41	305
35.22	267
33.84	349
34.03	231
33.63	376
34.12	351
33.67	266
35.28	304
34.91	286
35.03	251
34.74	306
34.93	347
34.54	202
34.47	339
34.97	267
34.88	360
34.53	147
36.32	235
39.51	144
34.91	159
34.79	78
34.54	231
33.63	176
33.7	136
34.5	177
34.96	328
34.5	302
34.89	367
34.67	332
35.23	369
35.4	370
35.2	335
34.45	114
34.98	355
34.93	296
35.8	253
35.33	283
34.34	378
35.3	362
35.86	224
34.43	285
34.96	313
34.18	309
34.44	370
35.34	202
34.55	376
32.74	371
33.92	244
33.51	317
33.54	292
33.35	184
35.25	268
34.24	362
33.41	347
34.76	308
33.39	367
34.18	349
35.15	231
35.19	315
35.14	331
34.72	324
35.67	248
35.71	238
34.35	372
35.24	378
35.24	339
34.17	362
34.1	370
34.29	179
34.01	348
33.61	219
35.51	309
34.66	207
33.71	288
34.8	325
33.95	359
33.76	319
34.73	258
33.72	352
34.23	331
34.28	375
33.78	347
34.29	299
34.61	237
34.18	139
33.54	337
34.46	186
33.49	326
34.7	292
33.43	143
34.07	332
33.82	280
33.72	348
32.18	74
34.2	352
34.55	341
35.27	300
34.52	372
35.97	367
36.22	284
35.13	350
35.28	245
35.24	312
34.95	297
35.47	331
34	353
33.94	355
31.02	28
34.03	176
34.46	119
34.06	344
35.07	311
34.32	338
34.42	362
33.82	366
33.27	366
33.7	223
34.43	288
34.9	304
32.21	375
32.21	375
33.88	175
34.64	188
33.76	356
34.86	322
33.76	268
33.49	223
33.89	328
33.17	347
33.86	317
35.2	220
34.21	138
34.04	360
33.86	265
32.92	267
34.99	223
35.48	133
36.3	166
33.48	363
34.14	321
34.24	367
34.22	152
34.47	338
33.75	182
34	348
35.16	199
34.53	354
34.86	325
34.61	278
34.15	372
33.96	154
34.56	329
34.25	314
35.11	233
33.75	325
34.53	327
33.95	348
34.25	346
34.52	297
35.69	324
34.05	372
33.61	377
33.51	57
35.55	216
33.92	344
33.18	323
33.43	361
34.65	184
33.86	370
33.31	342
34.12	249
34.07	268
33.54	330
34.04	376
32.45	128
33.82	346
33.45	378
34.17	173
34.82	328
33.53	227
35.51	154
34.32	223
33.45	365
34.34	352
33.84	319
33.69	252
34.18	335
34.56	173
34.68	247
34.35	267
33.96	236
33.7	177
33.75	124
33.07	344
35.2	305
34.28	298
33.87	358
35.21	313
34.17	319
33.75	352
34.68	226
33.91	334
33.01	82
33.49	378
33.77	297
34.33	272
31.49	79
33.72	189
33.74	308
33.43	331
33.25	370
33.83	278
33.45	374
33.31	315
34.37	262
35.17	287
34.92	263
35.53	340
34.05	367
35.33	280
35.45	227
34.6	264
33.99	316
35.51	213
35.82	282
35.22	266
34.65	360
35.02	250
34.21	367
34.94	238
34.25	330
34.76	362
35.41	196
34.94	346
33.71	264
34.48	329
34.39	374
33.87	372
34.04	357
33.88	355
34.01	155
33.24	377
33.84	353
34.36	251
35.15	353
34.79	220
33.39	285
33.36	358
33.67	369
33.78	352
32.93	172
34.62	316
34.43	359
33.76	377
34.25	341
33.85	372
34.6	337
34.21	281
34.9	161
32.98	363
34.14	347
34.16	258
34.53	368
33.01	377
33.79	331
34.21	268
31.95	55
33.95	324
34.86	297
34.76	224
34.76	318
34.21	342
33.57	343
34.94	240
34.27	367
33.88	227
33.15	371
34.52	147
33.81	99
34.38	316
33.31	284
35.07	305
35.16	318
35	359
35.01	347
35.14	360
35.14	344
36.18	111
34.7	375
35.1	316
34.59	368
36.37	233
35.5	347
34.84	370
34.7	200
34.38	378
33.83	348
34.43	149
34.2	224
33.73	332
33.75	329
33.9	162
34.52	338
33.91	368
34.78	368
34.13	343
34.16	376
34.82	349
35.76	325
35.45	299
34.65	316
34.51	378
34.83	334
35.24	357
33.61	249
33.94	378
33.74	235
33.05	378
33.66	309
33.09	345
33.71	340
33.8	152
33.15	371
33.57	334
33.92	344
34.83	324
33.92	356
34.92	267
33.96	327
35.03	348
34.42	307
33.73	370
31.86	51
34.44	326
33.72	295
34.7	341
33.05	374
33.72	336
34.13	370
33.83	355
33.78	359
33.57	328
33.24	323
34.38	244
33.43	366
34.14	367
33.71	366
33.06	368
35.5	293
34.88	208
33.71	363
33.15	358
33.48	242
33.67	276
34.16	206
34.83	234
35.24	268
33.79	370
35.5	288
35.51	299
34.51	362
33.83	364
34.3	343
33.57	297
34.4	340
34.94	169
35.14	368
35.2	202
35.14	373
35.41	371
35.09	348
34.41	374
35.52	268
33.88	351
33.94	375
35.08	235
34.14	271
35.48	251
34.7	351
33.39	378
34.89	258
34.02	350
34.88	331
33.76	286
33.89	259
34.8	367
33.65	360
34.53	149
34.68	320
34.67	342
34.02	326
35.01	287
33.96	342
34.74	290
35.33	288
33.56	328
34.65	186
34.19	202
33.16	158
35.15	262
34.13	342
34.67	348
34.38	94
35.29	266
34.41	272
34.46	366
33.95	260
33.32	361
35.1	306
34.13	347
34.68	156
32.66	97
34.17	328
35.29	157
33.53	227
34.68	377
34.27	325
35.21	185
34.79	336
34.9	311
34.53	336
33.91	353
34.32	294
33.98	322
32.35	376
33.42	228
33.41	65
33.35	328
33.4	371
34.72	348
33.49	371
34.33	189
35.46	260
34.15	348
33.25	174
33.43	161
33.75	337
34.15	285
34.81	310
32.83	375
34.56	179
33.78	351
33.29	254
31.08	54
34.48	370
35.26	304
35.09	155
34.51	373
35.29	353
34.23	354
35.33	373
35.6	369
33.83	376
34.52	335
33.48	336
35.17	307
33.75	318
34.12	261
33.51	264
33.75	152
34.89	261
33.86	374
34.23	357
34.07	261
34.01	228
35.51	339
34.27	352
34.63	369
35.68	314
35.08	313
34.78	289
34.29	345
34.34	325
35.13	360
34.95	282
34.43	378
34.45	292
34.74	362
35.16	302
35.03	329
34.61	334
36.07	262
35.63	316
35.21	272
33.42	364
33.84	317
33.99	306
33.2	340
33.92	161
34.3	261
33.48	193
33.82	236
34.87	232
34.56	169
34.61	273
34.05	361
33.88	293
34.07	199
33.06	298
34.53	276
35.21	331
33.64	283
33.82	236
33.6	138
34.16	371
34.73	243
35.24	289
35.03	276
34.38	371
34.11	367
35.65	144
35.4	269
34.49	347
35.34	297
34.25	367
33.33	356
34.3	327
33.12	234
33.85	357
34.88	248
34.57	335
35.16	472
34.08	373
34.45	230
33.75	354
34.56	256
34.17	133
35.39	278
33.76	338
34.34	280
34.85	253
31.65	70
34.92	246
33.69	107
33.95	339
34.98	368
33.88	203
33.73	262
34.64	277
33.88	207
34.85	304
34.31	173
34.39	201
34.09	303
33.58	225
35.45	346
34.13	346
31.96	48
33.92	363
33.43	373
33.53	193
33.56	346
34.05	277
33.18	343
35.21	302
34.44	338
35.22	319
35.15	330
34.36	368
34.62	315
32.62	54
36.71	235
34.74	54
34.86	119
34.07	368
34.32	344
34.38	233
33.99	124
32.74	53
33.86	342
34.91	77
35.24	218
34.66	364
32.55	102
34.87	320
34.74	369
34.26	335
34.98	331
35.36	282
34.87	294
33.28	378
35.19	323
35.14	362
34.82	354
34.74	308
34.52	278
33.44	266
34.18	213
34.27	223
33.89	251
35.29	222
34.11	358
34.44	300
34.02	336
34.21	152
34.79	299
35.13	361
33.78	366
35.14	280
34.79	246
34.26	168
34.43	308
33.82	337
34.14	327
34.72	288
34.41	351
34.43	336
34.45	332
34.34	320
34.03	305
35.01	186
35.18	296
34.67	374
33.94	367
34.62	334
35.15	328
34.66	370
34.69	329
34.14	376
34.64	358
35.34	329
35.02	255
36.05	232
34.71	375
34.28	288
34.51	361
33.28	368
33.29	341
33.58	374
34.02	260
34.17	368
33.8	355
33.22	351
33.27	377
34.16	348
34.92	175
33.26	340
33.86	357
33.78	372
33.6	183
34.27	254
33.51	352
34.31	319
33.64	372
34	377
33.82	334
33.89	127
34.08	97
36.94	59
42.53	125
40.74	160
36.84	246
34.55	174
34.42	287
34.07	350
34.21	345
34.72	372
34.1	306
34.17	366
34.18	343
34.41	366
33.9	336
33.76	235
35.28	304
32.94	346
33.71	374
35.44	296
34.58	346
31.63	48
34.05	80
34.45	376
34.52	315
35.16	229
34.01	367
35.61	302
34.04	358
34.2	353
34.14	469
34.56	345
34.23	334
33.84	275
35.41	326
35.64	265
34.56	343
34.52	321
34.76	329
33.95	363
33.95	375
35.69	349
34.72	203
34.87	323
34.94	338
35.14	341
34.78	338
34.51	349
34.01	75
35.42	339
34.38	361
34.28	324
35.32	344
34.99	346
34.62	368
35.21	344
33.62	370
34	268
34.46	287
34.68	312
33.37	339
35.13	267
33.5	92
35.6	278
34.64	300
34.39	265
33.23	341
33.7	343
33.03	355
33.23	359
34.06	358
33.69	374
33.87	370
33.95	234
33.23	356
34	303
33.97	300
33.21	103
35	173
33.73	118
35.59	188
35.35	336
34.06	378
34.58	262
33.68	276
34.18	278
33.76	184
34.39	368
33.71	350
33.92	374
34.56	297
33.39	359
34.87	301
34.07	351
34.33	360
35.19	404
34.2	355
33.77	272
34.5	297
34.09	324
34.24	92
35.82	216
34.15	350
34.77	420
34.56	357
34.19	293
34.8	279
34.11	358
34.05	194
33.67	359
34.16	333
34.72	119
34.52	317
34.25	358
33.3	131
34.7	364
34.31	363
34.47	368
34.43	335
33.8	364
34.22	373
35.39	333
33.96	374
34.26	373
34.25	373
34.36	373
34.37	237
33.6	369
33.83	344
34.73	346
36.3	245
34.98	189
33.5	367
34.82	243
33.32	351
33.61	101
33.6	368
34.15	349
34.38	174
34.21	319
33.9	263
33.79	220
32.38	366
34.08	260
33.18	376
35	180
34.66	340
33.85	271
34.57	308
36.35	313
34.97	329
35.07	229
35.06	324
35.1	304
35.26	237
34.26	276
33.48	371
33.33	360
34.49	296
34.73	186
34.61	346
34.87	306
35.76	236
35.08	174
35.75	350
35.21	124
34.13	309
35.15	212
35.11	278
35.11	307
35.34	192
34.74	302
33.77	288
34.97	283
34.47	336
34.56	317
34.6	366
35	374
35.6	291
34.99	340
35.29	296
35.21	343
34.63	256
34.94	312
33.33	359
34.19	354
34.32	344
33.22	347
33.55	366
34.2	304
33.9	357
31.33	27
33.76	360
35.35	347
34.13	344
35.33	377
35.11	312
35.09	348
34.37	373
34.65	316
35.09	338
34.65	303
35.29	209
34.41	302
34.44	299
32.83	373
34.99	335
32.17	370
33.06	196
34.09	258
32.46	372
33.12	367
32.84	377
34.04	319
35.62	326
33.19	149
33.86	360
33.92	340
34.59	308
35.37	220
35.48	304
34.52	358
34.85	311
33.07	306
33.92	311
32.74	311
33.34	378
33.5	375
35.69	232
33.53	208
33.62	321
34.07	285
33.8	368
34.28	327
34.7	330
34.14	357
33.79	361
34.45	366
33.64	378
34.07	333
33.07	375
34.16	242
33.77	191
33.93	325
33.11	366
33.35	374
33.35	374
33.21	372
35.09	342
34.55	305
34.75	159
35.02	322
34.78	219
34.6	217
33.13	96
34.74	305
33.79	230
34.66	337
35.31	296
33.83	152
35.23	492
34.08	333
34.45	439
35.17	302
34.6	296
35.16	335
35.35	407
34.82	367
35.06	241
35.41	298
34.33	365
35	359
33.78	348
33.23	314
33.9	160
34.42	374
33.53	194
34.28	291
34.37	334
34.08	332
34.32	345
33.65	324
34.7	321
34.25	348
34.08	354
33.32	358
34.34	308
34.19	346
34.08	338
33.79	367
33.59	317
33.05	362
33.28	342
34.37	317
33.49	375
33.94	293
31.92	50
33.33	264
34.34	306
33.96	335
34.64	292
33.62	356
33.39	374
34.4	303
34.43	375
34.88	298
33.55	357
34.61	277
34.8	357
33.92	207
33.28	343
33.46	370
35.08	330
34.08	315
34.02	296
34.15	192
33.42	339
33.27	367
34.82	355
33.87	373
35.3	307
35.11	363
34.78	321
34.02	324
34.91	339
34.82	257
34.65	203
34.27	368
34.79	363
34.96	268
34.17	356
34.58	308
35.41	236
35.29	283
33.9	308
33.91	308
34.07	304
33.35	370
34.61	348
31.71	43
34.14	284
32.87	358
33.99	181
34	280
34.52	308
34.2	362
34.64	373
34.69	285
34.7	132
34.27	225
33.13	373
36.04	190
34.08	359
34.52	307
33.62	354
34.27	349
34.92	161
34.74	247
33.99	371
33.98	253
34.36	288
34.21	344
33.69	202
34.25	291
35.33	235
33.21	367
33.29	350
33.49	365
33.62	356
34.19	374
33.99	286
33.37	355
34.16	367
35.65	263
35.92	296
34.15	356
34.84	336
34.52	369
34.56	373
35.35	329
34.93	360
37.25	229
34.95	300
34.71	376
34.43	378
34.86	344
35.63	363
35.95	167
34.85	326
34.68	370
34.56	372
34.88	350
33.74	376
34.34	376
34.25	362
33.76	327
34.37	284
33.51	256
33.6	363
34.28	189
34.44	372
34.44	248
34.13	216
35.03	319
34.08	366
32.75	274
33.07	356
34.86	343
33.54	337
32.8	378
34.02	350
33.22	163
34.21	293
33.68	360
34.9	346
34.62	330
34.9	336
33.93	372
34.46	376
34.5	376
35.46	313
33.65	371
34.02	376
36.64	124
32.69	118
34.52	270
33.84	211
38.84	69
34.3	356
34.28	338
34.79	167
33.76	113
34.78	253
33.51	345
34.06	364
34.17	243
33.38	378
33.15	352
34.26	332
34.31	287
31.69	43
34.2	325
33.94	353
35.24	259
34.53	338
35.13	330
35.45	228
34.83	352
34.41	349
34.97	361
34.74	310
34.37	367
32.8	102
33.59	107
33.79	344
34.01	289
34.84	210
34.02	196
34.94	260
34.62	373
33.25	183
32.88	175
35.42	378
34.61	250
33.69	362
36.04	311
34.91	302
34.23	237
34.23	329
33.73	353
34.11	360
34.98	301
35.29	347
35.55	366
35.37	143
34.59	337
40.56	93
34.16	376
37.83	240
38.83	121
39.78	106
34.97	372
32.88	265
34.44	232
33.09	323
32.71	367
30.28	41
32.55	340
34	247
33.02	352
35.12	230
34.08	368
34.9	325
33.99	203
34.7	289
34.19	276
34.69	352
33.98	318
33.38	310
33.86	323
33.41	377
33.88	361
34.01	365
33.85	373
34.7	307
34.12	243
33.74	337
34.05	342
32.88	367
33.04	329
32.7	360
33.49	363
34.39	331
34.12	273
33.38	422
35.93	255
34.45	395
33.93	378
34.25	337
33.03	410
34.49	367
32.27	422
32.77	402
34.08	384
33.57	407
33.3	408
34	335
33.85	351
34.49	347
33.57	380
32.74	423
35.01	299
32.79	384
33.47	362
33.09	421
34.27	203
33.9	374
33.94	377
34.45	269
33.15	374
34.32	188
33.11	406
34.16	258
33.51	408
34.35	353
33.28	191
33.48	419
32.48	390
35.04	268
33.85	421
34.89	338
34.9	286
34.07	415
34.78	376
33.62	390
34.13	246
33.93	342
34.59	380
33.93	354
34.07	374
33.56	131
33.9	353
32.7	418
34.54	320
33.29	406
33.85	411
34.25	399
33.9	367
33.53	333
32.89	418
33.88	368
34.1	278
33.52	181
33.92	297
33.86	274
35.39	346
34.63	254
34.8	408
34.44	385
33.7	390
33.33	403
33.02	412
34.21	274
33.95	404
33.88	359
33.95	369
34.66	337
34.02	422
33.09	421
34.41	278
34.1	300
35.02	144
34.4	375
34.21	310
33.54	378
35.32	289
34.52	364
32.91	381
33.47	154
35.05	368
34.96	325
34.98	308
33.67	377
33.67	282
34.2	326
34.15	422
34.62	361
34.25	316
34.44	382
34.75	416
35.7	152
33.66	421
33.82	404
34.68	321
33.2	423
34.23	388
34.38	349
34.01	383
34.06	281
33.35	344
34.05	374
33.68	279
34.93	382
33.6	415
33.19	425
33.95	373
33.54	400
34.14	397
33.16	420
34.22	365
33.78	408
34.72	345
33.64	391
33.88	334
35.27	322
34.21	384
34.78	328
34.51	394
34.17	413
34.04	399
33.56	412
33.72	337
34.35	357
33.44	420
35.31	390
32.6	423
33.28	415
32.86	372
33.3	413
35.61	369
34.87	204
35.07	315
35.35	185
34.02	304
34.19	363
33.86	317
34.15	400
34.2	375
34.62	304
34.52	359
33.96	332
33.6	400
33.08	370
34.09	408
34.18	396
34	190
33.72	378
33.51	409
34.58	405
34.18	347
34.13	423
34.41	344
33.93	366
34.56	185
35.04	384
34.42	374
34.8	376
34.65	224
34.8	218
34.49	346
33.23	424
34.8	298
34.4	323
34.23	328
34.65	215
34.88	376
33.71	423
33.41	370
33.68	398
33.92	345
33.96	334
34.86	268
33.17	379
33.81	372
33.7	355
33.72	367
34.83	311
34.31	142
34.49	142
33.48	415
32.88	396
34.46	318
33.53	385
34.21	292
34.49	115
33.41	421
34.38	406
34.3	314
33.19	334
32.96	407
32.69	421
33.51	352
33.94	415
33.5	354
34.14	291
33.94	369
34.31	287
33.32	404
33.12	393
33.32	408
33.87	347
34.51	321
34.38	243
34.14	375
33.3	385
33.97	406
33.13	417
34.24	298
33.9	346
33.84	422
34.83	303
33.2	125
32.67	366
33.12	385
34.48	319
34.4	353
34.36	342
33.24	391
34.69	299
34.07	141
34.28	339
34.06	363
33.95	403
32.97	366
33.72	377
33.43	413
35.49	406
33.56	160
33.33	411
35.02	292
35.02	292
33.45	351
33.41	334
34	341
32.84	411
33.02	420
34.23	340
34.02	320
34.05	263
34.25	406
33.05	398
36.12	176
35.33	219
34.02	381
34.58	391
33.58	411
33.79	400
33.25	418
33.3	359
33.66	423
33.71	394
33.55	402
33.84	422
33.51	408
33.9	379
