sim	len_diff
35.09	50
32.65	105
34.47	88
36.6	97
32.29	98
34.42	158
33.49	54
33.8	168
34.58	84
36.69	129
34.84	121
33.07	99
33.6	105
34.79	18
32.83	36
35.93	74
34.07	100
35.24	84
32.94	103
33.88	83
34.14	78
32.63	62
32.66	91
34.06	75
33.96	81
35.42	103
35.41	67
31.35	87
33.37	97
33.86	178
33.6	82
34.91	46
34.25	73
34.91	46
33.6	82
34.43	57
34.91	46
33.75	64
33.55	65
33.39	100
34.9	50
32.81	46
34.28	104
33.93	63
34.26	95
32.33	104
33.76	164
34.78	37
35.29	45
35.33	103
33.2	75
33.64	97
33.66	172
35.4	87
36.31	79
35.68	85
35.59	88
33.42	46
33.42	46
34.27	183
31.44	102
35.4	98
32.16	105
32.58	93
31.5	105
34.41	101
33.66	172
33.6	82
33.64	52
33.55	88
34.25	94
33.21	88
35.58	30
33.98	25
34.2	61
33.01	76
31.49	104
34.92	112
31.71	201
31.44	100
32.18	97
31.57	94
33.37	79
33.82	95
35.94	38
34.19	195
32.67	104
34.36	73
35.52	116
34.19	162
34.83	147
35.62	73
31.86	82
33.65	195
33.03	99
32.55	101
32.73	83
34.85	121
32.44	100
32.73	93
34.36	171
34.45	92
35.62	186
33.93	100
37.36	76
32.47	105
33.04	73
34.63	199
33.77	84
31.98	95
35.4	115
36.97	81
33.01	93
35.3	131
32.97	104
32.3	98
33.8	74
34.55	195
33.07	74
33.27	100
34.72	101
36.57	59
33.77	81
34.53	114
33.91	188
34.22	97
33.9	94
34.66	92
34.08	88
34.44	199
32.41	90
33.79	106
31.87	87
33.92	176
36.19	120
33.09	138
34.29	88
34.14	88
33.67	35
33.07	100
34.21	96
34	39
35.12	144
34.18	58
34.4	83
35.91	97
34.4	96
36.09	113
32.23	90
34.69	36
31.84	103
32.4	91
32.53	94
32.94	94
31.46	100
36.58	98
33.2	101
33.9	104
34.81	96
36.71	117
34.54	58
34.77	79
35.43	86
34.26	80
32.64	97
34.64	83
33.43	79
34.62	86
35.51	88
33.89	87
34.46	77
34.42	90
32.5	86
36.33	91
33.59	95
32.61	104
34.77	88
35.56	138
34.81	96
34.44	96
33.73	97
33.95	169
34.06	198
34.49	105
33.76	88
34.87	50
33.24	103
34.17	36
32.16	104
34.42	65
32.63	99
32.91	100
34.18	97
33.89	46
33.39	16
36.26	83
32.25	102
31.8	103
34.13	61
32.01	102
34.36	91
34.83	51
35.29	84
35.43	93
33.31	66
33.16	100
36.02	52
32.35	101
36.91	102
31.55	105
34.17	90
33.96	102
32.15	77
34.93	149
32.18	91
34.14	99
33.15	103
33.68	78
34.82	57
32.28	96
32.66	104
33.88	56
34.3	104
33.01	81
34	101
33.31	103
33.6	99
35.13	52
33.95	75
32.94	210
31.87	98
32.7	104
33.6	99
33.86	91
31.97	104
32.37	93
34.42	102
32.82	151
35.01	93
31.77	63
34.81	49
32.24	91
34.8	99
31.92	100
34.98	58
32.32	101
33.72	88
33.14	96
33.69	98
31.7	105
33.72	97
32.1	90
32.35	99
31.46	97
35.13	46
32.4	87
32.28	90
32.93	99
34.11	98
33.88	56
31.81	104
32.71	101
33.49	101
32.03	86
32.64	103
31.49	101
33.86	86
33.55	91
32	100
34.61	73
33.97	86
33.64	74
34.9	81
31.64	91
33.8	100
32.14	100
33.67	83
32.86	105
34.25	54
32.45	101
33.61	103
33.06	197
31.14	104
34.63	121
34.19	84
34.33	43
33.37	36
35.55	18
35.19	93
33.96	52
32.47	102
33.65	144
37.08	56
32.09	96
34.6	38
33.17	96
32.92	87
35.33	119
33.81	63
33.69	93
36.18	47
32.22	102
33.92	95
34.28	102
33.37	101
36.58	88
35.23	95
34.51	90
36.08	70
35.99	54
36.06	68
34.52	82
32.91	100
34.69	78
32.28	99
33.57	72
32.12	94
32	97
35.52	96
36.22	62
34.91	91
33.68	67
33.22	66
34.24	100
35.6	71
34.12	96
34.28	98
31.73	105
31.46	100
33.37	104
35.48	94
32.04	101
33.56	102
36.28	118
33.98	59
35.7	85
34.36	85
34.15	73
32.55	89
32.18	94
33.59	50
34.44	98
32.55	93
32.84	99
33.94	98
35.67	112
35.83	32
35.18	151
33.98	92
35.82	60
33.51	79
34.76	75
34.06	83
35.32	80
33.94	42
34.14	79
33.11	93
33.42	61
32.36	153
34.7	92
35.72	74
36.77	116
35.58	74
35.18	88
37.07	49
36.37	43
36.73	47
34.8	72
37.1	79
34.6	53
34.27	88
34.86	65
35.44	73
34.86	141
36.75	49
36.61	44
32.8	84
33	60
33.31	89
33.86	93
34.73	80
35.24	71
33.21	61
35.04	69
34.33	1
31.58	86
33.21	32
32.32	62
33.72	125
41.94	10
36.89	77
36.37	66
44.76	2
40.67	15
44.88	7
37.54	72
37.07	87
35.84	72
42.01	8
34.96	149
65.77	3
41.61	10
37.29	43
37.39	69
36.73	93
48.37	1
36.46	82
40.91	1
36.21	154
35.58	87
35.03	109
34.5	66
34.93	76
32.78	62
33.32	91
34.25	156
33.83	51
32.65	88
34.45	167
34.76	93
33.21	89
34.12	57
32.34	61
35.19	79
35.62	74
33.36	74
34.51	100
33	61
33.29	151
33.92	83
35.08	81
36.76	90
34.46	83
35.37	74
34.3	88
35.37	144
33.37	63
37.13	79
38.21	65
34.56	92
35.43	72
36.35	64
36.13	72
35.91	85
37.77	75
37.56	81
37.39	90
62.02	20
33.28	93
36.63	61
41.75	8
45.5	2
37.09	65
46.23	2
35.5	82
35.69	91
61.45	10
33.45	74
43.65	0
35.4	73
36.69	138
45.72	2
35.59	139
37.11	96
33.34	9
44	7
36.05	57
38.16	40
34.79	21
35.58	88
32.56	89
36.98	64
34.4	42
32.37	13
34.26	61
32.58	7
30.75	22
32	79
42.7	0
36.95	34
33.36	61
37.17	63
32.51	84
34.62	23
36.31	46
34.28	42
35.14	138
36.25	160
31.86	89
33.39	46
38.08	11
35.1	56
36.75	71
35.12	158
32.17	15
35.14	89
32.86	63
36.82	58
34.21	168
34.53	88
33.61	69
34.71	83
32.66	84
33.73	71
34.57	116
33.53	63
34.51	42
34.29	24
33.5	33
40.46	4
34.8	91
38.2	52
36.77	125
37.18	65
36.31	139
36.22	93
37.42	139
48.98	0
35.86	72
36.45	31
33.12	62
36.41	105
42.28	0
35.1	102
34.43	93
32.72	75
33.77	84
34.02	3
33.78	43
34.19	74
32.95	162
32.63	66
31.87	156
36.92	48
34.42	122
32.96	21
33.62	46
31.81	90
36.18	119
34.74	65
35.61	62
35.7	131
36.3	67
35	56
33.36	88
34.94	62
35	146
37.3	92
33.72	84
37.32	3
36.32	140
35.68	81
35.6	64
37.63	85
35.4	71
35.4	132
36.47	60
36.71	133
37.3	33
34.9	121
36.06	69
34.8	80
34.96	154
35.33	72
33.68	72
34.16	43
34.7	39
32.99	87
31.61	76
45.06	13
42.82	1
65.83	2
65.16	6
45.7	2
43.23	8
40.5	1
50.66	2
40.8	4
35.99	84
33.89	143
34.98	100
35.43	90
34.57	60
34.51	85
34.54	138
33.4	100
33.58	130
34.2	138
34.52	40
36.3	65
34.56	33
41.42	7
35.6	147
35.93	108
35.9	86
36.57	9
39.73	10
34.41	88
36.3	129
35.61	69
35.58	48
33.42	89
32.82	82
35.3	57
35.14	71
35	87
34.94	149
33.85	71
33.59	30
32.78	60
45.9	1
35.81	64
33.44	63
41.6	3
33.53	69
35.62	55
35.87	139
34.69	157
33.61	89
36.37	61
35.12	82
32.5	14
38.07	74
35.24	78
34.22	87
34.12	92
35.03	154
33.92	92
37.14	77
46.73	3
34.23	79
35.76	90
35.48	34
35.9	81
35.68	92
36.51	24
36.46	68
37.56	17
36.06	41
35.52	2
36.06	34
36.11	81
44.31	6
36.8	61
35.96	46
37.02	82
35.42	93
63.86	4
35.2	48
37.93	58
36.95	90
42.61	1
36.49	64
36.86	82
37.23	70
33.67	16
37.97	90
37.28	89
35.32	83
37.33	81
36.09	61
36.09	161
36.97	73
35.38	82
36.9	92
37.27	67
36.72	39
34.59	153
36.33	112
33.26	73
34.48	41
32.43	90
33.3	84
33.25	65
33.53	91
33.56	26
35.27	81
34.28	89
32.06	90
33.03	43
38.9	14
32.6	72
33.87	33
44.34	3
35.07	149
35.84	16
33.48	74
33.85	130
35.57	58
30.58	90
32.05	153
31.24	162
32.88	80
32.19	23
31.62	29
32.26	45
33.37	99
34.55	88
31.56	61
35.1	149
35.74	100
36.34	116
37.08	73
36.5	53
36.68	109
34.25	74
34.99	65
33.16	80
37.22	111
36.28	68
34.81	73
34.3	68
36.78	108
37.69	41
36.72	25
37	52
35.54	128
36.45	100
37.3	30
34.43	112
34.36	127
33.46	82
32.5	48
33.76	164
33.84	49
32.49	67
34.79	125
32.26	66
33.1	162
33.69	86
34.82	72
34.43	64
33.27	155
33.55	129
33.23	65
33.12	45
35.62	129
35.16	32
33.45	150
32.16	61
33.05	84
33.59	74
32.89	84
34.26	100
34.2	6
33.01	91
35.08	74
32.22	73
31.62	90
34.24	81
35.42	139
36.56	73
32.61	84
36.75	87
36.13	72
37.5	61
36.12	87
34.38	16
37.26	81
33.56	106
33.58	85
35.75	61
34.53	38
35.24	159
36.04	51
32.99	59
32.5	67
33.65	82
35.42	77
44.01	6
38.59	3
33.28	18
35.2	94
36.22	17
35.07	100
37.05	99
39.61	9
34.31	82
36.73	86
33.75	18
38.16	58
35.62	79
36.21	45
36.27	12
34.96	59
36.26	124
33.09	12
35.66	93
35.46	75
37.12	60
34.57	16
36.56	87
31.78	63
34.55	69
35.65	156
35.07	41
34.03	56
37	87
31.71	89
34.46	118
33.91	111
30.75	31
32.42	50
32.43	51
35.39	142
32.83	88
33	17
34.2	57
34.22	90
34.9	91
34.43	54
34.09	19
34.98	50
35.85	119
33.12	73
35.73	66
34.4	39
34.44	51
34.24	108
35.05	21
38.1	91
35.22	106
38.73	8
35.41	167
34.5	35
34.9	58
37.47	11
40.26	9
35.68	101
40.29	2
41.66	11
35.99	19
35.92	38
37.02	134
41.75	8
43.46	1
40.6	1
37.08	50
34.4	139
35.89	90
36.71	85
33.21	82
35.49	61
36.43	45
34.56	15
37.91	12
34.18	80
34.92	65
35.18	5
36.04	93
37.38	81
34.81	81
35.53	111
35.01	128
33.94	49
34.42	166
38.6	70
35.88	64
35.85	81
35.16	112
36.26	69
34.53	85
45.75	1
43.83	3
37.43	42
34.67	67
42.15	6
34.74	85
37.3	81
42.64	1
37.5	84
45.03	2
44.45	2
46.04	2
40.56	3
45.11	0
41.19	12
39.13	3
40.97	1
35.23	70
36.93	51
35.67	83
36.99	55
36.31	76
36.13	34
38.48	23
36.1	89
44.86	3
43.49	3
40.58	6
35.14	87
47.48	3
33.61	64
36.36	68
32.88	92
36.09	23
31.86	39
35.39	136
46.99	3
34.77	162
34.2	41
34.57	92
35.66	72
36.9	57
36.96	81
34.7	49
34.51	168
35.46	97
34.34	56
37.97	33
36.51	116
36.55	86
36.54	34
37.14	61
35.79	165
35.36	24
35.75	101
36.47	131
36.86	68
35.6	43
36.77	77
34.37	75
34.39	118
33.42	163
36.29	97
35.31	98
35.28	28
35.21	34
33.58	77
36.31	59
36	32
34.18	13
33.62	149
35.51	64
37.37	36
35.8	158
38.8	15
32.56	78
33.72	145
35.51	64
35.66	128
34.18	142
35.31	47
36.25	44
36.4	25
47.95	1
33.86	78
34.54	91
35.21	71
32.95	85
32.31	54
35.23	83
35.38	166
33.87	76
35.64	60
34.03	92
33.11	70
36.42	97
32.72	24
35.45	45
37.2	45
43.9	3
44.72	3
35.32	21
41.17	28
37.97	78
36.3	69
57.9	36
44.35	7
35.93	71
34.41	53
45.19	4
37.23	48
33.99	58
48.59	2
32.07	91
36.06	98
46.88	5
35.52	86
35.13	68
33.48	83
37.44	81
35.01	21
35.64	44
36.38	86
34.57	90
33.64	147
36.81	57
34.65	57
33.8	1
36.24	63
33.76	67
34.67	69
33.67	86
32.06	78
37.75	104
35.87	136
35.57	127
34.67	80
34.16	77
34.74	54
33.15	83
34.58	57
35.14	63
38.41	51
32.95	74
36.31	19
48.38	2
41.72	5
35.74	92
34.56	27
34.12	64
33.13	13
34.06	85
36.46	68
33.18	54
33.88	90
36.53	105
33.21	15
46.47	7
34.7	17
37.01	84
36.37	27
50.7	4
34.66	151
34.48	78
33.59	24
35.58	39
37.01	81
34.67	22
35.99	57
35.72	87
33.98	109
34.53	19
34.16	93
36.46	41
35.05	118
32.24	92
36.55	75
32.91	63
33.52	34
35.23	32
35.99	48
34.67	87
36.83	58
34.1	92
34.45	54
38.72	29
35.05	42
32.59	75
33.28	167
33.05	90
35.57	42
34.2	159
31.45	62
36.24	99
34.76	87
34.94	93
32.31	77
35.03	124
34.4	121
34.31	51
35.84	19
35.8	63
34.57	77
37.35	60
35.32	43
34.21	123
33.7	26
35.8	84
36.14	125
33.65	74
33.75	93
35.05	75
34.32	147
43.61	3
35.03	122
33.81	6
37.02	38
32.69	81
33.63	84
34.62	85
31.79	71
35.34	86
34.04	92
34.2	58
33.82	70
34.09	54
33.33	158
33.44	158
35.62	86
35.02	153
34.6	66
37.33	75
34	93
38.01	36
35.59	70
35.6	125
35.97	65
33.27	87
33.54	130
35.77	40
36.55	143
34.67	163
37.03	102
36.88	120
36.56	37
35.66	3
36.23	53
32.67	82
33.21	22
39.29	15
33.96	8
32.78	151
34.73	70
32.39	54
34.77	57
32.48	147
34.29	83
34.15	127
32.79	74
32.36	40
35.29	22
33.97	136
34.45	93
34.04	75
32.76	92
35.12	161
32.79	74
33.58	84
34.41	134
35.87	85
33.73	39
35.76	161
49.75	1
36.3	113
35.2	65
34.23	154
35.61	85
34.32	76
32.48	112
33.23	63
34.65	95
31.22	6
35.41	14
32.49	87
35.98	108
32.39	46
34.18	85
35	62
36.29	87
33.52	91
36.58	4
34.1	92
36	68
37.81	50
32.52	90
33.12	80
35.09	0
34.68	93
36.49	59
33.49	21
34.44	86
34.78	75
34.94	147
37.52	54
35.26	50
35.76	83
44.71	5
36.28	38
37.93	82
36.03	112
35.37	91
33.89	89
34.4	138
37.3	33
42.77	2
36.71	8
34.57	50
36.61	47
34.12	82
33.01	40
34.87	61
36.33	72
35.95	155
35.35	17
33.45	61
37.42	104
35.32	46
32.33	92
39.51	1
34.07	89
35.87	85
36.85	101
37.37	7
35.1	86
34.72	77
34.29	67
33.82	148
35.99	74
35.38	85
34.9	89
35.26	50
34.71	66
34	89
36.43	75
34.7	64
33.97	145
35.09	74
34.35	79
35.65	81
33.77	81
33.57	61
34.55	62
36.06	24
35.5	45
37.34	17
35.06	152
36.01	41
36.48	107
34.93	160
34.33	57
35.66	88
35.55	84
33.44	8
34.88	93
36.43	131
33.33	78
36.7	68
35.45	37
34.77	93
35.51	59
35.02	52
32.52	89
37.72	77
35.84	20
34.33	39
38.23	91
32.06	89
36.71	10
34.77	77
36.06	92
35.17	69
36.44	72
36.16	59
35.69	62
37.7	57
35.99	165
34.6	161
35.67	85
33.2	81
36.56	55
32.89	48
33.52	76
35.62	29
35.48	78
35.77	92
34.73	128
35.46	81
36.25	71
33.22	29
33.66	67
35.88	74
36.13	33
35.07	69
32.33	93
34.65	68
34.6	135
33.06	49
35.62	133
35.22	89
36.83	48
46.6	6
32.63	38
36.7	84
34.87	83
34.91	60
35.19	101
33.51	33
42	12
34	137
63.16	4
35.23	60
36.12	75
36.33	110
33.54	92
35.7	76
37.17	118
35.81	76
33.84	3
33.68	53
34.97	71
33.78	134
36.37	50
33.39	87
33.9	123
31.75	2
36.01	50
33.15	92
33.05	2
36.6	34
36	4
36.45	13
34.88	97
36.51	63
32.95	133
34.12	82
32.54	85
32.37	20
35.53	72
36.49	13
35.83	66
34.82	79
45.54	1
33.43	84
33.49	81
34.34	89
38.75	12
35.45	88
34.16	69
34.24	91
32.93	67
35.91	89
35.25	102
36.99	95
34.77	85
34.04	75
36.49	86
35.64	54
32.31	77
33.86	92
35.46	77
33.9	93
34.65	65
34.79	38
33.55	150
33.63	113
35.93	70
31.05	5
32.06	46
33.53	26
34.67	76
33.69	79
34.86	50
33.15	55
34.27	79
33.41	61
32.93	61
34.78	48
34.57	42
35.81	65
36.04	103
35.46	62
44.74	3
35.49	137
37	89
36.42	51
36.32	40
36.6	143
37.55	72
35.94	92
35.35	20
36.27	80
38.1	75
34.52	89
32.76	76
38.53	64
35.38	88
35.4	80
35.88	142
32.97	73
37.14	23
35.56	62
37.75	68
34.17	15
35	89
35.04	30
34.41	80
37.07	71
36.65	59
34.07	146
36.19	110
33.19	116
35.76	125
33.35	19
33.56	88
35.35	37
37.33	74
38.47	107
32.76	71
35.44	73
32.12	61
32.83	76
35.77	65
34.54	111
34	38
35.31	159
37.37	10
36.55	83
34.95	19
35.25	85
33.78	166
34.45	86
34.16	41
34.1	83
33.24	45
32.47	125
34.29	124
32.92	160
35.29	29
35.28	64
33.78	72
34.6	39
37.4	48
36.57	93
37.29	84
36.41	106
46.51	6
47.59	1
32.71	90
33.63	71
31.99	14
33.83	41
35.46	87
32.36	16
34.83	58
33.2	73
32	7
33.25	154
33.39	8
33.49	113
34.81	49
32.53	160
34.62	46
35.11	72
35.26	100
34.19	69
34.72	97
33.28	51
33.3	78
33.62	27
30.76	20
33.39	154
32.3	35
34.48	89
33.3	66
33.3	77
31.66	71
32.93	86
33.95	32
34.88	93
35.87	72
35.06	78
34.03	87
33.26	7
35.59	64
35.22	61
32.95	79
36.19	82
36.12	126
35.14	24
36.23	159
37.69	31
36.65	74
33.49	161
36.59	81
35.81	125
37.14	90
35.96	153
36.11	137
34.47	61
34.52	55
35.95	92
37	69
35.14	140
37.74	105
34.42	77
34.29	80
50.13	4
35.51	49
36.69	124
33.97	52
35.56	127
34.37	91
35	116
36.65	19
36.07	78
36.36	33
35.39	85
34.74	141
34.27	153
33.45	66
37.39	46
33.23	86
33.94	81
33.76	84
34.68	106
36.23	71
31.9	85
34.75	24
43.11	19
38.48	16
35.49	134
34.27	82
37.29	72
32.3	64
34.72	92
33.16	79
33.59	26
36.3	88
35.49	130
36.98	56
37.47	66
37.4	62
35.76	111
36.8	144
36.97	142
37.39	80
36.87	62
33.16	70
35.17	57
35.74	52
31.2	41
33.32	87
32.73	40
32.4	68
35.97	34
32.3	89
34.95	86
37.35	7
40.95	7
44.1	5
33.22	72
36.14	88
35.2	47
33.64	82
33.12	14
35.98	122
36.14	122
33.66	32
31.56	90
34.32	87
33.05	66
31.15	79
33.67	18
32.85	143
32.93	61
35.05	90
32.73	84
40.87	6
36.4	82
35.12	51
33.89	40
32.8	63
36.21	51
36.03	83
37.57	36
32.84	28
36.63	26
47.21	4
45.22	6
35.51	88
35.96	93
34.58	68
35.69	87
33.13	67
36.49	41
34.47	81
36.49	72
34.29	83
35.13	86
33.42	91
33.72	80
35.46	21
35.83	84
32.42	48
32.51	139
33.04	66
35.63	136
34.69	54
35.02	88
35.77	51
33.46	49
33.77	132
36.27	47
35.34	87
36.06	76
34.04	117
39.76	35
33.4	90
33.76	91
34.65	84
36.57	70
35.6	121
34.26	64
34.17	75
33.71	92
35.06	85
33.7	42
34.31	90
36.42	51
36.18	19
35.46	110
35.43	166
32.69	63
43.52	6
33.76	71
35.36	84
36.85	111
36.34	66
35.09	71
35.31	138
36.41	89
36.29	46
35.24	30
35.42	75
36.9	8
35.78	64
44.14	6
34.53	62
35.77	89
34.97	91
36.9	109
36.36	153
36.34	56
43.12	4
37.63	36
35.11	88
36.96	85
33.3	158
36.51	86
36.29	79
37.05	49
36.8	145
36.65	19
36.13	114
36.38	80
34.6	80
35.34	145
42.67	4
49.58	2
48.46	1
44.59	7
46.37	4
43.11	6
63.94	5
45.98	2
44.39	4
43.41	1
35.57	14
35.29	39
36.35	137
36.58	53
36.86	87
35.07	67
35.64	93
41.72	7
35.01	168
35.3	88
37.81	43
39.98	14
37.68	57
33.58	70
36.71	84
35.62	84
36.68	35
35.26	80
34.3	79
36.7	74
34.57	89
35.8	55
41.21	2
43.23	10
34.23	67
37.76	3
34.55	63
33.95	23
35.75	151
36.01	73
35.7	112
36.55	62
36.67	74
33.34	63
36.84	72
37.05	62
42.99	3
42.21	2
39.17	70
36.08	97
35.43	94
34.61	86
35.59	137
35.14	60
35.51	62
36.8	68
36.29	24
36.37	60
32.48	92
34.17	9
35.16	32
34.63	51
35.58	19
37	61
32.93	91
36.8	90
36.43	115
34.49	122
34.71	78
34.93	92
33.61	91
33.44	79
33.98	84
37.1	72
35.69	132
36.05	1
36.25	32
36.12	87
37.5	15
37.48	85
33.3	91
35.56	90
41.25	6
35.54	153
33.46	78
41.29	19
35.6	78
35.67	80
33.17	141
36.02	64
34.37	151
35.91	57
32.6	63
36.21	46
40.09	6
36.53	90
35.82	28
36.42	124
38.43	75
36.51	62
42.24	8
34.16	89
35.56	103
35.65	93
36.52	156
46.56	8
36.99	92
37.97	33
37.74	80
33.46	63
32.96	93
36.97	37
36.95	148
33.45	86
37.49	118
44.89	20
35.92	55
37.15	66
35.3	69
36.39	42
35.84	145
35.85	153
34.28	21
36.84	123
36.1	68
34.63	76
35.06	87
30.82	46
34.9	29
34.75	55
34.93	79
35.1	69
34.8	90
37.8	46
37.28	35
34.39	78
34.43	120
37.46	95
36.13	62
35.89	57
36.45	63
36.4	71
34.84	70
33.72	79
35.02	110
35.85	115
34.1	63
36.14	0
37.22	75
36.35	69
35.2	88
34.02	93
32.8	91
35.14	24
44.25	5
37.35	109
33.55	16
34.9	5
36.7	64
36.97	61
49.38	2
34.9	46
35.17	94
34.98	88
32.25	89
32.9	83
33.07	59
36.3	30
35.9	84
32.67	93
44.73	1
36.84	89
35.34	73
35.03	69
35.22	73
38.15	14
35.41	67
36.91	91
38.6	48
37.74	68
41.2	1
33.91	90
44.86	4
42.24	14
37.75	83
34.39	59
48.43	6
48.25	1
42.01	3
42.51	1
33.3	80
34.82	88
34.09	82
36.96	48
33.14	57
37.35	87
33.14	57
37.54	77
35.24	73
32.81	75
57.96	4
36.35	82
52.47	3
46.87	1
36.4	80
44.65	2
42.55	3
46.89	4
34.21	90
45.72	2
32.85	75
34.28	30
34.72	34
35.92	122
34.86	75
35.63	88
34.49	6
35.53	13
36.99	43
34.63	87
34.83	91
35.63	95
34.91	62
34.89	44
33.07	91
34.13	87
35.52	90
36.97	71
37.65	69
32.94	85
33.01	83
34	85
34.97	114
36.39	103
32.94	16
33.8	91
32.55	88
35.71	77
34.04	74
34.57	86
33.49	47
36.62	67
31.53	66
33.8	79
36.05	69
33.38	158
35.07	56
32.21	84
33.35	122
34.41	99
33.84	92
33.17	84
37.43	74
33.97	82
35.44	45
35.77	136
33.98	90
35.61	93
33.44	92
33.18	21
37.94	64
34.74	50
33.59	69
35.89	157
37.18	71
35.35	77
35.88	9
35.52	85
35.06	50
34.45	69
32.01	73
40.9	2
34.6	89
34.39	103
42.8	15
36.88	1
38.34	13
37.86	4
42.81	4
35.68	83
36.53	83
33.8	150
32.8	91
35.15	69
44.79	2
35.4	89
35.64	101
45.8	3
35.08	108
35.03	69
34.79	47
34.77	152
34.2	83
36.88	90
36.99	90
35.97	156
40.44	1
36.59	86
35.08	80
36.61	76
32.76	67
34.13	85
36.08	103
34.86	75
34.31	159
35.71	159
35.02	141
34.07	40
36.4	76
34.4	92
34.3	90
35.78	6
34.12	35
35.32	92
34.86	50
34.2	79
33.62	39
34.84	39
35.94	40
33.57	89
35.72	79
33.82	9
35.7	18
34.85	168
31.09	9
35.1	62
36.26	53
34.34	168
35.11	168
34.83	89
33.8	88
34.23	83
37.24	58
37.21	57
34.06	160
34.08	147
35.45	77
33.31	131
33.07	93
33.53	40
42.21	35
40.52	20
35.67	83
36.66	71
35.9	155
42.75	5
39.96	20
37.32	72
40.65	6
37.27	87
37.21	131
32.86	74
35.38	33
35.85	83
33.82	130
34.64	59
34.1	57
33.02	76
36.86	73
32.87	86
34.52	124
31.34	31
34.32	76
33	160
33.64	61
33.22	69
33.26	85
35	48
34.64	145
35.22	72
36.07	33
35.57	5
36.09	77
38.18	13
34.76	1
37.38	63
35.3	55
37.61	12
33.8	76
35.77	87
35.3	35
36.07	85
47.89	11
34.72	116
33.96	15
37.61	63
36.06	59
32.8	92
36.39	20
35.42	85
37.38	15
44.53	17
43.09	7
35.78	42
43.47	8
38.5	0
41.7	1
49.3	2
44.04	6
37.52	89
36	85
38.21	4
35.1	126
42.85	15
34.97	50
34.86	160
36.06	156
34.88	92
34.38	93
34.8	123
36.29	79
33.14	86
34.82	67
36.34	110
34.66	78
31.91	8
33.86	65
34.76	94
35.43	127
35.8	70
46.12	0
36.63	53
36.24	82
36.67	93
49.89	5
42.06	5
40.31	0
36.43	1
44.49	7
41.26	4
34.89	81
30.65	9
36.23	92
34.02	53
33.62	164
34.27	2
34.35	58
35.34	43
35.48	77
33.65	88
33.05	33
34.08	48
36.23	58
34.96	63
32.5	18
34.37	40
34.53	78
33.36	93
36.96	28
36.26	28
35.51	66
33.45	35
36.12	133
36.21	100
32.28	79
34.29	24
35.38	77
34	93
37.43	50
33.53	23
37.38	91
35.79	66
48.3	4
35.86	64
35.44	118
35.83	86
35.65	157
34.66	93
36.67	72
33.49	92
35.69	90
35.95	59
35.8	90
33.96	42
33.64	90
31.79	79
34.08	46
34.94	80
34.7	58
32.71	88
35.44	155
34.93	114
35	111
35.38	101
35.54	81
35.96	75
33.67	158
33.8	88
35.27	59
33.77	68
35.03	115
34.23	88
35.68	66
38.5	76
31.82	80
37.7	2
36.31	129
36.85	99
34.94	64
34.68	76
38.91	1
36.78	42
35.68	39
35.52	150
35.04	40
34.52	74
32.66	51
37.18	93
35.77	65
33.52	65
34.32	75
35.82	55
34.72	82
34.09	147
32.18	9
35.21	107
31.36	90
34.22	148
33.5	44
34.07	25
35.6	145
35.33	146
36.64	69
35.82	29
33.64	73
34.37	26
34.54	142
39.08	85
34.68	93
35.04	154
35.32	93
40.09	6
34.39	158
34.71	79
37.19	93
59.7	12
35.46	65
35.78	89
44.12	3
36.62	74
35.33	147
33.85	84
35.7	57
35.8	86
36.11	57
35.67	119
32.9	85
34.66	71
33.12	92
34.88	63
36.3	65
34.45	64
36	67
32.78	84
34.87	90
35.83	34
32.78	84
33.55	110
33.19	154
33.89	76
33.67	93
31.23	88
37.15	91
39.24	8
34.76	59
34.21	61
36.31	118
34.19	118
41.7	9
47.52	3
35.68	63
40.98	3
34.27	53
34.62	83
32.75	35
33.27	40
34.4	64
34.82	69
41.71	5
33.86	53
42.79	24
47.83	0
35.29	54
35.34	43
35.3	83
35.37	86
34.35	56
34.61	24
34.04	89
33.98	146
33.65	18
34.42	59
35.95	67
35.85	76
34.59	5
35.75	134
35.32	85
35.2	88
33.65	160
35.31	91
38.43	85
36.97	102
36.27	73
38.09	85
35.82	48
35.74	92
34.57	82
34.36	81
35.5	61
36.96	63
43.3	7
42.98	3
36.46	60
43.72	3
46.68	2
34.88	68
33.65	160
50.49	4
33.24	79
36.37	131
34.1	60
33.41	160
33.28	52
36.16	138
36.67	49
33.25	25
32.94	1
35.72	81
33.9	52
36.48	105
32.3	46
32.56	64
36.55	109
35.63	17
36.55	46
35	79
36.19	56
34.01	81
34.74	48
35.33	68
32.78	63
37.09	129
35.86	136
36.45	16
33.6	85
36.2	81
34.86	143
35.62	37
35.49	82
35.29	75
34.4	67
35.59	120
33.88	75
31.69	86
34.56	87
33.68	59
35.52	133
32.85	48
31.89	83
34.47	65
31.81	160
34.98	71
34.14	16
35.53	91
33.97	36
35.47	92
34.07	39
33.79	75
32.54	82
33.79	93
35.44	129
45.72	1
35.88	112
37.07	168
35.59	104
38.1	88
35	84
38.12	85
37.52	89
34.93	44
35.72	165
35.37	78
36.39	69
33.92	164
36.41	73
35.36	111
35.87	134
33.6	88
35.54	165
33.82	84
36.2	38
36.5	63
32.71	74
36.85	116
48.28	1
35.53	38
37.27	91
35.12	79
35.88	67
36.88	89
34	88
32.71	69
35.2	49
34.01	61
34.24	67
42.43	8
35.12	114
34.4	97
34.5	153
33.85	40
34.55	71
33.07	104
32.36	86
34.72	40
33.48	101
34.47	99
33.78	42
33.82	128
34.96	104
34.28	88
35.2	49
32.49	91
35.19	58
35.88	121
32.83	79
34.92	141
34.41	164
34.66	53
36.38	21
33.17	13
34.1	67
38.28	25
35.93	53
34.73	22
37.89	68
34.4	6
35.61	66
36	28
35.97	78
32.7	72
32.1	40
37.04	45
34.81	61
32.9	38
36.23	92
36.96	58
33.06	75
33.03	6
33.35	39
34.46	134
31.62	80
32.51	68
34.25	85
34.24	56
32.72	15
34.83	133
36.68	74
34.54	124
32.59	68
35.63	99
35.01	62
35.96	153
34.61	89
32.76	83
32.82	71
33.62	65
33	78
32.5	71
36.86	40
35.62	94
34.44	80
33.97	63
33.77	21
35.69	84
35.7	64
32.85	135
34.66	135
35.47	153
34.83	85
34.93	92
37.1	93
35.35	54
33.43	91
34.74	74
37.14	132
37.21	123
35.62	100
36.37	78
36.32	81
38.51	60
33.22	18
35.8	36
35.2	90
34.36	163
36.06	101
33.85	79
34.29	87
34.76	37
32.62	58
35.44	148
32.51	29
32.49	92
32.23	80
35.06	80
33.43	89
34.82	73
35.05	96
34.11	3
36.57	89
39.32	20
33.04	89
39.98	12
34.91	163
37.82	61
50.73	2
36.85	75
100	0
37.58	39
46.82	2
35.85	61
35.11	96
34.51	56
33.88	83
34.81	152
33.21	56
36.33	1
35.72	59
35.78	73
35.81	91
37.24	47
36.15	3
37.66	69
37.28	36
34.82	88
36.27	115
32.46	70
34.25	93
34.01	51
33.07	67
33.16	87
36.65	116
35.2	122
35.4	84
34.68	159
36.01	65
36.04	90
36.69	87
35.79	128
33.28	92
34.55	43
34.35	32
34.4	113
33.98	104
34.12	71
36.54	49
33.34	93
32.61	37
34.08	89
34.06	17
36.7	14
35.58	98
32.88	54
33.2	15
34.82	91
34.92	69
34.58	90
34.08	161
37.61	104
31.26	28
32.61	85
34.31	54
33.55	79
33.89	121
34.58	66
35.72	75
35.01	37
36.69	50
34.24	159
32.77	67
34.32	85
35.32	116
34.36	137
36.42	163
35.91	47
33.57	88
33.97	69
35.71	101
33.3	69
34.31	98
36.42	163
32.78	64
36.22	109
35.3	130
35.97	89
34.8	45
36.26	51
34.02	86
30.17	93
36.27	109
35.46	51
32.22	86
32.02	85
33.3	92
34.23	92
33.92	133
34.5	66
35.54	69
35.4	74
35.73	69
35.47	61
35.41	42
33.1	93
34.24	79
36.14	22
40.5	4
45.96	2
36.24	125
35.8	139
42.97	6
40.62	12
33.8	72
35.98	81
31.8	93
36	56
37.94	34
35.28	153
34.56	82
32.14	68
33.23	155
35.2	79
34.59	76
33.41	80
34.65	70
34.74	149
36.7	57
34.65	92
34.34	19
34.63	36
31.43	5
35.91	27
36.05	102
33.9	61
36.3	70
35.6	138
33.65	11
31.93	88
36.63	118
33.88	14
37.06	90
34.08	126
35.93	49
34.03	74
49.98	2
36.11	73
35.12	15
34.99	109
34.64	166
35.82	136
35.57	136
32.95	61
35.79	51
34.54	120
35.4	17
41.11	2
35.79	33
35.83	91
35.88	63
33.98	33
34.01	12
36.33	107
33.74	33
32.37	75
34.5	151
33.03	67
36.69	50
33.06	21
35.6	75
32.8	88
35.43	37
36.15	54
36.49	73
37.11	119
35.54	43
35.42	149
33.97	139
36.23	81
33.9	69
32.77	25
34.82	69
37.36	83
32.94	71
32.79	79
33.83	91
33.37	80
34.23	30
34.34	73
32.29	68
32.23	84
36.59	18
34.22	70
36.76	54
33.65	33
32.37	75
35.05	37
33.28	67
32.07	86
36.69	50
33.43	80
35.6	75
32.8	88
36.77	60
36.75	64
31.71	90
35.02	115
35.54	148
33.6	83
37.45	37
36.14	36
36.71	63
35.04	91
36.08	96
34.28	61
36.07	111
32.96	63
37.75	92
34.35	94
34.08	64
35.61	37
36.21	15
35.3	57
37.05	102
36.37	77
36.31	72
35.97	67
34.91	66
35.54	120
35.8	145
35.65	38
32.97	54
34.32	45
35.57	35
33.6	79
35.31	133
44.68	3
38.86	5
36.95	81
34.91	30
34.52	72
35.62	87
35.91	81
33.28	93
33.87	88
33.29	161
36.28	62
35.61	73
33.6	84
32.92	90
31.99	87
34.91	56
34.33	67
34.34	87
37.44	77
35.11	87
33.55	93
36.12	127
35.27	33
37.04	100
36.83	57
35.21	89
35.42	83
34.06	65
42.33	1
43	0
40.17	3
39.8	22
36.89	64
41.78	4
39.34	8
34.73	89
36.54	90
35.96	87
34.59	61
34.32	86
34.15	52
35.42	56
36.03	88
35.67	22
35.33	88
34.7	17
35.17	87
33.56	45
33.62	77
33.55	29
36.5	41
32.86	17
35.96	87
33.78	93
32.69	66
35.19	97
35.47	59
37.03	88
34.5	76
35.35	164
34.22	70
37.85	80
34.49	89
37.43	140
35.8	80
36.95	82
38.73	5
36.47	66
42.12	2
35.13	89
35.45	41
43.14	2
36.47	75
32.7	93
34.95	90
35.62	85
34.77	167
43.17	3
38.6	13
44.65	2
33.91	77
37.86	70
36.15	74
33.72	70
41.18	7
34.47	60
34.93	136
36.32	63
36.37	64
36.15	83
42.35	3
37.3	42
76.63	1
37.41	25
34.57	92
33.85	73
34.9	76
44.88	2
36.51	68
37.08	55
37.51	17
45.8	7
35.5	100
44.66	3
36.29	78
35.66	133
33.15	78
33.7	13
33.49	50
36.73	36
34.11	25
33.66	82
34.4	76
36.14	77
37.55	81
37.66	115
34.16	57
34.48	8
37.5	16
34.86	73
34.78	84
36.24	117
35.51	73
32.84	91
34.49	80
35.05	78
35.96	75
36.09	52
35.05	36
34.46	82
34.03	83
35.66	59
34.01	26
35.44	159
35.84	68
35.6	70
34.29	58
34.36	161
35.49	89
36.41	45
35.56	96
38.62	80
34.99	70
34.66	7
35.29	96
36.1	91
36.89	121
32.64	2
48.61	2
35.27	125
34.74	82
34.64	51
34.91	151
35.15	54
36.49	74
34.38	76
34.4	31
37.13	102
34.24	61
34.73	65
36.29	54
35.36	45
35.08	91
36.27	68
34.03	85
38.51	46
38.35	60
35.3	66
34.77	46
35.44	40
33.27	90
35.25	69
34.94	86
34.7	90
33.3	73
34.05	60
32.75	85
36.83	142
34.88	78
35.81	65
38.94	2
34.36	76
36.62	71
34.36	96
35.41	85
36.15	129
37.11	76
34.84	90
50.44	2
31.88	86
34.11	56
35.73	119
35.23	83
33.66	69
33.94	85
35.98	68
35.51	66
34.07	39
34.07	88
34.58	79
35.2	74
34	146
35.41	96
33.72	90
32.02	4
36.5	70
32.85	79
34.28	85
36.26	57
36.52	106
36.7	146
36.08	139
36.87	142
34.69	9
35.38	76
35.18	91
35.8	136
33.47	106
34.81	33
34.6	61
34.26	76
31.79	91
35.86	88
34.6	72
34	81
33.8	48
35.65	88
36.69	85
33.53	70
34.96	88
32.62	84
34.21	86
33.97	72
34.88	98
34.22	151
35.6	92
32.6	28
33.2	80
34.15	94
41.14	12
33.87	85
33.18	64
34.75	30
35.7	128
37.07	17
32.66	87
33.79	93
33.1	93
34.26	127
34.64	82
35.41	57
33.83	76
33.84	76
35.7	34
31.77	93
33.63	79
35.69	108
34.12	67
35.59	70
33.05	23
36.19	114
34.82	63
32.73	86
35.03	148
33.5	93
35.66	50
41.24	2
62.74	5
37.91	52
35.32	81
45.15	8
36.3	69
33.78	80
35.75	90
43.92	0
37.88	71
33.95	50
38.16	62
36.91	73
34.23	88
34.28	56
33.3	89
34.18	92
36.03	38
35.46	79
35.16	121
35.76	89
32.21	22
31.92	62
34.07	70
31.76	77
34.87	89
35.9	83
31.83	61
35.54	93
33.08	166
35.92	99
33.84	95
32.68	72
36.13	99
33.81	136
33.4	90
33.42	166
35.67	93
31.83	77
31.95	77
36.26	74
32.07	15
33.52	66
36.01	84
35.13	90
36.43	107
36.05	61
33.6	84
34.35	80
33.61	89
35.32	68
33.49	66
36.61	92
35.32	72
36.42	6
34.7	2
34.59	21
35.57	93
33.25	19
34.42	37
34.97	136
36.74	36
35.12	53
32.84	61
36.56	133
32	86
34.02	17
34.14	76
36.98	35
34.33	135
37.21	51
35.28	96
33.63	126
34.13	91
34.52	88
36.07	79
33.61	88
34.5	151
34.32	81
33.8	62
34.68	58
33.68	78
35.34	72
36	77
34.77	63
32.3	69
33.79	24
33.45	93
35.48	75
35.56	67
32.56	22
35.38	87
32	48
33.78	67
34.22	63
33.63	43
31.65	93
34.33	141
36.85	40
36.17	111
34.68	117
34.5	16
33.97	79
36.4	54
33.66	83
35.34	108
35.57	49
36.03	53
34.01	107
36.7	78
34.61	63
33.48	168
35.16	77
35.67	65
34.07	43
36.06	56
34.41	102
35.33	57
34.23	8
32.48	78
35.39	87
35.02	137
34.01	85
36.53	86
35.15	75
38.07	81
35.2	93
33.26	79
35.68	118
33.22	90
35.95	63
35.24	68
36.85	79
33.76	25
34.07	56
36.36	94
37.4	79
37.08	79
34.23	31
35.36	85
38.61	88
34.47	89
35.66	162
34.29	51
32.04	88
34.31	80
33.65	116
33.83	49
33.01	89
35.3	69
35.88	78
34.92	74
33.57	54
34.49	66
33.24	88
34.74	78
31.98	71
33.16	123
32.76	38
34.01	88
36.47	87
39.51	51
38	54
35.74	72
34.86	105
32.53	76
36.96	59
32.84	78
36.21	140
34.7	75
34.36	83
36.16	54
35.69	37
34.35	85
35.42	96
32.8	67
35.66	159
35.58	121
33.43	80
33.24	63
35.56	75
37.84	53
33.88	86
33.21	60
36.54	78
30.64	90
36.06	44
36.1	81
32.77	68
35.88	57
33.81	46
37.97	65
34.95	90
34.05	136
63.05	6
40.78	9
35.81	71
34.84	65
34.38	135
43.51	26
33.25	14
34.91	111
36.77	71
35.81	138
36.07	61
35.1	71
35.56	56
36.42	127
34.2	66
36.58	126
34.42	144
37.47	81
34.35	80
36.38	50
35.42	77
34.63	158
34.01	63
35.74	51
45.72	2
36.88	121
37.75	38
35.42	38
32.56	91
35.46	41
33.72	64
33.6	93
34.83	72
36.13	107
33.79	90
32.34	80
32.35	93
35.7	89
32.74	20
34.79	71
35.44	158
34.33	135
35.81	88
32.35	75
36.05	77
34.16	122
31.9	93
36.5	65
34.85	14
36.28	49
34.2	73
35.75	47
34.98	87
36.64	89
35.24	52
36.15	136
33.23	88
34.38	115
35.46	119
32.43	88
37.17	11
38.5	6
31.9	51
38.04	18
40.79	7
35.8	2
34.38	66
36.93	58
34.91	69
32.89	136
32.1	67
34.81	21
33.44	79
33.48	60
35.14	86
33.05	64
34.83	60
36.48	119
33.12	1
45.17	6
46.9	3
34.39	54
41.78	41
33	63
36.63	86
37.28	99
51.94	6
36.59	97
33.11	67
37.95	61
36.68	88
34.89	81
47.44	1
32.44	86
32.26	61
37.75	89
35.54	101
36.58	88
33.9	90
34.87	101
36.15	128
34.97	44
34.87	83
33.83	85
34.36	119
36.04	30
34.63	63
35.9	100
33.98	167
35.32	121
34.16	82
34.98	120
32.78	92
34.57	63
38.26	12
35.31	59
35.34	34
34.79	82
33.55	90
34.94	80
35.92	129
36.74	72
33.54	67
35.19	46
36	90
31.85	77
32.27	30
34.1	76
36.09	99
34.05	39
35.12	33
33.03	93
36.47	64
36.54	68
35.78	56
35.98	85
33.23	3
32.64	63
35.6	64
35.85	49
34.43	36
34.54	30
36.14	81
34.88	54
36.6	61
33.7	34
35.91	62
32.46	75
36.23	71
33.48	45
33.03	40
33.86	118
34.22	105
33.09	165
34.01	53
34.41	76
33.04	12
36.83	56
36.78	70
36.51	119
36.51	112
44.74	3
33.99	67
35.12	89
37.82	11
38.25	59
35.97	86
32.33	80
35.62	94
35.35	56
34.25	76
32.06	88
34.09	81
32.76	71
35.68	54
33.22	112
36.72	68
35.05	143
35.63	154
35.46	54
35.44	139
34.71	48
39.08	9
37.21	60
35.16	42
39.94	1
35.8	168
36.13	59
35.24	111
35.94	61
36.4	68
34.42	63
35.23	89
35.08	38
36.9	81
36.32	81
45.84	16
34	53
34.93	118
36.34	62
34.69	50
33.47	54
32.78	13
34.09	86
33.13	14
37.27	45
32.33	84
34.99	100
37	59
36.07	157
35.7	77
34.59	81
34.86	57
33.17	66
33.42	89
34.36	46
36.03	109
34.3	107
34.8	4
33.55	58
37.61	97
37.39	35
35.51	84
35.51	68
34.33	75
37.54	114
38.15	75
35.86	115
33.23	77
34.7	88
34.03	75
34.27	41
36.8	87
33.5	71
34.35	98
34.24	80
34.03	75
31.05	7
36.26	51
34.88	85
32.63	2
38.25	38
33.38	63
35.47	87
34.91	42
34.64	140
34.46	68
36.07	163
35.71	79
36.74	69
34.75	35
34.93	88
34.34	109
37.05	84
35.92	110
36.76	39
33.48	46
35.55	62
33.86	55
34.18	79
35.49	13
34.47	16
32.13	36
33.63	151
34.73	81
34.85	74
36.14	86
34.55	30
34.93	37
37.49	59
33.67	79
32.91	70
37.24	68
36.84	69
36.77	84
36.49	90
35.92	110
33.28	57
36.61	45
33.52	9
36.93	5
35.34	71
31.85	82
35.9	87
35.83	106
36.2	60
36.18	74
34.57	73
35.53	86
32.69	76
34.25	78
34.07	81
33.07	58
33.7	77
34.33	44
36.13	66
43.4	38
32.77	89
39.08	17
35.05	29
34.3	8
35.25	53
33.67	93
36.25	83
37.18	72
33.32	83
36.66	67
39.27	6
35.01	46
35.02	165
37.27	83
35.71	63
36.68	7
32.58	25
41.08	1
36.64	57
49.78	1
34.28	78
35.91	74
34.91	43
36.64	91
35.5	67
34.65	90
35.12	84
35.49	40
34.99	65
36.33	86
35.25	151
36.25	74
34.31	88
36.89	86
36.12	84
36.86	60
37.66	8
35.45	149
34.65	134
35.1	29
33.6	62
34.53	57
46.98	0
32.93	82
37.33	70
33.53	83
34.36	78
33.75	47
31.35	23
32.63	85
34.71	22
35.95	114
37.33	77
36.17	31
35.55	138
36.61	83
34.54	20
35.16	95
35.46	116
34.86	69
34.37	81
35.36	98
35.79	37
34.8	51
32.53	60
35.3	19
35.94	99
34.21	84
34.64	72
34.72	56
36.71	126
34.27	89
37.73	78
35.01	136
35.73	104
36.14	63
34.86	142
35.79	48
34.97	46
35.24	85
36.5	91
35.89	135
33.33	76
35.78	91
37.12	56
35.86	102
32.77	15
34.9	77
33.79	92
36.12	50
35.29	151
34.76	93
36.16	32
38.02	62
37.17	5
36.32	81
36.2	146
33.96	51
45.9	4
32.62	81
36.11	141
38.96	11
34.42	134
35.18	78
36.94	84
43.17	2
34.59	79
37.09	88
36.33	47
34.98	74
33.93	80
35.5	84
36.95	49
45.96	7
36.46	75
33.35	18
34.52	137
35.28	86
34.75	90
34.52	88
38.08	38
34.12	59
36.03	93
35.92	63
35.78	28
36.46	69
33.94	92
34.8	90
34.95	79
36.36	84
31.52	5
34	76
33.8	90
36.15	77
35.72	77
35.14	45
33.93	144
32.86	89
33.2	105
32.1	32
34.43	84
36.35	62
32.97	106
34.33	67
34.12	61
34.86	129
34.45	111
35.77	23
34.45	86
36.1	70
33.92	155
36.11	79
33.75	29
33.13	140
36.66	129
32.08	42
33.12	62
32.24	87
33.25	138
34.9	93
32.75	73
31.91	50
34.77	138
32.23	80
33.34	63
36.24	74
36.11	67
34.71	48
34.48	137
37.27	43
34.68	91
36.63	110
34.6	129
32.39	79
35.75	82
33.26	69
32.71	80
35.3	125
35.38	67
33.36	157
33.78	153
37.5	46
35.54	72
35.84	55
32.91	93
35.79	68
36.26	87
34.28	84
35.93	59
34.31	88
33.14	73
33.88	46
37.01	52
34.91	75
33.2	83
34.65	143
34.74	151
34.35	85
36.4	96
35.7	97
34.41	77
33.48	128
37.45	48
32.6	86
31.75	92
34	89
33.7	87
34.85	68
35.83	80
35.39	90
35.26	65
35.26	139
32.7	44
34.95	65
35.14	8
40.89	6
35.1	73
35.73	39
32.73	57
34.33	57
36.56	108
33.57	154
35.4	86
33.72	80
35.47	63
36.29	6
34.37	107
33.25	69
34.22	140
36.84	91
36.1	71
41.96	2
47.41	13
35.39	114
33.92	83
34.53	52
34.77	114
46.54	1
37.73	69
36.73	37
36.38	98
36.23	53
37.35	124
39.42	1
36.02	89
34.69	85
36.19	53
35.15	87
36.59	149
34.73	81
35.08	92
36.13	89
35.28	93
34.88	77
33.97	38
36	145
33.89	74
41.2	0
34.51	128
34.9	91
37.23	67
35.4	118
34.22	55
34.34	148
34.58	62
36.34	38
35.13	71
34.78	168
37.22	72
61.89	8
33.29	99
34.56	20
32.15	90
33.16	88
31.99	62
34.1	83
31.04	48
34.49	54
34.23	111
35.32	113
33.49	158
35.77	72
33.06	5
36.1	143
34.37	49
34.89	118
35.84	86
34.49	157
34.91	140
36.15	87
33.86	135
33.85	22
33.43	51
31.89	88
35.58	112
37.05	67
33.55	53
33.83	45
34.58	86
37.05	87
34.06	126
33.95	78
33.39	53
35.79	80
35.46	63
34.04	139
33.95	58
34.39	85
33.18	91
34.18	28
36.76	79
35.32	113
33.87	90
35.63	116
36.47	142
35.38	80
34.55	38
35.19	105
34.71	132
35.64	75
36.48	24
33.71	108
32.44	168
35.17	152
35.92	65
34.75	82
34.95	89
34.74	54
36.43	54
34.21	72
35.09	70
34.16	64
35.27	48
35.56	85
36.18	86
33.62	92
36.49	48
34.63	70
33.8	93
35.26	62
32.95	66
31.8	91
33.38	61
34.35	37
34.68	109
34.2	84
33.43	78
33.42	80
35.89	69
32.77	57
34.57	62
46.01	4
37.94	19
44.87	5
35.37	89
44.85	3
35.8	68
36.45	6
34	55
32.48	89
33.27	89
32.43	93
35.65	81
36.09	91
33.4	154
35.42	89
35.31	5
34.79	88
34.35	83
33.24	59
36.02	69
34.8	24
33.97	113
35.98	112
31.83	90
34.94	55
33.4	71
32.49	73
35.57	78
34.68	77
33.74	79
34.63	78
34.01	66
37.07	85
35.31	87
34	84
34.99	91
36.26	51
35.25	109
36.54	79
40.69	17
36.11	90
40.13	19
36.89	34
42.45	15
35.86	111
35.37	52
47.6	3
33.54	86
32.83	81
32.22	152
31.4	69
36.68	91
32.61	160
32.01	79
34.26	90
34.55	56
33.63	42
34.7	69
34.73	82
35.3	65
34.49	74
32.29	37
34.23	73
35.17	50
36.6	64
32.38	91
35.29	154
33.64	43
35.77	54
34.28	131
32.92	73
32.04	92
33.52	28
32.95	66
32.89	89
36.95	86
33.96	73
48.49	1
34.52	84
32.28	18
34.82	65
35.09	62
31.62	91
34.86	27
35.24	49
33.35	67
33.04	66
32.38	73
32.77	5
45.18	3
42.06	5
36.44	92
43.85	5
48.84	2
35.95	92
44.29	19
65.77	4
44.43	2
36.88	84
36.54	90
42.88	5
36.06	50
40.48	6
43.55	2
35.53	89
35.02	57
40.49	4
45.84	10
37.53	73
35.91	110
33.95	88
36.05	100
34.39	50
33.85	40
35.27	76
35.45	91
33.05	66
33.89	64
34.45	130
33.62	28
34.96	19
33.41	64
35.66	80
43.43	14
32.27	61
32.29	75
33.06	76
33.52	66
31.95	78
37.45	57
34.68	84
36.9	63
35.5	66
35.69	69
34.55	160
35.09	35
35.28	81
35.86	60
35.44	84
35.12	67
38.03	0
44.22	2
34.07	90
36.77	94
32.8	77
35.6	91
33.92	88
35.43	51
33.89	48
31.98	69
31.82	81
35.45	31
34.42	81
36.91	53
34.34	57
33.49	93
33.86	7
36.21	86
33.59	87
35.93	18
35.41	102
33.97	65
35.49	84
34.09	34
34.43	165
36.04	77
35.09	30
37.77	66
37.2	130
41.35	14
35.68	129
40.79	6
33.61	114
34.2	22
35.86	15
39.16	0
41.79	3
44.42	1
36.28	59
34.83	35
34.3	66
34.83	35
34.29	93
36.26	65
34.44	156
35.74	93
35.65	81
36.98	84
32.61	2
36.44	55
35.5	93
33.83	75
38.26	64
33.34	81
35.1	65
35.58	16
34.65	83
37.29	66
33.75	82
33.78	23
33.5	153
33.85	82
35.65	82
32.25	42
34.16	101
32.21	28
32.6	37
33.29	78
35.72	161
34.07	68
38.21	39
36.57	65
32.8	27
34.74	51
45.31	7
34.55	151
36.54	87
35.17	58
34.36	38
34.2	54
35.8	79
32.98	29
34.61	39
36.11	1
34.8	63
34.79	74
35.65	80
31.57	43
35.64	75
35.21	165
33.02	9
34.28	102
34.92	148
33.52	105
34.24	36
33.2	99
33.4	103
33.36	103
36.76	90
33.88	57
34.29	92
34.21	88
33.13	40
34.51	105
33.83	105
34.55	103
35.29	45
32.62	96
33.06	89
34.04	66
32.47	96
34.6	20
33.84	88
33.1	75
33.2	99
34.71	81
33.33	89
34.08	88
33.2	99
33.6	70
35.01	95
36.41	56
34.85	69
34.6	85
32.8	98
35.3	92
34.28	70
32.63	90
31.8	99
34.94	45
31.66	87
34.91	46
33.61	72
33.25	96
32.21	105
33.85	85
33.69	86
33	101
33.37	98
34.05	142
32.78	76
32.82	85
34.2	95
33.76	78
33.65	90
36	88
33.74	90
33.7	97
33.87	81
36.71	100
32.94	103
31.77	102
32.83	98
35.08	72
33.48	94
32.35	102
32.38	85
33.15	74
32.83	98
34.77	70
35.14	68
35.21	75
33.65	195
33.01	104
33.75	87
34.56	148
32.88	90
36.64	32
34.28	84
33.24	101
33.17	86
34.2	86
33.06	87
33.2	96
34.25	86
34.35	87
34.13	86
34.18	86
34.21	86
35.24	64
35.2	136
35.13	174
33.77	102
35.29	70
36.31	88
31.98	59
36.18	101
34.44	23
33.88	88
34.05	73
35.79	81
33.46	81
34.25	98
36.4	12
36.51	79
33.88	88
32.29	95
33.62	84
36.3	76
36.95	95
33.98	88
31.5	88
31.89	94
35.38	84
35.1	135
31.3	104
34.09	155
33.41	70
33.38	196
34.53	99
34.3	96
36.31	49
33.04	79
33.99	22
35.46	106
36.25	67
35.77	78
33.68	178
36.03	77
35.68	74
33.14	105
33.94	95
35.01	155
34.99	72
35	98
34.67	169
33.83	102
32.1	102
35.14	39
32.27	101
33.77	88
35.74	32
33.76	88
33.51	177
32.5	69
31.52	86
34.6	81
32.02	101
33.37	101
32.83	102
32.2	75
37.08	47
33.27	10
33.41	92
31.75	102
33.29	88
33.47	91
31.09	17
32.64	160
33.38	100
33.59	27
35.69	69
33.67	88
33.92	74
33.17	99
31.51	93
32.71	99
33.91	118
33.03	38
34.24	85
35.49	43
31.3	105
33.39	101
35.54	107
32.31	82
33.1	105
32.28	83
33.59	103
35.03	69
33.89	72
33.1	92
33.5	169
36.33	92
32	95
35.51	98
36.14	32
31.16	3
32.73	97
32.31	102
32.66	89
32.44	104
33.74	88
33.32	97
36.1	72
33.34	43
33.51	209
33.7	88
33.84	95
32.7	32
34.71	83
32.19	83
34.87	122
33.25	70
33.25	95
34.38	94
32.88	168
31.22	90
34.13	65
35.97	72
33.1	52
33.1	52
32.2	99
31.54	99
31.54	99
33.54	17
34.78	63
36.22	142
36.22	142
34.25	116
32.72	98
34.88	46
34.91	46
35.55	87
32.73	104
34.6	91
33.17	97
33.49	103
36.93	57
33.56	144
33.38	93
32.15	68
32.76	74
34.65	187
31.83	105
34.54	137
33.34	188
33.32	190
34.56	154
33.32	77
34.08	91
34.73	58
34.4	94
35.97	80
33.27	75
33.96	60
36.16	63
34.38	28
34.2	100
35.53	120
38.85	31
34.13	126
33.7	14
33.39	98
32.81	39
34.68	63
37	89
32.13	99
34.65	99
34.02	86
33.32	64
33.01	97
32.09	95
34.82	40
33.02	74
32.93	151
35.26	123
34.66	144
33.29	44
35.3	103
