sim	len_diff
33.59	126
35.31	120
36.52	61
34.07	205
34.71	66
33.14	120
36.09	119
32.63	129
35.61	112
33.4	128
35.82	97
33.17	79
32.59	135
42.39	2
34.31	114
32.91	132
35.52	114
37.17	103
33.81	124
33.4	136
33.93	106
33.11	142
34.49	108
33.33	119
33	139
34.15	120
34.41	128
35.3	38
32.4	142
34.75	120
34.56	104
34.95	121
34.91	121
33.41	125
34.95	121
33.96	218
33.29	129
34.95	121
34.05	131
36.75	83
33.29	127
35.57	90
35.57	90
35.57	90
35.57	90
34.58	111
34.68	125
34.76	103
32.89	114
33.6	129
33.42	133
33.28	134
33.94	134
34.68	130
33.35	135
35.16	120
32.91	126
34.25	121
32.75	116
32.75	116
32.9	108
33.82	135
33.53	132
35.18	83
34.31	72
35.25	119
35.68	114
36.32	110
35.48	85
34.78	106
33.45	131
35.03	100
34.76	92
34.24	99
34.06	106
36.57	81
34.64	107
34.21	123
33.49	65
34.01	137
33.8	260
34.37	109
34.95	111
34.24	53
35.98	90
32.2	134
35.22	126
34.08	273
34.85	85
35.1	94
34.96	68
37.52	72
34.03	136
34.64	87
34.26	208
35.15	91
33.31	131
35.82	83
35.01	111
34.94	48
37.1	101
35.05	126
34.46	100
35.33	111
34.94	122
33.44	121
35.75	100
33.77	138
33.81	128
36.66	64
34.21	141
34.95	96
33.72	131
33.95	115
35.04	113
35.42	81
33.8	140
35.63	90
34.34	270
34.17	139
33.16	124
34.32	116
34.71	117
33.53	133
34.7	121
35.55	115
34.98	99
31.18	133
32.91	131
33.82	138
35.11	121
34.88	100
37.31	113
37.58	72
33.28	113
35.68	68
34.88	77
34.25	95
34.85	121
34.83	121
34.83	121
34.83	121
32.33	104
34.83	121
34.83	121
35	121
35	121
34.64	93
32.83	98
32.7	122
35.11	121
33.5	117
34.24	116
34.14	105
36.26	137
34.14	133
32.7	128
34.84	239
33.29	138
35.11	121
33.29	138
35.2	194
34.45	125
34.7	108
31.36	135
33.42	138
32.51	109
33.92	125
34.21	99
35.63	239
35.87	112
32.53	141
35.5	242
36.49	64
35.11	121
35.78	111
31.18	136
34.77	121
34.77	121
34.77	121
34.88	151
33.48	242
32.17	122
35.44	117
32.09	140
34.41	69
33.13	136
34.5	109
35.75	102
32.93	71
32.56	132
33.1	142
33.36	125
32.67	142
32.99	129
33.22	140
34.78	118
33.53	111
34.38	107
33.7	39
33.61	142
34.21	133
34.31	142
32.28	141
35.76	112
36.35	80
33.79	135
33.72	111
34.35	127
36.22	57
35.7	115
33.97	120
33.75	130
31.83	142
34.29	122
34.24	136
31.69	136
33.54	130
33	142
32.84	132
32.4	123
33.33	109
34.43	108
32.96	137
34.77	104
34.81	104
34.77	104
34.7	122
34.65	81
33.26	84
34.06	137
35.02	121
36.43	221
31.42	139
33.7	99
34.97	121
31.88	142
33.22	139
33.78	106
32.52	130
32.73	140
34.35	95
33.67	124
32.62	138
31.08	121
33.18	133
33.53	110
32.57	128
32.66	127
30.83	135
34.5	120
32.8	137
35.06	121
34.41	86
34.54	82
33.71	133
30.83	135
32.01	137
31.81	133
33.64	142
32.7	129
33.56	139
34.14	114
32.86	139
33.7	125
33.75	94
31.4	138
34.18	116
33.89	135
32.92	95
34.34	138
36.31	123
34.37	128
33.46	137
33.48	121
33.32	74
35.27	58
34.18	107
34.58	128
34.63	104
34.87	111
33.78	95
34.44	120
33.07	134
34.58	137
41.78	26
37.88	67
34.52	200
32.27	138
34.55	107
34.34	101
34.32	123
35.1	113
36.69	91
34.47	107
34.56	115
34.3	132
35.66	118
36.85	57
35.32	126
35.55	104
34.54	138
34.61	140
34.7	120
36.25	122
36.61	123
36.05	94
34.8	119
35.02	123
33.56	134
39.98	36
36.26	87
36.34	87
35.79	106
33.9	137
36.21	128
32.36	130
35.37	130
35.84	113
36.31	120
35.27	138
34.93	119
34.88	92
32.33	140
37.03	95
36.14	105
35.81	112
34.94	117
34.42	103
33.68	139
33.68	140
33.97	139
37.6	73
34.33	140
34.73	120
34.8	120
36.95	137
34.31	133
34.41	134
35.75	87
35.32	95
35.16	104
34.13	142
34.96	115
35.51	118
33.77	99
36.15	120
35.58	130
32.16	142
35.62	107
33.17	77
34.79	172
43.75	18
32.5	118
34.73	134
34.5	109
31.8	16
34.7	123
34.66	91
33.29	126
33.71	126
35.35	112
37.81	88
34.28	12
35.85	99
36.5	98
33.63	98
35.86	105
34.37	111
36.39	79
35.08	184
35.34	132
33.79	108
34.62	34
34.52	113
34.31	207
30.79	106
34.55	52
34.51	111
33.33	126
33.94	98
33.61	80
33.85	91
32.08	74
34.77	78
35.44	171
35.24	136
32.47	93
33.59	106
32.6	42
35.03	73
43.27	9
38.45	80
34.61	121
51.97	4
35.54	106
39.36	50
36.7	81
36.78	56
35.58	125
37.05	76
45.34	10
36.11	95
37.5	98
35.69	114
36.43	117
35.46	94
37.57	85
35.66	97
36.95	95
33.75	30
44.53	18
34.79	161
33.94	70
34.35	68
34.44	76
34.64	170
34.62	160
33.25	82
33.64	120
35.13	161
34.02	35
34.56	95
33.96	99
35.07	142
44.43	12
36.35	108
33.7	117
33.62	97
34.7	119
35.37	118
45.77	23
35.74	170
34.22	32
34.82	27
36.33	72
36.4	87
36.36	107
36.53	126
35.51	107
36.29	126
36.43	61
36.12	61
47.47	5
48.3	15
36.71	164
36.54	98
34.78	125
35.72	116
37.31	93
33.42	116
34.52	110
34.53	43
46.54	2
35.44	65
33.38	91
33.28	104
35.91	66
35.12	76
33.52	125
35.41	63
37.31	71
35.2	44
37.51	122
34.67	121
34.22	122
35.2	111
34.71	106
35.82	108
34.4	122
46	20
34.01	105
33.49	48
33.08	35
33.74	203
34.15	124
34.61	62
35.05	99
33.98	159
34.65	168
34.36	117
33.07	178
33.95	115
32.62	46
35.3	98
32.78	98
34.85	79
34.43	111
33.15	60
33.07	63
34.49	84
35.48	116
36.12	70
34.61	102
34.61	113
32.33	57
34.94	118
40.73	82
34.78	83
36	57
34.01	116
34.44	100
32.45	84
33.86	123
34.16	92
33.33	82
34.01	78
34.93	119
32.76	19
33.25	47
35.52	90
36.08	119
36.1	88
36	115
35.26	94
36.68	58
36.2	102
37.89	121
36.96	76
34.33	121
35.57	81
33.9	115
46.69	5
35.9	83
36.04	119
33.52	149
33.87	102
33.82	124
34.21	78
35.35	115
33.17	167
31.34	21
31.95	96
34.34	102
34.13	65
33.53	199
34.28	94
34.45	68
34.46	96
34.39	121
35.2	126
36.19	32
36.35	118
36.66	107
37.77	72
36.55	60
35.9	55
35.77	121
34.95	121
38.18	94
35.77	151
37.5	54
39.78	179
35.65	26
34.53	113
35.51	108
35.92	172
36.12	146
37.69	104
36.79	101
35.05	148
35.59	119
33.41	77
43.95	6
34.87	116
34.41	118
33.55	114
35.33	86
34.54	81
33.24	94
46.58	1
36.01	95
37.2	110
36.52	118
38.11	75
37.39	32
36.11	79
35.54	19
36.48	68
36.34	218
34.23	113
30.95	108
33.97	106
33.7	33
33.01	125
33.84	104
33.24	125
33.37	87
34.09	110
35.22	109
45.22	14
35.82	108
34.92	114
36.75	41
35.82	67
37.96	68
37.1	100
45.4	6
36.95	84
35.14	117
35.39	87
34.33	113
34.46	103
36.07	81
35.81	70
34.2	121
35.45	106
35.48	46
34.45	120
46	1
35.59	75
36.24	105
40.14	6
36.01	92
35.34	121
34.44	64
35.02	121
34.19	72
35.49	120
35.37	100
34.37	191
35.21	72
34.53	113
32.75	99
34.56	100
32.77	126
34.63	80
34.24	216
34.59	122
34.98	210
35.18	152
35.04	105
47.75	4
34.27	151
34.58	118
34.08	101
34.79	120
34.17	86
35.09	124
44.33	11
35.64	125
36.67	98
34.81	122
48.09	10
35.68	110
35.08	120
37.32	118
35.23	195
34.51	121
36.94	64
36.36	146
34.65	103
37.49	108
39.23	67
46.65	11
36.2	52
36.11	100
37.48	99
35.13	122
36.01	103
35.56	115
34.2	126
39.15	56
35.26	118
38.99	49
35.44	125
36.07	111
35.01	120
36.69	75
36.98	128
34.45	122
34.5	101
33.26	107
34.91	122
34.81	100
44.94	2
45.06	4
35.69	97
34.88	104
35.16	101
34.72	59
35.04	121
35.96	146
34.21	51
35.67	83
32.87	126
33.29	122
34.47	94
33.55	100
34.87	86
31.68	64
32.35	80
33.41	101
33.88	115
34.39	91
34	62
33.21	68
33.6	104
32.94	115
34.57	120
36.05	90
35.82	92
34.88	118
33.77	96
33.47	122
35.25	85
34.72	91
35.78	119
36.09	204
36.91	184
36.84	69
49.21	1
35.16	120
35.92	119
35.74	123
36.56	103
36.51	115
34.27	122
34.77	195
35.67	124
34.05	82
33.84	110
34.15	161
32.37	123
34.64	167
32.48	123
32.61	98
33.34	207
32.23	99
34.19	67
34.1	198
33.21	198
34.27	183
33.82	103
33.2	119
34.25	110
34.34	140
32.74	94
33.25	114
33.74	142
33.62	90
34.45	142
33.28	84
33.41	121
33.74	100
45.57	28
33.33	84
33.44	84
33.43	90
36.36	126
37.54	61
44.56	1
36.49	123
35.32	118
35.5	228
37.5	111
36.92	122
37.94	108
36.64	53
33.31	106
37.11	77
35.28	176
34.52	72
33.38	120
33.76	161
33.35	125
32.98	96
33.9	137
31.87	108
34.42	133
35.24	118
34.8	125
33.65	85
48.66	8
35.06	123
35.26	184
33.57	77
33.84	101
35.08	115
34.47	119
35.18	107
36.01	69
35.78	86
36	125
35.04	119
36.25	49
37.43	109
47.22	12
35.34	121
34.76	114
34.47	112
33.75	120
35.7	96
35.32	87
34.9	97
36.23	119
34.75	120
36.84	64
34.24	71
33.61	101
32.45	121
35.84	103
33.48	81
30.82	57
35.61	217
33.59	159
33.2	119
32.29	52
33.62	87
34.52	227
36.21	67
33.87	118
34.05	122
34.3	37
35.72	96
36.96	139
34.34	70
43.76	5
33.51	125
39.35	65
38.14	102
48.19	7
36.03	123
36.24	121
37.76	116
33.96	123
36.26	118
35.5	99
36.68	123
35.75	65
37.1	109
32.52	125
34.95	119
35.15	115
48.89	14
41.67	3
35.84	133
37.62	65
35.19	59
33.67	100
32.25	114
33.96	47
35.58	133
34.1	135
34.33	84
33.12	121
35.89	109
41.56	15
33.83	73
35.18	119
43.22	1
36.19	100
34.64	94
35.1	101
34.95	110
35.78	123
34.75	85
33.27	124
35.29	117
35.73	110
34.95	116
36.54	121
35.99	24
36.35	125
42.29	1
37.32	94
43.41	7
35.55	104
37.69	82
35.07	80
55.78	7
36.27	109
34.28	27
34.3	124
35.47	17
34.9	76
36.58	101
33.94	117
35.03	50
36.76	114
37.15	96
35.81	120
35.39	55
38.44	65
35.75	110
36.47	115
36.73	27
36.41	117
34.82	115
34.59	93
33.45	122
33.92	116
32.83	124
36.08	103
34.62	124
34.36	110
47.93	11
34.92	110
34.84	88
35.86	23
35.82	91
34.34	25
34.81	119
36.35	118
34.88	126
48.55	2
35.7	70
34.71	114
35.8	110
37.8	93
35.64	43
36.14	123
35.86	84
51.18	9
35.04	113
35.7	106
35.57	114
35.47	80
36.21	138
33.45	116
34.24	198
33.95	203
35.97	116
36.12	74
34.14	108
43.63	1
36.55	110
34.15	89
36.05	143
35.17	88
33.95	27
35.16	212
33.21	126
34.95	94
32.85	117
33.26	72
44.72	5
35.55	96
35.89	107
34.76	75
35.67	90
34.9	53
44.44	8
34.78	115
34.89	100
35.55	76
35.89	119
35.29	116
34.69	88
34.72	94
33.4	101
34.27	100
35.02	95
34.7	70
35.29	72
33.66	120
33.43	124
34.01	33
31.65	24
37.53	117
34.78	109
36.46	95
48.02	12
34.61	121
37.03	64
36.85	95
38.1	69
35.7	109
37.25	175
35.14	28
35.21	97
35.44	205
46.52	9
35.44	123
36.03	84
35.76	84
33.91	212
35.15	107
35.69	112
33.75	68
34.27	87
34.43	100
34.37	55
33.76	94
33.62	100
33.47	73
34.41	111
35.28	123
34.42	35
45.13	10
33.62	114
35.51	162
34.47	112
32.6	122
33.21	123
34.93	104
33.96	116
34.04	123
35.02	74
35.9	57
36.79	126
49.31	2
45.89	8
35.84	101
36.13	93
37.48	67
35.26	94
32.85	123
37.09	39
32.81	114
34.19	68
35.75	100
33.58	115
47.61	8
33.11	31
35.78	161
34.98	115
35.32	49
36.89	62
35.36	109
36.05	108
34.23	120
46.52	8
37.05	112
35.47	112
33.25	119
34.8	125
36.28	126
33.47	67
35.24	97
34.18	196
36.17	59
34.58	67
34.63	125
35.85	115
34.81	103
46.89	2
34.75	92
33.04	126
35.43	78
35.11	120
35.24	100
33.31	110
33.07	27
33.53	72
35.29	72
35.54	86
35.68	139
36.01	105
44.73	6
35.48	109
34.55	112
33.01	102
33.04	112
32.4	123
33.74	104
34.73	188
32.95	109
33.16	36
33.92	172
34.02	103
34.8	109
33.99	108
44.58	6
41.37	14
36.42	107
35.34	124
34.41	88
34.4	126
34.88	50
46.09	9
35.72	66
35.39	55
34.3	119
36.02	103
36.46	120
34.47	96
35.73	99
33.94	111
35.03	113
34.19	75
34.2	103
34.79	115
41.7	26
35.54	107
34.09	110
34.49	120
34.07	153
33.48	149
37.2	105
35.9	175
35.91	117
41.54	61
37.58	111
36.83	94
36.62	73
36.74	99
45.43	12
38.17	103
45.4	9
37.01	74
35.87	113
36.8	114
33.92	125
36.46	106
35.87	109
34.38	96
35.1	67
35.55	104
34.51	122
34.02	208
35.48	70
34.97	151
32.86	83
44.51	20
34.53	147
35.76	84
34.38	212
33.07	122
36.2	82
34.79	177
34.77	114
35.75	207
33.26	9
44.67	3
32.81	111
36.47	120
34.36	107
34.55	52
35.97	109
35.21	116
34.87	118
34.89	121
35.56	114
36.38	99
36.11	90
33.94	118
35.23	98
35.7	107
36.55	35
34.36	94
35.77	111
34.89	138
33.72	74
34.61	63
34.14	123
31.58	123
34.57	156
34.31	124
34.77	66
35.29	119
34.56	224
34.81	125
34.33	65
32.85	118
35.01	96
35.3	158
46.7	5
35.05	70
35.15	125
35.94	58
35.44	123
35	65
35.24	114
35.35	114
49.75	15
35.74	123
34.74	70
36.57	98
37.31	88
37.69	80
40.07	13
34.94	118
47.36	10
34.71	125
39.08	53
37.16	118
35.62	92
34.33	119
35.35	101
34.66	70
33.6	123
51.94	4
34.99	102
35.92	117
35.6	69
35.38	42
35.98	112
36.42	115
33.84	42
34	123
35.62	107
34.78	110
36.24	45
34.74	109
34.52	123
34.19	116
33.48	93
35.94	116
34.95	159
34.85	105
33.92	116
35.35	123
34.45	115
47.76	6
33.57	125
35.62	114
34.58	115
35.96	133
35.11	114
34.79	105
47.66	4
34.8	117
34.19	151
34.3	118
34.51	123
34.79	120
33.89	106
43.43	11
36.28	113
36.57	112
43.88	27
35.43	122
37.07	78
35.76	113
37.36	109
36.49	114
36.21	126
37.35	101
34.17	144
34.67	32
35.49	57
36.03	59
46	0
32.9	105
37.67	117
35.72	60
34.77	221
34.42	42
35.9	102
48.89	2
35.22	25
35.5	100
35.27	92
36.69	146
36.03	109
36.07	153
33.65	105
34.65	54
34.25	111
33.95	111
36.03	59
34.25	111
34.79	116
35.84	111
34.35	66
36.62	163
35.14	115
34.41	196
33.99	52
34.46	100
33.6	115
33.73	125
34.51	113
35.43	101
34.73	107
35.16	98
35.22	112
33.67	98
35.24	124
35.61	116
36.72	70
49.55	5
37.75	76
35.09	101
34.68	59
36.41	126
33.85	114
33.26	118
36.48	111
50.56	10
35	124
35.88	190
34.21	119
36.38	104
36.76	84
36.58	118
36.17	97
33.9	126
35.28	169
46.29	7
34.62	91
34.75	199
33.23	116
34.2	126
35.4	122
34.66	76
35.52	56
33.49	27
33.17	113
35.56	52
33.81	126
33.71	78
33.54	117
36.07	118
46.23	4
34.28	108
34.76	104
34.93	80
34.37	48
35.47	111
35.62	62
36.08	116
35.09	100
35.81	125
51.6	12
35	120
32.85	114
35.04	120
32.55	125
33.87	208
33.5	125
35.47	65
46.82	2
35.56	122
35.06	180
33.79	102
35.71	176
34.54	64
35.98	94
35.05	84
35.11	183
32.55	26
33.23	190
34.27	169
32.57	119
33.17	30
33.76	125
34.32	68
32.53	79
33.3	122
34.84	110
34.07	20
36.1	81
42.37	15
34.92	177
35.35	151
34.81	202
33.05	110
34.8	91
35.4	83
36.68	111
36.13	125
34.96	113
35.72	126
36.58	110
37.16	90
35.68	79
33.57	121
35.14	118
33.19	95
35.5	101
34.14	99
49.27	16
34.89	119
35.67	82
36.06	62
35.36	109
34.76	93
34.91	115
35.19	110
35.8	118
35.25	117
34.43	54
35.83	111
36.08	163
37.21	156
33.44	118
35.76	118
36.34	123
38.08	118
41.88	1
35.38	112
36.65	202
36.4	107
33.58	126
35.36	106
35.86	121
36.46	114
35.52	120
33.88	55
35.36	124
34.83	177
34.14	116
32.3	125
35.09	120
34.69	144
43.8	32
35.38	188
32.88	122
35.24	165
34.31	161
33.38	97
32.78	70
34.66	69
34.22	144
34.44	134
34.77	94
33.08	118
36.11	102
35	103
51.45	8
34.2	87
35.77	118
34.48	123
34.29	209
33.88	97
33.9	81
34.29	125
33.35	108
34.1	53
32.51	59
34	89
33.77	155
33.78	116
34.09	121
34.92	108
33.62	24
34.57	114
34.32	64
34.76	95
33.69	75
35.13	118
35.54	103
33.59	107
31.23	76
32.85	125
35.81	103
32.45	120
32.7	66
35.01	79
33.72	228
33.3	93
34.92	77
33.27	180
34.49	63
34.77	107
33.13	120
33.98	102
34.65	88
34.71	117
34.94	126
51.33	5
35.77	102
35.23	39
33.85	91
34.87	117
34.59	71
35.36	66
36.59	116
35.06	216
45.66	6
38.74	84
34.88	117
35.28	117
34.28	59
37.25	125
37.74	82
35.46	115
49.66	1
36.34	181
35.24	46
33.56	67
34.97	29
33.6	118
34.33	2
36.57	116
35.14	124
34.97	115
36.11	177
35.01	126
34.93	110
35.48	72
34.03	9
35.37	123
33.66	44
34.41	89
34.69	108
34.7	118
39.69	10
41.05	18
32.74	116
33.72	116
33.6	123
35.03	105
34.18	112
35.78	85
34.3	121
32.84	55
36.1	156
33.16	122
34.89	192
34.23	98
33.81	65
32.23	123
44.01	8
33.99	88
34.82	117
34.76	180
35.22	125
36.36	97
35.18	101
35.73	118
37.68	93
36.5	122
38.68	77
35.21	124
45.66	11
36.91	109
46.53	6
34.59	138
33.18	140
31.89	44
34.25	156
36.05	67
34.64	53
33.41	32
32.63	66
33.96	122
36.92	101
35.53	94
36.42	106
36.69	28
34.17	113
36.54	204
37.2	61
35.06	122
36.44	23
44.89	7
32.98	117
33.12	121
33.07	86
33.14	98
33.51	100
43.89	16
36.55	103
36.55	103
44.77	5
44.16	4
35.73	75
36.05	92
35.99	174
37.4	94
36.54	110
34.27	119
35.13	123
35.59	75
35.92	117
35.05	100
49.86	1
35.64	46
36.97	103
34.01	125
35.42	36
33.17	106
36.1	124
35.31	39
35.95	88
35.86	118
34.44	97
42.17	27
35.12	47
33.65	115
34.82	155
34.18	98
35.27	105
33.34	107
33.27	115
34.52	103
32.55	125
35.36	123
35.82	96
35	172
34.32	25
35.24	88
48.3	9
34.05	68
34.24	147
34.49	84
32	123
35.45	161
34.01	112
35.32	83
34.41	98
33.72	88
33.11	54
33.88	113
33.55	18
35.52	114
37.3	89
36.05	102
37.94	71
36.45	71
38.52	117
46.58	0
37.81	80
36.4	121
37.04	94
36.39	105
44.25	4
37.29	88
36.26	71
35.82	105
37.11	81
36.92	67
37.02	94
36.46	99
35.21	121
37.62	47
36.59	81
37.34	126
37.28	114
36.16	181
46.97	7
35.53	124
34.99	125
35.35	115
37.72	34
37.03	65
35.24	112
36.18	52
37.28	103
42.29	1
34.71	118
36.08	120
38.06	80
37.43	52
38.53	86
37.65	107
34.99	97
36.45	79
36.7	101
37.95	68
45.45	42
36.02	84
33.49	119
34.4	217
36.52	18
35.13	123
39.84	48
36.22	89
35.97	90
36.31	24
36.87	116
36.61	221
36	106
37.82	98
35.61	84
38.77	120
33.39	121
36.7	104
35.63	123
36.01	161
43.08	16
48.63	6
35.86	69
36.5	36
36.05	104
36.92	112
35.63	112
36.77	107
34.01	120
36.23	109
35.88	185
36.14	54
33.9	124
35.37	116
47.64	33
36.58	74
36.08	115
35.9	124
36.33	115
37.77	121
35.76	15
42.4	1
35.6	105
34.84	10
34.61	97
37.32	115
35.84	61
34.67	24
34.54	121
43.7	25
33.99	107
33.86	120
35.37	106
34.31	26
35.22	71
34.68	83
33.84	156
43.61	20
34.36	109
36.17	143
35	61
34.66	156
36.15	111
34.03	104
33.81	197
35.26	124
33.7	113
34.28	92
34.63	125
36.77	107
45.92	5
35.45	82
35.17	87
35.53	228
43.64	15
35.33	123
34.8	86
48.8	8
36.8	95
34.57	86
34.1	108
34.8	120
33.26	118
34.62	109
34.5	94
35.65	63
36.83	113
43.28	22
36.32	155
34.38	121
37.63	71
34.71	41
37.32	112
36.09	110
36.87	110
38.67	112
35.18	32
35.88	121
38.5	67
36.12	107
46.23	10
36.57	22
36.29	48
36.17	115
36.22	81
36.94	108
36.8	38
33.88	115
35.48	83
35.92	225
52.56	20
38.28	94
35.63	112
37.94	77
35.85	197
36.57	85
34.72	67
35.07	29
35.5	97
36.03	62
45.03	8
32.77	126
34.76	123
34.5	107
35.15	98
33.7	98
36.58	62
36.72	123
36.22	107
44.23	10
35.97	101
34.28	106
37.58	119
36.73	122
36.02	110
35.55	75
36.67	90
42.56	9
35.81	115
35.77	125
36.13	72
35.56	126
36.9	135
35.36	79
34.23	122
36.4	114
35.64	89
45.64	2
35.23	191
39.11	88
37.58	123
37.64	54
36.52	103
34.69	116
34.47	61
37.15	99
35.72	120
34.65	117
34.62	125
35.55	118
34.9	110
34.47	36
35.17	72
35.55	140
34.49	122
32.58	123
35.36	206
35.74	179
37.11	81
35.99	81
35.45	126
36.17	88
35.37	21
37.56	95
36.49	154
35.3	41
35.79	108
44.9	12
37.45	124
36.71	69
36.81	35
35.91	117
37.07	94
35.05	96
36.21	87
35.49	118
35.35	110
36.15	91
34.5	123
35.78	107
34.36	87
36.87	76
50.54	5
37.12	110
35.3	77
35.44	105
36	198
35.19	111
35.94	76
35.65	102
46.47	11
37.01	80
35.89	110
35.03	116
36.67	104
37	132
35.27	117
36.03	43
35.89	150
35.14	80
34.35	109
36.18	138
34.96	122
35.8	120
34.76	122
32.81	38
34.34	119
34.73	115
35.48	117
37.7	92
38.12	72
36.88	101
41.77	46
36.32	113
37.24	176
35.5	119
34.83	100
36.38	100
33.6	122
33.83	99
34.55	66
36.53	91
43.87	1
33.7	118
36.09	119
35.91	89
34.28	89
34.7	169
35.66	79
32.55	116
32.92	112
36.17	103
34.44	93
49.41	16
35.91	120
34.16	118
35.26	107
36.49	113
37.27	126
35.52	80
35.72	107
49.23	6
35.1	103
34.84	95
35.08	114
35.33	94
36.35	78
36.21	53
45.55	16
36.7	71
37.67	111
33.62	116
35.9	126
36.44	183
36.42	107
37.97	44
35.6	48
43.79	3
34.71	120
36.45	149
36.07	119
34.42	84
48.04	13
34.88	112
36.66	54
34.75	136
45.87	7
32.43	109
34.23	94
33.65	82
34.39	115
34.52	98
33.38	125
34.69	44
34.88	188
34.93	175
36.51	122
35.67	120
34.87	123
37.5	76
35.61	121
36.12	100
36.4	72
37.09	78
36.39	52
34.42	125
34.51	113
46.39	5
35.09	109
33.67	43
33.71	34
34	124
34.59	125
32.57	119
34.14	100
35.69	91
35.23	123
36.01	101
35.07	75
33.78	108
35.48	67
33.79	125
32.83	116
34.8	82
33.52	101
48.45	5
34.01	121
45.86	1
34.83	116
34.16	118
35.34	50
34.8	119
35.44	94
36.82	115
34.86	209
35.08	118
34.02	73
33.96	126
34.75	37
46.11	12
34.58	111
35.33	89
46.04	4
34.6	76
34.45	71
45.1	6
34.38	112
36.25	53
34.59	123
35.72	119
44.31	30
34.55	121
36.66	72
34.12	122
35.82	110
34.81	106
34.92	44
34.25	110
33.6	29
34.54	116
35.34	123
33.57	101
49.49	24
35.71	163
34.5	94
34.31	109
34.08	116
32.78	115
34.75	160
32.4	80
34.19	144
34.99	134
35.08	94
34.54	222
33.4	24
34.5	77
34.19	156
34.32	150
47.79	3
35.94	65
33.76	113
35.91	150
35.33	166
34.05	110
32.83	126
34.69	109
34.68	126
31.98	119
33.55	76
33.77	109
50.81	3
35.44	120
34.5	28
32.81	121
34.72	92
33.8	120
35.65	125
35.42	36
35.52	117
35.87	144
34.92	87
48.46	0
36.02	106
36.74	123
35.41	120
35.33	43
36.18	124
47.56	27
37.34	97
38.43	79
46.13	11
36.92	116
36.27	100
34.75	125
37.4	107
37.2	121
35.02	85
35.53	123
33.43	107
33.48	110
33.72	125
34.85	123
34.87	107
33.82	98
34.46	120
44.71	14
35.85	107
35.88	126
35.02	116
35.91	123
36.4	97
34.21	116
53.32	1
44.18	4
34.28	125
35.98	97
35.35	72
33.35	29
46.6	9
34.69	221
33.62	54
35.62	137
35.53	92
34.41	213
34.41	126
34.45	180
37.03	137
35.56	92
36.83	106
34.37	117
36.21	126
35.46	121
35.5	104
35.23	73
46.31	3
35.19	169
35.12	106
46.4	7
34.81	79
35.56	66
36.77	73
33.38	126
35.37	124
34.35	125
33.73	117
34.36	49
35.01	92
47.48	14
36.2	191
36.15	111
34.72	123
36.52	90
34.84	94
35.95	122
36.53	105
35.89	75
33.57	119
33.92	53
31.71	113
34.44	124
34.58	146
42.47	15
34.43	122
32.58	93
34.88	176
45.67	4
33.26	121
34.21	86
32.59	60
34.33	82
34.78	104
35.35	128
33.08	120
35.11	83
33.51	126
34.6	102
49.67	12
36.38	120
36.33	37
35.52	107
35.67	126
34.82	118
33.9	120
35.08	118
34.59	114
36.41	99
33.44	78
34.44	226
35.41	158
35.3	122
33.06	16
34.42	87
35.03	87
37.41	81
45.11	14
34.04	125
34.69	123
34.13	98
42.85	11
34.9	109
34.08	123
33.84	122
35.13	79
35.9	82
35.07	83
33.96	77
36.81	114
48.55	12
32.98	56
34.98	93
34.54	74
35.62	159
34.79	55
34.09	105
34.01	27
35.82	102
37.92	115
35.29	115
36.12	101
46.7	10
35.58	103
36.78	84
36.08	70
36.13	121
35.44	63
36.03	103
34.21	103
36.08	150
35.53	123
34.5	114
35.98	120
35	124
35.81	86
34.84	61
34.73	111
33.77	126
33.02	111
34.77	117
33.87	102
34.81	118
34.1	112
33.21	8
34.66	122
33.68	87
32.44	124
34.03	212
34.84	139
33.92	93
36.34	121
33.35	117
33.64	112
33.37	119
35.37	150
35.87	105
34.6	83
32.2	100
44.4	21
35.74	177
34.37	120
35.02	60
34.49	98
35.8	54
33.81	118
32.39	119
34.88	174
35.49	47
36.19	106
33.98	86
34.36	117
35.25	86
46.47	23
35.47	120
36.72	102
31.98	9
33.72	16
35.74	93
34.45	27
45.2	4
35.25	61
36.94	97
36.05	66
38.1	96
37.51	78
36.98	28
33.77	97
35.16	122
36.86	126
36.61	118
35.35	122
37.53	151
35.77	123
36.39	121
36.68	105
37.78	91
36.14	62
49.25	7
35.07	94
34.92	131
34	126
34.53	88
35.8	121
35.59	91
34.91	123
33.98	124
34.29	125
36.7	74
36.4	172
35.92	98
35.83	67
35.24	210
35.02	118
35.47	123
34.99	107
34.02	84
34.93	66
35.42	75
33.23	47
34.06	124
33.8	227
36.38	148
33.36	200
34.85	77
34.82	97
34.46	170
34.32	183
34.09	114
37.28	95
34.99	125
36.23	70
35.24	126
35.47	121
41.44	12
46.88	6
36.45	96
34.95	111
34.45	126
34.76	67
34.18	126
33.66	47
32.93	89
41.23	14
34.47	49
32.95	124
33.7	228
33.38	91
35.64	75
34.04	222
34.32	92
34.32	161
35.12	214
34.4	126
33.36	96
41.02	2
34.3	82
34.6	98
34.62	77
37.2	70
36.31	115
37.54	123
36.82	78
37.55	108
38.05	87
35.41	124
36.4	88
36.03	37
38.46	70
33.85	119
36.24	94
46.14	13
36.87	101
34.7	155
35.75	104
35.01	123
36.48	69
36.22	79
35.98	95
34.35	105
36.43	114
33.99	36
35.13	174
48.64	16
35.15	164
34.84	124
35.94	52
35.47	126
35.58	104
32.59	107
34.06	146
33.23	36
32.97	21
34.16	47
35.87	120
35.08	95
33.97	56
34.93	116
33.42	126
34.23	60
35.25	72
31.68	118
33.24	89
32.38	55
35.43	117
34.36	66
32.57	67
34.42	162
34.02	119
33.81	120
30.33	17
34.64	121
34.99	96
33.01	40
35.74	61
34.57	175
34.68	67
45.01	14
34.81	161
35.2	122
48.96	9
34.42	112
37.16	99
36.21	40
35.91	105
36.67	77
35.71	164
36.93	119
35.57	92
34.93	147
34.89	120
34.88	120
34.34	100
33.97	61
35.75	153
35.78	109
32.55	123
34.52	173
33.83	62
35.01	118
33.16	106
32.88	124
34.78	119
36.04	108
34.96	134
45.45	10
34.57	116
34.76	107
33.08	33
34.06	167
33.63	114
34.23	96
32.73	115
33.58	97
34.91	188
47.26	10
34.84	114
34.55	125
33.41	126
36.04	69
34.24	111
35.27	117
34	112
35.81	93
33.79	3
35.76	96
34.35	64
36.24	148
49.69	3
47.28	5
33.36	105
35.12	116
36.4	83
35.43	47
34.68	105
34.87	49
35.97	193
36.44	95
36	124
36.26	112
35.34	100
35.73	114
35.43	124
33.49	31
40.63	19
36.35	91
35.22	49
33.42	116
36.15	184
33.7	38
43.62	11
35.95	95
35.43	117
33.96	118
32.08	106
34.62	85
33.74	206
33.4	110
34.13	62
35.74	111
35.87	63
35.54	108
36.5	66
35.44	94
35.67	100
100	0
37.53	199
35.71	122
35.58	77
35.21	125
33.57	88
33.89	114
32.99	23
34.56	183
33.58	117
35.73	115
42.01	2
34.47	126
34.57	97
35.87	73
35.52	91
36.18	115
36.72	97
35.39	71
35.13	72
49.12	4
36.04	114
36.06	63
36.35	132
34.5	116
36.72	148
35.85	123
34.8	117
36.04	102
34.55	120
35.95	94
35.93	113
36.07	104
35.89	116
34.27	100
34.98	119
32.33	124
34.13	60
34.93	100
32.84	93
36.28	83
35.16	102
34.17	100
34.56	102
35.13	63
36.74	81
35.36	99
32.4	121
34.19	107
34.06	67
42.23	15
32.56	109
34.74	129
32.78	105
45.99	1
35.34	142
35.86	119
35.92	110
34.34	72
33.67	101
33.01	52
35.26	125
35.9	118
34.24	45
35.4	95
36.1	75
35.21	74
33.02	44
36.47	151
35.44	71
34.52	118
34.61	89
32.53	42
33.07	79
34.82	65
34.67	68
34.75	119
35.29	170
34.23	124
34.57	123
34.4	95
33.9	122
43.88	18
34.7	83
42.93	18
34.56	111
34.35	94
34.65	122
35.67	60
34.87	105
34.38	125
34.64	73
34.79	95
35.77	48
35.54	87
35.34	121
35.52	213
35.65	124
33.46	120
34.06	28
34.3	61
33.29	121
34.86	121
35.92	70
35.94	93
32.91	100
47.2	7
35.61	190
35.8	94
33.75	121
34.24	33
34.2	115
33.6	81
34.99	144
35.38	60
35.85	94
35.21	83
35.44	109
36.23	105
37.09	57
35.3	91
34.21	103
36.2	164
35.71	214
34.57	55
35.51	102
35.6	46
33.54	105
35.54	116
35.45	54
33.98	96
35.42	63
34.99	48
35.75	117
34.79	124
34.55	114
36.02	113
35.1	73
35.02	112
48.33	7
34.89	113
35.57	126
35.55	55
36.47	113
34.78	125
34.61	66
36.13	96
35.22	88
34.52	102
34.67	17
36.63	103
35.35	117
48.14	6
37.03	50
33.91	114
34.69	109
34.27	45
35.59	118
34.5	113
34.54	174
35.26	125
34.55	72
36.03	119
45.17	1
33.62	61
37.02	88
34.54	109
35.63	153
36.66	140
35.58	112
35.89	123
33.49	123
34.77	45
33.63	90
45.75	2
34.67	85
33.44	46
32.94	100
33.19	219
33.3	95
33.9	225
33.23	74
34.39	94
35.81	118
45.17	1
34.69	109
34.29	45
35.43	91
35.59	118
34.49	113
34.54	174
35.26	125
33.81	101
34.6	72
34.85	109
33.17	85
35.1	102
36.2	95
36.85	117
36.7	105
34.49	115
35.97	107
50.24	15
34.52	115
33.66	126
34.29	87
35.71	118
34.84	89
34.08	103
43.47	3
35.51	79
34.29	125
35.57	102
35.25	109
36.86	77
34.91	117
35.41	96
43.85	2
36.03	120
37.09	96
36.02	86
36.69	93
37.1	113
37.65	138
36.34	113
43.98	4
37.68	109
37.07	40
37.48	124
37.95	70
35.36	105
36.42	105
36.78	186
36.96	156
33.62	76
32.77	47
35.04	88
32.8	117
34.42	52
33.97	185
34.82	115
33.79	192
32.21	19
32.09	94
35.42	112
34.59	211
33.03	120
34.71	69
33.87	35
42.86	9
44.5	9
45.1	9
34.3	181
43.89	12
48.27	11
36.08	114
44.62	1
40.9	27
36.83	83
35.52	116
35.01	73
35.27	126
34.59	115
34.87	107
35.58	215
36.12	93
34.54	112
35.49	119
35.68	96
35.84	101
33.84	112
34.1	109
40.05	141
35.34	148
34.11	95
32.93	99
33.81	112
33.21	123
34.2	82
34.7	96
32.35	102
33.96	87
33.45	124
46.07	26
34.66	126
34.01	117
35.36	105
35.61	99
36.28	94
34.85	120
35.35	87
36.84	119
35.71	118
36.43	104
46.51	9
37.09	90
35.69	120
36.22	104
34.28	126
35.92	90
36.8	93
36.74	126
34.58	121
36.21	105
35.36	125
34.49	115
35.78	97
32.46	121
49.62	10
36.19	54
36.58	151
36.1	121
36.31	110
34.21	48
36.2	103
36.08	93
37.26	63
35.24	115
36.45	100
53.48	7
36.83	52
35.12	86
37.52	65
36.54	41
39.27	24
36.23	58
35.83	81
36.95	164
37.43	61
37.67	68
36.1	63
35.89	206
34.73	122
36.53	106
36.06	76
34.28	73
33.81	98
35.47	71
34.96	212
36.89	115
34.08	106
35.08	66
33.99	126
43.02	3
36.77	58
36.76	97
34.61	76
36.8	88
36.55	124
33.69	94
36.11	203
44.05	9
36.75	116
37.18	80
34.78	120
32.95	124
36.18	69
34.76	66
34.5	92
34.22	106
35.63	84
35.19	53
34.32	112
43.21	41
34.67	15
36.21	200
34.58	102
43.67	108
34.85	124
36.8	44
35.68	34
36.48	194
36.36	123
36.76	108
32.49	119
34.36	45
35.45	146
48.01	12
34.06	123
35.21	124
33.57	97
34.75	75
35.23	124
37.15	83
36.41	110
36.75	75
36.02	105
37.31	97
49.34	9
36.02	25
36.31	84
36.55	117
37.6	110
35.42	105
34.23	105
46.32	4
36.91	61
33.71	54
34.86	61
35.13	59
31.94	122
33.79	119
34.95	121
34.37	86
36.33	84
35.55	119
46.27	9
35.32	126
37.52	83
35.51	110
39.91	3
34.91	103
33.57	126
43.59	15
33.89	126
33.69	115
34.76	214
35.85	76
36.52	114
34.1	98
34.06	105
47.43	2
34.04	106
35.08	51
36.85	184
35.97	109
36.18	120
38.84	84
36.65	52
36.75	81
37.84	172
36.92	110
35.8	39
34.69	123
34.16	119
43.55	35
34.65	96
34.54	122
37.66	101
33.81	125
36.79	84
33.65	15
36.57	117
34.5	125
34.82	108
31.36	121
46.18	12
32.69	111
34.18	150
34.01	117
32.38	115
34.24	119
33.61	108
34.42	120
35	112
36.01	43
35.22	101
36.15	43
34.86	109
35.04	67
35.92	126
35.8	43
36.16	121
34.05	106
34.99	120
36.08	104
36	90
36.69	103
36.27	83
34.59	53
34.4	206
35.25	105
34.91	176
34.79	125
34.63	89
33.63	123
32.97	110
35.77	105
34.6	109
35.36	200
32.71	120
33.01	126
32.82	104
33.24	116
34.69	126
33.77	103
34.83	80
35.36	121
35.31	107
47.71	12
34.62	160
34.39	67
34.12	108
34.86	125
36.08	121
36.37	100
36.18	55
35.06	44
36.23	82
34.39	15
48.11	15
36.64	102
37.9	80
37.67	69
33.55	29
36.54	174
42.16	13
36.5	72
36.24	116
35.59	196
36.28	29
33.83	111
34.87	122
34.61	122
33.11	80
35.56	110
34.86	118
33.68	119
33.61	102
32.6	36
33.07	102
33.98	225
35.62	109
45.21	4
32.94	123
33.11	79
43.03	2
34.3	119
35.57	109
35.79	112
34	126
34.94	106
31.68	7
33.72	102
34.9	125
34.02	73
34.48	113
34.11	115
34.41	211
34.41	62
33.71	113
35.26	108
35.25	81
35.13	93
35.63	105
34.95	92
50.45	8
32.86	89
36.69	105
34.37	169
36.74	114
34.94	99
33.96	123
35.23	126
33.04	70
34.18	90
34.06	39
34.28	123
34.71	115
34.58	89
34.5	104
34.62	98
45.88	3
33.1	117
35.54	111
33.89	101
33.93	70
33.96	93
33.18	123
31.57	126
35.2	69
36.34	46
32.63	125
35.11	202
34.2	93
49.15	15
33.59	53
34.94	52
34.49	122
32.9	102
35.78	108
34.32	121
34.8	116
34.88	111
32.83	100
47.1	13
34.91	83
34.9	59
33.44	97
34.33	123
34.8	165
34.77	175
36.38	102
34.96	112
32.54	126
42.27	2
34.59	54
33.21	92
34.78	76
32.88	26
34.55	116
33.46	85
33.62	118
34.94	118
35.02	100
34.12	84
32.71	92
33.27	31
33.69	109
34.17	114
33.93	90
35.6	104
34.07	194
32.77	80
37.04	90
42.9	1
34.27	117
36.25	96
38.24	88
34.62	124
34.51	73
34.91	119
36.03	120
34.39	119
46.28	30
34.92	101
35.16	112
35.29	102
36.87	119
35.27	120
34.06	119
35.28	86
37.5	54
36.1	119
33.36	34
45.68	13
33.88	115
34.5	112
32.54	120
34.27	110
32.7	86
33.25	101
34.18	87
35.34	114
34.6	213
34.28	123
34.74	106
34.8	119
33.8	120
33.59	49
34.23	148
33.49	149
35.81	112
34.94	127
45.65	1
34.24	120
34.03	116
34.77	106
36.1	87
35.77	73
35.65	122
34.55	100
34.47	178
34.98	108
34.04	120
45.85	7
34.95	75
34.75	46
34.26	45
36.21	67
35.78	118
34.23	101
34.32	72
35.75	119
34.92	70
34.46	103
33.1	126
40.38	17
35.08	62
33.41	110
34.95	98
34.2	190
33.36	52
33.75	70
36.43	36
35.57	109
36.37	78
35.92	111
35.79	112
36.65	120
36.75	94
35.04	96
34.12	123
46.2	2
36.14	88
35.3	107
35	90
34.7	119
37.97	78
33.92	120
34.57	103
34.57	181
33.65	122
34.52	74
35.46	108
36.38	112
45.36	7
36.17	125
35.25	125
34.47	103
35.64	33
35.42	113
34.53	125
34.49	125
33.41	47
34.87	99
34.03	99
34.09	186
34.6	160
34.97	116
34.22	99
36.69	98
34.86	57
34.78	126
34.81	92
33.75	114
32.63	124
32.9	114
36.74	120
34.61	126
36.16	50
34.74	120
32.77	99
34.3	121
34.93	92
35.75	92
33.93	122
35.84	75
37.4	141
35.78	89
34.94	74
35.84	120
49.01	21
35.14	122
38.29	4
33.38	85
32.83	88
33.27	62
33.82	113
43.72	14
32.98	113
32.41	25
35.11	178
34.17	66
33.57	81
34.41	103
36.8	102
34.62	31
36.54	113
46.69	1
35.4	208
35.54	86
35.2	109
33.41	56
35.59	103
34.87	124
36.32	17
37.47	89
42.91	3
35.34	101
37.44	78
35.51	95
38.63	86
36.33	121
34.9	73
33.82	126
33.61	117
35.52	109
38.41	60
47.74	8
35.28	113
34.85	123
33.67	121
35.35	179
34.81	124
35.89	107
34.39	38
44.22	9
35.13	115
34.47	52
36.32	159
34.91	108
35.69	112
36.12	192
35.85	193
33.56	49
35.02	100
34.24	128
43.74	20
34.57	105
33.38	101
36.28	76
34.66	160
34.02	109
35.47	115
37.47	85
35.01	61
34.6	117
34.27	85
33.29	117
35.48	81
35.51	108
34.61	98
33.46	125
35.52	60
33.54	90
35.42	33
34.36	113
43.69	25
34.24	142
34.56	126
34.24	62
33.85	73
34.22	119
33.35	54
33.34	75
33.36	31
32.94	124
33.5	29
44.6	2
34.71	83
35.58	118
31.68	121
32.45	27
33.08	109
33.2	121
33.41	90
33.7	99
44.7	22
32.08	75
34.53	96
35.61	79
35.73	27
34.7	148
36.48	101
35.38	102
35.25	126
36.7	31
36.26	126
37.53	57
36.48	124
36.69	98
37.14	126
36.2	126
32.25	119
34.74	107
34.88	99
33.86	224
33.66	208
34.96	91
34.57	187
35.58	98
34.74	85
34.15	122
39.91	58
35.29	100
34.85	123
36.59	72
37.7	176
35.04	121
37.7	62
34.17	77
36.85	82
35.62	123
37.41	115
35.19	106
35.19	96
43.4	10
35.31	120
34.81	119
45.24	9
36.9	120
34.75	125
35.29	108
36	179
42.85	5
36.16	104
35.54	126
36.05	146
43.84	14
33.88	98
33.75	107
34.02	81
35.11	120
33.3	116
34.32	122
33.92	81
35.83	109
33.43	124
36.72	58
35.49	50
34.69	119
34.88	124
35.33	36
52.83	15
35.17	123
36.16	120
35.83	126
36.13	94
34.78	121
37.87	79
35.22	122
35.31	102
35.58	71
34.67	104
35.64	182
34.62	98
34.67	114
34.33	82
44.69	25
34.72	177
33.92	107
32.75	7
36.07	82
33.08	97
34.92	101
34.31	113
34.15	42
43.08	8
32.95	95
33.49	112
35.46	124
33.17	93
35.37	99
35.06	69
35.25	109
35.71	92
33.89	106
48.93	11
36.37	108
36.49	74
37.57	71
34.15	75
35.64	122
33.05	113
33.58	157
33.54	119
32.61	108
34.79	219
32.05	124
34.29	72
33.62	142
48.81	3
32.16	116
38.82	110
36.36	145
34.98	78
36.74	122
35.75	39
44.61	22
36.47	164
36.37	76
36.29	60
37.24	174
34.61	100
34.16	124
35.05	126
34.27	123
36.08	78
34.27	125
36.34	110
34.76	93
51.38	10
36.35	117
46.99	16
34.9	126
34.06	122
36.58	188
33.98	124
36.13	80
36.11	102
37.2	105
35.98	119
37.52	110
34.31	121
34.54	113
35.21	96
36.49	31
35.55	104
36.16	62
35.34	88
33.07	23
36.5	110
45.31	1
34.47	114
35.09	84
34.15	115
35.74	121
34.77	95
36.73	95
35.56	63
36.15	86
35.34	72
36.72	90
34.09	123
34.56	38
36.51	108
36.5	65
36.8	209
34.79	224
33.42	123
33.84	124
36.55	44
36.8	156
37.89	119
34.68	122
35.66	109
37.06	110
47.21	15
36.21	87
41.81	5
37.31	95
35.61	66
35.83	122
45.05	7
45.03	2
34.84	89
33.75	202
33.76	122
44.82	6
35.33	29
36.06	170
35.81	148
35.7	163
34.14	97
35.52	123
36.6	103
35.75	178
35.15	108
33.65	105
35.5	107
36.88	88
35.07	106
34.8	75
36	102
33.42	117
36.8	80
37.03	68
35.63	79
46.02	10
35.15	81
35.28	91
35.44	186
36.31	79
34.14	121
33.66	120
35.02	105
34.82	125
36.16	122
36.04	100
34.58	156
34.05	118
36.56	110
33.96	119
34.54	58
34.67	124
35.62	109
35.5	98
33.89	179
35.65	91
48.14	28
34.54	111
34.36	88
34.83	116
34.28	68
36.98	69
37.13	102
35.45	84
47.69	0
37.1	65
34.53	122
34.67	123
36.1	122
35.35	66
34.08	102
35.3	98
35.37	61
37.42	115
36.49	125
34.81	125
46.8	23
34.53	125
35.49	87
35.83	121
34.18	126
36.73	47
36.8	113
47	18
35.36	115
36.07	68
34.63	101
36.04	121
35.05	118
34.2	126
34.52	108
35.89	126
34.87	91
34.14	62
45.95	7
34.66	119
34.07	125
33.41	106
34.99	90
34.98	108
35.31	94
35.12	108
36.71	79
33.33	126
34	60
34.83	112
34.07	104
33.98	79
33.69	127
36.08	99
35.35	82
34.91	211
34.64	77
35.14	153
34.98	109
35.03	104
35.42	117
35.77	124
36.97	82
48.03	2
35	88
34.43	84
35.94	101
32.74	4
33.65	117
41.63	14
34.73	68
35.64	123
35.07	67
32.3	126
35.56	112
34.18	121
35.61	125
35.08	109
33.11	120
35.86	103
34.8	80
35.58	77
33.41	103
35.48	77
35.03	153
33.77	208
33.81	126
46.83	11
35.39	180
36.04	115
33.02	121
35.07	69
35.03	65
35	65
34.37	136
34.7	89
34.62	108
35.76	104
37.81	97
35.38	86
33.26	116
48.99	14
36.09	106
36.41	90
34.44	104
35.92	122
32.81	120
33.05	100
35.2	112
33.66	95
44.1	22
34.97	87
35.76	61
35.77	120
47.28	5
32.86	77
33.94	121
33.82	73
33.45	113
33.68	111
36.03	131
33.62	99
33.63	158
35.25	51
33.46	106
33.63	125
33.01	125
34.29	84
45.43	6
35.69	109
36.29	136
36	76
34.09	106
34.34	28
35.27	93
34.94	134
32.78	119
36.11	145
35.2	153
34.18	109
37.44	103
34.56	101
36.34	91
46.74	6
34.64	126
35.05	123
35.57	113
36.82	105
36.79	159
35.28	108
35.52	76
35.74	100
35.76	90
53.87	4
35.86	106
36.3	101
45.87	9
35.4	125
35.94	94
36.71	25
34.64	125
35.28	151
35.56	97
35.89	95
45.39	16
34.24	119
33.57	63
33.78	117
34.76	103
33.09	116
34.19	125
34.92	82
35.17	105
34.95	141
36.91	89
38.22	119
35.83	122
35.45	90
38.11	102
36.86	73
36.53	114
36.65	104
37.27	78
44.69	0
33.53	159
32.94	117
32.84	83
31.43	32
40.5	22
33.84	94
33.01	74
35.09	115
34.98	108
33.27	63
34.94	99
31.9	7
32.53	115
35.04	115
33.09	98
35.48	93
34.98	114
35.8	102
33.73	119
45.17	5
32.6	102
32.4	48
32.48	126
33.19	104
47.35	11
35.15	104
35.46	102
33.38	85
35.55	48
33.94	31
42.68	11
35.16	181
34.54	214
33.63	46
34.29	121
35.62	73
33.7	110
35.3	64
33.76	124
35.19	96
32.86	11
35.59	90
33.61	72
44.17	2
35.77	99
35.81	84
34.84	124
33.08	124
35.92	88
34.13	86
34.54	83
36.82	70
35.93	104
30.28	7
35.94	121
35.12	42
34.5	82
34.44	83
33.71	32
34.09	39
34.19	125
34	80
35.47	110
33.57	126
35.3	120
34.75	78
33.31	92
35.28	100
34.42	90
33.05	50
34.36	200
33.85	106
45.65	3
35.7	123
33.24	71
34.38	110
35.45	119
34	36
35.46	101
34.72	166
36.59	78
36.52	137
33.62	111
33.21	119
34.3	50
32.51	126
33.89	85
34.91	111
43.56	13
34.96	83
35.41	175
32.27	122
35.61	124
33.56	102
32.77	90
35.39	138
34.57	105
34.44	98
33.61	57
35.58	135
37.38	72
35.57	108
35.41	129
34.72	63
35.1	163
34.49	117
34.95	71
50.63	23
35.51	64
34.43	97
34.9	104
36.23	89
34.64	113
33.44	125
33.78	107
45.75	5
34.77	93
34.17	74
35.19	56
33.48	115
34.73	122
35.28	62
33.01	117
37.27	111
36.05	111
35.24	113
34.73	122
36.61	55
35.24	67
35.11	123
33.51	88
32.5	114
34.48	98
34.4	119
33.21	30
34.81	67
33.53	94
34.1	177
37.35	82
34.9	144
43.9	16
32.34	108
32.22	125
33.3	124
41.98	2
37.29	117
35.98	122
35.38	179
33.12	120
35.87	116
33.59	110
35.41	92
35.67	121
34.74	119
33.84	41
33.88	110
34.49	89
46.4	12
34.13	120
34.7	106
33.58	126
34.44	59
34.34	214
34.48	161
34.19	110
33.29	202
32.84	98
33.21	117
37.02	102
34.41	184
35.69	96
34.52	120
35.81	125
35	110
35.89	30
49.12	17
36.97	115
33.8	126
36.32	86
36.4	68
37.35	65
34.48	113
46.41	12
35.47	103
36.53	112
36.82	87
36.1	102
33.98	123
35.17	113
37	113
35.07	106
35.08	115
34.83	30
34.91	104
32.85	118
32.97	121
34.31	107
34.42	101
33.23	108
32.13	123
34.01	95
32.83	76
34.36	149
34.38	94
34.02	95
32.37	119
33.6	104
34.96	117
34.81	96
38.82	29
38.57	57
34.83	126
33.67	122
42.35	10
35.34	121
33.84	126
35.82	114
36.68	110
36.05	112
37.12	36
34.82	63
33.14	120
34.12	75
34.23	114
35.44	55
47.95	12
36.11	67
34.75	65
34.88	132
36	125
33.49	103
35.85	98
32.58	25
36.41	136
35.81	157
33.91	63
32.09	111
33.21	113
33.98	217
35.33	111
34.48	104
35.5	101
44.4	4
34.53	122
36.25	103
35.64	94
35.04	86
35.54	109
36.24	81
34.08	119
32.64	90
34.89	28
35.76	137
51.53	12
35.16	88
35.42	39
34.57	99
37.53	78
35.28	192
35.74	86
33.75	175
35.91	93
35.9	143
37.66	30
34.62	113
33.28	125
34.36	87
35.26	53
33.27	25
34.61	199
36.12	108
33.61	116
34.52	148
35.18	122
34.8	99
35.11	124
48.62	0
36.01	130
36.94	123
34.27	53
33.97	76
33.77	105
33.2	128
34.24	63
34.21	145
34.11	99
34.18	52
33.64	39
30.83	116
35.35	79
34.64	79
45.38	3
34.62	119
35.43	59
33.7	93
35.07	77
33.17	109
34.72	123
35.19	139
34.52	113
33.71	73
32.99	116
35.62	160
42.84	28
34.3	119
33.95	118
34.92	102
34.82	102
34.63	71
35.07	110
35.94	92
32.62	126
34.9	141
35.68	119
35.44	54
35.15	122
34.32	63
34.45	124
33.71	203
33.28	132
35.06	120
34.51	129
33.22	115
34.15	121
37.12	102
34.07	94
34.41	134
35.16	120
32.87	135
34.96	137
35	131
34.34	127
35.07	121
33.86	94
37.31	102
34.27	128
35.85	107
34	88
34.92	137
35.35	73
36.4	127
34.8	125
34.58	117
35.03	125
34.19	120
35.04	120
34.38	123
34.95	121
34.58	219
32.92	142
35.99	233
35.51	137
36.18	83
35.09	85
34.96	83
33.71	40
33.47	114
35.15	78
34.84	120
34.77	127
35.14	137
35.81	99
34.1	103
35.54	236
35.63	253
37.41	78
31.93	135
33.7	135
33.75	109
32.81	140
33.59	133
32.71	115
35.22	108
32.39	141
34.48	56
34.67	114
34.25	117
33.52	117
32.77	136
33.52	130
36.79	90
35.2	132
33.34	133
33.36	142
37.35	64
35.64	121
33.49	127
34.12	174
36.23	107
33.01	135
34.7	34
33.51	120
33.51	120
33.17	136
32.52	142
32.88	109
33.38	118
32.27	142
32.98	134
33.57	132
34.85	220
36.59	136
35.25	122
33.25	128
36.26	256
36.76	102
36.97	55
35.66	107
35.64	128
37.91	91
34.29	127
36.89	224
35.43	97
37.07	89
33.9	116
35.55	120
35.47	119
36.63	112
33.2	126
37.18	105
35.07	112
34.77	126
34.68	25
35.99	113
35.04	120
36.07	90
34.69	127
34.15	120
34.15	117
35.29	120
35.29	120
33.81	133
36.11	91
35.4	123
36.97	100
35.38	78
35.79	127
35.21	133
35.93	117
34.3	99
34.55	111
36.34	114
34.1	120
34.87	139
36.63	115
37.18	77
37.44	65
35.16	125
34.69	135
34.62	123
34.94	75
34.1	63
32.52	136
32.3	142
33.71	121
32.39	126
34.7	166
35.09	37
37.04	74
33.69	113
35.04	89
30.98	139
36.69	85
33.49	97
36.12	122
31.73	139
34.05	272
33.97	109
31.4	134
35.48	61
36.52	83
34.42	107
33.69	123
34.68	131
34.71	259
34.77	97
36.26	79
35.36	119
35.1	96
36.44	122
35.9	78
35.52	136
34.09	109
32.21	127
34.96	134
35.7	76
33.4	123
34.24	137
34.22	190
33.23	133
33.34	124
32.88	119
33.82	110
33.28	129
33.24	119
34.97	118
33.97	133
33.89	117
36.14	74
34.53	105
37.01	115
34.8	259
33.9	117
33.7	45
33.54	118
35.1	87
34.08	116
34.44	113
33.54	269
34.72	75
34.22	133
33.32	134
35.68	50
33.6	273
34.18	133
34.03	133
34.03	133
35.32	234
34.67	51
35.37	109
34.2	107
33.35	124
31.64	128
32.48	254
32.25	135
34.95	117
34.95	117
33.05	136
35.18	121
34.95	121
34.34	141
34.63	126
36.42	119
33.59	135
33.32	128
32.59	134
33.75	134
33.85	133
33.85	133
33.8	40
32.48	138
32.31	137
32.24	128
35.02	90
32.84	137
32.52	135
35.59	79
34.77	125
34.52	103
33.73	255
34.88	104
35.17	237
32.38	112
33.2	133
35.58	79
35.6	107
35.14	14
34.24	89
32.79	228
34.05	129
35.84	106
34.39	107
33.08	120
33.46	131
34.92	56
32.67	138
34.88	138
35.22	85
34.69	4
33.59	75
32.41	136
34	137
33.25	132
33.05	141
33.41	136
35.32	131
32.79	138
34.56	138
36.31	80
37.21	68
