sim	len_diff
34.06	53
34.23	92
34.43	123
35.2	26
33.5	61
34.65	115
35.51	38
33.17	58
34.28	47
34.07	34
33.07	94
35.99	47
33.26	87
32.77	77
33.02	42
34.41	34
34.68	32
32.75	51
34.82	41
34.8	103
34.45	22
35.62	48
32.39	53
34.21	110
35.78	56
33.43	50
33.39	63
32.92	54
33.82	59
34.23	54
34.16	59
34.37	70
34.51	41
34.53	56
32.54	40
33.91	48
34.66	27
33.7	62
33.91	95
34.01	63
32.87	34
32.34	64
33.64	57
33.91	42
31.82	61
33.65	60
33.39	113
32.25	62
34.55	126
34.72	123
34.58	126
33.01	104
34.63	38
32.96	53
35.13	74
34.98	89
35.13	74
34.98	89
34.69	18
33.65	15
35.55	35
33.27	119
33.27	119
33.49	53
34.38	24
33.74	45
33.27	54
34.15	57
33.63	55
32.83	62
33.39	48
32.1	61
32.67	101
33.75	45
31.15	50
32.58	48
34.74	39
36.57	5
36.57	35
33.35	61
31.86	53
32.62	41
34.07	44
32.1	60
35.32	51
34.32	40
33.82	58
33	47
34.84	79
33.78	27
37.67	24
31.83	64
34.05	57
31.41	55
32.25	51
34.78	39
33.16	128
33.88	117
33.34	40
34.42	77
33.04	60
35.53	30
33.75	49
32.41	39
34.37	36
34.64	64
34.64	64
36.08	41
33.28	59
35.64	54
33.44	36
34.54	55
32.6	60
35.55	29
34.75	58
32.98	57
31.53	38
33.57	26
34.42	24
35.21	34
35.58	50
35.48	45
33.6	62
34.29	30
35.63	78
35.06	55
32.95	51
36.1	35
33.52	43
35.53	51
35.74	45
32.9	61
35.16	57
34.87	39
33.23	57
33.04	64
35.38	37
31.9	58
32.62	108
35.12	4
35.84	27
33.37	63
35.37	39
31.83	59
33.08	63
33.17	52
34.33	64
35.23	75
31.83	59
33.9	61
31.67	108
31.83	59
34.84	55
35.21	28
34.83	25
33.12	40
33.39	50
33.02	90
32.15	59
34.36	62
34.48	64
34	74
33.22	40
32.53	34
33.05	39
36.6	27
33.82	51
33.31	119
33.98	51
34.77	72
34.3	91
34.76	28
34.79	111
34.6	55
32.42	2
31.35	60
31.52	56
35.78	57
33.61	55
30.93	45
32.11	64
32.44	110
33.71	61
33.64	50
31.92	96
33.71	61
34.39	64
33.64	103
34.72	19
33.45	63
34.64	59
32.36	47
35.4	39
34.42	64
32.03	63
31.82	53
31.5	64
32.45	64
33.09	56
33.01	60
32.1	64
33.4	54
33.17	64
32.14	62
31.82	64
32.34	46
33.49	98
33.5	83
32.67	60
35.62	40
32.95	96
33.01	48
32.89	49
33.05	113
35.01	96
32.7	64
34.9	48
31.99	62
34.68	9
34.25	35
36.91	22
34.58	25
33.53	57
33.96	63
32.38	61
30.56	60
32.55	38
35.58	52
31.71	60
34.02	59
32.35	62
35.11	62
33.75	55
35.42	49
33.18	64
32.41	56
31.5	61
35.81	73
32.4	57
31.03	64
32.4	49
35.2	47
32.57	56
30.78	64
34.37	53
32.77	61
33.6	45
34.53	59
30.52	58
34.84	48
33.28	57
33.56	59
32.85	59
35.7	52
34.26	55
33.82	58
32.75	64
33.65	60
34.03	37
33.7	31
33.07	50
33.21	51
35.1	54
33.13	45
31.58	64
32.82	64
32.55	53
34.99	39
34.52	51
33.44	58
34.48	60
34.53	64
33.73	108
33	113
33.77	26
33.54	103
33.08	102
33.37	99
32.8	19
32.75	44
34.28	44
33.62	120
33.84	58
34.11	62
32.22	38
34.68	32
33.28	59
35.17	30
32.8	117
34.9	34
36.25	37
35.42	50
32.32	62
35.67	15
34.99	46
34.45	55
34.45	59
32.44	60
35.56	46
33.39	51
35.64	56
33.95	58
34.23	49
34.98	22
33.98	34
34.83	60
34.52	56
32.18	48
34.96	49
32.85	113
34.04	115
36.36	35
35.84	48
32.6	61
33.22	37
32.87	48
32.97	56
35.78	38
32.56	58
32.5	45
34.52	18
34.7	38
33.9	52
37.03	60
35.7	56
34.57	29
31.99	48
33.18	47
35.63	82
34.61	44
32.34	62
33.32	61
31.66	46
33.53	9
33.28	44
34.54	97
31.72	46
35.37	35
33.54	63
34.68	55
35.45	40
36.57	47
32.19	128
34.58	39
33.4	19
33.01	27
35.25	46
34.6	46
35.21	48
34.87	75
34.31	51
33.76	85
32.37	29
34.77	53
35.01	41
32.89	25
33.44	56
31.66	32
34.84	51
31.94	97
37.09	10
35.25	46
34.97	101
35.43	84
36.26	89
38.39	45
33.71	96
35.31	24
34.34	87
34.09	45
34.61	29
34.01	54
34.39	51
32.85	37
33.63	45
37.08	56
32.97	48
33.66	44
35.5	22
30.67	41
33.07	25
33.58	90
34.53	52
33.43	84
33.17	24
32.43	50
34.47	52
35.44	63
32.45	29
35.73	41
33.89	98
35.05	30
32.61	53
33.66	50
34.14	43
36.4	26
35.8	74
34.32	26
34.03	55
34.28	54
34.97	77
34.86	37
35.75	50
36.75	5
33.85	29
36.19	15
36.46	52
35.27	83
35.25	39
35.27	83
33.26	83
33.78	29
34.87	11
31.35	6
34.54	49
35.21	56
34.02	93
32.22	29
35.9	40
33.47	75
33.71	56
33.08	87
35.26	71
33.59	94
34.55	52
31.9	25
34.89	34
33.2	88
33.59	94
32.76	88
34.35	44
35.72	46
34.98	83
36.71	35
36.7	71
34.96	8
39.12	54
36.37	55
36.78	82
32.64	40
36.38	33
35.23	28
34.43	54
38.25	42
35.48	27
33.91	55
37.91	25
33.53	53
35.29	46
36.1	56
32.42	55
34.99	46
35.49	67
35.05	56
35.26	43
34.6	70
34.16	44
34.74	52
34.4	46
34.18	48
32.26	53
34.87	62
35.49	46
34.44	35
34.67	48
34.2	53
35.36	97
36.87	32
34.05	53
42.83	5
33.08	54
33.17	29
34.13	55
34.23	95
34.06	26
34.03	38
34.66	30
33.9	38
32.68	53
32.18	87
34.89	53
33.78	96
35.03	35
34.18	53
33.1	92
32.7	97
34.49	69
35.49	9
35.52	40
33.02	34
34.19	45
33.27	5
33.79	87
35.29	93
36.44	22
35.15	99
36.16	55
34.03	18
34.64	43
36.05	47
33.2	46
31.86	31
31.4	91
33.98	37
33.55	100
35.26	56
34.69	33
34.27	38
35.21	87
32.13	21
34.42	21
35.53	64
34.5	42
34.28	100
35.55	76
37.6	22
35.59	43
35.34	42
36.68	67
35.89	77
33.8	47
32.01	90
34.51	55
31.6	50
34.31	82
34.84	56
33.51	34
35.73	45
33.65	43
34.8	43
34.6	50
33.52	55
34.13	26
33.59	56
33.5	80
35.44	82
33.89	38
34.75	25
34.92	71
31.67	13
36.27	68
35	29
35.58	46
36.56	48
33.34	54
36.69	7
36.39	31
34.72	75
37.55	54
36.85	32
35.1	38
40.07	35
35.73	51
35.41	49
34.61	18
35.16	48
39.66	11
37.1	16
36.04	56
35.66	50
35.46	46
35.74	46
33.63	35
32.42	54
33.02	41
37.39	41
34.78	35
34.78	52
31.46	44
34.53	56
36.72	44
35.83	57
36.85	11
36.07	51
35.05	25
35.08	83
34.39	87
33.71	54
34.57	24
35.49	45
36.26	15
33.75	71
33.1	56
34.03	91
32.43	30
33.54	21
33.46	15
33.77	53
33.56	82
32.68	57
33.96	23
35.6	23
34.5	90
36.87	11
36.62	35
35.15	44
35.25	59
35.46	40
37.46	49
36.05	54
34.94	56
34.52	50
35.85	76
32.57	49
34.22	46
32.89	56
33.96	37
36.25	56
34.93	52
40.62	7
32.88	49
35.27	44
34.51	61
34.89	47
34.5	55
34.39	32
34.84	90
33.41	42
34.74	42
33.45	43
31.87	55
35.36	56
33.58	49
32.82	55
32.98	48
34.9	102
33.33	99
34.58	51
37.04	28
32.41	48
34.04	33
33.93	47
37.96	40
35.26	54
36.12	27
34.69	53
33.68	49
35.31	38
34.91	91
35.47	39
36.43	86
35.91	55
35.27	42
34.17	52
34.42	47
37.1	42
47.2	11
35.23	91
43.11	11
35.89	55
34.14	49
39.87	4
37.24	17
35.34	53
35.75	101
35.36	53
39.7	39
36.76	61
35.84	55
34.17	44
35.7	78
38.51	51
35.53	23
38.75	40
37.38	38
37.12	46
34.53	25
36.04	18
37.03	54
35.84	55
34.44	50
34.69	42
35.82	38
33.52	10
33.67	29
33.79	48
35.47	56
35.76	54
33.55	92
32.03	30
35.35	37
34.04	40
34.64	48
34.8	47
35.78	56
33.69	31
33.93	71
33.72	56
33.06	54
32.87	48
32.02	31
33.77	17
31.64	27
32.78	50
31.51	79
31.51	79
32.67	37
32.5	56
32.5	56
32.02	31
34.92	32
38.28	31
32.96	49
33.32	8
37.01	48
34.74	54
35.15	56
35.9	63
35.05	36
34.86	48
33.79	32
34.26	56
34.86	68
36.21	24
34.93	70
32.39	9
33.07	48
34.6	35
32.52	27
34.55	80
33.5	97
33.14	97
32.39	3
34.62	45
32.21	93
34.86	42
32.84	39
33.21	34
31.46	17
34.07	98
33.96	54
34.52	31
34.5	45
33.78	24
34.57	28
34.42	17
32.75	50
32.17	51
33.68	93
33.05	34
34.96	49
34.53	52
34.53	26
31.78	29
33.03	27
42.18	4
35.25	56
32.87	86
34.53	26
34.53	26
37.56	13
35.17	55
37.07	83
34.77	101
34.06	73
44.42	3
35.21	23
34.52	45
35.21	23
37.87	25
33.58	37
34.14	20
32.03	51
33.95	78
32	51
34.61	50
35.42	39
31.82	37
32.68	47
31.14	37
34.26	33
34.41	46
33.42	50
34.8	41
35.28	74
35.81	51
32.72	55
32.46	87
35	56
34.52	88
32.36	11
35.04	46
42.74	1
31.68	52
34.53	56
35.78	78
33.36	29
34.97	49
39.87	3
33.53	53
35.48	46
35.58	13
35.52	93
35.13	94
33.71	55
35.42	50
36.58	55
33.2	47
35.2	75
35.73	43
32.64	55
35.37	24
34.57	48
33.19	78
32.99	101
35.01	53
33.32	80
32.86	47
33.34	47
33.71	31
35.09	20
35.67	44
35.11	72
34.42	15
33.55	40
34.2	56
33.5	48
33.5	70
35.56	27
34.55	68
36.34	82
34.58	55
35.16	8
34.95	52
35.99	55
36.21	18
35.21	44
34.56	83
38.84	40
37.13	38
34.9	70
36.14	56
35.06	96
34.75	56
33.65	45
35.2	35
36.03	28
34.45	54
34	50
34.59	43
34.97	78
32.81	53
34.62	56
33.87	44
34.92	26
34.39	25
34.55	19
34.97	81
33.62	58
33.41	20
35.21	95
36.33	21
33.17	46
42.07	3
34.12	53
39.73	18
35.67	52
34.96	56
34.26	28
35.02	78
34.57	55
35.31	20
35.17	55
34.85	41
35.25	47
35.07	49
35.39	55
36.03	48
38.82	36
33.78	77
34.1	52
35.95	93
35	28
34.29	37
33.72	45
35.25	56
37.17	46
33.78	49
35.04	35
36.93	56
35.1	55
34.26	30
37.13	3
34.47	52
37.89	17
35.06	6
36.04	56
35.28	55
35.89	71
37.02	45
32.46	40
34.89	28
35.88	69
32.89	42
33.11	51
34.78	18
34.23	45
34.22	48
34.33	54
36.3	38
34.9	71
35.79	42
33.98	66
38.23	33
34.29	47
35.47	70
34.93	30
34.67	70
34.59	88
36.06	46
34.31	45
34.41	95
35.35	52
35.25	87
36.67	12
36.06	87
35.33	37
35.1	56
34.59	40
33.71	40
35.73	21
33.67	37
35.25	48
37.64	36
35.27	54
34.15	34
34.62	34
36.46	23
33.95	48
35.22	38
32.98	94
35.81	39
34.17	82
33.32	54
33.29	46
32.09	22
35.42	55
36.51	38
32.39	55
33.12	48
34.83	47
34.16	80
33.53	94
32.67	72
34.45	12
35.21	41
32.78	15
32.97	48
34.28	14
34.07	98
31.6	27
36.39	32
33.85	47
35.89	56
34.68	68
36.03	37
32.71	54
32.64	43
34.17	69
34.87	90
35	13
33.09	53
35.57	78
34.68	49
35.65	79
35.56	98
36.36	24
34.27	37
35.89	55
34.66	70
36.2	51
35.63	56
36.64	10
33.91	54
34.89	28
33.97	50
33.2	42
35.21	47
36.57	52
35.35	56
33.34	23
38.13	18
33.96	30
36.47	40
32.93	29
33.7	19
34.38	54
32.87	55
32.39	27
36.62	38
35	56
37.08	28
34.25	36
36.07	51
33.6	49
34.64	49
35.74	55
35.53	41
35.05	51
34.54	94
33.62	38
33.83	85
34.1	6
34.41	18
35.41	73
34.21	29
33.7	99
33.48	74
33.94	91
32.92	38
35.27	52
34.26	56
34.79	84
33.8	84
33.44	85
33.47	51
35	53
35.77	55
33.34	100
33.57	2
34.5	47
35	56
35.54	47
35.73	1
34.42	45
34.66	46
34.49	95
35.41	27
33.97	14
35.82	56
34.33	40
35.46	56
33.35	90
34.29	100
33.06	88
35.38	26
34.03	54
32.78	52
35.91	51
33.85	101
32.57	90
32.65	29
36.67	56
33.51	55
33.8	50
35.15	51
35.59	50
33.89	48
33.63	58
34.48	33
33.61	29
33.78	89
35.28	20
33.34	39
34.13	37
34.56	32
34.03	26
34.53	39
33.49	52
32.29	30
32.82	40
34.6	54
34.82	54
33.91	47
31.19	14
34.49	35
34.7	40
35.14	56
32.89	38
32.6	23
34.7	29
34.42	60
34.34	53
35.07	41
35.35	51
34.58	45
35.33	56
34.62	101
34.26	67
34.03	28
34.11	53
34.35	43
36.07	49
32.62	56
30.78	54
33.49	48
32.3	52
34.22	53
33.74	55
39.36	29
39.88	50
35.83	43
38.38	42
36.09	35
34.64	50
43.59	13
34.42	78
35.16	55
34.42	27
33.52	93
36.31	48
32.65	50
35.32	53
33.07	27
35.31	26
34.29	45
33.45	40
34.73	21
35.16	78
32.68	63
31.42	37
34	53
36.03	54
33.89	44
32.76	11
32.65	53
34.47	74
34.35	95
33.16	46
34.23	44
33.53	16
34.43	43
32.99	81
36.16	8
34.54	56
36.12	41
42.89	6
34.84	62
34.07	73
34.8	73
34.74	54
37.2	45
34.15	45
35.56	82
33.36	100
35.1	37
35.94	90
36.22	47
34.35	45
35.46	46
32.89	38
34.1	38
34.34	42
35.1	39
34.01	43
33.63	32
34.53	45
36.77	38
34.89	41
33.92	41
35.17	55
34.94	56
34.32	39
33.9	53
32.44	42
33.84	97
32.77	51
32.69	44
35.59	51
34.24	71
33.91	56
38.12	44
34.17	52
33.64	56
34.3	94
33.82	43
34.46	48
34.71	33
35.79	38
34.2	33
37.65	28
33.96	33
36.23	91
34.76	29
35.2	53
33.03	50
35.21	28
35.85	55
35.8	29
39.89	5
36.13	35
44.04	5
32.01	41
31.38	37
34.69	48
33.75	56
43.63	18
34.03	49
38.72	13
33.85	54
33.91	56
36.37	50
36.77	45
35.7	36
37.32	20
34.99	48
32.7	44
34.23	31
34.15	42
33.65	36
35.78	32
34.81	81
32.19	50
32.36	29
33.65	42
34.79	54
35.34	40
35	82
33.27	27
35.53	56
34.04	33
35.1	86
34.71	29
33.24	51
34.61	53
33.39	55
35	38
35.47	39
34.17	65
35.76	29
36.47	28
35.24	46
34.72	22
35.63	63
33.78	94
35.99	97
35.22	55
33.6	40
32.59	15
36.32	55
33.05	6
33.06	38
38.32	39
33.38	44
35.28	32
35.98	53
32.93	30
35.06	33
34.51	54
34.48	55
35.31	42
37.75	47
34.87	47
35.2	41
35.42	51
35.67	48
46.51	6
34.96	45
35.31	44
34.48	66
35.06	47
35.1	39
32.76	41
33.5	18
35.3	56
33.4	41
33.51	50
33.96	56
35.03	39
32.61	54
33.35	52
34	9
32.36	18
33.73	86
35.98	45
33.64	83
34.09	52
35.29	39
33.39	43
31.23	11
34	40
35.59	33
33.06	49
33.71	3
34.38	95
36.78	32
35	56
34	90
34.16	52
37.07	20
34.01	54
45.52	1
34.74	52
36.88	54
38.64	33
33.54	37
36.87	36
36.1	50
37.56	45
35.52	32
34.08	6
36.36	41
33.46	43
33.22	43
33.92	54
35.43	36
34.28	48
34.55	27
33.72	63
34.88	88
32.41	17
34.99	53
32.86	40
35.28	55
33.78	44
33.51	29
32.9	100
33.45	98
33.96	42
36.13	27
33.6	48
34.35	40
35.22	39
34.87	20
33.85	52
33.63	52
34.64	92
34.52	55
33.85	35
34.42	42
31.97	43
32.89	42
33.1	29
34.59	99
35.01	40
33.82	6
34.36	56
31.84	53
33.05	73
32.3	55
33.43	46
31.79	26
34.09	44
33.79	38
33.72	45
34.2	93
33.38	73
32.25	40
33.4	36
33.96	55
34.57	45
33.97	13
34.53	25
31.75	83
31.78	55
32.35	38
31.51	38
33.65	74
35.72	9
35.46	26
34.58	86
36.48	24
35.12	74
34.99	97
38.13	54
34.95	26
35.38	29
34.35	14
35.15	66
38.02	50
35.72	52
34.2	77
36.97	31
35.76	30
34.81	54
36.19	28
34.01	23
34.92	42
35.94	26
35.13	91
34.14	47
34.75	23
33.15	54
35.63	66
34.44	97
33.45	43
35.02	56
32.72	46
34.42	31
33.92	76
36.26	65
36.46	81
35.01	53
35.24	101
36.31	55
35.39	28
36.26	48
36.51	52
35.17	13
34.68	47
34.3	35
32.64	42
36.51	54
34.19	77
33.04	52
34.14	38
34.42	70
33.37	58
35.83	36
32.56	43
33.11	21
33.51	56
33.23	42
33.49	52
34.21	39
33.81	34
34.79	41
35.29	39
35.53	54
32.97	48
35.25	53
34.54	56
34.37	39
34.24	53
34.28	49
34.71	56
36.1	28
33.46	48
33.23	85
34.36	41
33.26	63
32.82	43
33.48	38
34.4	43
36.61	25
32.65	5
34.74	76
35.3	51
35.75	56
33.17	42
34.84	45
32.86	44
35.75	41
33.31	69
33.53	20
34.6	29
33.85	51
34.69	41
32.99	47
33.35	41
33.22	52
32.82	49
33.95	58
33.8	42
35.19	67
33.86	55
32.42	45
31.42	56
33.79	45
34.4	102
33.24	95
34.27	65
35.02	53
35.39	35
35.04	32
32.04	4
35.28	27
34.66	101
34.62	34
35.28	44
36.6	26
36.16	52
33.24	3
33.53	14
34.69	97
33.84	55
35.41	42
34.77	83
36.51	49
33.02	55
34.66	37
35.07	83
35.05	60
35.74	56
35.14	88
34.97	85
34.82	50
32.19	10
36.71	34
40.64	5
37.06	7
34.75	44
35.78	19
34	31
35.06	42
34.49	43
37.28	92
34.5	84
34.12	56
33.5	8
36.63	27
34.24	51
33.56	94
33.48	52
32.52	15
34.93	56
34.18	74
33.38	98
33.32	45
35.35	56
34.36	26
33.35	46
35.18	18
36.54	44
34.64	35
32.31	46
35.01	36
34.28	50
34.33	19
34.75	36
35.76	81
34.07	44
37.13	79
34.95	39
35.8	69
36.58	55
35.64	51
36.3	68
34.26	54
32.29	43
33.42	24
33.19	21
33.38	29
34.98	80
33.83	53
33.49	26
35.85	41
33.63	63
32.51	47
34.6	56
37.31	27
35.12	63
34.9	30
35.48	54
35.62	49
36.08	100
34.88	68
34.09	48
36.19	76
34.07	46
32.27	38
33.77	48
33.2	38
35.1	56
33.14	55
32.37	14
34.23	19
32.35	48
33.49	40
35.71	47
36.07	45
35.42	48
32.75	49
35.57	55
35.92	25
34.86	41
34.89	19
36.95	62
33.21	53
35.31	43
35.1	42
35.69	56
34.85	71
36.93	60
43.19	5
34.35	54
34.6	52
33.96	23
33.57	54
31.87	3
30.65	51
36.35	53
34.29	10
34.21	40
31.72	27
36.62	9
34.85	29
34.57	56
33.25	5
33	46
35.53	47
33.39	45
33.12	48
33.6	46
33.42	54
35.63	29
35.15	41
35.16	56
34.53	54
31.55	44
34.91	44
34.36	30
36.1	53
33.89	49
32.63	91
34.19	38
34.28	46
34.33	23
33.9	54
35.9	95
39.46	9
36.22	87
35.12	40
35.35	50
34.15	49
34.77	28
35.31	77
35.74	55
36.76	33
36.65	53
36.51	53
36.12	36
35.62	49
36	55
36.3	14
37.25	17
37.49	39
36.95	94
35.56	75
35.74	48
36.02	58
34.48	51
35.31	71
36.05	18
36.22	36
34.85	37
35.25	51
35.26	34
34.22	51
36.05	8
35.48	18
36.24	90
33.93	39
36.35	46
36	55
35.94	48
35.64	89
38.45	2
36.53	41
34.7	55
36.41	24
33.91	51
34.02	33
34.85	79
34.97	79
36.49	9
35.21	56
33.35	99
35.04	53
47.25	6
35.03	12
45.47	14
34.49	20
42.85	6
35.35	73
41.87	0
37.98	48
34.62	28
35.59	55
34.75	45
35.58	24
36.95	66
34.26	31
34.43	80
35.24	51
35.51	32
36.41	50
35.58	49
35	9
35.4	31
34.33	56
35.27	24
38	41
34.28	51
35.28	39
32.87	3
33.79	51
35.74	53
33.03	54
34.23	79
34.81	33
34.85	41
34.87	46
35.39	55
33.65	56
34.56	94
33.54	36
36.55	57
35	63
33.66	50
32.8	36
34.32	31
33.74	71
32.47	13
35.31	48
35.59	21
32.76	27
36.92	45
33.67	84
33.5	77
35.85	52
33.28	52
34.03	33
34.05	6
34.3	43
34.12	97
32.84	101
33.2	71
33.35	32
34.84	56
34.41	92
35.21	28
32.3	52
37.58	35
35.31	40
34.54	51
33.25	99
35.67	25
35.36	70
36.2	54
33.14	39
32.6	54
34.05	51
34.08	33
33.06	24
35.14	55
34.31	52
34.5	54
33.68	43
35.67	70
34.58	34
36.73	96
33.86	1
34.64	52
34.65	30
35.05	101
34.15	52
37.94	48
34.64	43
33.86	100
34.91	93
34.01	90
34.58	53
36.28	14
35.65	74
36.72	37
36.82	47
35.69	41
35.16	36
37.13	34
34.96	48
35.25	47
36.76	55
36.46	29
36.66	39
37.21	52
45.76	11
36.4	50
34.34	55
35.99	28
33.32	44
35.52	56
32.35	49
33.68	49
35.46	44
34.18	55
34.95	13
36.1	30
33.08	53
35.37	35
34.79	47
35.82	67
34.82	55
35.69	50
34.98	55
37.08	53
40.09	13
33.21	68
36.98	45
36.19	48
34.57	93
36.58	50
34.52	52
35.67	39
34.79	35
35.78	38
36.15	42
36.11	55
34.96	49
35.92	42
35.05	71
32.57	54
34.92	44
33.38	101
37.1	37
35.91	96
36.32	13
36.25	55
33.41	54
33.31	98
35.15	41
39.13	2
35.33	98
34.69	89
32.33	56
31.67	56
34.11	56
35.03	51
35.27	47
36.43	35
34.59	89
33.16	36
36.63	55
38.22	9
36.46	79
33.82	8
35.25	56
34.04	47
36.78	40
35.1	47
36.63	53
35.46	54
35.82	49
35.45	40
36.76	29
34.77	38
35.41	73
32.76	55
35.23	55
37.7	55
36.33	46
34.22	42
35.61	55
36.29	50
34.53	21
35.37	37
33.52	45
46.94	9
35.49	52
33.3	35
35.46	79
33.5	42
35.61	92
37.57	62
34.23	56
34.96	54
37.1	46
34.46	24
35.75	55
32.54	73
34.24	20
34.94	56
33.81	53
35.21	42
34.17	55
34.26	89
35.27	46
34.51	58
35.51	43
35.1	47
36.08	22
35.52	96
35.64	33
37.1	91
36.46	99
35.96	55
36.2	56
34.81	57
33.85	14
34.65	99
33.81	20
34.17	56
32.97	45
34.63	19
32.82	56
35.75	42
36.16	55
33.97	86
33.97	86
33.31	35
34.17	83
32.77	75
34.74	48
33.15	93
33.62	24
34.29	43
34.59	93
34.07	28
34.69	49
35.53	17
34.83	69
34.03	56
48.42	6
32.78	52
34.67	44
34.7	46
34.39	38
33.86	48
31.93	44
36.67	38
35.08	98
36.2	43
36.93	43
36.27	48
37.92	35
35.89	55
36.63	44
35.94	80
40.69	7
33.9	54
33.64	73
31.84	51
34.83	12
35.17	53
31.99	56
34.99	49
34.2	39
34.21	33
35.1	56
35.71	37
37.63	28
34.89	56
35.82	51
34.67	92
33.19	53
33.2	20
32.66	50
36.16	52
34.25	56
35.27	102
38.83	52
35.65	55
33.67	52
34.45	78
33.84	55
33.55	3
35.89	76
35	47
36.73	26
34.03	36
34.65	50
34.43	49
33.35	7
35.89	37
35.57	53
34.75	39
35.2	50
34.85	48
34.6	55
36	53
33.58	56
33.46	36
34.79	56
34.01	87
35.14	38
35.12	38
36.6	44
33.78	56
34.21	33
33.57	45
32.99	28
32.75	28
36.79	32
34.34	51
35.45	55
36.92	73
34.93	101
33.95	96
34.18	94
33.8	55
35.36	36
32.53	48
33.39	26
35.8	51
32.86	48
34.75	56
31.59	29
32.37	56
34.27	74
36.89	48
35.15	56
36.32	56
34.81	37
33.56	45
34.59	100
35.05	100
33.09	30
36.74	40
34.41	73
34.33	20
34.3	56
34.84	55
34.32	47
32.41	56
33.15	32
36.07	67
34.43	63
33.53	99
35.6	14
32.74	33
33.67	81
35.28	56
33.15	66
33.26	44
35.48	40
35.03	45
34.69	39
32.36	15
35.35	38
34.21	56
36.1	67
35.94	41
34.6	59
36.59	24
35.02	75
34.12	80
35.87	30
33.67	18
34.09	55
33.51	47
35.84	50
34	56
34.39	57
37.81	28
33.38	52
33.53	50
36.84	56
39.64	27
36.29	50
35.21	95
37.42	28
35.28	42
35.18	74
34.88	19
34.89	71
34.62	47
35.1	56
33.47	32
38.14	46
34.36	95
35.49	38
37.67	34
33.89	46
35.79	45
34.21	52
34.21	60
35.35	49
35.48	39
33.48	47
35.52	56
33.9	54
33.92	41
36.46	47
33.13	53
34.56	50
33.39	55
34.53	37
35.17	42
33.61	55
32.64	23
34.32	51
34.17	38
34.85	82
36.42	48
35.01	50
36.69	38
33.93	94
40	1
33.61	54
35.1	56
35.09	40
35.37	15
34.45	16
33.59	86
33.21	56
32.15	56
33.82	87
33.5	78
35.53	55
32.57	11
33.61	98
37.25	38
34.37	69
35.57	88
34.47	63
33.93	30
36.37	28
34.88	61
34.1	42
36.75	40
33.33	34
34.89	56
35.43	36
31.75	53
34.02	37
33.05	92
33.39	47
35.43	52
34.75	34
34.41	94
34.21	52
32.78	47
36.25	48
43.83	2
37.35	38
36.13	85
36.94	55
35.52	44
34.28	23
32.1	53
34.49	46
33.87	96
34.62	56
32.03	90
35.42	45
32.52	9
32.01	46
32.62	55
32.6	32
32.85	44
34.25	50
34.15	47
34.48	99
35.43	30
33.86	65
32.71	56
34.82	51
32.84	22
33.95	55
44.82	6
33.09	53
44.33	12
35.92	55
34.75	25
34.58	40
35.03	42
36.37	39
33.53	31
33.75	37
32.18	55
34.04	81
36.06	36
32.69	90
30.37	12
35.1	78
34.13	40
35.33	61
33.64	8
33.51	51
34.39	56
36.38	47
33.67	52
34.4	68
33.12	32
33.14	55
35.71	47
33.6	40
36.78	30
34.59	38
34.97	54
40.31	1
32.59	1
37.92	9
34	54
34.49	46
34.42	51
34.6	69
34.85	56
34.75	51
35.21	41
36.17	20
34.38	55
35.85	55
36.53	91
34.89	53
36.68	29
33.69	49
36.81	28
34.22	52
36.51	32
34.59	55
34.18	24
34.52	52
39.25	9
34.39	101
33.02	50
33.69	69
34.24	22
33.57	41
34.32	43
32.93	56
34.42	33
34.68	44
33.93	98
34.6	33
34.3	82
33.9	79
34.97	41
32.77	56
33.53	38
34.06	96
34.78	28
34.83	51
36.05	38
33.13	54
35.15	22
44.46	5
32.87	55
34.39	33
33.73	37
32.95	45
35.78	56
32.54	30
34.86	37
33.84	48
36.61	47
33.81	32
33.19	8
36.67	40
35.57	33
34.77	21
33.25	28
34.78	40
34.07	55
33.6	44
34.54	81
35.54	56
33.03	51
31.85	54
34.21	10
36.73	48
34.27	53
35.6	53
34.89	46
34.51	75
35.59	41
34.06	89
33.52	42
37.13	27
35.58	23
36.34	37
36.8	58
37.41	12
35.23	51
35.64	54
34.32	7
33.81	43
35.6	47
35.52	52
33.67	46
37.66	37
33.17	56
35.13	19
33.45	58
34.82	2
32.11	56
36.59	45
33.92	51
34.98	66
34.37	56
31.72	51
34.95	44
34.28	90
32.52	53
33.28	83
36.2	42
35.1	51
34.77	80
33.7	54
34.01	21
33.74	40
36.56	56
32.87	42
33.7	53
31.94	55
33.28	25
33.64	20
32.92	35
35.74	55
36.85	40
34.8	11
34.73	76
35.63	55
34.27	35
35.99	52
34.05	16
34.75	96
35.64	95
34.13	44
33.62	92
35.89	50
33.53	39
31.92	47
33.49	50
33.08	1
33.96	51
32.46	43
35.21	54
32.15	45
35.21	56
35.52	55
33.38	42
33.3	19
32.09	30
33.2	92
34.45	51
34.72	51
33.42	18
40.8	10
35.67	23
40.05	31
34.68	76
34.08	54
36.67	47
33.64	46
34.79	53
34.89	50
35.84	55
34.29	35
34.52	54
37.07	22
35.13	68
35.85	42
33.01	50
35.28	53
35.07	63
35.85	6
35.81	75
34.87	69
33.88	47
33.92	56
34.77	38
34.1	47
37.67	15
35.89	100
34.21	95
41.79	3
32.82	100
33.75	31
32.92	50
33.43	48
35.57	21
34.14	61
33.25	51
32.61	32
32.65	30
33.69	26
34.71	48
33.51	85
31.5	34
32.69	85
34.38	44
36.74	29
32.94	44
32.85	38
34.59	96
34.64	13
34.78	36
33.89	57
34.88	52
34.25	42
33.83	87
34.63	56
32.5	41
33.18	92
33.04	99
35.53	38
34.71	53
33.83	51
35.82	46
36.15	10
34.11	36
36.07	51
34.63	94
34.79	97
35.86	29
32.97	6
34.58	101
35.74	40
33.01	21
36.35	36
33.37	81
35.78	31
32.34	17
35.16	29
35.35	40
38.13	32
34.03	55
35.03	36
34.54	35
31.36	22
34.96	55
33.44	90
31.89	39
32.71	29
34.62	74
30.92	8
34.48	47
35.8	28
33.78	26
34.99	56
36.81	8
32.78	48
36.47	40
33.2	50
33.22	46
33.61	53
31.35	46
34.33	55
34.93	53
36.64	35
35.38	56
33.45	93
33.71	49
34.25	34
33.75	56
35.8	41
35.07	18
33.55	55
35.32	32
34.55	40
34.07	75
34.79	56
35.05	47
36.28	44
33.36	87
40.22	17
33.58	55
36.54	54
34.41	71
37.07	8
34.06	48
34.43	86
34.24	13
36	51
34.08	76
34.97	41
34.64	34
33.21	57
35.16	88
33.7	83
34.01	43
32.58	26
35.46	34
35.35	52
33.44	25
34.07	93
34.86	37
33.25	41
34.61	69
35.06	96
34.01	52
34.68	56
35.87	40
100	0
36.23	97
34.62	54
33.72	32
34.52	73
34.68	15
33.64	54
32.15	56
34.64	56
34.94	39
33.38	23
34	88
34.38	50
36.01	41
45.49	20
35.94	55
34.39	50
33.02	56
35.78	34
34.58	56
36.61	9
34.71	35
34.76	98
45.64	5
36.28	48
34.42	31
35.93	54
36.84	38
33.82	100
32.83	50
34.51	63
35.45	53
33.22	20
37.93	23
32.9	75
31.98	49
33.46	35
34.98	40
34.07	35
34.65	51
37.86	28
33.46	37
35.01	88
33.77	38
32.87	73
33.52	48
34.26	45
33.39	34
31.96	53
34.28	55
34.91	22
35.18	65
33.44	86
32.91	11
34.2	50
33.84	89
35.9	55
34.6	43
34.93	20
33.97	21
33.2	54
35.5	78
32.85	54
34.39	26
34.98	49
35.95	42
32.41	87
34.74	51
35.6	91
33.76	92
34.82	83
33.62	25
35.89	55
33.14	100
34.01	77
35.77	54
32.25	47
34.21	58
35.42	38
34.56	43
34.64	53
34.96	47
33.02	53
35.51	42
33.66	39
31.54	100
36.52	53
32	28
34.3	48
34.37	78
36.61	24
33.72	100
36.29	49
34.48	53
33.84	50
33.69	26
35.34	44
34.25	40
33.91	33
36.83	56
36.3	45
34.64	56
34.65	29
34.61	46
35.32	38
33.7	81
33.85	50
35.11	13
34.78	55
33.45	94
31.76	31
33.74	40
33.4	56
34.59	56
31.94	54
35.2	39
35.63	48
34.65	48
32.24	25
35.01	54
33.96	92
34.63	33
34.11	56
35.92	67
35.39	46
35.13	43
34.22	46
33.67	53
33.47	12
35.38	56
34.35	49
36.06	32
34.92	46
34.75	38
34.79	74
34.39	53
35.21	79
37.07	85
37.71	39
34	8
34.39	47
35.99	30
34.28	18
35.5	62
34.03	100
34.83	41
35.77	55
34.89	36
34.79	40
34.87	92
34.86	39
36.19	56
35.93	56
33.89	89
32.76	54
31.14	53
35.79	48
34.71	52
33.96	39
32.97	58
34.07	39
33.97	21
35.2	20
33.09	45
34.54	50
33.25	30
34.29	29
35.1	29
36.14	54
34.7	31
34.69	56
34.61	92
34.36	82
35.09	20
33.14	63
32.67	37
34.86	97
32.53	32
33.67	38
34.86	97
34.18	46
35.2	56
34.47	19
33.61	89
31.14	53
31.7	53
34.63	52
33.03	54
33.88	39
35.53	78
31.69	24
34.13	21
35.14	20
34.8	54
34.9	54
34.63	22
34.04	75
32.61	30
34.39	44
36.05	46
33.7	51
35.55	23
35.77	97
33.45	48
34.03	92
33.32	35
36.58	41
35.05	56
34.64	56
34.82	31
33.58	79
33.23	9
35.65	54
36	55
32.47	35
36.16	55
34.2	22
42.75	0
36.12	82
37.68	12
35.26	54
36.39	24
37.23	38
32.45	35
34.89	93
34.33	47
34.73	20
37.17	23
36.26	16
37.71	49
36	55
37.17	52
39	39
32.87	5
34.46	15
31.21	32
33.39	35
32.86	28
33.42	38
33.96	79
33.75	91
34.98	36
34.74	31
32.57	86
35	49
32.59	26
33.09	27
32.13	53
35.24	101
35.14	45
35.39	13
33.6	94
35.25	56
32.29	31
34.54	39
36.09	53
36.5	48
34.42	56
35.71	77
34.28	49
33.63	53
37.97	27
37.18	63
34.9	41
35.56	8
34.42	87
34.59	56
35.04	80
34.78	41
35.92	43
36.89	9
35.42	29
35.78	41
31.65	55
35.59	43
31.96	56
32.26	9
33.53	56
34.19	14
32.76	54
36.05	28
33.11	50
35.84	25
34.94	19
37.27	41
34.63	43
36.28	49
33.83	62
35.33	56
36.52	73
35.07	60
34.03	63
32.39	21
35.15	48
34.9	49
35.74	55
34.92	18
33.73	14
34.11	29
32.83	45
34.32	12
35.78	50
34.78	52
34.84	30
34.32	39
35.32	54
34.79	53
35.28	83
32.15	9
34.89	56
34.39	32
33.85	36
38.31	32
34.69	54
37.9	36
36.42	75
35.72	42
34.92	49
42.44	3
34.38	49
34.6	45
32.78	55
35.06	50
36.14	31
35.65	99
35.98	18
34.11	55
36.86	41
33.85	28
34.78	70
35.16	55
34.09	8
33.99	79
34.47	43
35.72	48
34.89	41
33.84	77
35.46	38
35.82	55
34.53	12
37.4	52
37.81	66
37.19	46
35.17	41
35.85	46
34.56	79
32.71	55
34.68	88
35.79	50
35.38	42
35.39	45
35.19	76
33	51
33.85	57
33.37	28
31.63	13
35.52	56
35.38	55
31.33	3
34.41	40
34.52	22
33.1	39
38.28	31
36.15	30
34.28	55
37.89	21
34.55	33
35.67	38
34.79	54
36.31	57
35.58	51
35.78	51
35.84	39
34.63	56
33.39	53
35.42	32
32.06	41
34.36	54
35.26	47
34.57	56
34.76	38
33.88	90
33.9	4
36.32	48
36.56	27
35.04	48
36.35	36
35.66	17
35.42	49
36.28	39
34.39	96
45.96	4
36.03	95
33.34	58
32.31	50
34.89	56
33.19	54
34.56	94
34.78	100
35.07	52
33.47	32
36.68	97
34.05	42
35.4	49
35.84	55
37.19	44
34.97	48
37.62	57
33.9	48
33.42	40
34.7	81
33.5	0
37.06	38
33.55	48
36.02	88
33.42	52
34.27	26
32.53	54
35.1	52
36.16	56
37.35	38
35.33	91
36.1	47
39.82	12
38.24	36
33.35	56
35.3	42
42.97	13
42.29	4
36.89	42
35.16	55
43.39	1
32.35	51
34.41	81
33.75	39
34.89	45
32.63	51
37.38	44
34.96	52
36.64	52
36.16	22
33.72	101
33.73	82
32.7	81
32.52	42
34.06	48
32.66	53
31.67	45
33.01	12
33.56	53
33.53	98
35.03	44
37	35
35.13	56
33.01	56
36.82	52
36.57	41
33.94	79
32.98	36
33.39	50
35.89	34
33.3	37
32.82	55
32.54	53
34.01	70
32.82	53
34.66	77
35.97	52
35.29	38
35.84	74
34.32	101
33.19	67
32.56	86
34.4	42
34.67	38
32.95	30
38.07	56
34.24	40
33.33	85
33.8	52
33.65	55
32.5	45
32.57	55
38.96	19
34.26	16
36.98	49
34.21	21
32.55	51
34.37	85
34.83	50
33.86	55
35.85	15
33.32	37
33.77	46
33.13	55
34.27	39
35.33	78
35.52	59
36.31	55
34.64	55
34.83	51
37.72	48
34.05	56
36.23	71
33.57	51
34.9	49
35.02	36
34.33	86
33.95	29
33.36	49
35.26	56
34.34	55
32.32	52
33.03	56
35.02	37
35.28	20
33.96	89
33.61	29
33.1	46
34.76	26
34.06	53
31.07	55
33.14	30
33	56
32.53	87
33.49	39
33.17	56
34.13	54
35.48	50
34.28	100
32.16	55
33.1	48
33.61	29
33.98	54
35.21	54
33.4	38
38.49	27
34	15
33.85	53
34.78	56
31.87	55
35.03	55
35.75	55
34.22	56
35.27	42
33.39	46
33.39	42
33.5	54
34.89	56
34.72	24
32.87	1
33.84	92
32.8	97
33.1	20
33.04	47
35.73	53
33.82	50
33.25	52
34.52	56
34.9	44
34.75	26
33	90
33.34	32
32.82	47
35.11	36
34.57	13
33.88	43
32.96	42
35.25	43
33.01	9
34.68	78
34.32	42
34.08	101
33.75	46
35.03	95
34.5	45
33.59	50
33.27	9
34.96	38
32.85	53
35.05	58
34.44	41
35.53	29
33.21	11
34.68	42
34.42	37
34.04	72
34.66	71
33.52	31
33.88	77
35.35	56
33.04	57
33.24	50
33.78	49
34.48	46
33.96	51
33.19	98
33.6	44
34.37	35
35.1	56
32.87	51
35.21	48
34.97	39
32.42	14
33.29	39
32.29	45
32.55	53
32.49	61
33.63	37
30.46	17
33.28	76
33.63	37
34.52	100
34.47	33
34.42	33
34.1	43
33.26	56
37.4	34
34.32	33
34.32	33
34.06	33
34.25	55
34.32	33
35.41	85
33.34	55
36.39	101
35.93	29
34.53	102
33.48	37
35.14	49
35.34	74
35.22	72
33.79	28
33.47	72
34.96	45
33.29	75
32.25	49
35.28	30
32.16	49
32.48	5
35.7	31
34.98	26
34.1	94
33.31	51
34.89	40
35.63	52
33.65	102
31.15	54
32.85	55
34	32
34.47	40
31.83	53
36.55	49
35.21	36
33.18	44
34.28	34
33.63	38
36.15	54
31.5	52
33.98	33
32.39	54
34.07	29
34.88	67
33.82	50
33.47	89
31.6	53
32.32	24
35.49	48
31.98	2
34.44	21
34.93	20
32.98	55
35.9	55
35.39	56
33.87	63
34.39	50
34.57	23
32.16	11
33.24	54
32.21	18
33.57	8
34.54	56
34.38	49
37.3	71
37.15	49
35.27	79
37.9	37
36.35	51
33.12	54
36.67	76
34.31	102
38.43	12
36.03	80
33.96	13
34.33	51
36.44	53
33.14	5
35.13	78
33.56	52
33.17	101
34.44	32
34.35	44
32.9	18
34.91	96
32.98	55
36.02	79
35.67	46
35.28	56
36.69	55
37.49	13
36.26	27
34.74	89
35.72	23
36.02	46
33.01	48
32.46	49
33.29	43
32	36
32.9	98
36.77	30
34.58	4
33.01	30
33.25	55
35.07	39
35.85	41
35.21	33
34.53	49
34.63	47
34.28	56
33.98	55
33.99	76
34.51	81
33.03	20
33.87	41
33.54	15
34.03	46
35.82	53
34.28	95
35.27	89
35.85	41
34.12	9
34.35	24
35.88	36
31.45	53
35.06	50
31.73	102
33.39	41
33.09	21
32.33	99
33.32	36
32.93	90
32.73	21
33.47	13
36.15	35
34.7	87
35.22	87
33.05	33
35	51
34.02	51
33.34	42
34.43	55
31.94	54
33.24	54
33.55	54
35.7	88
34.96	65
35.63	47
35.41	71
38.27	10
32.2	61
36.72	29
34.65	69
35.32	54
34.5	50
33.84	87
34.57	41
38.07	29
35.95	37
34.96	41
34.5	45
35.78	44
34.83	56
40.7	7
33.23	46
34.07	31
34.5	56
33.84	47
32.82	42
34.07	51
33.46	86
34.05	92
33.88	48
34.63	97
33.52	100
34.21	53
33.8	58
34.53	54
35.87	44
32.87	56
35.31	41
37.5	42
33.93	25
35.42	30
34.97	49
34.53	42
34.67	93
32.6	58
33	101
34.01	97
34.59	92
32.75	45
35.4	72
32.75	45
36.38	45
35.52	41
34.92	52
33.23	41
32.81	97
34	42
34.31	17
35.28	37
34.93	83
34.13	47
35.56	34
33.08	40
32.39	64
33.46	74
32.34	46
32.23	17
34.25	72
34.97	56
38.22	39
35.1	56
32.35	47
33.39	55
32.19	100
33.33	48
33.15	52
32.4	43
32.65	47
34.6	26
32.46	44
33.75	33
39.19	22
35.82	84
34.55	34
38.41	36
31.79	24
35.52	10
35.62	44
35.59	55
36.78	36
36.07	15
34.59	54
37.16	39
33.26	43
33.26	43
34.33	56
34.85	41
32.99	41
39.44	5
34.42	9
35.44	43
36.78	37
34.5	66
35.62	86
35.7	80
34.13	40
35.07	55
35.77	81
35.39	23
36.01	35
34.55	48
37.67	21
33.66	22
35.31	44
32.19	42
33.12	32
35.27	20
36.36	55
34.65	52
34.91	63
36.34	31
33.76	39
33.35	65
33.5	69
33.24	38
34.19	32
34.13	82
34.25	56
36.07	31
34.79	95
33.34	78
37.53	56
35.51	40
40.3	4
33.41	96
37.88	33
33.02	55
32.78	52
34.89	56
34.5	44
34.65	95
36.25	49
32.81	100
35.84	38
33.57	15
33.64	86
34.52	54
32.19	49
35.24	89
35.75	96
35.74	74
34.88	96
34.89	56
34.51	55
43.94	7
34.6	64
33.78	13
35.15	56
43.94	7
34.16	55
34.63	40
33.5	44
33.28	27
37.26	47
35.08	34
34.16	34
36.3	79
35.25	56
33.6	67
34.32	62
33.06	31
33.83	49
34.57	56
34.56	36
35.24	66
35.41	39
45.9	5
34.83	99
33.96	52
33.42	35
36.53	40
33.29	46
34.59	29
33.69	34
33.91	70
34.94	39
35.48	56
33.23	85
32.52	98
33.08	25
34.99	54
36.71	54
34.4	87
36.96	42
34.87	53
34.81	44
35.64	53
35.89	55
36.14	55
39.1	52
37.18	35
34.33	42
36.21	56
33.28	75
36	33
34.53	52
35.68	83
33.51	36
32.96	19
35.47	35
35.82	35
34.51	74
36.8	38
32.08	53
34.31	55
35.39	42
35.71	48
35.01	19
34.09	35
37.1	42
35.43	53
34.84	45
33.55	45
33.64	51
33.63	14
33.46	50
35.14	47
35.61	53
33.17	100
35.83	63
34.86	56
36.16	99
37.57	42
31.5	55
35.34	97
36.09	35
34.64	36
35.04	89
33.59	46
37.64	25
34.53	53
33.12	50
35.78	42
34.2	52
34.85	56
34.74	87
33.26	22
40.82	3
32.26	41
33.71	51
35.89	55
36.21	93
35.56	48
36.46	16
33.65	20
37.77	51
35.23	47
35.24	40
34.42	56
34.8	46
34.14	57
33.42	92
35.1	56
31.88	56
32.99	56
34.36	53
31.81	56
34.46	54
33.45	92
34.71	50
34.32	47
35.32	37
36.01	24
34.52	57
32.64	21
33.8	2
33.95	52
36.74	40
34.84	56
35.07	55
34.87	9
34.37	88
33.81	52
35.53	52
36.4	0
35.62	56
39.44	24
33.28	46
37.39	24
35.17	47
34.82	51
37.45	83
36.18	43
35.15	69
34.91	18
34.96	35
34.06	54
33.71	19
34.8	85
33.02	56
33.78	39
38.88	6
35.03	37
34.32	54
33.17	38
34.32	56
32.6	23
36.17	48
35.53	50
33.11	38
36.5	46
35.78	62
34.62	52
34.57	37
33.81	55
34.64	43
35.18	33
36.79	84
33.82	40
35.03	41
36.34	36
32.42	46
34.83	41
36.43	46
33.42	32
35.39	55
35.89	55
35.76	73
41.36	8
39.15	23
35.89	55
35.04	51
34.84	68
33.05	30
33.4	48
37.72	41
34.35	41
34.53	34
36.31	25
37.69	37
34.99	40
33.7	25
34.31	91
34.71	52
33.35	43
34.9	43
35.94	42
35.24	28
33.68	89
35.18	46
33.02	35
32.49	69
30.77	51
34.58	89
34.13	44
33.31	72
35.28	34
36.09	45
35.45	90
35.18	46
34.46	53
34.76	41
35.49	37
34.74	39
32.69	51
34.5	36
35.97	40
34.57	56
33.19	49
34.24	52
34	43
34.19	64
33.63	43
35.52	56
35.25	38
33.39	98
34.44	88
33.34	102
34.53	45
34.18	27
36.21	45
34.54	15
35.49	54
34.28	61
33.84	44
36.14	53
33.33	97
33.24	41
33.6	96
35.17	99
34.37	34
34.55	33
34.74	51
34.12	102
34.75	54
32.85	6
38.14	32
34.05	56
33.08	79
38.02	12
35.79	13
35.7	47
37.91	9
41.27	8
46.73	6
34.35	41
32.78	51
37.47	35
34.15	88
33.23	100
33.71	53
36.25	30
35.82	51
33.85	46
37.31	33
34.36	56
34.03	54
33.86	22
35.43	55
33.17	35
33.34	35
36.19	39
33.1	38
34.02	91
35.59	54
35.13	87
30.78	34
34.37	56
31.53	51
34.42	89
35.94	49
33.32	99
33.95	30
33.74	38
33.22	55
32.86	57
34.25	56
33.64	48
32.83	23
34.35	56
33.6	50
33.76	87
35.44	33
34.81	29
34.67	38
34.52	36
34.69	32
31.99	52
33.35	71
36.32	46
36.63	84
35.53	52
34.92	52
34.7	61
34.89	49
36.15	56
35.4	51
36.61	43
34.03	87
34.39	51
35.74	61
33.07	56
34.42	84
34.59	54
35.52	24
33.66	59
34.85	47
34.69	10
36.25	55
35.15	55
33.07	41
35.25	56
33.13	23
33.58	75
34.17	12
35.39	30
33.57	50
32.97	52
33.27	56
38.35	29
36.78	23
35.48	46
35.68	79
35.09	52
37.63	51
36.36	43
33.6	49
35.77	54
35.06	102
35.97	38
32.78	52
34.2	91
34.22	49
32.33	29
35.02	63
34.51	36
34.73	47
36	45
33.68	26
32.24	52
34.09	6
33.55	98
34.35	56
32.32	4
36.88	49
35.85	41
33.48	54
36.25	18
34.34	51
33.83	69
34.7	56
33.46	45
33.49	36
32.97	48
32.69	43
34.05	69
36.26	32
35.12	33
36.45	48
36.61	55
36.05	75
35.99	47
32.35	48
35.42	76
33.55	18
32.91	19
35.93	48
35.71	46
35.23	102
34.65	88
35.11	56
34.73	54
34.92	33
34.13	15
34.3	55
34.49	50
33.66	94
33.51	55
34.57	55
34.45	53
33.07	21
33.03	35
35.13	23
34.9	33
34.22	47
35.82	27
33.9	96
33.03	35
33.56	80
33.86	31
34.49	47
33.65	49
34.28	38
35.1	23
34.32	49
33.28	49
33.77	12
33.5	50
34.31	54
33.87	81
33.1	32
34.43	55
33.62	51
35.06	56
34.43	55
34.41	36
35.15	51
32.92	87
35.95	51
35.82	29
34.94	29
35.41	54
32.99	41
32.82	50
33.09	43
33.95	52
35.21	56
33.7	60
33.73	50
34.74	23
34.05	40
34.1	9
32.7	65
34.85	23
34.85	23
35	56
34.08	40
35.7	24
34.33	48
34.79	56
35.28	28
36.3	32
35.21	43
34.83	53
34.16	51
32.78	9
35.85	56
33.71	24
35.05	56
35.57	51
31.2	36
33.2	34
35.21	47
34.23	78
33.84	42
35.86	39
35.78	52
34.1	44
33.18	56
35.71	93
34.64	53
33.18	52
35.65	87
32.62	55
35.37	38
34.94	30
34.79	56
34.11	39
34.38	50
33.89	52
33.56	30
35.79	40
31.82	15
32.43	52
34.46	56
33.5	43
36.21	31
32.93	51
34.56	23
33.66	55
34.26	49
33.19	93
32.77	50
33.17	37
33.86	37
33.3	25
33.3	102
33.6	81
34.7	22
32.89	49
33.3	43
34	56
34.27	56
32.71	48
35.1	38
34.36	53
35.28	66
30.57	56
33.43	36
32.92	48
35.96	14
32.82	32
32.2	52
35.19	56
34.43	27
34.08	29
32.16	34
33.7	5
35.89	37
34.46	48
37.33	36
36.93	82
44.1	15
34.82	43
36.67	45
35.75	71
36.3	42
35.89	55
36.85	73
36.07	71
35.59	49
36.28	22
36.29	42
36.45	68
36.97	51
34.22	47
36.23	27
36	51
31.25	38
34.53	40
32.71	101
34.03	29
33.71	93
33.85	48
34.43	54
35.38	48
35.25	56
34.07	17
33.13	101
32.82	27
32.61	22
34.49	100
31.66	52
32.76	70
33.84	4
34.5	20
33.9	26
34.73	63
35.95	53
34.25	40
36.46	62
39.82	7
36.31	33
34.52	48
35.39	50
37.36	74
35.89	55
39.17	44
34.56	34
34.08	56
32.91	94
32.02	36
38.03	51
37.81	36
33.58	52
36.65	42
34.95	94
34.57	83
32.79	30
33.01	53
32.82	26
33.7	50
33.85	99
33.81	29
35.01	45
32.9	50
32.72	41
32.72	41
36.3	41
35.21	52
34.78	51
37.1	16
35.02	56
34.64	42
36.5	41
33.75	79
36.92	43
33.46	60
32.46	77
35.32	41
33.39	53
31.94	44
34.07	32
33.64	29
33.6	54
43.16	2
37.14	34
31.44	53
37.02	27
33.96	28
35.83	33
35.99	53
35.22	52
36.64	55
36.05	54
33.65	30
33.87	71
34.15	8
42.23	21
34.71	48
33.85	46
35	17
45.78	9
35.33	35
34.07	55
33.5	46
42.33	8
37.68	37
33.36	81
32.09	54
31.99	24
37.88	39
33.27	50
31.02	17
32.95	32
32.95	32
32.67	32
32.89	79
38.01	40
35.78	42
33.9	24
31.62	43
32.62	100
34.12	79
36.08	46
33.25	82
35.63	63
34.38	34
36.93	27
34.16	46
34.42	78
33.82	21
33.3	79
33.69	73
36.35	27
33.19	101
35.63	56
33.45	54
34.53	61
35.31	60
32.33	52
32.83	116
33.14	50
33.6	46
33.39	49
31.66	36
34.29	31
33.52	58
36.92	46
34.5	46
33.6	59
32.75	48
32.62	59
33.85	62
32.18	46
30.89	64
34.26	50
32.13	63
36.28	59
36.08	59
32.13	63
34.43	45
35.67	59
34.89	38
31.07	55
35.66	34
36.47	48
34.36	56
32.29	62
35.63	48
32.99	54
32.94	58
33.71	60
34.15	48
34.75	39
32.33	57
35	45
35.84	60
33.39	62
34.81	47
33.17	63
34.64	57
34.04	65
33.32	40
31.86	63
34.17	50
31.89	60
32.2	60
33.01	48
32.82	56
31.98	64
36.14	44
34.29	63
34.1	58
34.97	60
34.68	50
36.04	33
34.28	64
32	41
34.47	60
34.08	47
33.07	63
32.69	128
33.28	57
34.61	49
37.43	53
33.52	30
32.05	20
35.14	58
34.23	49
34.71	26
35.11	48
33.44	121
31.46	62
33.6	64
31.67	59
33.91	56
33.39	58
34.91	106
33.14	58
34.15	82
34.3	58
33.55	61
33.17	61
35	20
33.93	108
33.33	61
32.56	58
34.64	58
35.62	42
34.99	61
35.84	51
32.75	35
36.9	55
33.03	47
32.46	56
34.32	85
32.46	35
33.51	50
33.51	50
35.77	54
33.51	50
33.51	50
33.51	50
33.51	50
33.51	50
34.49	46
34.63	59
31.32	61
34.32	58
33.32	57
35.19	33
34.61	116
35.47	47
35.3	48
33.6	49
31.3	63
32.78	55
32.36	60
32.62	62
33.95	44
31.6	61
33.71	44
33.51	50
33.51	50
35.42	38
33.85	34
34.64	71
34.67	55
32.84	45
35.06	105
35.51	48
35.34	51
32.14	63
31.78	58
33.77	59
30.94	59
31.64	58
33	14
32.55	60
33.27	56
35.45	20
33.34	95
33.91	42
32.81	39
31.64	51
31.25	54
32.55	60
36.3	60
35.68	51
33.57	57
33.53	54
31.62	62
32.39	64
32.92	48
34.71	58
32.07	47
33.91	46
34.28	127
34	100
34.45	26
32.22	61
35	79
32.75	37
33.24	97
34.72	83
34.69	38
34.37	36
32.52	88
33.07	117
34.57	98
33.65	50
32.25	57
32.67	57
35.21	40
34.03	45
35.14	40
35.83	36
32.39	60
32.14	61
32.71	43
31.57	56
34.96	63
35.2	64
35.83	58
33.02	59
33.85	64
33.25	42
33.57	86
35.21	22
35.06	46
33.38	100
32.76	52
36.14	52
34.06	121
30.36	57
34	123
34.97	27
34.33	33
33.6	43
35.61	77
34.28	82
30.67	62
33.56	89
33	53
32.85	41
33.21	60
33.71	49
34.48	40
33.03	54
34.53	67
34.27	58
33.72	102
32.5	59
32.5	59
34.33	38
32.78	116
32.78	116
33.77	58
34.21	42
33.39	111
33.38	39
33.9	66
35.39	99
33.22	82
33.57	118
35.74	39
34.01	41
31.6	56
32.85	40
32.24	40
34.23	34
37.34	12
35.89	31
33.68	93
33.38	46
33.99	98
34.81	42
31.45	92
32.34	33
33.11	52
32.56	102
32.12	51
34.07	55
33.85	56
34.3	81
33.77	39
33.29	124
32.99	111
33.31	96
32.82	59
33.28	58
33.53	62
32.32	39
33.81	37
37.25	21
34.74	122
34.18	26
32.56	56
33.07	56
33.14	39
33.45	56
34.32	38
35	48
32.3	64
34.82	28
34.35	49
31.9	55
