sim	len_diff
35.62	61
34.79	51
32.87	60
36.42	18
33.06	70
33.78	80
35.08	43
34.86	40
34.84	67
36.26	12
32.64	73
33.13	26
34.08	54
32.66	66
35	19
32.43	9
33.79	76
34.32	32
33.54	44
33.04	64
33.03	76
31.73	33
33.99	57
37.73	19
34.51	44
33.47	43
32.72	33
34.13	50
33.15	26
34.94	58
36.97	32
33.46	3
34.41	50
33.67	19
34.04	76
35.83	35
33.14	68
33.03	65
33.65	56
34.02	64
34.02	64
34.02	64
30.95	27
39.5	24
34.14	23
32.01	40
31.35	23
31.66	31
35	31
33.61	37
33.6	37
35.1	37
35.41	14
32.33	27
33.75	32
35.02	36
33.15	40
32.51	33
32.61	33
33.5	39
34.17	27
37.93	24
34.72	79
36.33	30
34.37	61
33.78	55
33.69	74
31.84	44
33.22	67
32.41	2
33	34
31.21	77
32.36	40
37.81	27
35.78	39
36.97	45
33.5	75
36.72	17
32.47	60
36.95	3
35.35	14
35.46	48
33.97	67
34.97	22
33.65	57
33.79	33
34.13	74
33.45	12
34.97	11
34.75	62
34.35	17
35.7	30
32.46	41
34.37	73
33.42	69
36.36	33
33.66	47
34.92	47
33.68	36
37.73	31
31.93	26
33.01	30
33.34	50
35.67	35
33.86	44
31.93	70
35.06	51
35	48
36.51	31
35.43	49
34.32	54
33.98	72
33.8	77
32.94	79
32.43	36
34.3	30
34.6	18
33.5	39
38.25	5
33.36	20
31.93	16
34	25
36.32	16
32.54	65
34.38	79
34.32	25
34.63	21
32.92	61
33.54	41
32.25	36
32.95	44
33.5	31
32.51	63
35.73	22
32.14	19
32.47	74
33.58	38
33.42	36
34.18	69
34.66	36
33.48	29
35.34	56
35.49	44
35.69	56
31.88	75
31.5	39
34.52	65
36.2	10
40.78	6
34.73	31
34.9	30
35.51	32
31.5	39
34.95	61
31.5	32
32.7	35
35.74	47
31.85	40
32.87	61
34.23	40
30.95	26
33.17	33
38.55	48
33.6	42
33.06	61
32.62	49
33.11	61
35.44	43
32.71	47
35.65	40
33.35	60
33.23	59
32.9	73
37.57	28
36.65	51
33.96	80
35.91	28
36.06	25
35.63	35
32.72	11
33.38	80
35.75	35
34.05	64
32.89	61
35.2	52
35.32	50
35	36
33.94	19
36.15	31
35.32	55
34.6	34
33.58	35
32.86	25
33.67	33
33.98	26
33	17
34.33	24
33.82	39
33.76	66
35.77	16
34.86	71
35.05	26
36.63	22
34.93	27
36.91	31
35.85	23
34.25	78
34.82	17
35.59	47
32.17	41
34.3	29
33.74	74
33.74	74
37	56
34.84	44
34.13	70
34.75	74
35.34	49
35.41	28
32.83	63
36.45	24
33.67	30
35.21	18
35.2	30
36.1	18
34.35	29
36.6	40
30.35	27
34.41	53
34.4	17
34.26	30
36.42	28
32.68	68
30.93	0
33.3	26
32.78	62
35.68	24
34.26	7
35.41	28
30.97	29
32.51	10
34.11	24
36.26	28
36.5	15
33.48	45
36.15	14
32.15	61
35.55	22
33.58	26
34.4	23
33.82	17
33.91	30
38.88	29
33.36	19
34.08	25
34.22	29
35.37	30
32.26	17
33.5	27
34.51	28
34.83	37
32.7	30
34.98	18
35.26	25
34.11	26
34.22	29
32.51	28
35.2	30
33	41
33.8	44
31.46	70
33.95	80
34.07	74
33.78	41
32.39	69
32.07	75
34.9	70
34.3	30
34.03	56
33.79	67
33.04	39
35.12	42
32.97	20
34.47	75
32.52	68
33.13	26
34.44	69
32.95	66
31.81	68
35.57	23
36.07	35
35.42	29
34.6	27
33.45	29
32.91	29
35.76	30
34.56	50
37.25	29
32.83	68
37.44	58
31.41	27
31.28	52
32.25	39
32.35	34
35.46	33
36.18	3
37.03	39
34.11	56
33.32	30
32.92	34
34.07	15
35.22	37
34.26	26
35.29	54
34.04	43
31.9	24
33.5	18
40.42	8
36.15	18
34.71	56
34.82	25
33	78
36.25	6
31.37	33
34.12	65
36.17	28
34.77	20
38.5	38
33.27	53
31.57	58
38.23	11
34.38	53
35	39
33.37	22
32.99	62
36.21	22
35.55	49
35.23	54
32.22	72
33.06	79
31.97	20
34.17	79
33.06	79
35.1	19
34.16	56
36	47
33.55	75
35.05	56
31.53	18
33.89	51
35.3	22
31.5	15
33.07	47
34.08	2
33.85	54
39.41	16
32.61	29
36.41	32
36.33	22
34.72	63
35.26	4
34.27	14
33.74	63
33.75	19
37.64	46
34.36	63
33.7	45
33.5	46
34.6	42
32.63	1
33.6	16
32.31	40
32.02	22
43.52	2
33.25	56
33.39	3
32.92	62
30.62	3
34.75	28
34.75	28
34.1	16
34.4	2
35.26	4
31.98	31
33.35	14
35.87	25
33.66	40
33.03	4
35.28	39
33.76	13
34.65	5
33.36	14
32.91	64
37.25	12
38.22	47
34.16	45
35.44	62
34.22	17
35.41	29
40.25	26
35.69	50
33.5	29
33.68	26
38.58	23
33.65	47
32.23	29
35.44	60
32.83	64
34.68	40
35.84	50
31.8	55
34.77	42
31.74	27
36.18	45
31.95	46
33.17	31
31.96	50
33.13	19
31.22	30
34.33	41
32.41	60
32.36	31
33.39	58
33.96	49
35.3	35
34.21	42
35.63	47
36.4	42
36.17	63
36.78	30
36.37	16
34.57	42
34.22	60
32.89	18
34.32	48
32.4	20
37.42	41
34.54	54
35.12	48
37.36	13
36	45
36.2	7
35.14	30
35.92	15
34.28	47
34.22	64
35.43	11
32.6	35
35.15	39
35.92	15
33.85	29
34.77	35
34.09	4
31.1	32
34.76	32
33.4	49
35.67	21
33.92	13
34.3	27
34.95	31
34.39	61
33.78	24
36.4	40
33.88	18
35.33	9
34.5	24
36	35
35.93	5
32.92	26
32.93	30
34.56	33
33.65	25
33.01	62
30.55	5
33.64	45
32.61	54
32.16	24
35.43	38
31.76	30
36.04	6
35.19	20
35.16	18
33.48	56
34.75	17
35	23
34.87	16
34.26	60
33.51	9
33.42	35
34.9	19
34.14	12
35.15	33
34.42	41
35.25	25
32.91	1
30.76	30
34.07	19
32.56	34
33.42	4
33.92	33
35.17	46
32.22	63
31.95	34
33.92	31
32.39	54
35.76	18
33.86	63
34.98	33
34.33	27
35	24
33.58	51
35.3	54
33.7	44
33.13	8
35.64	18
32.67	28
33.72	57
36.2	17
34.5	31
34.57	12
35.91	23
34.76	4
32.42	55
34.9	36
32.81	16
33.18	14
35.47	39
31.68	2
35.63	27
33.16	34
33.96	35
34.47	37
32.26	40
34.4	6
33.16	15
36.08	6
35.9	11
35.51	15
35.83	32
36.56	16
35.05	64
34.32	30
34.8	43
34.93	26
36.98	30
33.11	45
36.4	42
33.82	21
36.48	28
36.62	54
34.76	27
35.74	49
33.55	54
33.76	26
32.14	64
34.76	14
32.31	20
33.03	52
33.46	50
33.27	34
35.47	45
35.06	36
33.67	60
34.56	20
31.92	43
32.3	62
36.23	16
34.15	18
37.6	11
36.11	31
33.4	34
35.77	33
33.33	59
33.19	60
38.27	24
34.67	19
36.34	42
35.11	29
32.91	14
32.54	37
31.22	29
33.43	31
31.25	27
32.32	45
39.33	5
35.31	22
32.51	17
35	38
39.34	39
34.48	59
32.72	34
34.43	19
35.32	57
33.07	23
34.48	20
37.03	19
34.05	22
36.98	31
33.98	37
31.12	30
32.86	35
35	22
35.43	21
36.66	23
33.01	53
33.75	64
34.87	61
34.6	12
32.56	64
33.9	62
34.34	64
34.38	12
33.52	25
33.48	31
33.6	60
34.91	19
34.41	39
33.89	49
34.36	5
34.93	7
36.85	15
33.76	24
32.43	30
34.77	36
31.31	28
35	21
32.23	29
32.27	59
33.91	18
35.92	39
34.97	42
32.51	12
33.07	33
33.98	59
35.5	28
37.48	47
35.93	56
33.4	43
34.56	19
35.63	41
33.56	23
37.16	3
36.22	20
33	15
34.57	58
35.73	51
37.02	20
35.14	60
36.73	10
35.19	34
34.34	46
32.8	23
33.18	12
34.15	53
35.43	22
33.1	24
33.38	51
33.55	12
34.67	32
37.07	30
35.61	51
33.65	25
35.95	24
36.85	4
34.93	54
36.5	29
34.51	20
33.77	32
30.32	34
33.19	63
33	34
32	27
34.6	25
32.42	12
33.76	36
33.92	57
36.65	23
33.5	7
31.85	28
32.95	27
33.52	18
32.89	28
35.93	35
32.17	28
36.01	28
31.07	24
31.21	30
33.51	12
36.16	35
32.31	29
34.96	42
33.76	53
33.76	53
33.84	57
34.35	31
35.15	59
34.41	48
32.85	57
31.53	18
35.66	40
36.76	19
34.96	36
35.06	35
37.43	5
33.85	20
35.73	42
33.7	26
35.03	50
33.45	42
37.47	6
36.48	13
35.25	32
34.72	31
35.07	50
36.59	11
32.44	26
34.78	52
31.92	3
31.06	29
35.17	43
32.25	56
33.58	49
32.68	52
31.64	28
32.59	64
31.27	35
30.92	30
32.15	34
32.71	45
34.87	39
31.02	34
34.32	64
31.28	34
37.89	46
37.15	46
37.54	39
37.35	11
32.98	16
34.02	9
42.73	4
37.54	39
37.54	39
37.54	39
34.93	11
34.56	48
34.12	59
35.11	51
35.15	52
32.57	23
34.21	59
37.52	37
36.23	36
33.96	51
33.82	16
33.83	35
32.43	22
34.73	63
33.53	59
34.57	35
32.91	28
36.58	22
32.46	29
34.66	11
34.32	32
33.72	1
37.94	20
36.43	23
35.49	19
32.72	52
35.75	24
34.78	23
35.42	61
35.75	36
35.45	63
34.17	32
33.14	22
33.39	64
33.82	17
33.85	30
34.63	54
35.01	22
32.09	1
35.08	22
30.75	29
36.23	60
32.37	28
35.25	5
33.17	55
32.56	19
33.07	48
33.02	57
38.17	16
35.25	52
31.61	44
31.43	32
33.52	56
35.11	21
33.48	29
35.4	14
32	45
32.56	38
32.87	56
31.73	43
36	22
35.71	52
31.95	3
36.78	34
35.67	59
32.5	62
33.9	62
36.17	57
31.08	2
35.19	27
34.78	35
33.33	56
39.53	23
35.33	10
36.63	31
35.65	30
34.78	34
33.94	25
34.88	21
35.41	38
35.74	59
33.48	33
35.53	25
37.26	21
35.09	60
35.53	28
32.83	38
33.31	51
33.57	33
35.42	36
32.82	41
33.85	21
32.48	23
32.86	57
33.67	37
33.8	53
34.48	55
33.76	46
33.75	18
35.93	13
33.87	33
35.1	25
32.99	27
35.83	35
34.32	10
35.46	55
36.14	48
35.8	56
33.61	64
35.23	20
36.37	42
31.4	7
35.69	5
34.3	51
35.63	13
33.72	15
32.57	17
35.02	57
33.6	57
31.4	7
33	56
33.53	61
34.75	58
35.86	31
33.7	64
32.07	11
34.55	46
35.1	31
35.56	19
32.81	31
34.4	12
33.82	46
34.73	42
36.59	36
35.69	22
33.96	51
32.79	53
35.78	46
35.95	48
34.93	10
34.46	50
33.49	56
32.86	3
32.36	2
34.51	63
35.71	16
35	37
33.77	33
36.8	21
35.26	17
34.12	54
35.41	32
36.86	35
36.34	52
34.88	62
34.12	39
36.66	17
34.33	31
37.18	22
37.12	40
33.42	63
34.47	13
36.3	30
34.46	5
31.34	16
37.56	16
34.66	40
35.68	57
34.3	56
34.34	14
35.67	32
34.18	9
35.58	45
37.89	12
32.67	8
33.8	60
35.91	20
35.42	41
36.02	32
37.11	12
33.39	63
32.77	18
34.72	6
35.88	40
34.31	58
33.4	56
32.33	44
33.49	54
32.26	10
36.32	41
33.62	56
33.09	38
33.81	28
33.04	43
33.27	49
34.85	9
33.08	27
34.5	57
31.37	15
34.48	64
34.32	22
35.33	46
32.36	18
32.8	52
33.78	50
31.77	30
33.69	22
32.1	57
33	40
35.55	46
34.56	43
34.6	30
36.15	7
34.74	52
34.9	25
31.27	22
35.83	6
36.51	25
37.42	12
33.36	61
38.91	11
34.6	11
36.45	10
35.51	35
33.59	49
31.23	34
34.63	64
34.65	28
33.86	7
34.19	55
32.23	46
35.13	42
34.37	47
37.26	12
32.56	21
32.1	35
33.4	33
32.12	57
34.45	28
34.96	48
34.82	55
32.52	12
34.88	17
34.79	33
34.41	56
33.39	56
35.49	29
32.97	11
35.42	10
36.58	50
36.55	12
34	50
35.64	50
34.01	32
35.53	39
31.77	32
33.41	23
33.56	61
34.43	21
34.41	62
33.82	13
35.36	44
33.77	35
31.36	24
31.27	23
33.46	10
34.73	15
34.02	25
35.33	32
35.33	35
34.78	45
37.97	6
34.18	46
35.83	64
35.71	37
34.55	5
33.87	1
35.6	21
35.32	19
35.17	26
33.35	29
35.51	31
32.48	35
32.82	31
35.86	10
34.9	40
33.47	26
35.42	57
32.67	34
35.6	33
35.77	36
32.31	22
31.75	23
34.01	38
35.03	46
33.6	50
33.48	32
33.54	55
32.16	31
32.55	58
31.18	60
34.03	2
33.11	18
32.5	48
34.36	6
33.87	36
33.28	14
32.89	41
35.77	15
33.54	25
35.26	62
34.96	9
33.76	19
34.33	26
34.41	10
34.5	36
33.25	56
33.61	62
33.53	48
34.5	21
34.15	32
32.08	35
33.16	34
35.44	55
33.26	35
36.52	14
36.11	21
33.26	22
32.47	62
36.54	55
34.52	14
32.36	29
35.17	31
36.48	27
33.55	9
32.42	25
33.56	58
34.35	26
33.49	49
34.81	29
38.28	2
36.75	13
37.94	53
34.86	47
34.78	60
34	21
35.02	1
33.17	16
35.61	64
35.72	56
34.66	26
31.41	54
35.72	59
35.4	24
35.27	64
34.62	64
33.97	56
35.26	50
34.48	52
34.78	63
32.83	17
35.52	26
32.58	27
33.18	22
31.66	15
35.17	16
35.26	18
31.02	22
32.17	24
35.86	28
34.07	34
35.26	6
30.95	16
34.13	12
35.38	24
45.91	4
35.07	24
34.9	24
36.21	53
36.15	13
34.02	16
35.68	23
35.68	42
35.3	50
34.35	63
37.55	13
36.16	1
36.75	45
37.54	25
34.91	30
32.99	64
33.73	46
34.54	42
34.77	41
34.22	62
33.08	59
35.2	15
35.02	42
32.55	48
34.13	63
35.13	36
33.48	4
35.86	49
35.91	12
33.51	22
36.35	21
34.42	53
36.62	30
35.67	34
36	15
33.81	60
32.72	60
36.9	51
34.67	44
32.88	49
39.5	21
34.38	34
37.02	6
33.68	15
33.66	59
34.89	46
35.45	60
36.1	23
36.67	34
35.76	38
34.27	28
35.2	63
32.37	26
34.66	56
34.24	44
35.1	24
33.25	43
35.29	5
47.51	5
31.62	4
34.44	54
35.36	9
33.23	27
35.2	63
34.02	23
40	2
35.66	40
34.21	42
34.62	49
36.35	25
33.02	1
36.84	42
37.87	16
37.39	2
34.41	45
34.11	35
32.18	15
34.48	54
35.17	31
37.16	31
34.74	59
32.94	45
33.86	10
33.1	30
34.23	37
34.65	21
32.07	62
31.53	64
33.83	18
34.25	20
36	43
35.92	39
34.03	55
34.16	57
35.16	29
34.78	26
35.3	49
35.87	8
33.31	58
34.52	49
34.87	27
34.72	58
34.42	55
33.93	56
34.29	64
36.19	41
30.8	47
34.15	26
35.64	33
33.93	34
33.53	24
35.76	15
32.84	53
34.65	30
32.26	14
34.44	50
32.76	56
35.98	7
35.51	57
34.93	20
34.4	39
43.5	3
34.27	50
35.1	56
37.53	20
36.44	17
36.61	14
35.33	18
33.93	20
34.44	46
33.95	36
34.69	42
36.01	26
30.86	29
32.67	25
34.32	16
32.97	5
35.77	31
34.57	19
35.53	42
32.53	51
35.65	29
36.68	21
34.47	49
32.92	34
33.57	60
34.51	27
32.27	31
32.81	56
31.86	1
33.48	35
34.18	35
33.7	54
32.9	63
35.82	16
35.11	55
34.88	34
35.5	27
34.88	4
34.99	26
35.62	47
38.56	26
37.34	63
34.91	18
34.54	62
33.98	31
34.81	19
36.98	14
30.95	14
34.61	25
31.15	20
33.41	28
32.23	5
33.42	34
32.16	41
35.15	6
34.19	52
34.31	36
34.58	23
33.83	44
37.02	17
34.24	20
35.44	63
34.04	6
30.85	5
37.52	9
34.03	54
33.46	3
32.89	39
33.55	47
34.87	54
33.54	5
33.73	39
33.23	64
34.25	53
34.34	51
35.03	6
33.5	12
30.83	29
35.49	23
38.3	19
35.15	52
34.02	23
33.81	63
33.06	54
34.02	19
33.65	43
35.84	42
32.08	20
33.66	23
33.81	53
36.3	16
31.72	56
34.18	23
36.2	11
33.44	54
36.98	31
34.05	17
33.32	29
38.92	15
32.68	62
34.84	28
32.25	34
32.15	33
33.87	46
32.73	64
34.89	32
35.36	63
33.06	50
32.57	44
35.09	42
35.83	61
34.09	63
34.17	62
31.53	42
36.18	24
34.07	31
34.2	21
33.66	63
35.24	5
34.79	35
36.22	5
34.73	25
31.28	17
34.82	18
35.33	11
34.57	56
35.37	21
35.81	25
33.54	60
32.26	20
34.05	24
35.9	30
33.03	52
34.03	21
35.18	45
34.6	26
31.21	8
36.44	8
35.15	58
35.37	28
35.8	27
34.65	47
33.4	44
34.46	42
34.42	48
34.27	28
32.5	5
33.92	47
31.93	47
35.29	44
33.13	64
34.64	48
32.14	58
33.5	21
33.4	45
34.5	40
34	31
33.86	49
35.08	50
34.98	5
30.56	25
32.9	59
35.45	43
33.93	42
34.5	15
35.93	18
34.98	62
32.37	13
35.57	12
37.58	10
35.72	1
31.36	0
36.67	19
34.91	56
35.25	35
31.92	15
30.6	10
32.24	59
33.73	34
32.32	61
35.11	11
31.48	45
32.11	48
32.53	43
32.91	61
36.25	11
38.08	11
33.25	43
32.77	15
35.1	11
35.93	10
34.14	19
34.32	45
34.73	11
31.91	60
32.85	32
33.45	6
31.66	63
33.4	55
31.03	11
34.91	11
35.62	40
32.1	44
35.21	24
32.92	29
32.77	59
34.6	22
33.08	20
36.29	51
35.42	25
30.93	10
36.11	55
32.46	41
37.01	49
35.34	53
32.8	11
36.85	49
34.82	42
35.31	11
34.87	50
35.18	53
34.7	9
34.24	29
34.68	37
35.16	23
33.03	18
32.93	19
33.46	18
36.35	21
36.07	7
34.41	19
34.95	58
34.85	21
33.92	31
32.85	59
34.53	60
34.49	63
37.65	2
32.04	61
35.76	20
34.68	54
33.19	51
33.62	55
37.45	19
33.61	62
31.31	62
34.91	14
34.66	3
34.3	39
32.76	21
35.18	19
34.24	45
36.39	32
34.32	52
30.18	17
37.07	11
32.1	10
31.92	18
32.99	49
32.16	45
34.47	45
35.78	52
36.51	16
34.06	34
34.41	13
35.77	16
35.57	28
36.73	23
38.62	29
35.89	39
33	35
35.56	20
37.27	28
33.09	62
32.36	18
34.23	60
34.66	37
33.43	25
32.62	34
34.01	21
34.54	60
37.93	16
34.98	22
34.71	64
33.64	57
34.7	58
35.13	42
36.44	43
34.27	34
35.01	15
40.43	18
37.75	33
33.57	56
36.43	24
33.35	20
32.01	57
33.75	23
32.08	24
35.51	24
35.17	20
33.15	0
34.04	36
32.9	15
35.21	14
33.3	9
34.91	34
34.58	34
36.76	35
33.47	33
35.19	48
35.9	35
36.16	14
33.18	35
33.43	41
35.37	37
32.72	4
36.51	16
47.51	5
35.17	18
34	21
31.43	1
34.66	59
36.2	21
35.11	21
34.38	31
34.47	6
34.48	31
33.78	29
34.84	34
34.66	46
33.11	37
33.25	35
33.37	47
32.07	28
33.73	23
34.37	30
32.93	32
31.18	47
33.53	31
36.33	29
35.29	23
34.14	36
34.61	4
34.44	40
32.92	21
34.55	60
34.08	28
34.64	34
30.6	26
30.75	60
35.52	32
31.95	19
33.58	50
36.41	21
34.03	61
34.46	52
35.92	8
39.59	28
34.88	32
33.2	6
31	32
34.77	18
34.67	25
36.82	48
32.91	29
33.14	53
36.22	11
37.42	26
34.75	33
34.41	25
38.07	16
33.39	61
36.66	15
32.83	41
35.78	25
34.61	21
35.04	37
36.76	31
33.33	13
40.77	22
35.85	29
36.56	19
33.83	30
34.65	53
35.25	24
36.03	58
33.02	16
34.88	44
37.08	44
34.23	50
33.71	28
37.56	34
36.68	24
36.76	50
35.19	56
36.04	56
33.82	33
33.89	64
34.31	16
33.75	31
35.13	22
35.26	35
35.84	37
33.85	50
36.62	43
43.53	4
41.62	16
35.82	33
34.07	19
35.41	11
34.41	63
33.02	6
35.42	27
33.9	34
36.08	24
36.16	34
35.83	35
37.25	35
35.9	21
34.74	63
33.43	64
36.81	12
32.48	35
33.75	63
33.42	48
34	33
35.13	46
34.57	46
35.34	43
33.64	62
34.2	35
35.02	58
32.19	61
34.67	59
32.95	61
35.01	13
35.24	36
34.15	60
36.67	14
34.45	40
36.48	2
34.94	57
37.85	26
33.8	61
33.13	14
33.81	28
34.89	18
34.11	32
33.47	45
33.73	20
34.65	63
31.22	33
33.98	35
32.71	17
33.88	41
31.88	11
32.57	38
33.5	36
31.71	18
30.36	39
33.14	64
36.13	36
33.66	44
34.33	4
35.72	27
34.07	48
34.27	33
33.26	19
34.02	34
33.23	31
34.43	36
34	41
34.19	52
35.64	56
33.18	12
35.77	51
33.45	27
31.58	20
34	28
36.98	7
37.43	28
32.47	33
35.37	63
35	14
35.95	25
33.84	43
33.86	54
40.7	17
31.72	43
33.98	54
35.64	44
34.56	64
34.43	47
35.55	40
35.64	36
35.25	9
33.85	64
34.16	57
39.59	7
35	40
32.25	26
35.97	45
35.32	17
35.26	22
36.35	25
33.75	32
39.35	7
36.22	39
35.36	54
36.45	35
33.5	1
35.35	35
34	26
33.35	51
34.43	35
34.81	47
33.18	13
34.08	54
35.12	36
31.85	29
33.42	19
36.18	7
33.14	27
36.18	35
36.8	33
34.82	26
32.95	41
35.93	63
36.07	25
37.05	58
32.59	27
35.67	26
36.43	2
34.79	6
33.68	24
33.9	45
33.6	61
37.33	12
34.94	58
32.76	35
32	46
37.09	55
33.88	4
35.15	19
35.61	46
36.4	58
33.06	15
32.21	39
34.08	1
37.93	35
35.85	36
35.95	63
34.66	27
34.08	32
35.15	42
34.67	29
35.06	2
33.82	37
35.75	19
34.48	34
36.36	29
34.05	37
33.89	45
34.86	20
35.17	22
38.02	5
33.98	16
32.62	28
33.55	0
35.95	28
36.34	27
34.26	14
36.61	41
34.25	15
37.37	19
36.79	22
34.66	49
33.17	28
35.26	16
36.74	40
35.02	28
32.41	26
37.23	26
35.91	26
35.14	46
35.92	2
35.19	18
34.87	59
37.68	18
34.26	35
32.84	4
36.66	45
34.15	27
36.7	24
37.25	30
37.66	34
33.98	18
31.66	32
35.14	30
35.62	38
37.05	39
34.32	17
32.76	13
34.12	63
32.7	22
32.13	42
33	34
31.79	45
34.03	51
35.46	30
34.95	52
36.2	55
37.38	22
34	57
33.38	21
37	28
33.35	18
31.23	24
33.02	17
40.04	25
35.04	64
34.07	50
32.33	34
33.08	33
35.79	18
34	28
32.31	61
31.07	33
35.52	26
34.26	50
37.18	19
32.4	35
33.28	64
34.62	42
31.62	16
33.33	52
35.27	64
36.57	19
33.74	51
34.28	63
35.62	0
33.32	22
35.07	63
45.08	13
33.67	49
35.14	61
34.08	23
33.42	29
33.29	57
35.53	36
34.14	40
34.69	37
33.49	61
34.62	44
34.25	20
36.41	13
37.97	29
33.02	16
35.91	45
34.93	57
34.69	63
33.96	56
35.6	30
35.52	26
33.11	28
32.34	55
35.22	47
35.92	21
33.15	34
34.5	10
33.63	3
33.43	21
35.82	8
35	21
33.34	23
32.68	49
34.07	25
34.22	18
36.6	1
33.97	58
33.66	36
33.75	6
35.07	16
37.16	64
34.31	57
32.19	44
35.11	59
33.91	30
35.26	33
32.76	35
36.76	17
33.8	26
32	64
34.13	7
34.07	10
32.42	25
34.41	38
34.14	8
36.66	42
35.37	23
36.01	7
35.35	60
33.67	33
31.33	33
34.37	63
31.82	47
34	30
31.5	32
34.08	26
33.8	36
35.22	23
33.7	63
34.41	58
34.64	32
36.06	11
33.89	44
35.77	8
35.35	26
34.44	47
35.56	58
36.9	50
32.53	52
35.38	44
32.87	62
35.29	64
34.85	21
34.4	45
35.73	55
35.12	14
33.74	22
32.78	58
32.77	52
34.49	25
33.11	51
34.16	9
34.17	32
35.16	64
32.23	28
33.09	61
34.83	57
35.56	52
33.76	40
32.96	32
36.15	39
33.17	34
35.21	53
34.12	8
33.61	12
31.91	6
33.69	49
33.88	6
32.16	20
33.25	62
34.33	42
33.4	40
30.08	22
32.18	10
36.46	12
34.77	30
31.41	35
32.83	2
33.33	42
34.04	50
33.27	29
36.95	24
33.81	21
32.69	2
34.25	22
33.47	25
35.23	63
34.17	30
32.87	33
34.65	62
35.6	5
35.18	61
35.08	23
35.08	32
34.23	54
35.66	32
32.84	56
33.25	5
32.65	60
34.4	13
34.9	25
34.67	40
33.35	12
34.38	25
35.79	63
39.45	28
35.96	30
34.27	40
35.13	38
37.62	30
34.47	16
34.41	30
36.84	12
35.52	43
37.16	18
33.26	7
35.17	15
38.28	40
32.51	33
34.93	47
34.43	36
32.55	35
34.68	51
35.12	36
31.75	31
32.1	49
33.39	42
32	22
35.48	41
35	27
37.41	5
36.38	24
35.98	21
35.09	17
33.87	18
35.13	35
33.43	57
36.94	38
37.36	26
30.27	33
35.39	37
31.3	21
35.23	19
33.51	30
33.22	31
35.86	29
31.87	42
34.07	39
34.16	23
35.91	11
34.97	0
36.67	13
33.95	61
34.33	61
36.15	46
36.67	34
32.68	29
35.5	58
35.52	17
35.16	44
35.36	55
37.67	6
34.31	26
35.32	49
36.1	35
33.71	17
37.93	19
35.71	46
31.83	34
34.92	41
35.42	10
37.07	10
32.4	34
33.32	42
33.75	52
35.75	60
34.6	32
37.66	7
34.72	26
33.09	61
31.52	32
34.3	13
31.65	25
33.47	37
33.7	37
38.4	11
33.42	19
34.68	34
34.23	55
33.47	34
31.73	27
33.65	60
32.95	23
34.81	43
33.95	26
33.17	30
34.48	17
34.37	34
34.66	28
35.41	44
41.86	1
34.82	19
35.41	59
33.01	6
36.68	21
34.53	18
33.94	51
35.08	43
34.03	45
32.98	27
34.36	32
34.83	12
33	38
32.98	33
32.76	35
34.67	31
35.96	18
40.41	21
34.02	6
35.4	4
36.43	15
33.19	56
34.01	20
33.07	48
37.65	8
34.01	61
33.82	44
34.82	37
34.4	34
34	49
34.17	63
34.77	28
35.37	17
35.23	0
34.78	62
32.09	59
33.7	50
36.39	60
35.63	10
34.49	11
35.05	36
34.47	9
34.56	43
34.88	42
35	28
36.35	48
33.28	63
36.5	12
35.52	16
35.75	24
35.01	39
32.18	32
35.3	17
33.35	34
34.69	4
33.46	20
34.01	45
33.1	23
34.07	34
31.78	15
36.57	35
35.03	25
35.96	45
35.01	8
34.64	42
33.57	58
35.05	41
34.24	18
33.93	31
34.78	18
34.8	30
34.71	16
34.71	16
35.48	18
34.85	16
33.98	15
41.67	5
33.84	15
33.34	55
34.05	26
35.5	1
33.67	14
35.75	10
33.58	54
36.4	40
34.32	55
33.78	38
35.73	54
34.44	54
31.29	64
32.63	2
38.04	27
35.8	54
36.19	60
37.28	29
36.24	48
32.6	5
34.25	59
33.05	61
34.41	59
35.02	52
34.71	27
35.61	14
32.68	31
33.84	49
36.31	22
32.32	44
34.86	28
35.1	36
35.68	45
36.73	20
34.33	59
33.7	6
36.47	45
37.21	25
33.71	15
34.33	10
35.48	32
34.44	50
35.06	3
34.28	45
35.13	11
34.87	19
33.5	32
34.6	33
37.16	1
36.95	41
33.86	35
36.73	22
35.64	51
34.2	44
34.92	14
34.66	29
34.41	6
33.93	32
34.66	62
32.7	21
35.5	46
34.57	21
32.29	30
33.28	49
34.04	25
33.82	30
32.78	62
34.38	5
34.78	55
36.02	13
35.82	22
33.65	12
35.43	7
34.42	7
38.17	37
36.3	56
36.75	30
36.38	8
33.6	26
36	28
34.06	14
35.48	18
32.85	6
33.27	29
32.97	49
36.42	31
32.91	54
33.43	29
34.24	63
34.96	42
30.98	35
31.15	58
33.83	33
33	14
34.06	42
31.51	33
34.49	53
33.19	46
35.25	55
33.72	8
32.05	60
33.2	9
33.69	31
34.1	33
33.26	2
34.01	19
35.33	34
37.5	15
34.32	33
34.37	18
41.03	9
35.12	28
32.78	35
35.72	25
34.25	31
34.59	18
33.43	47
34.05	47
35.93	32
33.58	63
32.35	19
36.41	61
33.97	28
35.86	7
35.83	26
35.61	10
35.99	37
33.12	42
34.52	22
36.27	38
34.5	29
45.09	2
33.21	35
30.32	16
34	40
34.45	40
32.49	54
32.78	52
33.96	2
35.18	22
37.46	21
31.93	11
34.21	57
31.92	13
33.97	43
32.4	13
32.78	51
34.51	53
32.9	62
34.43	59
31.76	29
33.76	27
33.75	11
33.04	57
33.87	6
35.66	47
34.66	23
33.63	64
35.26	21
33.19	57
31.76	33
31.51	61
34.86	34
33.19	7
34.88	38
34.92	29
35.16	57
34.37	49
31.74	9
35.45	27
35.51	15
34.89	58
35.79	51
33.73	35
33.72	39
35.51	20
36.27	3
34.16	51
32.13	18
34.24	61
34.46	55
35.12	40
32.02	17
34.67	15
31.86	24
33.76	19
33.8	28
34.02	25
31.72	30
33.06	25
34.54	7
33.28	38
31.95	45
31.95	45
34	26
34.87	32
34.84	53
32.11	18
31.7	54
33.85	21
31.96	43
34.57	50
34.09	45
33.54	50
36	4
32.54	63
34.08	57
33.92	46
31.35	24
36.03	16
31.13	12
36.38	38
37.97	9
33.75	30
32.33	29
32.58	9
35.85	33
36.58	31
33.36	22
33.17	16
32.51	32
34.6	61
35.42	32
32.13	20
38.82	21
35.31	36
34.35	39
35.35	16
32.31	6
36.83	54
33.5	29
34.83	44
31.98	33
33.88	33
31.5	31
35.16	32
33.39	28
35.65	41
34.8	47
32.61	10
33.51	63
37.57	19
34.57	25
34.57	2
39.17	11
34.18	63
100	0
34.42	34
33.82	59
38.48	12
36.3	25
33.61	16
34.7	24
32.87	27
32.59	56
35.57	32
30.76	34
32.22	3
35.36	29
33.72	27
36.45	53
36.51	24
34.51	11
35.91	3
31.71	34
35.6	29
35.06	47
40.43	1
35.14	42
33.92	11
33.65	24
32.7	64
33.82	21
34	26
35.25	35
38.33	32
32.5	31
38.77	32
34.68	57
35.86	25
33.2	48
34.44	33
32.23	42
30.76	33
33.33	32
34.06	11
32.15	60
33.45	31
31.84	27
32.7	10
35.91	30
34.1	15
34.9	9
34.76	43
35.05	39
33.33	22
31.85	23
33.38	54
33.66	59
31.92	63
33.33	27
33.99	20
36.07	23
33.62	52
34.42	23
36.28	42
33.69	8
33.68	36
34.91	10
34.86	7
34.3	58
37.18	33
30.58	7
34.43	12
33.71	15
32.18	64
34.16	54
35.03	6
33.84	61
33.87	36
34.9	6
33.88	55
34.2	60
30.5	31
34.98	49
34.86	7
33.71	35
37.03	36
35.66	6
30.86	35
33.22	32
34.18	36
34.81	22
33.5	61
33.44	47
32.92	26
33.64	63
36.13	63
33.83	8
32.48	26
34.74	34
33.31	58
35.02	37
35.3	43
35.93	23
33.53	63
34.85	60
35.37	48
35.23	29
41.51	12
33.73	56
34.96	6
32.22	64
34.96	6
32.95	10
32.12	16
32.24	59
31.76	24
33.58	34
34.27	43
34.17	61
35.08	29
35.17	55
32.92	30
33.88	46
34.85	32
34.83	32
35.48	15
34.54	21
35.08	8
35.66	47
34.11	7
34.8	48
36.6	36
33.66	11
36.18	60
35.23	32
31.94	19
35.21	44
35.79	49
32.43	61
33.7	14
37.54	19
32.92	40
35.17	6
33.87	10
34.23	15
33.68	18
33.9	52
35.65	31
33.51	16
33.85	62
33.65	4
33.01	5
34.9	13
35.06	28
35.75	23
33.34	12
35.23	30
34.64	44
33.31	6
35.84	18
35.13	7
34.82	38
34.47	38
33.48	8
36.22	42
30.7	4
34.01	23
34.67	13
33.95	6
34.52	9
31.41	23
32.82	55
32.64	54
32.15	27
33.12	8
30.52	12
31.49	25
33.83	37
33.65	6
32.2	24
35.27	7
31.46	18
34.4	48
35.92	26
34.3	10
33.56	62
32.81	29
34.57	54
33.31	6
35.84	18
35.13	7
34.7	38
34.47	38
30.85	8
34.31	8
36.22	42
36.07	23
34.67	13
39.18	12
33.18	42
34.24	58
34.51	6
32.93	33
34.26	21
35.16	41
34.73	46
35.7	25
33.31	48
35.33	19
31.85	31
34.47	26
32.8	34
33.29	63
32.25	1
34.53	12
34.73	14
34.27	32
34.44	6
34.03	43
32.98	29
34.4	57
34.39	57
35.62	31
32.61	29
36	43
34.71	58
33.64	64
35.32	29
34.25	29
34.32	20
38.68	12
35.03	49
35.06	15
37.12	52
34.11	29
34.25	29
33.98	43
34.88	49
35	52
30.97	4
33.35	14
34.7	5
33.17	33
35.12	51
33.55	9
34.32	46
32.75	35
34.94	31
34.6	33
34.54	36
33.14	33
34.85	7
39.62	8
32.48	15
34.82	14
30.08	14
33.81	47
40.05	4
33.17	32
34.41	13
35.27	13
35.17	14
31.77	12
34.88	55
35.62	31
32.93	50
36.32	17
33.15	18
35.57	17
33.31	10
36.53	27
34.91	54
33.93	59
35.62	18
35.02	56
33.95	61
32.76	25
32.31	0
32.95	22
36.11	22
35.48	2
33.71	11
34.4	0
33.44	56
33.74	48
30.25	8
36.03	10
37.43	52
33.65	61
36.52	42
33.8	19
36.75	30
33.04	41
34.21	19
33.8	19
36.02	10
33.8	19
35.78	61
33.59	29
33.17	59
36.66	28
34.96	37
35.02	22
35.15	48
33.49	35
36.27	13
34.25	16
35.23	15
36.59	22
35.38	52
36.67	26
34.8	63
34.41	15
33.13	46
35.08	32
35.35	21
34.35	51
33.2	1
37.88	29
34.91	6
35.17	23
33.39	13
34.6	10
34.64	62
46.01	6
38.51	23
33.6	42
34.53	15
36.08	14
34.26	15
38.2	15
34.76	59
37.92	40
34.76	32
35.26	25
35.91	55
33.35	20
33.72	33
31.7	28
33.33	14
32.78	11
35.46	23
33.6	63
37.32	20
33.18	25
34.36	47
36.6	18
35.41	10
34.45	62
37.01	21
33.48	59
33.5	12
35.91	26
32.31	64
35.07	62
32.06	24
34.39	51
34.58	34
33.66	51
33.17	42
33.74	44
35.52	28
33.32	12
32.98	34
34.68	49
33.55	63
35.29	21
34.11	18
34.8	61
34.95	59
37.25	20
34.67	27
34.11	60
38.6	14
35.77	30
35.34	59
34	21
33.17	37
31.58	33
32.18	46
35.77	21
34.71	45
34.75	18
34.42	60
33.15	60
33.66	32
34.64	33
33.82	16
35.91	26
31.61	6
36.23	15
31.74	21
35.68	39
32.75	14
36.56	23
35.2	10
34.7	58
36	40
33.12	17
33.76	28
33.63	52
32.18	34
34.01	35
34.57	41
31.12	16
31.8	4
34.12	53
35.72	35
33.99	46
36.11	54
33.58	9
35.01	27
35.88	46
36.48	33
37.32	8
35.82	33
34.41	45
34.15	31
33.14	34
33.62	6
36.27	22
36.29	17
34.57	61
34.16	24
33.61	61
34.84	42
35.05	60
36.38	27
35.49	7
35.22	22
32.83	25
34.86	26
35.52	54
37.77	33
34.35	24
34.93	31
37.43	7
34.94	45
34.14	53
33.33	56
34.6	57
35.04	42
33.08	23
34.95	61
34.82	9
33.67	15
32.34	56
35.75	53
36.29	7
34.14	39
34.67	12
33.27	21
32.27	53
33.8	32
31.22	29
32.16	55
33.16	10
37.5	13
34.93	27
36.27	24
34.51	10
33.1	23
36.8	61
32.73	20
34.18	33
33.02	13
37.26	7
34.44	49
33.39	58
32.03	4
32.5	15
38.26	4
35.04	60
35.05	15
34.38	29
34.9	27
34.22	64
35.59	50
33.89	58
31.82	10
33.54	24
34.94	34
37.13	41
35.32	13
35.6	15
34.85	23
35.27	16
33.09	42
32.96	16
33.25	59
35.78	42
35.66	50
34.12	18
33.55	59
34.75	27
32.62	39
32.87	19
36.12	59
37	56
36.04	25
37.5	24
35.42	35
36.04	25
34.67	3
35.51	21
36.04	25
32.82	27
33.81	14
35.42	49
35.81	27
35.11	41
32.86	28
34.72	31
32.58	61
32.76	24
36.37	32
37.12	35
35.62	21
32.57	48
32.26	33
37.48	18
35.02	19
36	18
35.3	12
32.02	22
34.49	36
32.92	25
34.56	22
32.96	21
32.08	44
33.93	13
31.29	60
34.77	32
34.03	36
31.58	33
32.67	48
36.08	23
31.51	7
37.25	22
35.1	24
36.86	4
37.33	20
34.7	27
33.23	31
34.42	34
37.83	21
33.79	7
35.26	16
34.65	7
35.25	26
32.67	63
34.99	53
34.68	35
35.46	64
36.62	9
34.72	20
34.27	28
31.66	24
39.31	35
35.33	9
35.17	23
32.64	19
33.91	32
37.07	10
34.16	34
34.12	53
33.29	64
32.75	46
31.35	29
35.22	47
33.87	57
37.35	53
32.5	39
32.61	46
35.73	42
33.2	14
34.64	4
32.76	59
36.89	58
35.18	50
34.57	2
36.62	20
32.27	23
35.04	53
35.68	28
32.42	18
33.18	6
37.07	12
37.31	6
33.7	49
33.23	34
34.55	34
31.08	35
31.08	35
34.24	11
32.48	6
37.82	18
34.72	25
31.32	22
32.91	62
32.57	62
32.91	62
32.96	2
33.15	19
31.57	20
33	29
33.12	64
30.74	11
34.21	42
33.32	33
34.07	35
33.69	53
32.43	29
35.82	22
34.29	59
33.25	27
35.28	29
37.42	29
33.59	56
34.68	16
36.31	32
37.73	15
33.56	27
33.42	19
37.44	21
33.93	24
32.23	48
36.09	31
32.57	19
31.29	44
35.38	25
34.54	15
33.65	40
34.81	16
34.6	25
31.74	19
31.35	20
32.92	21
36.7	15
34.18	34
34.17	35
33.48	35
35.14	57
31.62	17
34.66	23
35.57	23
33.51	34
35.27	29
33.06	16
34.88	26
33.51	17
36	24
33.22	35
35.87	17
35.58	26
33.25	33
33.82	60
36.03	7
34.6	36
34.17	47
37.77	42
33.65	32
33.21	55
35.1	29
32.65	59
34.27	50
32.11	49
34.91	10
35.44	40
35.13	20
34.83	21
34.47	38
33.54	8
36.28	42
34.42	23
32.92	46
35.9	29
32.92	22
36.28	29
35.01	18
33.21	39
35.51	13
35.33	30
32.26	42
33.07	32
32.91	32
35.85	33
33.46	30
32.71	16
34.11	56
36.68	19
37.92	14
34.16	48
35.84	24
39.23	15
34.4	54
36.51	32
32.87	52
32.42	32
31.01	27
31.32	35
33.93	12
33.28	35
33.51	29
34.65	34
34.6	34
34.66	19
33.77	49
37.1	30
36.6	17
33.89	51
35.41	10
32.4	23
39.32	24
34.97	26
35.83	18
35.33	28
32.06	14
35.67	28
34.13	45
33.03	59
33.5	29
30.91	22
32.66	27
33.09	44
33.77	27
36.21	58
32.85	28
34.73	28
35.07	25
33.8	8
34.85	15
32.35	27
32.66	35
32.89	30
34.72	46
34.57	57
35.34	35
36.22	33
35.08	10
34.63	43
34.3	15
35.12	50
35.18	59
37.17	26
35.07	27
31.56	5
32.36	22
33.56	21
32.44	45
32.98	27
30.3	24
34.15	51
31.06	24
33.51	22
32.93	27
34.74	7
34.5	6
36.06	33
33.63	26
33.47	59
33.14	61
30.6	18
33.56	6
34.94	37
35.55	41
37.76	32
35.34	58
35.18	26
34.7	9
33.52	34
33.95	61
34.47	55
34.42	16
36.6	24
34.98	34
32.83	53
33.06	64
31.85	10
34.87	59
35.58	31
35.12	19
34.6	34
32.87	23
34.55	56
34.63	36
36.73	25
33.07	36
34.44	42
32.72	23
35.27	38
33.46	24
33.06	64
34.83	18
32.16	21
39.36	41
31.23	7
34.6	21
35.93	17
34.04	64
33.01	33
36.53	37
37.8	22
36.07	35
32.02	34
35	32
34.74	53
34.4	40
33.44	45
33.73	15
33.11	22
32.26	27
33.83	62
34.58	40
33.43	38
34.08	44
34.28	22
35.34	3
33.08	29
33.97	14
33.67	21
34.25	31
35.48	31
35.73	31
36.12	42
36.52	25
33.46	21
33.98	31
37.66	29
32.9	30
34.6	26
34.79	38
34.6	33
31.71	21
34.43	3
32.68	34
32.83	20
32.37	23
36.5	21
35.38	49
34.78	19
33.08	49
35.56	14
35	31
33.06	59
34.45	45
36.05	13
35.98	20
36.41	35
37.87	41
33.91	43
33.42	31
35.64	54
35.17	4
35.34	32
34.15	39
32.15	62
35.07	59
33	31
37.16	17
36.3	47
34.9	14
37.95	3
34.8	11
34.52	31
32.62	25
36.52	19
36.02	41
33.95	56
36.66	21
34.13	55
33.33	42
33.38	18
35.93	18
36.58	27
35.82	49
33.43	56
35.59	6
33.09	55
35.97	6
37.08	25
36.06	25
35.15	49
33.33	61
32.32	31
33.05	63
33.98	6
33.02	6
33.53	59
32.85	48
32.15	32
35.9	3
33.71	16
34.96	49
30.68	34
33.11	30
36.17	35
34.37	13
33	2
36.99	25
35.07	35
31.9	28
34.55	38
32.92	32
32.56	5
36.04	20
35.91	10
32.45	34
34.96	37
36.87	10
36.65	58
36.77	55
33.39	38
34.27	63
33.55	42
32.66	6
34.53	14
33.56	38
34.4	49
33.33	24
34.53	14
35.86	19
41.7	4
33.82	60
33.22	35
41.7	4
34.28	46
30.98	3
34.08	10
33.82	31
32.15	64
34.22	10
33.92	46
32.58	7
33.1	23
34.72	29
33.67	10
41.77	4
35.11	63
34.67	54
33.62	29
31.45	48
34.13	1
32.71	35
35.57	33
34.22	56
33.91	39
32.77	19
36.28	47
33.88	55
35.12	8
33.01	38
35.25	46
32.94	13
33.83	27
32.72	60
39.25	5
32.87	57
35.35	62
37.65	16
35.85	17
35.33	34
36.86	25
39	9
34.1	16
38.01	31
34.86	58
37.08	23
38.6	19
32.93	21
32.61	25
34.75	8
34.75	8
35.79	23
36.35	18
35.8	35
32.07	42
36.41	9
39.36	25
40.37	28
33.85	58
35.45	32
33.93	52
40.37	28
40.23	33
35.6	35
34.1	34
33.13	19
35.81	9
37.08	24
31.9	35
32.66	17
35.96	7
34.1	26
34.1	34
34.6	16
33.58	25
33.28	51
35.31	22
35.46	8
32.98	1
34.92	14
36.96	35
33	1
33.91	29
34.97	16
34.2	31
34.42	35
35.43	31
34.14	48
33.6	53
33.6	26
34.69	52
34.55	33
34.63	29
33.37	24
33.18	17
34.91	56
35	61
35.01	27
33.38	43
35.69	56
33.16	20
34.18	17
36.8	38
35.68	37
36.29	49
32.45	47
34.95	36
34.9	12
33.75	33
34.25	52
32	40
33.92	48
35.1	3
36.05	15
35.14	54
35.66	35
36.59	31
32.92	48
34.25	47
36.44	23
33.82	55
35.23	35
35.4	17
36.92	37
35.67	48
34.06	49
34.64	16
33.4	40
34.25	20
33.92	39
33.88	57
34.02	61
35.16	4
33.87	12
33.56	32
36.41	23
33.76	56
37.98	5
36.15	52
34.16	33
34.72	36
33.84	10
34.07	47
34.84	58
35.27	5
35.58	33
31.69	5
32.86	10
37.27	14
32.51	31
32.61	8
34.61	28
33.49	61
32.06	15
33.7	23
33.42	25
33.7	50
34.5	19
34.05	50
32.98	16
35.05	28
36.36	40
35.79	55
38.04	42
39	16
33.42	60
33.41	17
35.44	47
34.71	54
36.31	25
34.95	11
33.36	40
36.41	31
35.16	23
37.51	39
37.23	17
36.63	31
34.5	6
34.92	29
34.32	34
34.18	27
31.27	56
34.77	10
35.22	49
31.92	33
34.43	56
33.65	43
33.16	34
34.35	17
36	25
32.36	54
33.8	56
34.79	55
31.82	29
33.83	29
33.35	45
33.56	43
35.4	42
35.26	17
31.06	43
33.02	24
32.85	54
35.46	42
32.76	39
33.76	63
33.27	32
33.09	54
35.92	37
33.56	64
33.38	6
34.09	25
33.62	13
36.21	13
34.27	10
32.6	25
33.97	50
33.09	63
32.15	60
33.42	31
34.82	14
34.64	48
33.3	36
34.49	53
35.9	10
32.85	47
33.5	64
34.7	58
34.58	36
33.13	50
32.72	64
33.57	63
31.7	30
33.8	47
36.57	11
34.82	22
34.68	12
32.6	35
34.93	30
35.03	6
35.92	26
36.33	34
36.39	56
39.44	26
35.84	55
47.17	4
35.78	32
38.91	6
44.52	1
33.5	21
33.02	32
47.56	2
35.44	43
43.05	4
34.6	11
37.1	46
35.76	33
34.49	35
32.52	35
37.2	12
32.41	35
35.18	49
35.03	6
31.26	34
35.06	31
34.63	54
33	61
35.51	20
34.27	16
33.08	35
33.44	61
33.09	49
33.6	49
35.68	34
31.85	35
33.51	20
35.41	30
33.56	33
33.06	24
34.26	12
32.33	23
33.1	60
31.1	34
35.29	44
33.3	38
34.82	14
34.73	6
33.78	26
34.56	34
34.27	34
36.83	49
32.85	27
34.76	10
34.68	57
34.1	56
34.27	40
34.75	9
35.61	11
35.83	8
36.51	6
35.57	28
31.64	46
35.04	37
38.11	22
33.16	39
37.42	29
34.91	25
33.82	29
35.34	57
31.48	22
36.66	4
33.38	61
36.2	22
34.69	63
35.93	33
33.73	48
32.7	34
36.72	20
35.4	52
33.85	32
35.06	17
30.71	4
33.76	46
34.35	35
33.72	13
35	39
36.51	24
34	40
34.46	9
31.61	20
35.01	22
34.97	57
35.07	23
37.54	48
34.61	25
34.16	47
31.25	24
32.5	58
32.33	33
34.8	24
32.03	11
33.21	41
32.74	38
32.61	20
33.85	63
34.77	31
35.23	35
33.52	64
35.13	32
34.88	6
36.1	20
34.86	11
32.56	32
34.82	23
33.11	17
34.11	63
34.95	42
33.93	24
36.36	6
34.88	15
34.55	42
32.32	24
33.08	17
32.05	46
34.33	60
35.07	58
33.75	32
34.97	47
36.37	33
35.15	5
33.7	48
36.37	33
35.35	39
37.02	57
34.56	19
33.98	34
35.28	57
34.06	51
33.32	35
36.08	22
34.06	44
35.11	24
33	29
37.23	20
35.36	36
33.78	16
33.45	13
32.54	34
35.25	26
33.41	41
35.16	4
34.22	54
34.36	43
36.79	17
34.35	41
32.61	26
33.38	25
35.17	30
35.36	41
35.84	42
33.87	41
31.49	47
32.76	32
33.79	22
34.63	18
34.18	54
33.52	2
32.38	62
35.11	47
34.73	24
33.61	30
31.15	22
34	15
36.23	10
36.01	11
34.92	35
33.41	32
32.11	29
38	14
32.02	34
34.03	28
35.43	28
32.25	34
33.05	19
33.07	48
34.27	23
37.21	9
33.02	22
35.68	9
35.74	51
34	12
31.87	34
35.6	28
34.62	27
35	34
37.31	13
33.22	56
36.89	33
30.78	16
35.55	5
33.08	27
34.42	35
33.87	44
35.18	36
32.6	46
38.43	5
32.31	4
34.52	17
33.07	47
35.1	17
32.66	34
30.86	28
36.08	19
35.25	60
36.53	11
34.38	60
35.83	28
33.56	27
32.83	31
38.36	31
35.32	27
35.43	29
34.06	31
36.2	31
33.5	22
33.07	19
34.17	14
34.1	10
32.41	7
35.95	46
34.65	13
30	1
33.82	10
33.29	42
35.03	62
33.07	33
32.38	5
35.53	42
34.2	39
34.9	23
34.83	38
33.83	33
34	40
33.95	8
36.07	6
35.01	29
33.77	28
34.32	6
33.43	15
35.67	9
34.69	43
32.93	7
35.07	1
34.73	6
35.41	26
31.75	35
32.78	9
34.63	6
35.5	25
33.48	52
33.69	38
31.16	26
34.76	25
30.27	1
36.95	27
31.79	2
34.97	21
33.83	13
35.07	45
33.99	64
36.85	34
35.91	5
34.25	27
33.43	29
32.66	44
38.45	26
34.76	60
34.15	34
32.11	32
35.06	34
33.33	31
36.25	4
35.37	21
34.28	23
35.23	33
31.77	32
34.75	13
30.96	15
32.37	56
35.6	43
34.36	15
33.26	63
31.44	26
34.48	47
33.85	23
34.49	55
34.4	55
35.03	34
32.46	60
31.63	55
33.63	55
31.94	30
33.35	56
33.97	43
35.36	39
34.01	8
35.58	49
34.11	31
36.51	19
35.97	13
34.87	49
35.4	25
35.12	26
34.91	46
33.26	32
36.15	54
34.62	60
35.18	18
31.08	27
32.58	31
36	34
33.42	34
37.91	25
34.11	62
36.58	15
35.27	20
35.03	3
32.31	9
32.26	28
37.71	8
35.93	20
34.62	23
32	62
35.66	23
33.7	34
34.58	35
32.32	5
35.03	25
32.48	30
38.47	21
33.5	27
34.91	21
34.16	32
35.06	35
33.72	33
33.83	51
33.33	61
34.05	58
36.78	62
35.98	34
33.63	20
36.61	27
32.92	34
33.78	17
32.43	31
36.01	29
34.72	15
32.86	18
35.01	33
34.08	53
33.06	52
35.83	45
35.86	63
35.44	53
33.2	61
38.33	13
33.57	63
36.76	19
34.3	41
37.17	27
35.19	49
34.26	61
40.52	2
33.4	19
43.42	2
33.92	18
32.15	12
34.75	60
32.61	41
30.25	44
33.41	31
32.42	29
33.61	44
32.78	10
31.53	4
35.39	21
34.19	8
33.94	57
32.8	42
34.71	64
35.13	21
37.05	39
33.05	38
32.31	22
31.61	63
33.29	55
34.81	10
32.98	15
34.71	50
32.98	60
34.45	31
33.19	57
32.49	38
37.01	8
33.28	44
35.26	69
37.13	36
32.73	38
34.5	40
33.68	15
35.07	3
33.2	32
34.26	31
36.23	36
31.33	40
34.57	28
34.56	70
30.43	10
35.93	27
34.68	27
33.81	24
34.84	56
33.75	44
33.34	51
35.51	32
34.22	27
34.64	68
36.12	22
32.04	64
35.67	30
32.51	19
34.91	44
34.05	24
32.6	80
33.93	30
36.93	25
33.64	37
34.91	56
31.26	25
31.9	26
38.88	19
30.45	42
33.78	11
33.01	40
34.48	47
32.86	25
35.03	46
32.77	51
36.5	22
31.23	78
32.69	53
34.89	57
33.69	69
33.76	75
32.88	51
33.16	65
32.86	53
36.82	17
38.41	27
31.33	70
34.41	25
35.21	58
34.16	30
35.81	63
38.82	5
34.25	23
36.35	26
34.66	26
36.32	31
39.98	22
34	73
32.13	54
34.07	69
36.48	42
34.14	54
34.85	13
30.9	29
34.35	62
33.48	76
34.12	33
35.16	55
32.31	27
32.77	26
33.93	22
36.24	48
33.51	14
31.73	67
34.8	28
34.38	26
33	37
33	37
33	37
34.73	62
32.34	64
31.48	30
33.68	66
34.32	34
35.17	35
32.85	40
34.55	49
32.31	34
34.58	39
32.66	40
34.59	23
35.23	29
30.82	28
35.11	26
36.42	14
34.54	10
37.62	6
30.95	37
34.12	55
33.72	17
33.94	62
31.33	37
35.42	29
35.26	76
36.72	31
36.3	62
31.9	35
31.25	39
32.66	61
34.08	24
36.87	28
32.76	58
32.61	80
36.23	33
32.94	79
35.01	1
33.67	45
30.94	56
32.76	68
34.41	59
36.13	52
34.29	78
33.8	75
31.02	32
33.25	10
33.7	77
34.27	23
34.31	13
33.04	78
34.6	78
35.66	13
33.51	65
33.11	37
32.84	14
33.34	43
33.99	37
31.45	66
33.03	40
36.69	6
31.81	5
31.67	48
35.03	29
34.11	40
32.18	38
32.51	59
31.36	34
34.65	35
32.23	29
34.8	31
33.52	31
34.65	27
35.5	31
34.39	79
36.79	51
36.45	27
37.35	20
33.53	80
32.98	72
35.48	63
32.18	75
33.34	27
36.08	28
34.88	62
34.09	7
36.3	63
34.01	24
35.4	12
36.66	4
34.72	30
36	23
31.73	50
35.44	71
33.5	24
34.51	20
33.94	58
32.55	56
34.32	73
37.93	35
33.29	73
32.26	65
33.26	68
32.87	6
35.71	63
33.96	67
31.71	78
31.18	12
32.28	73
35.37	44
34.82	43
30.5	40
36.68	51
33.23	57
33.44	69
34.72	31
32.64	62
32.64	62
33.75	41
36.69	53
34.67	15
34.32	60
32.31	62
31.35	36
35.17	59
32.71	48
35.4	52
32.41	39
32.2	32
32.2	32
34.02	28
33.21	30
34.69	56
34.09	62
33.42	3
31.93	40
35.38	40
34.68	20
32.6	38
34.94	56
36.31	43
34.94	21
35.65	21
33.9	26
33.07	30
35.32	40
33.76	40
33.61	75
33.1	80
32.55	26
35.33	27
35.47	64
32.68	64
35.46	64
31.67	73
35.95	32
32.57	69
34.32	79
34.91	43
34.4	33
33.15	77
33.36	69
35.45	7
32.37	24
34.38	73
34.84	43
40.7	16
35.31	47
33.61	17
35.38	55
34.79	49
31.1	75
35.27	17
33.03	76
35.52	69
35.85	9
34.95	18
35.1	30
33.15	27
33.63	29
33.33	19
33.54	54
34.25	63
35.13	42
