sim	len_diff
38.17	41
34.51	167
33.59	90
42.27	78
34	67
33.96	82
35.74	66
32.03	13
34.9	99
34.42	136
33.44	87
33.59	55
35.79	73
35.18	75
35.33	68
34.54	172
34.54	92
34.92	57
34.9	71
33.7	85
34.11	17
31.81	99
34.3	89
33.16	80
33.11	62
34.46	46
33.69	94
33.47	87
34.94	76
35.2	75
34.04	68
34.1	174
31.55	70
31.55	70
33.64	86
35.03	86
33.75	86
33.75	86
33.36	93
33.36	93
33.44	99
32.4	77
32.4	77
35.33	66
34.08	71
32.11	86
32.9	95
31.58	44
32.73	86
45.38	33
45.38	33
33.79	79
35.89	83
34.46	70
34.3	88
33.07	88
34.43	126
32.13	97
34.93	56
34.64	64
35.03	52
33.32	98
33.81	79
33.27	90
35.03	156
35.71	65
32.54	81
35.13	89
34.64	64
34.19	71
30.57	19
35.08	82
33	63
33	63
36.05	63
33.08	91
33.89	1
33.57	132
33.9	96
34.95	77
36.16	64
34.76	159
33.32	146
35.29	75
34.8	156
34.52	65
33.79	161
33.34	73
34.55	108
33.98	155
33.83	141
34.42	48
33.22	98
32.07	98
32.95	89
35.11	88
34.16	179
35.07	75
35.01	75
33.85	83
34.01	185
35.81	79
35.67	33
34.37	36
35.39	65
34.51	86
33.98	65
35.41	92
33.82	99
35.34	48
33.57	127
35.48	44
32.73	98
33.58	36
36.04	67
35.5	76
32.49	98
34.12	96
32.96	77
35.36	96
32.6	85
33.17	90
33.97	86
34.9	90
34.86	72
34.7	59
35.57	82
32.35	87
31.84	95
34.39	68
34.37	28
33.79	85
33.76	144
34.77	82
33.87	94
32.12	82
33.64	80
34.3	136
35.17	75
35.53	77
34.07	97
33.43	184
35.73	62
33.98	116
34.27	69
32.7	190
33.11	87
34.51	89
33.48	160
33.18	86
31.19	79
33.65	129
35.63	153
33.56	71
32.9	72
32.33	80
33.66	164
43.86	37
34.48	82
30.71	99
35.67	120
34.95	64
33.56	75
33.72	78
31.9	91
32.69	81
32.56	91
33.82	92
35.41	35
33.53	92
33.19	94
34.57	59
34.21	98
34.43	87
34.93	34
43.75	37
43.75	37
33.03	93
34.32	92
34.83	67
35.08	108
30.97	98
32.85	178
36.33	73
34.8	125
32.88	90
31.77	98
33.83	80
43.77	42
35.89	77
33.43	95
33.6	89
33.87	96
33.41	85
34.59	60
34.01	91
33.37	42
42.33	73
33.13	92
33.99	87
32.82	85
32.39	93
32.97	91
34.48	149
34.5	75
34.53	52
33.97	63
34.56	147
33.76	99
32.46	97
33.61	90
32.84	94
33.24	79
32.28	79
41.73	37
35.54	79
34.07	98
34.41	96
33.39	99
35.05	88
32.77	98
33.01	64
32.01	86
32.51	98
32.42	84
37.09	81
34.11	88
35.85	137
31.62	97
35.54	58
33.57	74
35.42	77
35.55	77
34	92
32.64	81
34.26	90
33.39	86
32.06	82
33.83	71
32.85	70
33.63	89
35.59	53
35.17	99
32.12	93
30.92	78
34.63	88
33.09	51
32.25	94
34.1	84
33.41	70
32.87	89
33.06	97
35.01	80
32.81	98
32.98	95
45.12	35
33.5	90
34.39	83
32.05	93
32.77	76
31.75	78
30.94	88
33.43	88
32.26	87
34.41	64
35.23	57
33.75	76
35.34	82
34.03	88
44.95	35
33.11	93
35.71	74
33.85	119
35.16	132
34.12	154
34	74
42.76	73
35.41	51
32.89	86
35.98	45
35.06	68
35.15	84
33.56	92
33.22	172
34.3	74
34.08	59
34.13	92
35.79	73
35.18	75
33.64	85
33.26	99
42.47	77
36.37	71
32.67	92
35.15	74
35.25	75
35.46	64
32.25	93
31.65	99
33.07	87
32.76	94
38.02	72
33.98	76
32.57	99
33.84	93
33.53	95
36.23	27
35.01	136
34.25	139
35.29	148
34.07	78
34.68	92
33.74	86
33.8	84
33.87	84
34.74	84
34.38	74
34.14	84
37.03	63
32.96	98
45.29	31
35.49	49
32.55	99
34.46	68
36.84	21
35.88	42
32.82	76
36.37	61
36.3	55
35.76	82
35.39	51
33.58	73
33.9	66
36.65	49
34.94	45
33.48	68
33.09	188
33.29	69
34.44	91
33.02	89
33.78	46
34.84	51
33.62	78
34.75	80
33.01	80
34.83	79
33.06	83
33.48	91
33.11	99
36.43	41
35.05	90
35.16	127
34.09	84
32.16	11
34.34	133
34.08	80
31.49	47
34.05	52
33.67	86
33.68	31
32.85	62
37.73	42
36.18	68
36	58
36.62	37
35.86	72
49.85	16
35.64	65
32.25	61
35.62	86
45.21	2
36.51	70
32.92	31
34.96	48
32.88	87
34.94	56
34.83	55
34.72	75
36.32	33
32.63	86
33.87	65
33.71	142
32.73	13
34.3	95
33.52	53
34.5	59
34.25	61
35.59	76
33.25	79
34.15	59
37	84
35.13	87
34.63	84
34.27	41
35.71	51
36.66	70
67.47	5
35.67	68
35.08	66
36.55	74
49.81	1
35.98	86
36.87	66
35.88	82
34.3	82
35.16	77
37.76	123
35.67	76
34.76	96
35.68	85
34.77	96
45.87	5
33.61	83
33.56	74
32.49	82
34.63	80
33.43	27
34.68	116
33.43	159
34.14	22
33.17	50
34.24	82
46.62	0
34.45	15
33.71	85
35.06	63
34.04	57
33.72	50
34.01	39
36.19	74
50.13	3
35.03	63
35.46	109
34.66	60
35.53	33
34.42	142
34.21	82
33.87	58
34.65	155
35.7	44
35.64	38
36.25	81
34.33	20
33.71	75
35.18	43
34.63	50
34.06	76
35.02	79
34.11	5
34.37	89
53.23	3
35.55	79
35.69	86
33.92	139
35.68	85
31.08	87
31.91	86
33.95	73
34.73	84
34.45	68
34.47	85
35.58	66
34.54	83
35.99	79
35.82	70
36.24	61
38.96	54
37.87	49
32.33	6
34.3	86
32.55	84
32.25	13
34.61	81
34.53	127
33.03	65
35.62	65
34.49	94
44.55	16
34.42	49
34.12	58
34.15	55
34.4	43
34.82	135
33.84	6
33.24	59
35.53	123
32.88	76
32.55	31
33.28	72
34.4	7
45.62	39
36.32	79
34.01	60
34.51	78
34.23	78
33.86	78
35.74	51
32.74	77
34.37	119
36.06	69
32.91	134
34.1	84
32.71	76
34.21	84
35.66	60
44.49	1
32.55	76
36.4	140
36.64	41
34.75	59
34.64	76
35.02	83
34.56	8
35.51	76
35.2	87
34.63	51
52.1	1
35.63	21
34.67	67
34.47	37
48.58	1
34.58	116
35.02	71
36.43	80
33.56	60
35.24	70
35.3	59
34.65	40
34.06	57
33.7	87
34.37	80
34.5	62
34.68	112
34.72	77
32.6	111
35.05	136
41.59	2
31.6	88
32.27	86
33.64	86
35.39	117
35.64	42
35.22	56
35.97	65
35	39
35.02	47
37.63	47
35.06	75
36.26	78
35.63	70
35.55	150
35.06	40
35.21	154
35.44	78
35.77	31
34.46	30
35.33	72
34.12	81
33.77	49
34.17	81
33.33	82
33.72	101
33.94	83
35.68	57
45	1
33.02	82
33.48	71
34.04	140
34.8	72
35.03	37
34.94	76
35.79	78
36.23	52
36.35	68
36.88	146
34.89	119
34.15	88
34.16	80
34.44	56
35.69	84
34.37	78
34.28	86
33.87	124
34.18	40
32.97	74
35.25	114
34.7	49
34.95	72
32.98	51
42.08	15
36.1	79
36.17	76
34.67	46
37.3	62
35.13	48
36.05	73
36.08	75
52.79	10
35.74	84
36.48	77
49.5	1
36.01	65
31.66	86
34.58	69
37.32	36
33.99	51
35.31	83
36	69
34.85	55
33.73	81
33.39	81
34.61	156
34.54	63
33.35	13
36.51	84
48.04	1
36.52	49
34.61	70
32.63	84
33.54	81
35.01	93
33.81	137
32.83	81
49.01	0
33.95	83
33.93	70
33	41
33.69	134
34.01	81
33.42	46
35.85	37
33.87	38
45.76	1
34.65	140
34.12	23
33.77	28
35.02	67
34.61	77
33.8	66
34.35	102
35.97	37
34.84	55
33.77	81
34.61	66
35.8	29
33.7	81
35.11	30
34.94	41
35.56	52
35.02	69
36.21	85
49.53	1
35.76	66
36.97	78
36.53	84
35.71	47
35.49	57
35.83	78
36.11	88
36.3	76
35.85	51
34.61	58
35.29	80
35.46	122
44.24	17
35.58	58
34.21	78
36.1	41
35.85	109
34.13	88
32.49	84
33.57	17
34.26	141
33.66	73
35.03	57
33.54	154
34.71	66
32.61	80
34.45	80
32.6	4
34.03	34
36.66	57
32.71	81
36.18	51
34.8	125
33.55	73
34.41	74
32.85	76
35.97	72
36.2	32
33.79	103
31.6	50
32.78	25
31.21	85
34.64	119
30.85	13
33.65	109
34.09	61
33.11	88
33.89	42
34.68	60
33.71	36
48.03	13
35.73	96
34.94	85
34.96	74
33.15	21
35.51	79
32.54	88
33.84	84
35.8	79
34.56	14
35.03	47
35.25	83
46.94	7
35.98	79
35.79	71
35.09	60
33.53	9
36.88	104
32.57	40
32.82	34
34.85	76
32.51	60
32.56	52
37.02	76
33.29	43
35.48	31
33.01	19
32.86	67
33.78	119
34.32	70
32.84	31
34.12	98
32.83	83
31.6	88
33.85	77
32.36	88
35.2	147
35	114
33.27	68
32.51	154
34.65	28
33.92	48
32.42	74
33.51	19
44.31	3
35.15	72
32.98	84
35.09	73
35.11	48
35.84	47
37.16	72
36.86	67
35.15	42
37.29	49
37.52	128
42.85	120
34.83	63
37.23	81
32.88	37
34.23	124
43.06	4
35.22	56
33.33	77
34.92	17
35.76	57
36.28	70
33.98	82
33.51	81
34.24	87
34.57	139
36.2	84
58.32	2
36.63	50
34.51	73
34.57	75
33.7	20
35.67	76
34.24	62
35.79	90
34.81	33
35.46	50
35.02	56
34	76
34.35	84
36.62	84
35.64	125
35.66	107
49.87	5
35.11	39
34.58	68
34.79	121
33.45	10
36.81	53
36.48	79
34.47	78
36.07	37
34.59	14
45.7	32
32.44	33
32.89	46
34.49	75
38.12	6
33.76	60
32.93	121
32.89	46
32.05	151
33.66	62
33.68	138
34.5	58
32.82	60
35.04	81
37.36	76
34.84	48
34.54	74
35.25	87
33.36	30
35.33	149
43.59	17
37.36	23
36.66	68
33.96	70
36.26	75
35.2	87
52.21	12
35.38	49
35.22	84
34.84	54
36.22	84
34.64	67
33.96	75
35.6	69
35.18	158
46.65	13
34.66	88
34.3	81
35.74	81
35.18	34
33.31	57
32.42	4
34.95	58
34.23	50
33.46	52
33.57	55
34.61	54
32.38	58
35.21	95
34.7	134
41.03	18
35.45	82
34.8	88
33.27	67
35.33	142
35.13	78
51.97	2
34.35	53
33.9	82
35.51	40
34.6	67
34.17	80
35.14	77
35.24	82
38.6	50
35.31	71
35.82	35
34.4	78
36.78	125
34.53	85
35.72	82
34.78	82
34.29	87
36.07	105
62.25	5
34.47	77
35.05	51
35.9	60
34.47	82
35.48	85
35.07	75
37.19	81
34.06	86
36.07	42
34.65	78
35.84	69
34.82	88
50.65	3
36.62	65
37.05	30
35.4	53
36.41	76
35.26	43
34.67	58
34.65	82
31.98	82
42.06	0
34.91	58
34.56	84
33.99	78
34.37	81
45.35	3
35.77	53
34.64	69
35.95	63
35.83	50
37.08	22
34.83	62
34.09	151
32.63	101
36.35	47
36.12	39
34.6	74
35.87	55
34.89	75
35.86	55
35.14	74
35.75	53
33.84	33
34.77	85
50.04	40
36.05	66
34.17	78
33.47	84
46.83	3
35.65	39
36.61	68
35.51	99
34.44	64
33.97	52
35.27	80
34.1	148
35.07	135
34.35	56
34.3	67
44.06	3
34.44	53
34.12	132
34.53	65
34.04	80
34.14	50
33	87
34.3	111
34.67	35
35.97	33
35.25	76
35.07	82
34.76	66
33.75	86
50.91	2
35.91	67
35.42	154
34.27	136
34.16	89
33.42	62
32.64	72
43.2	1
34.84	77
32.86	49
33.83	69
34.86	70
35.23	80
35.1	54
34.08	88
36.49	48
35.31	72
35.36	56
36.4	134
35.93	52
34.91	87
37.42	79
32.82	81
33.07	88
34.6	88
35.13	35
54.2	2
35.12	87
33.2	82
37.23	105
36.08	86
34.19	139
36.58	56
32.46	73
33.13	42
34.42	53
31.49	53
34.58	126
33.04	85
46.71	2
32.93	41
35.01	99
35.51	72
34.66	72
47.63	2
34.41	55
34.51	79
34.96	70
33.25	87
35.59	87
35.41	72
33.65	84
35.72	148
33.81	80
33.86	45
33.51	40
32.36	86
35.43	55
33.89	35
35.82	84
49.76	12
32.93	78
50.38	1
32.72	81
33.99	65
33.11	78
34.73	59
34.69	134
32.8	80
30.82	25
33.21	85
34.91	84
34.89	149
34.6	84
32.8	77
34.12	87
34.12	17
34.02	41
46.04	3
34.04	75
32.81	80
35.81	87
33.44	87
35.21	29
49.71	1
36.3	89
36.16	34
32.54	9
34.68	49
33.91	80
33.6	77
32.37	88
36.29	92
35.29	80
36.52	54
33.05	81
32.34	87
33.57	75
52	3
33.65	30
33.94	129
33.95	114
33.48	118
33.73	95
35.37	56
33.96	57
41.62	0
32.27	80
33.67	114
34.6	111
34.9	78
35.07	54
33.28	72
32.96	142
34.56	83
34.32	78
33	73
33.6	142
34.91	69
35.44	76
33.18	70
36.3	98
48.38	1
37.49	63
35.26	38
35.08	57
33.46	64
33.8	85
35.09	13
36.27	71
36.02	104
34.27	120
35.5	81
34.98	4
33.45	65
33.64	68
32.1	145
34.89	17
33.07	49
33.56	33
35.21	82
38.73	15
35.95	152
34.78	130
37.9	69
46.24	30
34.48	150
35.64	128
34.32	64
34.87	86
34.05	122
33.66	23
35.34	41
33.38	32
33.02	80
35.38	59
35.73	50
35.31	62
34.4	59
35.74	103
48.34	5
34.97	24
33.23	68
36.18	107
33.69	95
33.83	158
33.28	44
40.39	10
33.05	49
32.4	27
30.82	15
33.46	49
33.87	63
36.42	69
35.71	86
35.23	73
34.34	35
47.47	17
35.01	82
34.81	96
34.55	82
32.91	88
35.83	105
35.48	79
36.08	81
50.54	1
34.33	72
34.84	66
35.68	88
34.24	66
35.84	129
33.39	81
34.11	15
35.25	85
40.06	2
35.21	137
34.25	87
32.53	87
34.14	26
35.23	117
33.91	79
33.85	80
36.28	63
34.67	83
36.34	37
47.73	1
33.3	38
34.39	58
33.06	58
32.9	155
36.01	60
34.22	37
36.43	81
33.45	10
34.98	32
34.61	84
37.5	80
34.31	51
35.25	70
71.43	3
34.91	79
35.13	50
34.53	59
33.8	82
35.45	79
34.64	154
33.63	15
33.8	85
34.17	51
35.66	65
36.48	82
35.6	119
33.7	79
33.86	87
35.86	72
34.21	83
34.87	57
35.09	87
33.57	49
46.84	16
34.47	76
35.76	78
33.51	76
35.31	44
35.02	71
34.53	83
35.12	59
35.97	79
34.29	72
34.16	84
34.86	41
36.75	73
34.54	56
35.65	86
37.02	39
43.73	7
34.52	119
35.91	34
35.34	62
34.25	68
32.16	86
33.95	19
35.24	83
34.14	38
33.1	85
45.76	1
34.67	62
32.83	17
35.3	76
34.73	103
32.16	87
36.76	89
46.66	25
34.86	27
37.11	65
34.81	59
35.86	79
36.16	57
36.67	44
34.71	35
35.27	152
35.66	78
33.88	50
34.94	61
33.81	6
39.32	28
34.37	62
34.58	87
35.45	158
35.33	23
45.47	0
35.52	75
34.3	14
36.33	122
33.83	87
35.51	51
35.43	61
34.78	67
47.62	12
34.88	45
34.82	88
33.36	87
34.3	156
34	87
43.74	36
33.07	87
31.18	11
34.45	87
35.56	56
34.97	60
37.31	81
33.29	84
34.59	88
35.95	75
46.18	0
34.78	155
36.05	69
34.8	148
35.16	81
36.91	84
32.86	70
34.77	66
33.8	62
34.65	46
35.54	112
34.55	88
34.71	72
35.34	72
33.24	77
35.17	72
34.45	78
64.42	8
34.19	75
34.64	88
33.08	83
38.62	139
34.34	67
33.49	88
35.62	102
34.05	52
36.18	130
34.17	86
33	68
37	58
34.23	33
34.73	63
34.33	87
43.65	27
33.72	131
33.74	77
34.61	78
33.99	127
33.76	79
32.2	81
33.91	25
32.9	86
34.88	71
33.91	25
32.87	62
39.41	118
34.37	32
34.73	134
34.8	73
36.25	69
36.55	99
35.82	126
33	65
49.13	3
35.45	147
33.57	83
32.98	81
34.34	80
33.99	125
33.38	66
33.05	72
47.95	8
33.63	84
32.61	81
32.59	70
34.7	41
36.02	75
34.65	141
33.3	20
33.37	43
32.88	70
31.41	75
32.76	45
35.34	80
35.7	70
33.31	50
34.04	75
39.85	19
34.18	81
32.76	70
34.17	133
33.03	85
33.06	62
32.22	16
31.37	85
34.72	118
34.72	46
44.38	3
33.32	61
36.44	76
36.09	46
35.27	87
35.26	65
35.54	43
34.68	66
35.53	103
34.73	87
34.97	50
33.54	39
35.97	48
34.84	144
35.49	64
48.1	10
34	85
34.08	84
35.7	69
34.02	87
34.17	77
38.02	45
32.78	21
46.7	5
34.08	46
36.01	13
36.96	69
35.32	51
34.31	39
33.87	87
34.97	81
33.98	73
33.59	20
44.65	16
33.26	15
38.02	45
35.59	47
33.31	20
35.35	61
36.53	101
36.27	68
34.34	34
33.04	23
43.56	19
34.2	66
32.05	75
33.53	85
35.1	149
34.64	77
34.29	52
34.14	67
34.59	74
34.3	63
33.46	114
35.26	117
36.12	41
34.12	57
34.74	22
33.33	96
33.17	48
34.63	77
35.23	15
33.68	87
34.49	61
35.53	50
34.47	70
46.54	6
36.08	51
35.92	22
34.15	70
33.72	87
34.7	36
33.23	79
33.62	12
35.1	150
34.04	87
34.22	132
35.09	47
33.6	129
35.53	112
34.88	62
41.56	6
31.92	38
34.38	117
32.23	19
33.35	75
35.3	120
33.33	83
32.75	88
34.1	94
34.07	22
34.97	67
32.31	54
32.97	50
33.73	50
35.04	134
32.64	3
34.81	28
33.81	77
33.58	15
33.65	64
34.04	66
37.68	65
34.8	87
34.83	158
34.03	67
33.87	74
34.69	65
34.77	27
45.63	7
35.31	88
34.57	83
35.52	29
36.4	81
35.29	74
36.41	74
53.99	11
34.88	118
37.41	45
36.15	82
35.35	36
34.09	87
37	96
33.21	81
33.64	69
32.14	70
34.52	51
46.45	2
33.84	29
36.07	61
35.48	87
33.71	55
36.43	52
47.97	6
34.3	75
34.55	72
34.1	73
35.2	79
32.87	1
35.54	78
35.69	71
33.32	87
34.26	129
35.65	64
37.29	68
35.29	71
31.52	67
34.55	74
33.76	76
45.22	0
33.14	72
33.43	44
34.38	19
32.65	88
34.79	69
35.5	69
34.17	65
32.04	81
47.6	6
34.64	81
33.73	65
38.44	56
34.26	77
35.98	159
34.2	77
48.89	5
34.93	135
36.82	83
36.01	41
35.71	83
34.94	82
32.3	76
47.22	1
35.18	57
33.76	106
34.37	78
33.88	63
32.43	34
31.76	81
32.64	54
32.88	78
33.63	68
36.11	68
35.59	74
36.5	32
35.09	68
34.79	48
36.56	82
49.51	14
37.32	71
35.66	70
35.73	139
34.35	109
35.04	21
35.64	67
34.53	83
32.2	80
33.88	158
31.03	77
43.28	0
34.99	104
37.21	98
32.99	84
35.86	28
34	83
33.72	82
38.46	70
35.68	59
35.01	71
34.81	70
34.53	72
33.82	69
37.7	61
32.97	81
35.18	122
33.42	12
35.6	57
36.2	68
36.91	30
48.11	2
34.7	87
34.02	119
32.62	78
32.29	87
35.22	68
34.56	91
33.83	70
40.95	13
35.5	88
33.7	83
33.79	70
34.14	69
33.46	86
33.75	78
35.2	131
44.51	16
35.75	80
37.95	74
34.55	31
32.67	80
34.48	86
34.86	94
34.53	78
36.36	73
34.11	119
33.98	35
33.98	55
34.59	64
41.09	12
33.65	69
32.93	67
35.73	56
37.03	52
37.06	62
35.55	86
35.62	41
36.62	52
35.81	77
35.09	52
36.52	72
36.08	75
37.5	48
35.34	129
51.26	10
35.67	49
36.69	70
36.78	73
36.56	85
34.57	74
35.98	56
39.77	49
33.07	87
35.87	109
38.55	79
35.19	59
36.51	50
36.82	28
35.08	79
35.13	58
51.78	1
38.62	32
34.68	17
47.21	8
34.79	45
37.26	68
35.86	111
36.48	72
37.71	60
34.77	70
36.72	64
36.76	88
36.06	84
33.97	73
34.7	39
35.26	82
33.73	57
36.1	75
34.85	58
34.52	77
34.76	28
34.85	66
46.55	13
36.11	66
34.42	73
35.29	75
35.48	58
36.49	46
37.31	39
37.87	77
34.32	36
35.08	69
34.62	81
35.53	28
34.44	77
36.27	56
34.98	48
36.36	47
35.69	93
35.28	50
35.01	51
34.29	52
35.04	54
34.82	152
34.75	86
45.75	5
35.14	56
35.21	90
35.95	57
33.71	85
35.59	62
35.48	62
35.29	29
36.08	54
33.89	73
37.03	97
35.93	61
34.04	37
36.34	115
35.64	38
34.33	78
34.3	74
35.54	75
45.34	2
37.58	90
34.23	39
34.89	47
31.56	27
36.31	49
32.3	66
33.69	52
33.74	87
32.77	88
31.43	86
35.05	73
44.82	3
34.86	76
34.89	105
35.22	77
33.24	69
32.89	88
33.22	41
34.5	129
33.82	77
36.57	84
34.76	70
33.96	59
35.22	72
34.95	128
49.52	2
35.13	69
35.01	83
49.37	1
34.27	142
33.58	98
33.93	79
33.89	150
34.72	71
37.66	67
34.82	127
33.72	63
37.34	58
46.47	16
34.86	63
35.71	49
35.42	74
35.08	64
36.34	29
35.34	69
34.54	79
34.65	159
35.48	125
35.91	35
47.77	14
36.53	125
34.77	102
35.48	93
34.65	78
34.67	82
34.65	76
35.04	84
33.16	5
35.95	132
35.95	87
45.61	8
36.29	87
36.82	85
36.06	71
34.56	86
36.73	70
34.51	37
34.43	31
34.66	84
35.04	83
48.74	0
33.59	80
35.38	67
36.79	96
37.67	65
35.28	69
34.89	39
34.46	60
36.52	83
36.52	52
39.66	155
34.08	45
35.19	22
34.95	78
36.82	71
34.89	71
34.67	37
35.2	121
35.37	59
47.38	4
35.41	81
36.46	47
38.63	71
35.68	72
37.01	71
35.56	41
37.11	49
33.98	159
36.86	91
34	124
35.8	52
36.73	69
36.01	86
33.61	84
36.35	48
35.56	76
37.05	123
35.29	51
35.5	92
35.32	100
33.53	85
35.41	78
46	14
35.57	157
33.63	125
32.84	87
34.83	80
32.96	87
48.82	1
33.74	68
34.78	107
35.4	50
34.67	37
33.82	75
33.77	74
35.85	125
36.25	51
33.08	66
35.55	134
36.35	108
36.48	44
50.06	10
35.07	72
36.76	75
32.4	88
32.69	66
37.13	49
35.86	53
33.68	82
36.84	78
35.84	65
36.37	75
35.4	85
34.67	70
35.81	70
34.6	74
34.65	50
44.24	7
36.42	67
35.74	158
32.94	134
50.59	7
36.04	72
37.57	83
36.08	60
36.33	147
34.49	53
36.57	71
34.99	12
35.95	72
33.69	31
35.51	151
35.37	84
34.61	51
34.2	154
34.68	126
33.99	137
43.8	1
37.34	56
35.85	71
35.69	87
34.39	63
35.54	33
35.74	82
36.92	81
34.83	139
50.33	1
35.13	78
34.68	72
35.53	103
45.11	1
34.97	55
32.42	13
33.83	85
34.76	34
32.98	45
34.74	70
35.61	70
34.26	14
34.4	122
34.51	111
49.67	3
34.88	88
34.22	75
33.23	84
32.63	68
34.01	57
35.65	111
36.53	74
35.03	95
36.15	67
36.72	85
34.81	71
52.37	1
34.88	86
35.46	136
36.06	51
34.35	80
33.65	66
35.83	81
35.87	81
34.84	76
35.51	16
37.45	60
34.69	63
35.95	105
35.5	68
36.55	53
34.9	63
36.52	78
35.41	40
34.03	65
33.11	23
36.13	78
31.88	88
35.48	87
33.85	82
45.59	7
34.51	143
31.84	8
34.68	78
34.43	67
35.62	56
32.22	80
47.71	2
35.07	70
34.57	83
34.18	76
51.66	1
34.59	79
34.12	88
35.34	88
35	48
36.88	35
34.5	58
33.91	78
35.7	75
36.91	35
34.77	58
35.35	83
33.82	78
35.77	125
35.56	79
34.26	77
35.86	152
33.44	23
36.26	22
46.87	2
34.03	108
49.17	7
35.09	122
34	45
33.08	23
35.67	68
39.09	65
34.21	69
33.91	79
32.73	72
33.79	86
33.79	86
47.75	21
33.79	86
33.79	86
32.26	75
34	86
34	86
34	86
33.79	86
34.49	119
48.43	1
33.85	72
32.32	40
36.07	61
34.98	79
34.98	82
34.32	30
33.95	72
32	72
36.82	81
33.92	114
35.53	58
35.44	63
35.84	108
35.54	77
35.53	63
36.28	65
36.67	40
34.02	154
34.23	67
32.14	83
36.08	52
32.69	75
34.28	66
34.61	64
32.92	80
34.42	71
34.02	71
48.49	2
33.38	56
35.43	64
39.89	20
34.75	75
33.51	48
34.57	136
34.8	92
33.13	54
33.23	80
32.24	120
34.44	85
34.77	69
34.26	82
35.21	119
35.49	80
35.64	50
45.47	0
33.26	74
33.51	68
33.55	87
32.63	72
32.97	83
32.79	50
42.5	1
34.34	15
33.51	74
35.49	54
35.67	67
33.15	129
32.67	84
35.07	62
35.53	73
35.81	41
36.15	7
33.14	64
35.81	150
47.14	14
37.45	43
37.28	107
34.72	48
35.58	103
33.95	148
48.73	17
36.29	51
36.98	71
35.93	56
35.38	72
32.79	83
34.52	87
35.16	122
34.28	84
34.62	61
34.78	69
35.04	83
33.1	70
35.27	98
33.29	24
51.66	4
32.56	88
33.96	94
36.69	65
34.41	87
34.39	75
34.72	65
33.88	118
35.94	94
65.86	6
34.47	75
36.06	47
35.42	115
35.64	79
33.72	86
33.92	77
34.16	45
46.5	0
33.29	88
34.91	68
35.15	80
34.06	80
34.74	62
35.65	89
46.85	22
34.23	68
34.24	68
36.65	58
35.99	76
36.34	76
34.41	156
36.25	77
35.94	87
36.4	62
33.44	84
34.16	86
36.69	79
48.8	0
37.52	38
33.24	60
32.65	81
34.11	138
34.65	35
51.07	7
34.06	76
36.54	57
33.65	85
34.7	57
34.71	47
34.57	73
34.08	87
35.67	87
33.78	84
35.1	62
35.64	53
34.48	103
34.65	139
31.93	64
34.99	88
42.09	1
32.93	82
32.24	82
34.31	65
33.14	116
34.76	49
33.86	70
34.7	48
33.55	88
37.19	38
33.94	59
36.57	69
35.44	79
34.91	38
37.49	49
36.63	75
36.98	44
35.31	80
34.17	82
37.23	84
35.18	73
49.24	2
35.2	60
37.67	49
34.76	105
33.62	76
33.87	60
36.98	61
33.25	81
34.59	79
34.76	40
33.4	80
32.15	31
35.52	68
37.55	72
33.89	106
34.65	63
33.56	83
42.24	7
33.87	118
32.98	81
33.59	78
35.51	48
35.63	48
34.56	46
35.98	78
36.34	38
36.45	112
33.91	86
50.79	9
35.63	152
35.06	59
36	69
35.67	87
36.43	26
34.21	159
40.06	97
35.31	47
35.92	117
36.74	47
35.53	130
36.18	148
33.31	85
36.56	92
32.64	61
33.62	81
33.75	87
36.08	43
36.85	65
33.16	66
35.98	83
35.1	114
34.31	81
34.38	93
34.85	65
34.48	30
33.64	75
41.1	6
34.79	74
32.36	85
32.92	30
35.16	40
35.01	79
34.33	82
34.97	79
33.31	87
35.66	103
34.64	77
33.92	83
46.02	6
33.84	62
34.8	80
33.43	58
33.77	72
34.34	82
34.22	43
35.13	73
34.86	69
32.78	82
35.75	70
45.84	0
32.91	86
34.02	80
33.73	47
34.18	82
34.89	147
35.09	78
35.77	57
34	79
34.59	51
34.32	51
35.44	57
36.33	83
33.34	82
32.75	80
34.93	63
35.72	104
35.48	102
48.22	3
36.8	42
37.4	63
35.37	127
38.22	59
32.82	81
35.15	74
34.66	50
34.7	46
36.28	37
36.42	62
36.07	66
33.7	80
36.02	88
36.28	79
42.94	5
34.7	88
36.35	63
34.84	79
34.14	62
36.98	62
34.46	82
33.7	80
34.98	52
33.65	81
36.93	45
34.52	109
35.6	8
32.41	5
35.02	72
34.62	90
35.81	78
32.07	3
36.23	53
35.02	53
34.52	31
34.23	82
34.46	46
40.55	1
33.07	20
31.86	83
34.49	74
34.41	138
31.82	86
33.96	52
33.29	61
32.94	8
35.15	52
35.74	87
34.25	81
36.23	117
35.4	137
34.38	71
34.54	82
36.36	67
34.7	85
35.48	72
32.28	75
45.02	0
34.77	105
33.77	38
33.15	78
33.5	85
33.09	69
32.23	88
35.06	58
34.34	18
34.56	72
34.77	45
32.44	84
36.82	7
33.44	84
35.55	81
33.32	68
34.96	64
31.85	45
36	60
36.48	71
33.95	137
36.08	31
36.61	93
48.4	1
35.65	60
36.17	78
34.54	52
37.79	88
33.62	86
32.91	68
35.7	83
36.43	38
35.4	136
41.56	107
36.58	84
35.7	53
34.28	150
34.98	58
34.82	78
35.82	82
35.1	79
33.01	75
50.87	8
35.84	38
34.1	73
36.9	75
34.31	59
34.73	57
32.69	82
32.73	2
31.77	22
35.29	73
34.68	65
51.55	0
36.01	64
33.81	55
36.42	80
32.69	32
31.85	76
49.54	7
33.37	142
32.28	88
35.08	66
34.13	53
32.45	58
34.04	60
34.66	71
32.64	33
32.93	83
42.13	0
33.61	50
35.3	88
36.22	78
33.29	87
32.24	87
33.49	61
34.24	111
35.14	58
34.6	142
33.48	15
48.33	1
35.94	127
35.68	62
34.21	46
35.1	55
35.34	26
36.2	119
36.24	71
33.87	76
32.74	62
33.97	53
33.65	83
37.29	49
32.37	32
32.88	51
35.31	46
33.03	85
36.92	74
34.3	130
33.08	48
35.33	74
31.77	6
33.14	53
33.8	52
35.35	46
46.35	3
35.91	76
32.6	129
34.05	56
35.15	87
34.73	34
34.53	40
34.97	58
32.7	86
34.09	75
34.18	64
43.49	4
34.28	49
34.04	86
33.03	87
34.74	76
44.06	10
34.81	69
35.36	43
33.83	91
35.23	64
35.41	91
34.12	157
32.46	50
34.08	51
34.79	69
51.37	3
33.74	59
34.14	72
37.44	35
35.25	87
36.03	91
33.51	78
33.98	88
34.43	34
36.72	65
34.45	57
35.39	110
42.73	11
33.71	146
33.11	87
34.15	80
32.04	7
32.2	87
34.23	65
35.42	113
33.11	62
33.5	65
34.04	104
34.2	45
32.59	6
37.21	78
48.97	7
35.17	80
36.31	64
36.53	82
34.63	138
33.96	15
35.36	64
32.66	35
100	0
35.26	68
37.04	72
34.72	44
32.94	83
35.24	57
35.57	38
34.61	137
34.47	72
47.51	6
34.74	88
33.91	86
36.26	129
49.93	4
34.89	52
36.06	44
34.15	77
35.29	73
36.14	75
36.04	32
34.94	67
34.6	66
35.66	90
35.46	85
35.05	80
35.34	54
43.25	50
34.92	84
36.45	38
34.67	82
36.39	47
35.32	36
35.3	28
32.82	84
33.8	157
34.69	75
31.37	88
43.76	10
35.52	117
33.38	87
33.09	71
32.57	46
35.59	64
33.77	149
35.11	51
32.93	87
33.02	13
33.96	15
35.15	65
46.93	7
34.08	72
35.58	74
35.06	68
35.18	152
45.46	1
34.7	37
33.96	73
34.23	37
32.9	94
35.71	74
33.27	77
35.36	14
33.63	81
33.38	88
38.15	94
33.08	26
31.78	86
34.45	77
35.61	79
34.56	87
35.81	73
32.87	65
34.76	109
32.85	84
37.56	127
34.58	47
35.65	57
32.47	20
35.64	73
35.62	79
33.02	38
35.09	100
33.47	72
35.02	81
33.36	49
34.71	66
33.63	74
45.57	1
36.16	77
33.68	65
33.12	85
35.24	135
33.8	63
34.57	77
36.25	85
35.76	117
35.08	77
34.88	61
44.87	4
34.53	57
35.88	118
33.87	85
33.56	35
32.97	71
37.07	63
34.4	75
33.92	77
35.16	138
34.04	67
46.24	5
35.37	91
35.07	58
34.08	73
35.94	65
35.77	99
34.03	58
33.62	57
33.71	53
33.38	71
34.41	68
35.01	46
33.82	34
36.7	135
35.78	68
33.61	49
35.22	139
34.37	129
35.38	123
36.22	60
44.54	6
34.51	76
33.52	60
35.89	137
34.18	52
34.74	73
33.35	56
42.3	2
35.5	82
35.01	62
36.41	109
33.83	87
35.65	92
33.99	54
34.97	115
34.29	77
34.87	16
37.26	66
34.27	55
34.98	80
35.52	30
36.04	99
36.08	67
35.18	80
33.03	88
34.53	46
35.36	124
33.92	88
36.47	74
35.46	151
34.61	52
35.12	44
34.96	86
45.66	1
35.72	51
34.95	144
34.03	134
34.25	86
35.46	39
37.16	64
32.45	72
33.85	20
35.25	155
35.11	79
34.17	132
35.62	44
33.05	77
32.11	87
36.33	70
33.14	36
34.86	54
34.01	77
35.62	75
32.39	71
35.57	95
35.3	124
33.27	77
33.89	88
35.46	151
34.61	52
35.15	44
34.48	50
31.83	72
45.66	1
33.42	41
34.63	91
33.54	73
36.59	99
34.43	83
36.06	58
33.97	83
34.37	36
44.54	11
33.76	76
36.92	94
35.34	36
36.16	58
35.01	88
32.98	87
35.43	78
33.73	113
34.55	87
33.41	76
48.47	4
34.17	77
50.29	10
35.23	119
36.06	68
34	58
33.26	81
36.4	46
37.59	69
35.52	74
36.88	70
35.25	87
49.72	9
35.85	84
38.31	108
35.42	71
36.46	46
36.46	60
34.34	84
35.75	129
34.28	59
34.63	136
43.38	6
32.28	75
33.47	77
34.25	117
35.01	65
32.93	13
32.58	41
34.23	35
32.55	27
33.22	44
47.17	2
34.25	83
36.35	57
34.71	32
36.27	58
33.94	60
33.45	80
31.34	28
35.02	103
34.74	66
35.26	68
35.78	85
35.32	40
34.07	67
34.31	44
34.24	55
34.78	65
34.51	43
46.94	8
35.75	71
34.68	79
33.87	70
43.07	13
33.77	118
35.09	79
37.58	50
35.43	114
33.44	74
35.42	69
34.02	42
36.19	87
35.18	58
48.26	4
34.64	138
34.77	70
34.93	54
34.18	121
35.18	45
33.77	64
34.58	84
34.33	53
47.26	1
35.92	13
34.25	75
35.44	115
35.34	97
34.66	71
33.17	39
34.93	81
34.91	109
36.77	57
33.23	64
34.09	84
35.83	47
34.17	14
34.55	75
36.05	72
35.56	85
34.51	48
35.47	69
34.77	109
34.31	52
36.44	84
34.07	80
34.73	50
37.84	108
33.93	59
32.44	71
35.86	76
35.34	78
35.83	110
35.62	74
34.81	71
62.13	5
35.59	74
34.77	74
35.59	74
36.67	44
35.59	74
35.6	29
36.31	141
35.46	145
50.09	2
36.79	80
34.56	36
36.06	52
35.27	70
35.82	30
35.23	76
34.94	68
35.44	51
36.22	72
34.31	114
37.35	75
32.76	78
34.43	46
35.18	82
41.21	82
35.05	60
36.81	73
37.02	111
34.65	48
37.53	116
36.22	45
35.61	42
36.7	62
35.44	73
51.2	8
36.38	37
35.63	74
37.61	20
35.07	80
32.97	73
35.93	112
34.85	50
35.43	71
33.08	18
35.8	112
39.02	126
35.78	76
34.78	65
36.73	91
37.39	47
35.22	37
37.51	56
35.03	47
34.41	80
49.6	16
35.93	130
34.47	103
33.62	87
32.53	79
34.41	36
32.57	88
50.36	3
34.74	42
34.01	86
35.82	81
36.57	73
34.12	22
36.28	50
37.2	54
35	156
35.29	82
51.6	6
35.51	87
35.64	93
35.02	83
35.34	137
34.36	54
34.47	125
35.33	53
34.41	57
32.3	80
46.93	0
32.88	65
34.43	125
33.1	69
34.23	89
35.79	70
34.45	52
36.46	30
33.44	73
35.42	127
35.55	75
34.71	68
36.9	79
37.09	47
34.52	49
34.49	37
33.3	67
36.41	83
34.13	52
35.27	56
34.25	86
34.51	129
35.14	143
34.84	73
48.52	7
36.38	81
34.84	129
53.43	0
35.47	67
36.27	138
37.36	59
36.6	86
36.16	54
37.09	47
35.44	35
35.36	129
35.16	121
35.03	71
35.6	51
34.9	63
34.86	159
34.89	74
33.7	31
35.84	75
49.95	3
30.84	71
33.63	69
32.14	84
34.13	76
34.99	72
35.05	153
33.13	84
39.24	98
33.98	138
33.22	64
34.35	87
33.9	135
36.93	61
34.65	62
34.04	67
33.67	86
33.49	51
34.54	75
46.99	10
33.4	81
34.18	48
34	67
35.11	77
33.27	83
34.13	39
33.68	15
34.74	68
34.65	80
37.73	64
36.52	63
34.21	83
33.09	82
33.12	85
35.82	75
32.14	88
33.73	46
31.69	5
44.24	5
35.02	81
34.86	130
35.08	87
34	75
35.36	141
34.62	62
34.22	41
34.49	23
40.15	4
35.87	78
34.47	87
33.65	55
37.51	69
35.88	78
36.87	77
38.32	18
36.53	71
42.29	102
37.93	86
35.08	50
35.33	56
34	57
34.56	47
35.55	40
37.03	77
48.05	1
34.83	59
35.05	64
34.08	58
34.45	88
34.73	72
34.32	32
35.75	56
31.06	6
40.71	0
34.32	54
33.97	98
33.49	79
32.82	77
35.08	83
34.45	111
33.84	53
34.06	54
40.81	0
33.47	76
34.15	81
32.66	151
34.8	83
33.66	83
35.47	81
32.96	122
33.7	79
35.44	70
34.82	116
33.23	75
40.15	17
35.43	103
34.61	69
34.55	78
35.42	62
35.39	48
35.72	102
35.29	17
31.69	44
34.44	60
32.64	52
33.3	43
34.95	83
34.99	84
36.59	40
33.65	83
46.26	0
33.49	59
34.56	37
36.22	72
33.05	56
45.52	4
36.26	45
33.68	98
32.54	86
34.24	66
34.61	74
35.55	104
34.93	78
33.13	151
33.89	82
42.77	1
34.79	154
33.8	82
34.9	77
35.13	117
33.71	82
31.91	37
33.98	75
34	66
35.15	58
35.37	87
33.96	86
34.26	82
34.63	86
33.79	85
48.44	2
36.59	112
45.72	4
36.39	65
33.86	82
34.65	150
36.11	70
32.51	88
35.18	133
36.19	70
32.7	66
35.2	56
36.24	66
46.26	1
35.93	93
33.71	21
34.21	74
35.17	52
33.45	21
35.61	50
35.55	69
32.9	18
33.14	137
32.85	70
33.71	22
35.02	71
33.21	87
34.87	62
33.02	62
44.46	1
34.25	41
34.32	101
34.1	28
32.72	88
35	22
34.64	105
33.66	69
34.16	88
32.72	88
32.72	88
35.21	85
34.24	48
34.23	101
33.68	34
35.89	60
34.6	81
33.24	65
35.42	57
35.56	84
49.06	27
35.24	108
33.33	82
46.24	0
32.65	83
33.14	34
36.37	57
32.63	69
32.59	88
34.24	86
34.82	84
33.48	83
35.19	92
31.95	49
35.29	81
32.63	79
34.68	53
34.41	79
33.75	53
33.83	52
34	67
43.14	15
34.65	77
49.76	1
34.41	81
34.81	151
36.09	73
33.65	76
32.99	85
36.22	77
33.51	85
34.18	71
34.35	83
35.74	124
35.72	74
35.19	152
34.77	73
34.04	73
32.77	84
33.56	64
44.99	1
34.12	67
33.12	79
36.48	65
36.3	87
35.55	139
33.77	67
35.02	88
35.53	70
37.21	76
33.24	42
34.58	120
50.86	0
33.63	50
34.32	83
36.53	71
34.39	48
35.3	157
36.83	30
36.55	95
34.16	148
36.04	52
34.7	105
37.05	62
32.54	82
33.53	26
32.28	85
36.25	77
36.83	98
34.65	101
34.68	132
45.75	9
34.84	77
35.81	84
35.69	68
36.56	145
36.57	128
34.46	78
35.63	76
34.93	53
34.65	35
34.01	78
33.45	86
33.54	73
34.81	88
34.55	75
33.03	33
33.64	68
33.1	60
34.33	79
34.82	143
32.82	59
35.13	69
34.54	78
34.43	115
34.85	85
36.1	73
35.24	34
33.47	83
36.92	64
35.82	75
35.38	93
34.04	59
36.39	67
34.78	74
33.89	78
34.07	50
35.37	71
37.28	74
33.89	40
36.66	124
46.45	2
33.16	81
33.67	106
31.77	80
33.82	87
34.88	44
32.3	31
32.06	48
32.54	88
33.21	21
35.42	75
33.64	26
34.57	78
33.91	97
34.62	28
34.4	64
42.66	1
35.21	129
36.52	136
34.23	79
35.46	79
36.61	63
35.25	69
35.02	77
35.76	87
36.62	50
35.67	47
35.59	79
36.54	38
51.31	6
36.88	73
33.97	82
33.35	85
33.84	54
46.44	9
36.16	73
33.88	144
33.8	134
34.31	75
34.94	130
33.68	83
36.68	44
34.93	81
35.89	84
34.37	59
34.35	20
33.46	62
34.02	58
35.05	106
32.56	73
42.82	3
36.36	94
34.21	155
33.68	62
33.93	63
34.81	132
41.17	14
34.43	132
33.4	146
34.21	76
32.87	88
34.35	78
42.01	3
36.84	86
35.17	33
34.34	56
34.41	138
35.38	80
34.32	130
35.34	57
34.36	84
33.56	84
34.62	72
34.42	133
35.42	43
33.7	129
33.45	77
33.75	73
35.66	71
35.23	66
33.78	42
35.55	37
32.82	85
35.91	88
34.07	146
34.81	122
34.37	143
44.59	12
34.97	88
34.9	84
32.14	86
34.68	64
33.54	62
36.09	85
34.07	128
32.47	44
33.65	55
33.87	58
44.33	22
32.95	33
32.48	62
35.23	131
35.43	83
48.42	13
35.74	151
34.37	36
35.78	49
34.56	34
35.81	47
36.06	149
33.95	15
35.22	90
34.48	106
33.68	112
31.4	80
32.98	74
35.05	83
34.83	63
34.6	139
33.01	145
33.08	77
50.15	1
33.2	86
35.71	74
35.54	51
36.01	47
35.65	87
33.35	34
35.43	145
34.23	130
33.69	70
36.76	77
33.49	79
41.15	99
35.13	153
34.27	76
35.59	53
37.51	39
35.39	129
34.1	22
35.51	155
33.86	23
34.09	91
43.69	1
34.74	41
33.5	40
35.22	74
34.18	54
33.74	74
34.38	112
35.08	86
34.34	79
38.32	69
36.54	63
33.86	144
34.2	127
37.9	67
32.92	85
33.49	81
35.24	152
32.95	82
50.74	0
33.92	155
33.52	62
37.13	121
34.66	76
36.71	70
37.82	23
36.45	86
34.88	75
34.81	86
34.7	77
37.05	50
33.37	76
35.35	77
32.35	77
35.34	81
35.09	113
32.92	81
33.02	11
34.82	135
35.7	119
46	3
33.75	58
34.33	50
32.94	78
34.63	81
33.53	77
33.61	47
34.38	142
34.69	151
36.27	46
33.79	83
36.84	38
35.71	76
34.59	79
35.8	60
33.89	73
32.59	34
36.09	76
35.9	78
34.56	58
34.13	92
33.16	81
35.49	73
35.38	113
44.87	5
33.01	81
34.49	22
33.44	87
35.32	46
36.98	62
34.41	156
36.91	65
36.79	29
36.63	53
35.52	51
34.93	94
35.43	137
32.96	78
37	42
35.44	67
34.6	65
32.96	85
36.13	73
36.77	64
34.96	85
35.1	151
33.27	82
33.43	73
48.83	2
33.21	10
37.53	101
34.38	78
35.16	41
34.61	70
34.16	64
36.14	60
35.09	41
35.41	58
35.65	68
34	37
35.76	117
33.78	71
34.18	89
32.74	77
34	37
33.27	32
36.16	73
33.9	42
46.09	5
35.31	84
34.89	66
33.97	88
36.26	45
36.2	40
34.93	86
36.42	40
32.79	79
36.17	128
34.74	76
36.06	66
36.23	67
35.37	87
35.75	108
34.54	84
33.88	81
34.38	62
34.81	88
34.02	58
32.61	155
35.53	98
36.04	24
34.9	75
34.74	77
35.58	51
35.94	52
36.31	46
35.82	50
34.67	60
35.46	78
36.1	106
35.04	83
32.39	87
36.14	33
34.56	72
32.94	80
52.45	5
32.96	80
34.03	70
34.59	80
34.69	125
37.68	98
32.76	47
34.25	71
36.17	66
34.95	69
35.02	72
32.63	50
34.29	95
31.7	32
34.06	80
32.43	72
36.71	80
33.68	66
34.43	87
34.67	31
35.41	22
33.1	40
35.39	109
47.62	4
51.98	3
36.79	112
35.2	73
36.32	67
36.05	77
33.95	58
34.8	76
35.15	88
35.07	152
34.64	8
49.36	6
33.48	75
34.55	84
35.09	65
35.79	48
35.7	73
32.38	22
33.9	87
34.18	87
36.33	29
47.57	19
33.92	87
34.13	158
36.64	106
34.17	82
34.89	108
32.84	83
36.38	21
34.41	44
35.84	53
34.1	82
34.92	72
34.92	72
35.96	70
35.72	66
36.51	79
34.15	84
35.14	51
35.79	65
34.78	45
35.65	44
35.19	77
35.54	130
35.19	74
36.82	58
36.03	132
34.41	63
34.9	66
36.09	79
35.26	53
33.44	86
34.07	64
35.2	75
34.22	145
34.07	139
35.13	111
34.97	141
34.56	80
34.95	50
33.12	66
34.61	54
33.63	87
34.48	26
34.19	91
36.59	68
32.34	85
34.31	139
33.23	88
33.89	51
35.56	54
34.83	82
44.85	3
33.49	130
34.28	86
34.63	154
33.93	124
36.43	77
35.34	80
34.3	45
33.97	111
32.19	49
34.4	131
34.6	133
34.77	77
33.38	82
34.64	87
34.4	154
48.37	0
33.87	36
32.18	49
35.46	72
33.35	84
44.04	1
34.61	76
33.58	63
33.47	86
34.11	99
35.83	64
35.42	66
33.28	73
34.48	80
33.86	76
34.85	135
33.2	77
49.19	1
34	132
35.62	74
35.56	70
34.69	56
35.59	52
34.19	83
33.43	79
33.5	47
35.38	82
36.03	71
33.69	82
48.45	1
36.14	58
37.68	20
35.75	68
50.88	1
33.86	88
34.48	65
33.11	6
33	66
34.52	31
34.48	87
35.39	80
36.71	97
33.66	73
32.41	62
33.67	86
34.14	72
33.5	72
34.25	130
33.5	78
33.43	70
35.94	86
34.9	76
34.22	68
34.68	52
31.77	87
34.72	88
33.95	66
51.04	0
35.89	92
33.12	30
32.91	76
33.8	83
34.59	100
33.2	65
35.26	68
36.55	70
50.51	3
35.41	28
33.64	146
35.64	81
32.96	19
33.49	58
35.35	72
35.31	73
34.8	87
34.66	92
35.23	33
35.14	83
34.24	118
34.36	70
34.37	88
68.74	4
34.97	76
35.84	61
35.05	122
39.38	127
36.41	72
34.3	87
33.73	83
33.34	87
37.97	51
34.59	70
37.82	70
43.78	4
33.75	84
34.57	64
34.3	53
32.94	86
33.06	71
32.81	55
35.32	113
31.64	84
33	83
49.56	9
36.16	81
35.22	150
34.82	43
36.47	149
36.27	46
35.14	155
34.9	44
36.88	77
38.32	63
34.63	137
33.89	77
35.68	72
33.5	158
34.28	103
34.58	60
32.23	74
35.87	75
42.21	9
33.19	22
32.98	74
35.56	68
36.02	73
34.56	54
52.91	5
35.38	81
34.74	91
37.89	53
34.68	74
35.86	72
33.31	86
32.09	82
34.86	93
36.75	57
45.92	5
35.39	70
35.1	53
32.81	76
33.96	152
33.7	78
34.28	42
35	72
46.08	3
34.05	71
34.4	69
33.42	44
32.48	43
34.66	88
36.41	71
34.57	66
35.4	56
35.86	61
34.34	80
36.49	48
34.4	80
35.04	65
35.05	61
49.17	11
34.06	36
35.1	42
34.2	18
33.97	85
35.79	109
37.52	39
34.45	68
35.15	134
34.29	77
33.79	65
33.51	28
34.12	61
35.42	79
34.96	81
34.74	87
34.77	35
33.29	88
46.06	17
34.46	85
34.34	117
33.75	44
34.71	128
32.9	69
34.09	74
33.24	75
34.73	90
32.16	63
33.18	76
35.99	65
33.25	76
47.68	0
33.73	80
34.56	56
38.28	65
34.68	84
34.33	119
34.11	72
33.41	87
35.28	108
50.41	1
32.97	80
34.18	76
35.13	141
33.7	68
33.19	82
35.34	65
35.89	70
46.18	4
34.08	52
33.57	80
34.04	133
35.92	71
34.25	58
34.59	72
35.07	145
48.14	3
34.79	112
35.6	122
34.1	62
35.28	80
34.2	80
34.7	56
33.03	87
34.58	29
32.44	55
34.63	68
51.27	2
34.94	2
33.21	83
34.96	120
34.97	83
34.3	84
34.87	67
35.29	68
35.48	98
35.25	122
37.01	24
35.31	49
35.21	83
35.62	69
34.54	104
35.91	79
41.64	2
33.34	87
32.88	94
33.58	54
32.45	87
32.9	83
34.47	66
34.61	69
35.74	76
34.61	132
35.12	65
45.12	1
33.53	139
33.19	83
34.59	87
32.48	45
33.66	68
33.14	26
34.96	64
34.45	74
31.72	70
32.84	83
34.21	61
33.4	88
33.97	87
33.41	78
34.19	84
33.84	140
34.87	29
51.98	5
33.47	83
34	88
46.05	1
33.62	85
35.25	66
34.51	39
36.84	77
32.3	86
32.72	108
33.55	159
37.06	71
37.26	63
35.28	54
34.11	86
36.04	82
35.18	68
34.89	68
35.24	71
35.25	64
35.76	52
35.62	125
37.09	76
48.41	15
35.85	66
35.18	87
36.42	97
35.07	48
35.39	68
35.85	79
35.26	79
33.12	55
32.87	41
35.55	58
34.66	72
42.99	4
33.88	150
35.09	72
35.78	150
33.33	109
33.41	78
33.66	77
33.95	143
35.02	70
33.11	87
40.87	28
34.04	56
34.34	157
31.17	30
33.44	73
33.47	28
37.3	55
35.57	18
33.25	81
35.23	81
34.85	86
35.61	43
34.61	84
34.86	62
36	52
35.83	26
34.95	120
33.88	87
34.94	73
34.97	131
33.29	34
35.19	50
33.86	87
34.74	56
34.96	71
45.5	3
34.48	55
34.46	130
35.31	89
46.52	1
33.79	25
34.4	49
34.54	53
33.63	147
36.21	26
32.94	13
35.85	47
51.64	1
34.05	34
33.34	42
34.89	74
35.62	13
35.27	51
33.35	62
35.79	112
34.35	71
32.94	70
34.09	57
34.23	74
33.62	75
33.52	110
39.74	1
33.07	82
34.28	72
34.17	64
34.5	117
33.87	50
33.36	83
35.32	39
31.91	20
34.65	115
36.61	43
35.16	47
36.14	68
34.16	69
33.05	54
34.61	83
32.59	77
34.27	88
34.9	103
36.32	86
37.03	38
34.9	67
34.4	83
35.79	46
37.75	43
33.92	70
33.98	59
32.97	79
33.59	30
31.75	59
33.41	71
33.52	85
32.65	74
34.71	88
34.21	88
33.16	67
34.73	144
33	84
35.06	87
33.75	75
35.48	76
33.14	51
33.19	77
33.11	83
42.71	31
32.75	87
35.69	74
40.67	5
34.49	78
34.54	88
34.15	108
34.22	74
35.45	143
33.62	50
34.18	114
37.12	76
34.43	83
34.35	95
33.55	93
32.34	97
36.43	46
33.64	65
34.32	84
35.23	53
35.23	92
33.78	97
32.97	75
32.23	95
32.81	95
33.87	89
31.55	99
34.11	73
32.4	95
31.98	89
35.21	72
32.17	91
37.9	73
32.61	17
33.67	91
33.7	78
34.11	73
33.6	95
32.66	83
34.11	73
34.05	63
32.86	99
33.13	80
34.23	64
32.75	99
33.49	90
34.32	59
32.89	90
34.54	63
33.87	86
32.47	80
33.03	83
34.73	89
32.71	84
44.59	33
33.4	80
32.28	10
34.37	88
34.07	97
33.09	77
32.01	79
33.32	93
34.17	98
34.31	74
32.06	91
32.6	50
30.44	87
33.81	90
33.4	86
32.71	92
32.45	99
32.84	83
35.43	67
34.34	88
33.6	72
33.98	85
36.37	84
32.24	96
34.73	63
32.94	95
35.43	67
32.9	83
34.68	75
32.86	78
32.64	96
34.39	88
33.1	192
36.71	70
32.16	99
33.95	96
34.73	91
42.71	42
35.66	53
30.95	97
35.33	64
34.8	90
35.86	63
35.33	64
35.86	63
31.95	98
34.74	82
33.6	84
33.82	84
34.14	70
35.51	54
31.73	98
32.56	94
38.02	44
33.06	64
35.59	65
36.09	136
33.57	84
34.72	73
35.44	65
34.62	98
32.38	135
34.02	143
36.13	64
45.03	31
32.36	94
33.63	84
35.83	79
33.22	75
32.86	99
34.14	84
33.8	90
34.35	163
44.39	33
34.83	82
33.92	89
33.18	75
34.02	77
33.84	16
34.26	37
33.08	75
33.97	51
31.86	97
33.84	68
34.86	57
33.42	86
34.44	58
33.78	74
34.33	68
31.65	95
33.33	44
33.19	75
36.33	50
33.72	99
35	79
33.42	78
34.51	50
34.98	88
33.16	173
35.03	78
32.92	83
34.55	71
33.08	97
34.71	50
32.55	189
34.08	90
34.48	64
33.37	90
36.39	66
32.94	92
33.72	83
32.74	71
34.74	86
33.81	96
32.4	72
32.8	90
35.93	73
32.4	97
33.64	95
34.61	114
34.35	93
33.4	43
33.28	90
33.77	92
34.51	72
32.01	7
35.06	127
34.72	79
33.16	89
34.02	85
33.56	86
33.76	99
32.39	88
34.05	164
34.16	86
35.66	59
34.45	83
33.63	56
34.54	68
32.43	98
32.71	94
34.42	148
35.14	84
34.8	43
35.25	88
33.41	91
35.93	73
35.35	77
33.51	99
33.24	84
35.5	93
34.48	90
32.33	99
34.94	67
33.8	89
35.35	58
33.25	85
34.94	32
33.62	179
35.14	79
34.07	92
33.38	85
37.11	43
34.28	95
33.34	72
34.11	100
31.81	89
33.33	98
33.38	79
34.91	63
32.68	45
31.62	95
35.24	59
33.45	65
33.36	82
35.7	131
32.16	67
32.64	60
33.05	65
33.05	65
35	140
35.43	140
33.48	77
33.78	89
33.21	51
31.98	20
33.51	89
33.22	89
37.06	48
34.08	89
33.52	138
31.79	73
33.69	44
32.3	56
37.37	27
34.17	68
34.69	146
32.85	90
34.2	108
45.22	34
34.96	49
31.56	92
33.75	178
32.46	90
34.46	35
33.22	94
44.76	42
32.44	88
33.59	93
34.25	34
32.45	87
32.69	193
33.68	84
33.76	55
34.16	99
31.7	97
35.29	82
33.69	26
34.89	75
34.75	62
35.12	99
35.87	93
35.28	97
34.57	97
