sim	len_diff
39.22	366
34.61	333
34.42	374
34.73	422
33.79	451
33.08	477
33.32	253
33.57	489
34.02	450
34.12	386
35.24	241
46.36	49
34.67	481
33.25	456
33.72	496
34.71	441
39.92	25
34.12	413
34.5	471
33.73	447
34.78	444
35.22	265
33.19	480
44.99	294
34.59	273
34.44	434
34.08	462
33.79	368
34.89	356
33.82	369
32.29	486
34.13	412
33.25	416
45.14	11
34.33	317
34.59	394
32.63	443
33.1	427
33.17	407
32.79	455
33	464
32.63	443
34.35	308
32.98	389
31.74	497
33.73	368
33.48	412
33.69	398
34.19	422
34.19	422
32.79	470
32.63	479
32.9	490
34.71	449
34.49	460
33.24	440
33.93	478
33.09	498
34.19	476
35.36	461
46.08	108
33.06	474
32.5	486
33.14	490
34.66	401
34.51	467
34.03	449
34.28	471
33.47	466
34.69	448
34.76	420
34.77	491
33.59	436
34.4	486
34.22	474
45.56	118
35.62	453
34.63	473
34.1	408
34.25	471
33.23	464
34.2	420
45.15	114
35.04	394
34.21	488
34.1	459
35.54	406
33.61	485
33.15	462
46.48	37
34.93	463
33.32	420
34.06	432
33.5	489
34.29	487
34.41	365
34.37	445
33.01	491
33.93	370
34.25	319
33.06	486
45.43	27
33.22	471
35.3	306
34.45	445
34.94	424
34.59	443
33.96	417
34.3	417
33.16	489
34.46	420
32.62	499
32.03	463
31.92	475
34.78	378
32.72	470
34.53	422
45.43	22
33.41	495
32.84	470
34.44	463
34.6	410
32.37	498
34.07	450
44.71	319
33.8	482
34.57	442
35.34	394
44.5	319
32.67	428
32.84	478
34.11	437
33.82	479
34.17	348
34.32	455
33.03	430
34.51	466
33.29	488
34.28	410
33.88	399
31.69	486
32.54	492
41.47	254
34.3	392
34.09	210
32.74	464
33.73	464
34.81	355
33.43	465
35.35	385
44.64	16
33.72	437
33.12	499
35.4	466
33.94	483
34.12	471
35.81	401
45.48	117
35.54	375
33.17	460
33.22	498
34.37	323
33.16	471
32.74	445
33.34	466
35.34	425
33.75	430
32.65	417
32.75	497
34.49	396
33.3	415
34.3	407
33.56	493
32.74	448
32.8	433
34.37	303
33.45	445
33.16	460
33.91	414
33.45	427
37.54	288
32.69	472
32.91	468
33.19	455
32.74	493
31.92	499
32.8	468
33.65	413
34.01	455
32.71	409
33.62	216
35.02	376
33.95	498
33.67	493
34.27	423
32.93	460
33.61	487
34.19	490
33.7	498
33.33	360
33.52	469
32.42	416
44.08	4
32.84	407
33.63	95
34.24	410
34.29	408
34.58	427
35.49	330
34.03	439
33.05	490
34.61	144
32.94	492
33.79	473
46.12	35
33.29	497
45.92	56
33.89	493
35.09	413
34.44	450
35.48	238
33.53	458
33.82	460
35.41	385
45.67	186
35.02	364
33.55	488
34.1	214
34.85	463
33.59	425
35.85	414
34.16	463
35.2	424
35.01	282
34.24	493
33.66	465
33.82	428
38.74	478
33.74	431
34.89	499
34.47	499
34.79	169
35.32	435
35.43	403
34.85	413
34.19	326
34.87	452
33.23	469
35.8	339
34.74	361
34.46	328
33.87	420
43.45	321
32.7	496
33.46	318
34.57	473
36.05	206
34.38	463
34.41	329
35.66	467
34.3	467
33.12	480
33.45	485
33.64	450
34.36	454
34.48	400
35.15	285
34.77	448
34.77	482
32.51	443
33.73	292
32.52	447
32.72	437
33.36	460
33.07	442
48.56	222
33.58	172
33.09	422
32.56	390
34.43	167
35.89	327
36.06	270
35.59	221
51.38	4
33.76	449
34.79	450
35.41	395
34.54	279
37.65	300
33.05	394
34.05	411
33.26	429
33.84	187
32.9	427
49.39	194
32.58	451
33.76	423
33.33	429
34.39	178
33.47	452
32.58	431
34.27	258
34.19	416
32.56	439
33.4	409
33.52	367
46.53	274
32.7	161
32.73	406
33.37	443
35.67	250
34.39	408
34.8	445
58.29	21
34.2	420
35.42	323
35.11	447
35.23	376
33.98	459
34.55	101
34.35	450
35.54	408
35.17	448
37.19	267
36.93	339
36.44	452
50.67	2
34.31	449
34.04	251
32.16	454
33.05	454
32.81	422
33.26	329
33.4	225
32.75	445
33.29	413
32.18	428
33.34	382
47.64	311
33.45	406
48.7	278
32.86	446
33.18	423
34.22	416
32.52	387
32.89	459
32.6	442
33.81	236
32.83	440
35.25	441
35.57	302
34.75	419
36.56	299
50.46	70
33.87	459
34.93	459
33.7	459
34.97	457
35.6	297
34.56	460
35.95	435
35.4	241
34.55	441
36.14	398
35.17	410
35.74	390
49.42	2
37.4	321
36.89	349
34.05	412
51.43	161
33.82	369
35.1	344
33.46	456
33.55	455
34.4	433
34.2	460
32.96	444
33.61	430
34.88	294
35.97	294
35.31	411
34.87	360
35.45	451
53.06	66
35.9	350
35.7	332
34.08	35
35.92	305
34.34	391
33	451
31.73	94
33.32	445
49.78	89
33.03	243
32.3	429
33.34	322
31.92	347
32.43	402
32.5	396
32.49	450
33.65	406
32.87	452
33.72	378
32.75	445
32.74	434
31.62	318
34.56	323
43.57	419
34.73	434
51.1	78
34.63	431
35.4	280
33.49	451
34.31	448
34.51	459
34.34	451
35.15	430
33.91	458
33.77	358
33.58	344
48.58	209
33.31	452
33.44	312
33.8	208
33.21	419
33.05	452
33.53	277
31.09	433
35.82	290
34.88	432
36.19	385
34.37	430
35.42	449
36.3	419
50.89	110
36.92	324
33.85	74
32.91	458
33.51	216
32.85	432
33.48	436
32.52	455
49.45	247
33.75	397
33.65	403
33.53	350
33.95	205
31.86	76
32.45	443
33.19	151
33.13	436
31.72	403
33.08	444
32.98	459
33.36	228
45.67	323
34.05	428
50.43	63
35.09	380
35.54	356
34.08	108
34.19	407
35.93	337
34.85	417
35.24	398
35.45	442
34.49	431
34.74	375
34.99	375
45.16	372
35.08	414
35.52	190
34.26	306
33.85	436
33.54	456
34.29	441
34.27	389
33.9	262
34.27	192
51.84	176
33.96	421
34.31	417
33.21	445
32.87	380
34.12	337
33.75	424
34.24	345
35.8	251
49.36	10
34.88	321
34.53	447
34.47	429
34.2	458
35.29	289
34.8	459
35.08	356
34.43	450
31.39	91
33.17	351
32.88	448
33.6	258
32.77	457
33.39	174
47.83	191
33.79	275
34.51	385
33.06	346
35.23	400
49.29	1
34.91	286
37.1	324
35.98	458
34.24	458
36.13	321
36.07	329
36.29	380
36.05	433
33.62	433
34.17	414
34.46	394
33.94	129
34.61	306
33.75	439
34.37	438
51.4	172
34.73	267
34.35	190
37.04	282
34.88	91
33.73	451
34.81	400
34.59	297
35	370
33.83	442
36.33	172
34.49	405
50.65	57
33.91	263
47.04	344
34.28	347
33.24	454
33.8	229
32.2	424
33.06	394
33.49	408
33.14	366
33.41	400
34.25	222
32.98	448
50.15	195
33.74	492
34.17	443
32.85	439
34.28	378
33.54	453
35.17	459
32.96	434
36.21	428
36.59	232
35.51	438
35.27	447
34.42	430
34.58	430
36.6	351
51.21	59
35.62	165
35.67	321
35.72	421
34.71	402
34.44	427
35.25	434
36.52	384
35.76	429
45.24	425
37.83	280
36.98	263
38.22	283
35.83	443
34.95	199
34.7	78
34.55	434
45.08	426
37.72	323
34.42	452
36.99	349
35.64	341
35.78	243
34	230
33.34	406
33.7	443
34.91	427
50.69	202
33.14	168
33.55	390
33.31	363
32.82	392
32.61	456
32.57	192
52.74	71
34.4	395
33.98	323
34.47	399
33.04	424
34.09	460
34.36	360
34.7	303
33.59	305
31.74	399
33.76	442
42.19	417
32.69	453
33.37	389
32.61	385
32.6	415
34.45	446
33.38	403
33.2	359
53.34	134
34.56	390
33.81	435
33.72	382
34.15	286
34.79	448
34.74	432
34.17	405
35.45	346
33.56	445
34.76	398
34.96	446
34.35	54
47.8	348
34.64	454
33.46	311
34.37	445
35.15	379
35.06	405
35.51	285
32.74	434
33.92	399
34.15	426
33.9	453
34.8	415
34.55	239
33.11	369
32.86	396
33.08	387
40.67	435
34.21	410
33.47	432
33.02	430
33.04	451
53.09	206
32.86	317
33.39	300
32.45	385
32.46	160
33.2	400
33.65	390
34.13	376
32.39	449
32.9	424
32.56	437
33.41	346
52	146
33.15	342
34.49	391
33.53	325
35.68	350
34.31	430
36.04	309
35.62	445
36.28	404
36.71	207
34.7	444
35.48	437
34.93	417
50.49	7
32.91	367
33.7	197
33.81	170
32.49	441
33.44	284
33.32	366
33.42	276
33.2	438
32.47	329
47.7	117
33.64	451
34.12	217
35.26	390
33.4	405
56.58	48
33.96	438
35.02	402
34.47	378
33.91	389
33.93	289
33.64	411
34.97	383
34.62	318
34.1	385
52.26	215
34.15	327
34.94	235
33.51	375
35.28	430
34.05	327
36.2	404
34.87	446
50.76	73
35.33	337
33.95	405
34.79	381
34.63	405
34.17	436
34.94	396
34.74	253
33.11	372
31.42	447
31.24	329
32.91	403
32.39	457
32.28	379
31.84	444
33.55	398
47.6	154
32.98	436
34.11	449
34.52	433
35.1	305
33.57	376
50.15	137
33.65	442
33.9	242
33.41	444
33.12	347
33.74	427
53.53	87
35.98	360
36.88	229
35.81	425
36.52	326
37.05	347
34.08	446
36.01	310
36.96	287
35.42	449
34.19	160
34.39	314
34.07	459
33.95	356
34.48	458
33.43	79
34.68	231
52.1	194
34.49	349
35.14	342
47.62	342
33.76	442
35.49	436
32.38	424
33.49	454
32.92	449
31.94	441
32.88	447
34.46	423
34.03	335
34.48	390
33.03	434
34.86	434
34.34	422
34.08	425
34.75	202
33.62	427
34.1	166
52.55	36
34.47	415
35.19	460
34.59	446
51.23	69
34.37	443
37.3	308
34.42	386
35.21	347
35.28	413
33.84	454
33.74	455
36.03	238
35.02	383
34.84	422
34.84	411
35.45	367
33.58	430
35.1	447
56.67	213
34.08	453
34.36	401
33.77	65
35.47	459
33.49	434
34.61	402
34.99	427
34.44	456
52.72	99
35.6	330
37.5	214
35.32	398
34.38	367
33.81	405
34.09	169
50.72	98
33.46	433
34.47	370
35.93	154
33.66	456
33.39	408
34.45	364
34.31	442
35.52	359
35.36	195
35.48	427
34.86	460
35.6	362
34.72	367
53.01	117
34.56	358
34.67	382
33.85	451
52.4	7
33.57	417
35.94	221
34.89	163
35.65	392
33.83	448
35.01	418
34.98	423
35.2	405
34.65	324
51.65	75
35.03	338
33.46	458
34.4	367
34.52	405
33.63	459
33.17	390
34.52	411
33.73	448
34.33	194
34.58	296
35.09	279
35.44	198
35.02	389
34.49	427
35	302
33.15	217
33.87	425
51.01	155
33.27	422
49.92	219
34.59	179
32.58	453
33.34	387
33.16	426
32.88	460
34.24	363
34.57	277
35.58	375
33.22	414
33.26	434
33.28	426
33.01	433
33.28	411
32.76	411
32.68	433
32.64	380
33.28	362
47.84	163
37.2	356
35.88	380
34.58	423
35.37	324
33.74	456
34.91	337
34.37	428
35.65	344
51.48	57
34.79	367
34.73	449
47.56	328
33.71	448
34.53	350
34.24	313
35.84	253
33.43	306
33.56	457
32.54	452
33.43	452
33.72	428
35.3	210
33.65	251
33.08	157
33.92	386
33.21	433
33.42	394
32.28	444
47.42	300
34.3	422
33.53	434
49.49	276
33.97	151
33.05	403
34.32	262
34.03	453
33.5	453
33.48	459
35.14	317
34.01	403
34.49	234
34.22	325
34.58	223
53.46	90
34.9	338
35.34	249
33.55	345
34.16	331
34.53	446
34.81	305
33.28	445
32.43	457
49.16	297
33.97	429
34.19	76
33.63	433
31.8	34
34.12	372
32.92	427
35.22	361
34.18	453
33.88	293
33.96	408
34.15	249
34.16	447
34.67	409
33.48	431
33.84	426
34.71	254
52.7	116
34.14	450
50.7	302
33.73	457
33.43	457
34.37	343
33.79	411
34.19	435
34.68	352
34.7	314
34.42	441
33.55	451
32.07	458
32.82	431
50.77	100
32.6	451
33.34	136
33.65	460
33.25	173
33.48	429
33.85	447
33.58	422
32.58	330
33.46	458
49.9	179
33.04	302
33.66	359
33.98	267
32.93	427
33.45	387
35.3	387
33.31	317
46.88	337
33.26	443
31.27	431
33.73	379
33.16	375
34.05	372
33.37	452
33.39	435
33.11	158
34.76	161
33.59	181
34.32	329
34.69	400
49.93	33
35.55	362
33.69	144
35.17	458
34.29	426
33.75	455
33.33	303
33.84	182
34.2	413
48.86	146
33.44	431
34.09	449
33.67	422
34.19	320
32.57	442
35.58	439
35.76	398
34.98	176
36.38	383
35.93	378
35.98	391
50.9	25
37.13	339
35.96	224
35.67	350
34.72	347
34.05	200
49.75	115
33.4	429
34.34	455
34.55	136
35.19	176
35.05	257
35.24	258
34.5	413
34.2	336
33.55	326
33.48	392
33.39	297
32.58	386
33.42	442
32.2	446
48.78	303
32.89	314
33.04	426
34.25	354
35.5	412
34.33	459
34.1	409
34.55	187
51.41	192
34.08	164
34.26	422
33.58	370
32.64	436
36.2	286
51.75	35
35.53	358
35.34	323
36.02	411
34.75	459
35.03	443
33.85	457
35.43	368
34.02	358
33.74	446
33.23	415
33.25	452
33.93	394
32.82	385
33.89	229
33.58	433
33.6	379
43.1	363
49.18	195
34.52	312
33.6	399
34.05	324
33.82	405
33.67	379
34.17	447
33.32	452
33.65	361
33.63	408
33.89	404
60.37	184
34.91	400
34.68	284
34.62	437
33.8	448
35.19	373
35.09	431
34.96	374
34.09	385
36.46	346
34.59	415
35.07	439
34.71	422
35.04	366
33.37	417
35.32	350
35.05	166
51.3	107
34.66	366
34.16	378
52.9	155
33.52	433
35.52	280
34.62	401
35.63	345
33.34	455
33.72	439
35.85	233
33.72	371
34.83	306
33.67	149
34.53	366
34.5	422
34.03	440
34.54	424
33.94	458
51.2	26
30.99	18
34.49	399
33.42	373
33.11	459
34.5	132
34.51	345
49.52	67
33.96	354
33.68	438
35.04	409
35.03	379
34.29	361
50.33	186
32.59	459
33.94	409
32.78	94
34.67	355
34.42	381
33.32	419
32.8	459
32.59	408
34.47	399
35.03	445
35.36	415
51.23	158
36.18	151
35.41	242
33.52	438
34.56	451
36.76	361
35.26	387
35.85	272
34.63	399
34.93	436
35.06	150
49.97	8
34.06	220
35.27	437
34.56	403
35.88	340
34.8	375
34.18	63
32.75	460
32.88	196
34.42	384
48.23	308
33.39	410
35.24	313
34.86	459
32.82	432
34.85	319
33.57	225
34.78	400
35.19	320
34.9	264
34.65	349
51.71	113
34.18	326
33.13	443
34.81	351
33.64	400
33.78	451
32.43	454
35.55	264
35.83	339
51.6	97
33.84	265
33.33	457
33.89	362
34.26	280
33.67	453
56.66	146
35.23	259
34.4	445
34.45	382
33.77	400
33.99	451
34.78	260
34.15	147
35.41	317
50.21	38
36.1	449
35.38	460
35.57	354
36.77	402
36.27	338
33.74	13
36.66	362
36.84	298
35.73	239
33.51	460
33.23	417
48.41	84
34.6	423
33.59	243
34.7	429
33.77	270
33.77	378
34.98	270
34.29	409
33.26	241
34.43	420
33.53	439
33.16	435
34.1	218
32.65	433
34.51	398
33.06	344
33.87	407
46.94	351
33.83	452
34.26	311
35.71	409
34.71	372
34.13	386
34.37	435
33.63	459
33.78	446
33.33	450
44.17	435
34.61	379
33.92	367
54.08	66
33.19	436
34.1	444
34.39	375
33.26	426
34.04	430
33.19	451
33.84	329
33.05	389
33.97	388
33.56	359
43.29	352
33.04	423
31.95	139
32.37	428
34.2	376
33.92	132
33.44	214
47.88	354
33.13	438
32.51	434
33.48	373
33.89	361
32.88	400
33.87	439
33.22	426
33.56	252
32.44	457
34.98	451
47.32	326
34.4	457
34.6	456
33.92	367
34.04	294
34.81	417
34.24	426
35.29	276
34.71	213
49.48	316
34.28	353
35.54	242
32.65	444
34.75	361
34.15	439
33.42	418
34.13	383
33.58	377
34.95	362
36.09	147
34.95	384
35.79	386
34.28	202
34.67	383
35.83	335
44.3	426
36.09	408
34.4	315
35.82	438
34.85	447
34.82	448
35.53	348
35.62	290
34.77	170
35.68	226
34.3	454
36.43	318
50.49	80
34.37	329
34.55	373
43.67	344
33.62	447
33.72	427
33.27	456
34.44	317
32.85	417
33.71	401
33.32	204
33.68	373
33.24	447
32.81	446
32.58	227
33.68	373
43	345
33.52	388
33.78	342
33.21	380
33.66	363
34.93	339
33.7	421
33.53	406
54.36	88
33.2	396
35.1	431
34.41	398
34.44	398
34.37	435
34.57	320
32.25	437
33.3	372
34.12	137
33.5	346
49.48	76
33.2	389
32.43	366
32.98	452
34.15	336
35.04	404
33.07	289
32.29	440
32.87	425
33.79	310
32.97	370
33.79	362
43.64	337
33.31	378
32.61	407
32.67	423
33.39	215
33.06	448
41.04	417
31.86	436
33.17	200
32.54	374
31.5	371
32.82	408
32.08	366
33.39	375
54.46	51
34.42	326
33.18	443
34.84	343
34.6	385
34.43	248
35.12	230
34.08	459
35.37	377
33.27	459
53.23	67
37.25	203
35.81	253
36.96	349
35.98	410
34.49	417
34.46	451
35.56	440
36.82	207
35.72	364
33.54	450
52.66	153
33.86	443
34.33	403
34.65	394
34.43	382
33.98	449
35.95	347
34.4	313
33.82	459
34.37	446
34.01	432
33.95	376
35.68	299
33.38	432
33.46	400
33.02	436
51.46	153
34.09	460
34.66	404
48.41	81
33.15	431
35.7	435
33.4	434
33.43	367
33.11	450
32.32	455
34.09	440
33.58	415
34.42	354
34.16	452
34.69	295
34.07	368
32.74	456
35.29	298
33.53	192
47.63	331
33.25	377
34.06	345
34.55	218
51.35	93
34.8	397
33.69	27
37.47	276
35.46	444
35.82	286
34.77	439
35.77	414
34.67	411
35.92	446
33.73	237
33.36	369
33.07	234
32.37	409
33.2	455
49.6	109
32.26	128
32.07	409
33.32	412
34.05	385
35.15	328
34.39	119
49.81	9
36.65	221
37.12	349
35.21	421
35.39	455
34.54	432
35.35	212
33.97	437
33.73	301
47.16	343
33.53	437
32.01	458
32.17	441
33.01	452
32.12	438
32.42	430
33.04	368
34.23	419
35.19	400
34.64	346
33.95	361
34.34	443
36.89	340
34.76	342
34.59	451
35.07	433
33.82	66
50.09	81
34.47	358
54.05	154
33.7	420
34.11	374
35.81	143
34.35	427
34.85	399
34.16	452
33.95	435
34.41	367
33.42	403
46.61	349
33.65	333
33	365
33.36	390
33.26	452
33.56	436
33.19	353
32.95	378
33.4	430
49.18	279
33.88	212
32.66	453
33.91	451
32.72	105
34.58	457
34.11	449
33.57	372
33.29	439
32.72	202
33.6	454
33.57	197
49.04	211
33.1	412
32.09	444
33.51	276
34.66	261
34.09	418
35.46	345
34.91	405
34.9	418
35.01	215
34.99	419
35.37	454
34.63	383
35.97	453
49.56	3
36.18	363
34.65	423
37.17	379
36.53	284
36.54	273
51.79	80
35.07	211
33.94	431
34.53	427
35.37	422
35.93	433
35	207
34.88	447
35.96	268
34.27	417
34.66	405
36.18	390
36.15	338
35.98	235
49.23	25
34.53	453
35.14	457
34.72	410
34.49	424
37.16	287
50.94	98
33.77	460
34.48	283
35.23	454
34.39	419
34.68	447
35.83	440
49.37	57
36.2	353
34.34	456
34.45	373
35.54	370
33.54	433
37.03	423
35.34	320
35.73	441
51.83	86
35	350
35.8	323
35.38	409
35.34	420
34.77	445
35.87	359
34.29	459
34.45	449
35.63	261
36.07	242
35.23	441
35.18	453
49.78	160
35.44	426
37.34	344
34.93	437
35.33	385
35.85	393
34.98	143
48.69	192
34.42	58
34.66	433
33.76	170
35.59	273
35.75	335
33.51	455
35.6	249
34.11	447
51.13	55
34.84	458
34.64	372
35.25	318
35.88	160
36.83	309
34.05	458
34.06	446
36.35	258
34.26	385
35.04	243
33.77	360
34.48	338
36.92	268
33.65	326
34.28	438
35.68	378
33.93	342
45.58	354
32.53	458
45.34	364
34.06	384
32.53	443
33.4	220
32.97	453
35.02	312
34.41	395
33.97	374
33.17	460
47.67	331
33.34	359
32.98	459
33.12	451
33.7	457
34.62	229
33.2	460
34.16	334
34.22	369
32.5	94
35.91	434
33.7	447
33.1	456
33.29	455
51.43	93
34.73	405
34.09	447
34.07	360
33.97	336
33.97	243
35.75	354
34.57	459
34.65	143
36.56	260
35.61	396
51.27	107
34.81	338
37.33	325
35.29	426
35.42	398
51.86	76
34.81	433
34.62	454
34.71	457
34.36	86
34.26	438
36.21	352
35.27	190
34.48	450
35.96	432
35.99	305
35.15	390
35.98	352
33.95	453
50.48	222
35.73	398
36.16	121
35.16	457
35.6	425
35.46	371
33.84	362
48.56	305
32.58	443
33.7	414
34.09	325
34.81	295
32.19	456
33.47	453
33.36	306
33.73	312
35.17	432
37.87	392
35.37	418
35.05	93
37.22	427
35.3	425
51.63	81
34.22	379
34.89	429
35.22	419
35.26	302
34.8	368
35.06	419
34.75	343
32.94	19
34.91	428
34.72	416
34.76	358
34.49	321
50.43	33
35.55	440
35.37	439
50.42	99
33.75	460
34.9	457
34.16	451
33.97	415
34.82	430
34.73	417
34.77	245
33.37	435
33.84	446
33.42	386
33.64	388
33.43	460
34.02	426
49.75	13
32.89	417
33.86	411
33.95	450
50.4	68
34.16	456
34.78	457
34.54	214
34.88	457
36.91	316
35.1	383
34.68	392
34.2	449
34.75	430
35.06	404
33.59	448
34.5	443
34.67	454
35.27	441
33.71	457
35.4	419
50.4	14
34.11	380
34.22	448
46.4	404
35.15	332
34.16	408
35.7	363
33.3	445
35.98	221
33.83	427
34.26	434
33.65	456
35.52	300
35.22	433
36.02	285
33.84	435
51.96	48
35.12	401
33.7	396
34.18	303
34.64	164
37.45	243
33.43	454
33.94	230
33.37	376
34.07	188
33.15	438
33.53	455
32.86	454
33.76	427
33.34	392
31.58	22
50.63	215
35.3	423
35	398
33.57	441
34.55	406
34.54	397
35.51	458
36.64	325
51.05	121
34.79	423
34.87	427
32.83	446
33.32	427
34.29	394
33.71	456
33.82	447
34.69	279
33.41	438
36.83	194
33.35	361
44.35	444
31.03	31
48.36	232
33.07	332
33.34	418
32.77	178
32.94	454
33.67	403
33.16	223
32.84	348
51.65	169
33.6	427
34.3	427
34.94	341
34.69	306
34.59	432
34.69	399
35.12	206
35.86	285
34.44	227
34.71	425
35.84	435
34.19	458
33.66	449
34.52	416
34.56	457
34.75	306
51.35	137
33.39	446
35.85	371
34.02	460
34.63	383
34.16	438
53.89	147
34.67	264
34.83	348
33.81	408
31.91	47
33.37	449
33.39	459
32.5	452
48.77	307
34.19	356
33.68	237
33.09	97
33.09	458
34.09	368
33.12	438
33.9	412
34.24	302
36.52	265
35.51	447
35.26	182
35.34	381
33.44	453
35.22	430
37.15	289
49.91	4
35.57	328
33.14	447
48.54	330
33.58	412
34	348
33.3	426
31.84	445
32.92	410
34.35	397
33.7	378
32.63	458
34.29	309
34.18	319
52.91	210
33.55	438
33.55	418
33.72	321
34.77	394
33.36	440
34.1	377
34.23	339
34.54	350
34.1	378
33.46	366
35.32	320
33.36	110
33.42	207
34.26	389
55	88
33.69	449
32.16	444
49.07	258
32.76	436
33.97	452
32.08	134
33.77	387
33.66	404
33.94	346
32.91	404
34.35	312
35.03	124
35.02	415
34.99	372
53.26	42
34.7	457
35.15	446
35.86	336
34.25	396
34.56	455
34.99	377
34.06	452
33.98	364
34.39	401
33.45	386
33	454
33.73	322
49.5	302
34.06	285
33.87	456
34.09	264
32.26	118
34.13	357
32.56	450
33.76	274
43.3	341
33.7	331
33.3	218
32.45	420
32.99	419
34.64	447
33.56	110
33.92	271
33.07	459
51.8	144
34.57	270
34.76	363
34.92	455
33.77	382
33.42	423
33.57	406
33.54	399
33.99	331
33.71	380
32.04	413
34.38	416
33.1	393
51.2	8
34.09	363
32.63	446
35.7	247
34.96	397
35.13	344
34.34	457
34.32	296
35.31	164
51.37	3
33.62	345
34.73	431
34.06	460
34.66	415
36.66	374
35.91	449
38.13	284
35.84	404
37.46	282
36.13	399
46.24	413
36.96	250
35.93	397
33.4	459
48.46	314
34.34	314
33.7	456
32.96	426
34.31	365
33.94	335
33.81	435
33.49	445
32.97	454
35.48	363
33.49	435
36.76	291
34.58	289
34.5	403
35.09	355
33.91	434
35.05	300
35.21	364
60.53	124
47.97	345
33.64	386
33.63	354
32.32	266
33.5	365
31.72	448
32.95	424
33.75	406
32.84	389
33.95	296
34.74	450
35.06	440
51.4	21
35.75	384
37.13	284
34.53	447
50.54	161
36.33	220
36.41	388
33.14	334
34.66	157
33.5	426
48.23	336
33.23	453
33.99	367
33.59	453
33.76	425
34.24	369
34.13	158
35.06	295
35.05	489
33.8	458
36.16	315
32.53	130
33.31	400
35.79	446
34.41	183
34.53	152
32.92	459
47.17	350
32.81	361
32.46	379
33.09	161
31.82	419
32.3	355
33.65	336
33.48	184
33.9	375
33.16	342
33.35	355
32.85	457
33.35	414
46.15	344
33.11	390
33.63	368
33.6	427
34.2	201
32.05	435
32.27	401
33.29	460
34.61	389
34.9	199
34.29	448
33.39	443
34.8	417
34.41	413
34.67	458
35.1	396
52.76	184
33.8	434
34.99	408
34.35	337
33.93	441
52.12	145
33.78	434
35.2	345
34.05	240
34.73	257
33.49	452
33.42	406
33.51	388
33.93	345
33.81	279
34.34	390
33.51	420
32.15	426
47.95	60
34.17	156
34.33	353
52.37	113
35.23	411
35.38	409
33.62	442
33.2	186
35.16	455
33.17	426
34.03	356
35.3	259
35.29	233
50.61	103
33.49	458
34.62	373
33.97	457
35.22	260
35.49	458
34.52	355
34.74	457
33.52	370
35.64	215
34.54	411
35.34	420
34.38	377
34.77	105
35.5	368
48.96	6
34.2	406
34.9	269
34.74	387
35.39	353
33.23	403
42.92	342
33.44	164
34.28	370
33.16	386
33.87	251
32.71	460
33.31	363
34.3	243
34.25	427
50.55	46
34.01	274
33.11	439
34.37	387
34.24	346
34.22	319
33.53	374
33.07	418
32.79	460
32.91	447
33.42	129
35.03	270
34.32	420
33.94	294
34.54	336
33.33	419
34.7	256
33.13	446
51.61	167
32.95	367
34.27	452
33.68	436
34.77	319
34.78	378
34.69	399
33.15	350
52.68	40
34.21	440
33.65	450
33.73	341
34.23	379
33.94	420
34.25	270
34.49	383
34.03	375
35.19	358
33.86	451
45.58	381
34.79	449
35.29	155
35.17	267
34.78	373
35.67	275
34.93	349
36.37	221
36.14	309
51.67	152
35.18	430
34.91	269
34.62	369
34.73	380
53.47	97
35.84	344
32.93	449
34.16	451
35.19	447
33.95	233
35.26	289
33.9	448
34.85	416
34.34	389
35.53	221
35.06	440
33.65	452
34.7	321
34.25	221
33.82	206
47.51	369
33.67	415
33.31	395
34	346
34.02	270
32.57	445
46.13	326
34.15	326
33.6	447
32.49	455
33.35	351
35.76	339
33.2	40
36.9	320
44.34	425
33.74	450
34.65	442
36.12	384
35.04	398
36.96	364
35.89	427
33.19	448
47.48	79
33.39	408
33.62	246
32.46	438
33.52	380
33.89	403
33.87	357
33.21	454
33.02	450
48.42	263
33.44	322
33.42	234
33.15	421
32.67	157
33.52	369
32.59	399
32.78	444
32.99	424
33.94	335
35.2	453
34.34	416
35.13	410
35.32	427
37.09	379
36.97	299
51.03	39
37.69	290
36.26	320
36.94	318
34.29	374
34.69	443
35.91	357
35.01	395
36.33	361
51.39	99
35.69	338
35.57	447
34.52	433
35	343
33.78	417
40.96	458
33.84	442
35.27	386
34.29	449
34.46	182
34.71	155
35.09	490
35.1	450
34.43	399
34.14	355
34.75	361
54.3	153
33.88	338
34.16	385
33	127
33.51	390
32.83	271
33.6	426
32.76	439
34.49	400
47.46	264
33.85	289
32.99	383
32.95	435
33.74	283
32.23	438
33.12	445
33.58	428
32.7	434
32.41	399
32.36	438
47.28	358
34.33	251
33.68	161
33.67	394
31.94	454
32.7	419
31.7	435
33.76	455
34.5	350
34.11	428
36.47	258
34.78	441
33.8	447
34.36	356
50.63	73
33.99	111
33.95	374
36.16	428
34.15	372
33.23	451
33.63	385
34	353
32.97	439
33.21	447
33.73	371
32.63	439
34.33	398
42.92	453
44.92	373
32.35	90
33.69	214
32.14	192
33.85	281
32.86	458
33.77	450
32.02	387
32.48	381
32.8	458
33.97	394
33.31	372
33.87	345
47.96	285
33.46	374
33.5	247
33.35	401
32.8	434
32.85	176
33.3	335
34.16	414
52.19	140
33.87	427
34.86	130
33.79	385
33.17	117
34.75	420
34.32	165
33.75	447
33.87	174
34.43	290
52.92	182
34.54	376
36.43	295
34.41	415
35.09	456
34.57	442
34.09	402
34.39	369
34.16	298
34.49	342
50.88	115
34.63	406
33.82	344
34.74	345
35.5	448
34.23	420
34.35	248
35.31	445
35.37	425
33.3	365
34.2	307
49.99	203
33.63	396
34.81	419
33.81	477
33.86	316
33.64	421
33.63	307
32.86	358
33.93	279
35.8	346
35.83	383
35.81	314
36.05	289
34.83	384
100	0
35.24	275
34.4	441
35.89	273
34.26	302
50.53	181
33.99	429
34.3	447
33.13	365
34.02	351
33.7	439
34.36	355
33.56	412
35.24	417
34.13	407
35.75	356
35.64	399
35.99	271
33.38	413
35.42	250
52.7	114
34.09	403
34.76	398
34.67	413
35.02	392
34.72	436
34.76	382
35.93	150
34.41	433
35.25	279
35.72	330
34.4	421
45.65	418
33.17	449
33.73	184
33.57	296
33.78	397
47.45	222
32.81	433
33.88	221
34.3	411
33.75	422
32.92	403
33.99	242
33.29	186
33.12	156
32.06	436
33.29	299
33.27	433
32.46	455
31.33	454
47.26	339
34.21	316
47.51	341
33.42	434
34.41	338
33.16	404
32.77	426
32.21	427
33.28	426
34.04	402
33.15	404
33.7	431
33.95	353
34.15	430
34.45	280
32.68	459
33.42	393
34	163
34.65	317
34.7	220
32.71	455
46.25	383
34.34	207
33.72	376
34.02	404
33.4	376
34.18	376
33.04	398
33.47	448
33.13	406
32.45	454
45.85	372
33.76	216
33.04	458
47.23	340
33.06	452
32.81	430
32.53	458
33.88	451
33.75	375
33.68	415
34.51	287
34.96	428
34.13	440
34.6	334
35.83	280
51.38	185
33.61	370
33.24	457
33.85	444
34.59	349
34.47	319
46.12	386
33.34	453
33.34	433
34.06	448
34.22	415
33.02	414
33.09	456
33.17	451
34.33	426
35.32	213
48.41	192
35.26	292
35.13	419
34.79	431
34.73	322
34.72	423
35.1	347
35.61	274
34.07	426
35.41	358
33.35	431
35.8	362
33.9	442
33.93	268
49.38	83
34.23	334
33.22	454
33.74	452
33.84	90
34.7	445
34.49	397
34.81	437
32.39	73
33.93	440
34.35	396
51.7	114
35.09	423
34.76	385
35.7	289
34.58	432
34.85	392
33.88	299
53.83	53
34.72	382
35.41	173
34.14	450
34.02	429
34.56	311
33.5	227
32.88	421
47.51	341
34.59	338
34.07	346
33.18	426
32.51	410
34.56	304
33.54	434
33.28	404
32.81	404
33.94	420
32.65	425
33.73	372
34.94	314
34.21	415
32.82	439
34.08	359
33.07	448
33.16	406
47.08	381
33.45	425
31.73	410
47.45	351
33.41	402
33.45	319
32.2	107
33.15	292
32.46	443
34.17	227
33.38	404
47.51	341
34.53	338
31.95	460
33.18	426
32.52	410
33.37	377
34.48	304
33.84	369
33.5	434
33.28	404
35.11	338
34.39	443
33.91	398
33.51	422
34.75	249
52.55	125
34.27	456
34.72	435
33.84	427
34.73	434
34.25	375
51.62	175
33	373
34.57	404
33.81	419
35.31	194
34.21	190
33.76	375
33.96	455
33.76	433
52.3	85
35.26	459
36.6	393
36.47	344
35.32	393
34.48	412
36.27	195
38.32	313
36.06	362
36.96	286
35.62	398
35.36	440
35.61	49
34.8	440
51.49	79
36.36	376
36.99	265
36.49	307
36.05	441
35.88	359
34.42	378
33.67	444
34.89	341
33.89	305
47.01	163
33.36	173
33.39	388
32.27	433
34.02	284
32.8	410
48.65	179
34.69	250
34.86	286
33.21	450
35.06	320
34.13	177
32.88	396
33.77	423
32.7	442
35.31	231
36.06	257
33.95	254
34.6	353
34.84	266
52.42	196
34.46	269
35.35	393
33.07	445
33.94	396
34.26	245
33.74	449
33.46	433
35.08	290
33.45	457
35.1	88
33.62	432
33.67	423
36.04	354
35.18	339
52.43	163
33.58	339
33.75	246
33.24	418
33.24	445
47.36	349
34.47	443
34.29	432
33.53	431
34.01	223
32.75	418
35.73	391
35.02	426
34.91	343
49.87	132
35.88	379
35.83	231
34.54	356
34.46	376
33.99	426
33.78	175
34.79	452
51.37	124
33.83	450
34.74	427
35.41	275
34.55	431
35.61	357
35.9	226
35.71	423
34.77	322
34.88	201
33.91	390
34.22	328
34.73	396
33.13	444
34.66	347
35.55	416
52.13	60
33.89	380
59.28	130
35.38	456
35.37	277
36.45	474
35.12	458
34.72	418
34.97	444
34.4	441
34.89	458
34.3	411
51.04	34
35.73	451
35.81	381
34.34	450
35.74	339
35.33	433
34.89	429
36.52	433
35.82	442
35.32	455
34.62	419
34.11	398
33.76	122
34.47	172
35.06	460
36.34	217
49.73	66
34.55	396
36.51	226
34.61	403
34.02	453
35.23	357
35.31	145
35.72	414
34.61	388
34.3	368
35.25	387
52.8	53
33.78	351
34.9	432
34.86	416
48.53	5
34.48	412
34.75	157
35.84	439
33.4	138
33.71	404
34.76	281
34.32	305
52.55	176
35.67	107
35.05	443
35.2	409
35.34	404
35.12	456
35.4	443
35.7	377
35.63	398
36.03	350
35.14	404
34.08	441
33.6	427
33.87	424
53.1	124
33.81	430
33.78	314
33.77	440
34.23	408
33.68	316
41.96	456
33.72	395
35.2	94
36.1	376
34.8	402
36.76	347
33.71	413
34.88	440
35.35	387
33.73	356
33.41	459
33.16	457
33.15	277
33.01	457
48.14	321
33.06	455
32.54	438
33.6	278
32.27	457
34.61	359
51.67	103
34.69	161
35.49	251
35.93	417
35.34	447
34.97	410
35.02	390
34.54	415
35.35	439
33.52	290
33.55	333
34.32	204
52	150
33.39	410
34.36	409
34.32	108
34.95	240
33.81	321
33.57	456
35.21	192
34.29	393
35.13	421
35.64	354
34.76	426
35.49	150
34.79	405
45.12	429
34.36	429
34.35	430
34.91	366
50.27	71
33.86	422
34.54	406
33.46	405
34.1	173
34.47	425
34.39	306
34.58	494
34.51	224
33	302
33.24	435
33.73	226
33.27	371
33.72	417
32.46	452
32.82	418
32.25	55
33.58	443
49.26	195
34.99	376
34.12	456
34.59	347
34.11	293
35.49	424
34.77	325
52.28	219
34.89	358
33.03	108
32.63	453
51.72	256
34.92	395
35.68	217
34.72	415
33.82	455
34.45	380
34.46	446
35.09	176
35.13	321
34.51	430
34.27	230
34.93	315
32.83	421
33.22	421
32.29	446
48.99	3
34.26	354
34.32	325
32.07	459
33.37	423
33.1	180
34.18	345
34.31	237
52.69	123
30.16	16
34.69	363
33.68	311
34.44	322
34.79	198
33.76	434
35.92	262
34.62	401
36.94	244
37.89	337
37	287
36.57	412
44.23	426
35.9	318
36.6	219
53.49	158
34.91	362
34.65	305
34.47	421
34.73	422
34.61	260
33.91	337
34.76	392
33.47	448
33.86	415
33.31	458
49.45	192
33.86	262
33.76	421
31.58	104
33.91	333
33.13	296
32.73	418
32.35	460
34.53	371
32.81	409
32.38	429
34.53	371
34.55	406
32.6	457
33.31	336
35.33	386
33.79	262
33.96	228
48.96	206
47.34	1
33.84	421
34.69	331
34.2	457
33.71	416
33.86	431
34.06	422
34.44	399
34.41	391
34.4	130
34.48	353
53.9	200
33.24	453
33.42	418
34.32	308
33.59	444
34.61	401
34.18	400
34.1	419
33.84	169
33	333
32.57	457
32.93	423
34.43	423
33.68	388
47.84	338
33.11	381
33.63	333
32.93	444
33.11	364
33.78	460
32.54	439
35.2	295
34.75	370
34.26	256
32.55	457
34.4	228
33.8	390
33.43	431
42	353
34.39	415
33.56	330
34.25	332
48.82	291
33.71	251
34.33	245
33.95	351
32.92	413
33.99	374
48.57	2
32.88	164
33.46	380
33.68	453
33.78	429
34.49	387
35.68	438
35.39	437
33.18	459
49.61	187
33.17	455
33.6	348
32.78	141
33.21	154
32.73	444
32.44	456
33.45	412
33.09	378
33.64	427
34.32	169
42.44	403
33.26	375
34.2	329
33.12	355
33.1	371
34.14	245
33.23	431
32.99	455
33.35	413
34.5	305
34.02	376
34.75	383
33.29	230
35.49	204
35.93	381
51.51	233
33.8	447
33.48	338
34.87	242
34.51	425
34.05	275
34.92	432
35.51	456
36.28	394
33.87	424
35.82	432
43.84	406
36.28	397
35.35	230
33.65	450
49.95	234
33.82	339
32.63	445
34.15	338
34.31	187
33.55	132
32.59	441
32.48	448
33.18	444
33.65	362
33.54	431
32.77	431
53.15	156
30.79	2
33.78	218
33.5	431
33.85	294
33.68	440
32.59	458
49.45	250
34.25	253
33.87	454
33.88	454
32.63	460
34.79	436
34.45	315
33.03	342
32.69	460
33.07	420
33.04	404
47.28	339
34.75	386
33.14	441
35.51	393
33.74	442
32.52	410
34.11	370
33.99	400
33.53	434
33.57	344
33.59	437
34.35	229
33.74	407
33.72	402
50.7	174
33.64	391
33.28	388
34.14	163
32.55	451
36.48	456
35.88	443
34.43	449
36.22	246
34.35	451
36.79	365
44.64	424
35.24	387
35.7	458
36.22	388
33.06	426
33.1	116
49.04	118
32.77	450
33.2	412
32.08	458
34.13	379
34.35	253
32.72	448
33.64	439
34.45	452
36.04	230
34.99	450
35.32	423
51.86	41
34.74	160
35.52	322
33.99	445
35.44	421
33.69	458
33.83	382
32.37	459
33.97	435
33.25	253
32.43	430
34.39	434
32.68	163
32.52	455
34.55	390
33.13	455
33.3	162
33.28	312
34.32	276
34.45	332
32.76	454
32.91	453
33.74	400
32.8	450
33	406
33.82	376
34.16	432
34.32	176
34.29	301
35.03	351
35.2	371
34.19	413
35	493
34.33	406
34.39	355
34.26	400
33.84	320
32.37	437
33.12	444
32.17	422
34.33	394
47.8	368
34.27	350
32.74	440
32.76	353
33.51	361
34.38	320
33.41	397
32.72	266
32.2	446
34.31	380
34.29	420
33.37	362
33.62	287
34.19	437
46.38	393
35.23	404
44.51	424
35.33	442
34.87	437
34.27	368
36.5	294
35.71	327
35.47	221
36.81	373
35.34	340
34.69	454
34.22	423
34.45	421
53.37	25
33.27	457
34.08	437
34.74	317
32.38	424
32.46	425
33.29	176
33.91	263
33.42	352
50.76	55
33.59	437
33.02	460
33.54	406
34.04	360
33.89	449
34.09	360
34.05	393
33.83	386
34.26	311
33.33	145
33.58	378
33.16	252
32.9	426
48.36	1
32.77	453
33.41	447
34.58	444
33.95	391
33.35	451
33.26	224
33.9	273
34.26	391
33.46	341
34.25	424
33.04	224
51.3	56
33.48	367
33.97	382
32.24	114
43.28	343
33.91	355
33.4	362
33.97	229
33.07	255
32.81	445
33.89	246
33.51	369
33.15	371
33.14	421
33.08	405
32.97	460
32.85	442
33.9	243
33.04	451
33.99	260
33.56	440
32.47	401
32.83	246
48.91	6
33.24	460
33.9	365
34.4	402
34.86	248
34.29	296
33.9	316
32.22	451
33.59	423
51.43	81
34.83	174
36.47	376
35.47	287
37.44	381
36.13	234
34.8	349
33.89	456
36.09	393
34.67	357
31.7	443
49.98	141
34.62	312
33.48	330
33.46	414
32.28	441
33.3	384
33.41	442
34.17	414
34.17	222
45.8	298
34.81	243
35.38	438
34.12	431
34.15	428
33.97	317
34.3	460
33.94	455
33.94	455
34.67	148
35.53	359
34.91	392
35.34	392
51.15	85
34.41	411
35.03	372
34.33	458
36.03	286
34.59	455
34.82	323
34.19	420
33.54	427
46.81	372
33.79	332
33.86	372
33.18	438
33.64	385
34.74	250
32.84	451
33.75	355
32.49	441
33.31	455
54.11	120
34.14	403
34.68	370
33.23	455
33.94	365
34.24	401
33.39	385
34.58	443
33.52	453
34.5	182
35.21	221
33.58	439
34.88	202
33.65	456
33.97	420
33.39	456
35.59	330
35.22	315
33.74	414
33.2	447
33.1	459
34.49	303
34.12	308
35.19	410
51.26	158
33.66	271
34.08	393
33.53	412
33.07	156
32.93	437
33.5	425
33.51	439
34.1	195
33.77	396
34.39	202
33.5	404
32.89	432
34.01	432
48.96	219
35.2	349
34.21	391
34.51	390
35.05	310
34.81	367
34.72	382
33.71	453
34.74	355
33.85	250
33.78	297
33.37	421
33.29	427
34.71	325
33.07	233
32.81	387
50.36	149
34.32	384
32.34	429
33.4	338
34.85	337
33.88	437
35.19	450
34.31	432
34.32	426
51.01	126
35.29	373
34.19	429
34.82	132
34.94	280
34.12	411
34.34	221
34.72	229
51.82	84
34.22	317
34.12	420
34.59	337
34.5	245
33.8	455
32.72	453
35.58	257
35.72	306
34.49	457
34.16	433
35.25	358
53.11	42
35.26	358
34.91	219
34.88	291
35.32	401
32.75	330
33.97	392
34.04	270
33.31	455
50.09	233
33.18	414
32.95	428
34.41	268
34.88	269
34.92	446
36.28	260
34.09	364
33.02	460
34.24	454
35.11	352
51.96	21
35.21	349
35.03	177
35.51	354
33.89	402
34.75	321
52.45	128
34.16	429
34.96	364
34.8	290
33.87	380
34.91	350
34.8	382
35.01	339
44.2	427
33.82	400
35.12	439
33.56	448
35.8	301
33.53	429
35.28	294
33.32	450
35.27	425
34.55	221
48.85	292
32.21	457
32.06	459
32.78	442
33.19	416
33.36	426
32.42	439
32.76	332
32.69	427
32.86	434
33.96	390
34.53	382
34.11	224
34.45	378
35.35	230
34.22	427
33.76	386
33.53	456
34.57	278
45.37	373
51.26	144
33.89	246
32.31	97
33.81	256
33.03	429
34.34	431
33.74	319
33.39	433
33.98	442
33.34	440
34.38	415
54	168
35.32	389
34.82	381
34.7	404
35.19	339
34.49	442
34.04	440
34.83	274
34.23	230
51.95	137
35.03	363
34.03	398
33.68	446
34.26	392
34.93	321
33.16	389
35.12	347
33.32	410
33.83	153
34.9	272
35.19	431
34.92	422
34.71	328
36.07	434
34.9	350
48.13	292
34.6	386
35.45	451
34.4	189
35.26	385
35.26	385
35.1	397
35.44	389
34.67	442
34.65	360
51.28	131
34.71	386
35.51	181
33.58	446
35.45	322
33.44	446
51.5	132
34.56	418
34.61	445
35.49	199
33.86	237
34.46	182
34	423
34.11	414
34.36	165
44.37	444
33.71	278
33.81	448
34.68	330
34.8	412
35.07	306
34.2	420
33.48	418
33.22	331
42.94	347
33.89	388
43.22	353
32.58	452
33.33	421
33.93	376
32.43	119
33.92	209
33.12	450
49.53	215
33.47	369
34.34	351
34.35	357
33.51	300
33.08	446
34.72	374
34.12	402
33.16	448
33.82	370
49.51	238
33.94	338
33.31	434
32.53	441
33.64	432
33.65	178
33.69	346
33.17	162
33.23	355
33.49	455
32.77	451
48.4	300
33.27	458
33.21	454
34.71	407
33.7	429
33.79	374
33.7	397
33.54	408
33.91	410
33.29	447
54.27	56
34.8	227
33.86	445
34.4	355
33.25	447
33.67	384
33.91	449
33.76	430
33.69	124
34.35	339
34.46	441
33.86	113
35.77	204
53.42	161
36.61	271
34.57	128
34.91	369
33.92	338
33.36	423
33.65	438
33.4	445
54.13	98
33.14	436
33.13	387
34.38	355
33.74	446
33.19	444
33.93	430
34.84	320
32.37	456
31.95	408
32.56	431
33.56	368
32.88	443
32.48	390
32.53	451
31.97	422
50.7	138
34.32	333
33.62	146
34.39	421
53	65
33.64	284
34.45	153
34.04	448
33.41	412
33.61	430
34.6	313
33.6	415
33.34	413
34.05	167
34.67	374
33.47	437
34.15	374
35.25	422
34.2	421
53.31	72
33.32	448
35.71	354
35.45	407
35.03	414
33.99	395
35.83	226
36.02	374
60.49	162
35.29	376
34.53	431
35.79	449
34.89	388
43.71	445
35.18	383
33.83	445
34.92	453
34.72	447
37.53	338
34.75	200
34.25	374
33.9	358
32.94	381
33.64	337
32.84	379
32.81	162
34.23	309
33.26	350
33.1	425
32.99	410
33.41	452
46.81	317
35.47	456
34.44	418
35.65	434
35.52	440
35.94	274
36.71	345
36.56	228
45.06	424
34.4	379
35.81	302
33.09	318
31.66	417
43.58	300
32.63	460
31.64	98
33.97	342
32.35	414
33.21	371
32.65	431
33.88	415
35.31	367
33.28	457
34.13	412
33.05	452
33.12	460
34.69	364
34.1	458
52.89	71
34.66	346
34.38	356
50.12	178
31.69	442
33.35	323
32.46	114
34.19	401
32.15	364
33.32	389
31.59	457
32.6	357
32.41	260
35.13	222
50.62	166
33.11	446
33.6	439
33.71	438
33.25	452
34.76	307
33.15	450
34.57	441
34.17	349
34.61	325
53.76	148
33.2	443
34.68	323
34.17	449
34.8	179
34.16	451
33.98	449
35.48	186
34.79	389
34.5	403
33.46	282
32.09	44
33.76	338
34.46	306
34.53	253
34.86	243
34.71	427
51.98	62
32.38	41
32.9	378
33.3	454
34.21	287
33.93	263
35.36	456
49.55	239
33.57	448
34.33	268
33.45	451
32.44	425
32.42	459
34.39	204
34.4	361
33.99	338
46.33	414
33.87	345
32.56	149
32.63	436
33.32	425
32.27	380
32.76	435
32.67	458
33	447
33.16	442
33.24	446
33.4	308
49.08	13
34.31	374
33.32	307
33.7	347
33.71	429
33.2	383
34.43	392
33.15	423
34.52	305
48.86	315
34	157
33.01	455
33.99	251
34.08	222
33.54	414
34.51	373
33.87	180
33.79	134
34.14	338
33.76	402
33.17	460
34.12	365
47.72	321
33.14	434
32.93	451
33.53	157
33.67	392
33.3	432
34.51	425
34.26	353
33.46	417
34.92	333
50.83	188
34.16	432
34.1	344
35.4	349
35.93	358
33.57	455
33.1	374
34.32	422
33.11	264
47.07	344
34.12	249
33.97	398
33.55	359
33.89	373
32.67	455
45.63	391
33.66	404
32.2	446
34.02	334
33.23	427
34.56	318
34.28	406
31.78	113
34.38	411
34.19	352
33.23	345
49.75	326
34.19	340
34.03	426
34.63	243
33.61	456
34.34	406
33.55	436
33.81	413
33.29	428
32.63	453
47.46	341
33.65	273
32.7	460
32.96	420
33.19	243
33.78	319
31.94	443
33.05	217
34.94	449
34.81	297
34.97	449
35.72	404
34.73	320
34.48	433
51.35	75
34.91	167
35.98	298
35.74	239
36.25	180
34.8	448
34.15	445
36.97	434
35.18	408
35.59	418
35.97	439
37.09	256
50.79	129
35.09	368
32.78	448
49.6	146
34.07	325
33.42	444
33.22	448
34.41	119
33.65	334
33.6	373
33.54	424
33.19	403
47.18	352
31.96	452
32.73	451
33.34	449
33.69	387
32.45	396
32.81	429
32.86	331
33.97	445
32.18	449
35.1	436
34.54	189
34.72	417
36.3	247
34.07	429
51.44	123
34.76	418
34.91	304
35.5	325
34.51	242
51.6	106
33.93	352
33.32	451
33.06	407
34.01	235
33.12	438
33.69	425
33.95	436
33.99	355
33.91	446
32.89	446
32.99	162
34.33	369
32.28	429
33.38	440
33.16	425
49.08	155
33.57	403
33.33	437
32.74	434
33.12	435
33.27	138
34.19	201
33.34	454
50.7	84
34.69	388
34.02	133
32.92	446
34.18	435
48.98	124
32.48	445
32.99	437
34.15	296
33.69	239
33.93	428
33.55	429
33.44	424
33.81	439
34.83	400
34.75	339
48.91	234
34.33	424
33.2	456
33.82	436
33.23	413
34.12	271
33.75	452
33.93	294
34.6	321
34.98	401
35.55	263
34.66	413
51.05	112
33.52	452
35.24	375
33.5	450
34.32	431
34.87	319
35	252
32.68	363
42.29	418
33.3	420
33.31	367
33.04	268
32.4	395
31.89	433
32.6	420
32.45	436
31.98	318
34.04	431
33.87	340
33.23	381
34.71	369
33.96	270
33.7	385
34.04	372
51.51	129
34.01	252
34.46	429
33.21	392
32.94	444
33.57	443
32.53	409
50.76	191
32.9	457
32.67	437
33.03	445
34.66	344
32.81	427
42.27	339
36.51	318
34.53	416
34.58	440
33.56	482
34.27	450
33.24	477
34.44	281
33.81	491
33.78	371
33.99	488
34.08	485
33.81	371
40.82	449
34.08	430
33.61	460
34.37	386
32.99	356
32.54	472
33.77	478
34.24	470
32.93	382
33.52	407
34.75	352
44.96	6
34.07	473
34.78	400
44.53	17
33.88	426
34.24	346
34.28	442
33.32	398
34.43	440
33.96	494
34.99	404
33.76	487
33.93	369
34.46	439
33.87	473
36.9	294
33.04	498
32.36	493
32.84	496
33.26	485
33.81	218
33.26	424
33.59	491
33.37	487
36.66	112
32.76	144
34.05	452
34.72	424
32.69	494
33.83	498
32.92	450
34.13	459
33.36	494
33.59	408
34.6	412
35.32	180
33.62	482
44.58	125
34.13	486
32.55	498
34.03	433
33.01	489
34.05	388
33.44	258
32.81	490
33.47	480
38.88	361
35.25	324
36.67	268
34.25	422
34.89	371
33.93	428
35.66	414
35.29	435
32.77	486
33.32	483
34.71	492
34.03	489
33.88	495
34.58	306
34.45	416
34.17	225
33.54	475
33.7	455
35.23	417
35	423
33.22	413
34.61	387
35.93	411
35.22	218
34.02	487
35.13	240
43.11	352
35.75	431
34.75	412
34.64	241
35.45	394
34.49	495
34.89	386
35.55	344
44.65	95
34.92	352
36.28	324
34.31	447
32.97	452
35.11	337
33.37	495
40.97	351
33.95	468
34.83	282
32.69	482
33.28	147
33.81	390
32.93	466
33.3	457
33.95	393
34.05	488
34.02	441
36.41	236
33.96	370
33.42	453
33.17	465
34.12	472
33.14	453
35.74	410
34.51	480
35.42	356
34.41	499
34.45	418
35.69	388
34.8	422
33.6	482
34.11	471
35.48	400
34.58	410
33.28	465
33.36	483
34.28	485
34.44	392
34.31	472
33.76	490
40.12	423
33.82	474
35.37	210
34.38	450
34.24	371
33.1	473
34.81	486
33.32	452
33.71	466
45.41	41
34.7	463
34.18	398
33.39	482
35.46	404
33.37	481
34.25	435
33.9	485
35.28	247
35.32	211
33.46	466
33.74	456
31.76	474
33.55	492
33.47	441
33.19	442
33.13	476
33.16	474
44.25	312
33.45	428
32.75	494
33.8	370
33.6	491
34.07	370
33.36	496
33.4	491
33.58	411
33.81	443
33.47	466
35.02	343
36.91	356
32.09	474
43.7	10
33.52	438
33.49	442
32.4	493
34.8	442
34.63	398
33.6	415
32.75	490
33.88	425
33.83	413
34.32	451
32.5	467
32.48	460
33.16	498
34.21	391
33.08	492
33.89	434
35.52	386
34.04	388
35.08	428
33.86	438
33.27	499
42.54	196
35.08	416
33.6	452
35.74	399
33.63	462
34.51	436
32.37	476
34.28	453
36.01	322
33.77	472
34.37	427
40.88	451
