sim	len_diff
35.68	85
31.8	93
35.19	65
36.34	80
36.13	49
36.69	61
35.3	74
35.96	99
35.58	61
34.03	80
33.69	95
32.91	103
34.95	192
34.67	54
35.38	62
35.11	82
33.69	101
35.55	105
33.11	108
34.13	92
34.12	170
34.74	108
36.29	91
33.06	108
33.88	100
35.04	58
34.06	108
36.17	98
35.01	107
33.61	98
32.56	87
35.02	80
35.02	80
35.19	90
33.99	79
33.68	106
31.95	74
36.76	82
34.56	43
36.82	82
35.59	96
33.88	93
35.05	89
33.96	81
34.18	91
33.88	93
34.3	70
33.27	92
35.62	108
34.13	108
33.86	207
34.12	105
34.11	89
34.47	79
33.8	98
35.65	66
34.33	201
34.33	201
35.56	63
31.45	104
32.96	92
33.8	212
35.46	96
33.05	87
33.1	88
32.87	92
35.58	76
31.19	108
33.32	185
34.92	111
34.65	81
33.03	103
32.49	104
34.92	111
34.72	147
35.06	104
34.61	88
36.13	79
33.75	93
32.73	108
34.72	104
35.17	89
34.44	102
34.62	95
31.81	108
33.49	105
33.86	108
33.33	106
34.55	90
35.07	77
34.11	62
32.31	41
32.39	106
35.98	75
35.31	76
33.84	36
35.54	92
34.78	89
35.82	58
35.37	71
33.32	100
34.1	102
35.47	89
35.27	107
36.11	103
35.92	88
36.53	72
35.48	85
35	90
34.84	97
34.56	78
33.02	108
32.85	103
35.36	74
34.75	108
35.09	94
34.48	101
34.85	107
35.66	91
32.95	84
32.89	205
34.91	106
32.9	105
34.35	107
34.5	103
35.68	102
35.94	61
34.4	97
35.31	85
36.06	106
35.06	74
34.59	90
33.9	103
32.68	105
35	62
32.21	90
33.59	87
32.65	6
34.68	93
34.06	93
34.35	98
36.97	92
34.06	93
32.44	104
37.28	51
34.03	93
34.03	93
35.13	81
35.13	81
33.43	94
34.07	85
35.31	69
33.65	97
34.65	86
34.07	93
34.43	91
34.06	99
33.17	102
34.21	97
34.13	93
34.13	93
34.58	103
33.88	93
34.13	50
36.06	72
34.73	84
33.53	79
34.07	93
34.13	97
33.58	94
32.61	64
33.81	86
33.77	79
35.69	49
34.62	76
35	97
34.59	104
31.82	95
35.23	104
33.74	89
36.29	62
32.12	79
32.36	74
33.8	75
33.58	95
33.38	68
35.76	86
30.59	94
35.21	72
35.93	64
34.24	101
33.87	88
33.6	104
33.47	108
34.07	108
33.86	85
35.89	93
33.6	102
32.43	100
34.93	98
32.73	92
35.24	100
34.39	105
33.87	90
31.98	103
35.62	57
35.91	113
34.31	107
35.33	108
33.59	98
34.39	179
33.58	1
32.74	108
31.88	108
34.14	96
34.17	70
33.15	104
33.57	103
32.5	104
33.23	104
33.98	84
33.44	98
32.46	89
34.92	106
34.63	102
31.95	107
33.05	97
33.79	69
32.84	100
33.59	88
31.73	103
32	102
33.42	65
34.12	102
35.73	92
34.14	106
33.42	106
32.36	101
34.37	107
32.25	107
34.01	91
32.71	85
33.76	93
32.74	93
35	99
32.81	104
33.88	106
34.6	87
32.43	87
34.6	87
33.42	65
34.9	49
34.52	45
33.47	107
34.36	93
32.81	104
32.86	105
35.07	92
32.17	101
35.6	83
33.25	107
32.79	108
32.96	87
31.99	107
34.35	90
34.87	73
33.49	100
34.68	89
33.62	86
32.03	92
31.81	105
34.48	100
34.55	91
34.78	108
34.89	174
33.37	79
37.4	66
32.37	105
35.75	97
35.31	107
35	106
32.83	99
33.85	48
35.47	89
34.53	191
34.33	184
33.68	80
35.79	62
33.38	73
36.24	67
34.69	99
34.12	105
34.54	103
35.73	64
32.91	92
33.87	102
33.66	93
35.77	107
33.57	103
34.36	58
33.25	104
35.11	103
35.5	97
34.75	92
38.49	37
34.64	98
35.3	106
34.42	68
34.74	97
34.38	97
33.95	99
33.74	83
33.49	106
34.59	104
33.78	104
33.67	97
34.59	103
31.96	83
35.46	99
34.35	107
35.68	37
35.59	99
33.06	50
35.2	66
35.39	66
36.11	132
35.56	101
36.11	76
35.9	85
33.3	101
34.03	104
35	70
33.42	93
33.44	108
36.35	82
34.88	102
34.26	107
34.12	79
36.21	77
32.96	107
32.93	104
36.17	63
35.75	81
33.72	84
33.96	99
33.27	107
33.78	7
35.37	88
37.95	88
33.25	105
34.88	88
34.48	85
33.49	82
34.48	75
32.95	67
32.55	25
32.33	15
33.93	74
34.32	63
34.69	59
39	59
36.93	70
37.16	75
34.1	84
34.77	96
36.85	79
37.06	83
34.81	96
35.43	145
37.06	87
34.02	85
36.06	56
34.69	31
33.44	71
34.04	86
34.91	79
32.75	6
34.93	79
34.67	69
35.31	38
36.43	77
34.9	68
33.92	54
34.29	85
33.39	96
32.51	33
33.36	95
34.74	93
34.82	38
33.42	89
35.87	86
35.06	83
36.31	83
50.44	22
36.09	87
38.43	93
36.71	76
34.18	96
37.21	75
35.66	83
35.47	146
35	77
39.01	40
36.81	94
36.56	69
37.43	76
35.93	90
35.06	119
35.64	89
36.41	93
33.75	94
35.79	68
36.03	98
34.61	95
33.38	84
34.38	86
33.19	29
33.31	36
33.48	91
34.11	89
34.93	85
32.25	70
32.76	123
33.97	143
32.9	87
34.22	67
33.97	143
33.04	92
33.04	61
34.57	91
35.12	25
36.51	63
35.85	98
35.95	83
34.24	95
34.58	93
34.21	88
36.2	93
36.83	165
34.47	88
35.62	96
37.1	80
35.43	40
37.07	84
38.77	76
36.62	152
34.54	86
35.35	51
35.12	70
34.64	80
34.96	65
35.39	96
35.31	86
34.56	41
33.58	92
34.61	64
34.84	95
35.6	72
34.01	44
34.55	80
36.12	84
36.82	61
35.98	104
35.78	136
35.16	87
35.15	78
35.06	96
35.77	35
35.59	96
36.83	94
37.28	22
32.42	94
34.12	95
33.66	88
35.71	100
32.54	75
34.55	93
32.12	92
33.26	85
34.5	37
33.06	33
35.82	81
36.75	96
36.2	87
34.78	60
34.56	72
32.8	10
33.65	14
34.5	93
34.93	80
35.98	158
36.74	78
36.44	84
34.36	148
35.04	121
35.38	171
35.64	84
33.83	94
36.27	23
35.34	64
33.21	95
34.57	94
35.96	48
34.8	84
33.93	96
33.75	161
32.9	96
35.06	110
30.12	94
35.08	52
37.01	86
36.25	73
37.7	48
36.48	92
36.17	83
35.37	78
34.11	29
35.18	90
37.29	83
35.36	93
34.06	121
33.85	94
34.6	86
37.6	77
35.03	95
35.72	66
35.71	83
34.31	77
33.5	85
36.08	36
33.27	36
34.63	86
34.25	84
33.94	63
32.06	12
31.68	92
32.75	92
33.36	74
33.29	74
34.36	113
35.91	94
36.19	74
37.49	91
35.56	38
36.19	124
36.84	95
36.6	154
37.35	37
36.77	30
36.14	68
33.21	90
35.57	61
34.63	94
35.91	39
35.98	94
34.8	77
35.64	92
36.18	71
36.37	50
35.77	72
34.41	82
33.92	86
34.23	93
34.7	89
35.85	46
36.5	93
35.76	51
35.6	49
33.76	84
35.46	74
36.51	92
37.14	24
36.47	56
36.09	76
34.71	84
35.96	75
35.89	91
34.54	6
35.86	58
35.21	91
33.8	94
33.9	136
33.21	75
34.22	67
33.46	33
35.4	94
34.36	88
33.62	84
33.16	67
33.81	62
35.54	94
35.54	92
35.68	79
37.81	93
34.51	12
36.13	37
37.39	70
35.87	133
34.56	89
34.93	90
35.24	77
34.25	96
33.93	91
35.39	95
35.58	143
35	85
35.42	61
36.26	38
36	97
36.64	75
37.13	95
34.37	84
35.91	80
36.25	57
34.78	94
37.97	149
35.87	123
36.76	69
35.78	72
35.42	58
34.2	63
35.68	86
33.7	94
33.97	35
35.12	68
32.77	86
34.17	92
32.65	92
33.19	52
34.9	79
34.89	84
34.75	69
34.11	96
35.13	60
35.5	86
36.96	51
35.44	84
35.17	83
35.31	31
35.39	68
36.16	101
35.45	85
35.84	103
34.53	67
34.21	23
35.15	95
36.22	78
36.21	96
36.99	90
35.37	95
37.34	76
36.76	58
36.88	74
36.35	29
37.32	95
35.97	87
35.5	89
38.17	80
37.84	50
37.11	65
37.4	80
35.07	89
35.76	90
36.08	77
35.39	54
36.43	131
35.16	92
35.72	58
37.55	74
38.15	37
34.15	45
33.88	127
34.87	69
32.87	86
34.26	90
34.45	95
36.05	113
34.05	83
34.75	139
35.73	46
34.24	79
35.44	169
34.75	77
34.52	65
33.98	79
33.58	76
34.54	85
36.85	57
34.34	68
34.69	37
33.94	53
33.17	95
34.77	78
32.36	120
32.81	69
32.4	16
34.68	76
35.88	87
34.79	33
34.79	33
35.92	77
34.93	89
34.95	66
37.4	43
35.11	76
34.18	96
36.57	62
33.96	14
33.8	66
35.62	28
37.84	58
37.22	31
35.5	83
36.46	63
34.81	94
38.3	66
38.5	73
38.23	89
37.25	92
36.46	89
34.9	118
33.49	49
32.47	91
34.9	118
35.31	93
33.61	92
32.98	84
33.81	114
35.31	72
35.37	85
33	72
33.68	88
34.57	48
34.96	34
34.09	64
32.49	24
35.25	80
32.59	96
33.78	76
35.17	39
32.62	32
34.44	36
33.14	95
34.39	83
33.69	88
34.93	94
33.56	65
34.51	90
35.83	89
33.64	92
36.21	86
36.01	88
36.97	84
35.46	96
37.22	88
38.11	57
36.63	86
35.74	118
36.65	88
36.74	76
32.97	45
32.98	5
36.61	94
35.04	73
34.78	82
33.16	94
36.12	87
35.31	127
31.13	16
34.96	18
34.76	55
35.08	95
34.97	32
35.9	64
35.38	132
35.59	87
35.33	76
44.86	28
34.95	93
33.98	70
34.55	162
33.7	73
37.31	65
35.2	85
34.84	172
36.29	67
35.19	39
35.18	89
36.48	94
35.58	59
34.69	91
35.54	69
36.95	61
36.15	74
35.66	35
37.36	123
35.87	72
37.52	64
36.71	117
36.79	55
32.74	32
33.41	136
34.31	34
34.32	135
35.17	59
36.76	50
33.41	78
34.59	129
32.9	32
33.68	47
35.77	69
35.18	67
34.62	64
36	93
36.48	35
35.15	65
34.66	51
33.91	38
35.76	73
37.14	34
37.67	121
35.78	42
36.37	80
37.59	94
37.46	74
36.42	132
36.73	89
38.32	52
36.01	95
34.13	89
35.04	68
37.04	84
36.33	85
36.47	63
35.5	84
34.01	72
34.89	75
35.67	47
36.03	94
36.42	65
34.11	84
35.28	86
34.53	76
33.87	96
33.87	94
31.41	16
34.41	88
34.03	94
32.38	38
33.94	85
36.54	57
34.07	91
35.63	82
34.75	89
36.24	90
36.25	94
35.45	85
34.54	84
35.59	37
35.5	87
35.1	59
35.45	120
35.85	80
35.85	88
36.01	77
35.64	64
35.75	92
36.6	59
36.52	76
37.26	43
35.82	76
37.06	95
38.24	56
34.93	93
36.01	155
34	83
54.97	6
34.69	92
33.63	86
35.18	65
36.39	89
34.44	75
36.27	79
37.06	84
36.57	91
35.73	145
36.02	58
36.49	84
36.02	72
36.45	84
36.19	66
34.78	94
34.93	88
35.15	130
34.21	87
35.29	93
35.95	108
34.25	79
34.76	95
34.95	73
36.46	91
34.68	88
35.47	75
34.76	92
36.67	80
37.34	57
35.88	63
35.13	94
34.04	87
36.06	82
34.57	76
35.85	86
34.2	9
35.99	74
35.39	65
35.75	74
34.66	87
35.33	89
36.01	67
35.28	55
34.62	84
37.64	80
34.69	96
36.8	37
36.34	124
33.72	92
33.72	92
33.2	9
34.32	78
34.22	92
32.97	77
34.18	71
34.33	95
34.74	115
33.68	74
35.42	82
34.94	96
34.89	67
36.73	38
33.6	161
32.53	79
36.08	53
33.81	87
34.15	88
35.87	57
34.17	65
34.39	28
34.27	160
33.99	75
34.17	126
32.09	85
33.31	92
36.39	79
34.13	60
34.44	94
34.4	90
34.8	71
33.4	48
35.07	87
33.01	88
36	90
36.31	100
35.17	26
34.39	82
36.72	55
36.78	135
38.58	82
34.47	75
36	137
37.63	58
34.68	88
37.03	86
34.17	81
34.97	72
35.4	80
33.98	89
35.11	101
34.33	68
35.31	92
35.01	93
34.93	50
35.01	94
34.81	24
34.33	86
34.22	84
35.08	115
33.61	67
35.04	81
33.61	85
36.1	104
34.95	139
35.09	96
34.91	86
34.94	69
34.03	35
33.15	76
34.48	83
34.2	60
34.73	54
36.08	61
35.48	75
33.91	67
41.19	4
34.71	50
35.1	39
33.99	46
35.48	75
34.61	81
35.76	89
35.47	85
35.07	95
32.88	51
35.4	86
34.59	59
34.69	109
34.1	87
32.42	71
35.9	40
35.34	82
33.84	85
35.56	92
34.5	95
35.81	57
35.04	49
35.36	67
33.79	67
35.72	42
34.81	93
36.06	89
44.29	16
34.66	91
35.76	86
33.84	14
35.62	89
35.95	84
36.31	50
36.41	51
34.42	65
34.84	84
34.87	51
34.11	94
35.83	59
33.59	47
34.62	94
34.84	60
34.82	44
34.74	60
34.56	69
35.06	85
34.54	70
34.53	86
34.25	80
35.07	87
34.09	84
33.9	88
34.21	67
34.29	88
34.26	93
35.42	64
33.03	93
34.27	25
34.17	71
33.83	84
34.41	86
33.89	62
33.33	90
35.5	65
33.51	90
31.8	96
35.19	73
35.53	92
33.42	82
35.15	149
34.91	92
35.22	93
34.56	88
37	79
35.39	77
35.77	92
34.73	90
35.59	44
34.52	91
35.3	86
34.34	94
36.37	85
34.87	146
36.16	88
34.34	29
34.24	92
34.32	86
37.7	76
36.18	71
37.99	72
36.7	51
37.3	58
36.69	81
35.68	14
36.66	82
35.77	82
37.09	95
36.11	85
37.57	97
36.44	83
35.5	76
35.35	86
35.8	68
32.96	18
36.52	40
36.81	72
33.86	91
33.5	85
34.43	95
35.95	50
35.41	45
33.41	66
33.49	94
34.73	142
33.7	42
33.86	80
34.69	17
34.86	94
34.07	64
34.98	149
35.44	51
35.12	90
34.46	79
33.63	156
35.71	143
36.37	93
35.32	80
36.67	94
37.51	48
36.37	71
34.61	94
37.15	74
33.97	71
37.07	96
37.32	124
34.92	104
37.01	58
33.58	93
34.07	69
35.22	120
34.82	82
34.57	78
32.07	93
33.39	95
35.75	87
32.72	134
34.8	40
35.99	86
33.86	37
35.3	42
35.15	77
36.41	66
34.24	70
33.95	71
34.83	88
33.79	82
34.24	28
53.76	12
35.93	76
36.28	92
36.66	37
36.5	95
35.23	78
37.31	62
36.37	87
35.25	44
35.14	62
34.88	84
34.56	82
38.35	85
35.6	94
35.79	51
36.59	87
36.65	96
36.48	88
36.42	93
34.9	55
35.58	90
44.26	19
35.32	70
33.91	54
35.22	75
37.23	40
33.74	69
35.5	131
34.23	26
34.6	94
33.95	89
34.52	81
35.48	69
34.48	92
35.83	74
35.76	61
34.43	94
35.25	90
33.89	88
34.4	93
35.34	83
33.57	93
34.62	83
34.03	78
35.77	67
34.81	93
34.96	77
34.92	74
35.35	81
34.81	74
35.09	158
34.38	90
33.83	83
33.37	95
35.25	60
35.54	86
36.68	51
35.1	83
35.53	31
35.09	68
35.4	119
35.01	151
34.94	89
35.94	63
34.33	54
34.3	59
36.14	77
38.02	75
36.01	65
36.65	32
37.28	84
34.69	67
35.86	56
35.64	72
36.43	93
35.89	83
38.57	52
36.51	95
35.13	95
34.81	166
35.35	67
35.22	83
35.26	76
33.64	94
36.4	62
35.61	89
35.24	84
35.81	80
35.54	62
35.75	93
36.11	130
34.47	84
35	68
34.73	91
36.14	94
34.54	91
33.63	91
35.13	89
36.46	67
34.47	91
34.5	59
34.46	88
33.21	24
36.28	85
34.59	86
35.06	111
35.32	75
34.6	71
34.85	85
33.99	46
38.27	21
38.25	67
35.12	43
34.02	76
35.18	162
35.02	90
35.66	80
34.56	19
36.08	62
36.16	57
35.47	85
36.18	101
35.18	47
34.72	77
36.18	63
36.19	81
35.98	52
33.79	93
35.84	122
35.37	37
33.49	131
34.68	65
34.19	88
34.29	95
35.13	80
34.3	48
34.38	101
34.28	36
35.16	90
33.6	89
35.33	40
34.78	84
34.53	125
35.5	87
33.48	90
35.06	58
34.53	84
34.42	35
34.96	105
34.68	62
37.15	86
35.08	152
35.86	57
35.01	49
36.07	82
36.27	94
34.21	150
34.65	89
36.69	94
34.4	93
34.44	40
33.71	29
33.28	59
35.14	93
35.52	96
36.11	128
32.73	96
35.7	92
36.62	62
34.97	82
34.61	81
35.04	121
34.24	57
35.55	87
33.1	23
34.65	89
34.91	110
35.47	28
33.74	89
34.06	108
33.62	118
34.5	85
34.85	86
32.43	77
33.67	63
34.95	78
33.33	171
34.12	74
35.8	54
34.32	54
36.53	59
34.94	22
35.91	94
35.27	92
34.73	68
35.95	77
33.61	74
34.99	107
35.6	74
37.01	52
35.61	92
34.79	95
33.54	81
35.16	78
35.51	88
35.33	90
36.46	74
34.97	107
33.52	72
35.97	56
35.66	45
35.72	84
34.23	90
35.06	72
37.28	128
36.99	52
36.12	167
36.92	63
37.64	48
36.31	103
36.81	86
37.3	103
36.6	86
35.07	81
34.7	86
35.37	88
36.26	91
35.52	47
35.87	71
36.79	57
35.15	76
34.62	35
31.32	87
33.72	93
33.94	95
36.13	65
36.01	75
34.5	132
34.57	40
34.51	94
34.95	87
34.62	71
34.73	81
34.06	64
33.74	63
33.49	84
35.89	87
33.93	170
32.59	86
32.62	82
35.13	115
35.85	90
44.47	13
34.93	70
35.37	87
36.16	68
34.41	91
36.52	115
36.63	72
36.26	75
38.22	53
34.86	70
34.44	160
34.34	78
32.77	90
35.08	86
35.46	39
32.92	25
35.77	88
33.58	22
34.82	87
35.6	37
35.27	119
33.81	39
32.85	72
34.01	49
34.43	156
33.73	92
33.61	60
33.72	36
33.37	94
34.04	66
33.53	47
34.83	95
33.01	62
34.25	72
34.25	86
35.15	117
34.54	95
33.71	85
35.78	96
45.3	19
35.56	70
35.66	47
33.74	72
33.98	87
35.26	95
35.07	71
33.55	95
35.38	90
36.41	39
37.02	15
35.62	83
35.19	74
37.08	63
36.67	76
36.6	71
36.92	43
35.76	94
36.95	78
35.15	87
32.64	94
44.15	11
35.62	78
34.55	74
34.42	92
36.03	51
34.51	86
36.81	89
33.68	57
33.11	87
35.22	144
38.04	47
35.23	91
33.84	160
35.35	87
33.9	11
34.77	77
36.06	58
34.79	88
35.91	80
33.46	85
35.4	66
36.2	78
35.43	85
35.55	70
35.21	58
34.59	67
34.58	88
34.24	93
34.91	96
36.03	86
33.52	88
33.48	19
33.36	69
33.55	60
32.96	63
33.27	69
34.15	50
33.36	94
36.88	87
35.81	12
36.16	89
38.2	58
36.44	91
36.18	93
35.09	81
36.31	56
37.13	90
36.74	92
33.78	64
33	79
33.57	77
32.41	71
32.72	89
34.95	91
35.54	88
33.81	96
34.96	78
33.79	80
38.2	77
36.38	85
36.66	81
36.64	92
35.36	87
35.15	91
38.51	45
35.62	24
34.62	96
37.52	88
34.63	73
35.49	81
34.21	93
34.46	84
34.47	86
33.82	94
33.88	96
35.01	57
33.05	98
33.72	133
36.04	84
35.61	87
34.17	89
34.91	76
35.7	36
34.67	70
36.11	43
36.12	67
36.9	55
34.83	83
34.94	75
42.02	11
35.26	154
33.37	85
34.4	92
36.97	89
33.87	86
35.75	19
36.55	88
35.74	78
35.18	65
34.19	66
33.19	127
35.61	66
34.95	90
34.37	84
35.32	93
34.94	87
33.54	35
35.06	73
37.51	86
34.09	86
34.42	91
33.24	77
33.84	93
35.72	78
35.42	70
35.03	86
34.2	93
36.92	73
32.65	96
34.18	154
35.1	86
35.87	90
35.16	137
33.55	71
34.2	111
33.91	65
35.5	78
34.47	59
36.58	75
36.47	33
35.95	90
36.78	79
34.66	77
37.6	69
37.66	95
36.5	79
35.6	77
38.68	65
37.89	91
38.19	79
36.76	75
37.69	84
35.49	159
37.74	160
35.31	86
35.2	94
37.04	78
36.49	94
35.05	93
37.52	51
36.2	81
36.19	59
37.58	85
35.21	44
35.32	92
36.25	94
34.16	96
36.39	91
36.28	55
38.3	92
36.26	64
35.95	68
36.75	67
36.03	92
33.94	80
35.41	93
35.46	93
36.01	87
34.63	68
35.96	92
37.51	45
35.03	80
35.52	85
36.9	38
36.85	100
36.31	91
34.23	93
38.27	76
35.73	74
35	94
37.28	77
36.5	92
36.31	55
34.78	73
35.82	93
36.85	96
36.14	147
34.49	89
33.8	95
36.34	60
38.92	77
35.1	95
36.05	74
34.73	86
36.65	71
39.05	85
34.56	64
35.67	61
34.5	95
36.19	91
36.12	80
33.78	93
36.69	75
35.4	85
35.98	72
35.59	89
34.73	13
36.06	66
35.25	70
35.98	96
36.87	78
38.03	100
36.94	92
35.54	75
37.36	91
36.53	77
34.86	86
36.28	91
36.05	92
35.66	75
34.85	89
33.59	48
35.51	80
35.91	32
33.68	19
34.84	63
34.25	49
36.23	130
34.93	69
36.24	90
32.46	69
34.65	90
33.96	127
35.41	91
35.06	84
34.82	119
35.09	56
33.74	101
33	17
32.59	35
33.99	87
34.2	50
34.24	103
35.85	36
33.73	74
35.69	67
33.82	93
34.07	165
34.48	94
34.75	69
34.84	89
34.77	63
34.16	140
32.33	84
33.7	94
34.91	77
34.75	86
34.73	64
37.43	61
36.02	124
35.67	87
35	7
35.12	94
36.1	51
36.57	45
38.27	50
35.21	54
35.59	46
35.25	45
36.09	50
36.5	80
37.75	84
37.03	75
36.05	71
36.57	81
35.56	75
35.64	96
35.32	87
35.61	90
36.06	80
35.57	80
34.96	160
34.91	96
36.83	81
38.85	36
37.83	72
37.55	45
35.39	4
35.53	82
36.55	86
33.62	75
36.16	43
35.03	93
33.74	80
35.33	67
33.73	84
35.77	82
34.08	68
36.03	81
36.48	95
36.51	85
35.52	78
36.37	64
33.6	95
37.57	48
39.01	62
37.23	74
36.08	81
35.64	118
35.17	89
35.66	101
36.37	63
35.64	70
35.96	81
34.04	79
35.71	93
35.41	153
36.03	59
34.54	96
34.68	76
36.29	80
35.54	73
35.64	82
35.19	94
36.36	79
34.74	54
36.27	13
36.19	56
34.57	91
33.91	152
35.46	123
33.41	78
33	61
34.23	88
34.95	171
33.71	83
32.69	37
35.26	61
35.82	84
36.44	67
37	50
35.03	87
35.17	24
36.09	63
36.07	106
35.86	87
35.17	87
38.02	77
36.16	81
37.27	65
35.99	89
37.7	79
34.75	95
35.65	90
34.72	134
38.61	69
36.23	87
38.14	51
34.25	93
36.09	94
36.62	88
33.75	88
35.83	74
35.97	56
36.25	96
33.42	17
36.64	91
36.65	67
36.17	84
35.43	26
35.28	89
35.76	89
35.91	77
36.39	77
36.03	93
35.85	56
35.85	89
37.26	54
34.24	78
35.06	95
34.56	91
33.63	52
35.28	88
35	94
36.86	120
33.86	96
35.08	59
33.34	82
33.95	36
37.64	63
36.73	109
35.62	59
34.93	92
34.7	20
36.03	82
36.06	71
35.01	96
36.36	164
37.16	74
34.73	63
33.42	84
34.24	93
34.23	77
32.35	54
34.18	77
34.7	91
34.64	95
35.43	79
34.07	106
34.68	74
35.71	40
35.08	119
34.54	88
33.83	76
34.81	66
33.34	66
34.4	49
33.98	90
35.42	53
35.56	94
35.31	74
36.54	68
34.24	87
35.18	144
35	94
35.74	57
35.95	118
34.96	73
37.59	72
35.46	51
37.26	74
38.4	80
36.39	83
36.46	81
35.46	90
35.86	69
35.88	81
35.89	89
36.58	82
32.87	85
35.35	69
35.19	160
34.37	73
34.45	88
36.36	64
33.49	39
34.59	93
33.53	58
34.24	96
34.89	86
34.31	44
34.76	36
34.38	64
34.97	76
33.41	59
35.12	83
33.35	34
34.24	59
36.53	79
35.19	77
36.17	92
37.82	40
36.63	75
36.73	77
36.58	86
37.57	73
34.53	83
37.33	117
35.67	62
34.27	59
34.48	84
34.26	91
33.3	28
36.72	68
35.11	43
35.43	81
34.87	116
35.09	77
36	124
35.15	37
34.03	51
33.62	90
35.65	61
34.93	68
34.9	67
34.73	89
35.95	51
33.02	96
37.7	59
33.12	65
34.45	57
32.2	15
34.7	94
35.89	86
34.09	57
35.98	125
35.43	69
36.22	57
31.99	85
35.11	71
34.69	96
35.45	90
36.36	86
35.37	60
33.31	92
33.71	85
35.83	76
33.64	148
34.4	52
34.86	130
36.07	55
36.15	89
35.15	122
35.04	92
33.73	77
36.79	31
34.82	88
34.64	92
34.25	84
35.54	86
34.49	92
36.26	103
34.51	34
34.33	40
34.34	157
37.19	39
34.26	71
32.65	61
32.42	57
35.5	88
32.45	57
34.64	85
34.46	95
32.42	57
32.42	57
32.42	57
32.42	57
32.78	57
35.03	88
33.64	87
33.59	53
34.12	37
35.06	137
35.43	80
35.31	86
33.89	85
34.65	82
35.63	30
35.7	40
34.39	83
35.85	97
34.12	95
34.39	78
35.33	120
34.62	72
34.44	86
35.02	68
33.99	59
35.02	79
36.34	90
35.77	91
34.98	75
38.38	76
34.7	74
34.02	161
35.53	63
36.51	112
35.74	71
37.8	91
35.6	82
36.57	72
34.47	91
37.94	149
37.67	65
36.5	92
34.56	78
35.91	85
38.62	124
33.9	94
34.98	95
35.1	86
32.61	75
33.54	95
33.83	87
33.29	11
33.01	89
33.66	128
35.77	95
35.15	68
34.44	76
35.08	56
34.62	90
37.27	99
34.92	56
35.35	24
33.95	92
35.98	155
49.27	17
34.07	96
35.05	35
35.9	72
32.84	96
32.18	95
36.4	85
35.16	122
35.17	51
34.95	85
34.11	135
35.07	49
35.26	28
36.92	73
38.97	61
36.12	96
37.68	47
35.05	26
35.87	60
35.62	77
35.24	172
35.13	96
33.53	92
35.14	84
37.12	62
34.39	89
35.9	86
34.48	33
33.44	73
35.69	43
33.53	71
34.68	96
36.43	95
37.22	72
34.9	86
34.02	85
36.17	81
36.72	52
35.75	95
36.26	51
34.78	84
34.74	74
34.27	48
35.74	76
34.46	75
34.58	76
33.33	76
34.26	84
32.6	88
36.2	69
34.91	86
35.65	92
34.02	139
33.54	87
35.18	32
34.06	77
33.66	104
33.1	92
34.05	33
34.52	49
34.95	80
35.8	86
34.95	54
33.66	54
35.75	73
35.72	73
35.83	95
34.91	90
35.34	91
38.39	60
35.15	85
35.33	146
35.56	63
34.63	65
34.44	95
34.9	84
35.25	88
34.92	77
34.79	85
35.45	96
37.02	35
36.39	88
35.54	41
33.81	95
34.01	96
34.93	143
33.17	6
33.09	31
33.87	78
33.94	89
35.74	90
35.03	90
34.6	88
35.87	47
37.31	59
34.94	161
34.61	167
34.7	44
35.53	90
36.01	143
35.7	90
35.46	132
37.14	92
35.81	77
36.78	32
36.6	69
35.03	33
33.66	63
38.72	71
35.03	86
35.42	74
33.1	60
33.63	93
35.77	94
36.39	55
35.4	84
35.95	88
34.3	87
34.77	82
35.31	68
34.69	80
34.93	81
34.56	35
34.17	139
36.25	62
35.09	88
35.03	41
36.3	93
33.77	90
34.8	84
34.42	145
34	81
34.56	96
34.3	80
33.81	158
36.03	66
33.19	51
33.86	76
33.06	96
34.38	92
33.67	78
34.73	79
35.62	43
34.86	73
34.34	88
34.05	93
33.96	82
34.75	22
37.71	87
33.77	58
33.44	86
35.66	140
35.21	118
35.08	162
35.16	88
34.75	23
36.95	105
35.36	79
36.35	126
36.28	145
36.5	53
35.96	57
35.7	52
36.02	96
35.09	19
35.31	155
36.33	53
34.92	125
36.37	75
35.79	76
34.29	95
37.33	62
35.61	154
36.04	90
36.07	28
38.42	89
34.75	21
37.29	82
38.34	92
35.83	169
36.31	89
34.74	90
33.85	83
35.41	88
38.43	41
37.24	71
33.88	82
36.04	68
35.57	92
34.62	78
34.68	75
35.29	100
34.81	70
35.67	25
34.9	164
33.9	150
35.08	63
34.69	87
37.1	77
33.53	60
35.57	63
33.49	88
36.03	89
34.44	65
34.67	53
36.62	75
34.76	95
34.41	85
34.75	111
34.27	62
36.13	44
36.32	110
34.57	81
35.33	84
35.27	70
37.15	73
37.22	71
36.43	80
35.13	85
37.01	93
35.55	48
35.2	45
34.01	71
33.29	36
35.51	53
33.4	92
33.96	45
33.83	79
34.05	149
32.63	95
34.05	149
32.18	89
34.24	90
33.77	54
34.46	103
34.55	122
34.17	155
33.25	82
35.11	33
36.12	40
33.26	74
38.27	85
37.12	76
38.44	76
38.87	80
36.74	79
37.3	67
34.91	96
35.77	71
37.76	69
35.75	88
34.86	154
35.68	22
34.36	79
36.27	86
34.45	85
35.38	89
35.25	91
35.57	126
34.97	32
35.59	57
36.89	161
36.69	51
36.16	73
36.26	94
32.7	94
35.34	77
36.8	81
35.65	102
34.02	72
34.76	74
35.06	80
35.39	17
34.07	96
33.86	92
35.28	26
33.55	148
33.8	96
34.06	56
34.65	127
34.54	52
34.19	61
35.07	48
35.67	51
35.67	51
35.57	53
35.04	48
35.88	64
34.42	77
34.58	32
33.83	122
34.63	75
34.65	116
35.11	74
31.72	27
35.37	85
34.93	70
34.56	84
34.51	75
33.51	83
34.81	51
35.03	92
36.12	63
36	70
36.36	61
34.24	92
36.77	48
35.9	52
35.54	62
36.27	96
36.04	70
33.3	164
34.91	21
35.66	55
34.82	14
36.79	60
35.46	68
34.65	89
34.49	79
34.57	91
33.05	95
34.3	91
34.28	63
33.91	67
34.11	96
34.34	61
35.04	69
33.14	86
34.23	85
37.43	39
33.12	69
34.73	88
34.75	39
34.76	83
34.35	35
34.4	79
34.4	79
33.07	91
34.87	81
34.35	77
33.12	96
33.95	96
33.94	12
37.1	66
34.39	40
35	53
35.68	86
33.94	74
35.7	68
33.3	67
34.99	64
35.49	49
36.19	67
35.24	65
35.03	87
36.47	86
36.55	68
33.56	95
35.59	89
35.63	82
35.22	68
37.07	84
36.37	52
35.67	119
36.18	62
34.78	64
37.01	20
33.44	10
34.91	76
34.15	88
36.21	77
35.48	96
33.69	24
35.25	79
33.22	32
34.21	79
35.45	95
34.54	95
35.67	68
33.73	58
35.95	120
35.56	48
36.17	81
36.05	85
36.71	89
36.41	64
35.86	47
35.86	74
100	0
35.03	89
35.57	78
35.82	111
34.17	82
35.63	89
36.11	66
36	81
34.53	84
33.28	94
33.19	92
35.82	105
36.85	108
35.23	74
37.43	78
36.53	99
38.31	67
35.38	81
34.75	152
37.25	72
35.55	90
35.47	73
35.37	51
37.71	63
36.07	105
34.8	72
35.84	89
37.83	59
34.35	96
35.82	157
36.25	88
35.2	89
32.92	92
32.86	90
34.44	72
33.26	53
35.08	88
32.98	93
35.13	95
34.54	92
33.2	92
34.81	81
33.26	87
34.18	53
33.74	70
34.6	75
35.18	96
34.39	89
34.42	77
35.31	39
33.77	76
35.05	66
34.45	96
34.58	81
35.29	81
36.53	115
33.76	33
35.29	81
34.61	16
34.05	95
34.94	91
35.22	86
32.75	75
35.19	68
36.61	77
35.19	119
33.72	96
35.14	81
35.48	72
34.88	171
34.68	94
33.59	95
35.14	81
36.13	80
33.31	11
35.65	69
34.29	55
34.61	81
35.22	62
35.2	116
36.36	36
34.31	165
33.53	66
34.01	46
32.2	86
34.71	116
32.14	93
35.5	82
35.17	94
32.42	44
34.54	67
35.31	86
34.35	84
35.25	91
34.97	127
34.44	81
33.83	94
36.71	96
33.65	86
36.63	52
34.84	91
36.34	89
34.08	52
33.85	93
35.94	104
33.79	170
36.54	63
34.79	155
33.69	171
33.79	77
33.03	89
35.71	100
35.14	119
37.04	114
36.75	82
35.01	95
36.05	40
36.5	73
35.17	93
32.43	92
35.83	85
34.44	53
35.63	90
36.04	68
34.31	80
35.19	67
34.47	84
34.43	77
36.68	123
36.05	95
33.01	5
34.5	92
34.18	95
36.11	78
36.54	71
34.27	95
34.98	74
34.54	49
35.89	80
34.66	75
33.74	159
35.8	84
34.67	85
36.21	59
35.43	36
35.15	56
35.07	96
34.78	98
35.62	83
33.77	91
35.46	135
35.73	110
35.79	54
34.8	62
35.1	130
34.69	86
34.97	91
33.97	33
35.42	56
35.53	81
35.59	81
33.96	95
33.62	86
35.78	65
34.03	73
33.51	95
34.61	81
35.43	82
34.61	39
36.1	80
34.96	70
35.01	138
35.38	48
34.78	85
34.05	66
33.98	43
35.92	58
33.76	92
32.58	33
34.27	83
35.47	61
35.46	86
35.45	117
33.74	86
35.12	86
34.17	66
35.08	130
33.97	33
35.42	56
35.53	81
35.22	81
33.96	95
32.87	91
34.51	84
37.09	53
34.18	11
35.63	80
34.97	83
36.55	71
35.65	90
36.06	41
36.26	75
37.87	71
35.26	114
35.3	104
34.39	95
35.67	84
35.87	95
35.19	30
35.46	59
35.23	71
36.49	95
36.22	67
35.73	74
36.32	111
36.09	11
36.68	84
33.91	78
36.34	114
37.25	67
36.82	63
38.15	75
36.49	96
35.49	71
35.36	61
39.75	31
35.83	4
35.32	81
36.69	88
36.85	73
36.38	123
35.88	154
36.61	78
36.23	84
34.05	75
33.58	87
33.84	66
35.02	75
35.6	82
35.78	74
35.82	118
33.76	87
34.64	61
35.15	65
33.58	60
33.14	88
35.36	89
33.55	94
34.12	91
34.97	21
34.07	94
33.5	96
35.49	89
36.19	75
35.59	66
34	77
34.89	57
33.57	95
34.61	71
36.06	96
33.07	95
33.89	88
35.5	67
36.01	47
33.8	91
35.25	74
35.71	96
34.38	25
36.43	94
34.94	91
36.37	102
35.31	90
36.33	38
32.91	158
35.2	94
34.75	55
34	64
33.57	83
34.65	107
36.14	68
34.57	89
34.42	171
32.48	93
36.63	70
35.93	66
35.7	76
34.77	64
35	16
36	63
35.28	64
36.32	77
35.63	75
34.62	96
37.13	30
36.67	130
35.43	60
34.94	103
36.81	48
36.39	68
34.12	58
36.63	61
35.77	87
36.53	58
36.35	54
35.1	71
34.83	160
36.46	131
35.65	90
34.15	87
34.49	75
35.42	88
33.77	64
34.3	76
50.81	1
35.46	86
35.95	157
35.29	76
36.21	66
36.96	108
36.64	75
35.51	92
34.28	54
36.4	80
37.31	29
38.72	55
38.76	45
36.66	95
37.12	95
35.73	80
35.96	120
36.16	56
35.43	76
36.16	92
35.54	89
36.29	102
33.58	73
35.92	67
35.01	53
36.99	65
34.87	73
36.39	109
37.33	47
34.45	94
35.91	29
36.03	46
36.52	36
36.93	130
36.45	95
35.42	90
37.65	89
34.81	87
36.63	84
36.24	59
35.52	59
35.65	86
36.85	70
35.51	35
34.42	73
35.51	57
35.88	79
36.56	56
34.95	92
35.55	129
36.54	93
37.97	73
34.39	85
36.71	64
37.76	62
36.88	68
36.33	172
36.97	59
36.81	62
36.97	169
34.27	73
34.61	77
35.21	40
34.15	150
36.4	130
37.13	70
34.41	83
35.7	90
34.81	38
33.1	87
35.69	89
35.13	71
37.08	51
35.67	88
36.83	170
35.95	96
37.91	83
36.96	52
35.17	38
35.23	164
34.75	96
34.28	96
35.81	86
34.97	70
35.23	69
33.2	96
32.86	61
36.51	51
32.56	91
35.87	38
35.75	138
37.43	87
35.88	113
36.01	92
36.36	22
34.76	81
35.99	55
35.93	95
34.58	71
36.86	65
39.22	21
34.52	88
33.78	95
33.26	93
36.39	37
34.84	81
35.29	88
34.82	95
34.39	90
34.89	76
35.34	29
38.03	65
34.78	83
35.81	78
37.81	71
37.14	72
38.1	43
36.29	26
36.36	76
36.91	92
34.72	96
34.58	90
34.36	19
32.65	87
34.5	88
36.02	92
35.36	145
34.49	169
35	92
34.3	63
33.62	58
33.28	92
32.19	78
33.02	111
32.95	33
36.27	89
31.41	24
33.69	28
32.79	91
34.84	72
33.32	75
32.82	96
36.25	74
34.25	84
36.52	76
34.75	48
34.7	90
36.14	84
34.98	37
33.08	86
35.23	81
35.68	83
34.48	59
35.86	50
35.71	91
34.32	58
35.91	84
35.1	53
36.51	38
36.21	82
33.29	57
33.36	71
32.25	91
33.48	76
34.28	69
33.68	74
35.64	88
34.72	151
34.26	75
34.64	143
34.51	87
36.61	52
35.26	35
35.34	46
34.79	61
34.03	63
34.25	63
35.52	142
34.83	74
33.79	62
38.01	28
37.82	87
38.16	80
36.27	81
35.83	80
38	74
35.08	73
37.12	74
34.68	84
36.39	67
34.66	33
34.98	45
35.86	37
37.05	119
35.06	110
34.96	67
34.26	83
34.98	35
33.68	87
32.84	90
33.4	83
35.53	89
35.07	87
33.21	93
33.56	68
32.5	12
34.02	92
35.27	94
33.82	106
34.86	86
33.48	93
34.92	87
34.29	86
34.5	86
34.11	71
35.47	94
33.12	91
32.04	92
33.87	91
33.82	86
34.01	63
33.84	76
35.99	72
34.01	89
35.1	82
35	84
35.03	96
35.3	51
34.28	85
34.66	87
34.99	61
33.51	101
34.39	94
32.76	80
34.98	88
35.59	86
34	45
36.97	72
33.97	66
35.84	43
34.77	63
34.06	93
33.74	71
34.97	83
33	89
34.81	81
35.22	86
35.81	81
35.5	93
33.64	87
32.25	90
35.14	72
34.99	91
34.31	136
35.71	83
33.43	85
34.62	54
34.75	40
33.91	81
36.16	85
33.88	70
33.35	75
36.87	86
34	86
33.09	83
33.23	91
35.56	75
34.05	72
33.76	56
36.47	89
35.01	82
34.39	165
36.87	55
34.2	172
35.75	86
35.87	80
35.57	87
34.64	62
34.02	46
33.92	69
32.41	81
33.91	96
33.93	84
33.89	72
34.02	69
32.78	89
31.68	18
34.63	46
34.32	94
35.05	84
34.49	57
34.27	53
35.52	64
34.14	62
35.05	83
32.78	88
34.89	114
34.7	126
34.26	80
34.37	129
35.8	71
35.33	80
36.15	81
33.21	82
34.33	86
36.03	90
34.66	72
35.48	59
35.98	82
37.97	50
36.79	151
36.63	33
35.14	78
34.32	94
36.14	74
36.92	55
35.93	64
36.96	68
36.8	81
34.27	90
36.3	56
33.75	72
34.75	53
35.32	47
35.77	93
34.25	90
35.27	71
34.26	85
36.07	57
33.91	89
34.31	93
36.16	75
33.89	68
34.88	84
34.6	41
36.34	95
35.64	90
33.93	27
33.18	81
33.85	72
34.73	54
33.72	96
34.48	80
35.05	86
35.27	90
35.5	89
35.9	77
34.02	86
35.45	137
35.81	69
33.74	86
34.48	82
32.98	78
35.06	86
34.94	91
33.88	33
35.29	41
35.72	81
35.32	81
34.41	14
33.02	88
34.62	93
34.43	79
34.49	84
35.74	83
34.26	71
35.93	85
34.55	85
35.96	49
35.44	93
35.91	51
35.93	158
36.66	99
37.27	96
36.47	89
34.84	9
36.21	96
37.24	75
34.53	74
35.35	107
33.62	60
34.15	73
36.41	53
33.32	68
36.09	85
35.43	96
36.43	90
34.72	132
36.02	69
34.26	70
34.76	43
35.83	57
35.54	96
36.11	62
35.81	89
35.7	73
36.17	111
36.54	81
36.87	65
38.07	78
33.54	27
35.85	88
34.72	93
32.81	52
35.05	81
34.64	71
36.8	47
34.39	93
34.75	75
35.02	38
35.02	62
33.72	73
35.65	71
34	92
36.32	84
33.62	31
34.39	64
34.38	71
33.49	84
34.79	50
38.95	49
34.27	143
36.89	77
36.2	95
34.75	95
35.88	90
35.83	159
35.98	88
36.03	88
37.35	62
33.12	72
33.11	75
34.46	79
35	144
34.57	72
35.05	33
34.6	85
34.3	141
35.71	38
33.26	35
35.55	62
35.38	115
34.63	69
34.33	95
35.58	74
34.97	130
34.44	70
32.28	95
34.52	41
35.43	80
36.78	80
36.18	78
36.9	61
36.03	140
37.15	77
36.31	47
37.19	60
37.61	65
38.77	91
37.66	99
36.52	67
32.97	68
35.35	40
34.19	63
34.3	67
35.44	90
34.94	76
33.81	94
34.9	84
34.76	86
36.12	38
36.09	16
33.73	41
33.33	96
34.3	81
36.5	91
37.1	89
33.95	93
32.39	17
34.93	55
35.26	63
35.06	66
35.3	60
34.35	79
33.74	52
35.66	99
34.05	98
35.72	106
33.18	71
33.68	60
35.47	82
35.29	30
34.62	83
34.8	120
36.4	91
35.35	90
33.13	34
36.38	40
35.49	39
34.53	119
34.38	94
34.27	82
35.5	69
35.28	95
34.97	69
34.33	94
34.69	66
34.73	34
36.06	88
33.66	79
35.69	91
34.7	60
33.53	34
34.59	90
34.33	77
33.5	87
33.59	64
33.97	96
34.73	95
33.71	78
35.34	57
33.47	37
35.34	45
34.54	95
33.48	64
34.41	87
32.74	96
34.04	73
34.34	53
32.66	70
35.68	77
37.47	166
36.57	96
35.25	92
35.38	115
37.69	67
35.84	93
37.37	43
38.03	30
34.9	94
35.15	72
33.96	96
35.93	38
32.53	77
34.42	78
35.09	93
34.81	140
32.64	54
34.65	66
34.1	33
36.52	98
34.8	150
35.21	42
36.52	98
35.8	92
34.86	82
34.79	85
36.52	98
36.07	84
35.36	89
37.46	75
36.68	79
33.92	90
35.58	96
35.29	61
36.24	82
35.82	81
35.34	82
34.84	95
36.14	55
33.74	89
37.22	92
33.88	85
35.07	94
35.24	64
35.22	91
34.81	68
35	76
33.85	65
33.4	28
34.62	26
34.18	67
33.89	63
35.78	67
36.03	150
35.12	89
34.06	84
34.74	86
35.48	97
33.98	92
35.38	60
37.44	71
36.25	62
35.61	91
37.31	70
36.95	110
36.41	82
37.46	83
37.69	53
35.88	65
35.68	68
34.27	70
35.85	63
35.58	77
35.98	72
35.26	75
33.32	101
34.01	75
36.85	75
35.24	118
33.73	85
32.35	6
35.21	93
31.98	93
35.12	84
34.07	88
34.96	79
33.97	22
33.48	66
32.66	69
34.9	85
34.75	94
34.28	92
33.81	93
37.5	85
33.73	90
35.49	78
36.18	170
34.97	44
35.8	88
33.85	76
34.36	70
32.51	95
34.92	88
40.23	39
34.5	105
33.81	32
33.56	72
35.36	87
34.63	161
38.35	52
36.64	89
37.2	44
35.4	88
36.3	83
34.18	58
37.86	56
36.54	90
35.99	82
36.56	74
34.18	90
34.53	94
34.45	76
35.43	73
35.53	93
36.27	85
34.71	77
32.43	88
34.44	27
35.18	91
34.73	83
35.33	35
34.77	77
35.64	81
34.88	87
34.62	91
35.88	68
36.59	89
35.37	72
34.32	90
35.06	77
33.9	91
32.49	78
33.65	71
35.79	86
34.31	94
34.8	40
35.52	86
34.56	84
34.67	89
34.35	81
36.44	82
34.61	79
36.02	90
35.81	71
34.96	95
33.84	8
34.48	88
36.94	41
35.12	73
34.68	96
36.01	39
35.18	50
34.89	91
35.71	122
34.17	64
36.17	69
35.24	89
34.73	95
34.36	160
36.39	59
36.98	72
36.22	54
35.95	78
35.47	48
38.54	72
35.04	75
36.4	103
36.11	61
38	65
35.53	86
35.38	43
35.63	59
33.1	8
35.38	77
34.68	87
33.96	60
34.35	156
34.41	50
34.62	87
33.91	94
36.51	72
35.09	73
33.34	30
33.09	95
34.15	83
34.4	106
34.8	89
35.3	87
33.82	87
34.73	94
35.35	85
35.58	71
32.85	91
35.6	94
33.84	73
33.34	92
33.57	80
35.89	58
34.88	75
35.77	69
34.09	39
35.05	154
35.44	87
35.01	86
35.99	78
35.47	96
33.66	90
35.84	67
34.18	19
34.4	105
36.03	82
36.15	64
34.89	77
35.02	48
35.53	90
33.6	82
34.87	55
35.69	116
35.74	63
38.89	77
38.44	59
35.89	94
37.46	59
36.34	116
36.64	74
35.34	135
35.98	69
37.05	56
35.77	85
36.42	58
34.34	77
34.55	13
35.89	77
36.77	66
36.38	80
36.87	138
36.88	75
35.2	111
35.18	53
34.76	86
34.17	88
38.22	24
37.2	54
36.9	67
36.19	91
35.75	67
34.62	87
35.51	84
35.87	78
35.49	38
34.32	91
34.75	92
36.55	87
34.81	33
34.34	89
35.01	171
36.34	26
34.93	93
35.9	89
33.85	82
34.64	81
34.17	117
34.67	72
32.45	80
35.14	87
33.37	83
36.25	51
32.86	84
35.33	30
34.75	74
34.56	76
34.91	73
34.6	72
35.32	78
35.89	69
34.17	48
35.31	36
34.94	93
34.78	84
32.75	58
33.76	85
34.06	47
34.82	84
33.44	58
36.08	70
35.29	95
35.2	79
34.93	127
33.17	48
34.49	89
33.76	86
35.21	80
34.5	74
35.09	86
36.05	86
34.8	65
35.99	134
35.65	96
33.36	92
35.09	61
34.13	118
34.63	40
33.64	38
35.01	95
35.5	94
35.7	91
34.24	94
35.44	90
37.75	67
34.94	60
35.64	90
33.5	64
34.91	69
36.94	93
36.43	88
37.05	74
35.7	91
34.82	82
33.82	93
34.42	80
34.47	80
34.7	79
34.11	94
34.74	64
35.16	40
36.51	67
35.08	35
34.23	89
34.75	94
35.06	82
33.93	170
34.58	52
33.73	54
32.82	84
35.83	70
34.06	51
35.17	88
34.51	90
36.5	44
34.64	79
33.83	63
35.03	94
35.05	121
32.87	60
35.5	85
35	40
34.29	92
33.95	57
35.5	75
35.37	61
32.84	94
34.53	64
35.57	70
34.59	40
33.09	92
34.99	98
35.25	79
33.23	78
33.99	114
38.74	136
36.15	107
37.16	75
35.74	90
38.07	67
37.7	78
36.08	71
35.22	164
54.78	1
37.1	69
35.85	108
35.63	79
37.01	52
36.95	165
35.46	164
35.79	91
35.09	77
35.6	84
36.29	89
35.74	58
34.8	67
35.36	65
33.16	92
35.18	94
35.59	94
35.27	62
35.13	120
33.84	40
34.04	36
34.78	50
35.1	91
36.24	69
36.2	47
34.9	44
36.33	95
37.25	96
35.84	168
36.68	64
36.48	140
38.74	80
33.47	89
33.37	85
33.27	94
33.62	71
33.21	94
35.39	104
35.7	80
33.85	79
36.44	39
34.91	96
34.87	90
35.38	61
34.41	79
33.9	40
34.38	72
35.38	96
35.76	48
35.05	56
34.69	65
34.34	60
32.15	45
34.66	59
34.63	87
34.61	94
34.39	33
33.84	81
33.47	77
33.11	65
33.49	85
34.82	76
34.66	61
36	89
34.87	55
34.26	84
33.02	92
35.28	88
36.3	100
34.49	53
34.58	55
34.09	105
35.57	87
36.37	75
35.23	88
35.68	69
37.47	48
34.06	64
35.89	86
35.64	96
35.92	72
38.64	51
38.38	35
35.49	71
34.86	92
35.2	88
32.68	13
37.38	60
36.23	60
34.23	95
35.76	78
35.07	161
34.5	80
35.43	96
35.53	95
33.9	89
34.43	70
35.3	59
33.28	87
33.31	49
34.94	75
37.18	45
31.06	91
33.5	84
34.4	90
35.12	77
33.42	46
34.21	61
35.47	58
33.44	87
33.62	69
35.34	83
34.79	56
34	71
33.55	91
33.73	76
33.81	50
35.95	88
33.38	82
33.87	71
34.15	87
36.33	86
33.44	84
35.23	93
35.32	111
34.43	95
34.49	95
33.66	88
33.02	54
34.87	87
35.28	86
35.79	88
33.4	5
35.08	84
35.07	86
36.32	59
35.25	68
34.07	24
34.08	159
34.13	28
34.26	77
35.51	133
34.06	69
36.82	86
34.6	96
34.66	50
33.71	83
32.91	76
34.27	82
33.04	89
32.56	11
31.87	85
35.18	85
35.55	50
34.52	69
35.21	89
33.55	82
33.83	87
34.13	91
33.29	91
36.43	59
35.4	86
33.94	160
35.25	157
32.54	88
35.21	66
34.35	93
34.46	148
34.18	81
35.5	86
35.38	84
35.07	93
36.02	86
34.03	34
32.76	29
32.86	87
33.59	96
34.5	88
34.39	87
34.81	95
32.28	84
35.28	47
34.37	80
34.03	78
33.05	39
36.29	62
34.99	36
33.62	95
33.58	94
34.39	64
35.36	136
35.5	68
34.96	66
34.75	149
33.23	92
35.22	69
34.26	60
33.87	67
34.42	84
34.48	94
34.89	59
33.72	92
35.09	81
37.29	168
37.35	88
36	51
37.25	76
35.45	71
36.58	69
35.64	82
37.44	75
35.73	86
37.11	80
37.34	83
33.27	92
38.17	64
35.75	57
35.6	92
36.03	92
35.66	95
37.75	79
37.62	90
35.58	91
34.47	93
35.01	89
33.4	85
33.53	94
35.09	89
34.83	93
33.69	78
35.41	86
33.16	93
34.64	64
33.95	95
33.56	87
34.92	87
33.89	83
33.04	90
35.12	86
34.31	84
35.63	67
35.05	73
35.52	59
36.54	60
36.22	77
35.8	89
34.76	65
35.32	95
36.37	52
34.6	73
35.02	89
34.96	85
34.87	88
36.37	135
35.95	151
31.67	96
34.08	140
35.9	75
34.34	44
34.55	73
32.8	40
34.55	88
35.43	95
33.96	73
33.11	31
36.01	86
36.2	81
34.81	94
34.33	96
33.62	68
33.35	85
33.63	96
35.67	93
34.54	118
34.55	13
37.08	93
36.06	99
34.48	31
35.14	93
36.6	90
35.44	146
35.09	94
34.82	13
33.61	90
34.68	84
33.99	74
34.69	93
34	83
34.05	67
35.07	43
34.31	38
34.06	38
34.2	44
34.48	119
36.59	49
34.26	84
33.84	87
33.6	132
34.71	80
36.18	64
35.04	85
35.07	96
35.7	58
36.69	59
36.6	91
36.34	63
35.21	92
33.89	87
35.21	92
36.57	79
35.05	87
35.94	67
35.76	86
34.93	76
34.68	86
36.83	88
32.16	77
33.02	16
32.23	67
31.47	92
32.5	92
31	9
35.67	42
35.09	123
34.12	90
34.33	78
35.14	94
33.31	92
34.27	70
34.33	142
35.41	73
31.96	29
34.22	40
34.47	90
36.53	112
32.81	81
34.32	76
34.64	111
34.62	104
32.21	92
33.16	49
32.94	61
35.56	76
35.99	55
34.68	100
33.78	199
34.08	105
36.83	51
35.15	88
36.12	94
33.34	64
33.75	209
32	108
34.92	97
35.29	140
36.02	61
35.15	88
33.82	103
33.8	130
33.64	98
35.32	61
35.09	108
33.4	97
35.83	93
34.63	182
33.3	99
34.12	90
34.46	96
35.09	108
36	92
35.32	95
36.5	65
32.9	107
33.83	96
35.05	88
33.98	83
34.57	72
33.09	107
35.18	108
33.87	101
34.17	107
33.75	108
33.43	93
33.43	93
34.04	75
33.76	103
33.83	91
34.29	106
33.38	66
34.5	83
33.57	86
34.8	83
34.36	65
33.39	107
33.62	94
32.87	106
34.49	82
33.5	60
33.38	97
36	47
35.22	96
33.23	94
33.6	102
35.18	87
33.51	102
34.73	107
34.56	99
35.93	83
33.56	99
34.01	100
36.45	79
32.11	102
34.25	97
32.77	100
37.28	74
33.99	85
35.37	72
34.08	102
34.09	81
33.7	103
33.64	107
34.19	103
35.79	84
35.26	87
35.97	84
32.26	97
35.14	74
33.97	102
34.5	103
33.02	75
33.14	96
33.14	96
33.78	93
37.2	83
34.98	93
34.93	97
34.97	93
34.82	107
34.52	91
34.81	77
34.71	100
35.01	58
36.26	79
34.92	68
35.74	97
34.75	88
36.96	38
35.87	56
36.01	73
36.22	70
35.58	97
34.47	97
35.75	5
35.14	97
35.29	98
34.25	99
36.5	97
37.36	80
34.5	94
34.66	108
33.48	108
34.17	94
35.92	95
34.62	89
34.99	106
35.45	165
35.36	98
34.88	108
35.44	66
34.12	88
35.59	98
35.01	195
35.84	87
34.26	91
36.59	140
34.46	101
34.61	21
35.37	90
31.8	108
35.85	70
33.87	102
35.09	97
34.7	107
33.41	78
33.34	93
33.81	100
33.8	82
34.67	92
35.06	106
32.51	108
34.5	77
32.8	94
33.58	98
33.85	95
35.43	79
33.82	104
36.87	83
33.27	88
33.62	99
34.67	108
35.48	88
34.23	102
33.71	96
35.16	42
34.66	64
35.76	95
34.44	80
34.8	73
33.63	53
34.8	67
33.85	99
35.13	106
33.87	104
34.45	93
35.5	62
35.62	85
33.07	87
33.43	105
33.85	84
34.17	55
34.55	72
33.58	94
33.55	216
32.51	40
32.47	106
35.52	85
33.7	42
35.81	42
34.68	91
35.61	70
34.74	40
34.66	105
34.6	99
35.14	112
35.62	63
35.14	79
35.83	95
35.44	106
35.83	86
34.89	73
33.25	108
32.92	86
34.83	81
34.97	71
36.05	93
34.08	86
34.71	99
34.08	36
33.28	101
34.42	94
34.43	107
33.03	92
33.55	94
36.34	68
32.54	105
32.76	105
31.76	92
35.14	72
33.21	100
33.43	100
33.79	165
34.06	53
34.29	152
34.69	103
33.82	96
34.72	77
33.41	102
32.66	106
33.42	99
32.55	106
35.13	65
32.6	106
34.31	93
33.57	188
34.04	94
34.45	102
33.27	108
33.79	92
34.32	69
34.73	87
32.25	6
34.27	86
33.75	208
36.35	78
36.69	79
35.25	91
35	97
35.1	97
34.62	106
33.2	96
32.86	83
33.12	87
33.16	108
33.3	188
34.3	95
33.73	53
35.49	64
33.99	104
32.76	103
36.4	51
34.47	69
34.6	107
33	98
35.79	79
33.41	102
35.35	64
33.62	88
33.26	106
36.13	98
35.43	106
32.76	98
34.96	197
