sim	len_diff
33.38	263
33.1	261
32.66	273
34.62	169
34.36	229
34.82	241
34.98	255
33.41	232
33.76	244
34.39	265
33.6	253
34.84	204
34.79	270
34.09	213
33.13	271
33.78	262
35.5	115
33.74	251
33.78	274
33.18	229
33.35	252
34.06	249
34.25	243
34.46	265
34.62	264
34.25	252
34.72	250
33.17	228
33.82	266
35.15	241
33.35	256
32.68	253
33.66	204
33.66	204
33.84	250
33.84	250
33.44	212
32.83	206
34.21	202
34.59	174
33.88	248
35.05	328
35.04	150
34.43	213
34.43	213
34.04	233
33.56	233
34.14	265
34.83	215
33.53	238
32.98	263
32	24
33.63	260
34.56	202
34.25	176
34.27	238
32.3	263
31.95	250
31.84	262
32.75	25
34.41	174
34.78	227
35.4	256
34.29	240
35.31	127
34.44	210
34.46	211
34.3	204
34.3	204
33.1	273
34.83	233
34.29	264
34.73	122
35.5	258
33.68	246
33.86	270
34.36	201
33.92	231
35.67	230
35.67	230
33.48	241
33.32	263
33.87	236
34.89	228
32.95	266
34.57	211
33.59	258
33.45	225
34.13	251
34.6	248
35.1	155
34.77	211
34.02	243
33.45	267
33.45	267
32.75	241
34.72	248
34.96	230
34.05	191
33.7	267
33.88	256
33.31	266
33.78	260
34.82	272
34.43	270
32.24	272
34.17	341
34.11	273
33.47	253
34.58	273
33.41	263
33.81	213
33.45	271
32.57	257
32.68	261
34.98	237
34.61	193
32.67	250
34.11	194
33.56	260
34.27	241
34.2	272
33.94	256
36.1	152
35.19	237
34.38	239
33.56	259
33.48	204
33.03	273
32.82	271
32.43	215
33.77	269
33.39	267
35.42	311
32.69	264
33.4	228
32.62	255
33.18	239
32.69	242
35.51	313
32.1	261
34.41	228
34.26	259
33.61	166
33.54	263
33.04	263
34.16	170
33.04	250
33.42	211
34.11	243
34.59	213
32.89	264
33.91	258
33.5	251
33.5	64
33.69	258
33.6	259
34.29	226
32.66	259
33.53	191
33.1	232
34.27	463
35.02	221
33.13	211
34.81	51
34.93	345
33.06	255
34.36	259
32.93	267
33.77	239
34	481
33.87	205
33.45	264
32.82	242
34.94	205
34.12	255
33.18	199
33.42	205
33.11	140
33.49	262
33.42	190
33.26	258
33.1	255
33.75	261
33.98	250
33.17	270
33.94	146
33.79	249
33.21	248
34.58	238
34.91	260
34.74	251
32.97	268
35.57	173
34.05	234
34.63	266
33.7	224
33	272
34.73	245
34.57	224
34.86	259
33.59	255
34.51	243
34.25	212
35.63	161
32.62	246
32.51	262
35.61	199
33.28	225
35.29	153
33.21	252
32.94	265
33.79	264
33.28	225
33.19	236
34.46	226
34.03	228
32.22	256
32.22	258
33.23	240
31.92	265
35.87	178
34.45	314
34.81	178
33.51	260
34.01	236
34.22	182
35.12	221
33.62	227
33.43	206
34.58	255
33.18	237
33.89	234
32.03	247
33.41	262
31.48	243
35.3	193
33.32	262
34.51	105
32.77	269
33.62	272
32.97	264
33.76	270
34.2	135
33	258
35.18	215
33.18	266
35.73	207
34.58	270
33.57	240
33.93	252
31.77	9
34.19	248
32.84	268
34.43	226
33.9	230
32.84	266
33.9	230
35	181
34.53	335
34.35	268
35.69	81
33.74	249
32.03	247
33.6	272
34.32	251
33.11	262
33.75	243
33.8	234
33.4	253
34.06	269
33.88	194
34.42	229
33.52	221
33.5	265
34.83	233
33.48	263
34.72	204
34.65	106
34.48	270
33.64	262
32.86	256
34.31	261
35.04	237
34.77	190
34.53	205
31.89	240
34.86	386
34.02	215
34.62	238
35.07	151
34.89	179
33.94	238
35.06	193
33.85	274
33.34	264
35.14	201
34.76	370
34.38	225
34.51	210
35.18	243
33.9	253
32.03	273
33.77	237
34.96	199
34.18	128
35.33	132
33.07	235
33.2	225
35.23	165
34.01	243
34.34	297
34.55	176
32.88	261
33.12	233
32.93	265
33.95	230
32.95	270
34.46	151
32.18	244
33.16	271
33.42	268
32.87	274
34.48	186
32.27	272
33.49	46
34.3	217
34.02	259
34.48	209
35.4	165
33	248
34.32	166
32.33	273
35.37	221
33.7	244
35.18	207
35.76	134
34.06	195
35.67	174
33.6	255
33.39	245
32.88	257
33.83	182
34.54	233
35.22	97
35.67	228
33.67	270
35.71	222
34.02	194
33.47	181
33.38	234
51.27	57
33.14	223
33.28	120
34.16	217
34.75	208
33.45	243
35.76	192
34.76	201
35.63	221
47.93	110
34.17	208
34.51	207
33.87	228
34.98	234
34.95	202
35.64	164
34.6	181
41.46	177
34.6	198
35.15	177
33.99	163
33.88	207
35.11	204
33.89	185
34.56	100
34.82	225
33.66	229
34.22	189
34.11	216
34.53	193
34.48	205
35.18	183
34.84	196
33.56	242
46.58	126
34.3	225
34.8	167
33.47	231
73.35	16
33.9	236
34.86	235
34.37	227
35.85	304
33.48	37
34.98	183
34.71	241
36.03	181
36.72	170
34.91	194
35.06	208
34.6	198
34.66	233
42.75	215
35.57	236
34.45	223
35.04	215
35	219
34.82	102
35.99	121
34.13	73
35.17	190
35.1	219
33.09	194
34.73	218
45	195
35.15	190
46.84	130
33.99	228
34.47	136
35.31	242
34.85	135
34.54	210
34.41	242
33.78	106
33.93	133
34.05	238
35.25	225
36.08	100
35.34	221
34.68	225
42.33	223
33.8	30
35.11	222
34.63	188
34.57	240
35.5	176
35.52	213
35.21	220
35.13	198
35.27	174
36.68	147
34	239
35	145
33.52	214
34.75	203
44.24	209
34.15	234
34.19	224
35.09	206
35.26	239
35.49	152
34.72	198
46.7	185
34.99	217
34.25	229
35.27	190
34.66	157
34.1	217
34.82	41
34.43	229
50.73	85
35.14	224
35.45	208
35.79	151
33.81	227
34.49	235
49.9	105
33.74	223
34.35	133
34.93	167
35.79	84
34.37	163
34.28	226
34.2	224
34.22	227
33.3	207
34.51	212
35.49	125
34.12	211
34.87	224
34.86	138
33.92	237
34.03	63
34.14	206
48.41	12
34.21	205
34.54	183
44.39	183
34.91	195
35.39	411
35.14	215
35.45	180
34.76	187
34.21	227
34.78	207
33.97	187
47.26	152
34.42	125
33.95	30
33.14	242
33.54	209
33.15	214
34.12	237
33.75	211
34.74	222
33.83	353
35.63	213
35.69	149
35.31	221
35.06	184
35.48	229
35.13	195
35.47	75
34.94	241
34.41	233
41.28	219
34.86	186
35.55	119
35.05	342
35.1	177
34.64	183
34.99	112
35.19	213
47.26	173
34.61	233
33.32	153
32.77	190
34.27	191
34.19	225
34.61	251
34.64	219
33.98	239
44.9	162
33.26	216
34.31	229
34.02	140
34.59	232
44.24	34
35.72	184
34.84	115
34.64	238
35.83	193
34.33	174
35.04	215
35.46	169
33.99	224
34.89	205
34.68	243
34.78	205
35.41	201
48.44	29
34.65	228
34.6	209
34.68	218
35.99	187
34.62	242
34.7	225
35.1	192
34.53	185
32.78	222
49.72	124
34.08	240
35.5	171
34.61	243
35.02	239
34.57	238
34.44	81
36.64	164
33.88	239
34.66	212
35.43	226
34.2	222
34.86	231
35.94	225
45.34	196
34.39	179
34.76	167
34.97	193
34.82	215
35.1	197
34.49	135
42.55	137
35.14	298
32.83	107
34.44	183
34.39	207
34.78	143
34.75	231
42.5	220
34.7	230
34.85	209
35.18	223
35.37	213
34.34	232
34.67	238
35.06	241
35.09	166
34.84	199
35.26	185
35.73	205
34.18	237
33.67	199
34.54	164
35.49	111
49.54	169
34.25	218
35.17	177
34.09	234
34.66	193
36.23	105
36.35	222
34.16	237
35.45	205
34.71	242
33.81	204
41.29	221
34.33	194
34.32	173
35.22	198
34.45	201
33.17	240
46.13	180
35.64	217
34.99	207
35.56	192
33.48	225
34.05	241
45.53	183
34.7	34
34.2	224
35.12	100
35.32	193
34.39	238
33.01	234
33.33	233
33.68	241
36.1	181
34.28	213
35.08	178
35.92	141
34.77	224
33.29	63
43.48	206
33.72	59
34.63	171
34.65	241
34.37	240
34.96	239
34.67	230
35.05	231
35.06	205
33.92	203
45.9	175
35.63	167
34.56	243
35	225
36	219
34.9	214
35.34	226
36.08	219
36.76	197
45.64	165
34.21	243
34.33	72
36.83	227
34.91	143
34.88	220
35.07	178
33.98	46
50.65	123
33.05	241
34.06	158
33.97	230
35.17	164
34.91	190
34.85	205
35.51	124
51.3	67
34.12	164
33.58	221
34.22	227
33.9	221
35.1	158
34.82	185
34.6	159
33.39	227
36.08	184
33.5	226
43.16	36
33.06	220
34.52	214
32.75	104
31.9	219
33.69	141
34.7	140
34.35	96
46.84	186
34.91	89
34.51	353
34.78	202
36.41	192
35.02	213
35.13	209
34.44	207
34.19	210
35.35	235
35.22	231
35.21	214
47.37	167
34.21	230
36.39	189
34.87	156
35.52	209
35.68	123
36.5	289
34.67	218
33.3	187
34.87	124
33.17	218
33.62	190
31.02	24
33.42	193
34.24	208
33.44	226
34.2	71
34.24	229
33.27	240
32.95	57
35.44	199
32.87	65
34.26	237
33.5	241
59.19	45
32.36	2
31.79	28
33.3	232
34.81	200
34.45	164
33.78	225
35.37	183
34.84	239
34.39	60
46.58	88
33.43	166
34.89	182
33.01	243
34.58	217
34.83	195
35.22	211
34.29	238
35.13	214
36.4	150
35.7	193
36.67	222
33.45	226
43.54	209
33.42	212
32.82	238
33.6	229
34.86	206
33.09	229
34.53	206
34.48	292
34.3	222
35.85	183
47.09	124
34.04	140
34.52	172
34.03	219
33.13	243
34.82	82
33.99	237
67.83	10
34.9	207
34.01	227
35.32	211
34.72	203
47.48	183
34.85	202
34.94	161
34.6	179
35.8	188
35.63	211
34.46	215
36.22	193
35.81	139
34.66	236
34.08	102
34.68	235
35.06	125
34.41	185
34.34	242
42.22	225
34.7	240
34.35	233
36.37	187
34.27	151
34.72	186
32.91	221
33.46	169
34.65	191
35.23	204
34.03	201
34.26	201
45.67	66
33.33	116
33.89	226
39.88	3
34.02	199
34.06	216
33.21	224
33.71	236
34.85	141
34.27	220
33.42	220
34.01	146
52.05	9
35.62	225
36.08	399
34.74	228
35.75	229
34.18	239
34.27	243
35.79	178
36.27	134
34.78	149
34.47	210
34.2	194
33.91	229
34.81	226
53.88	51
35.02	231
34.37	223
34.82	187
34.62	230
35.53	113
34.89	161
47.1	150
34.22	231
34.73	209
35.42	145
34.74	188
34.98	101
34.72	237
33.16	235
35.39	199
35.65	226
35.92	224
34	239
48.87	6
35.09	237
34.56	189
34.99	240
34.11	234
33.92	201
35.68	131
34.12	206
34.78	213
35.14	223
43.03	222
34.59	236
35.89	193
34.36	215
34.24	239
35.48	226
34.72	149
34.49	206
35.14	224
34.65	178
35.55	194
36.03	189
33.96	243
35.18	183
34.82	216
64.66	42
34.27	223
35.12	214
34.78	229
35.4	333
35.57	230
35.47	221
42.93	221
35.61	171
35.62	275
35.23	120
34.7	182
32.91	242
35.82	200
34.7	225
34.1	218
36.65	102
50.91	82
33.99	224
35.23	188
34.5	239
32.29	14
35.7	211
32.77	218
33.78	202
56.47	45
34.63	226
34.19	223
34.39	127
33.89	237
34.45	239
35.46	166
34.95	177
33.59	218
34.95	228
46.82	188
35.19	222
34.69	137
36.22	211
34.89	207
35.39	243
34.09	231
52.25	99
34.91	414
34.08	188
34.16	240
33.68	238
35.61	240
34.21	213
35.14	229
35.48	139
34.71	70
34.55	231
34.73	155
34.87	117
33.77	172
35.23	193
34.31	228
34.59	193
47.43	170
33.89	24
33.94	158
33.82	96
36.21	200
54.75	53
32.97	215
33.81	220
33.61	228
35.15	185
34.45	216
34.66	393
35.36	207
35.21	161
33.49	239
35.1	235
33.24	231
34.63	184
39.68	168
33.02	242
34.24	138
35.49	235
33.53	241
35.9	232
35.75	204
35.51	189
35.23	226
36.2	193
35.15	203
43.32	206
35.37	211
34.41	159
33.36	241
34.49	207
48.41	165
35.12	233
34.37	181
34.83	199
35.14	223
35.27	213
35.81	190
35.53	178
33.92	192
36.64	213
35.51	143
34.37	241
34.68	201
35.62	169
35.16	213
47.46	173
34.54	239
34.67	144
34.21	214
35.29	208
35.45	208
34.06	218
47.04	180
34.46	193
34.75	145
35.71	192
34.59	219
34.48	239
34.23	243
35.42	201
33.84	177
51.35	142
33.85	230
34.16	240
34.69	232
33.33	242
35.59	123
35.4	128
35.99	211
35.13	220
35.2	172
48.31	152
35.26	217
35.58	212
34.17	240
35.87	192
35.38	160
35.24	218
34.9	136
35.69	175
34.5	220
34.09	175
34.56	221
34.14	229
33.91	241
34.46	104
34.16	224
34.69	238
51.48	147
34.35	182
35.35	166
32.49	242
50.34	106
33.94	49
34.74	68
32.5	30
34.14	238
34.99	194
35.35	214
33.12	233
35.09	183
48.44	143
33.52	149
33.8	242
34.74	242
34.19	230
34.84	101
34.98	112
34.3	235
34.99	221
34.93	219
35.14	237
34.98	204
34.4	179
40.18	192
34.44	223
34.99	233
32.96	236
35.83	110
43.5	194
35.72	191
35.15	129
34.6	232
34.95	209
34.54	232
33.52	226
34.96	230
35.25	213
35	156
35.61	328
35.4	381
34.33	212
39.81	216
33.39	234
34.52	200
32.92	241
34.54	181
35.17	233
35.09	227
34.5	110
33.02	231
33.4	227
35.19	232
43.66	51
34.85	236
35.04	198
35.65	179
32.91	220
33.9	243
34.1	195
35.97	126
34.22	241
34.47	139
33.96	214
36.48	220
34.18	95
34.79	233
45.38	183
35.09	233
34.5	205
40.72	211
34.6	237
34.47	123
35.14	211
34.67	218
34.48	270
35.67	157
33.51	206
34.89	219
34.9	118
34.61	229
34.97	210
35.53	146
34.25	180
60.31	31
34.9	191
33.44	299
34.57	211
33.83	228
36.91	156
35.1	230
34.04	107
34.58	171
55.94	42
35.12	214
34.97	166
35.54	198
34.12	237
35.03	206
36	203
52.37	18
35.81	161
34.46	192
34.27	235
36.32	174
35.46	259
35.89	135
35.76	189
34.34	226
35.37	133
34.48	155
35.73	211
35.05	220
34.56	164
42.75	204
35.37	201
33.75	242
34.25	229
34.4	124
35.75	192
34.24	233
47.94	149
33.56	198
35.13	213
34.72	223
35.44	156
34.63	211
34.58	179
34.81	232
69.07	44
34.41	203
34.56	242
34.81	207
34.64	203
34.27	240
35.36	186
34.66	225
34.01	221
33.57	242
34.5	218
35.66	230
33.92	235
34.59	103
34.36	77
34.57	227
36.07	208
43.68	195
35.24	233
35.59	164
35.85	244
34.22	231
50.36	165
33.59	221
34.82	210
32.3	28
34.72	188
34.99	193
35.93	184
36.38	253
35.09	204
34.85	130
34.47	240
34.28	187
35.54	208
34.82	220
34.2	230
51.25	14
34.92	92
34.01	237
33.11	242
35.2	187
33.42	221
32.8	225
34.64	232
45.62	43
34.13	220
35.47	202
36.01	150
34.71	222
34.77	129
33.59	215
45.3	183
34.7	34
34.13	203
34.48	137
34.23	241
35.56	193
34.52	238
32.98	234
35.24	213
34.84	213
33.81	220
34.41	208
45.17	200
34.41	241
35.3	117
34.68	236
35.19	118
35.91	215
34.69	196
34.3	235
34.01	236
34	238
35.66	191
45.43	2
35.25	226
34.26	226
34.4	231
36.29	271
34.89	240
33.07	217
35.08	236
36.25	195
34.06	204
35.54	218
48.9	106
35.3	190
33.66	226
35.5	223
34.96	229
33.74	207
33.9	231
34.57	223
50.48	128
35.12	241
33	232
35.05	220
35.52	128
34.75	92
33.36	220
52.15	89
34.71	120
34.76	204
35.68	300
34.68	194
34.88	201
34.28	214
35.26	189
33.94	223
67.21	44
34.45	212
34.62	232
35.46	195
35.27	160
34.88	175
34.66	126
35.43	219
34.49	232
33.62	110
44.57	201
34.55	223
34.81	238
34.27	239
35.02	237
35.52	240
33.83	242
34.92	184
34.29	232
33.88	79
42.23	152
34.36	123
34.02	230
33.45	242
32.95	217
33.7	235
33.06	26
33.89	208
35.08	164
35.6	189
35.22	190
36.47	204
35.22	205
35.31	200
34.61	213
34.93	238
49.73	171
34.51	241
33.27	190
34.35	184
34.62	223
32.85	239
35	236
33.63	225
34.6	212
34.11	223
35.34	177
48.98	104
35.02	211
34.09	221
34.47	235
35.52	215
34.2	225
34.4	222
50.81	55
34.62	136
35.65	181
34.71	180
33.97	233
34.4	211
35.98	211
33.95	101
34.37	203
34.07	176
34.67	154
34.94	207
34.4	228
41.98	204
34.29	143
35.2	105
35.08	211
43.36	200
34.34	197
33.6	231
34.85	238
34.18	224
36.29	116
34.93	191
35.91	129
35.16	235
34.74	222
33.19	238
35.14	147
41.98	217
34.36	243
35.57	219
33.87	213
34.6	212
34.33	234
35.33	180
47.54	189
33.78	219
34.36	149
34.81	131
33.62	222
35.73	211
35.07	177
36.86	185
34.95	155
34.42	217
35.24	195
34.19	230
34.59	241
32.5	31
40.36	216
35.18	200
34.82	228
34.14	230
34.64	101
35.11	226
34.47	239
35.08	213
35.34	212
34.51	197
34.7	239
33.77	240
35.34	202
35.91	141
34.21	231
42.88	220
35.1	214
43.57	204
34.35	223
32.67	219
34.68	214
34.66	197
35.43	194
35.39	235
34.6	224
34.17	221
34.02	240
34.02	209
34.41	121
34.34	237
34.36	128
41.52	204
34.52	175
34.81	92
33.69	129
34.35	210
34.96	228
34.78	207
34.04	228
34.94	214
50.58	163
34.08	241
34.61	237
34.13	206
34.25	219
35.59	202
33.79	207
33.54	230
35.49	138
33.82	172
34.57	189
35.37	202
50.18	108
33.87	241
33.89	208
32.61	241
34.54	224
33.3	209
33.96	198
33.76	232
32.78	77
33.12	223
33.46	239
40.2	207
34.14	236
34.62	242
34.47	207
34.84	222
42.12	49
33.82	103
33.82	106
34.44	230
34.01	170
34.72	157
34	210
34.92	200
34.26	240
50.41	165
35.48	226
34.95	231
34.82	191
35.73	232
33.45	66
34.58	227
34.08	231
34.83	231
52.39	8
34.6	240
36.13	157
36.18	207
35.95	177
34.5	210
34.41	212
36.12	134
36.09	199
34.95	241
33.39	232
34.16	229
50.27	167
32.95	230
33.6	209
34.98	213
34.66	112
35.72	256
35.29	209
34.72	200
34.75	165
35.3	200
33.89	235
35.43	232
36.15	314
34.52	235
52.23	73
34.6	151
34.63	197
35.07	192
48.14	171
34.47	191
33.54	237
34.49	209
35.12	125
35.05	108
34.53	170
34.22	206
34.53	198
34.85	362
34.5	207
46.38	180
35.04	221
34.63	240
36.01	123
34.5	217
34.14	218
35.27	158
35.54	190
34.51	179
33.8	35
34.9	131
34.62	240
35.87	189
34.69	238
40.96	213
34.38	216
34.63	179
34.8	222
34.47	233
35.26	203
36.39	137
34.04	239
33.8	222
33.35	225
37.32	108
35.27	217
35.47	380
41.78	177
35.4	196
34.78	123
34.77	223
35	173
42.75	220
34.39	240
35.05	210
35.29	224
35.6	233
36.6	173
34.03	235
43.76	193
34.29	165
34.83	122
35.32	174
34.38	98
34.91	213
34.17	129
35.97	191
34.26	214
33.59	216
34.75	187
34.58	222
34.62	214
34.01	228
34.88	242
34.77	237
35.41	153
33.79	243
43.32	218
34.96	206
36.34	97
50.58	163
35.08	215
34.92	241
34.03	212
35.78	151
36.2	191
34.31	409
34.13	230
33.73	213
35.23	230
33.86	67
35.23	190
33.64	117
48.16	91
34.7	213
34.53	216
34.04	198
34.41	229
33.59	212
34.31	189
34.84	236
46.45	169
33.14	222
34.58	232
35.39	177
35.7	214
33.69	223
34.08	232
34.63	205
34.29	190
34.15	175
33.83	90
32.94	242
34.45	218
34.56	214
36.08	149
45.28	85
34.22	207
33.83	216
34.36	237
34.97	180
35.16	241
35.35	189
34.59	223
35.54	183
35.55	232
43.87	211
34.47	238
35.56	160
35.13	147
34.78	230
35.07	149
44.22	184
35.7	208
34.06	239
34.19	189
35.54	225
34.84	243
35.29	204
35.73	201
35.73	166
34.65	225
44.5	211
35.13	103
36.13	157
36.33	187
35.24	242
34.99	211
34.59	222
36.63	199
35.32	128
36.98	222
34.66	239
43.35	183
35.1	236
34.77	197
34.25	181
35.66	197
34.14	238
34.98	243
44.44	201
36.38	206
35.52	146
35.62	206
34.09	139
34.86	243
34.43	213
34.94	236
35.72	215
43.36	204
34.71	183
37.03	222
35.07	214
34.9	234
35.19	209
34.29	221
35.85	121
35.98	140
34.35	226
33.87	220
35.06	199
34.58	221
35.39	214
35.45	144
35.25	234
34.2	154
44.53	210
35.04	229
34.74	226
34.84	147
34.5	226
34.49	157
34.9	182
35.87	224
46.09	140
35.04	171
36.7	154
34.85	166
35.53	211
34.29	237
42.65	222
35.06	235
35.45	333
34.4	232
34.66	201
34.57	187
36.05	152
35.46	189
36.67	147
33.78	240
32.78	242
34.85	157
33.67	237
35.47	190
33.12	242
33.45	235
35.22	199
35.09	236
47.95	117
35.98	203
34.1	185
47.86	168
35.44	125
34.56	185
35.77	242
35.27	191
33.54	234
33.53	119
36.46	184
34.02	222
33.96	205
33.73	243
46.55	177
34.08	241
34.46	234
34.44	195
34.87	213
34.03	232
35.74	193
33.47	227
34.58	97
35.52	175
34.42	214
45.59	183
33.1	239
34.48	227
35.14	218
34.91	240
35.02	208
35.36	232
35.72	175
35.3	90
35.7	211
42.08	220
36.3	151
34.41	224
34.84	238
34.67	237
34.16	212
44.33	215
35.89	223
34.5	225
35.38	365
35.65	237
34.87	205
35.27	225
35.29	181
35.33	218
34.77	152
35.85	153
35.25	238
35.77	234
34.75	229
34.89	228
47.83	45
36.62	164
34.18	200
35.85	170
35.1	234
48.16	166
34.08	224
34.39	151
33.99	222
34.43	181
35.01	223
35.24	213
35.98	190
35.37	178
35.17	158
35.88	233
35.25	232
35.51	186
36.2	147
44.85	202
34.98	218
34.75	240
34.72	293
34.52	223
35.4	227
34.85	196
33.98	236
33.55	223
34.06	231
33.83	241
34.1	234
34.5	192
35.72	214
34.05	237
44.74	194
44.69	200
35	159
34.4	212
35.13	240
34.47	234
35.03	146
35.02	230
35	291
34.2	200
34.31	222
34.03	168
34.14	218
33.39	213
35.78	220
35.59	210
33.36	242
33.75	134
33.41	193
51.42	66
35.75	209
43.79	191
36.35	225
34.11	243
35.36	240
35.29	240
36.06	226
35.62	216
34.9	235
35.29	213
34.75	239
36.34	197
35.17	228
34.95	55
34.43	227
36.19	206
33.61	137
42.76	224
33.1	236
34.15	229
34.29	199
36	202
48.64	105
34.36	111
34.84	155
35	197
34.1	238
36.08	207
36.27	187
35.13	212
35.59	224
35.02	221
36.25	184
34.13	225
43.99	218
33.82	235
35.25	230
34.72	237
34.92	159
34.97	232
34.96	189
34.76	133
34.93	174
34.19	224
34.12	198
33.33	202
35.42	230
35.65	147
34.5	233
34.71	234
46.06	190
34.7	214
35.72	223
35.04	234
34.91	240
35.65	235
33.66	66
40.65	216
35.15	206
34.93	219
35.39	208
35.59	107
34.14	228
35.05	190
35.35	193
33.64	238
33.95	177
34.66	238
34.65	214
35.08	232
49.29	57
35.18	105
35.31	436
34.58	390
35.15	138
43.55	211
35.6	177
32.37	8
35.25	182
34.61	192
34.72	238
35.27	149
55.34	49
34.46	127
33.77	223
35.73	189
35.02	154
34.82	234
34.9	219
34.6	239
35.07	120
34.59	224
34.83	208
33.84	155
34.53	232
34.98	218
42.95	201
34.71	216
35.3	158
34.13	213
34.83	232
33.93	132
34.58	207
35.05	217
34.66	240
53.58	53
34.12	211
33.88	216
34.68	212
34.01	228
34.14	219
35.62	217
35.37	66
34.37	229
47.86	166
34.01	231
34.5	184
33.67	392
35.89	213
34.85	209
35.45	192
34.51	242
35.42	230
33.63	236
34.31	236
43.62	208
32.98	236
34.45	198
35.13	182
35.99	188
35.37	224
34.31	161
45.93	202
34.64	218
34.59	241
32.93	240
35.26	201
34.5	235
34.4	212
35.06	205
35.87	96
34.49	210
34.84	147
45.82	202
35.42	173
35.49	135
35.91	190
35.51	178
35.11	235
35.05	266
35.31	155
34.63	205
37.11	139
33.69	218
33.71	220
34.02	213
35.74	194
34.91	128
35.08	187
61.62	42
35.24	234
34.78	207
33.84	211
35.86	121
46.96	176
33.2	217
34.39	225
34.72	203
35.09	190
34.2	235
34.17	209
34.83	243
35.32	210
35.1	191
35.52	154
51.42	105
34.71	228
34.83	82
34.53	44
35.87	175
34.77	216
34.08	241
35.46	192
34.6	228
35.28	230
34.88	234
35.99	180
46.31	161
33.87	236
34.83	236
34.14	226
34.65	161
34.02	236
34.04	205
34.16	236
41.5	204
34.62	208
34.62	109
34.11	242
34.4	138
35.07	101
36.22	230
35.15	171
35.23	201
33.63	234
45.18	183
35.29	216
33.06	219
35.73	241
34.41	239
35.5	193
32.93	224
33.78	218
34.4	242
34.43	238
47.41	167
34.77	195
34.25	215
34.46	171
34.26	172
35.67	211
34.59	193
35.23	213
34.22	175
33.07	232
56.13	56
34.28	176
34.48	227
34.91	143
33.94	240
35.12	241
33.59	231
35.46	209
34.85	216
34.73	239
34.81	225
50.84	1
34.95	356
34.53	229
34.64	198
35.25	195
33.25	242
46.89	181
35.71	204
34.29	207
34.81	206
35.34	213
35.53	187
33.96	230
35.98	120
35.05	181
34.06	222
33.98	229
34.43	201
34.98	215
34.42	240
34.44	239
35.75	188
35.24	208
34.35	195
73.79	10
35.26	234
46.55	184
35.19	159
35.57	218
35.35	196
35.12	214
35.19	192
35.79	179
34.74	219
34.44	195
35.24	205
34.33	218
34.04	406
34.39	239
34.84	224
51.74	10
35.29	221
34.59	210
34.58	243
35.14	227
35.3	214
34.13	225
47.16	170
35.1	215
34.83	184
35.32	213
34.36	197
35.82	192
34.67	215
35.16	168
35.12	206
36.79	141
35.02	218
34.73	234
34.92	203
45.28	156
35.14	235
34.32	220
34.14	241
34.62	180
34.08	235
33.37	60
35.25	163
45.29	164
34.35	151
36.4	121
34.86	188
34.28	186
33.51	236
33.38	206
34.14	185
34.4	162
34.25	186
34.13	234
34.08	238
33.94	182
45.5	107
34.74	208
34.19	234
34.56	211
36.1	179
34.71	233
35.73	332
35.6	240
34.18	242
36.35	190
34.32	189
35.34	184
34.98	218
57.09	47
34.5	225
33.48	237
35.37	215
35.79	161
33.79	213
34.29	235
50.1	108
34.6	124
33.84	184
33.71	217
34.39	194
35.33	166
34.1	218
34.18	228
35.2	71
34.91	243
34.46	127
34.31	155
39.93	17
34.34	234
35.93	135
35.03	113
47.22	127
34.44	142
35.31	142
35.76	219
34.07	236
35.04	233
35.84	201
34.76	144
34.89	214
41.37	215
35.11	218
34.08	51
34.74	238
34.85	233
34.41	240
34.55	115
34.72	232
35.31	207
34.53	136
33.85	239
34.81	235
34.68	151
33.88	39
49.26	106
34.39	208
33.64	226
34.74	226
35.87	185
41.37	206
34.54	211
34.58	228
34.36	142
34.57	167
34.25	92
35.1	124
33.88	231
33.98	229
34.1	238
34.4	227
35.47	210
49.7	88
34.43	319
34.16	221
34.81	173
35.55	192
33.51	243
35.62	201
35.61	109
34.01	155
35.33	238
34.64	108
35.09	237
36	233
34.22	194
54.5	51
34.79	240
35.6	222
34.94	213
33.26	232
34.81	212
34.65	121
34.44	58
32.28	22
33.75	238
33.34	241
34.81	128
51.15	99
33.1	231
34.57	228
34.25	212
36.72	193
34.28	176
34.99	229
35.99	154
34.08	229
35.38	195
34.32	207
47.96	176
36.64	211
35.9	231
36.28	191
35.9	222
45.39	218
35.41	237
36.6	123
34.06	227
35.49	206
35.41	215
35.05	158
34.23	210
35.38	207
33.49	242
50.46	107
34.53	226
34.57	100
34.96	96
35.82	115
35.32	234
33.83	233
35.54	212
35.64	344
34.98	133
35.17	169
34.34	216
34.67	219
34.74	191
34.06	219
44.9	179
34.79	221
35.11	238
36.08	159
34.62	234
33.88	232
48.6	115
35.35	190
34.92	322
34.15	243
33.94	94
35.09	200
35.09	200
35.09	200
35.1	200
35.1	200
42.77	212
35.1	200
35.09	200
35.12	200
35.09	200
34.17	327
34.58	218
42.9	190
33.86	243
34.76	142
33.85	238
34.26	227
34.61	113
34.02	219
35.1	201
33.72	227
35.96	190
34.16	228
34.46	231
33.61	241
34.22	208
34.2	204
34.51	177
45.75	50
34.59	223
34.76	237
34.56	199
34.59	199
36.29	222
34.3	225
34.96	225
36.11	230
39.76	24
34.97	203
35.35	236
34.25	231
35.02	222
35.03	210
35.52	242
42.5	208
35.14	235
34.02	224
34.47	228
34.61	223
35.54	200
35.61	72
45.59	155
35.36	220
34.02	226
34.8	236
35.68	307
35.78	178
35	144
34.8	222
35.1	217
34.01	142
33.59	193
67.64	22
34.17	65
33.63	219
33.96	209
32.35	3
35.34	191
35.66	305
33.87	205
52.31	31
34.43	154
34.77	162
34.16	151
33.39	238
33.35	108
34.81	80
34.63	184
34.37	173
34.36	234
34.41	234
34.7	234
35.41	120
34.76	238
44.8	182
34.72	199
34.81	97
33.71	187
34.72	229
35.5	169
35.42	222
34.4	206
34.1	227
33.71	42
34.62	221
39.02	189
34.76	225
33.75	232
35	195
35.31	219
34.46	190
34.93	227
34.84	204
34.88	197
34.1	27
35.18	188
34.14	241
37.74	205
33.83	239
35.36	178
45.26	184
33.37	220
35.37	115
34.19	197
34.5	112
34.78	141
34.09	228
34.01	223
33.68	203
33.77	219
33.82	29
35.53	189
34.13	243
34.13	243
34.78	226
35.44	195
34.98	134
32.87	88
47	183
34.56	256
35.23	203
34.13	214
55.5	57
35.29	223
35.85	155
34.41	242
34.7	170
34.08	94
35.11	202
34.46	176
35.44	191
35.74	175
34.79	113
48.36	165
36.11	190
35.88	197
35.18	166
35.38	193
35.45	238
36.22	213
36.71	105
34.32	233
33.95	223
42.62	220
34.07	193
34.91	221
35.19	223
36.05	175
34.6	235
33.25	229
45.81	183
33.81	99
34.18	219
34.89	227
33.79	214
35.01	151
34.37	231
33.52	235
34.2	158
34.56	225
34.79	426
34.79	236
35.11	119
35.58	171
34.95	177
33.13	41
35.43	119
100	0
35.49	182
35.01	235
34.49	186
34.14	237
36.16	148
34	234
45.54	189
34.48	193
34.04	208
33.2	90
34.62	159
35.11	200
34.09	235
34.54	236
34.35	239
34.69	211
34.72	202
33.92	220
35.02	200
35.31	101
54.78	49
33.51	238
36.06	302
34.91	153
35.04	213
33.4	148
34.15	100
47.95	109
35.48	208
34.26	215
36.08	185
35.43	217
35.38	181
32.37	18
33	181
33.51	183
39.59	191
35.89	207
34.58	131
35.18	78
35.64	237
34.5	191
34.01	206
34.31	101
34.28	234
35.5	195
34.67	223
35.79	140
33.4	214
42.71	192
34	222
33.22	214
33.84	167
35.7	219
45.48	202
35.28	216
34.37	210
33.48	233
34.51	235
35.13	180
34.06	224
35.95	133
34.68	217
36.24	144
33.65	216
35.59	130
34.89	201
34.38	243
35.83	209
34.31	236
35.3	240
43.07	186
33.86	238
34.03	227
35.07	139
34.52	232
34.6	241
36.19	122
35.49	222
34.25	129
35.83	85
48.14	140
43.43	192
35.28	139
33.7	201
34.19	206
34.19	234
34.63	211
35.15	229
34.5	174
34.86	168
33.66	178
35.74	141
35.04	242
35.23	161
49.79	52
35.27	167
35.27	140
34.75	201
35.25	193
33.66	241
33.9	241
34.18	218
48.25	172
34.29	222
34.46	220
35.09	189
34.04	238
36.49	169
34.35	243
34.97	214
34.91	212
33.43	242
47.64	28
35.49	216
33.19	222
34.89	80
35.41	157
34.94	217
34.93	241
33.35	221
35.73	152
32.8	24
34.75	180
33.17	72
42.22	193
35.52	120
36.1	182
33.73	208
34.58	190
35.52	202
34.48	141
35.16	97
34.85	171
33.86	241
34.43	221
34.96	356
50.35	97
33.53	215
35.14	237
33.91	345
34.54	207
34.34	234
33.66	241
34.92	174
33.35	76
35.57	149
34.06	239
50.56	119
34.78	436
34.95	190
34.78	194
34.46	167
45.17	202
34.22	166
35.27	173
35.18	218
34.21	40
34.68	187
33.54	222
34.49	235
34.75	233
34.25	107
34.49	205
34.35	184
35.57	123
35.43	202
34.46	146
34.7	229
35.52	191
34.71	166
44.02	181
34.61	204
32.53	205
33.93	231
46.15	203
33.37	242
34.98	183
33.03	189
34.84	195
35.75	116
34.83	200
34.27	167
45.17	202
34.21	166
34.75	233
34.6	238
33.79	238
34.33	241
34.05	233
35.11	180
33.22	232
34.14	194
34.64	180
35.89	115
52.97	99
35.71	243
36.69	115
34.73	221
33.57	228
34	230
34.01	230
45.97	186
34.19	145
33.84	223
34.67	165
34.85	191
34.06	209
35.76	123
35.24	190
35.03	192
34.15	210
35.46	233
34.98	208
43.64	198
35.02	233
36.33	181
34.92	218
35.37	242
35.26	242
33.6	231
34.33	240
34.69	180
36.5	118
36.07	174
33.65	29
42.84	213
36.26	243
35.6	220
35.1	215
35.91	225
35.46	224
34.52	245
33.42	142
46.37	114
35	182
34.06	182
34.03	101
34.12	195
33.91	108
34.22	224
35.86	199
34.26	208
34.85	234
49.62	143
35.84	100
35.63	239
36.19	101
32.87	240
34.27	182
33.76	194
34.23	236
35.2	207
33.18	238
33.61	240
33.91	237
34.39	209
33.72	234
34.1	196
35.5	236
53.89	55
34.89	233
35.45	169
33.4	240
35.47	157
35.37	243
34.85	185
33.27	211
35.49	213
34.97	223
34.96	95
42.4	134
34.13	196
35.5	201
35.85	170
42.08	221
35.38	189
31.91	20
32.4	40
34.26	234
36.33	100
33.7	238
33.98	238
34.36	63
34.68	225
40.72	210
33.51	87
35.14	233
34.73	231
34.42	239
34.95	200
34.48	222
34.97	229
34.25	240
35.16	233
34.69	239
35.04	237
35.79	105
42.4	206
35.79	134
34.16	102
34.61	228
36.47	168
34.97	243
34.39	206
34.71	194
33.74	229
51.43	89
35.17	193
33.45	240
35.68	155
34.01	243
33.97	149
68.81	25
35.43	359
34.98	166
35.24	168
34.83	228
33.52	242
34.6	217
33.48	222
33.82	222
46.09	157
35.45	225
34.48	238
35.97	208
34.77	240
33.82	225
33.71	243
35.4	148
34.37	205
34.52	226
34.87	208
34.43	234
36.16	152
35.96	272
40.57	223
34.98	233
34.01	201
34.36	225
35.65	196
35.81	263
36.04	263
35.23	163
34.58	144
33.53	226
34.29	239
34.14	200
32.94	61
34.9	220
36.03	196
52.68	112
34.43	221
34.83	222
40.41	220
34.31	176
34.43	240
34.9	161
35.56	210
34.4	203
34.7	182
34.01	103
51.72	62
35.62	196
35.85	178
34.26	88
35.91	212
34.77	208
34.36	197
35.13	200
34.31	223
34.7	219
34.58	211
35	204
34.68	215
33.01	230
49.27	119
36.03	239
35.16	233
35.8	154
35.29	192
34.66	215
35.14	224
34.44	229
46.08	151
34.01	231
35.85	193
34.96	149
35.5	150
35.84	187
33.72	238
35.57	175
34.97	220
34.52	238
35.11	201
46.87	174
34.88	216
34.12	218
35.21	224
34.33	89
35.99	191
35.1	183
43.21	205
34.45	224
33.77	240
34.49	206
33.93	233
35.07	230
34.73	145
34.17	206
34.31	161
34.7	222
35.11	207
35.5	314
45.7	166
34.85	136
34.89	127
35.18	193
35.11	227
36.43	105
33.7	227
34.85	184
34.69	241
35.19	156
34.95	219
36.31	217
34.88	231
34.77	211
34.71	201
34.8	236
46.06	186
35.51	171
36.22	220
33.55	207
34.89	214
40.55	217
33.52	52
35.76	232
34.41	185
34.06	241
35.36	193
34.2	242
34.07	233
39.97	226
34.34	203
33.34	152
33.91	236
34.15	237
34.38	102
35.27	396
33.7	229
34.59	162
34.57	234
34.13	224
34.49	157
34.52	187
35.06	324
35.49	202
32.92	210
35.46	192
34.33	116
43.49	178
35.07	379
48.94	60
35.09	239
35.56	169
35.89	155
35.79	241
34.59	222
36.5	123
36.32	236
34.94	224
34.15	242
34	217
34.04	219
33.84	150
33.91	210
44.83	109
35.02	218
33.78	233
34.79	181
35.74	139
35.08	205
32.58	26
34.77	208
34.93	221
34.86	237
35.8	161
52.72	120
35.58	182
34.05	226
35.49	189
35.65	200
34.78	185
34.67	242
35.66	179
33.98	239
44.87	200
34.41	205
33.07	242
35.34	202
35.37	384
35.5	224
45.47	199
35	157
33.88	238
34.64	199
36.33	190
34.84	129
35.55	228
35.06	236
36.21	147
34.32	212
34.71	179
40.8	191
34.54	108
33.85	241
34.71	220
35.25	221
34.55	231
33.7	234
33.98	208
34.42	207
33.81	242
34.5	212
33.8	188
34.05	208
34.29	210
35.37	193
34.91	213
39.72	195
34.6	179
34.46	100
34.87	220
34.81	242
50.36	50
35.52	223
34.82	237
34.52	167
32.76	37
34.44	117
34.28	227
33.79	226
49.53	13
34.12	184
34.69	204
35.17	182
36.37	207
34.46	220
35.13	193
34.4	234
35.62	162
34.91	164
34.34	229
34.54	206
33.96	215
33.53	211
33.53	241
39.89	172
34.34	177
34.42	177
35.42	219
33.53	203
43.18	204
33.95	237
34.33	219
34.96	174
35.25	39
34.83	239
33.43	208
34.29	227
34.8	235
34.48	241
33.52	219
33.85	243
34.53	211
34.81	134
42.74	221
34.79	201
34.86	124
34.48	415
34.96	156
49.8	144
34.35	100
34.5	229
35.48	247
32.78	242
34.57	75
34.61	121
33.45	235
33.76	218
35.62	120
47.91	154
36.02	223
34.93	218
34.19	221
34.14	228
33.94	30
34.44	238
33.82	201
34.75	184
35.08	196
40.5	196
33.79	138
33.37	222
33.99	216
35.58	227
34.47	212
34.72	182
35.09	194
35.5	156
34.93	338
33.79	226
33.86	228
34.58	237
34.63	148
34.09	236
43.54	158
35.09	211
34.61	217
34.44	181
34.13	73
33.38	242
35.33	144
34.49	204
34.94	183
34.86	235
34.89	225
34.03	237
34.94	148
33.88	61
47.07	143
33.75	205
33.88	175
33.46	239
56.12	45
35.67	196
33.43	102
34.55	222
34.82	166
35.6	114
34.89	205
34.6	153
34.7	117
34.87	214
57.44	31
34.11	223
35.41	189
35.15	115
34.2	163
34.18	148
34.9	188
43	199
36.43	223
34.39	223
34.02	221
34.23	223
33.93	215
34.12	220
35.06	192
34.85	195
34.88	148
35.97	135
33.62	167
45.48	202
34.12	166
35.4	216
36.31	96
34.41	188
34.59	241
34.04	233
35.25	180
35.43	115
34.38	212
35.23	237
35.44	153
34.97	243
43	176
34.26	238
34.07	29
33.99	202
35.56	326
31.75	233
42.62	213
34.31	203
35.1	230
34.72	186
34.71	217
34.17	223
36.79	162
34.18	232
34.91	207
35.64	135
35.73	100
34.9	238
34.99	214
45.41	176
34.81	225
35.88	216
34.67	220
34.92	212
34.78	195
34.56	136
34.46	237
34.13	241
43.63	209
34.33	241
34.89	233
34.41	234
35.24	242
33.97	233
34.34	226
34.25	82
33.04	11
33.51	172
35.32	163
46.56	3
34.31	209
33.52	199
33.71	112
33.96	194
33.32	218
35.67	230
34	211
33.29	220
34.08	205
33.66	242
33.49	213
33.48	190
33.68	203
42.56	178
35.15	193
34.13	170
34.24	179
34.97	217
34.98	141
35.53	379
35.5	177
34.76	226
36.37	217
33.12	23
44.25	161
35.27	157
33.97	208
35.38	111
33.72	205
58.54	48
34.93	215
32.48	224
33.75	214
34.21	161
35.16	189
34.74	291
35.15	242
34.72	223
35	153
34.34	241
33.14	237
33.7	82
34.41	226
46.17	198
33.35	226
35.49	238
34.77	225
43.24	218
34.69	225
33.85	239
35.65	243
33.93	238
35.69	241
36	213
34.91	232
35.27	214
34.27	239
47.89	160
34.66	243
34.38	76
34.24	102
34.74	178
35.58	226
35.49	192
35.97	114
46.18	51
34.18	200
34.18	180
35.11	194
33.02	240
35.01	112
34.88	214
35.3	210
33.27	243
34.12	142
34.01	240
35.31	141
34.95	186
34.51	213
35.17	190
34.52	221
33.82	193
44.1	141
33.27	227
34.87	177
35.73	183
32.44	63
33.66	64
34.16	185
34.96	182
34.95	213
46.5	71
35.36	92
34.59	194
33.83	241
36.81	209
35.18	192
34.33	219
40.79	206
35.39	219
34.92	151
34.73	188
34.91	231
34.05	194
35.31	235
34.04	30
35.04	152
47.61	153
33.63	234
34.11	242
34.94	222
34.36	190
34.18	223
35.54	215
33.54	234
48.22	120
33.64	227
34.22	197
34.12	236
35.64	201
32.47	140
33.64	177
34.14	115
34.68	115
35.22	209
34.53	237
44.21	205
36.21	132
36.33	195
34.44	183
36.38	113
34.56	221
35.48	93
36.54	211
35.04	210
46.07	53
33.66	131
33.24	238
32.52	224
34.49	191
35.32	187
33.7	158
32.82	192
31.91	37
34	207
34.36	195
35.64	156
35.2	191
41.29	204
35.62	108
34.78	183
35.59	180
34.49	235
34.46	230
34.73	72
34.89	171
34.14	227
35.11	210
42.52	212
34.18	187
34.44	223
34.01	243
34.73	221
34.19	239
34.74	223
35.68	216
34.63	212
46.51	191
34.92	211
36.21	154
34.92	238
34.87	200
33.81	239
33.98	213
33.63	134
35.17	233
34.91	241
47.66	162
34.27	170
35.82	84
34.93	191
33.67	241
35.33	192
34.56	164
34.85	242
35.13	128
35.56	231
35.61	197
35.35	180
35.03	242
34.43	78
46.94	151
34.92	214
35.42	197
35.17	185
35.16	122
33.41	10
34.53	112
34.44	217
35.05	219
34	166
33.11	232
35.78	331
52.93	53
34.29	120
35.83	122
33.98	239
34.05	175
35.43	183
34.66	234
33.53	231
34.04	214
34.9	231
49.99	93
34.84	233
46.79	168
34.68	233
35.44	230
35.34	220
36.21	196
34.72	234
34.83	215
35.48	193
35.43	215
35.21	181
35.02	213
35.69	187
33.88	196
34.38	190
33.83	234
35.6	187
43.45	174
34.97	237
33.46	1
33.57	242
35.45	181
34.98	233
35.55	172
36.46	219
34.66	198
34.84	363
43.68	201
35.2	206
35.51	186
34.73	231
34.61	209
34.47	212
51.84	106
33.07	88
33.28	215
34.93	193
35.32	165
35.09	191
34.16	212
34.55	103
33.05	31
34.41	240
32.28	227
35.63	191
33.72	92
32.28	2
34.8	415
50.25	120
35.64	172
34.63	194
35.89	187
48.51	137
34.74	149
34.5	235
35.33	191
33.72	240
34.96	232
34.73	198
33.98	235
34.11	159
34.52	232
35	201
34.43	217
34.89	223
34.38	218
33.34	12
51.9	54
34.99	210
34.33	212
35.48	201
34.51	230
35.9	177
35.76	215
46.87	3
34.68	213
33.92	98
35.04	198
35.46	238
34.2	202
33.75	219
34.3	114
34.7	149
35.16	180
43.88	193
34.08	238
35.15	229
33.78	74
33.91	212
35.59	235
34.87	199
46.28	175
34.06	230
36.01	218
34.72	195
33.66	243
34.18	230
35.25	237
34.99	139
34.37	240
33.95	240
34.24	237
34.54	226
34.29	238
34.55	149
35.98	211
35.42	202
35.53	190
44.83	176
33.85	202
34.25	241
33.86	228
53.64	45
33.65	239
33.58	216
35.29	196
34.65	143
34.4	176
34.94	187
33.81	243
34.09	240
35	218
33.85	236
34.86	33
46.63	182
35.1	217
33.19	218
35.01	199
34.46	236
34.18	237
34.6	224
33.86	236
45.71	188
35.19	224
34.27	240
34.28	240
33.95	162
35.33	205
33.6	187
34.43	208
34.91	230
34.12	224
34.72	198
34.54	240
33.6	242
35.58	207
47.55	106
35.19	207
34.79	231
34	235
36.14	188
34.59	243
34.86	231
34.96	235
35.62	235
35.54	231
34.89	210
34.35	201
42.72	215
35.99	201
34.98	225
34.93	182
43.64	204
34.01	229
34.12	235
33.9	232
34.72	226
35.63	236
34.02	204
34.21	235
35.64	226
36.63	154
34.03	241
46.73	85
34.5	205
36.01	156
33.96	239
34.88	83
34.7	216
34.47	204
36.3	191
35.1	253
36.48	117
34.46	216
35.85	190
34.79	168
33.81	237
41.67	204
34.74	236
35.08	177
35.08	214
36.11	194
34.68	184
47.91	170
34.78	151
35.26	215
33.22	227
34.44	213
35.24	102
34.85	239
34.99	170
49.6	123
35.96	175
33.72	224
35.22	221
35.01	215
33.78	234
34.02	242
34.11	110
34.25	191
34.26	227
34.18	201
34	230
35.8	166
46.01	157
34.82	192
34.29	236
35.09	184
33.8	235
35.67	198
34.21	201
34.61	227
36.27	173
34.31	239
35.43	223
50.83	56
35.09	136
34.69	213
34.46	204
34.39	235
34.39	133
34.8	194
34.51	86
34.75	206
57.2	55
34.45	236
34.93	238
34.47	220
34.11	239
34.16	218
34.05	172
33.53	236
34.44	200
35.09	227
50.54	66
34.57	214
35.25	205
35.52	237
35.14	131
34.04	220
34.14	235
33.05	243
33.94	234
34.15	231
33.92	211
34.9	189
34.75	223
33.98	175
46.15	133
35.51	351
33.22	200
34.07	205
35.57	219
35.56	175
33.64	243
34.19	222
49.66	113
34.6	203
35.41	88
34.63	226
35.5	192
33.68	226
35.39	115
35.06	180
33.42	241
32.94	243
34.93	195
49.72	99
35.52	237
35.17	192
34.4	236
35.03	225
34.75	192
35.04	141
34.29	224
34.27	240
34.84	219
35.74	132
34.66	225
33.6	242
73.97	4
34.36	219
42.54	211
34.38	224
34.34	229
33.89	241
34.37	118
35.5	207
34.34	122
34.55	241
35.11	214
34.77	177
34.14	238
34.61	215
35.19	190
32.48	233
33.72	232
35.26	120
34.38	211
35.35	223
48.62	141
34.4	236
36.23	224
35.62	221
35.24	209
35.83	143
35.77	165
35.12	205
33.33	242
43.72	210
34.09	225
35.17	214
33.87	211
34.39	221
35.31	147
35.16	218
32.31	15
34.35	241
34.57	185
34.71	237
41.34	207
35.42	188
33.03	242
34.52	166
35.81	296
49.35	93
34.75	117
33.51	235
34.44	238
35.7	236
35.43	216
33.7	180
33.7	143
47.66	129
34.83	240
35.72	180
33.52	240
35.56	146
34.12	210
34.95	130
33.3	49
34.18	228
51.1	96
35.54	323
34.06	132
35.97	175
34.99	184
34.83	128
33.59	93
33.42	237
34.12	232
34.65	235
48.38	175
35.17	226
34.75	182
34.56	201
35.58	113
35.65	139
35.24	219
35.27	234
35.08	206
34.73	193
32.96	230
34.88	146
35.42	86
36.02	157
34.01	88
34.12	137
34.05	143
32.15	30
33.95	237
34.82	143
52.47	86
34.39	221
34.18	205
34.39	215
34.85	234
33.32	235
33.74	230
35.37	100
35.58	221
34.48	97
48.02	149
33.46	215
35.15	184
33.6	225
35.14	191
34.96	210
34.64	212
35.92	158
34.87	221
46.08	178
35.57	190
34.71	229
35.26	213
34.4	227
33.6	242
34.3	200
35.37	150
36.04	120
35.76	221
36.1	156
35.08	223
34.74	243
47.87	171
35.24	365
36.3	87
33.94	226
33.69	229
34.35	212
33.89	233
34.35	191
35.07	155
34.9	211
45.96	174
36.31	214
34.65	163
33.72	243
35.91	196
33.83	213
35.02	221
33.95	209
46.8	177
34.12	154
33.54	204
33.39	243
34.44	234
35.65	217
32.78	44
34.45	108
35.56	192
34.55	209
34.86	198
34.4	223
45.6	183
35.34	114
34.76	229
34.19	237
35.48	168
35.84	201
34.23	201
35.33	242
43.38	195
35.31	210
35.14	169
34.27	160
34.3	236
32.86	243
34.71	240
33.91	208
34.6	229
34.14	198
34.7	136
48.14	164
33.88	167
34.65	149
34.64	179
35.81	162
34.27	236
34.9	194
32.84	228
33.87	207
33.51	237
33.91	237
34.15	171
35.61	369
50.75	58
34.29	182
34.42	243
35.5	125
35.8	193
34.98	229
35.57	211
32.18	242
34.29	112
44.11	192
35.04	229
32.62	242
35.74	189
34.44	221
34.37	236
33.95	237
35.53	177
35.81	232
34.87	219
36.41	144
35.46	224
43.58	205
34.91	230
34.91	114
35.03	212
35.04	222
36.14	163
36.43	209
34.67	222
35.11	151
33.04	241
42.61	220
35.25	184
35.09	349
34.71	131
48.58	166
34.79	187
33.49	241
35.52	211
33.81	227
33.29	224
34.08	228
33.85	237
33.63	206
35.34	152
44.25	187
34.04	196
34.3	175
33.38	59
34.62	239
34.4	159
34.81	208
33.68	205
34.39	195
33.76	120
35.07	225
34.97	218
34.37	224
35.4	223
35.28	240
36.55	221
42.77	200
35.21	163
35.16	159
34.65	236
55.54	44
33.76	215
33.15	232
35.52	191
34.85	228
34.56	172
34.14	221
34.59	232
33.99	219
34.74	221
35.5	175
35.3	68
32.8	234
32.46	240
34.45	213
34.17	95
34.47	202
46.11	125
32.88	238
33.52	207
33.4	206
33.94	229
35.41	214
40.01	216
34.02	171
35.36	164
34.78	217
34.64	203
35.77	112
34.52	196
34.67	236
52.34	76
34.88	184
34.32	235
34.89	225
35.01	209
34.49	238
33.3	233
33.78	239
34.39	242
38.68	229
35.05	75
34.73	214
33.66	225
34.07	239
33.83	26
34.93	94
33.92	227
35.57	204
34.6	226
34.73	190
35.09	172
34.26	232
34.41	121
35.33	193
38.76	165
34.61	204
35.31	186
34.96	193
35.49	185
35.09	145
34.77	197
37.43	191
32.22	232
34.2	157
34.91	287
33.62	228
34.4	287
33.74	189
33.56	242
33.83	223
35.24	230
33.05	241
35.42	207
33.78	238
35.44	155
34.88	187
35.22	238
34.66	160
52.07	54
35.28	156
33.12	207
33.99	163
33.85	227
34.72	167
33.34	223
51.17	59
34.41	240
33.58	209
35.01	206
34.89	207
33.98	274
33.31	269
34.2	87
33.46	238
34.73	239
32.89	272
34.09	268
33.35	266
35.22	241
33.88	232
33.66	259
35.65	189
32.32	274
33.82	264
33.04	258
34.24	227
33.32	258
33.66	259
33.06	263
33.28	235
34.12	212
32.88	274
33.21	274
32.35	259
33.9	247
34.43	270
32.74	260
34.84	111
33.89	158
34.89	262
32.03	259
33.55	240
34.3	216
33.55	241
33.93	233
33.03	259
33.85	240
34.52	472
34.59	205
34.56	141
32.98	265
33.04	274
33.43	231
33.48	249
34.17	175
32.72	274
33.25	262
34.36	234
32.95	268
33.42	228
34.05	243
32.18	238
32.66	252
31.72	256
36.73	209
33.48	489
33.04	228
33.34	101
34.31	248
34.26	199
34.26	199
34.77	203
34.04	265
34.15	122
34.86	385
35.48	196
34.52	219
35	153
34.04	250
33.58	251
33.64	251
33.49	265
36.21	159
35.31	224
33.38	422
33.86	239
34.46	236
33.37	179
34.27	261
34.04	234
35.11	197
34.28	185
33.35	204
33.85	251
34.16	181
34.87	192
33.06	257
33.79	242
35	132
33.8	241
32.74	272
33.52	251
35.33	154
34.44	210
34	257
33.86	198
33.97	222
36.11	213
33.87	260
32.81	202
31.13	273
34.72	220
32.64	258
32.93	273
34.52	203
33.67	214
34.15	198
34.28	269
33.83	217
33.37	210
33.93	224
34.02	230
34.01	162
33.6	206
36.43	127
33.43	234
32.53	250
33.13	255
34.19	246
33.76	218
32.56	250
34.48	237
32.51	271
32.67	271
34.16	247
32.75	270
33.05	264
33.56	220
33.07	255
34.11	193
34.05	233
36.15	187
33.13	95
35.91	165
34.73	273
33.68	263
33.81	247
34.41	242
33.85	191
34.51	261
36.39	153
34.03	249
34.05	259
34.1	260
33.62	119
34.24	222
32.95	250
33.46	262
34.32	259
34.12	33
35.01	306
33.81	264
33.84	134
33.69	269
33.62	243
33.29	268
34.31	274
33.73	201
33.45	273
34.5	183
32.83	232
33.97	261
35.24	200
34.3	271
32.97	268
34.39	81
33.36	222
34.85	240
33.47	219
34.77	227
34.1	267
33.56	267
34.21	165
32.36	268
33.4	241
33.47	261
34.49	209
34.21	267
33.98	411
35.61	198
34.05	241
33.38	263
33.61	230
34.8	153
34.87	314
33.56	248
32.05	271
33.31	262
34.12	265
34.03	130
32.7	270
33.6	233
33.92	255
34.24	383
34.6	185
34.2	255
33.44	101
35.2	221
34.31	234
33.57	245
32.14	258
33.61	268
34.29	171
33.12	273
34.85	78
34.63	233
32.59	254
32.72	274
34.49	127
34.11	166
33.86	229
35.62	205
33.62	209
33.93	76
35.71	296
32.19	254
33.02	242
33.62	245
34.32	238
33.31	251
34.06	329
34.29	317
34.59	260
33.04	231
33.04	231
33.98	138
34.61	185
33.81	180
33.52	38
34.15	235
32.7	246
32.91	262
34.89	210
33.75	156
33.22	220
34.75	203
33.87	244
33	251
34.15	260
34.08	257
34.33	237
35.03	241
35.84	166
32.81	273
34.29	223
33.74	261
34.13	256
33.77	254
34.34	211
35.96	167
33.2	86
34.15	247
33.83	235
33.56	256
33.46	271
32.93	272
34.3	239
35.07	225
34.08	318
35.65	168
34.53	225
34.61	233
33.49	239
34.79	264
35.14	240
