sim	len_diff
35.34	94
34.49	57
35.36	135
34.41	76
34.04	34
33.7	170
37.33	83
34.51	43
35.33	86
35.38	111
35.8	114
34.36	132
33.99	31
34.83	60
33.39	156
33.92	105
32.85	87
33.77	71
32.69	92
32.49	92
32.47	83
32.46	92
34.71	61
34.45	76
34.81	169
34.44	108
34.79	85
37.15	66
34.16	51
32.76	53
32.89	92
34.53	90
32.02	67
34.51	74
32.48	156
33.94	87
33.45	92
33.82	145
33.8	88
34	71
34.21	57
33.73	60
33.79	92
34.61	100
35.2	86
34.13	52
34.13	52
33.13	75
34.41	60
33.4	83
36.85	54
34.65	57
33.05	91
33.33	95
33.33	95
32.43	83
36.73	63
33.06	95
34.07	62
34.55	57
34.26	132
34.6	75
34.86	16
32.6	93
34.68	93
33.84	97
36.18	62
32.46	22
33.82	87
33.88	90
33.21	24
33.26	182
35.98	56
34.09	69
33.35	78
33.35	78
32.92	90
33.24	183
33.24	183
34.25	139
34.73	52
33.34	93
32.13	93
33	92
32.64	81
34.46	82
35.39	69
32.36	80
34.04	83
33.03	85
32.91	182
33.48	149
34.07	148
35.63	30
33.55	84
33.92	27
32.97	78
33.43	71
34.8	32
34.39	81
33.51	168
36.23	76
36.32	56
32.18	74
32.22	95
33.25	77
33.75	54
34.15	154
32.41	88
33.54	92
34.48	66
33.83	63
34.49	170
34.07	92
35	76
34.52	85
34.35	145
32.57	92
36.83	47
33.24	93
34.95	15
32.08	44
35.08	72
34.72	86
35.95	68
37	67
34.56	87
35.25	81
34.23	147
33.65	76
32.84	91
31.95	95
33.26	92
35.04	62
31.12	93
32.34	81
34.63	77
34.52	77
33.49	167
33.56	61
32.35	95
34.74	77
35.07	54
32.46	146
34.84	56
34.88	77
33.1	40
34.93	105
34.5	79
36.62	61
33.37	92
33.18	40
33.81	88
34.67	77
31.46	85
33.48	87
33.93	87
32.7	94
32.84	91
33.4	87
32.26	61
34.29	72
34.12	12
33.63	65
33.09	83
33.8	87
34.78	21
33.26	65
34.14	94
32.49	85
32.18	85
34.45	59
34.48	21
33.8	59
34.6	94
33.06	95
32.54	143
33.56	87
34.67	77
33.72	51
32.27	76
33.35	188
34.57	73
32.74	41
34.07	93
33.76	147
35.45	72
33.59	171
34	79
35.96	69
36.23	52
33.71	81
34.72	81
34.38	75
32.67	93
34.52	85
32.54	84
34.4	95
31.99	92
33.37	80
33.14	150
34.96	27
33.68	187
34.58	82
35.85	25
32.61	88
34.91	124
34.62	83
34.03	88
35.04	83
32.19	91
33.55	60
33.97	89
33.98	76
31.87	91
35.77	75
33.28	71
34.2	82
32.82	94
34.75	82
34.8	84
34.03	82
34.71	84
33.08	91
33.2	80
34.32	51
31.98	95
34.13	74
33.95	123
32.5	94
32.43	94
33.02	76
34.41	82
33.48	76
33.4	95
33.54	90
34.88	55
33.27	77
30.87	85
33.9	70
33.95	40
33.54	59
33.86	83
32.62	86
33.6	89
35.54	85
34.2	95
35.21	47
33.86	95
33.16	74
34.86	64
32.95	94
34.46	86
34.12	86
32.8	85
33.46	95
32.8	85
32.66	94
34.89	82
30.79	95
32.66	94
31.64	87
32.73	81
32.8	85
35.16	86
31.84	95
31.24	92
34.07	66
33.61	85
33.3	90
33.71	132
33.41	75
35.05	50
34.33	156
32.11	34
34.05	80
35.04	107
33.37	83
33.23	87
35.44	75
34.42	76
33.57	64
36.48	47
32.94	87
35.11	97
35.1	75
34.69	84
35.59	76
34.41	60
33.11	76
32.94	8
34.67	94
34.79	168
33.4	84
33.61	82
33.01	181
32.94	92
34.22	141
34.32	85
32.8	156
32.45	89
33.89	50
31.96	66
34.82	123
34.76	91
33.36	89
31.34	88
33.17	90
34.26	59
35.03	53
33.09	94
33.52	144
33.5	92
34.18	88
35.74	82
33.26	76
33.62	92
33.65	65
32.9	74
33.54	91
34.38	24
34.56	103
33.08	70
33.67	69
31.54	91
33.52	87
34.93	76
34.16	64
35.03	88
32.72	93
32.02	94
34.36	89
33.42	40
33.58	29
33.11	72
32.4	95
32.77	89
34.14	88
34.09	71
32.45	72
34.47	49
35.03	71
34.72	111
32.4	94
32.68	71
33.85	125
34.96	37
33.76	90
35.15	72
33.81	54
33.27	34
35.05	79
33.61	123
32.73	53
36.08	81
42.43	38
34.95	77
33.79	61
34.48	60
33.14	43
34.05	66
43.33	36
35.46	99
36.19	48
34.96	72
34.38	135
34.95	66
33.96	46
35.1	63
37.1	64
32.84	64
32.52	8
35.04	118
40.12	49
35.45	32
33.69	62
32.99	21
34.94	113
35.09	150
34.69	139
33.91	83
34.73	73
33.45	39
33.93	126
33.72	108
33.91	121
33.93	127
40.88	37
35.27	136
33.59	43
34.67	79
41.56	138
33.73	76
32.75	82
32.55	78
34.49	79
35.01	59
34.43	117
35.78	64
34.16	82
35.06	94
34.67	84
35.82	73
40.46	7
35.04	69
34.64	82
36.69	76
37.31	23
35.91	82
36.57	40
32.92	80
33.82	152
33.27	18
34.4	96
35.4	67
32.09	79
35.27	55
35.36	77
45.68	36
35.09	50
34.1	61
32.96	60
33.04	48
41.75	40
33.7	63
34.17	115
33.39	60
34.36	31
33.27	42
34.17	76
34.75	88
35.16	52
33.16	83
35.04	144
35.77	36
34.86	20
34.1	88
35.68	64
35.8	34
35.34	42
33.62	20
34.59	76
35.42	66
33.85	19
35.87	73
33.92	78
33.59	77
41.57	28
35.64	80
33.45	30
33.52	81
34.49	66
37.39	55
34.74	70
43.21	39
35.46	64
34.11	147
37.21	64
34.4	70
35.11	44
34.06	68
34.7	72
36.66	72
33.84	13
42.17	2
35.49	67
34.87	84
36.4	75
35.73	79
35.12	67
32.93	36
33.49	82
34.79	58
34.98	68
32.84	40
32.76	77
34.38	145
34.44	27
31.58	7
34.38	109
33.25	80
35.17	68
35.35	93
35.29	34
34.48	117
32.24	80
34	115
34.67	84
33.01	93
33.72	42
34.52	140
34.61	113
34.53	133
36.12	61
34.87	80
33.06	152
34.93	41
34.75	83
32.73	149
35.83	37
41.24	34
36.71	63
35.82	66
33.32	78
33.93	56
34.49	68
34.03	71
34.78	57
34.99	135
35.02	82
34.43	65
35.31	80
35.35	78
34.28	85
34.79	136
35.45	66
37.09	30
33.43	74
34.15	118
34.35	72
33.37	76
36.18	63
33.47	47
35.93	82
35.45	69
36.75	77
43.24	30
33.33	32
33.31	81
34.16	110
33.83	64
35.29	72
33.42	72
33.77	99
33.3	47
33.84	133
40.64	38
34.54	75
34.65	54
32.92	47
34.49	73
34.41	82
33.88	81
34	126
34.84	152
35.28	78
34.66	74
35.83	137
35.12	50
34.09	119
35.72	95
36.22	62
35.15	85
34.16	56
34.6	129
34.14	22
36.51	84
33.87	14
33.31	68
34.1	136
34.55	119
33.35	72
41.01	27
34.16	150
34.82	54
33.49	25
33.71	67
35.56	83
35.95	69
35.73	73
36.36	102
34.84	68
32.12	73
33.21	80
41.04	6
34.95	43
34.56	80
36.33	70
34.43	34
34.97	77
35.13	70
33.47	78
35.4	83
33.68	82
35.21	75
40.85	35
35.86	107
36.83	64
35.07	75
35.03	53
32.53	84
35.87	78
34.16	60
36.39	55
36.06	69
36.78	43
34.7	77
33.18	69
36.31	57
34.48	85
31.73	84
33.54	52
34.03	81
37	78
34.97	64
37.27	71
35.89	39
34.79	49
35.39	82
41.6	32
34.94	75
33.55	38
34.72	53
35.04	74
34.61	29
34.48	140
34.2	35
34.38	80
34.64	39
33.62	84
35.35	78
33.42	149
36.05	26
40.85	33
33.19	79
32.55	137
34.15	80
34.97	81
36.33	76
33.12	82
40.78	38
34.32	75
33.42	134
36.82	59
34.7	64
35.07	90
34.11	143
35.12	80
35.38	77
33.78	49
35.37	60
35.75	68
35.33	41
32.64	79
34.07	80
35.51	134
38.35	35
34.97	79
34.92	84
34.57	145
35.28	62
34.83	82
36	83
35.27	57
36.24	49
35.14	70
34.84	12
35.03	83
36.04	51
35.09	129
32.64	73
33.93	70
35.85	81
35.07	122
37.25	68
36.09	81
35.35	37
36.9	82
36.84	61
34.25	79
33.87	61
41.48	34
33.85	72
32.2	68
34.76	75
33.82	73
34.2	76
35.91	68
34.39	59
36.68	66
35.51	30
35	53
34.93	80
33.33	84
35.68	74
42.72	36
34.23	66
36.45	74
34.87	50
31.58	15
31.16	11
31.09	11
32.85	30
35.72	17
36.12	27
31.09	11
36.28	26
34.52	75
31.09	11
35.84	69
47.8	33
31.19	4
33.67	66
33.35	63
35.79	109
34.1	45
37.27	70
32.25	15
35.17	69
33.33	60
35.95	40
34.59	151
37.66	61
43.15	39
37.39	58
34.03	76
34.12	81
34.36	64
35.1	82
34.72	17
32.9	34
33.38	71
33.46	71
33.34	64
33.26	47
33.01	96
34.85	71
34.52	62
34.35	52
33.05	55
33.31	47
31.26	13
34.05	25
32.87	104
34.4	120
33.71	126
34.6	45
32.53	75
43.61	30
33.15	55
35.36	83
32.6	47
35.69	61
32.87	84
33.96	71
34.2	52
34.91	81
35.34	64
36.02	76
32.97	76
35.82	73
34.93	49
36.02	60
36.37	82
33.92	73
34.24	82
35.23	83
35.12	77
33.86	81
40.83	17
33.34	99
32.13	81
31.12	1
35.51	43
34.27	73
33.46	48
32.6	45
36.39	62
33.9	109
35.7	34
36.19	67
34.6	106
34.24	54
34.78	23
34.76	84
51.03	7
33.55	61
32.91	3
35.24	99
35.41	31
37.5	28
35.3	32
44.82	30
34.59	60
34.35	62
35.97	45
33.69	54
35.4	61
36.02	71
34.54	143
33.84	147
33.13	82
33.4	56
34.78	74
34.87	83
40.56	13
35.35	131
34.13	144
34.42	27
35.88	67
33.94	126
35.36	139
34.82	120
34.67	78
34.89	106
34.27	41
35.17	67
35.48	101
34.91	65
37.46	46
32.42	70
34.12	70
33.42	117
35.41	74
35.03	54
35.66	49
36.15	108
35.84	23
32.99	150
35.8	70
44.37	20
32.99	7
35.73	59
33.8	84
35.16	53
36.09	56
34.67	64
36.63	76
38.13	75
35.58	68
35.26	69
35.71	45
33.32	83
33.83	78
33.35	29
34.28	21
33.84	55
33.97	13
49.24	38
34.88	39
34.26	82
44.19	39
36.78	38
36.69	68
34.55	69
34.55	26
33.46	18
35.15	63
32.39	16
32.23	28
32.16	80
37.39	57
37.4	17
34.82	74
35.3	56
33.19	57
34.53	42
33.42	113
36.84	67
34.48	82
34.04	120
34.63	74
33.33	68
35.3	79
35.97	73
36.55	82
35.39	110
35.3	102
33.28	73
34.95	58
33.83	137
35.01	65
35.29	146
33.8	49
35.07	68
35.4	72
35.26	127
36.95	48
59.58	3
35.42	77
34.01	84
35.25	84
36.12	81
34.87	68
36.51	57
35.45	116
36.72	52
35.53	73
35.05	81
35.19	127
34.32	51
33.2	62
33.28	79
31.93	12
44.2	40
33.96	66
35.08	68
34.1	65
33.28	79
32.28	76
32.28	82
34.68	72
33.81	59
34.09	130
33.91	72
35.9	83
41.57	31
34.05	47
35.51	74
35.07	136
44.07	31
35.42	57
34.03	77
36.41	80
32.59	26
34.84	137
36.61	64
34.97	150
36.08	42
32.57	67
41.14	23
35.76	76
35.31	88
33.38	82
36.2	71
34.8	67
34.8	67
34.58	74
33.51	79
34.97	69
34.78	85
33.56	32
35	77
34.82	59
36.28	77
34.75	56
35.6	61
40.27	52
34.29	70
36.63	67
44.57	40
35.75	25
34.99	39
32.72	83
33.8	81
35.07	117
35.92	71
34.51	132
33.04	71
33.14	116
34.48	33
34.49	84
34.5	59
34.02	79
37.04	54
34.71	132
33.47	47
33.4	82
32.82	82
42.7	42
36.46	72
36.02	75
35.33	92
35.27	52
33.68	76
34.99	43
35.86	134
35.12	54
34.29	84
35.59	63
43.14	34
33.95	79
34.52	137
32.95	60
34.41	68
35.88	66
34.75	73
34.46	80
32.15	74
33.77	66
36.64	69
35.4	74
34.37	21
35.97	69
33.94	75
35.01	60
40.76	34
34.56	52
33.86	83
35.03	115
35.57	71
33.77	77
42.94	35
37.42	72
34.65	77
34.25	79
35	69
33.29	84
33.09	77
35.21	77
44.27	29
34.93	83
33.43	145
35.09	67
33.52	108
36.06	53
36.6	42
34.83	149
36.17	35
33.32	113
36.64	50
40.86	35
33.13	81
32.66	67
31.2	5
34.62	69
35.89	64
34.06	24
33.37	37
34.93	69
35.31	67
32.74	74
34.64	84
35.05	65
34.09	62
35.59	104
34.09	62
35.11	37
36.15	70
43.93	30
36.97	60
34.66	79
35.88	60
34.69	68
34.91	124
34.85	144
44.14	37
34.95	145
35.6	48
35.03	69
34.14	62
33.46	70
34.97	104
34.49	80
35.67	69
34.72	121
34.13	52
32.41	77
32.84	114
34.13	65
33.94	73
34.9	83
35.03	53
34.12	82
41.98	40
34.14	60
33.05	68
34.92	94
31.74	60
34.86	117
33.94	82
42.9	37
35.37	126
33.73	36
34.55	63
35.12	69
33.85	67
34.95	76
33	15
35.7	46
33.58	59
34.61	109
34.92	37
33.98	149
34.08	137
34.81	52
35.27	59
36	38
34.99	76
34.53	108
33.29	77
36.36	68
35.61	134
31.34	8
32.73	79
34.99	138
32.3	6
32.21	72
35.32	67
34.23	70
33.79	122
36.44	54
36.42	44
38.54	65
32.84	73
32.62	83
33.57	78
36.02	76
33.19	21
35.51	65
34.32	147
35.65	68
33.62	18
34.56	68
34.59	59
34.94	84
34.94	77
34.54	82
34.35	84
34.26	60
33.04	66
34.27	122
35.79	70
33.07	123
35.6	123
35.02	61
35.95	82
34.43	47
33.97	28
33.91	69
33.96	74
36.84	64
46.7	40
36.04	55
35.65	73
36.17	48
34.76	28
35.09	43
34.96	48
33.82	61
36.47	69
43.32	30
34.33	69
32.03	6
35.28	64
34.81	109
35.34	97
34.05	48
34.12	75
34.79	74
34.08	133
35.04	80
35.73	29
34.76	74
40.74	39
33.53	40
33.89	125
33.87	141
32.27	49
33.89	77
33.88	66
35.41	70
34.12	73
34.9	70
34.78	81
42.36	36
35.48	55
35.63	112
34.83	83
34.02	83
34.3	130
54.6	8
34.88	139
35.79	109
35.42	67
34.56	40
35.54	63
33.2	68
34.7	70
34.4	77
35.9	76
34.76	81
35.72	38
35.97	129
34.86	75
36.3	18
34.58	119
35.41	36
34.19	55
34.25	76
35.89	65
34.43	80
45.61	32
35.57	76
34.99	43
34.66	139
34.82	64
33.74	61
36.13	63
33.7	79
34.25	84
35.05	28
34.5	73
34.04	74
43.85	22
33.79	38
35.59	112
36.51	82
34.52	77
34.94	65
33.26	72
35.82	125
36.97	33
34.21	70
33.92	79
35.15	7
34.72	44
36.72	47
40.94	41
33.23	87
40.71	38
33.33	137
33.84	74
34.8	83
33.05	31
34.97	142
33.54	74
34.68	124
33.92	83
34.12	112
35.38	144
35.78	40
35.56	55
34.89	66
35.18	121
34.95	24
36.69	78
35.12	60
34.18	73
34.86	80
34.94	65
33.86	69
34.53	50
34.99	63
35.38	64
33.77	68
35.17	81
34.55	96
34.87	133
34.87	79
35.29	70
34.63	80
36.22	59
35.63	78
33.8	84
34.38	75
34.48	83
34.78	78
35.37	70
34.18	134
36.1	17
34.26	28
33.98	58
43.16	31
36.16	51
35.91	70
36.75	78
35.73	54
34.68	45
34.94	131
34.03	66
33.08	72
34.96	69
35.34	61
35.31	63
35.27	74
34.91	57
35.03	26
32.98	31
35.61	57
34.66	58
52.78	21
35.17	71
33.6	69
34.58	126
35.13	67
34.63	83
34.83	48
35.53	69
34.47	81
41.14	29
35.96	69
33.49	76
34.61	80
34.16	84
35.19	64
36.16	46
32.67	79
34.67	70
34.35	69
34.74	99
33.49	84
36.16	60
35.01	73
35.43	70
34.69	67
33.48	84
33.92	22
35.36	83
34.55	58
33.89	88
33.09	81
34.09	76
34.16	60
33.95	78
35.88	66
34.33	113
36.71	51
45.47	32
34.47	71
34.7	69
34.89	51
34.22	142
34.35	81
34.76	80
33.14	84
37.5	70
34.25	79
35.1	136
32.9	111
32.66	76
34.56	76
33.34	139
34.5	51
35.39	48
38.53	66
45.33	39
35.35	53
34.51	84
34.51	79
35.89	48
33.87	15
35.05	69
33.93	58
32.99	76
34.09	72
34.88	49
33.76	54
34.24	119
40.83	39
35.68	47
43.88	37
35.34	78
34.76	76
33.49	78
34.54	68
34.02	30
34.07	69
34.2	83
33.2	37
34.88	84
33.15	63
35.73	56
36.14	2
33.49	48
35.93	72
34.71	66
35.85	131
34.06	51
34.01	52
42.29	40
34.44	146
34.09	77
35.33	16
33.51	24
35.31	60
35.03	80
34.06	52
33.81	52
34.81	53
34.64	132
35.64	135
33.41	32
33.16	76
35.27	102
34.78	119
34.04	29
34.43	69
35.15	69
34.96	56
35.16	52
35.17	59
36.22	60
35.71	118
34.42	124
33.13	62
37.09	65
34.96	141
34.47	86
32.96	70
35.14	83
35.04	82
42	41
33.23	140
35.51	54
34.41	81
35.19	75
35.64	83
34.7	143
33.25	115
34.15	41
40.18	44
37.7	62
34.41	80
33.02	61
34.06	92
35.63	69
34.54	147
33.74	15
31.47	19
33.82	62
36.16	65
44.69	32
32.95	81
34.3	65
34.83	31
34.34	90
33.41	81
35.26	80
34.69	75
33.51	76
32.83	51
35.9	79
35.48	50
34.55	11
36.63	5
33.91	27
35.27	51
34.62	66
33.12	75
36.42	42
33.86	72
36.92	63
35.54	50
41.54	34
33.65	52
34.11	62
33.28	81
31.8	108
33.94	53
32.75	79
36.21	70
32.37	82
32.49	37
34.75	74
33.93	109
34.86	76
34.13	150
32.61	72
32.8	24
44.18	31
34.75	69
35.18	146
36.79	49
33.26	60
33.47	15
34.27	27
34.47	81
33.82	75
35.84	109
44.82	20
33.01	59
35.68	55
33.74	81
36.13	68
35.09	29
35.1	79
35.45	41
33.9	46
35.15	84
43.74	32
35.91	73
34.69	84
33.58	69
33.76	45
33.27	42
34.12	73
33.95	75
34.59	44
35.82	26
34.88	71
34.13	39
34.79	128
36.79	45
35.32	74
36.7	70
38.9	10
33.8	95
35.6	113
34.27	80
42.43	37
33.66	116
34.1	128
32.29	60
32.58	82
35.71	98
33.69	83
34.77	44
33.28	70
33.52	84
35.17	77
35.8	65
34.05	36
34.32	68
35.43	72
37.29	17
34.68	42
32.28	84
35.78	78
34.81	79
35.92	64
34.57	143
34.1	51
34.51	73
33.78	82
33.63	147
34.41	79
36.35	72
33.82	131
33.58	79
34.73	68
35.19	74
34.41	84
36.8	44
42.3	44
34.41	40
36.5	73
33.89	69
33.61	74
33.25	116
32.75	77
34.79	98
34.87	46
33.34	76
34.17	72
36.71	44
34.5	23
34.9	110
34.42	71
34.76	62
43.56	37
34.83	71
33.4	79
33.12	55
34.83	58
34.83	58
34.82	69
33.88	20
33.58	46
33.39	79
35.97	44
34.29	59
33.36	75
35.21	55
36.71	45
35.37	104
34.91	130
34.56	74
34.48	125
36.85	42
33	13
44.56	32
34.01	51
34.89	82
35.26	51
35.15	71
35.37	74
35.67	68
35.08	44
34.34	81
34	42
34.08	66
34.6	54
44.68	38
35.25	44
34.07	47
34.83	83
33.56	53
34.92	72
32.59	78
33.25	37
42.06	35
34.54	81
34.29	77
32.23	35
34.87	54
36.05	70
34.57	70
35.52	48
34.69	80
34.55	68
33.66	83
34.3	46
34.76	75
34.5	77
35.03	133
34.77	87
43.16	39
32.08	79
34.13	31
35.6	79
34.59	95
35.32	82
33.82	72
33.2	50
36.29	41
34.98	79
33.54	82
34.7	65
35.25	126
33.31	8
40.35	5
33.85	34
35.75	68
35.1	81
34.96	119
33.43	53
33.7	81
32.28	74
34.94	79
33.39	138
34.96	75
35.56	49
34.33	84
33.8	61
35.11	50
34.45	68
35.03	66
34.79	54
35.04	81
34.84	58
36.61	67
34.64	36
34	81
36.36	82
42.81	10
37.34	58
37.74	48
35.94	46
35.78	137
34.46	65
34.35	46
34.1	84
35.08	76
36.23	21
33.48	106
35.25	77
35.06	77
36.31	74
35.25	45
39.55	1
34.3	81
35.36	74
34.08	37
33.12	70
35.89	79
34.89	55
34.84	128
34.48	72
33.67	44
35.95	68
32.96	81
34.72	70
34.77	72
33.79	65
34.47	37
35.6	47
33.13	74
36.58	83
36.95	79
36.1	43
34.64	41
37.09	80
36.14	75
34.36	20
34.31	21
33.58	82
34.53	60
34.49	115
33.78	64
34.52	81
33.13	148
34.08	72
34.83	97
32.87	15
33.79	83
35.67	102
34.9	81
34.61	80
35	80
34.99	150
33.1	67
34.24	134
35.06	143
32.73	10
32.28	1
35.58	61
34.35	69
35.5	65
34.51	44
33.25	50
46.14	37
34.81	64
33.13	4
36.67	65
33.65	78
33.66	65
35.33	82
34.44	71
33.65	127
35	69
44.36	34
35.34	74
34.17	89
32.92	83
33.45	81
32.74	11
32.36	76
35.13	72
33.93	45
34.33	136
33.62	44
34.9	136
42.09	38
35.07	127
33.98	122
33.13	146
33.32	79
34.11	83
33.19	135
35.36	82
35.36	63
35.48	20
35.69	57
34.2	32
34.14	125
34.24	50
35.29	38
34.28	94
40.34	4
35.63	61
36.95	64
35.3	77
35.09	117
35.81	66
35.03	137
34.79	128
34.09	66
35.64	60
37.31	66
34.44	135
35.25	126
37.27	48
42.52	52
34.62	58
33.88	83
35.01	64
36.24	77
34.12	75
36.25	55
42.74	34
34.31	59
34.63	81
34.48	83
35.75	45
33.93	78
36	46
35.03	120
31.17	73
35.45	68
34.71	80
33.01	152
36.39	47
35.26	142
44.22	29
34.45	70
35.41	145
35.82	78
34.94	80
34.12	73
35.4	65
33.31	74
34.42	113
35.92	30
36.4	47
34.41	30
35.61	70
34.37	81
35.47	46
42.01	14
34.08	29
35.88	64
36.29	72
35.37	27
36.03	106
34.45	78
36.86	28
34.9	111
33.92	76
34.88	108
32.82	31
34.04	68
34.54	78
34.89	71
37.12	37
32.26	17
36.36	64
40.24	36
35.29	84
35.38	65
34.14	151
35.28	43
34.94	44
35.53	55
34.63	63
34.84	82
33.79	6
35.53	47
36.24	74
37.75	75
35.29	80
34.95	59
34.03	77
33.87	69
37.27	24
34.58	71
34.18	77
40.87	12
34.82	68
34.47	83
35.21	61
35.69	64
35.62	76
33.84	148
34.25	70
35.85	59
35.4	81
34.6	64
36.75	66
36.02	79
33.37	63
34.91	80
34.25	46
34.46	50
43.95	13
33.97	123
36.7	64
34	50
35.7	59
34.7	45
34.07	83
34.71	97
34.98	71
34.78	60
34.28	141
34.52	29
33.98	150
35.89	66
42.7	39
34.71	22
34.55	75
34.77	65
37.62	75
34.37	72
34.32	128
35.57	128
35.64	46
35.9	71
36.71	79
34.27	73
34.69	82
32.96	32
34.71	55
34.67	52
33.6	64
34.61	41
33.88	120
32.71	61
34.35	11
34.98	53
37.07	61
36.19	28
42.27	33
35.45	102
31.61	48
35.76	80
33.64	38
34.69	118
34.48	79
34.42	47
36.94	80
48.45	41
33.54	71
34.85	84
35.79	74
35.41	81
33.97	63
36.82	48
36.19	98
34.95	77
34.6	62
35.61	73
35.65	74
36.27	65
34.98	69
41.37	8
32.46	63
33.23	52
33.9	44
34.61	81
33.98	83
34.87	146
35.02	106
34.43	84
35.27	62
45.94	41
35.59	74
35.96	53
35.66	68
34.13	114
34.39	32
36.69	67
33.16	51
33.7	83
43.62	35
34.19	72
34.49	75
35.53	119
34.38	54
35.36	75
36.09	84
37.1	57
34.74	78
35.27	104
34.2	69
34.81	66
35.19	65
33.88	77
33.56	72
34.88	98
35.63	97
42.19	40
33.88	64
32.42	75
34.02	70
34.63	73
32.94	77
33.05	71
35.9	66
33.64	75
33.71	148
36.3	64
35.21	78
33.5	70
34.5	92
46.18	37
34.35	82
36.35	32
33.23	84
34.73	57
34.95	114
35.72	61
35.69	57
33.58	58
35.45	66
36.09	68
34.2	6
35.74	61
36.4	70
33.92	38
34.44	58
42.3	36
34.32	31
34.41	71
35.27	53
34.18	71
34.25	70
35.85	84
34.58	74
34.51	115
33.57	27
33.34	78
36.13	67
35.04	40
34.01	69
34.89	70
40.25	35
35.37	44
34.44	41
33.93	93
35.62	77
33.89	151
34.62	74
35.04	76
33.68	106
32.48	5
36.07	68
40.94	35
34.69	107
37.38	68
32.93	82
38.05	63
34.32	78
34.74	39
33.34	55
39.3	43
36.16	55
33.55	138
32.29	8
35.4	69
34.75	45
34.4	144
35.58	132
33.88	141
40.84	38
35.63	47
35.48	94
35.69	71
35.07	51
34.39	49
35.29	25
34.49	149
44.85	38
33.89	31
33.27	73
33.43	80
35.9	67
33.08	62
33.28	61
35.73	96
36.04	109
35.26	37
35.15	84
35.9	34
41.76	32
34.56	72
35.48	76
35.57	70
36.25	35
33.76	79
34.59	66
33.62	83
34.69	52
33.89	77
34.2	96
35.41	81
36.8	43
46.43	17
35.19	138
34.6	76
35.06	47
34.46	77
34.79	57
32.02	9
33.39	81
34.79	123
32.02	84
33.95	80
34.38	115
34.17	61
35.3	61
34.91	64
34.32	30
34.62	137
36.28	26
33.25	67
35.05	70
51.15	7
34.46	123
35.92	48
33.19	122
34.99	33
41.52	35
34.94	132
34.47	57
35.76	122
34.13	66
34.49	41
34.77	57
33.56	76
35.74	70
35.09	117
33.2	10
34.6	11
34.63	76
39.18	18
36.24	44
36.5	47
36.61	52
35.78	68
34.05	78
35.3	141
35.69	83
35.36	49
34.96	109
42.39	35
34.02	91
31.82	82
33.96	78
33.03	37
33.7	84
35.56	61
36.09	71
34.42	76
35.78	79
32.45	82
36.36	76
34.07	120
34.63	48
36.19	43
36.16	82
44.58	38
33.86	56
34.54	69
32.39	71
34.6	81
32.97	75
33.66	125
34.96	55
33.69	40
36.19	122
32.96	51
34.12	123
33.56	88
34.18	39
33.17	63
34.08	71
34.16	61
34.37	63
34.27	50
33.79	80
34.59	126
34.28	84
35.53	74
35.87	38
36.26	72
34.63	67
35.91	57
35.99	80
44.84	37
33.66	137
35.65	81
35.11	77
33.93	42
33.59	73
34.65	74
36.12	75
34.02	71
45.19	34
35.09	51
35.17	74
34.29	94
33.62	55
34.83	68
34.27	56
35.26	9
34.42	141
34.26	55
34.81	130
34.5	84
40.9	31
34.71	45
33.72	61
33.3	52
33.91	78
34.61	76
33.84	71
36.89	34
33.53	34
34.44	49
34.5	79
37.14	50
36.77	65
35.53	80
34.51	44
35.56	65
36.13	41
36.24	78
34.64	112
34.98	64
33.69	84
35.97	133
35.31	59
32.47	83
34.68	52
35.3	72
33.13	79
35.18	74
34.85	76
35.14	128
32.43	21
34.07	76
39.68	24
35.29	59
36.06	76
32.86	6
34.56	108
34.61	100
33.82	60
34.72	68
32.65	110
39.21	22
34.69	91
34.48	63
35.03	78
35.46	72
35.51	67
34.25	66
35.29	71
35.61	87
35.64	63
34.46	32
35.03	25
31.67	83
44.65	41
36.83	66
36.32	74
35.62	71
34.98	62
36.16	17
35.84	105
31.79	13
32.8	2
34.7	60
33.72	84
35.81	133
35.29	84
39.85	67
34.13	66
34.07	80
35.78	74
34.57	68
34.2	64
34.49	115
34.08	105
34.62	82
35.23	74
33.75	80
33.93	69
34.85	63
35.5	74
34.48	61
33.79	43
35.16	147
36.76	50
36.27	29
35.2	62
40.09	32
34.74	53
34.37	61
34.25	36
35.29	48
37.07	94
35.38	78
45	29
35.56	72
33.38	76
34.92	53
37.45	59
34.23	38
35.5	19
35.36	52
37.05	75
36.14	53
36.69	67
36.07	70
32.61	133
35.63	74
35.06	65
34.94	83
32.17	83
32.42	82
37.02	64
35.78	70
34.02	141
33.29	26
35.92	125
41	44
34.74	32
34.63	52
34.04	80
33.6	62
34.48	76
34.21	48
35.33	71
34.95	79
33.61	74
33.11	150
34.16	55
36.39	31
32.27	81
40.35	34
33.91	55
33.44	83
32.99	7
35.32	65
34.31	51
34.75	130
35.05	69
34.65	80
34.46	43
32.29	28
33.43	78
34.6	133
35.25	63
33.92	25
35.71	37
33.2	81
33.7	76
34.14	52
37.27	66
35.76	54
34.3	83
34.8	81
35.99	85
36.6	60
36.56	57
36.01	85
34.65	72
36.16	40
36.57	61
35.5	115
42.05	12
36.39	75
35.06	59
34.53	80
34.73	83
34.73	83
34.73	83
36.26	35
42.78	48
35.21	67
35.45	62
34.84	89
35.27	66
32.98	57
35.89	61
34.1	78
34.89	56
35.74	71
33.34	82
35.42	58
35.89	47
33.89	26
39.11	1
33.47	102
33.3	71
34.58	64
34.04	83
32.98	72
34.3	54
32.92	100
34.07	26
33.69	67
34.61	70
33.86	83
34.74	83
35.25	122
34.6	40
33.59	52
33.76	21
33.43	80
33.78	78
32.55	69
37.06	49
43.31	37
32.71	31
33.22	25
32.98	15
32.95	79
35.49	82
34.63	127
34.7	138
35.39	79
36.39	113
34.61	70
34.95	51
33.62	66
32.59	79
34.31	71
35.71	121
34.99	54
34.25	56
33.97	83
34.03	84
33.15	84
34.46	69
33.77	52
33.7	11
42	22
46.28	35
33.94	143
34.42	73
34.85	126
34.56	134
34.93	40
33.16	75
35.7	51
34.69	77
35.17	69
32.98	70
35.69	77
35.09	60
35.09	60
33.87	55
34.18	62
34.56	41
44.45	27
35.96	57
33.15	82
34.07	122
48.2	25
35.51	25
35.53	49
34.84	97
34.13	113
34.17	78
36.39	65
37.13	41
33.83	81
34.8	79
34.78	123
35.71	68
32.53	44
43.04	37
34.34	69
33.31	67
33.93	129
34.54	133
35.72	44
33.6	76
34.72	46
34.29	48
34.51	100
32.98	50
36.13	69
34.42	78
34.91	128
35.73	98
34.41	79
40.53	33
33.05	67
35.05	86
33.48	82
33.24	95
34.71	91
35.18	77
33.64	139
33.39	37
35.69	59
36.5	107
34.65	125
35.2	81
34.87	78
37.39	81
33.69	79
35.49	95
34.94	145
100	0
35.01	66
34.69	107
34.59	80
32.97	83
34.72	120
41.67	38
35.47	124
34.39	34
33.59	37
31.65	3
33.48	69
36.38	66
34.28	52
34.84	149
35.37	71
36.58	60
35.79	67
34.75	83
45.64	40
35.2	121
34.09	72
37.26	34
35.81	32
36.16	46
33.93	67
35.51	78
35.63	16
34.35	53
34.32	149
36.23	67
35.31	35
34.14	37
33.5	73
33.05	10
42.06	43
34.62	50
33.74	118
33.68	65
33.07	50
33.34	84
34.28	47
36.85	80
35.57	65
35.89	110
34.83	82
34.03	89
34.76	104
34.96	60
42.4	33
33.33	15
34.69	107
35.07	61
43.17	40
34.8	82
36.41	66
33.81	123
32.71	2
34.25	149
34.32	69
36.43	62
32.77	84
34.59	66
35.17	60
35.06	77
37.03	28
33.8	69
35.26	75
34.03	68
34.84	76
36.2	21
43.88	32
33.08	58
32.89	60
34.47	72
34.72	152
33.19	48
34.3	56
33.39	45
34.98	134
35.52	102
43.21	36
34.95	84
33.31	50
33.52	78
43.38	38
34.26	81
34.8	78
36.61	65
35.83	77
34.62	49
32	77
36.1	70
33.37	84
35.11	75
36.96	69
34.52	132
34.52	84
35.24	67
33.87	111
34.8	63
34.37	89
34.95	69
34.89	72
33.8	23
44.52	38
32.75	37
34.62	53
34.95	21
35.54	70
33.72	53
35.28	71
35.42	34
35.76	116
33.23	80
35.46	122
33.5	147
34.94	71
32.64	134
33.66	5
34.84	68
34.63	57
37.08	83
34.89	72
35.17	48
34.59	50
34.88	70
34.37	71
32.91	83
34.34	84
34.62	116
35.02	38
36.16	69
35.05	118
32.87	80
36.53	68
42.75	38
35.53	80
34.64	81
34.73	41
35.41	69
34.77	81
34.43	81
35.17	41
34.7	64
35.38	57
34.59	68
43.22	20
34.1	75
37.57	75
34.36	76
35.32	53
33.79	117
42.68	40
34.68	74
33.51	80
33.83	130
32.5	82
34.5	121
33.71	83
33.21	56
34.68	69
35.29	82
34.26	71
35.59	82
34.08	73
35.8	69
33.05	72
35.24	56
44.69	17
34.7	27
35.01	83
33.48	77
43.29	40
32.95	81
33.95	108
34.62	67
32.74	1
34.38	83
35.35	82
33.07	145
34.41	68
33.79	117
42.68	40
32.64	54
33.08	21
33.66	35
35.85	121
33.71	130
34.2	84
33.4	83
34.68	69
33.4	57
35.38	79
36.61	67
44.92	36
33.52	13
35.38	41
34.04	37
34.88	75
34.72	76
33.02	20
35.72	122
42.42	38
35.53	124
34.54	42
31.28	6
34.29	45
34.95	31
33.99	63
34.03	84
34.71	74
40.86	2
35.92	19
35.84	141
34.81	72
34.79	29
35.63	71
35.56	70
33.92	62
35.26	119
34.41	78
34.94	68
34.29	63
36.42	73
36.93	71
42.34	12
36.44	54
35.63	81
35.6	71
36.29	77
36.05	76
35.14	26
36.18	69
32.39	81
34.2	53
32.45	39
33.94	58
33.62	65
36.28	57
33.12	126
33.23	130
34.53	69
34.82	65
32.25	25
35.32	69
42.13	33
32.08	78
33.84	41
33.33	47
35.04	73
37.36	25
36.11	60
35.06	118
33.68	81
34.38	67
36.47	56
34.52	139
33.91	134
46.2	33
33.87	61
34.3	77
33.74	151
33.42	52
34.79	148
34.36	84
36.34	68
37.29	48
34.81	97
33.84	70
35.72	90
46.28	34
35.05	64
35.14	69
43.3	34
35.94	79
33.91	84
34.44	98
33.78	82
34.4	12
34.73	73
34.52	68
35.69	80
35.4	112
34.49	148
36.15	52
34.32	107
35.79	47
33.97	111
36.52	55
34.52	66
35.03	44
34.9	77
34.36	71
33.9	69
34.9	54
34.73	65
36.7	60
34.76	134
34.52	83
34.97	77
34.24	72
34.93	152
34.72	73
35.86	95
33.9	81
36.3	24
34.16	43
34.3	48
37.02	56
34.55	75
46.2	39
44.7	2
34.26	67
33.83	63
33.85	55
34.67	35
34.43	46
35.15	66
36.4	54
35.67	57
34.57	84
33.47	79
35.6	118
35.83	70
33.21	29
34.89	56
35.4	140
34.2	83
35.59	70
33.72	135
36.03	97
35.08	78
35.71	69
35.81	64
34.03	63
35.46	42
35.6	17
42.61	35
35.65	60
34.5	55
34.47	75
35.75	81
34.92	4
35.42	72
34.17	42
32.68	83
35.79	80
34.52	67
35.72	83
35.04	70
42.64	30
34.41	84
34.64	151
35.63	69
37.04	63
34.39	48
34.01	76
35.5	5
35.06	73
36.22	14
34.16	45
42.67	38
35.52	60
36.46	70
35.54	62
37.7	67
36.86	44
34.98	71
35.42	73
36.2	70
37.52	53
34.69	72
33.79	145
43.77	39
36.09	32
35.56	46
34.62	45
34.15	83
33.93	50
33.28	78
34.23	51
35.61	70
42.3	45
34.24	74
34.34	82
37.67	77
36.64	43
34.34	48
36.18	50
35.99	72
35.72	56
34.69	79
34.67	126
34.44	78
35.48	80
35.11	83
40.92	37
34.76	49
35.37	77
32.58	15
33.93	82
33.32	80
33.96	78
35.12	56
43.85	16
33.7	61
35.5	55
35.61	51
33.14	71
36.31	81
36.1	94
34.54	59
36.3	70
44.03	36
33.12	76
32.81	82
35.31	144
33.82	48
33.89	145
33.19	79
33.84	101
34.17	83
33.63	143
35.46	122
34.11	129
34.75	70
34.83	58
34.82	71
39.34	30
36.65	47
34.54	27
35.23	53
35.89	109
36.46	52
35.42	53
35.23	53
33.95	72
34.79	79
34.53	59
33	21
33.07	48
42.52	37
34	56
34.61	70
33.91	79
35.38	43
35.6	75
32.94	60
33.96	66
34.06	48
34.2	20
34.42	76
36.01	65
37.03	65
36.29	58
43.5	26
34.78	124
35.99	64
31.36	54
32.71	80
34.78	73
35.17	112
34.24	64
34	60
33.59	73
34.62	5
35.89	60
34.59	65
34.65	135
34.69	80
33.93	72
31.85	10
34.38	84
34.57	30
35.27	69
33.39	54
33.79	83
33.98	75
33.64	107
34.48	47
34.49	69
32.96	79
34.7	43
33.7	57
36.14	58
34.7	63
34.96	76
46.67	36
35.48	63
34.71	118
35.46	71
34.27	49
34.98	65
35.67	143
35.93	59
34.38	59
34.32	78
35.26	59
44.85	15
37.32	61
36.6	55
34.64	55
35.2	75
35.09	109
34.19	50
35.91	68
34.49	70
36.42	8
34.8	72
35.91	53
32.85	121
34.37	123
34.76	83
34.23	55
41.85	40
35.09	93
34.32	72
35.63	73
34.36	32
35.04	69
32.85	121
32.27	60
33.45	17
34.83	67
34.47	35
36.61	37
34.07	73
32.76	73
34.24	93
42.07	40
33.06	76
34.41	68
32.24	73
33.35	66
36.56	79
33.42	77
33.59	45
37.52	70
34.4	147
34.43	62
34.62	52
32.68	115
44.25	38
34.29	145
32.13	84
34.74	106
34.98	111
34.21	101
35.1	68
36.01	41
34.02	83
34.49	94
36.08	65
43.82	38
34.31	83
34.95	43
34.86	69
34.14	40
34.6	47
33.08	8
33.4	83
34.67	74
35.29	42
34.68	81
34.92	110
32.54	58
31.53	83
33.94	146
36.05	60
34.76	86
34.46	83
34.41	70
34.6	58
34.69	38
41.02	34
33.92	78
34.88	83
35.33	62
33.63	122
34.99	58
43.75	37
35.76	74
33.71	67
34.27	57
34.31	82
33.76	69
35.88	119
33.9	83
34.38	37
35.51	78
34.6	84
42.31	34
37.11	73
33.33	20
32.47	72
33	71
35.47	123
35.61	59
33.54	14
34.73	60
36.44	63
35.48	66
34.25	48
33.72	53
33.19	60
34.85	63
34.86	125
35.48	113
35.92	68
35.14	115
35.64	69
32.61	69
34.9	67
34.72	95
33.53	64
36.2	86
44.48	37
35.82	90
35.17	56
34.23	20
33.69	151
34.55	149
34.32	45
34.61	48
42.27	41
34.56	61
36.22	106
35.4	76
35.21	83
34.79	108
35.4	47
47.19	38
35.44	44
34.89	53
31.19	43
34.97	60
34.81	64
36	79
35.03	76
33.74	43
34.1	55
33.31	84
46.67	26
34.56	59
34.64	75
33.84	126
32.74	30
33.89	34
33.48	32
32.48	84
45.21	37
34.86	59
33.3	55
34.67	70
32.34	67
34.8	73
34.69	53
35.55	84
34.75	84
34.38	77
34.34	72
43.17	40
35.39	67
34.86	102
34.41	149
32.71	2
33.83	123
33.96	68
36.52	66
34.77	48
34.63	63
35.41	68
34.46	65
35.88	55
38.73	10
33.14	26
36.13	64
33.15	76
35.82	68
34.08	67
34.68	82
35.39	140
35.39	28
36.06	80
34.34	49
35.85	37
34.57	68
34.67	78
36.92	64
35.36	99
35.38	76
34.38	85
41.35	36
31.26	37
34.74	146
33.71	53
34.36	63
33.38	57
34.75	71
34.96	48
33.67	59
34.32	17
34.99	127
35.03	81
35.04	77
35.1	77
35.19	33
33.58	70
34.75	145
35.08	37
32.47	81
34.86	47
35.7	84
33.61	40
38.53	37
34.99	70
34.98	28
35.59	67
35.03	59
34.6	83
32.71	53
36.36	70
34.28	131
35.59	56
32.83	77
34.81	78
32.8	57
34.81	107
33.88	139
34.1	56
32.29	80
36.22	82
34.04	18
35.42	68
35.21	76
36.85	68
34.57	78
37.28	74
41.74	50
34.79	82
34.12	151
34.72	38
34.58	47
34.42	62
33.63	81
33.52	20
34.11	99
31.38	80
33.03	19
35.81	67
36.23	48
33.91	70
34.97	58
33.89	81
36.39	43
34.15	70
35.87	69
44.9	39
34.01	79
33.88	74
34.52	82
36.1	81
34.41	67
35.87	69
33.84	71
34.36	77
34.95	70
37.39	30
34.49	74
35.73	82
32.02	84
42.67	38
35.01	71
34.2	83
34.09	11
34.53	83
31.82	84
34.87	82
35.92	79
34.59	80
35.58	82
33.74	66
34.89	132
33.73	57
35.6	75
32.86	73
34.2	80
36.59	74
32.34	12
32.04	12
33.69	144
35.03	68
34.06	71
35.46	75
33.81	149
41.95	41
36.03	123
34.63	54
33.35	55
34.45	73
35.73	119
33.73	68
32.09	5
35	72
34.69	82
33.39	77
34.23	104
34.98	68
33.88	126
38.24	67
34.94	90
33.45	128
31.98	61
33.61	8
34.4	58
33.9	14
33.85	80
35.03	69
34.84	69
33.95	49
35.3	36
34	7
34.31	79
34.94	77
42.84	34
34.79	104
33.12	68
32.84	83
35.89	73
33.98	71
32.58	135
35.6	66
35.43	59
41.57	34
33.72	81
33.68	144
34.69	124
35.24	40
33.63	82
35.49	48
41.92	7
35.81	142
34.67	69
34.45	69
33.5	137
33.37	81
36.45	70
34.98	65
36.15	99
33.65	145
39.2	43
34.04	58
34.04	63
32.65	10
33.72	115
33.72	61
33.08	33
34.46	51
34.3	144
34.05	83
32.56	29
33.78	47
35.77	124
35.02	105
34.39	131
33.37	151
34.32	71
34.36	13
34.87	48
33.25	84
35.12	80
34.92	54
34.83	89
34.18	57
35.36	78
35.47	79
33.91	79
32.15	76
34.6	81
34.12	49
33.65	63
41	34
33.65	21
34.57	57
34.13	138
33.17	60
34.31	61
34.04	137
31.87	17
33.61	72
34.92	71
42.35	38
35.1	28
35.1	28
35.16	74
34.74	12
32.9	20
34.01	125
33.4	79
34.75	122
34.7	112
33.89	148
34.13	47
34.99	73
34.99	63
37.8	67
33.29	71
36.32	115
34.55	119
45.41	44
37.49	38
34.43	129
31.34	14
36.79	49
35.32	73
41.37	36
33.79	13
32.81	83
33.47	128
32.79	75
34.23	33
38.59	66
34.69	80
33.34	71
33.3	119
32.97	60
35.69	63
34.01	78
34.32	138
40.3	34
40.59	41
35.48	51
36.57	72
33.51	140
33.62	45
33.2	18
33.69	71
35.28	79
34.43	39
36.16	74
32.73	128
33.96	83
36.49	65
33.08	39
35.27	72
43.12	29
35.45	68
34.27	61
33.36	82
33.45	52
35.79	58
34.35	84
34.25	85
34.25	83
35.61	79
36.57	78
41.92	14
35.92	114
35.08	118
35.42	83
34.22	18
34.72	59
35.88	51
35.78	66
45.01	38
33.81	147
34.54	67
34.97	84
33.32	27
33.85	151
36.83	68
34.81	64
34.95	77
33.76	84
36.14	124
35.07	74
35.61	53
34.64	49
44.22	19
34.83	24
34.85	81
34.43	56
34.64	132
34.99	70
43.68	37
33.43	125
35.23	59
33.72	84
35.26	75
35.84	73
34.17	80
34.56	68
33.8	75
33.08	39
33.38	84
41.4	21
32.32	83
34.02	77
34.45	54
36.16	67
34.89	128
33.98	142
42.51	40
34.34	73
35.02	63
34.01	129
35.69	35
36.42	42
33.53	80
33.95	65
34.37	76
33.82	69
35.27	83
34.65	48
34.67	79
34.83	81
33.32	17
35.14	65
33.71	72
34.83	150
34.45	77
42.73	35
35.18	84
34.48	76
32.88	8
34.38	64
35.43	82
33.97	76
34.07	62
33.65	84
37.07	77
33.4	81
34.46	30
35.2	56
36.61	69
32.67	17
34.99	57
35.37	37
43.87	28
34.56	82
33.98	54
33.26	148
40.74	11
35.34	67
35.08	115
34.13	58
34.87	45
35.48	50
33.72	84
34.11	34
34.35	71
36.86	49
33.74	70
42.71	35
34.02	71
34.81	77
34.37	84
33.86	78
35.16	151
36.48	78
35.31	37
45.11	38
34.63	148
35.77	75
35.79	47
35.03	57
34.08	82
33.55	84
36.35	73
34.23	79
35.97	72
34.83	79
36.45	52
36.76	59
36.04	29
36.42	40
34.6	77
35.17	34
36.49	55
35.28	66
35.26	67
36.36	50
35.02	71
35.42	83
35	63
34.13	74
35.54	28
36.56	66
42.16	14
35.65	58
33.72	72
40.41	14
34.63	47
35.32	129
34.97	75
36.37	70
34.46	70
34.74	73
37.95	41
35.69	82
35.29	71
31.82	70
35.12	67
33.76	28
35.81	81
35.13	132
34.67	72
35.7	68
33.61	75
35.08	46
34.48	67
34.23	15
35.04	69
34.27	112
34.75	143
34.09	24
34.71	91
33.97	84
40.64	38
34.49	121
35.31	113
33.32	36
33.12	44
41.27	40
34.15	73
34.01	88
34.67	105
33.91	53
33.68	116
34.7	69
40.81	37
34.8	54
34.91	48
32.56	66
33.93	57
33.87	149
33.27	79
33.77	50
34.82	76
34.08	143
34.68	37
34.58	78
44.37	28
34.08	83
33.93	31
33.68	75
35.16	71
33.47	83
37.46	47
33.24	79
34.44	83
37.48	66
45.16	39
33.74	80
32.79	56
34.92	48
33.78	81
35.83	32
37.44	59
34.59	80
32.42	75
35.17	65
34	29
46.62	38
35.78	63
34.82	78
34.18	73
34.66	139
35.74	60
37.05	49
33.36	83
34.51	116
37.45	66
44.47	39
36.09	31
35.43	57
32.51	76
33.86	65
35.62	65
34.02	57
35.07	37
32.76	70
37.49	57
32.79	12
33	84
32.65	84
34.62	49
34.84	57
33.59	70
39.14	34
34.57	80
32.8	49
34.09	48
35.3	69
34.12	138
43.07	39
35.72	48
37.27	50
37.16	41
34.04	39
34.5	32
34.62	48
35.45	84
34.27	41
33.65	62
32.28	35
33.82	137
43.11	39
35.4	36
33.86	82
34.92	49
35.29	116
33.02	81
34.9	136
34.28	53
36.89	57
35.92	59
34.19	55
35.19	63
50.58	14
35.87	53
32.34	79
34.87	79
33.06	17
34.38	46
35.4	78
35.84	77
34.29	82
34.35	61
33.84	142
32.95	73
35.3	65
35.18	47
32.07	76
35.06	38
33.69	55
33.42	42
42.38	36
34.49	70
33.24	15
34.36	70
35.2	47
35.46	82
35.43	80
33.68	82
35.84	72
34.62	73
35.18	38
34.39	80
37.06	54
35.71	71
38.08	64
34.82	96
33.04	50
32.98	59
34.55	82
34.43	138
33.04	14
34.3	119
43.18	37
33.59	83
35.68	55
34.24	104
33.5	82
33.37	83
33.54	79
36.58	78
33.4	138
41.47	39
34.3	42
44.43	36
33.34	64
33.65	46
34.1	39
32.64	81
36.34	47
35.93	59
33.54	28
32.16	34
35.09	63
41.21	16
33.95	103
34.23	110
34.48	81
35.13	81
35.04	140
35.96	34
33.78	84
36.25	72
33.9	42
35.19	128
33.7	50
35.7	115
42.73	34
35.42	149
34.63	74
34.79	97
34.46	84
35.13	104
34.32	141
34.04	76
34.06	87
34.67	137
32.53	63
33.41	60
34.15	18
33.04	60
31.95	11
33.38	65
33.58	133
36.22	39
41.04	24
33.53	147
34.23	141
35.26	79
33.66	53
35.54	96
34.72	67
36.12	52
35.67	75
35.18	99
42.07	34
33.76	71
35.28	84
34.15	21
34.06	72
35.51	123
33.63	83
34.96	76
34.85	66
41.57	26
31.74	84
31.84	81
35.72	47
34.65	83
34.97	72
35.32	125
34.58	81
34.32	47
34.99	78
35.13	65
34.05	69
45.26	38
34.47	81
35.26	100
36.23	72
34.51	68
35.61	49
35.23	34
34.35	83
40.88	36
35.2	49
34.43	119
32.83	21
34.46	27
34.34	19
34.58	44
35.43	48
35.37	80
35.16	78
35.7	67
45.4	35
35.02	68
35.32	43
34.19	80
33.27	80
34.07	77
35.74	70
32.81	82
32.48	74
33.37	80
36.18	60
36.13	78
34.24	84
41.29	39
36.02	101
34.94	71
35.68	71
32.5	82
35.18	79
32.3	79
45.19	42
35.31	82
34.76	69
36.4	68
35.65	37
33.46	7
33.32	78
34.78	40
34.95	66
34.96	109
42.75	38
33.64	59
32.84	43
34.91	63
33.76	147
34.01	75
33.59	46
35.47	74
34.88	66
33.36	121
33.35	84
33.68	44
34.52	124
45.51	56
33.67	69
34.94	57
36.05	42
33.85	56
33.05	82
35.01	86
43.62	35
33.76	70
35.42	55
34.82	67
34.7	78
34.1	137
33.96	59
35.15	69
31.68	78
34.41	87
34.55	84
36.84	71
35.02	41
35.57	136
35.42	41
35.5	57
33.75	38
33.9	80
34.38	80
36.7	75
35.12	103
35.46	91
34.17	72
34.77	65
36.34	69
36.9	46
33.75	50
37.01	68
36.27	58
34.36	83
45.09	39
34.71	56
33.6	151
33.26	78
34.31	69
35.05	69
34.88	150
33.26	116
32.57	54
45.89	38
34.32	70
34.62	81
32.61	19
35.06	85
35.28	122
33.16	91
35.07	72
35.9	44
36.4	41
35.97	69
35.06	79
36.41	83
35.65	76
34.25	80
34.68	67
42.98	17
35.73	54
34.2	144
34.51	69
34.6	30
35.18	116
47.78	43
34.5	122
33.08	56
33.99	67
33.76	71
33.21	28
33.31	62
31.95	81
31.27	149
34.21	73
32.76	82
34.82	76
36.53	78
33.03	84
33.03	84
34.1	78
37.7	19
35.44	62
34.87	68
35.09	128
33.94	71
31.08	13
34.08	75
35.64	84
32.33	16
35.88	69
35.08	78
33.78	67
35.05	45
33.59	84
34.59	72
45.8	40
33.74	73
35.45	82
33.12	77
33.79	125
35.76	89
34.05	80
32.14	48
35.11	29
33.48	136
34.15	76
34.8	66
35.45	147
34.58	55
36.4	60
33.83	23
32.83	79
32.39	83
34.09	17
34.47	69
35.21	67
36.32	70
35.81	9
36.44	62
35.47	58
33.97	78
34.53	81
33.41	61
33.26	35
33.89	24
32.79	82
33.44	19
34.06	50
33.29	35
34.31	59
34.46	76
33.01	62
34.4	60
33.28	81
34.45	121
32.64	58
32.64	58
40.68	25
35.29	57
32.64	58
31.96	57
33.88	68
32.77	84
35.05	76
33.86	137
34	74
36.29	51
43.76	39
34.6	75
33.68	79
34.17	71
32.92	84
34.34	87
34.32	82
34.14	93
34.18	77
32.49	87
34.2	91
35.35	76
36.68	52
33.89	77
35.57	73
31.12	94
35.03	69
32.04	83
33.02	88
33.5	85
33.45	88
32.84	92
33.56	89
33.74	63
32.09	67
33.29	91
33.63	78
34.4	77
35.53	84
31.79	90
34.96	65
34.78	70
35.06	55
33	76
35.98	78
32.71	65
33.29	62
33.57	89
33.75	91
31.9	82
33.43	87
36.28	77
32.64	86
34.48	67
33.38	83
32.45	85
34.67	57
31.93	90
32.15	79
36.09	58
34.98	66
32.86	172
33.83	78
33.68	60
32.81	88
35.25	47
34.83	55
32.88	146
35.3	78
33.74	60
32.65	88
32.99	87
35.04	61
33.64	75
33.97	63
35.27	59
32.15	84
34.78	67
32.25	83
33.85	94
34.59	64
32.66	88
32.48	89
33.08	49
32.31	184
35.82	65
33.84	83
33.83	175
34.76	75
34.31	60
33.86	91
34.07	89
32.59	94
34.59	82
35.92	64
32.56	90
35.74	66
35.94	113
34.41	82
35.52	66
33.91	74
34.58	87
34.15	71
34.16	83
32.52	78
33.62	81
32.82	170
32.54	93
34.84	90
35.01	88
34.15	72
33.24	56
33.56	111
34.63	92
33.81	72
32.84	50
34.38	18
34.07	162
34.12	71
33.43	94
32.49	91
33.49	78
33.78	91
35.12	161
34.13	93
34.84	69
33.3	89
35.69	36
34.96	42
35.09	54
34.59	99
33.23	71
35.58	58
35.61	58
32.95	77
36.01	89
33.75	78
34.03	154
32.58	90
34.68	137
33.49	61
32.74	93
35.05	33
34.74	95
37.42	28
35.51	61
34.81	62
33.16	86
34.61	123
33.96	85
32.57	90
33.82	92
35.04	92
32.97	70
33.97	65
33.97	75
32.26	80
34.18	126
35.86	81
34.01	48
33.21	77
33.36	75
34.48	49
36.18	75
34.29	39
34.02	88
32.47	93
35.68	79
34.39	89
31.94	85
33.74	93
33.13	69
33.25	95
35.34	72
34.04	81
33.83	164
34.1	86
33.53	93
35.9	91
32.6	89
34.37	176
35.54	87
33.2	170
35	34
35.45	46
31.97	90
34.74	57
33.43	71
33.59	156
34.27	92
33.99	136
33.2	88
33.52	75
33.61	88
31.76	86
34.21	76
33.56	173
34.01	158
34.47	60
33.98	91
34.06	33
36.71	75
35.89	80
34.13	81
33.71	60
32.7	85
33.16	84
33.96	53
35.45	46
33.57	90
33.48	161
33.5	79
34.89	26
35.2	60
32.46	91
35.06	41
34.38	35
34.37	157
35.43	57
34.84	51
33.16	91
35.15	92
33.89	64
35.69	69
35.4	76
34.88	135
34.24	80
33.12	79
35.43	77
33.05	168
35	46
32.37	69
33.43	79
33.53	76
31.6	82
33.42	68
34.12	77
34.12	77
33.07	188
32.27	68
32.03	54
33.75	81
32.96	94
33.5	163
34.25	84
34.51	91
33.41	81
33.9	74
33.41	81
34.2	65
33.44	81
33.26	74
33.97	62
32.4	90
32.12	90
35.63	65
34.31	125
34.71	107
33.56	85
33.3	88
32.44	88
33.8	81
33.08	60
34.29	24
35.13	77
35.95	116
37.59	30
36.54	73
35.17	47
33.55	163
33.8	91
35.14	16
34.72	52
33.34	88
32.91	94
31.79	88
35.12	81
34.26	79
33.89	173
33.6	95
34.52	71
34.06	86
32.62	86
31.8	94
33.57	91
