sim	len_diff
36.59	110
33.23	79
33.97	82
32.31	61
33.87	81
32.48	52
34.83	107
36.48	62
32.3	100
33.44	72
32.87	150
34.87	70
32.38	64
32.92	78
35.83	63
33.76	78
32.7	169
36.03	69
32.23	79
34.42	120
33.47	165
32.13	84
35.75	58
31.49	136
37.48	110
33.46	157
33.24	88
33.93	81
33.55	88
33.43	49
33.41	74
32.3	77
32.3	77
32.99	145
47.14	39
33.09	76
44.63	41
32.23	129
36.96	123
33.32	141
31.93	84
34.72	56
32.35	40
32.82	58
33.31	41
33.85	121
33.02	84
32.48	118
33.02	84
32.57	29
47.18	35
32.37	166
31.05	82
33.57	96
33.35	29
33.29	142
32.37	159
33.62	86
35.09	33
35.09	33
35.09	33
34.66	42
32.92	105
32.26	156
31.58	76
32.23	86
34.17	46
32.63	82
32.98	79
33.57	96
31.8	81
44.73	39
32.43	5
33.28	35
46.18	39
32.94	39
31.8	76
33.46	86
32.23	175
32.84	63
32.24	154
33.27	53
34.14	65
33.41	77
32.2	36
31.28	66
33.78	85
32.04	66
32.42	163
33.45	68
34.05	69
33.19	100
34.06	102
33.37	87
31.07	44
32.76	83
31.96	51
32.95	36
33.07	37
32.29	81
33.12	78
32.38	87
32.12	67
32.24	87
33.37	76
31.89	75
34.75	62
32.93	67
34.27	175
32.87	69
32.11	35
32.38	76
35.32	57
33.94	39
32.55	34
31.99	87
37.07	113
33.55	73
31.62	69
31.72	67
33.46	64
34.44	108
33.15	77
33.63	63
34.47	87
32.88	32
30.73	88
33.55	79
34.2	127
35.79	61
31.87	156
32.64	132
33.44	40
32.68	148
33.15	51
33.19	173
32.44	71
31.71	170
37.69	111
33.85	134
33.98	50
32.79	63
32.74	79
32.37	82
40.33	13
44.1	41
32.41	83
45.49	57
43.86	52
33.07	68
33.33	84
33.44	79
32.69	50
32.35	75
32.36	76
32.35	83
45.56	47
33.41	101
31.53	77
32.5	84
45.98	39
38.02	111
46.45	34
33	132
33.6	48
43.43	54
46.27	36
46.39	36
33.91	82
33.98	166
32.84	68
32.89	63
31.45	85
32.9	115
33.48	73
36.25	60
32.96	118
32.6	39
32.16	37
32.35	76
37.57	113
31.94	25
32.8	150
33.48	88
33.38	75
31.59	86
33.29	55
31.38	63
32.56	87
35.52	60
33.42	68
32.4	74
34.31	65
33.49	78
33.07	86
33.03	79
34.09	21
32.42	87
32.48	34
31.88	174
35.51	67
32.19	87
34.09	66
34.44	49
33.89	37
32.87	88
31.27	76
32.88	75
33.05	88
33.82	83
32.27	77
34.46	65
31.47	86
36.68	44
35.3	140
33	64
31.07	74
33	64
33.45	65
34.6	57
31.18	81
33.53	84
30.88	87
34.01	50
33.68	62
34.35	88
31.3	46
32.44	77
33.39	33
32.73	87
33.96	82
31.6	87
33	80
45.65	45
46.27	36
39.14	23
32.09	77
32.79	84
33.83	74
31.34	84
31.12	86
32.02	87
31.53	85
32.06	79
32.08	77
32.5	84
43.4	75
44.83	47
35.14	68
34.06	81
31.83	70
32.21	87
34.21	82
33.86	75
45.91	42
34.92	39
33.41	124
32.57	83
33.14	88
31.48	52
32.16	87
32.43	37
31.64	88
44	60
33.3	173
33.44	51
31.66	78
36.9	113
31.43	83
32.77	77
33.89	120
33.66	79
32.61	88
34.53	43
34.33	79
34.36	60
33.75	60
33.58	54
34.34	54
33.62	165
32.97	62
34.75	120
32.01	105
33.25	72
32.69	88
32.74	78
32.64	45
32.52	169
33.77	50
32.69	121
34.45	17
32.24	91
33.98	82
32.74	116
35.8	69
32.85	59
32.16	70
33.6	112
34.2	29
36.52	113
34.17	72
32.46	83
46.08	35
31.84	174
31.74	27
30.73	85
32.35	149
45.96	36
32.22	79
45.81	39
34.14	64
33.07	67
44.94	47
32.8	86
31.49	83
33.44	82
33.11	84
31.63	83
32.78	64
34.16	96
33.44	60
31.9	85
33.24	60
31.55	159
31.9	82
33.44	70
32.37	58
47.72	27
34.76	42
32.72	81
32.66	59
33.76	62
31.86	80
33.11	54
31.53	65
34.41	96
35.75	66
32.33	125
33.97	65
31.63	84
31.57	87
34.49	74
31.75	79
32.44	88
46.42	37
34.47	46
34.2	76
36.14	117
34.4	58
33.02	86
34.57	140
34.92	99
35.09	72
61.49	1
31.42	45
33.97	92
34.09	118
33.12	53
32.67	35
34.34	42
33.88	50
34.14	61
32.46	63
33.97	60
32.8	55
56.39	1
33.79	74
34.29	53
32.86	36
33.64	71
34.04	125
34.52	126
35.02	53
33.29	54
33.93	60
35.65	62
32.06	57
63.46	5
35.18	103
34.66	44
34.93	51
32.37	77
32.14	27
33.8	59
31.52	74
36.95	40
35.01	37
30.36	3
33.66	14
32.66	75
34.32	18
33.89	32
34.2	68
34.14	108
34.24	78
32.53	36
34.68	48
31.92	13
65.92	0
34.84	71
34.05	40
31.72	73
33.25	64
33.63	59
33.19	79
35.47	69
53.27	14
34.07	39
32.22	48
33.63	67
31	78
33.79	33
33.11	75
33.26	30
34.88	68
33.75	55
33.3	96
34.12	96
31.84	43
33.32	32
33.08	35
33.25	78
34.27	63
33.17	138
35.16	29
33.4	48
33.82	61
34.51	52
34.07	129
34.28	98
34.3	64
33.43	41
34.74	76
50.58	6
33.31	103
33.98	84
33.57	13
32.01	80
34.66	34
34.18	55
35.24	58
34.97	70
34.6	102
34.54	41
35.62	49
33.69	65
33.54	130
34.02	30
35.28	53
48.49	9
35.53	73
34.27	70
32.46	74
35.74	40
32.46	74
33.26	76
33.89	41
32.88	60
32.58	74
32.41	57
33.36	78
33.9	62
33.87	57
35.15	68
34.93	37
34.71	131
31.79	52
34.21	69
31.54	35
32.4	58
33.47	100
34.86	55
33.96	104
33.87	49
34.85	92
34.12	76
32.79	49
33.92	77
32.4	72
34.28	32
32	71
34.02	126
33.1	73
34.01	106
35.84	43
33.43	114
34.17	58
32.83	28
32.57	74
33.48	104
32.29	99
32.51	78
55.5	16
33.63	70
31.88	95
33	70
33.51	129
34.11	53
34.03	36
33.16	55
32.43	64
33.87	110
34.58	89
33.16	73
32.39	73
32.63	113
34.35	111
33.55	128
35.04	65
47.67	0
34.02	60
32.73	117
33.57	61
35.27	57
32.64	132
34.22	53
34.05	75
33.66	41
35.23	73
32.62	62
34.06	110
33.2	70
32.92	87
34.08	48
31.24	4
33.34	126
34.83	89
33.72	42
33.4	74
32.23	19
33.19	17
33.89	101
33.44	55
33.97	58
32.4	30
32.51	87
34.78	60
33.78	99
33.64	132
32.16	67
35.31	49
34.4	99
35.89	97
32.5	126
33.46	36
32.02	63
32.41	117
31.93	32
33.25	70
32.32	63
43.96	29
33.98	52
33.08	130
31.53	32
31.69	77
34.28	133
34.58	49
33.38	77
35.88	68
35.35	53
33.57	60
33.86	126
46	54
33.19	71
33.53	73
34.69	67
31.61	51
33.81	70
34.54	72
34	48
32.83	133
34.61	92
35.3	92
34.32	43
52.11	15
34.89	48
34.32	43
33.89	60
32.03	73
32.57	59
34.61	54
33.31	58
31.41	31
33.91	70
33.5	77
33.09	73
34.33	72
34.15	31
32.98	4
34.5	60
32.97	11
33.1	39
34	85
50.87	15
33.96	103
33.23	129
33.41	64
32.84	53
34.06	94
32.45	77
33.38	79
35.59	57
32.36	12
32.71	31
34.51	77
32.61	66
31.85	78
34.32	48
33.28	113
35	60
33.87	72
34.2	41
35.09	69
35.01	85
33.2	72
33.68	64
52.68	18
32.1	21
33.65	7
33.48	126
34.38	55
33.32	128
32.78	44
34.22	103
32.51	67
35.89	59
33.77	59
33.56	131
33.49	76
33.58	74
33.68	122
32.62	68
33.1	39
34.9	66
33.81	53
31.35	24
32.63	23
33.63	44
33.85	94
34.19	40
33.87	64
32.48	61
34.55	61
34.59	102
34.23	59
53.05	14
33.54	65
34.18	85
33.86	106
33.92	72
33.28	73
33.41	52
33.32	51
33.44	106
33.98	111
33.79	48
34.13	57
33.56	94
49.92	14
34.14	130
33.12	62
36.38	41
33.33	129
33.25	110
33.25	126
51.06	7
34.36	125
34.24	73
33.29	64
34.63	58
34.31	139
36.63	68
32.18	20
33.02	136
33.93	128
35.07	63
33.7	52
32.82	77
34.06	114
33.01	38
34.96	96
32.14	74
31.71	3
32.81	35
36.28	74
36.02	48
34.42	69
32.92	78
32.17	62
32.69	81
33	41
40.76	9
32.24	69
33.38	71
33.75	36
34.46	63
33.28	45
32.33	141
32.69	81
34.19	76
33.79	74
31.05	9
33.92	61
32.41	62
34.38	74
33.03	54
34.91	65
32.94	122
33.74	42
34.99	53
34.53	48
32.88	58
53.56	1
32.48	134
34.6	61
32.42	72
34.68	71
33.77	67
32.65	67
41.71	4
34.21	57
34.21	57
32.52	20
31.14	75
33.81	119
32.7	55
33.93	55
32.68	34
34.51	66
31.79	65
32.68	141
33.75	50
35.79	21
32.94	127
35.45	78
62.38	1
34.1	87
33.34	136
33.76	66
34.25	71
32.8	52
35.38	38
35.05	44
32.53	47
32.65	17
47.72	1
33.72	81
33.37	141
31.94	58
50.42	4
33.66	75
33.94	61
33.64	103
32.81	65
34.38	108
33.23	120
33.4	59
35.6	51
35.18	49
31.97	37
33.88	57
31.11	32
34.48	79
34.81	68
33.76	55
35.51	35
31.2	66
33.49	61
33.15	72
69.33	0
33.26	77
33.67	69
34.86	79
33.97	24
33.59	44
35.27	74
32.7	73
34.27	56
34.15	71
31.47	55
33.2	41
33.41	63
33.27	75
32.63	74
33.16	138
31.96	29
33.59	67
31.89	46
32.81	33
34.89	90
33.66	55
35.61	77
47.92	33
33.81	104
34.25	121
34.85	60
33.63	73
34.61	58
32.8	36
33	129
33.91	76
33.55	104
33.32	61
32.32	73
32.31	16
34.66	86
32.44	15
33.28	129
33.8	86
50.81	3
33.37	33
35.75	39
33.44	139
35.61	54
35.53	54
31.88	99
32.61	135
33.37	22
34.02	68
47.98	29
34.54	74
33.19	99
33.23	63
32.29	122
33.71	114
33.9	77
36.21	71
34.03	62
43.95	5
34.57	70
34.2	59
33.97	76
63.36	1
35.24	23
52.16	9
33.63	45
32.62	33
33.68	36
33.26	73
33.9	120
34.55	133
32.27	134
33.94	83
32.51	76
32.05	6
31.49	28
34.88	60
33.59	122
34.05	79
33.01	66
33.04	68
32.63	76
42.19	15
43.12	3
49.66	14
34.76	61
31.27	20
34.66	75
35.24	24
52.97	15
35.02	51
32.96	48
33.89	72
32.54	78
33.77	68
34.34	56
32.81	133
33.68	75
33.2	72
32.96	60
35.48	31
33.44	69
34.29	23
33.36	39
34.57	21
33.12	64
32.73	22
34.28	39
33.61	51
35.89	70
34.87	40
33.41	70
33.89	86
33.23	66
32.29	77
34.4	61
33.19	78
52.3	14
34.08	66
33.28	53
34.35	71
34.87	44
34.3	44
32.13	25
33.45	54
31.24	60
33.04	78
32.63	35
33.71	49
34.68	62
32.54	58
32.35	58
33.5	76
33.5	113
32.12	34
33.64	61
33.77	51
33.21	132
64.56	1
33.32	75
35.68	64
35.25	30
32.58	67
34.44	71
34.51	57
52.44	6
32.39	67
33.9	100
33.39	135
35.75	96
33.94	29
34.89	87
33.19	76
33.24	44
33.17	43
31.54	77
34.33	59
32.67	64
34.45	134
31.64	58
33.54	61
32.1	41
33.93	48
33.88	66
33.65	90
34.1	69
34.03	77
34.03	77
35.27	25
33.77	73
36.42	76
33.37	117
59.12	0
32.34	47
33.69	20
34.6	69
34.21	121
34.62	73
33.26	11
33.55	28
31.48	9
33.29	126
31.7	78
33.51	60
31.6	27
32.03	10
34.48	106
33.68	56
35.43	43
33.93	54
32.29	53
34.85	85
32.96	62
53.01	14
31.61	76
33.94	85
32.19	65
33.36	28
33.46	75
34.02	138
33.54	88
34.25	77
33.45	50
56.12	10
34.02	116
34.73	64
32.71	67
32.59	90
36.01	68
32.43	101
32.66	31
34.53	71
33.7	137
33.44	31
33.68	89
34.42	65
35.25	75
32.26	69
33.29	76
32.82	67
33.25	55
34.17	86
35.02	56
32.96	57
33.57	125
33.19	133
35.02	61
32.35	25
32.77	72
34.74	65
35.02	78
33.85	69
32.85	32
33.6	73
34.54	62
33.88	91
32.48	60
31.83	28
33.73	57
31.14	59
32.86	61
33.94	109
34.55	73
34.12	68
33.92	68
33.73	117
35.66	68
32.94	65
32.81	78
32.35	30
34.45	65
32.14	20
33.15	62
34.08	94
33.58	75
36.36	72
32.54	76
33.74	28
31.91	43
33.45	73
33.83	132
32.23	58
33.26	50
34.42	57
34.19	65
33.58	58
33.83	41
33.13	83
34.74	21
34.45	74
34.31	77
32.63	97
34.47	62
33.06	41
32.66	122
33.99	106
34.17	67
31.79	69
33.87	131
37.19	74
33.73	77
32.75	63
34.36	74
34.45	59
33.83	36
33.94	85
33.14	108
32.86	49
32.42	98
33.85	32
32.38	30
34.1	46
32.62	64
32.24	64
34.86	123
33.58	72
34.2	82
34.81	69
33.23	65
33.58	33
32.64	112
31.43	29
34.97	68
33.44	69
55.88	19
33.41	63
33.2	59
35.1	53
34.5	65
32.61	66
34.36	58
33.74	64
32.43	110
33.42	71
34.12	122
43.87	18
50.55	2
34.42	93
34.3	71
34.02	36
34.23	69
33.72	41
34.53	71
34.18	65
34.67	74
34.33	64
34	73
47.79	2
32.96	78
33.49	96
34.8	65
31.87	32
34.27	74
35.08	72
33.06	113
56.29	17
34.59	50
33.41	77
33.36	52
36.2	56
32.64	72
32.85	42
33.53	51
34.32	75
33.15	39
32.76	110
32.41	67
33.79	67
34.34	103
34.44	51
32.25	55
33.59	60
34.49	18
34.06	74
32.04	73
34.42	78
32.4	42
33.16	54
31.46	53
34.52	78
34.03	77
32.89	39
33.19	68
32.54	11
34.12	55
34.49	24
33.94	51
34.62	68
41.94	1
35.1	53
33.83	125
33.9	77
35.7	65
33.39	96
32.33	15
33.5	50
33.33	51
33.35	33
32.83	62
33.32	55
35.19	61
33.19	60
34.21	124
33.83	66
34.15	74
34	90
32.54	57
33.51	90
34.42	74
68.63	2
33.07	76
33.81	62
33.65	60
34.53	129
32.64	30
32.22	74
34.5	39
33.66	83
34.32	54
33.79	24
33.68	56
53.32	16
35.87	51
33.64	76
32.57	74
34.08	105
33.97	119
33.15	78
32.58	61
32.43	70
34.51	56
33.69	73
35.24	66
33.03	77
34.62	67
33.77	67
34.05	49
34.56	139
33.47	140
32.76	62
33.59	97
33.44	126
34.9	62
34.05	78
33.06	77
34.73	42
34.3	31
52.42	7
35.1	55
33.11	55
34.99	55
34.48	63
32.94	73
35.98	63
33.51	141
33.02	33
33.15	115
32.33	44
57.66	8
33.37	122
34.62	68
32.62	68
34.4	66
31.86	76
34.78	99
33.94	62
33.47	94
33.13	72
33.06	46
33.8	116
34.05	74
33.12	25
52.58	16
33.55	82
33.83	69
35.62	43
33.81	55
34.05	51
33.19	71
34.82	104
33.08	36
34.14	46
33.14	42
54.03	4
41.35	46
31.22	10
34.77	91
32.21	47
34.02	15
31.83	16
34.11	124
33.58	44
34.87	73
34.76	73
49	7
34.88	64
34.2	128
33.56	70
35.57	55
32.32	73
32.98	39
33	40
33.68	134
34.27	53
32.77	69
34.35	68
35.43	91
32.63	73
33.4	26
33.98	62
30.83	8
32.23	67
33.49	75
34.63	44
33.39	89
34.46	63
34.7	25
32.19	51
32.2	13
67.78	2
34.4	55
34.2	70
34.09	119
32.18	70
34.24	77
33.24	82
35.23	115
32.37	70
34.51	72
33.59	108
33.9	62
32.25	77
31.99	15
34.79	49
50.37	9
33.59	127
32.69	76
33.71	68
33.01	74
37.49	64
33.59	71
33.14	139
32.77	27
33.54	74
34.49	110
32.1	71
32.31	18
34.35	51
34.87	66
32	58
33.9	72
33.66	88
35.53	62
32.54	105
34.89	61
33.69	69
33.96	3
34.66	29
35.27	127
32.64	13
34.81	67
35.07	61
32.43	82
33.27	3
50.12	1
33.59	80
34.96	124
33.41	65
33.87	69
33.28	70
32.8	26
32.09	10
33.29	78
33.44	72
34.61	58
34.8	62
33.61	85
33.17	137
32.54	30
34.64	70
33.32	126
34.83	21
33.94	48
33.36	125
35.23	69
33.4	84
33.03	52
35.27	124
33.84	72
33.87	116
33.64	62
32.7	134
32.43	74
34.33	108
32.2	78
34.68	36
31.3	10
33.53	78
32.93	52
34.05	75
32.92	58
35.55	65
32.67	109
34.09	55
34.7	35
52.48	15
32.45	80
34.94	111
33.38	75
33.43	71
34.21	68
33.36	85
33.6	76
34.46	39
34.39	66
32.23	122
33.83	54
33	51
34.47	40
33.97	91
32.83	10
33.79	92
34.25	66
33.45	112
49.5	8
36.69	51
35.04	52
32.93	72
33.51	34
49.38	7
35.94	67
33.87	24
36.35	63
34.48	109
32.82	72
33.93	42
33.42	130
33.99	69
33.11	74
32.07	13
33.42	16
33.2	77
32.05	61
31.83	63
33.54	128
32.85	76
34.19	50
33.41	141
33.22	35
32.97	71
34.03	58
33.87	101
34.35	48
34.62	44
34.59	56
33	67
34.19	139
33.84	70
32.68	70
33.73	35
35.06	55
34.57	71
35.62	67
34.12	78
34.02	51
34.25	108
33.11	35
31.41	51
35.15	23
34.6	50
33.92	68
33.44	55
30.74	19
33.66	62
33.35	112
33.85	65
32.64	84
33.08	125
34.48	117
32.54	125
33.36	109
34.34	54
33.06	66
33.02	99
33.67	96
32.96	117
33.54	59
33.65	98
32.91	44
31.29	34
35.45	105
34.11	76
40.81	4
32.24	75
34.24	56
36.89	55
33.38	82
34.65	98
33.09	117
33.47	125
32.4	73
34.59	57
33.57	85
34.42	68
34.36	77
35.35	75
34.7	53
32.11	47
35.24	67
34.39	78
34.33	61
33.55	47
36.42	50
35.14	60
46.8	38
33.12	17
33.08	68
34.88	67
38.75	20
33.05	71
34.76	67
31.89	76
33.71	56
32.13	37
33	101
35.64	55
34.38	67
33.49	60
35.41	46
32.35	103
34.07	56
32.26	20
34.48	54
35.89	51
33.5	94
33.73	96
36.08	24
34.62	73
32.47	99
51.5	2
32.85	71
34.06	115
33.71	74
32.73	70
34.28	56
34.47	76
35.55	50
33.03	58
32.58	68
32.1	68
33.45	96
33.72	41
35.38	63
32.64	68
34.39	43
32.75	128
32.33	69
34.21	70
33.23	49
34.02	46
31.38	61
34.33	75
33.35	115
33.86	78
32.95	38
31.34	70
34.05	63
46.92	2
34.46	108
33.94	71
33.63	41
32.01	13
33.69	32
33.98	106
34.08	47
35.95	67
35.2	110
66.04	2
32.91	78
33.68	75
36	70
51.74	14
33.87	123
34.41	60
33.93	97
33.64	67
34.97	39
33.51	70
33.39	62
34.63	54
31.81	24
34.39	103
34.77	69
34.02	61
33	53
32.57	132
33.18	72
31.61	6
33.51	51
32.04	73
33.89	73
35.75	77
33.9	77
33.81	58
53.13	3
31.28	42
34.96	133
33.21	53
33.24	54
34.36	54
32.58	74
32.81	27
34.56	116
35.86	134
31.72	68
34.55	63
33.13	64
33.41	50
34.43	88
34.85	52
34.49	45
31.65	118
34.47	103
33.63	55
33.34	73
32.38	53
32.67	51
34.09	70
33.94	65
34.08	52
33.89	73
33.55	65
33.9	72
33.67	78
32	73
33.79	66
32.63	48
32.59	27
34.81	72
34.77	22
31.7	23
33.53	9
32.24	25
33.46	117
32.2	77
34.3	78
33.66	71
33.74	130
32.42	64
32.98	71
33.68	76
34.24	56
33.18	61
34.7	69
50.63	10
33.88	137
33.13	91
34.66	55
34.09	53
34.74	60
35.72	59
32.81	73
34.17	55
33.8	76
33.58	72
33.78	68
50.4	12
33.79	62
34.36	83
35.16	93
33.46	141
33.68	55
33.8	35
33.24	60
32.94	69
35.23	39
35.2	64
32.27	62
34.84	56
33.2	63
32.11	15
35.17	66
34.24	55
34.49	64
49.98	12
32.83	76
34.15	101
33.74	55
34.11	59
32.48	136
33.11	68
34.23	139
33.52	53
32.87	119
33.82	67
50.33	7
33.26	77
32.67	15
34.34	102
33.99	122
34.41	76
34.73	94
33.97	48
51.87	13
33.61	83
32.16	77
33.06	124
34.09	55
34.28	61
35.54	51
48.93	16
36.51	61
34.49	106
35.09	62
35	40
33.09	133
32.14	64
48.82	10
35.05	56
32.51	50
34.3	44
32.65	61
34.25	48
35.28	46
35.35	48
33.18	110
33.67	51
35.47	74
33.03	77
34	72
31.32	5
34.04	39
32.51	25
33.31	103
53.31	15
34.58	34
33.96	59
36.38	45
34.78	53
33.73	43
33.49	68
32.04	72
33.19	60
31.9	74
35.59	72
34.11	86
31.39	23
30.93	10
32.9	88
34.17	135
33.39	58
31.89	72
33.97	112
34.5	68
35.27	61
33.89	68
34.54	84
35.45	47
33.19	55
33.2	90
33.24	107
33.16	53
33.29	124
32.24	72
33.11	61
34.13	28
34.44	92
33.22	78
31.93	71
35.49	45
33.99	140
33.26	99
34.44	55
33.36	76
33.49	116
33.23	65
33.45	61
33.25	71
43.82	18
34.13	139
31.62	47
34.19	54
33.37	31
34.85	30
35.31	28
32.31	63
34.4	84
33.93	53
34.17	134
33.37	69
32.88	95
34.51	116
33.82	68
35.57	44
34.39	69
50.88	10
32.9	51
34.01	55
46.8	9
36.04	55
33.99	88
33.11	56
32.94	72
33.67	63
33.72	137
34.74	39
33.73	116
35.21	61
34.02	138
35.22	30
56.25	10
33.9	135
33.77	109
35.41	43
33.95	91
34.15	77
33.66	27
35.26	68
33.6	42
32.49	27
32.41	71
33.61	56
32.38	78
35.54	56
34.02	68
32.79	76
33.44	54
49.54	9
34.2	37
34.7	40
33.25	26
33.93	136
35.42	57
34.71	69
48.2	7
32.51	69
36.23	58
34.62	65
32.31	70
34.49	85
34.4	67
33.5	139
34.06	71
34.03	50
34.18	62
35	61
50.34	6
32.74	43
33.52	79
32.64	63
34.06	66
32.97	61
33.14	56
33.63	56
30.12	2
33.9	75
34.16	43
31.85	11
33.92	71
34.21	61
34.63	48
34.54	62
33.72	46
44.02	23
32.18	65
32.55	78
34.24	69
34.76	48
33.77	52
34.87	98
36.08	59
47.38	13
36.13	50
32.64	78
35.16	66
35.41	65
34.11	73
49.84	8
32.35	78
33.58	28
53.26	10
32.35	78
33.25	65
34.36	53
33.03	54
33.19	74
34.51	68
35.2	78
35.14	46
34.61	80
32.54	74
32.87	48
33.87	60
32.98	78
51.19	15
32.84	107
34.23	66
33.99	35
34.45	50
34.68	66
33.76	58
33.57	55
33.08	141
32.43	59
34.18	122
33.64	62
34.72	127
35.57	76
33.55	59
33.87	78
32.58	59
33.31	77
54.77	14
33.37	72
35.1	49
32.76	64
33.82	107
33.95	70
35.14	69
34.09	68
47.66	34
34.25	117
32.67	39
32.67	39
33.7	67
34.7	53
30.38	15
33.94	33
33.25	128
64.1	1
33.16	136
32.68	38
34.72	32
34.9	34
33.72	111
33.71	68
34.28	135
34.31	104
34.2	52
32.84	48
66.57	5
33.07	73
34.33	135
33.24	25
31.95	34
34.39	73
31.67	76
32.22	58
32.84	127
32.02	78
33.47	79
35.34	23
33.06	72
54.4	15
33.82	32
31.96	25
34.37	67
33.85	76
35.13	38
33.83	68
33.62	47
33.15	64
33.48	89
34.06	56
32.08	22
32.43	65
64.39	1
34.16	72
34.17	31
54.83	14
34.43	76
32.75	102
33.07	44
32.7	74
32.94	77
33.95	58
33.74	104
35.69	52
34.13	32
34.37	54
33.1	77
32.77	77
51.44	14
35.54	66
35.36	50
34.06	75
32.06	122
33.37	45
36.7	52
34.68	53
31.62	65
34.83	59
34.89	109
34.01	87
34.62	65
33.8	128
32.03	17
36.72	67
33.26	126
34.11	81
30.11	8
33.18	23
35.78	48
32.61	43
35.36	68
34	111
34.4	60
32.27	110
33.71	75
33.57	71
32.44	50
33.37	71
34.39	53
32.02	60
33.97	68
35.1	100
33.68	118
34.27	54
34.4	73
33.18	123
32.75	34
34.43	74
33.49	55
34.31	33
35.48	54
34.23	78
33.33	91
35.11	62
33.18	37
32.72	49
32.5	89
34.54	65
32.58	70
35.34	43
33.01	24
34.18	61
34.23	59
34.3	72
33.88	55
34.44	62
34.42	35
33.5	30
33.81	88
33.49	123
33.96	136
34.15	90
32.35	33
35.94	52
33.46	63
35.86	69
32.29	134
34.43	71
34.24	67
33.18	48
34.52	63
33.02	67
33.9	129
33.41	125
33.37	61
32.04	12
32.89	73
34.33	66
34.05	50
33.2	135
33.77	135
33.93	72
35.51	74
33.45	31
34.07	117
33.63	90
33.56	41
33.79	28
35.33	73
33.18	78
31.83	73
34.45	74
33.55	78
33.32	67
35.05	72
32.83	26
65.76	0
34.25	58
33.71	41
33.93	85
33.57	68
33.9	66
35.45	78
34.02	53
34.03	70
33.67	80
33.44	64
34.4	73
33.36	98
33.06	49
33.73	132
34.22	126
51.07	3
57.68	12
33.92	55
33.08	134
34.53	58
32.74	50
32.97	59
36.36	54
35.75	43
32.45	62
35	69
34.4	64
32.48	41
33.67	76
66.49	0
32.99	14
32.98	32
33.72	111
33.95	48
33.62	135
32.96	64
33.43	55
33.7	52
33.69	63
34.18	25
34.91	45
35.1	46
32.06	78
32.72	20
32.75	90
33.23	60
40.56	13
35.48	54
32.54	71
47.67	43
34.21	77
33.53	62
34.22	61
33.98	39
33.49	72
34.12	69
32.3	35
33.42	69
34.15	76
34.29	135
31.55	76
33.37	40
32.69	129
33.78	71
34.7	71
35.24	84
33.46	64
33.76	49
33.19	127
33.49	127
33.86	41
51.84	2
33.47	77
31.59	36
33.29	59
33.46	64
34.28	57
33.65	119
31.77	76
34.45	95
32.41	35
33.77	74
34.51	60
35.8	78
31.64	78
33.58	58
35.93	63
32.03	27
32.85	46
33.92	140
31.81	55
33.18	3
33.38	84
48.83	18
34.69	91
35.06	30
35.8	51
33.5	61
34.09	68
36.88	52
34.31	64
65.82	1
32.18	55
33.25	36
33.8	110
32.65	76
32.68	59
32.7	71
33.78	65
34.78	65
33.94	60
34.12	43
32.88	112
33.99	52
35.27	53
32.16	68
34.12	75
33.46	58
34.01	72
33.65	54
46.26	56
33.99	44
33.76	61
32.62	63
32.11	26
32.5	68
33.07	131
36.72	77
31.6	58
35.25	64
33.89	75
31.74	18
32.54	72
33.45	55
33.45	48
33.71	29
33.71	110
31.59	22
35.24	86
34.02	54
34.19	71
34	55
34.54	66
33.05	36
49.77	11
35.29	94
31.22	73
34.65	127
33.08	44
33.93	72
32.46	42
33.54	75
52.34	6
32.86	78
34.5	47
33.02	140
33.81	63
33.81	63
51.68	13
36.35	38
34.04	61
34.89	58
33.42	26
33.71	63
35.29	59
33.71	63
32.09	76
34.87	55
33.49	63
33.38	35
34.17	61
33.75	40
32.27	78
34.28	97
32.88	120
33.19	64
34.44	132
32.42	78
33.22	77
35.65	51
32.96	108
34.06	39
33.69	35
33.44	95
62.25	1
33.31	104
33.24	70
32.33	24
33.45	27
32.71	60
32.83	70
35.33	63
33.2	32
33.32	120
33.13	71
32.24	67
33.6	46
32.5	76
33.65	68
33.69	121
34.58	69
32.58	24
32.98	77
35.65	107
34	56
33.66	77
32.97	141
51.85	8
32.64	77
34.49	57
32.68	84
34.34	119
33	114
33.12	71
34.42	43
33.83	59
32.69	126
34.87	52
34.1	51
32.33	26
33.28	53
33.87	40
33.41	69
33.31	64
34.06	30
32.68	25
32.97	29
35.21	71
32.42	57
32.71	35
33.41	53
33.8	50
32.46	75
33.43	48
33.1	76
34.53	65
32.8	92
34.39	53
32.43	97
34.77	69
33.57	55
33.02	136
34.39	76
32	46
34.67	74
34.72	61
34.07	74
32.66	76
34.06	68
32.93	49
32.8	42
33.29	51
33.48	127
33.68	134
33.01	45
45.27	2
33.53	71
33.22	77
34.01	49
33.67	106
33.53	91
33.58	54
32.47	76
31.69	59
34.24	84
33.84	66
33.1	64
34.02	59
33.04	58
33.85	49
33.94	61
34.33	63
33.64	62
33.84	59
34.02	53
35.41	63
45.06	8
47.1	13
33.56	134
31.93	133
33.16	68
33.62	75
50.67	13
33.56	71
34.13	110
32.85	74
36.12	53
34.85	47
31.88	70
34.58	64
34.07	133
33.67	32
36	34
33.08	68
34.24	106
51.23	7
32.89	54
32.82	70
34	73
33.45	72
33.79	63
34.43	67
33.68	46
32.21	135
51.59	2
32.94	70
34.2	74
61.46	0
33.71	70
33.3	70
32.72	45
33.92	87
34.07	58
32.77	65
34.34	71
33	49
33.15	49
32.36	76
33.83	66
32.5	129
32.83	56
34.69	67
62.08	9
33.47	62
34.07	111
33.1	76
34.44	60
32.45	18
33.5	47
32.55	63
33.91	112
34	110
34.22	72
33.57	55
33.36	70
32.31	116
34.54	51
32.48	73
33.73	125
33.68	72
34.41	75
33.56	104
56.55	19
32.59	75
32	28
34.49	65
34.24	102
33.7	135
34.02	72
33.38	64
33.85	95
33.05	73
31.97	65
33.42	62
32.83	119
34.51	51
33.86	92
32.6	26
33.79	87
34.27	65
32.82	73
35.7	28
33.82	48
33.67	77
34.25	138
33.14	41
32.89	63
34.12	61
34.93	76
32.95	135
33.47	80
35.51	50
32.72	72
34.53	103
32.92	48
35.04	106
32.62	59
31.8	54
35.56	65
66.34	1
34.47	41
32.15	68
34.55	78
32.61	77
34.08	51
32.91	139
32.92	75
32.83	73
34.95	100
34.12	55
34.58	76
33.3	98
33.4	89
34.86	56
55.36	14
33.44	113
35.36	75
32.81	73
36.13	86
32.77	64
34.45	89
34.32	54
47.89	20
36.62	69
32.13	77
32.48	78
34.4	99
33.77	55
33.67	72
30.9	26
32.05	41
35.11	31
35.44	135
32.63	120
33.74	133
34.36	75
36.04	68
32.57	75
33.68	70
33.35	45
34.88	64
33.25	120
33.53	136
100	0
32.96	74
32.12	49
34.09	31
33.69	22
32.63	43
34.39	67
33.91	55
34.89	66
34.98	55
35.19	50
33.07	137
33.17	86
32.91	40
33.99	35
34.81	54
32.96	65
34.57	55
33.8	71
67.48	5
34.95	87
33.83	69
32.25	37
34.13	110
33.14	56
34.03	126
34.12	132
33.08	96
32.07	76
32.9	75
35.41	45
31.58	72
33.95	78
34.97	100
33.58	107
33.79	59
31.94	74
32.69	88
34.27	44
35.11	121
33.88	75
63.93	5
33.61	136
32.27	93
32.57	138
34.15	21
34.06	51
35.59	35
33.86	34
33.9	66
33.65	128
34.08	87
33.37	77
32.7	35
34.16	88
33.77	132
34.18	82
31.41	17
35.46	74
34.68	61
33.9	24
33.54	129
33.56	114
32.9	117
33.53	25
32.44	111
33.08	54
32.87	69
33.52	75
33.89	68
32.86	98
34.64	63
34	128
32.54	106
35.79	53
34.68	61
32.1	46
33.48	71
33.25	51
33.07	94
33.48	41
32.75	97
34.24	103
33.44	57
36.41	58
34.43	114
32.49	73
33.94	65
34.45	112
35.42	58
33.7	113
32.29	51
33.2	68
32.38	57
33.32	69
33.69	50
33.91	124
32.78	55
35.66	54
32.85	78
35.34	63
31.3	62
33.15	77
34.4	75
34.45	116
34.66	64
33.15	77
34.96	61
33.15	77
33.57	23
34.84	128
33.07	77
34.39	70
33.04	69
34.44	117
34.55	66
33.26	61
52.4	4
33.95	126
33.65	81
31.74	23
32.69	132
32.91	99
51.23	13
33.62	18
34.77	61
34.73	57
30.14	0
33.49	121
33.7	67
33.34	30
34.29	61
32.31	74
33.79	71
32.75	69
33.52	115
32.75	64
34.76	22
33.14	60
33.17	72
31.88	67
32.95	136
31.65	75
31.77	22
33.18	62
34.58	56
33.61	69
33.14	39
34.29	69
32.89	43
35	74
33.14	38
33.61	111
33.71	44
33.3	138
34.18	82
34.8	59
32.47	45
33.82	30
34.16	96
34.43	128
33.92	54
35.74	72
32.87	117
34.76	44
33.55	78
31.15	16
34.37	61
34.63	42
33.1	34
33.27	141
34.36	114
34.06	129
34.16	79
30.94	11
34.85	35
34.62	68
33.36	73
34.38	132
35	61
33.38	141
32.38	77
33.75	111
33.34	138
34.8	59
34.19	75
34.18	82
33.78	132
33.94	96
33.48	65
34.54	128
33.92	54
33.42	26
34.12	63
32.96	65
33.67	63
32.47	64
34.76	73
32.44	107
35.23	44
33.65	54
32.8	136
35.26	73
33.06	78
34	23
31.92	25
35.36	57
32.66	67
32.88	132
33.88	66
32.22	78
34.94	112
33.45	54
33.25	62
33.86	71
32.7	141
33.19	27
34.44	61
32.27	76
50.36	12
34.17	60
33.79	74
33.01	27
33.93	68
34	117
33.8	54
33.02	64
34.11	82
31.98	69
32.95	69
50.47	13
34.24	55
34.31	101
34.47	110
33.9	55
35.42	77
33.61	102
33.62	113
31.42	6
42.81	39
33.53	60
31.89	128
32.81	20
37.14	75
35.02	62
35.41	64
33.93	76
33.79	123
32.74	71
33.42	115
34.29	37
31.44	11
31.39	72
33.82	129
34.19	67
32.87	76
34.15	116
34.97	42
63.2	4
33.83	78
65.33	2
35.24	11
32.97	91
32.62	75
32.14	66
32.38	26
34.57	70
34.05	58
35.52	28
33.36	23
33.48	77
33.59	131
35.11	67
31.55	13
33.75	60
62.97	1
33.91	110
33.06	60
33.54	137
34.88	34
33.61	44
32.23	36
34.4	78
33.99	50
34.59	63
35.5	107
55.2	20
32.12	58
32.58	58
33.38	141
32.42	72
34.35	124
34.36	59
34.23	63
33.29	97
33.54	59
33.55	65
33.12	56
33.18	121
34.48	74
53.12	13
32.75	26
32.33	34
32.74	18
35.12	53
35.01	71
32.27	42
33.69	141
33.72	17
33.36	64
33.33	79
33.93	65
32.86	63
35.68	70
33.06	134
33.4	64
32.88	132
31.05	78
68.73	3
34.46	65
32.51	76
33.69	104
33.88	65
35.62	46
32.59	60
34.64	49
47.01	5
32.75	74
34.82	67
32.8	78
32.79	54
33.68	55
34.84	58
32.66	124
33.33	68
32.72	78
50.44	10
33.93	71
33.46	48
33.26	89
31.94	75
35.45	72
33.01	90
34.81	58
34.16	69
34.51	83
31.02	26
32.54	78
33.09	58
34.91	59
34.95	56
32.18	67
33.14	70
34.08	68
56.04	19
33.86	77
35.07	78
32.66	74
33.18	62
33.66	27
34.62	63
32.56	129
34.99	72
34.28	72
34.83	55
33.64	74
34.65	67
35.02	75
33.74	63
33.23	93
32.71	55
33.36	75
32.96	78
32.44	134
34.49	48
35.35	76
36.19	74
34.95	77
32.66	43
32.54	63
33.45	106
32.58	116
32.31	76
34.82	28
53.55	1
33.8	34
32.72	88
32.59	12
32.24	123
33.62	76
32.13	45
32.44	129
33.72	61
34.2	118
32.09	101
34.28	67
33.53	129
34.58	61
33.33	68
33.27	135
32.98	68
34.74	69
34	52
33.42	55
31.92	79
35	106
33.23	61
35.07	69
34.31	53
33.53	74
48.37	25
36.89	60
33.94	57
32.43	111
33.36	139
32.73	69
34.51	42
33.29	68
34.01	65
35.06	127
33.69	91
33.01	42
32.89	33
34.48	59
32.71	71
34.59	64
33.94	73
33.68	64
33.78	127
33.53	78
31.37	24
47.06	43
33.47	127
34.7	93
56.18	17
31.79	15
31.35	60
34.91	42
33.34	23
33.04	77
32.96	37
34.04	104
34.92	33
33.72	72
63.97	3
33.41	69
32.71	39
35	39
33.53	78
33.15	94
32.84	74
32.96	66
33.23	66
33.65	60
32.7	84
31.77	15
33.11	76
33.36	69
34.12	33
34.47	114
34.53	118
32.88	34
33.51	73
37.06	64
33.41	70
34.15	64
33.07	61
33.97	73
33.51	114
32.73	78
33.5	120
32.54	83
32.29	74
33.05	78
33.92	135
31.78	51
32.42	132
35.5	72
33.1	117
30.77	22
34.33	131
32.85	69
32.87	36
31.78	34
33.74	32
33.26	36
33.96	76
32.73	78
34.43	123
34.05	130
32.96	41
34.36	42
35.05	56
33.77	76
33.51	69
33.11	78
34.29	56
34.28	91
33.11	54
33.83	39
35.24	73
50.97	10
32.12	74
36	48
33.15	77
34.4	130
53.37	19
35.07	52
34.89	72
33.85	68
33.65	61
33.53	75
34.21	79
33.88	78
37.19	74
33.25	75
32.05	51
32.64	57
34.75	85
34.25	93
35.33	70
34.05	59
32.46	70
31.11	32
33.94	67
32.68	66
32.92	66
35.73	59
34.9	85
36.81	74
33.84	78
35.25	101
32.31	70
32.27	2
34.76	50
34	128
34.57	56
32.51	38
34.97	66
33.51	71
32.43	70
32.48	93
35.18	34
34.61	61
34.49	32
34.44	68
32.9	75
34.74	80
32.44	76
34.74	49
33.25	71
34.09	141
31.51	29
31.54	4
33.29	75
34.99	49
33.07	38
36.53	74
34.15	127
35.74	34
33.35	109
32.66	59
32.15	33
34.62	112
33.33	71
52.38	11
34.33	61
33.84	62
33.77	59
34.93	63
33.73	60
34.46	78
64.36	2
32.85	134
32.61	76
33.96	71
33.8	13
33.22	60
33.63	78
34.64	56
34.95	34
34.42	52
33.72	141
33.32	59
33.62	73
32.06	61
33.76	69
32.95	92
32.84	28
34.59	61
34	55
33.33	64
33.38	104
33.94	69
35.29	22
33.42	129
33.83	60
32.68	88
34.19	103
33.54	55
33.16	141
33.81	47
34.41	95
34.54	107
32.57	59
33.41	134
34.12	42
33.97	24
34.34	76
32.42	75
33.52	73
34.79	76
33.25	70
32.74	34
35.1	98
34.41	70
33.42	63
33.49	57
32.66	109
35.2	70
32.73	132
31.44	75
33.35	134
34.94	72
32.15	77
34.29	49
32.13	22
34.05	63
34.65	74
31.69	44
32.71	42
33.76	62
34	76
33.56	49
32.89	60
32.89	129
34.77	57
32.28	73
60.02	2
33.74	94
34.81	21
33.02	29
33.13	68
34.46	69
33.18	68
35.27	70
33.6	77
33.67	94
64.79	2
33.31	59
33.67	36
30.7	76
33.57	107
32.64	91
33.75	72
32.63	136
35.63	70
34.75	54
33.54	67
32.73	63
32.76	48
34.33	28
33.43	54
33.37	59
32.35	37
34.63	66
33.38	42
34.8	59
34.95	109
35.46	74
35.15	61
34.39	127
52.32	1
33.31	43
30.91	10
33.16	71
32.15	66
30.4	16
33.19	141
33.75	134
33.9	90
34.09	102
33.52	107
33.48	71
51.13	8
34.76	52
33.38	67
32.95	76
32.98	41
32.92	141
33.41	50
34.04	51
33.32	99
33.53	55
32.67	52
32.33	62
33.08	138
34.31	106
34.88	112
32.78	20
33.74	125
34.37	102
34.33	48
33.93	108
32.73	22
33.28	67
34.66	69
33.38	120
33.5	76
34.61	55
50.85	5
33.54	53
33.42	120
33.38	41
33.17	128
33.2	52
33.15	41
33.21	33
31.97	73
34.46	38
31.34	39
30.95	19
34.25	67
33.77	63
52.44	8
34.19	55
33.59	57
33.55	43
32.5	76
32.81	118
33.68	53
34.14	137
34.93	59
33.61	46
38.81	47
33.68	62
32.71	138
53.11	1
33.84	74
32.45	76
33.03	107
34.04	77
32.01	76
32.16	31
32.53	41
32.88	29
32.66	48
32.13	48
32.24	28
31.19	7
32.92	95
32.32	48
33.89	66
34.42	71
33.07	35
33.04	122
34.22	116
32.29	57
33.85	61
33.82	81
32.51	108
35.23	71
33.11	69
34.11	65
33.9	56
50.42	13
35.52	49
52.44	13
34.86	60
32.67	77
34.2	74
32.41	73
33.24	60
33.48	74
34.16	134
34.55	98
34.92	60
34.08	138
33.76	50
35.38	55
32.86	71
32.93	75
32.27	76
33.12	59
34.55	57
31.39	32
33.32	132
33.6	36
30.95	15
33.76	140
34.23	62
33.52	47
35.5	84
34.09	43
34.51	56
33.65	136
34.24	73
34.5	126
45.53	19
31.31	136
33.58	68
31.03	3
35.68	69
33.84	106
34.85	38
36.12	59
33.5	116
31.09	16
34.2	83
31.44	134
34.26	112
33.03	91
33.49	61
35.1	60
34.16	59
53.63	10
34.09	63
32.93	76
33.86	30
33.38	38
32.87	67
33.62	54
33.01	73
33.84	49
33.18	74
35.61	65
31.93	70
33.19	69
32.29	62
33.36	78
33.61	55
33.1	50
33.37	52
33.65	121
35.04	67
33.35	139
31.78	76
33.22	77
35.47	64
34.92	48
30.7	3
32.84	136
34.01	73
32.67	71
33.32	61
33.22	72
32.62	78
33.55	27
50.92	13
34.63	83
32.83	65
34.06	55
32.71	45
32.71	21
32.58	7
32.31	48
33.12	109
32.28	72
32.82	65
32.7	76
34.62	73
34.36	73
32.2	78
31.8	43
32.93	23
33.19	108
34.15	76
32.58	62
33.55	74
33.92	73
33.55	21
55.9	20
33.38	46
34.16	74
35.53	74
51.04	7
33.27	70
36.5	63
33.68	71
34.25	98
32.93	67
34.07	66
33.24	83
34.5	66
34.11	75
34.94	124
31.98	76
33.13	32
33.13	68
34.37	4
32.46	75
33.08	67
32.03	72
33.19	139
32.83	113
33.92	50
33.5	138
34.85	50
34.31	49
34.02	71
33.05	94
34.49	41
34.16	96
33.13	120
34.09	129
33.54	77
34.51	69
36.24	49
33.93	58
33.94	66
52.81	0
35.21	36
34.41	138
33.26	139
34.15	119
49.96	0
33.34	57
35.55	59
34.42	71
34.36	12
34.64	94
33.03	47
34.8	24
34.6	107
33.12	64
33.76	2
34	77
33.68	55
32.76	62
34.99	102
34.2	62
34.92	74
33.03	140
33.92	71
33.92	78
34.03	112
32.88	50
34.7	50
33.41	73
34.02	56
33.13	13
33.32	53
33.19	75
67.21	3
35.23	59
33.84	62
33.97	123
35.18	47
32.55	78
33.68	113
34.84	43
33.78	111
32.73	78
32.84	62
34.01	56
32.83	116
34.35	75
33.05	78
54.7	15
33.41	72
35.42	61
33.55	63
32.77	75
33.23	43
35.47	76
34.42	62
34.96	54
32.82	74
33.57	73
33.8	38
34.24	88
34.35	78
32.45	88
33.18	26
33	73
33.14	43
33.98	103
33.56	139
34.07	36
34.48	39
32.81	87
33.49	70
33	62
34.05	52
34.45	134
33	109
35.86	51
30.98	20
34.41	78
34.28	117
32.83	57
31.02	27
34.13	38
34.9	65
33.12	76
33.61	78
33.18	122
32.39	66
32.65	40
33.15	124
34.87	33
32.93	138
32.27	107
32.94	124
32.77	63
33.27	58
33.49	80
31.67	17
34.98	73
33.31	42
33.81	72
35.48	68
33.22	77
34.3	68
33.8	49
34.57	61
31.36	41
31.98	76
53.4	15
34.07	68
35.67	57
33.43	55
33.4	140
32.77	79
34.38	105
32.13	61
33.55	31
34.62	40
32.34	72
33.5	115
34.94	70
31.57	42
34.17	73
32.88	55
33.71	102
35.17	70
34.28	74
33.69	32
32.56	118
33.18	55
32.7	44
34.54	57
32.75	136
32.74	72
34.05	134
34.42	70
33.98	74
31.9	31
32.96	78
31.14	44
32.3	43
33.01	35
34	58
35.62	77
34.5	77
33.24	65
33.26	35
33.7	57
34.5	94
32.05	20
32.61	37
34.42	42
34.1	26
34.5	131
32.7	19
32.88	58
34.2	60
33.27	78
34.76	88
34.02	71
34.01	65
32.64	51
36.32	74
32.19	69
33.76	67
49.47	6
32.75	71
34.06	82
33.18	105
33.06	77
34.54	63
32.48	60
33.21	57
53.36	15
32.96	134
33.97	60
32.23	55
33.9	91
33.8	52
34.83	30
36.32	71
32.98	64
35.74	65
34.09	93
32.22	37
33.22	78
32.06	46
34.23	61
32.94	35
53.54	15
34.13	59
33.82	78
33.83	39
32.68	141
32.58	40
32.51	74
33.02	91
33.11	54
32.53	59
30.35	2
34.29	36
34.74	53
33.73	126
35.44	51
34.89	89
31.47	27
34.36	86
35.05	59
34.75	70
34.18	44
33.22	120
36.03	65
33.31	112
34.16	91
31.68	51
33.77	75
34.81	32
34.1	87
33.79	85
33.88	60
31.83	23
33.03	140
34.56	61
34.06	78
33.28	114
36.09	56
33.61	74
35.72	68
33.46	75
34.58	59
33.24	41
33.01	64
33.67	48
33.92	36
33.41	137
32.5	52
32.88	77
33.88	14
35.88	69
32.89	73
33.18	69
33.11	70
32.47	68
33.64	114
34.26	68
32.09	35
32.4	26
32.44	59
33.89	105
35.22	66
33.19	68
33.64	73
33.19	67
31.48	61
33	71
33.45	102
33.41	68
32.71	141
33.8	57
66.76	4
33.51	59
32.4	65
32.32	65
33.83	66
32.7	59
33.36	108
34.84	65
35.22	107
32.53	67
32.51	10
32.7	135
33.07	128
33.19	132
33.62	135
30.08	0
34.86	122
32.59	16
32.07	34
33.26	64
34.27	34
33.16	36
33.28	70
33.34	57
33.27	141
33.11	59
33.92	48
34.39	126
33.61	59
34.51	45
33.73	60
33.6	133
34.75	71
34.46	74
33.49	74
33.49	74
34.38	28
34.44	26
34.02	59
33.27	66
33.09	69
33.24	50
33.05	76
33.41	77
33.89	127
33.41	76
33.79	28
34.31	42
35.52	53
33.8	61
65.67	2
33.39	45
33.64	73
32.46	77
34.37	73
34.03	71
34.53	47
31.76	14
33.53	44
54.55	16
33.42	140
35.28	76
33.59	90
33.68	114
35.46	72
34.12	55
32.47	29
32.65	77
33.05	71
33.81	37
33.65	103
31	22
33.29	63
33.76	75
33.19	74
33.64	78
33.99	75
51.28	12
35.01	36
33.09	68
34.09	78
51.14	14
33.92	61
33.25	86
34.51	99
31.83	61
33.97	133
33.61	20
33.9	59
33.51	23
34.01	125
33.25	141
33.27	74
33.11	74
34.61	72
33.03	42
33.68	25
33.7	78
33.61	68
33.19	76
35.25	33
34.42	128
35.28	58
33.55	54
33	55
33.46	67
33.77	77
34.02	113
35.79	30
31.54	54
33.9	20
35.27	54
33.41	84
32.6	123
32.08	76
33.12	67
33.26	108
53.2	5
33.66	65
31.55	2
31.95	74
34.22	91
32.92	94
32.09	50
34	58
34.94	31
33.6	58
34.5	48
33.97	53
33.36	75
33.77	89
32.93	86
32.1	29
33.61	73
33.75	49
33.44	131
32.47	69
32.69	55
32.13	28
31.79	51
34.18	56
35.14	61
34.3	92
33.84	60
34.77	76
33.83	40
33.59	63
32.79	19
32.7	48
51.86	9
33.28	56
33.52	78
33.23	72
33.58	55
32.94	132
33.15	109
32.75	101
34.76	78
33.96	51
34.93	52
33.9	90
34.35	117
32.74	32
33.98	41
33.45	76
33.57	78
32.74	43
32.99	26
34.56	90
35.19	70
33.96	72
32.88	63
33.18	136
34.64	39
34.4	93
32.72	60
33.98	79
33.89	38
32.1	63
34.51	49
35.18	73
33.47	132
33.95	125
33.33	41
34.77	74
33.23	88
34.2	133
33.93	71
33.9	96
34.55	107
33.89	62
33.23	126
33.91	79
34.66	73
32.59	59
34.91	26
32.16	50
35.08	96
33.55	120
32.98	76
33.41	109
34.28	99
33.73	138
33.96	102
33.97	42
33.55	27
34.42	122
31.21	63
33.5	72
33.87	68
34.05	38
32.48	75
32.02	35
32.67	60
33.98	34
33.24	114
34.21	63
34.16	69
32.5	77
34.26	89
32.63	70
34.55	88
34	74
35.07	74
34.45	43
35.1	54
33	75
34.56	71
33.79	69
33.7	55
35.31	54
34.2	131
32.77	66
33.5	64
32.46	69
33.84	28
32.92	78
35.66	77
32.18	29
33.01	28
31.61	15
35.11	72
32.54	55
33.38	58
33.84	76
32.84	37
33.76	55
31.49	32
34.15	91
31.73	61
32.98	104
34.02	46
33.45	73
34.19	66
52.67	14
33.09	139
34.58	59
33.55	59
34.54	67
33.31	76
34.84	75
34.38	45
35.79	61
34.56	54
32.46	27
32.37	74
51.81	14
33.55	41
34.43	120
33.51	36
32.45	67
32.98	68
33.57	69
34.3	137
33.07	36
33.2	132
33.17	51
34.94	126
32.53	74
34.28	53
35.17	57
32.74	29
33.4	94
34.03	85
33.52	58
34.02	42
32.8	74
33.8	55
32.43	2
33.54	72
33.51	55
34.55	67
32.27	70
33.49	75
32.38	78
33.53	77
35.45	84
34.67	56
33.53	77
53.58	15
34.58	54
34.55	59
32.7	78
33.91	32
33.71	75
65.68	2
35.26	34
33.09	62
34.5	36
34.86	55
34.11	75
33.73	62
33.12	141
33.71	41
32.63	59
32.93	137
34.92	40
32.51	77
34.19	74
32.72	62
32.72	62
34	97
32.93	90
55.9	19
34.83	70
34.15	65
34.79	64
32.49	33
33.33	115
32.87	40
32.9	30
30.91	33
32.75	67
33.48	56
33.38	63
35.26	75
33.51	133
34.74	105
33.21	82
33.43	112
33.28	134
55.54	13
30.91	19
34.35	45
33.49	14
55.54	13
34.24	130
34.37	81
34.32	77
34.09	124
33.62	51
34.01	63
34.24	55
34.41	21
32.18	72
33.35	125
34.04	124
32.91	132
33.3	71
32.92	66
55.5	6
49.8	7
33.17	94
34.18	41
30.98	70
30.98	70
32.97	74
33.78	66
31.78	55
33.58	53
32.62	67
33.75	111
48.57	1
34.74	74
33.44	58
33.82	75
33.51	21
33.37	74
32.98	46
33.84	53
36.01	72
32.03	53
34.55	71
34.47	101
31.53	73
33.6	131
32.97	21
31.32	31
33.44	60
36.22	69
58.49	4
31.61	173
32.85	76
33.35	83
31.75	86
34.22	46
34.47	53
32.33	170
33.51	77
33.64	44
31.77	74
33.94	78
32.32	76
35.59	102
32.4	83
31.98	59
34.36	61
32.51	88
33.9	127
32.79	69
33.67	79
31.92	60
32.55	65
32.06	84
32.28	87
34.58	71
32.53	80
32.32	87
31.89	48
34.74	73
32.46	87
32.46	87
33.37	76
32.73	87
32.88	25
34.32	79
31.8	73
32.76	15
33.07	83
32.6	135
33.48	63
34	52
34.49	140
33.18	145
32.32	83
32.36	87
45.23	39
36.42	119
36.05	121
46.52	38
32.81	73
46.37	38
46.4	39
45.62	36
31.52	24
32.34	156
33.28	69
32.33	84
32.64	64
32.77	78
31.33	82
32.68	72
34.05	59
32.82	71
32.87	66
32.51	86
32.66	86
32.9	71
32.47	138
33.42	77
31.71	83
32.62	65
33.77	46
37.51	111
33.5	45
32.47	147
33.85	137
32.34	116
35.41	72
35.66	63
32.61	81
33.64	71
34.44	77
33.77	72
33.98	66
36.66	110
34.44	77
31.75	66
31.33	84
32.54	53
35.25	133
34.06	32
34.05	43
31.08	87
33.75	77
32.25	53
32.51	165
33.27	74
31.45	39
30.61	80
34.49	76
34.7	103
44.14	52
33.64	86
48.73	27
31.75	70
32.9	134
33	48
31.88	135
34.44	51
32.32	86
31.42	73
33.83	70
32.98	175
34.48	79
34.9	61
32.66	177
31.76	85
33	69
32.64	143
32	66
33.63	64
34.34	53
32.96	29
33.43	70
32.61	88
35.56	49
36.76	72
32.68	79
36.56	111
30.53	53
33.03	87
35.92	22
32.89	69
33.72	71
31.99	57
32	80
33.23	78
34.06	116
46.74	37
32.6	68
33.31	106
32.41	13
34.61	88
34.96	75
32.24	77
32.74	107
34.05	53
36.02	109
35.43	112
32.91	106
32.99	136
33.07	68
31.72	83
33.32	74
30.97	77
32.55	72
32.78	81
31.94	80
33.57	20
33.31	155
32.66	77
34.58	54
31.47	19
34.09	25
32.38	60
35	72
33.08	66
31.13	9
33.14	81
32.51	151
32.92	62
33.67	56
34.71	51
33.11	58
36.76	112
33.76	79
32.2	77
32.34	52
33.93	70
34.61	84
32.81	115
32.31	65
31.41	81
37.03	111
34.72	72
34.12	67
31.92	69
31.3	17
30.83	77
32.54	34
33.97	89
33.93	33
31.07	43
32.46	61
33.04	77
33.53	67
34.84	50
34.97	113
33.7	101
34.1	35
34.1	35
33.76	119
32.34	162
33.09	64
33.32	33
31.82	3
33.47	42
33.75	79
31.82	55
34.1	165
33.57	70
33.71	79
46.33	37
32.95	163
34	45
33.43	97
45.45	45
34.79	83
33.9	52
33.12	79
33.79	30
33.03	87
33.42	62
32.4	166
35.73	85
33.78	122
33.71	79
33.5	147
31.19	86
34.53	52
34.98	52
32.58	80
32.52	84
32.52	84
33.94	83
31.63	84
31.63	84
34.4	52
33.11	13
33.56	47
45.46	38
33.46	60
33.71	79
32.96	83
33.66	88
30.83	76
32.14	147
46.03	39
34.55	67
34.06	82
33.08	152
34.59	67
33.12	54
33.81	103
33.15	123
32.57	64
32.27	131
36.83	110
33.21	105
31.8	149
31.41	76
33.63	69
30.58	53
33.97	66
32.82	76
32.81	72
37.12	114
31.53	83
33.23	50
