sim	len_diff
34.4	55
37.9	32
35.09	31
33	61
34.16	61
33.77	107
35.5	60
34.05	31
34.56	59
34.52	44
34.85	140
34.19	29
33.51	53
33.67	126
34.09	59
34.56	54
35.14	64
32.05	72
34.93	38
33.91	94
33.73	117
34.97	49
35.81	50
32.72	61
33.42	56
35.49	35
32.81	61
33.39	92
33.43	29
34.17	65
32.4	64
33.61	42
33.61	42
34.02	42
31.54	70
31.67	69
35.1	40
33.76	71
34.72	51
31.55	108
34.62	26
33.15	62
34.32	30
32.06	124
32.17	55
35.11	38
34.09	55
33.35	27
34.13	40
32.25	25
33.73	63
34.36	37
31.85	72
33.61	64
34.43	53
31.79	66
33.64	57
34.45	50
35.59	89
35.59	89
32.68	69
33.85	105
33.04	54
33.8	64
33.41	81
32.52	125
32.17	68
33.47	67
33.25	60
35.1	47
33.55	65
32.59	72
34.22	105
35.06	44
34.4	81
37.6	57
33.94	53
33.75	47
31.4	65
32.22	72
33.69	70
34.5	14
31.69	21
34.22	118
33.14	81
34.18	63
34.46	75
32.7	64
33.23	137
32.88	69
33.36	132
36.94	41
33.22	70
34.82	53
33.11	89
33.85	63
33.83	68
33.62	83
34.73	33
33.21	67
33.88	5
34.1	87
34.69	51
31.41	66
36.01	61
36.12	44
32.27	63
31.01	71
33.38	68
32.65	61
33.96	51
32.08	141
32.83	71
33.45	34
33.26	117
32.21	18
35.77	61
35.7	33
33.33	101
31.99	111
33.32	70
33.54	72
35.96	53
34.83	51
34.54	66
32.56	61
33.77	112
33.37	72
33.88	38
33.75	61
32.69	126
31.75	65
32.72	8
33.9	60
36.02	53
33.13	67
34.37	57
33.61	67
32.97	131
35	68
33.26	71
34.03	44
33.5	2
34	46
31.31	82
33.22	67
32.97	50
32.9	71
34.82	1
32.69	37
35.86	54
35.26	69
34.47	79
34.71	8
32.82	77
33.68	71
32.88	121
32.41	58
32.41	78
35.25	88
31.19	67
34.39	60
33.95	50
32.4	61
33.93	54
33.22	115
33.53	65
34.46	116
34.95	44
32.67	42
34.25	19
32	65
32.97	121
33.95	25
35.24	54
34.36	44
32.9	61
32.59	37
33.09	36
34.52	57
33.17	34
33.27	60
34.68	58
34.17	45
32.55	131
32.22	72
34.22	31
33.31	112
33.84	72
34.59	33
31.72	66
34.22	63
33.75	50
34.29	21
33.13	48
32.95	72
31.9	70
32.72	70
32.73	93
33.48	63
34.56	58
33.37	24
34.51	51
33.46	45
31.86	69
33.19	62
35.18	48
34.38	33
35.61	44
33.84	67
32.05	67
30.7	72
32.42	118
33.09	60
34.27	12
32.65	42
35.3	102
32.52	71
32.9	70
32.44	98
32.59	65
33.67	58
32.31	67
31.69	63
33.61	68
33.54	58
32.08	60
33.31	61
34.07	53
34.06	68
33.54	58
32.74	61
31.95	61
36.29	47
33.27	58
33.19	72
31.54	70
31.02	65
32.5	72
33.07	72
34.26	44
33.84	65
35.39	50
34.66	53
34.32	61
31.98	70
34.28	49
32.98	49
32.68	60
33.81	51
31.99	71
34.29	44
31.11	58
34.63	57
33.52	72
32.63	57
31.8	68
31.1	58
32.15	70
34.49	61
32.5	64
34.16	31
32.72	56
31.97	56
31.88	68
33.92	69
33.4	72
34.68	47
33.88	71
34.61	32
32.21	55
34.73	72
32.72	49
33.68	54
34.58	74
33.56	88
35.03	37
34.97	33
32.04	142
32.84	118
34.58	91
34.61	54
35.5	45
34.97	58
35.07	21
33.19	126
33.37	60
33.39	20
34.69	29
34	46
33.58	51
36.45	37
34.32	55
32.11	62
32.82	57
32.52	140
33.14	71
36.86	33
32.15	63
35.52	49
32.4	65
34.14	53
34.22	48
32.44	72
32.95	18
34.12	27
33.05	72
34.11	44
33.41	69
35.04	50
34.31	63
32.54	72
33.38	72
33.79	98
32.8	63
34.17	48
34.11	67
35.58	57
31.9	59
34.39	66
32.9	127
32.82	64
34.22	81
33.05	22
34.34	106
35.82	28
33.13	62
33.43	100
34.5	89
33.06	55
33.6	67
34.35	98
34.23	64
32.59	64
34.51	125
33.01	67
32.4	60
34.68	59
33.76	62
33.14	70
33.66	55
35.79	64
34.39	58
33.52	61
34.51	66
32.78	74
30.75	71
36.8	45
35.19	45
32.06	14
34.35	61
32.67	48
33.31	74
33.85	62
33.3	80
33.06	60
31.67	62
33.03	79
33.71	75
33.02	61
37.62	42
36.36	52
34.95	34
37.2	74
33.45	63
35.14	60
35.01	41
31.62	1
35.27	34
34.27	56
35.27	36
33.86	58
33.77	41
32	64
35.4	83
35.37	44
33.21	47
35.32	40
32.25	85
35.67	57
33.29	89
33.29	10
34.03	32
35.4	29
33.67	35
32.75	115
31.97	64
33.54	55
36.81	25
55.91	6
35.2	87
35.87	36
33.89	64
37.31	72
34.19	34
34.32	28
33.09	55
35.07	94
34.76	18
37.75	33
34.16	55
38.02	16
35.12	47
34.97	46
34.1	91
35.28	57
33.97	48
35.83	48
34.25	34
33.24	41
32.82	113
32.7	24
34.02	67
34.96	44
34.72	58
33.26	36
33.86	29
34.53	45
34.35	27
32.63	55
35.3	78
34.07	95
34.71	74
31.66	55
33.71	87
35.3	78
35.14	107
35.88	57
33.72	56
33.86	69
34.77	21
32.84	19
34.34	66
34.87	39
35.27	58
33.62	50
34.87	39
33.92	114
35.82	40
37.26	82
36.66	34
35.91	44
34.31	39
35.59	32
38.14	64
34.76	6
38.34	13
34.85	100
35.13	36
33.38	63
34.43	18
38.84	24
38.25	12
34.7	41
33.46	89
34.58	106
34.43	18
32.7	72
42.03	36
32.65	90
35.84	56
35.08	60
32.54	5
37.72	37
34.04	80
32.78	14
34.77	58
34.06	57
32.25	8
33.11	54
34.46	24
33.43	54
31.63	64
31.6	12
33.02	54
32.79	52
31.64	57
34.29	54
34.07	58
33.72	111
34.99	50
39.9	26
36.14	54
33.66	38
33.18	57
32.82	2
33.42	50
33.94	94
33.49	52
34.15	63
34.2	50
34.74	59
35.95	25
35.85	41
36.62	79
33.32	26
33.78	112
34.27	49
32.82	53
32.22	46
35.22	55
33.48	16
32.08	58
34.75	51
32.22	56
33.74	112
31.51	110
33.61	79
38.45	65
38.21	67
37.17	53
35.58	106
36.15	49
35.5	44
34.9	10
33.11	37
35.72	53
34.17	44
32.73	0
38.61	11
32.44	45
33.15	54
34.13	50
35.4	50
32.45	21
34.62	50
33.6	113
34.36	64
33.85	55
33.35	53
33.26	50
31.7	31
30.52	7
34.18	40
30.42	102
33.24	51
33.27	34
33.58	62
35.54	55
34.65	77
34.7	113
35.54	55
33.85	7
35.6	47
34.27	78
32.56	40
36.48	41
34.6	94
33.09	82
34.05	87
34.45	69
33.63	58
33.33	64
35.2	46
34.26	107
34.78	110
33.18	38
39	59
35.43	53
35.55	33
33.26	38
34.81	63
32.06	5
34.42	96
34.48	57
33.2	32
38.65	37
35.1	88
37.72	65
35.08	103
35.56	107
33.82	98
35.97	39
34.15	4
34.79	28
37.95	4
35.73	86
34.5	60
32.91	103
33.15	47
33.8	103
33.34	106
32.97	55
32.8	23
34.75	28
31.63	27
34.88	28
32.91	37
35.92	52
34.84	46
34.38	61
34.72	64
36.43	63
34.33	62
35.92	52
31.38	57
33.16	63
35.92	52
34.77	1
35.95	36
37.54	43
35.26	13
35.74	55
34.95	31
36.51	11
33.47	41
33.2	47
33.58	52
33.73	64
33.48	47
35.37	20
32.84	107
34.75	76
36.88	44
32.72	4
34.34	104
35.72	43
34.83	45
31.75	61
32.26	61
37.77	25
35.08	27
34.27	44
34.56	57
36.08	58
33.18	14
35.41	69
32.95	12
39.54	29
36.26	22
40.9	28
36.76	15
34.35	58
40.78	21
37.02	32
40.29	30
38.67	30
33.55	106
34.86	57
34.29	58
35.88	48
34.93	15
35.41	61
35.39	22
37.08	46
33.18	49
35.27	64
32.73	50
34.64	63
34.07	55
32.5	48
38.02	74
32.62	59
35.71	76
35.51	47
36.79	30
39.25	58
38.79	55
32.69	8
35.84	40
34.16	45
37.18	27
32.82	63
34.61	28
35.14	53
34.63	10
34.8	33
34.21	59
36.2	26
31.99	4
34.7	82
35.24	56
36.05	21
34.52	43
33.56	54
35.13	29
32.6	19
34.01	16
35.31	80
34.56	64
32.78	64
34.59	59
34.83	29
34.77	43
34.06	30
34.57	83
34.98	44
34.27	75
31.6	49
32.1	77
33.87	53
33.28	112
32.19	49
33.24	54
31.59	6
32.89	88
33.17	43
35.55	34
34.04	53
32.27	56
34.68	108
33.73	63
33.5	34
36.68	63
35.78	61
36.5	16
34.23	62
32.49	58
37.18	59
33.55	35
35.13	63
33.23	21
36.99	8
36.95	86
35.76	108
35.42	101
37.62	53
32.93	76
33.04	79
32.23	24
32.23	24
31.76	57
32.64	44
34.32	57
32.31	56
30.41	0
32.65	108
32.9	33
33.29	99
31.56	17
32.41	82
46.93	14
31.73	75
32.5	59
31.75	26
35.54	33
33.65	75
33.52	64
33.18	63
33.2	62
32.61	33
32.37	61
34.7	38
33.56	59
33.83	79
34.32	111
34.1	96
36.64	48
35.76	73
34.36	89
36.25	42
32	5
34.14	52
35.27	58
37.69	35
36.8	56
34.99	49
35.7	40
33.25	45
34.59	58
34.23	50
32.43	42
34.54	53
34.04	63
34.18	63
33.79	53
36.36	33
34.6	102
34.02	106
39.16	19
34.88	60
34.39	50
34.16	66
37.36	26
30.72	4
35.46	39
34.25	33
35.97	63
36.06	61
34.17	17
35.28	112
36.15	48
34.71	62
33.27	24
36.5	7
35.83	57
35.49	56
34.15	38
36.95	59
34.47	59
33.14	53
33.77	63
35.35	91
34.86	45
35.04	40
34.56	41
36.25	49
33.9	52
34.28	48
32.43	20
36.09	45
32.66	104
32.8	70
34.54	58
33.56	46
34.17	40
33.95	62
35.31	57
35.24	66
32.55	28
34.24	53
32.73	54
34.63	25
35.67	33
33.07	97
35.48	65
34.25	72
36.29	66
34.09	18
33.1	39
38.56	63
36.72	34
33.47	60
36.19	105
35.32	35
37.98	51
35	61
35.23	42
35.29	50
34.43	21
37.07	46
33.78	51
33.29	47
33.64	94
37.61	21
35.4	104
34.81	4
37.4	59
37.05	21
33.4	25
38.44	27
32.23	110
34.72	98
35.31	49
33.07	108
36.02	31
35.11	24
32.42	26
36.34	62
32.42	26
34.04	60
32.42	26
35	88
36.08	32
35.85	61
32.42	26
34.16	41
35.38	55
34.5	52
34.9	48
36.81	7
37.03	83
34.63	30
34.52	64
34.11	90
35.66	47
35.65	35
34.4	89
32.36	22
54.17	18
34.77	61
33.3	42
37.16	64
34.99	61
33.72	110
32.55	61
33.72	60
34.88	46
35.7	55
37.61	30
37.02	36
34.75	42
34.62	39
33.84	60
38.88	16
35.13	46
34.43	110
33.94	98
34.13	49
35.23	34
35.94	55
35.81	49
32.23	18
35.65	43
33.2	61
35.08	41
36.38	52
34.8	7
35.7	54
31.75	64
35.24	50
34.34	45
35.52	34
33.38	50
34.46	62
34.65	54
34.2	34
35.64	40
34.28	40
36.97	29
34.19	57
36.69	34
34.67	55
33.47	55
37.45	56
33.74	90
35.75	61
36.38	32
34.45	106
33.28	54
35.64	64
33.52	30
33.13	59
35.64	48
34.7	36
35.31	65
35.52	61
32.09	27
34.62	42
33.97	52
37.11	17
35.97	55
34.23	40
36.16	52
32.86	62
36.11	65
33.58	55
34.66	81
34.7	66
35.4	38
34.13	54
33.48	33
36.29	54
34.38	44
33.38	17
33.4	115
34.43	55
31.66	39
34.5	51
33.48	25
34.93	45
32.39	33
34.29	51
33.02	101
34.1	31
32.34	104
34.93	56
35.21	61
33.63	90
35.23	40
35.33	53
34.86	54
34.87	60
37.8	8
36.5	39
35.27	64
33.84	107
33.16	58
34.85	53
33.04	46
31.75	40
35.28	56
34.78	63
36.36	23
36.04	19
37.7	24
35	63
35.65	18
32.3	59
33.22	59
33.28	48
30.9	60
33.25	90
33.4	64
32.34	105
34.4	53
32.73	51
34.42	30
31.85	9
35.1	46
34.74	48
35.44	43
37.46	38
34.79	65
37.68	35
32.93	115
33.48	40
33.45	52
36.06	44
31.57	29
33.76	54
33.93	47
34.92	37
34.27	53
33.23	113
32.57	45
34.81	57
34.73	36
33.62	52
33.52	62
34.7	36
35.25	38
36.86	44
34.58	66
32.77	105
32.11	38
34.56	61
37.14	32
35.81	29
34.66	53
41.09	37
34.72	11
37.44	32
34.84	49
34.16	43
33.7	57
33.93	51
32.95	54
34.25	47
33.39	53
34.51	112
33.65	19
35.24	23
33.71	53
34.16	91
34.03	78
32.79	53
32.92	36
34.2	57
36.62	43
36.38	32
33.25	21
39.04	41
32.91	81
35.34	64
31.83	12
35.36	49
40.66	22
39.62	41
33.58	67
35.37	28
32.1	90
34.34	115
34.22	79
32.59	54
38.01	22
35.02	37
34.17	63
32	39
34.2	35
32.59	52
35.66	25
33.41	50
33.99	16
30.97	61
36.08	24
35.61	47
34.68	62
35.38	18
33.95	115
36.04	37
34.26	59
33.66	61
33.88	37
33.64	104
35.83	20
36.65	44
34.59	17
32.92	23
32.04	63
35.36	55
35.6	62
32.93	55
35.28	49
30.59	7
35.07	74
33.91	63
35.02	47
33.37	33
32.85	38
34.62	59
34.45	35
35.38	105
37.54	25
37.94	28
38.43	63
35.57	38
33.56	27
33.08	98
35.45	47
34.67	114
36.58	56
33.59	31
32.93	100
33.51	55
33.46	83
33.19	53
33.47	47
32.4	52
33.11	104
32.98	70
34.23	59
32.67	37
36.39	41
37.59	46
44.05	21
35.25	48
35.11	85
36.5	41
35.79	58
34.31	55
36.31	27
34.54	61
34.22	49
34.26	64
35.28	40
38.04	29
38.17	22
35.97	58
37.72	53
36.98	44
38.39	26
34.44	101
38.38	22
38.87	27
37.22	18
32.03	54
32.72	61
34.04	62
34.09	75
34.04	28
34.65	76
35.23	114
37.04	49
33.43	61
33.15	33
35.48	16
34.11	42
38.88	5
36.15	60
34.07	46
33.02	53
32.05	44
34.96	106
32.97	57
34.89	102
53.11	1
36.37	102
34.72	63
44.35	17
53.46	12
35.15	63
43.4	18
31.84	20
34.2	29
45.73	1
39.07	38
35.42	47
32.62	108
36.03	40
33.29	96
32.91	82
34.93	88
34.3	43
33.86	10
34.63	61
37.17	53
34.34	53
32.32	43
32.63	72
33.27	57
36.25	50
43.34	31
34.17	43
34.95	52
34.12	61
33.24	62
33.34	58
33.71	57
34.71	25
38.06	26
33.43	57
34.98	34
32.88	17
39.34	45
36.26	34
34.72	14
33.86	44
33.82	53
33.9	20
35.7	44
34.97	37
32.79	49
32.36	19
33	15
33.38	60
35.82	22
42.03	32
33.79	60
34.77	58
32.87	60
38.38	15
39.88	30
38.93	30
33.73	106
39.9	29
34.21	68
36.16	58
37.26	53
35.82	51
35.55	85
33.43	27
35.22	59
33.78	48
34.45	89
36.38	31
33.09	110
34.17	57
31.1	0
35.91	52
34.53	58
34.36	83
34.65	61
33.47	111
35.15	61
36.53	111
33.46	21
33.11	96
34.59	57
36.45	23
35.52	54
30.86	49
35.7	80
35.3	76
34.46	32
35.31	58
35.3	49
34.49	99
33.17	96
32.92	57
34.22	54
30.49	7
33.34	52
32.43	114
31.2	54
32.82	61
34.33	22
34.95	38
33.52	29
37.21	25
34.76	62
37.03	62
34.47	62
34.46	53
35.28	41
35.46	62
53.31	23
31.51	11
35.01	53
37.86	1
33.62	62
34.54	35
36.57	55
34.72	46
33.44	9
33.97	53
34.26	49
34.88	31
37.72	61
34.02	47
33.17	39
35.15	50
35.59	30
32.45	53
33.37	0
34.33	61
35.02	32
34.75	45
32.92	42
32.4	64
37.86	52
33.04	80
34.08	59
32.19	105
33.18	79
34.22	92
35.73	58
33.32	40
34.09	53
32.91	64
34.27	49
31.43	62
34.85	76
33.34	108
33.23	49
35.79	47
36.56	44
34.9	56
36.04	63
35.02	72
34.55	27
34.06	52
35.27	31
35.44	49
37.34	33
33.71	47
32.5	56
35.49	34
33.14	21
33.79	46
33.82	90
35.5	110
34.96	71
31.3	59
35.13	32
35.13	35
34.22	45
32.69	100
33.95	95
32.22	31
33.35	82
32.37	22
32.78	29
35.13	20
34.36	17
34.53	107
31.05	64
32.94	112
33.29	64
32.7	11
33.94	68
30.82	3
34.43	60
32.86	36
34.28	35
32.96	59
36.02	75
34.36	44
35.05	85
34.38	85
31.67	19
39.16	5
33.05	85
33.83	94
34.1	73
34.97	96
34.89	63
33.01	110
35.6	59
41.34	14
34.03	29
37.31	53
34.27	14
32.95	26
36.13	89
33.49	58
33.64	50
34.15	61
34.77	99
37.45	47
34.33	37
35.24	97
33.54	54
34.34	88
34.62	26
34	83
34.89	114
35.59	28
36.34	56
34.75	79
38.46	41
36.71	51
35.63	55
36.5	52
37.62	46
33.67	64
34.4	111
33.8	41
36.13	57
31.83	5
34.01	54
35.51	44
35.87	16
34.17	22
32.68	112
34.44	56
35.07	107
32.71	52
34.63	53
34.05	53
32.97	100
32.2	102
32.09	38
32.76	61
35.17	55
33.52	56
37.11	32
37.2	32
33.61	100
35.29	64
34.24	113
33.71	29
38.22	32
32.44	44
32.78	62
37.45	46
32.55	64
33.4	91
34.47	67
34	115
33.98	47
33.19	62
31.82	110
35.18	60
35.05	65
35.26	33
37.43	39
33.43	88
32.47	64
32.69	34
34.95	62
33.7	100
32.86	60
32.39	50
34.56	26
33.73	57
32.99	78
33.64	48
33.14	64
35.4	48
32.22	45
31.12	21
32.81	31
33.35	29
32.33	88
33.18	31
32.44	44
33.73	53
33.63	48
35.22	51
39.45	34
32.81	57
33.54	55
36.31	61
34.75	21
34.91	85
33.55	69
35.77	52
34.45	54
34.22	46
34.38	32
35.93	64
35	38
33.82	57
36.38	35
36.06	45
34.68	64
33.85	51
34.77	54
34.65	53
33	43
34.03	54
36.04	55
34.8	47
34.51	36
34.99	35
34.49	61
36.13	41
34.07	108
34.3	58
35.75	54
35.68	32
34.18	64
35.64	40
36.37	60
34.55	9
35.14	26
34.3	46
38.88	33
35.13	24
33.83	34
33.71	22
34.11	63
37.33	31
30.72	11
33.68	36
33.33	35
33.89	41
32.61	60
35.2	25
34.86	16
32.87	31
36.16	46
34.18	58
34.83	49
35.38	35
33.35	54
32.89	7
34.8	87
41.62	37
35.14	58
35.42	51
35.02	55
32.13	9
36.2	57
34.07	33
36.05	21
30.61	62
34.25	25
33.77	62
33.74	37
35.2	67
32.93	28
34.43	25
32.16	59
33.75	108
36.79	85
35.46	55
40.79	9
34.43	52
36.29	52
34.62	5
34.84	46
34.36	51
35.57	67
34.17	90
35.05	35
35.48	44
31.75	55
35.94	64
37.99	38
38.54	14
41.13	35
37.15	14
36.43	64
33.18	61
32.96	48
34.29	56
33.14	40
34.53	62
35.73	47
32.9	59
34.03	82
33.89	64
33.83	99
34.91	52
33.52	2
34.97	55
33.73	52
34.41	44
36.38	32
35.8	101
35.35	41
32.91	43
36.67	50
34.45	52
34.88	62
34.44	63
37.82	23
34.18	56
33.64	63
32.63	51
35.22	64
33.81	8
34.42	104
33.63	64
34.35	36
33.39	54
35.46	50
31.92	48
34.61	62
33.43	84
33.67	50
33.07	56
35.04	97
33.66	95
32.51	28
30.65	14
34.25	60
33.98	50
31.96	33
32.88	70
33.39	34
32	3
34.84	47
34.61	90
34.51	61
36.39	73
35.96	58
32.83	8
36.71	57
34.39	6
37.97	16
34.03	110
34.02	63
38.31	53
37.38	24
34.58	73
32.83	11
33.43	37
37.05	50
37.54	47
33.01	106
34.43	35
34.02	43
36.72	55
34.24	95
35.11	56
35.68	54
34.4	25
34.47	48
32.49	3
35.1	114
36.2	45
35.01	101
37.06	60
37.66	98
34.3	115
37.22	27
33.56	57
35.63	26
34.01	63
34.84	92
34.94	81
36.43	57
34.45	64
35.75	42
36.35	62
35.31	39
34.43	57
38.14	64
35.42	50
37.55	51
35.5	36
35.15	49
35.73	78
36.4	91
35.59	60
36.06	63
35.43	51
36.98	43
33.56	46
33.46	44
33.55	65
38.2	46
37.04	59
33.97	57
34.87	104
35.62	72
36.39	43
35.75	47
38.65	62
37.04	18
34.62	43
35.32	87
34.27	61
33.19	78
35.38	59
33.7	100
35.98	58
34.54	28
33.26	63
34.98	31
35.63	91
34.13	108
34.94	26
37.86	100
36.02	47
35.05	85
37.21	35
32.33	60
34.01	57
36.16	54
31.86	60
34.72	47
33.93	101
33.31	64
34.71	55
34.9	61
34.48	31
33.63	57
33.48	57
33.9	99
31.76	8
33.45	55
36.09	48
32.79	54
32.45	64
37.29	26
30.66	57
40.96	24
35.89	49
33.15	52
33.38	44
35.13	52
34.97	96
35.36	58
35.39	33
35.17	40
34	51
35.13	59
33.47	52
33.87	29
34.72	30
35.15	46
34.93	71
33.31	57
33.8	87
32.47	49
39.09	36
39.01	32
37.81	22
33.02	50
33.3	53
35.45	80
34.01	105
34.28	55
34.17	55
35.41	51
34.02	103
35.41	45
33.06	58
34.4	64
36.2	43
34.13	106
34.42	78
36.06	53
33.41	63
34.83	53
36.18	61
33.9	55
34.97	17
32.55	1
36.27	62
36.38	51
36.85	54
36.63	50
37	64
36.28	109
38.71	64
36.93	60
36.25	56
36.18	58
36.9	54
33.26	58
39	36
34.18	57
33.79	89
34.64	18
33.36	50
34.33	48
34.93	47
32.32	19
34.2	114
34.99	37
35.15	28
36.2	102
33.51	50
33.51	50
33.33	58
35.66	54
36.11	31
34.6	88
36.37	14
34.68	55
34.55	68
35.71	98
32.72	53
34.25	57
36.88	3
33.9	16
34.44	113
35.22	54
33.89	103
34.33	57
34.96	12
37.19	45
34.16	105
34.8	107
34.7	110
33.88	49
33.79	55
36.61	74
34.68	113
34.54	102
33.63	42
33.45	58
34.81	60
38.43	32
33.81	41
33.87	57
36	38
33.89	60
38.47	45
34.42	64
36.43	56
33.51	62
34.45	42
34.3	109
37.88	25
36.45	36
35.5	59
35.55	46
33.8	15
36.11	23
34.46	88
34.36	54
34.15	47
35.14	99
34.51	101
34.04	49
34.85	40
36.36	43
34.52	64
35.61	36
34.09	51
35.4	59
35.93	51
33.86	104
34.9	43
32.64	4
32.77	58
38.36	19
34.22	54
32.74	115
33.94	53
33.46	54
35.4	53
35.91	18
33.52	106
31.96	43
35.8	73
36.38	57
34.76	14
33.14	38
32.49	15
35.68	86
34.42	91
36.31	53
36.4	38
34.93	62
34.63	34
34.19	45
33.43	55
33.74	41
34.05	66
34.37	83
35.05	28
40.37	28
38.65	36
35.49	112
34.67	84
35.04	89
34.34	103
32.9	49
32.59	46
34.81	61
32.99	19
32.91	36
32.53	59
37.86	11
33.01	111
35.11	50
33.91	15
32.88	32
33.54	36
34.08	96
34.2	8
34.1	66
32.32	1
33.82	71
35.75	25
32.56	23
33.61	64
34.94	18
33.85	40
33.79	20
35.93	47
33.38	49
35.1	59
34.03	25
32.33	15
33.6	65
33.52	57
34.59	59
33.88	57
34.81	52
34.81	48
35.33	40
33.7	10
35.45	39
38.24	4
34.06	63
34.54	25
33.8	54
33.95	22
34.77	50
37.11	9
32.04	13
33.54	102
31.79	59
31.67	64
33.11	57
33.47	63
38.08	32
35.84	32
34.75	43
33.4	53
32.47	109
33	45
33.34	57
31.99	36
37.05	28
36.65	37
33.5	47
35.93	44
36.83	89
34.14	6
33.94	51
35.79	56
34.84	46
36.64	33
36.21	20
35.03	48
34.97	58
33.02	19
32.61	48
32.29	9
33.66	62
34.34	21
33.79	60
35.81	56
35.43	60
32.59	59
33.68	63
41.56	17
35.98	37
32.19	18
34.7	37
31.15	22
33.63	80
35.64	30
34.92	113
34.57	57
33.47	63
33.32	56
34.42	59
32.97	59
32.85	108
32.93	40
32.36	12
34	59
35.68	91
33.94	57
34.77	48
40.65	33
34.2	58
33.36	59
33.7	64
33.46	38
32.61	89
32.73	34
33.71	36
32.29	59
37	53
35.99	64
34.32	17
33.79	34
35.23	110
33.69	21
33.74	89
32.27	89
33.83	35
37.5	43
34.63	34
33.52	56
36.61	12
33.48	54
34.42	112
33.55	40
33.93	110
34.55	99
34.17	77
35.58	55
33.65	111
33.24	78
32.84	62
34.15	55
33.71	54
31.75	54
32.59	29
32.3	112
33.75	44
34.33	50
33.96	109
33.72	58
35.53	57
33.32	62
34.34	115
34.7	6
38.66	23
35.97	22
35.62	24
34.97	47
38.04	28
38.26	28
35.08	111
35.33	19
34.96	55
35.31	61
36.93	35
36.28	54
32.85	50
33.28	64
35.52	24
35.23	57
35.83	40
33.59	24
39.11	33
33.56	64
33.26	18
34.34	51
32.63	111
34.15	33
33.57	52
35.06	86
36.94	58
38.04	52
33.48	63
35.47	64
33.83	30
36.61	36
35.93	26
36.62	38
34.35	46
33.84	51
37.22	63
37.61	23
34.02	46
34.02	46
32.78	45
32.22	58
35.24	40
38.38	29
37.19	24
30.71	4
36.2	47
35.16	49
32.14	64
33.88	56
51.47	1
60.36	5
34.31	59
32.88	87
32.51	49
36.81	52
33.94	23
33.5	49
32.86	61
33.88	36
32.82	110
31.73	0
35.82	55
31.48	59
32.61	17
34.82	60
37.22	64
34.48	59
34.15	4
39.83	13
33.57	3
35.05	87
36.86	11
37.82	7
34.31	25
33.82	41
36.32	47
33.7	11
31.98	62
34.97	41
35.04	59
33.39	57
34.18	27
37.9	50
34.7	45
33.52	38
33.83	86
35.72	54
34.69	38
36.74	94
39.27	60
34.5	87
36.09	63
33.62	70
33.02	56
34.54	35
36.21	30
34.82	55
33.27	58
33.2	62
34.5	50
34.76	53
34.2	25
32.97	111
35.37	63
32.36	61
34.39	63
34.73	51
34.02	27
34.4	31
33.86	28
35.42	38
32.13	78
35.84	64
34.79	63
33.51	59
34.9	52
34.08	46
34.3	31
34.93	43
35.26	61
37.08	44
40.05	26
35.21	59
33.85	104
35.2	42
32.9	114
30.28	9
34.11	48
34.61	95
34.71	45
33.47	27
34.41	57
33.39	8
32.91	63
34.31	25
32.57	44
33.4	45
33.02	48
33.78	13
33.25	56
34.72	62
32.65	114
34.63	51
32.45	79
32.75	45
36.64	31
35.88	41
35.69	48
34.13	112
33.27	108
32.64	46
34.31	25
36.72	53
33.17	47
38.08	59
36.7	61
34.06	60
37.02	31
33.51	69
33.57	27
40.83	16
33.67	52
32.86	25
32.8	63
32.78	89
34.76	52
36.9	62
35.22	48
37.76	62
34.74	45
34.04	33
35.35	63
35.36	52
34.29	49
32.45	60
30.97	54
32.2	54
30.82	4
33.72	107
34	46
33.72	114
34.34	47
35.75	112
33.59	61
37.31	38
32.6	39
36.7	34
32.81	62
32.84	63
34.67	102
34.75	48
35.3	46
38.96	39
33.61	61
33.85	70
33.14	62
35.29	28
34.83	44
34.48	27
33.68	57
33.36	24
35.61	35
32.56	54
35.81	50
36.65	62
34.97	37
33.25	45
35.51	81
36.19	37
33.95	112
36.34	40
34.34	71
34.97	19
34.16	24
33.57	47
33.28	95
34.27	110
33.51	70
35.01	113
33.56	31
33.96	72
35.74	60
35.34	93
34.02	49
32.77	55
33.15	63
36.85	49
34.43	53
35.6	46
34.12	43
32.88	98
33.63	18
33.05	19
32.35	42
39.69	41
33.59	34
34.12	53
39.56	31
33.02	17
33.71	37
34.16	63
34.82	56
34.5	49
36.22	62
34.6	35
34.35	101
37.26	20
33.96	69
35.59	50
35.25	58
33.62	45
35.18	4
32.99	47
37.07	29
33.39	31
34.22	63
34.09	15
34.5	52
33.73	63
32.78	56
36.09	33
32.54	46
33.77	55
38.81	27
35.46	105
35.7	81
36.75	64
34.34	57
32.53	59
35.71	50
34.33	16
34.01	12
35.58	18
35.15	44
37.38	36
33.84	64
34.26	87
34	57
34.38	56
37.16	25
34.54	79
36.94	17
34.31	52
33.54	114
32.13	42
32.18	64
34.46	31
34.72	56
32.85	107
33.73	35
32.7	107
31.4	5
34.47	69
32.6	51
34.6	57
33.18	47
37.3	37
32.6	51
34.5	47
35.52	26
38.08	54
37.7	49
35.04	35
37.54	39
39.45	51
37.12	26
33.65	23
34.42	21
38	25
34.9	80
38.55	48
34.6	38
37.86	3
34.61	31
35	30
35.97	64
33.98	40
35.1	96
34.25	14
35.28	50
37.91	60
33.67	62
34.81	18
36.41	62
33.35	57
32.66	28
32.41	45
55.14	0
32.9	112
33.23	53
32.72	103
33.8	64
33.05	27
32.04	49
33.28	56
31.48	40
35.29	23
33.85	101
33.87	100
33.4	50
31.67	19
32.1	39
35.24	44
32.69	77
31.9	14
32.9	56
33.08	27
33.56	30
34.52	57
34.12	21
33.27	53
34.44	79
32.94	36
37.13	42
37.13	42
36.23	36
33.35	59
33.28	63
35.57	33
37.13	42
37.13	42
37.13	42
32.64	52
34.23	78
35.07	109
34.85	54
33.21	37
34.59	93
35.43	82
38.7	45
33.88	57
33.44	96
32.4	39
34.39	44
33.62	100
32.3	9
32.72	7
32.81	105
35.31	48
41.77	39
35.98	33
33.03	63
34.1	59
32.3	32
32.43	50
32.43	50
34.66	62
33.93	49
41.52	37
34.63	59
32.71	87
33.03	88
33.2	57
34.39	83
34.93	60
35.04	44
34.12	46
32.59	20
33.36	85
36.1	35
33.74	51
34.54	37
35.34	33
34.11	57
35.63	30
34.12	63
35.54	27
34.88	64
33.07	51
34.48	53
35.68	50
34.05	34
34.05	44
34.06	45
35.2	64
32.29	13
34.22	56
34.86	40
34.57	65
34.91	46
36.57	60
37.28	64
35.09	26
33.43	78
33.15	63
34.96	85
37.79	33
34.65	17
33.56	59
34.39	30
33.07	106
33.7	57
35.43	32
36.14	20
52.3	13
65.2	9
52.54	9
34.13	63
68.46	12
34.99	62
36.94	37
38.41	50
100	0
32.06	11
33.08	78
34.29	21
34.15	14
32.87	57
34.08	105
33.77	12
33.12	96
32.32	4
33.71	48
32.5	47
36.77	56
35.26	75
36.48	60
33.71	41
37.61	39
33.89	57
35.96	49
36.5	48
37.03	45
34.76	104
35.13	106
34.9	57
35.05	63
32.83	15
34.15	107
33.9	31
35.85	26
36.06	28
34.76	49
34.02	41
33.5	29
32.97	33
34.25	51
33.34	50
32.84	52
31.9	115
33.43	52
30.88	60
31.24	38
33.61	59
32.58	35
34.34	17
33.4	61
34.56	48
35.43	17
33.92	81
34.14	35
35.23	25
32.93	87
32.25	57
32.59	82
34.51	55
34.85	49
37.6	15
34.27	63
35.58	15
34.15	60
31.94	49
34.85	49
33.69	37
34.79	35
35.31	50
33.36	112
33.54	3
34.66	89
34.68	21
33.08	16
33.22	42
34.49	41
34.57	45
34.69	52
33.36	50
32.27	22
34	47
33.36	13
33.06	55
37.08	28
33.23	63
31.77	61
34.54	50
34.54	50
32.78	40
34.49	50
35.26	23
37.47	25
34.49	50
34.49	50
38.97	28
34.49	50
36.89	60
37.06	31
33.4	29
36	31
31.61	51
35.06	18
37.29	35
43.11	12
34.68	78
33.6	73
33.9	34
32.61	63
33.65	40
34.25	62
33.61	49
33.86	56
32.59	15
34.51	7
31.45	13
33.98	47
35.43	60
33.46	43
34.22	105
34.77	99
36.38	48
35.51	50
34.53	37
35.06	69
33.15	63
34.79	14
35.08	64
33.45	15
32.8	61
32.95	28
34.1	59
33.6	69
34.42	53
34.29	107
33.5	36
31.63	115
33.2	50
34.34	42
34.25	45
34.98	55
31.77	54
35.47	54
32.06	27
35.5	59
33.46	70
34.47	114
34.96	61
34.24	36
34.58	75
36.97	14
34.96	61
33.09	46
33.7	64
33.6	45
34.75	59
34.26	36
35.95	30
36.1	15
34.45	25
35.2	41
34.55	72
34.11	60
34.78	55
34.25	44
32.01	57
33.66	51
33.2	91
33.64	113
34.06	51
33.18	46
34.18	29
36.61	61
34.73	17
32.7	63
35.42	74
34.49	51
33.83	54
34.22	41
32.36	106
35.06	57
34.87	57
33.45	47
33.83	71
34.8	18
32.95	33
33.56	60
35.95	30
34.5	40
33.47	53
31.75	49
34.11	60
34.78	55
35.29	41
37.96	15
33.72	35
32.01	57
31.73	18
36.19	60
33.82	50
32.31	61
32.02	63
38.15	48
33.98	113
32.89	63
33.53	64
31.45	56
33.99	64
34.31	45
35.31	52
34.22	42
33.29	55
33.19	57
33.33	48
35.38	47
34.35	45
33.81	75
35.15	71
36.57	53
34	7
34.02	64
34.12	113
35.79	39
35.5	32
33.92	32
35.16	47
34.52	50
34.51	24
34.61	33
33.56	49
35.36	33
33.93	48
33	62
34.86	36
33.96	50
34.01	50
34.93	28
35.35	21
33.55	8
33.4	48
34.68	102
34.94	58
33.43	50
31.31	11
32.83	36
33.21	106
33.39	83
32.66	37
33.28	61
35.26	50
35.49	24
37.8	38
34.95	47
33.22	52
38.23	24
37.25	22
33.3	106
36.65	55
32.68	44
34.89	44
36.73	77
36.5	24
35.51	45
35.08	28
38.18	50
35.07	26
34.81	64
36.82	98
35.47	45
33.47	50
36.11	51
35.18	32
36.19	25
35.28	75
34.89	15
34.3	65
33.26	109
34.27	59
35.5	31
33.29	48
33.4	22
33.9	103
34.47	32
32.13	39
33.23	39
35.79	57
34.6	73
36.34	55
30.68	4
36.31	92
34.69	56
36.8	52
31.71	1
34.72	5
33.92	110
34.4	59
33.81	83
35.22	60
38.45	34
35.01	114
33.87	67
35.25	32
35.7	47
34.5	50
35.37	61
35.04	56
36.25	43
31.25	23
33.85	63
33.45	63
35.69	18
35.46	72
33.49	92
34.92	83
35.67	69
35.81	57
35.05	54
35.57	48
52.5	30
35.99	64
36.72	58
33.44	26
35.73	42
33.91	19
34.63	61
37.95	61
34.93	62
34.85	82
35.94	42
34.36	21
34.07	23
33.6	100
33.85	112
35.97	56
35.64	81
35.93	75
37.47	26
35.11	51
35.34	39
35.34	39
35.11	51
35.11	51
35.11	51
35.33	45
34.87	90
37	24
35.11	51
36.12	58
33.75	27
34.24	36
34.93	100
33.17	44
32.2	60
35.79	52
36.84	41
35.47	45
38.06	9
36.07	53
34.01	66
33.77	62
34.86	43
33.72	50
34.74	114
34.89	101
32.56	64
34.82	49
36.15	43
33.91	58
35.94	110
35.27	33
34.78	43
33.09	38
33.87	60
34.93	31
37.24	61
36.55	43
33.45	63
38.72	27
38.38	35
35.38	47
36.13	64
35.49	42
35.49	42
31.34	0
35.49	42
31.34	0
35.49	42
35.04	43
32.75	2
36.22	47
33.95	54
34.22	39
36.5	51
35.63	95
35.26	51
34.44	65
34.51	110
35.97	56
33.33	60
34.27	38
32.77	64
33.54	13
33.97	52
35.09	50
31.44	44
36.56	51
33.76	53
38.45	57
34.68	34
36.48	36
36.48	36
35.9	98
33.59	54
35.93	44
36.48	36
34.17	90
37.93	2
33.38	54
33.45	89
35	62
33.9	26
35.5	62
36.56	55
35.8	47
36.7	43
35.13	43
33.87	54
34.09	102
30.8	8
34.33	87
35.1	58
34	106
35.16	86
36.7	25
36.16	53
36.76	48
36.88	56
33.44	114
34.78	39
33.52	39
34.73	93
35.82	52
35.58	74
35.62	56
34.82	71
32.7	48
34.57	57
30.59	6
35.3	51
31.48	16
35.68	21
33.02	70
32.62	40
33.32	82
32.86	60
33.9	34
34.19	57
32.74	108
37.38	21
34.22	12
32.2	57
33.58	33
34.04	70
31.76	60
35.23	31
33.88	30
30.95	110
33.72	26
34.04	64
36	58
33.31	44
34.35	31
33.34	103
33.36	81
33.65	63
34.51	95
34.31	82
33.52	51
36.91	15
32.22	49
34.4	45
34.77	47
33.93	87
32.24	26
34.45	49
32.18	50
36.31	48
31.29	23
34.93	62
32.65	63
35.64	32
34.54	20
35.06	42
34.37	25
34.43	42
33	32
33.31	103
34.46	42
34.5	62
34.74	55
32.84	87
34.55	89
32.44	114
35.8	62
36.75	5
35.47	103
33.93	114
33.89	113
35.21	60
33.71	85
34.49	59
34.36	50
34.66	61
34.2	89
35.55	84
36.07	60
39.72	17
32.54	20
34.77	42
32.7	1
36.13	25
40.06	26
33.61	63
37.85	39
38.95	41
32.71	5
33.39	59
33.7	50
32.51	5
32.67	69
34.5	97
33.24	62
33.61	33
33.53	112
36.75	1
33.79	86
34.38	60
34.86	57
34.5	56
34.71	79
33.46	44
34.85	98
33.97	43
32.61	61
33	62
33.45	33
34.52	85
33.68	22
30.85	5
32.99	55
34.3	40
32.62	114
34.03	40
35.29	111
33.93	58
34.81	51
41.84	15
33.79	104
35.05	44
34.4	59
34	21
32.91	44
31.45	10
32.06	93
33.02	57
34.92	22
35.25	63
33.2	57
32.04	18
33.65	31
32.53	40
35.56	45
33.05	21
35.28	35
32.45	64
33.67	37
33.05	55
34.7	62
33.22	54
33.2	41
33.61	51
35.98	47
33.56	54
34.09	76
32.67	34
35.15	72
33.58	57
33.61	83
34.25	44
33.02	39
33.46	99
33.64	110
33.2	53
33.04	35
33.3	98
32.79	93
32.98	105
32.29	62
36.55	32
33.21	82
33.74	32
33.48	64
33.16	6
35.3	60
33.23	52
35.1	69
33.97	64
34.23	28
35.26	110
33.51	27
34.22	36
35.67	61
32.77	63
33.74	56
36.8	62
34.47	58
32.36	42
39.19	48
36.7	24
37.09	42
33.9	57
37.9	31
35.06	59
35.93	47
41.21	24
37.64	37
34.88	63
37.24	49
35.41	86
33.45	39
36.93	54
34.73	68
34.13	80
35.73	19
34.52	62
34.17	56
32.5	11
34.09	49
34.93	25
34.13	50
32.75	94
35	76
35.28	63
32.84	50
33.23	48
32.45	54
32.77	22
34.16	48
35.27	59
33.03	55
33.6	54
32.1	43
31.63	57
32.71	26
32.88	61
33.56	107
48.08	17
34.77	12
31.48	0
32.88	55
35.32	18
34.95	20
31.21	8
34.91	59
38.09	17
33.46	19
34.38	64
34.85	35
30.95	53
35.1	25
32.17	49
34.15	60
36.86	14
34.51	55
33.09	65
33.81	35
35.47	62
33.13	60
33.01	61
33.37	13
33.93	27
42.59	27
33.94	51
34.06	9
34.75	91
40.77	34
33.86	92
33.89	64
34.71	105
34.26	63
34.07	112
34.56	46
35.69	73
37.1	49
34.15	63
34.57	60
35.15	109
34.45	59
31.91	5
33.34	99
33.36	9
34.38	66
33.17	16
32.78	31
34.59	64
33.75	90
33.93	26
35.87	52
32.82	21
34.07	55
37.74	45
34.86	6
35.36	43
34.49	62
37.36	55
36.51	43
34.47	40
32.95	79
31.62	63
32.47	58
33.8	41
33.35	65
33.38	65
36.69	43
36.93	20
33.98	30
33.43	111
34.45	56
36.26	24
36.68	36
32.4	77
35.34	81
37.25	38
36.34	34
32.5	51
39.71	22
33.43	63
35.6	101
36.09	57
36.04	48
33.26	45
33.24	93
34.29	42
33.91	46
32.37	25
34.71	52
35.54	49
32.13	55
32.89	40
32.8	55
34.01	61
32.77	36
34.54	58
33.1	64
34.06	63
33.79	114
33.35	42
35.45	50
34.65	41
33	48
32.54	63
34.39	50
32.07	39
37.27	22
33.98	64
32.82	13
34.67	22
35.34	7
35.05	48
35.64	37
35.88	40
36.87	49
34.75	46
34.58	51
37.3	64
33.79	43
35.42	43
32.63	41
32.48	93
34.39	62
35.65	13
33.48	61
34.26	63
34.47	32
34.59	111
36.21	46
36.56	42
34.58	43
36.72	35
37.52	37
32.08	103
34.07	70
31.29	63
37.52	32
34.4	37
33.53	74
34.52	52
33.65	23
33.36	42
33.6	89
31.74	7
32.88	102
34.82	72
34.72	64
33.45	51
32.48	51
34.26	63
31.82	58
33.81	103
34.2	57
34.47	45
33.95	69
34.5	44
33.57	88
34.06	61
34.72	58
34.72	56
33.07	94
33.88	54
34.31	94
34.31	94
33.7	51
33.64	48
36.6	61
33.56	55
35.61	43
33.23	105
32.7	38
34.15	63
33.47	47
34.15	107
36.34	18
34.6	27
32.91	61
38.8	33
35.36	26
35.84	56
33.37	52
31.73	43
33.34	61
33.3	49
32	58
32.34	63
34.49	56
33.59	37
35.36	49
34	56
39.54	64
35.01	31
35.41	59
34.42	46
33.29	59
33.85	114
38.1	43
37.72	37
34.31	87
34.93	48
32.61	55
35.71	40
33.18	111
33.35	58
31.53	23
35.48	43
34.14	98
33.86	54
32.67	38
32.98	83
34.3	98
34.14	97
33.47	73
35.22	55
33.37	18
35.86	40
36.94	42
35.95	13
35.42	56
35.15	55
36.52	55
33.78	47
35.25	33
34.61	91
34.75	90
35.48	40
35.52	57
33.66	58
36.84	29
35.56	59
37.45	44
39.88	21
34.02	35
33.94	71
38.95	41
36.55	37
33.66	46
35.19	109
33.5	13
36.89	59
33.71	102
41.2	12
34.22	49
32.7	62
34.34	55
36.1	42
34.19	53
32.97	44
32.31	54
33.09	63
33.95	49
34.65	49
34.67	55
33.25	83
34.72	54
34.67	60
33.33	76
34.26	61
35.07	90
34.62	36
32.96	35
33.28	53
32.86	30
37.02	59
32.96	51
34.47	29
35.99	36
32.96	51
34.79	43
31.93	29
33.23	63
33.12	105
34.27	105
33.4	100
35.89	23
35.18	29
34.39	59
37.09	29
34.9	111
33.09	28
33.98	68
35.96	62
34.03	73
33.66	94
33.76	55
32.61	54
34.77	52
34.5	36
35.33	42
34.92	32
34.04	55
33.39	64
33.53	103
34.32	13
36.14	22
33.63	56
32.42	20
33.63	56
33.7	109
32.84	59
32.45	64
33.47	61
35.56	84
35.21	46
36.12	57
33.88	44
37.4	21
34.92	93
38.13	14
34.16	52
33.92	24
35.43	48
35.5	40
31.88	27
35.02	102
36.09	52
32.41	101
35	20
35.15	49
36.85	48
33.72	17
36.61	48
35.75	38
35.39	61
35.87	4
34.04	44
34.81	33
34.18	81
33.12	42
33.05	102
32.5	62
35.81	64
39.86	45
32.5	62
33.6	88
37.92	32
36.76	33
38.32	34
38.43	31
37.02	26
37.11	28
34.77	37
32.43	60
36.2	24
34.89	84
32.64	96
35.25	56
37.45	42
35.91	15
34.15	50
39.69	29
34.44	115
35.03	42
33.83	33
35.02	52
36.79	19
32.7	64
35.9	3
33.26	50
32.14	63
35.8	89
36.06	21
33.47	13
35.03	58
32.95	61
36.75	44
33.25	61
34.33	92
33.55	98
37.81	26
37	31
34.29	52
36.26	28
35.52	63
34.29	48
34.43	64
38.43	31
35.66	61
34.76	70
33.79	10
38.7	30
35.45	56
34.05	72
32.55	15
33.98	61
33.65	84
36.02	35
34.15	25
32.04	59
33.75	60
38.79	50
32.89	35
36.22	46
33.72	29
35.97	58
35.44	53
34.41	114
33.51	113
37.04	35
35.78	71
33.38	53
32.59	21
34.07	48
36.52	43
35.86	20
38	29
33.18	64
33.95	50
36.79	30
30.88	6
34.01	46
32.54	57
34.62	112
35.82	46
33.81	78
33.41	107
33.17	84
33.84	20
33.17	84
33.28	64
34.68	72
34.15	109
35.8	39
33.81	60
37.06	67
34.9	38
33.38	105
34.18	106
34.67	18
35.31	45
38.62	5
35.5	90
35.21	105
36.16	37
37.32	58
33.24	61
34.64	62
34.78	50
35.37	64
36.72	51
32.3	39
34.82	53
35.01	22
36.63	52
34.77	73
32.33	66
33.65	56
34.94	92
37.44	8
35.58	37
35.14	30
36.23	80
36.22	62
33.06	21
33.36	32
33.5	65
34.8	61
32.98	39
35.68	46
34.8	61
32.6	62
34.16	46
34.48	99
32.05	31
34.47	20
32.9	14
34.68	56
34.36	64
33.3	48
33.29	64
36.23	45
33.67	59
34.54	64
37.81	52
33.57	50
34.99	52
36.73	56
37.38	26
36.28	50
35.28	52
34.28	48
34.82	75
31.59	37
34.07	36
34.23	108
33.13	58
32.89	89
34.45	69
34.52	62
33.59	53
32.82	6
32.52	19
32.93	38
35.03	52
33.46	111
33.15	55
33.15	55
32.73	13
34.84	51
34.18	38
37.86	52
35.61	42
33.95	26
35.67	57
32.56	63
34.31	21
34.19	19
39.07	35
40.52	22
33.39	35
33.7	94
33.97	59
33.16	37
32.29	56
35.74	63
34.5	47
34.5	52
33.18	35
32.15	2
34.14	64
34.71	96
36.2	32
39.97	35
38.81	29
34.81	52
35.97	58
33.47	98
33.96	82
33.38	56
34.54	33
33.58	50
33.62	34
32.77	61
31.48	38
31.82	55
33.37	63
33.63	35
32.09	24
33.03	110
33.56	44
38.97	36
33.66	111
34.11	59
33.67	20
32.67	56
33.31	40
33.06	43
34.72	16
32.41	51
34.7	56
35.64	23
35.53	35
33.38	41
38.05	35
38.29	31
34.87	41
35.13	25
33.79	61
37.66	43
33.67	107
35.65	99
38.69	40
31.2	55
34.83	94
34.16	81
37.9	13
36	61
35.09	21
50	35
33.56	50
32.86	7
34.73	68
35.47	91
36.07	80
33.91	31
32.43	25
35.44	40
32.54	43
33.93	64
33.63	64
34.52	54
34.9	20
35.33	38
35.4	39
34.22	22
35.21	44
32.59	55
33.66	63
33.06	59
32.55	112
34.11	23
34.62	51
33.84	60
35.59	46
34.35	61
34.3	93
35.1	78
36.09	85
34.6	99
31.68	64
33.95	96
33.46	54
33.03	41
33.93	78
34.47	60
32.15	52
35.52	41
34.26	54
32.96	45
33.62	54
34.45	60
34.62	44
35.94	54
35.2	42
34.79	54
34.74	57
33.76	54
37.77	32
36.77	41
37.64	34
33.94	109
32.58	79
34.07	95
33.5	98
34.03	68
32.47	28
34.47	48
36.81	15
34.21	22
34.56	58
33.95	60
37.18	58
37.05	28
37.03	52
33.98	90
34.08	107
34.91	52
33.82	31
31.93	16
33.7	58
33.8	111
35.68	46
33.17	54
35.45	46
32.99	37
39.19	62
34.95	54
36.88	59
35.89	42
35.65	54
32.99	90
33.14	37
34.86	37
35.25	51
36.96	39
32.88	16
33.47	99
35.26	77
32.26	9
34.06	21
33.99	98
32.01	24
35.33	59
34.15	60
33.18	63
35.79	41
32.21	64
32.63	28
34.79	25
32.83	58
35.36	37
36.47	37
33.34	105
35.43	56
34.81	26
36.95	23
33.02	53
33.37	40
37.62	24
34.75	62
31.61	2
34.91	43
35.51	26
37.34	33
36.61	35
35.29	40
35.11	63
34.14	24
32.49	12
33.67	76
33.42	64
35.92	63
31.93	18
33.56	40
35.12	26
32.5	55
32.08	63
33.25	64
34.33	66
32.28	54
36.1	59
30.97	59
34.34	64
34.23	78
34.46	38
34.24	32
33.98	5
34.28	53
37.15	50
34.49	102
35.34	52
37.99	32
37.57	36
35.06	60
35.94	33
38.09	28
33.54	85
33.54	44
32.09	17
32.59	55
36.52	19
32.09	51
35.51	47
36.68	67
34.18	49
36.31	52
34.18	49
36.09	22
35.04	60
34.18	49
33.47	58
33.04	61
35.86	26
38.51	34
37.17	30
30.19	53
32.84	35
36.28	50
34	59
32.18	55
32.24	43
33.08	37
33.86	59
38.25	21
37.48	24
40.04	32
34.18	53
34.41	7
31.28	8
33.79	53
34.54	62
34.23	55
34.5	32
32.78	44
33.59	44
33.02	45
32.66	53
33.57	56
34.18	38
33.1	39
33.52	58
35.23	52
32.16	55
33.75	30
34.2	49
32.24	63
33.3	48
33.5	112
33	61
32.4	61
34.84	63
33.43	12
34.63	77
35.19	52
35.74	50
37.91	45
32.65	64
35.92	96
34.54	61
35.66	23
35.18	59
34.38	74
37.08	69
34.38	98
35.02	46
34.5	37
35.17	44
35.04	64
35.19	46
33.53	63
33.91	38
33.16	10
34.08	40
31.77	20
33.02	104
35.55	41
36.38	36
33.34	59
35.11	29
36.94	33
33.31	105
32.81	41
33.46	106
34.36	95
33.57	82
34.68	59
33.46	40
34.4	8
32.71	77
35.09	18
35.5	100
34.72	40
33.48	115
37.76	24
35.3	40
35.38	28
34.16	60
34.73	39
34.13	58
37.88	6
35.45	32
34.18	7
35.9	40
34.27	50
32.22	58
35.46	58
36.52	61
36.47	61
32.11	49
33.15	61
33.92	38
32.33	14
37.54	29
32.2	29
37.54	29
32.2	29
33.4	27
40.09	15
34.09	53
34.41	68
33.63	114
35.56	35
32.73	58
34.62	37
33.09	55
33.93	101
34.63	64
33.97	64
34.52	53
33.97	45
34.54	48
34.22	88
33.51	53
34.68	24
34.52	63
33.86	62
34.09	59
32.05	27
33.75	48
33.96	63
33.19	51
34.4	38
35.55	91
33.13	108
36.13	79
32.46	63
35.52	46
32.86	64
34.97	58
35.13	32
34.72	88
33.89	42
34.06	15
34.87	63
35.97	64
35.52	50
32.77	32
33.29	46
34.31	92
35.65	44
31.77	26
33.02	35
34.81	26
31.48	115
31.28	108
32.53	20
32.65	40
32.68	15
31.32	63
32.36	33
34.21	20
32.7	64
34.29	45
32.13	58
33.74	37
33.98	104
33.49	60
33.38	18
33.13	84
32.98	86
34.19	65
32.37	96
31.85	48
32.38	111
33.1	59
31.15	47
32.04	46
33.89	53
33.81	24
33.55	58
33.71	47
32.91	61
32.15	72
34.82	60
32.96	24
33.13	71
34.37	56
33.84	63
32.97	49
32.32	66
31.59	13
34.81	101
33.02	64
33.72	56
33.73	64
33.63	62
33.25	71
32.99	90
33.43	67
34.69	21
35.31	54
32.19	39
35.13	41
35.29	52
33.87	64
35.29	56
32.62	72
33.61	64
33.8	54
31.82	67
32.13	66
32.13	66
30.98	71
33.55	55
34.86	28
35.02	65
32.79	44
35.15	34
34.21	56
32.68	92
32.84	44
33.2	141
33.47	26
32.13	66
34.96	82
33.84	72
33.42	110
34.05	73
31.86	55
32.36	71
33.71	49
33.43	52
35.25	99
33.58	123
34.44	43
33.38	63
34.1	27
33.56	95
34.94	61
33.47	49
37.06	32
32.18	72
34.15	125
30.94	68
33.67	35
36.28	88
35.29	60
31.77	70
31.39	69
33.08	105
33.82	52
33.59	42
33.06	46
33.2	34
31.84	62
33.55	99
32.69	71
33.82	41
33.83	33
32.69	67
34.85	80
33.05	67
33.01	40
35.88	51
34.41	31
34.15	66
34.49	30
33.33	76
36.36	34
30.88	72
34.11	79
32.78	66
32.7	91
34.93	53
31.04	70
36.55	41
34.62	36
33.7	63
33.25	40
33.09	48
34.09	35
36.12	40
32.3	24
32.91	40
33.68	39
34.48	62
32.33	7
32.59	51
34.48	36
33.45	89
32.61	60
32.29	67
35.7	49
33.5	93
31.57	64
30.01	72
31.85	125
33.43	66
34.22	63
35.76	85
32.53	125
32.93	69
34.49	68
32	65
31.77	133
33.39	26
35.37	61
33.72	46
35.69	60
32.04	63
34.42	32
31.85	68
34.19	107
35.98	58
30.01	72
32.47	69
35.23	61
32.7	143
34.32	106
32.05	68
33.97	119
34.28	63
33.84	53
34.72	68
33.79	65
34.05	66
33.92	67
35.84	54
35.44	66
34.29	54
32.84	62
33.36	50
33.11	60
33.7	67
36.48	16
33.09	70
37.02	46
35.89	60
32.37	66
34.79	69
33.58	41
31.97	63
33.13	81
34.79	60
34.48	63
32.72	117
35.02	130
33.92	27
33.38	50
31.48	142
34.45	67
34.84	45
33.45	51
34.27	66
32.74	139
32.96	41
35.43	64
33.84	121
33.5	51
32.95	136
34.68	72
32.93	70
33.52	69
34.87	56
34.2	32
33.88	72
33.85	112
33.66	25
33.64	123
33.67	56
34.33	57
34.51	84
32.55	112
33.74	131
34.52	68
31.64	30
33.48	119
32.52	64
33.38	64
33.5	42
34.92	71
33.55	59
33.32	12
33.65	76
34.13	82
34.71	95
32.24	121
33.53	60
33.39	139
34.69	122
33.01	117
33.34	62
35.49	43
33.27	82
34.1	116
31.99	54
31.99	54
32.63	72
33.06	118
33.71	75
33.44	46
34.22	25
32.25	60
33.99	52
34.38	41
32.69	105
35.17	33
33.22	117
33.13	117
33.04	20
31.9	63
34.87	43
32.82	72
31.26	69
33.93	130
33.49	130
33.53	66
32.67	124
34.66	127
34.55	44
34.55	44
33.35	45
35.89	119
33.7	71
33.4	134
32.97	59
33.17	121
34.24	120
34.07	95
35.43	35
34.02	39
35.03	25
31.62	59
35.25	20
33.79	50
32.42	96
36.75	24
34.54	93
34.23	55
35.48	54
33.45	129
34.27	81
33.45	128
34.16	48
33.34	57
32.68	70
33.23	135
31.85	129
33.2	63
35.54	69
