sim	len_diff
33.56	106
33.98	68
33.51	223
33.98	59
34.21	113
34.37	190
33	114
34.05	114
34.27	66
33.68	111
33.74	111
33.48	116
32.65	215
33.49	80
32.24	105
33.5	107
33.78	98
34.18	115
33.51	109
32.36	180
35.43	105
33.63	75
34.12	115
33.53	228
33.63	117
33.42	167
32.63	112
33.29	32
32.03	79
32.38	117
34.46	61
32.7	112
32.02	103
34.51	77
35.59	77
33.05	95
33.51	174
35.11	26
35.1	82
35.13	73
33.72	63
35.02	67
31.99	111
32.73	106
33.67	96
31.73	117
33.05	114
33.5	106
33.47	112
33.34	115
32.55	103
32.15	112
34.78	88
33.27	117
35.21	153
34.5	60
33.76	117
33.68	126
33.43	63
34.1	91
32.81	112
33.69	80
32.35	106
32.95	107
32.42	117
32.97	46
33.28	27
32.88	198
33.5	70
33.68	116
32.48	203
33.95	102
32.79	100
32.78	117
33.48	115
33.32	169
33.59	105
33.41	114
33.14	107
33.72	115
34.49	110
34.48	116
32.32	117
33.61	54
34.79	109
34.48	100
33.12	114
32.75	62
32.64	116
33.29	113
35.55	45
33.39	116
32.76	163
35.6	43
34.58	80
34.27	108
33.82	111
34.61	113
32.78	113
35.24	44
32.78	112
35.05	115
34.1	73
34.37	79
33.27	57
31.5	87
33.53	114
31.83	116
35.18	58
35.97	106
33.45	103
33.04	76
33.04	112
31.73	118
33.96	178
32.46	106
32.93	77
32.87	77
33.74	104
32.63	107
33.3	32
33.18	104
33.79	105
33.59	114
32.55	106
33.34	116
32.68	237
32.45	90
31.94	9
35.13	71
33.12	114
33.11	81
34.16	57
32.27	114
32.03	118
35.36	83
32.8	112
34.45	168
32.21	117
34.41	49
33.12	114
32.62	117
34.2	91
34.67	115
33.19	100
33.2	87
32.86	236
32.58	87
34.67	100
33.99	112
33	115
34.59	67
32.96	112
32.02	101
34.4	99
32.86	112
33.46	112
32.83	104
35.02	102
31.94	111
31.24	113
33.89	112
33.67	108
33.99	70
32.96	78
33.16	95
35.42	74
34.76	89
32.98	62
34.48	112
33.25	104
34.75	93
34.75	93
34.34	96
33.5	89
33.5	186
33.5	186
32.97	104
32.97	104
34.33	117
32.7	95
33.11	51
35.38	77
31.41	102
33.05	98
33.68	102
33.93	98
34.18	186
33.18	111
34.63	103
33.32	69
33.91	20
34.43	68
34.24	116
32.62	107
32.63	43
33.92	117
33.58	108
34.23	62
34.82	31
34.02	111
34.9	11
32.92	111
35.99	72
32.5	219
33.4	115
34.66	110
32.6	70
33.61	114
32.75	109
32.21	102
32.42	10
33.44	55
33.44	55
32.61	101
33.6	174
33.13	107
33.44	55
33.44	55
33.46	117
35.16	116
32.82	103
32.86	55
32.68	207
32.78	110
33.97	113
32.78	115
33.33	114
33.18	113
32.86	103
33.62	94
33.47	86
31.88	111
34.63	95
34.72	80
33.14	113
35.6	91
33.48	117
32.4	113
32.64	105
33.19	92
33.44	117
34.13	107
33.97	96
32.8	79
34.64	66
32.81	112
31.61	118
33.13	101
32.66	209
35.72	62
31.69	112
35.35	109
33.19	116
34.47	92
32.53	112
31.9	101
31.13	117
34.14	110
33.61	116
32.93	113
31.98	107
35.16	116
34.15	102
33.05	87
32.5	87
31.74	110
33.33	87
32.36	118
32.7	116
31.77	117
34.5	158
32.57	55
31.88	118
34.64	79
31.97	109
34.18	178
33.51	182
33.27	113
34.72	65
34.45	109
32.33	180
32.37	117
34.44	80
32.54	112
33.27	118
35.92	93
33.28	118
33.81	103
33.56	99
33.36	116
34	107
33.1	85
33.04	94
32.62	92
34.91	61
33.86	176
32.71	146
31.98	105
32.9	110
34.31	63
33.43	109
34	163
34.19	144
32.75	118
33.78	101
33.84	78
34.41	70
34.27	79
34.24	73
35.11	31
32.91	61
32.44	109
35.25	98
32.58	102
34.1	104
34.05	92
34.86	111
34.16	88
33.08	94
31.7	114
32.85	234
32.83	117
33	112
35.73	81
33.67	111
33.7	98
33.12	108
33.99	55
34.38	101
34.9	101
32.56	113
32.58	105
34.79	84
33.87	95
31.44	118
34.93	87
34.23	173
33.43	91
32.65	234
33.03	107
34.1	67
34.19	73
33.85	84
33.98	84
34.13	84
33.22	106
33.69	109
33.2	99
32.22	74
32.96	185
34.51	140
33.52	161
33.19	96
49.7	14
33.22	179
33.39	96
32.98	88
32.86	87
32.41	96
36.48	71
33.93	90
33.65	83
34.54	91
40.7	23
35.26	94
33.68	92
33.05	81
35.03	147
35.51	67
34.9	98
34.01	96
33.79	98
34.05	184
33.24	85
33.02	98
34	81
34.51	40
32.58	87
35.54	119
33.53	121
33.56	67
34.85	58
33.33	179
34.36	148
32.5	104
35.1	47
32.9	160
34.66	87
33.3	81
34.08	104
33.4	99
34.01	183
34.11	144
34.36	103
34.3	89
35.63	98
58.67	3
35.8	102
33.47	104
34.98	68
35.69	100
34.3	73
34.97	76
34.6	57
31.98	72
34.11	101
34.94	100
36.81	83
36.08	73
32.42	103
34	79
34.53	159
34.27	88
33.53	102
33.97	84
33.03	101
33.84	179
34.57	96
33.47	32
33.64	188
32.66	96
35.32	67
35.14	79
36.43	66
33.14	47
33.54	177
33.52	170
39.18	39
33.89	78
35.78	82
33.99	70
33.35	26
32.71	172
34.76	87
33.43	54
33.32	102
34.61	139
33.13	34
34.52	100
34.61	98
35.5	18
34.18	93
34.21	85
34.01	98
34.72	87
34.33	85
35.02	73
35.22	97
33.15	20
34.91	47
35.19	87
33.66	101
33.61	95
32.08	187
34.25	105
35.37	70
34.24	144
33.38	182
33.67	81
35.38	113
34.68	95
34.61	103
34.15	93
34.06	90
35.4	90
34.04	84
35.21	99
34.92	101
34.24	81
34.39	82
35.59	30
34.04	90
33.97	78
35.18	72
34.4	99
35.12	57
33.92	94
34.94	81
33.89	92
34.24	78
33.55	72
32.27	10
33.24	100
35.04	37
34.54	92
33.69	99
34.55	98
34.18	34
32.19	69
35.23	84
34.53	172
35.3	77
33.54	102
33.93	132
34.81	31
34.56	147
35.96	74
36.78	84
34.38	57
35.27	71
34.65	97
33.76	121
33.34	76
34.21	70
33.42	63
33.47	97
33.37	103
34.36	103
32.92	66
33.88	71
37.15	168
34.05	146
34.7	36
34.1	84
34.14	84
32.53	21
34.17	104
35.61	90
35.16	75
33.28	71
33.25	101
33.75	71
33.65	97
33.89	82
34.27	91
33.73	81
34.02	31
32.93	48
32.37	16
35.73	60
34.7	93
32	79
34.59	75
31.05	59
33.33	65
31.88	36
35.31	74
33.38	58
33.89	144
33.84	157
34.89	103
35.27	100
36.51	70
34.13	189
36.91	88
35.06	41
36.23	66
33.71	115
32.21	100
34.89	88
34.6	82
34.49	91
34.01	91
35.67	100
33.05	105
34.03	104
34.84	90
34.17	93
35.03	74
32.4	29
34.35	93
33.83	188
34.03	57
36.2	20
35.56	92
34.2	72
35.75	58
36.2	74
33.76	90
35.34	68
35.27	87
37.28	91
34.01	88
33.93	189
33.47	86
35.42	78
32.7	104
34.73	49
33.61	52
33.59	97
33.09	104
33.93	122
33.69	154
35.43	95
34.09	81
33.26	86
33.37	158
33	177
32.69	24
35.7	100
33.63	41
35.08	57
33.98	105
34.23	101
35.59	94
34.74	90
35.04	71
35	80
33.79	22
33.63	176
33.61	105
33.5	179
33.95	69
34.15	75
34.94	58
34.97	97
34.64	95
33.42	32
33.58	46
36.59	175
35.06	65
36.33	89
34.41	76
34.87	95
33.86	80
34.22	112
33.55	155
34.5	74
34.11	105
32.01	101
33.47	96
32.35	68
33.38	105
35.06	187
34.65	81
33.78	86
35.33	53
32.55	95
34.2	70
33.98	95
35.59	81
34.82	82
33.56	74
32.99	105
33.82	61
33.36	67
34.32	69
33.43	103
33.89	75
34.16	32
35.45	58
36.74	61
34.99	94
33.95	132
33.52	102
35.09	97
33.75	71
35.84	92
34.06	86
34.37	71
35.32	65
35.49	105
35.3	95
33.94	96
35.43	98
35.7	96
34.17	55
34.8	91
34.49	106
33.82	67
33.61	98
34.62	102
34.48	85
34.31	148
36.6	104
33.99	77
32.63	94
34.9	68
34.09	188
34.48	62
34.05	110
34.18	83
35.18	51
33.86	98
35.44	83
34.29	78
33.99	64
32.15	16
34.5	45
34.92	99
36.05	68
33.31	112
34.5	67
34.26	104
33.27	102
34.86	76
33.47	81
33	38
35.51	62
32.69	91
33.72	94
32.73	61
34.95	90
31.39	99
32.38	170
35.18	73
33.7	74
35.12	73
34.54	64
35.39	85
33.88	101
34.12	83
34.54	42
33.98	87
34.14	103
35.06	84
33.2	49
33.29	15
34.19	173
33.59	168
35.44	103
34.32	58
34.93	90
36.55	55
33.41	96
35.03	72
34.94	59
33.41	96
33.81	81
33.21	89
35.1	75
33.44	57
33.09	97
30.95	13
34.12	90
35.84	85
32.68	153
33.88	98
34.94	79
34.87	68
32.21	93
33.6	80
33.15	81
33.57	170
33.02	58
55.48	8
34.91	94
33.13	89
32.45	103
34.76	54
32.86	87
33.32	92
34.89	83
34.67	68
34.61	67
34.64	82
33.39	74
32.75	77
34.69	100
35.81	72
34.29	101
34.41	103
34.45	28
33.71	28
34.1	86
35.65	102
34.65	92
35.12	126
32.85	74
34.3	72
34.72	47
34.35	76
34.54	84
31.86	92
33.56	98
34.38	52
33.27	95
34.87	53
34.64	80
34.22	85
33.7	62
31.5	21
36.32	136
56.53	3
34.75	61
32.88	80
34.76	65
36.75	94
34.61	95
34.8	135
33.94	146
31.14	4
34.68	39
35.83	62
34.89	83
31.77	32
35.06	65
35.62	91
33.47	78
34.21	53
33.48	97
33.83	82
33.45	100
34.08	84
33.59	66
32.19	103
34.16	30
34.44	91
32.74	102
33.5	90
34.47	85
34.19	114
33.38	80
32.64	98
33.38	82
33.51	58
32.77	92
32.97	101
34.53	77
34.32	82
34.44	75
36.09	98
36.19	48
35	98
33.62	76
35.4	55
32.73	74
33.32	16
33.91	90
33.14	23
33.91	104
34.73	98
37.72	99
35.57	102
34.52	168
32.97	97
34.21	51
35.34	101
36.13	100
52.11	16
34.58	83
35.08	41
34.45	19
35.54	79
35.37	19
34.47	92
34.26	79
35.61	59
33.51	100
33.25	57
35.35	83
33.85	80
32.97	38
34.35	104
35.06	87
33.32	96
34.17	91
33.6	101
34.4	91
35.8	79
36.5	52
33.75	102
33.79	90
33.37	86
34.35	79
35.72	103
34.39	178
33.18	52
34.13	93
35.11	74
34.41	66
36.17	50
36.37	100
34.04	43
34.09	41
34.86	83
34.88	89
32.82	57
33.91	99
35.01	88
33.75	98
34.02	98
57.48	6
34.82	90
36.08	58
34.74	85
34.21	99
33.79	113
33.94	80
34.08	73
35.31	30
34.42	57
33.3	23
37.24	168
34.45	73
33.74	100
37.17	73
35.53	83
34.75	44
35.6	92
33.91	55
34.14	75
33.31	81
32.75	57
35.63	52
33.86	45
33.34	66
33.48	50
52.61	7
34.54	42
35.64	103
34.74	85
33.73	76
33.61	74
34.41	54
33.65	76
33.48	88
33.34	99
34.4	64
33.96	72
33.63	86
34.97	92
34.07	99
35.12	97
34.6	49
34.96	101
33.83	63
35.92	107
32.73	64
34.31	83
33.88	101
33.6	60
33.29	70
34.5	101
33.92	91
34.14	87
35.48	66
33.27	55
33.81	94
32.52	95
34.21	87
34.11	112
34.08	112
35.33	97
33.58	61
34.98	153
34.81	85
33.38	168
34.49	54
32.13	14
33.21	60
34.07	96
35.32	80
34.47	95
32.67	95
33.45	44
53.01	6
32.73	61
32.7	97
35.84	97
34.97	91
34.61	174
33.44	103
33.8	76
34.02	89
32.79	85
32.94	95
34.1	76
34.75	51
35.97	90
33.51	187
36.19	85
33.99	20
34.59	95
34.4	87
34.13	101
34.91	96
34.83	70
32.84	13
33.32	50
33.32	50
33.81	98
32.34	182
35.02	157
33.48	43
34.45	137
34.89	119
35.58	71
34.34	94
32.1	104
35.75	70
34.84	55
32.03	11
33.6	100
33.85	91
33.39	91
34.98	135
33.63	116
31.97	105
34.74	76
32.91	23
34.18	87
33.94	87
33.15	95
35.58	68
35.89	84
33.53	24
33.99	105
33.56	91
35.42	67
35	72
34.72	104
39.22	15
32.61	98
33.72	31
33.89	97
33.36	171
34.11	100
34.32	52
35.21	91
32.82	52
32.62	25
34.94	72
35.8	30
32.76	188
33.78	96
34.67	44
33.58	105
34.43	82
34.11	148
40.72	67
35.27	52
35.68	40
33.44	60
34.61	152
35.54	24
32.88	78
34.09	67
32.64	29
33	98
34.76	149
34.35	56
33.7	85
34.74	93
34.69	76
34.74	99
34.04	90
36.48	59
33.78	35
33.68	83
34.07	93
35.17	75
34.53	24
33.37	50
33.81	81
33.28	69
33.81	97
34.37	48
34.67	92
33.81	100
33.64	46
34.13	96
33.53	67
34.13	100
34.54	57
34.66	85
33.36	101
32.84	92
34.21	94
33.69	43
33.93	85
32.39	38
33.69	66
34.71	38
33.39	86
34.25	79
32.99	102
34.69	43
34.05	88
34.29	157
34.01	102
35.78	80
34.54	100
32.46	88
34.38	99
33.91	66
33.06	102
33.93	66
32.7	80
33.35	97
34.02	143
31.32	23
35.59	37
34.48	86
34.75	82
33.64	92
33.4	92
33.85	94
35.45	75
34.35	57
33.62	105
35.82	54
32.8	105
34.52	157
34.22	106
35.83	67
33.7	18
33.88	145
34	76
34.49	151
34.18	80
33.54	104
34.25	157
32.55	173
33.45	32
33.94	50
34.96	133
34.55	84
32.94	75
33.44	90
33.82	78
34.59	157
34.56	60
52.97	14
33.19	71
33.55	99
35	76
33.76	97
34.76	155
33.93	101
33.73	91
34.38	44
33.56	77
53.21	6
36.45	81
34.88	32
34.47	72
33.77	43
34.47	97
36.52	80
32.51	18
34.39	168
34.36	69
32.68	12
33.7	99
34.02	81
33.4	101
34.56	117
34.84	82
39.37	49
33.08	103
33.4	97
34.42	104
34.04	85
33.68	92
33.34	47
33.95	100
33.68	166
33.83	68
33.35	78
34.13	91
34.41	112
34.93	27
34.2	98
33.96	22
35.18	150
35.03	101
33.65	101
35.71	81
34.51	100
33.75	91
31.48	4
34.91	100
34.75	67
35.34	38
58.31	5
35.61	91
34.88	36
34.6	84
36.42	76
34.12	102
33.02	87
34.6	84
34.93	91
34.64	95
35.21	98
34.86	100
35.06	74
33.04	31
32.65	80
34.7	104
35.15	77
36.34	61
34.02	44
34.09	91
34.4	91
32.66	82
32.94	104
34.35	72
36.05	82
34.55	80
34.6	116
35.52	74
34.74	97
35.26	72
34.56	84
31.21	17
33.88	88
33.53	103
34.8	89
34.42	152
34.32	52
33.95	93
34.8	75
34.26	32
33.13	52
33.97	91
33.61	54
36.02	85
34.26	82
34.1	79
33.65	74
33.73	65
34.41	69
34.67	79
32.8	19
35.68	18
35.48	92
34.29	41
33.97	105
35.4	84
33.92	22
33.03	75
34.37	40
34.5	124
33.95	101
34.74	79
34.92	89
34.74	79
34.74	79
34.74	79
34.74	79
33.74	104
34.74	79
34.74	79
35.4	71
35.68	101
35.25	82
34.88	100
33.68	91
35.45	34
35.09	99
34.91	94
33.88	75
36.01	45
34.07	71
35.86	93
31.51	38
34.59	103
34.72	101
33.29	85
34.01	81
34.59	72
34.76	65
33.59	105
34.5	101
31.98	77
34.21	86
33.82	103
34.48	98
34.53	102
36.65	38
32.51	127
33.17	99
44.48	33
33.73	73
35.04	87
33.31	28
33.02	50
35.36	89
35.41	60
33.72	72
34.62	70
57.17	3
33.7	77
33.81	53
32	0
35.98	87
35.55	70
34.64	96
34.58	18
33.32	68
33.92	70
33.51	78
36.45	86
33.54	38
33.4	48
33.06	22
34.46	158
34.83	96
34.39	44
33.9	161
36.59	87
34.52	105
34.04	96
33.62	71
33.93	54
34.62	95
34.91	30
33.53	97
34.34	75
35.13	93
34.24	28
34.13	96
33.39	86
34.58	57
34.02	147
34.61	82
34.48	125
33.74	126
34.94	74
35.86	68
35.61	89
32.91	105
33.96	91
34.68	99
33.7	138
33.69	90
33.38	92
35.62	41
34.05	136
34.71	150
33.82	169
34.43	51
34.27	89
34.1	86
33.85	59
32.4	91
34.34	84
33.94	135
32.82	40
34.3	102
39.35	49
34.4	93
32.75	96
34.53	100
34.58	76
34.16	83
33.24	103
33.53	38
34.16	136
33.65	99
34.02	67
34.52	99
34.77	33
34.22	77
35.11	111
34.43	102
35.18	91
34.85	83
34.18	98
35.21	70
35.95	153
35.45	60
33.94	98
33.74	100
35.45	111
33.14	70
35.01	170
33.04	105
34.6	90
34.45	103
33.92	98
32.54	104
36.32	82
32.88	48
33.05	29
32.98	97
34.12	101
34.43	80
34.05	188
34.62	84
33.88	73
33.72	76
33.38	102
34.21	22
34.68	75
32.16	27
34.78	134
34.69	83
34.68	97
36.06	33
33.27	41
33.6	35
36.88	88
34.48	167
33.6	82
34.33	188
34.26	109
41.44	51
31.44	7
34.21	90
34.2	115
34.44	81
33.89	99
34.92	95
34.76	94
35.38	127
33.45	62
34.1	188
32.72	72
34.99	87
33.02	105
33.15	87
40.99	53
34.57	75
34.89	99
32.55	29
34.08	56
43.3	69
35.21	84
33.78	103
33.79	90
34.55	38
34.71	102
35.8	143
33.93	93
34.78	51
34.27	91
31.35	105
34.53	66
32.49	79
30.91	6
33.97	87
31.63	12
32.86	104
32.96	96
33.15	82
39.74	50
33.8	131
33.45	77
34.63	59
33.7	83
33.89	98
33.08	105
34.11	55
33.12	74
33.75	67
31.05	41
33.4	53
33.5	41
33.55	159
33.25	155
33.59	125
32.44	41
35.16	102
34.36	85
31.9	14
32.93	50
34.1	45
32.72	93
34.52	95
33.56	100
33.05	51
33.82	187
34.72	95
32.7	19
35.86	82
34.85	102
34.38	58
35.06	64
34.65	92
34.97	78
35.29	80
35.5	104
34.45	140
34.72	82
33.31	91
33.57	101
41.42	19
36.75	55
36.14	96
34.21	75
34.2	97
33.29	174
34.75	68
34.84	173
33.21	31
34.06	83
34.8	93
35.47	80
33.02	80
34.81	101
32.91	74
35.6	73
34.66	36
34.2	53
33.5	110
33.73	24
33.33	84
32.21	90
33.61	32
33.08	103
34.43	104
34.19	86
34.17	143
35.24	73
33.68	104
33.97	140
34.13	186
32.9	162
37.12	78
34.73	173
32.74	119
33.6	103
33.67	96
33.47	94
33.51	92
32.97	57
34.16	123
35.13	62
35	67
34.12	41
34.45	104
34.23	32
33.87	72
34.26	83
34.45	104
34.28	90
40.07	32
33.48	39
33.24	34
36.23	57
33.9	95
33.65	91
35.01	81
34.75	79
34.43	59
32.84	19
33.86	100
34.4	99
35.46	83
35.07	94
34.21	96
33.05	93
34.06	44
34.53	72
32.72	101
31.77	48
34.88	70
35.08	46
34.11	37
33.89	81
33.95	72
33.04	88
34.97	73
35.69	90
34.75	67
33.24	69
34.36	57
33.45	91
35.38	81
35.25	100
33.62	84
33.13	98
32.87	36
34.99	57
39.22	56
33.05	94
35.38	70
33.2	76
33.57	91
34.19	76
33.54	74
33.08	93
34.27	66
30.56	2
34.39	80
33.06	98
33.15	20
33.85	99
33.88	31
34.01	116
32.17	103
34.99	92
34.28	90
34.1	45
34.62	157
31.92	79
34.55	102
33.33	92
34.56	104
35.45	112
32.06	17
34.76	75
32.47	96
32.9	24
38.24	36
33.96	51
34.9	66
33.02	97
32.83	34
33.15	91
31.99	96
33.3	50
33.71	93
33.5	18
35.08	88
33.74	98
35.73	135
36.21	58
33.4	102
33.62	100
35.47	77
34.72	58
34.51	98
35.16	100
34.26	93
35	95
35.26	58
32.97	103
34.88	94
33.73	104
33.68	97
35.37	82
35.42	72
33.74	83
35.39	98
34.23	17
34.26	74
33.9	93
32.9	113
34.15	105
35.33	75
35.02	36
36.17	43
33.11	97
33.47	88
33.6	59
34.42	143
34.43	39
34	92
35.61	70
35.92	79
37.12	93
35.18	47
34.13	104
33.78	95
34.65	94
35.67	89
35.26	53
34.6	39
34.23	94
33.89	67
32.75	60
34.08	104
34.09	88
33.13	94
33.61	122
35.73	79
36.13	61
33.74	175
34.93	56
34.21	90
35.75	107
33.06	105
37.07	97
33.98	97
36.2	80
34.98	18
34.36	88
34.76	45
34.94	81
34.77	65
33.96	104
33.97	78
35.76	82
35.44	93
34.46	180
35.5	84
33.63	83
36.27	69
36.61	93
33.19	104
33.97	184
34.72	97
33.44	8
33.09	23
34.97	59
36.02	67
34.88	44
32.93	77
34.23	89
34.68	88
32.53	84
33.9	18
33.95	49
33.39	181
34.33	98
34.62	104
35.81	40
34.96	69
33.16	79
33.86	100
31.89	16
33.98	65
34.99	94
34.18	94
33.34	59
33.4	96
35.77	96
34.9	71
32.38	98
33.07	114
36.24	67
33.72	95
33.95	156
35.53	94
33.05	97
32.91	96
34.65	132
34	82
33.62	90
35.91	96
33.77	133
34.27	100
32.89	19
33.66	64
34.61	90
34.79	104
33.51	155
34.12	160
33.62	93
33.55	70
34.87	128
33.78	96
34.17	156
34.28	85
34.82	43
35.16	97
34.19	61
35.23	99
32.59	75
35.86	45
34.96	161
35.9	144
33.55	186
35.69	86
34.03	17
33.56	23
36.25	71
33.55	69
31.53	18
35.25	86
33.94	64
35.28	58
34.27	102
34.81	103
36.08	82
36.1	86
34.72	38
35.39	50
35.36	85
35.3	91
35.05	101
33.94	102
32.85	97
34.46	68
33.86	60
33.56	96
34.6	104
34.67	134
34.65	71
34.83	103
34.48	103
36.32	67
33.84	162
34.55	93
33.53	102
34.61	125
35.59	55
35.34	105
33.99	99
34.91	63
34.01	63
34.65	67
32.68	92
34.55	18
33.72	56
33.67	104
37.16	61
36.08	71
35.52	88
33	96
33.76	144
33.08	92
33.86	100
33.68	98
35.22	98
34.25	18
34.97	88
33.77	45
35.04	116
33.12	101
34.4	81
35.02	82
33.31	90
34.07	176
33.86	77
35.14	80
35.79	102
35.14	98
33.8	57
33.06	188
34.27	96
34.69	147
33.94	86
34.1	94
35.42	59
34.71	81
33.7	29
36.19	91
35.33	101
34.29	138
33.31	90
35.87	132
35.67	34
33.1	32
36.02	93
33.11	104
35.23	94
35.98	94
35.62	105
35.71	53
32.81	24
38.66	33
35.81	88
34.95	70
33.84	77
34.8	147
34.54	101
34.06	88
34.67	140
33.49	101
34.88	97
34.29	89
34.86	80
35.29	101
33.18	41
34.34	103
34.09	97
33.58	31
33.4	27
34.29	103
34.96	187
33.86	79
33.69	98
33.64	93
33.49	89
34.14	85
35.03	89
34.64	62
34.94	102
34.21	75
34.61	102
31.72	99
37.35	119
37.54	45
33.7	92
33.39	45
34.78	81
33.68	79
34.56	68
36.61	65
35.68	105
34.32	36
33.69	124
34.04	136
34.27	65
33.26	95
34.96	72
34.08	105
35.21	70
33.56	94
35.08	98
31.53	20
33.54	99
34.13	75
35.56	108
33.56	98
33.42	93
31.9	49
36.64	35
34.39	70
33.87	93
34.56	81
34.42	102
35.71	102
34.59	40
34.24	95
33.02	91
33.4	21
35.05	103
34.59	89
52.59	30
35.18	85
34.54	93
34.5	48
35.83	100
33.96	98
35.7	100
34.32	92
35.1	49
35.67	72
33.32	28
33.91	101
33.39	40
35.03	86
34.36	72
51.23	6
34.21	71
33.19	37
33.37	105
34.79	82
34.21	70
33.97	146
34.25	96
33.16	61
33.79	33
32.54	105
33.87	74
33.5	88
32.91	18
32.43	54
33.87	164
33.79	60
34.56	94
34.97	79
35.23	137
34.42	70
36.22	35
35.17	97
35.51	97
33.56	101
34.44	102
33.92	86
33.03	89
33.97	173
34.1	104
31.93	14
32.81	143
33.29	90
33.73	96
33.99	104
34.54	100
33.53	100
33.86	12
34.71	67
31.5	15
34.36	83
34.66	131
35.54	103
35	84
33.6	80
34.74	101
34	98
35.25	98
33.54	88
33.91	99
33.56	100
35.45	59
54.53	0
35.39	63
34.44	63
35.47	78
34.16	73
34.16	98
34.55	99
35.96	48
34.18	103
35.64	63
34.38	82
34.48	101
34.46	63
34.76	89
34.93	84
35.34	82
36.05	71
34.28	102
35.21	69
34.44	181
34.9	81
35.5	66
35.79	75
35.07	47
33.76	72
34.19	65
35.02	75
33.59	85
31.86	23
34.74	61
33.31	91
33.99	102
35.21	138
35.03	79
33.25	90
34.89	68
34.5	73
33.93	79
34.1	94
33.21	87
33.52	105
33.51	102
33.16	52
41.13	51
34.33	106
33.37	103
34.64	77
33.62	181
33.33	88
33.72	90
34.01	94
31.99	13
32.91	101
34.08	85
34.73	93
35	86
36.64	61
34.81	66
33.21	78
33.53	70
33.72	157
33.88	98
35.43	104
34.62	94
34.8	80
34.06	87
33.24	186
36.24	102
33.59	160
34.29	92
33.56	152
32.27	10
55.11	6
32.7	84
33.59	73
34.18	84
34.26	99
34.29	166
34.87	98
34.18	84
34.18	84
34.18	84
34.95	73
34.14	100
33.9	100
33.45	98
32.28	67
34.75	65
32.73	41
33.65	91
33.26	103
32.94	92
33.75	39
34.77	64
33.31	100
35.15	70
33.84	89
33.25	54
34.42	103
35.28	48
35.01	64
35.43	103
36.57	48
53.26	5
33.09	102
33.05	99
36.44	42
34.36	86
34.24	81
34.49	50
33.81	100
33.95	97
35.33	89
32.37	49
33.2	30
35.43	87
34.45	92
36.08	97
35	83
34.8	75
34.1	101
33.49	96
34.86	104
36.24	73
35.11	76
32.59	17
34.58	30
34.02	99
34.26	174
34.72	86
34.09	98
33.5	87
33.83	51
34.32	92
34.57	92
34.45	92
34.27	73
33.46	103
35.02	86
34.09	22
34.2	170
33.95	101
33.27	85
33.69	93
35.45	80
34.7	57
35.15	84
34.89	96
33.17	79
33.32	105
33.64	96
34.03	97
34.16	98
33.37	86
34.15	154
33.27	102
34.99	85
34.03	90
34.62	86
35.06	92
33.57	91
33.44	104
32.86	38
34.66	50
34.52	70
33.97	87
34.7	67
32.32	95
34.37	78
35.11	72
33.24	103
34.68	159
34.33	175
34.56	79
50.18	2
34.71	178
34.5	69
33.23	10
32.61	105
34.75	81
36.09	74
34.9	45
36.21	72
35.73	77
33.95	97
34.81	93
34.3	89
34.09	15
35.51	91
34.56	91
34.4	96
33.96	131
35.31	144
33.83	122
32.82	100
33.23	103
34.66	80
33.66	101
35.75	83
34.89	90
34.73	37
36.13	57
33.96	81
37.9	70
34.52	102
33.03	92
34.06	85
34.99	38
34	100
35.65	79
32.19	2
34.38	93
33.96	62
35.42	70
34.89	54
33.45	61
32.83	86
35.81	146
33.65	68
34.42	103
33.76	94
34.28	79
32.4	16
33.78	102
33.54	74
33.66	153
33.53	47
35.22	87
41.88	52
34.8	71
34.8	88
34.83	87
42.36	57
34.83	57
33.68	171
34.26	94
34	80
33.39	58
39.3	32
33.89	101
33.54	63
34.03	87
33.54	63
32.96	173
33.18	62
33.6	97
33.7	53
52.05	4
35.37	78
33.11	84
33.45	104
34.75	84
35	71
35.11	87
32.56	74
34.03	81
34.44	75
34.7	82
34.05	46
33.86	100
33.65	90
35.32	91
34.01	82
33.39	98
35.23	167
33.35	98
35.12	114
33.53	104
35.1	85
33.23	182
33.81	13
34.33	62
34.51	27
34.06	126
34.1	85
35.28	37
35.25	129
34.24	88
34.81	90
35.62	105
33.87	74
34.61	92
36.21	55
34.38	13
34.32	61
34.81	94
34.81	54
35.24	57
33.75	183
34.75	89
33.76	80
34.23	171
33.23	25
34.27	101
34.24	81
33.86	90
33.59	162
34.72	88
34.33	103
35.98	81
33.8	67
35.55	76
35.64	77
34.81	159
33.2	101
32.62	28
35.45	79
34.59	84
33.94	55
33.92	185
34.51	60
34.51	85
31.97	12
34.21	104
34.53	95
33.15	92
34.85	135
36.02	100
34.14	33
35.14	77
34.33	41
33.16	92
34.03	37
35.31	67
36.64	96
34.35	74
34.07	89
33.45	105
34.51	82
32.96	86
34.16	73
34.24	86
34.09	18
34.32	102
33.25	82
34.75	91
33.77	76
33.15	172
34.75	91
33.91	103
33.14	101
34.75	91
33.46	102
33.04	168
34.01	96
34.18	22
35.18	87
34.54	74
33.89	147
34.07	83
36.08	68
34.13	84
33.36	58
34.27	41
34.55	165
33.94	85
35.29	94
35.69	67
36.04	77
34.59	100
34.3	96
33.59	89
34.5	121
34.88	81
34.02	76
35.33	58
35	85
35.64	89
34.22	67
35.53	73
33.27	89
33.95	102
34.75	99
33.01	93
33.35	64
34.51	80
34.05	101
34.15	88
33.83	187
49.16	8
32.41	109
33.22	93
33.21	34
33.23	169
34.05	64
30.48	22
32.26	157
32.57	33
33.24	157
32.6	105
33.8	187
34.45	90
34.52	53
34.97	101
56.07	3
34.05	104
34.72	77
34.66	95
35.13	61
35.89	90
33.37	87
34.51	129
33.42	87
34.61	84
33.43	61
33.12	188
33.22	42
33.92	46
33.77	89
33.48	51
33.21	95
33.54	83
36.11	75
33.54	89
35.41	40
34.78	74
34.27	36
34.24	101
33.45	96
33.71	72
31.87	24
34.5	111
36.09	84
35.83	61
32.82	29
32.95	99
33.95	101
32.78	91
32.06	24
33.51	74
32.75	99
33.26	63
31.81	87
30.23	5
33.38	93
33.04	19
33.72	84
35.12	91
33.63	103
34.08	67
34.5	87
31.51	24
32.16	12
33.61	99
34.12	73
34.02	66
34.29	93
33.77	80
34.34	116
51.84	0
36.21	82
34.03	142
34.19	72
34	97
34.37	50
35.47	82
35.57	69
35.87	91
34.37	82
33.35	101
35.48	88
35.03	96
34.1	83
35.25	81
33.29	104
34.58	71
35.4	77
33.04	189
35.51	142
34.08	81
34.43	33
33.22	80
35.62	87
33.6	90
35.85	98
34.63	95
35.03	93
33.12	94
33.91	79
34.85	127
33.4	65
36.75	60
34.86	103
35.2	59
34.19	97
34.08	69
34.6	78
33.54	105
32.66	87
36.36	93
34.8	105
32.62	8
34.67	85
34.51	46
100	0
33.54	40
35.54	95
35.47	81
33.08	23
35.11	67
35.18	88
33.37	84
32	25
33.88	59
33.85	111
31.91	20
35.97	82
34.56	63
31.25	4
34.16	73
35.24	63
33.92	55
34.24	83
54.52	3
35.95	81
32.08	9
33.79	85
36.32	80
35.32	81
34.39	157
33.58	69
34.41	32
34.53	122
35	104
36.77	69
34.41	65
34.85	117
33.28	47
33.18	48
33.93	105
34.75	70
32.78	104
34.55	69
33.75	167
33.78	109
33.59	92
34.95	83
35.4	54
33.35	171
34.29	68
34.19	155
34.3	90
33.72	31
33.03	149
34.66	77
32.56	14
32.94	91
33.43	69
34.75	102
33.34	97
33.11	98
35.11	90
33.7	83
35.06	76
33.39	89
34.23	181
34.57	158
36	73
34.29	103
34.52	110
33.31	55
33.88	121
34.8	74
35	78
33.98	53
34.78	122
34.42	76
34.69	102
34.47	95
33.57	46
32.62	12
34.74	82
32.15	91
34.76	47
35.42	90
32.91	97
33.19	98
32.41	98
34.87	146
34.35	96
34.52	82
33.41	100
34.14	77
34.94	87
33.87	105
32.62	32
33.99	53
35.1	65
33.89	104
34.59	101
34.73	79
34.16	105
33.07	100
34.51	135
34.32	91
33.7	45
34.76	81
32.79	15
35.16	84
33.51	66
32.08	24
32.88	173
35.22	99
35.16	99
32.37	21
35.49	103
33.64	78
33.98	102
34.99	69
34.34	70
33.51	111
34.41	96
33.5	99
33.26	31
33.86	88
36.65	89
34.16	90
35.18	64
33.74	98
34.14	178
33.25	124
34.24	137
34.17	59
33.2	63
33.6	98
34.45	98
40.68	19
33.72	102
31.87	25
34.63	74
33.29	104
32.04	26
35.14	43
35.26	82
34.6	38
33.85	41
34.54	77
35.1	88
35.04	81
35.13	94
33.45	90
33.16	173
34.7	96
35.5	105
33.92	97
32.31	102
31.84	35
33.91	83
34.14	79
34.04	100
34.94	90
33.7	83
33.74	147
36.78	62
34.02	42
32.29	102
33.88	26
33.33	90
33.59	96
35.09	126
35.9	61
34.6	55
33.28	17
34.83	74
35.67	83
32.98	91
34.13	89
35.25	63
36.12	69
35.65	57
33.95	100
32.9	104
33.66	81
34.48	105
33.61	101
32.31	102
31.77	94
34.1	83
33.6	99
32.91	98
34.83	90
33.7	83
36.84	62
33.97	29
34.02	42
33.15	35
35.23	82
34.91	105
34.44	80
33.35	10
34.55	86
35.06	138
33.73	20
34.02	62
34.34	90
33.78	86
34.54	77
35.08	66
34.05	78
33.08	23
35.24	84
34.65	68
35.41	92
33.88	93
31.32	31
35	97
35.4	117
35.11	95
34.63	95
34.28	94
35.01	105
34.51	90
35.86	96
36.85	61
35.59	88
35.73	73
36.29	57
36.05	51
35.11	117
33.37	97
35.22	96
34.82	73
35.28	74
34.24	99
33.89	97
33.81	50
34.1	80
33.68	51
41.18	9
34.35	65
33.08	33
32.43	188
32.94	61
38.81	12
35.16	102
33.92	15
32.15	66
33.98	104
33.43	158
35.21	103
33.19	58
33.64	42
34.91	81
33.89	96
37.37	59
34.47	64
35.32	96
35.13	86
36.93	71
36.32	64
33.96	100
53.44	20
35.01	80
34.42	155
40.4	33
35.56	92
34	94
34.23	35
33.06	180
35.11	85
34.33	129
34.57	132
34.95	57
34.33	146
35.44	88
33.15	98
34.52	94
32	6
33	99
32.9	78
34.3	81
32.98	105
34.04	92
33.3	100
33.28	83
36.03	137
35.09	66
35.26	47
34.17	94
34.64	92
34.6	92
35.07	87
34.24	142
34.74	70
34.78	100
35.46	48
33.98	48
34.3	38
36.46	73
33.35	94
34.6	22
33	87
34.78	82
34.57	88
34.7	47
35.58	65
33.7	95
32.81	74
34.26	82
34.02	69
34.02	94
32.92	101
35.38	63
30.91	8
35.99	89
34.17	73
34.72	98
34.06	101
33.38	99
59.82	11
34.32	67
34.74	96
35.52	49
33.38	95
33.62	136
33.46	102
35.46	83
34.67	97
32.49	100
34.01	184
36.37	100
34.59	51
34.63	102
34.48	72
34.48	71
31.9	16
34.92	162
34.99	122
34.92	162
34.92	162
35.02	54
42.57	37
34.64	104
34.92	162
34.92	162
33.98	104
32.86	47
34.83	131
33.23	84
34.81	81
35.37	89
34.83	31
35.81	38
34.39	102
33.52	181
33.59	82
32.76	95
33.19	36
33.77	72
33.91	102
31.11	24
34.48	99
34.45	178
35.65	54
34.23	93
35.04	94
32.22	99
36.26	77
33.83	185
35.73	104
32.84	175
34.07	37
33.6	38
36.09	173
32.73	71
33.73	106
33.6	43
33.91	76
33.79	101
36.79	37
32.94	92
33.44	77
34.28	92
36.01	95
35.51	103
35.33	91
35.99	58
33.21	3
34.55	93
34.69	88
34.29	134
34.76	113
33.8	39
33.86	100
34.05	77
33.75	55
32.85	83
34.62	139
33.49	110
33.71	45
34.03	82
34.12	90
32.23	48
35.54	51
34.79	141
34.08	29
34.34	65
34.42	172
35.23	87
35.39	55
33.94	82
34.4	84
35.56	60
33.13	105
33.37	105
35.22	72
33.69	99
36.35	87
37.88	71
33.91	81
33.06	97
34.33	47
40.59	68
33.28	189
34.07	86
34.14	183
34.86	90
34.92	56
34.13	62
34.15	85
34.82	102
33.8	100
35.01	82
35.27	91
33.8	82
35.42	86
35.64	54
33.37	35
34.84	101
34.61	99
35.12	81
34.57	161
33.58	70
33.66	95
34.24	99
33.41	102
33.62	99
37.29	41
33.84	175
32.55	91
34.3	77
34.48	71
34.24	95
33.17	28
33.7	91
34.62	46
35.42	141
33.21	103
35.68	61
34.27	83
33.7	81
34.16	37
34.66	114
36.46	39
34.25	158
33.46	104
34.01	103
35.51	87
34.73	64
35.48	89
33.35	143
34.21	135
33.02	103
34.44	93
33.16	64
33.1	57
33.01	84
34.1	37
33.32	75
34.24	100
33.49	97
33.39	103
33.51	92
36.3	97
34.41	113
33.88	93
34.55	81
34.01	98
34.44	104
34.83	86
33.28	64
34.6	103
34.18	141
34.53	42
33.94	68
35.65	57
35.69	101
34.53	103
35.33	105
34.84	92
34.54	71
35.98	86
33.7	100
34.19	97
33.32	77
33.64	102
33.92	92
33.68	80
33.54	87
36.1	68
34.18	96
31.93	187
33.59	181
34.13	96
31.67	20
34.98	82
35.11	45
33.39	101
33.98	103
32.89	81
34.83	97
33.78	71
34.32	78
33.08	87
34.94	69
34.1	49
33.66	69
33.72	92
33.84	103
33.54	79
34.43	102
33.36	80
32.96	97
33.73	98
34.03	86
34.37	72
33.88	103
35.47	62
34.19	167
32.21	101
34.21	99
34.31	34
34.59	118
34.1	86
32.35	28
35.33	70
34.28	104
35.5	87
33.48	55
33.51	167
34.32	91
33.21	29
34.27	104
35.42	44
36.78	0
34.3	104
33.92	93
33.12	65
33.24	89
33.61	94
33.61	89
32.98	97
33.36	104
34.24	90
34.27	97
36.06	68
33.16	43
33.4	87
32.87	14
34.27	171
33.27	87
39.75	47
36.05	85
34.91	105
34.08	89
34.94	94
33.76	51
40.27	46
35.69	128
33.15	81
36	94
35.72	91
34.99	74
32.74	92
34.17	102
34.6	55
34.59	123
32.49	88
33.5	103
32.02	20
31.32	19
34.44	112
34.01	122
32.87	70
32.35	93
35.94	60
34.31	45
34.09	162
34.14	94
33.14	88
34.93	85
34.05	83
35.17	70
34.6	113
35.65	78
33.76	79
33.4	79
34.55	79
32.69	189
36.27	66
34.06	90
33.4	90
34.78	52
33.54	24
33.76	109
34.33	106
35.88	115
34.58	82
33.84	93
33.46	185
34.72	91
35.57	46
33.84	93
35.71	28
33.56	175
34.48	84
33.49	53
33.7	103
33.88	11
36.21	52
36.3	38
34.75	102
33.04	87
33.63	64
35.16	122
35.02	57
32.36	90
34.21	83
31.92	52
34.75	95
49.79	1
32.55	45
33.92	102
34.27	81
31.76	18
33.99	122
34.67	97
34.55	96
32.82	44
56.03	12
33.31	166
34.72	51
34.56	85
33.5	21
33.86	178
32.83	101
33.73	57
33.87	119
32.86	89
33.37	76
33.6	87
33.52	129
33.77	85
32.3	103
33.4	89
32.56	14
33.23	91
32.21	70
34.05	64
33.78	104
34.13	83
34.15	100
33.42	170
34.24	94
33.38	53
34.46	67
33.37	101
34	79
33.88	71
34.81	70
33.87	114
33.8	77
33.67	98
37.98	97
32.64	31
33.89	103
34.99	89
34.94	146
35.14	107
33.84	186
34.67	84
34.1	143
35.16	99
35.65	74
33.95	173
34.26	85
32.79	101
35.21	74
33.76	176
32.69	24
33	76
32.95	168
34.38	91
34.48	18
34.51	53
34.69	85
36.23	81
34.47	99
33.92	48
34.03	97
34.39	90
35	77
33.75	166
34.38	93
33.35	40
34.58	92
35.9	50
34.27	95
33.22	76
33.2	99
34.83	96
34.83	86
34.17	183
35.16	93
33.54	104
33.51	87
34.51	103
33.9	95
34.46	92
32.37	67
33.45	33
33.83	182
33.51	102
34.94	100
35.26	67
34.75	102
34.19	92
35.21	98
34.98	21
34.41	82
34.59	97
33.94	51
34.64	86
34.04	84
34.24	94
34.37	91
32.85	93
54.3	11
35.35	54
32.25	93
32.91	50
34.5	98
33.21	155
32.97	63
35.64	65
34.54	93
34.62	131
33.97	51
34.08	98
33.31	92
33.52	87
35.26	89
34.36	80
35.1	81
34.55	88
33.26	103
35.28	82
34.4	83
35.58	75
33.81	72
33.84	88
37.71	87
35	81
34.46	82
32.76	85
33.66	102
33.61	100
35.68	105
34.37	75
33.36	62
33.59	92
35.97	70
34.36	87
34.35	73
35.51	96
33.71	71
35.77	54
34.24	92
32.52	182
34.55	84
36.81	40
33.23	185
33.63	42
35.21	22
40.03	49
33.56	87
33.08	43
37.32	76
31.54	42
34.27	187
34.66	181
36.11	89
34.34	154
34.16	125
35.22	68
33.66	45
34.26	64
34.37	54
34.89	179
34.43	105
32.76	75
34.61	94
34.99	78
35.55	162
35.42	29
33.79	72
33.89	90
33.99	101
34.22	96
33.08	30
41.32	55
41.08	52
34.11	94
34.54	118
34.78	84
34.82	67
35.61	60
35.14	93
33.82	91
34.61	83
33.12	100
35.58	85
34.94	59
34.16	88
33.35	148
37.48	70
33.67	184
32.9	174
34.05	93
37.08	81
36.95	42
33.43	14
34.37	92
34.51	78
33.01	178
35.37	76
34.4	60
34.46	84
35.25	52
35.54	105
35.96	90
35.17	88
33.12	78
33.81	153
33.58	83
32.23	99
41.02	20
34.59	57
35.63	131
32.94	12
34.93	176
31.08	40
38.63	74
34.33	83
36.19	90
32.72	95
33.67	83
34.11	97
34.78	82
32.56	34
33.75	13
34.16	81
34.57	89
35.27	75
33.12	50
34.96	90
34.57	98
35.54	85
34.38	117
35.33	72
33.39	105
33.46	91
34.69	93
34.13	89
30.96	1
32.53	116
35.07	81
32.72	64
35.16	47
35.35	89
33.95	94
34.56	86
34.69	83
32.94	9
34.53	89
34.95	73
35	84
34.32	103
33.98	89
36.38	105
33.83	37
33.59	89
35.37	81
34.62	78
34.47	54
33.61	99
31.86	30
34.45	95
32.83	31
35.37	71
34.69	74
33.64	89
32.63	155
35.32	80
34.64	59
33.96	185
33.63	96
35.29	92
32.06	25
35.88	96
34.1	161
50.28	4
33.81	100
34.34	189
33.53	88
34.04	52
33.77	44
34.02	91
34	48
34.01	67
33.09	85
34.64	93
32.48	8
33.73	85
34.97	46
35	89
31.4	14
34.26	104
32.56	97
33.28	27
37.32	51
34.14	182
33.97	82
32.65	102
33.65	96
35.37	117
35.32	53
34.23	97
33.32	45
34.06	153
33.91	88
34.18	93
34.01	85
33.98	75
34.2	60
34.33	71
34.26	47
34.38	94
33.75	91
35.06	107
33.93	171
33.65	83
33.4	26
33.31	156
32.94	90
33.96	81
35.66	85
35.01	96
34.51	101
34.65	105
35.17	91
32.46	101
35.12	81
35.54	105
35.54	105
35.54	105
35.72	74
35.23	77
34.81	90
32.93	71
35.54	105
34.27	92
33.92	101
34.84	74
34.28	133
35.47	71
31.24	0
30.56	11
33.92	101
33.38	69
34.04	95
32.91	53
35.37	78
34.75	101
34.58	68
33.37	65
34.5	81
34.15	100
34.5	92
34.83	45
33.33	95
34.82	97
33.44	177
34.16	96
35.27	52
33.03	118
35.48	71
34.19	164
32.63	53
33.24	41
35.08	94
39.78	49
34.38	54
33.52	16
34.23	100
35.55	50
33.19	26
33.75	98
33.67	42
35.73	86
33.63	68
36	107
34.24	77
32.47	73
32.83	90
33.69	68
34.23	137
34.15	102
34.43	88
33.67	147
33.12	47
33.88	97
34.92	60
34.66	104
34.48	72
33.98	30
33.53	100
34.33	78
33.81	76
33.9	91
34.32	97
33.68	74
31.52	86
33.46	96
33.78	90
33.55	100
49.51	2
33.36	82
34.07	101
31.79	80
33.21	40
34	79
32.64	87
34.76	103
32.89	49
33.68	94
34.45	108
36.65	70
34.95	81
33.94	104
33.42	153
35.6	114
33.4	171
34.71	90
32.96	102
33.89	77
33.56	79
34.68	67
32.46	100
33.67	90
34.68	80
34.22	82
34.74	98
32.76	100
34.61	172
33.72	84
34.48	100
38.78	41
34.19	78
34.09	82
34.6	89
33.42	154
33.83	93
35.78	100
34.02	102
34.69	101
34.41	49
33.76	96
34.64	112
34.45	64
34.12	101
33.22	66
33.97	69
34.45	112
34.11	53
33.7	98
34.45	162
33.35	103
32.83	90
34.62	95
34.04	100
34.96	101
33.32	98
36.02	84
36.08	87
33.34	101
34.52	100
34.16	128
34.45	87
31.95	42
35.03	101
34.97	89
33.52	121
33.48	103
32.82	62
33.76	93
34.02	27
33.8	64
34.16	81
33.51	99
33.1	77
37.43	48
37.61	88
34.6	94
34.12	37
34.67	94
34.23	61
36.69	46
32.73	74
34.94	88
33.87	180
34.29	101
35.42	86
33.61	91
35.34	60
34.12	80
33.91	87
34.7	94
34.09	90
34.3	141
33.93	47
32.79	54
33.48	68
32.81	72
35.62	88
33.63	89
34.1	92
31.68	21
33.5	84
35.01	128
34.69	146
32.52	91
34.72	143
32.41	91
35.75	41
35.65	84
35.84	101
32.88	97
33.11	89
34.22	71
33.59	79
34.54	102
35.13	67
33.81	89
34	81
34.24	89
34.96	94
35.35	101
53.91	4
32.4	3
35.01	84
35.1	88
35.16	143
33.57	74
32.63	110
34.11	83
34.64	84
33.8	83
33.7	88
32.98	105
34.08	115
35.76	82
33.97	160
33.21	102
35.15	82
34.13	96
33.56	99
33.47	104
32.97	54
33.47	65
35.37	99
33.18	147
34.49	83
34.62	134
33.7	70
34.13	145
33	27
34.73	45
37.33	34
33.9	148
32.55	68
33.83	105
33.25	103
36.54	65
34.28	101
34.14	102
33.65	70
34.93	139
34.52	81
32.84	102
33.07	31
33.09	53
34.68	149
35.05	152
34.77	88
33.99	39
35.08	78
35.47	89
35.43	99
34.71	73
32.85	21
57.45	3
35.86	83
34.58	117
34.14	91
33.99	102
35.13	72
33.54	102
34.75	96
33.74	71
34.94	77
33.85	101
39.48	53
35.15	95
34.28	83
33.12	45
32.01	13
33.33	97
33	84
34.38	93
34.17	146
34.28	139
37.48	115
34.74	93
34.41	115
35.48	82
32.88	33
33.34	105
34.32	91
34.32	128
34.08	101
35.61	51
31.93	93
32.26	103
34.97	99
33.86	83
33.02	95
33.98	107
33.92	123
38.94	49
33.55	87
33.46	92
34.08	148
33.38	30
33.14	95
32.94	70
33.63	77
33.36	169
32.48	42
33.89	78
32.72	83
32.93	53
34.32	50
34.29	50
34.86	87
34.06	101
33.68	68
35.89	95
32.45	50
34.46	46
36.21	51
33.65	35
33.87	58
34.35	37
33.73	141
35.78	86
34.1	77
32.89	97
38.58	28
33.1	87
33.94	57
33.32	99
34.41	75
32.68	97
33.94	86
34.47	79
36.67	34
34.08	104
39.5	3
34.19	127
34.99	90
32.66	25
34.45	118
35.45	81
45.44	11
34.55	169
33.83	92
35.16	81
34.47	102
33.07	34
34.06	81
33.22	99
35.01	97
33.67	86
34.37	87
33.62	99
32.97	86
32.61	21
35.27	81
34.81	70
44.54	32
35.09	114
36.61	87
35.01	104
34.51	45
36.38	60
33.85	87
34.51	87
33.7	88
34.99	98
34.32	61
34.07	84
34.61	95
35.04	71
33.88	155
33.51	81
34.62	95
33.45	98
33.07	103
34	78
34.21	97
34.42	94
34	133
32.91	92
33.06	162
31.83	19
34.23	96
36.47	57
33.44	71
34.32	97
34.5	84
33.42	102
33.43	85
34.5	72
35.08	88
35.87	85
33	80
33.22	31
34.41	86
34.47	99
34.39	86
34.66	92
33.49	70
33.34	92
34.61	81
34.51	134
33.08	104
33.4	97
33.87	56
33.3	104
34.12	88
33.96	49
32.88	96
34.58	100
35.74	57
35.83	97
35.08	77
34.59	168
35.61	75
37.86	31
33.56	104
33.4	49
33.24	136
34.38	102
33.57	147
34.78	78
34.38	148
33.81	113
32.93	113
33.02	92
34.43	82
34.7	72
33.57	184
33.84	158
33.36	81
38.94	69
34.18	86
33.7	158
34.45	100
32.22	30
32.92	97
34.05	95
32.4	49
34.08	74
34.53	160
34.45	72
35.08	85
34.21	122
34.12	87
33.75	165
33.12	88
34.85	135
31.72	9
34.44	84
32.56	89
33.63	37
33.23	131
32.59	92
33.2	100
34.1	138
33.78	54
33.87	89
34.61	54
33.1	90
35.3	92
34.15	98
34.8	71
36.12	22
34.3	95
34.71	39
33.94	102
35.19	66
34.68	85
33.94	92
34.15	81
35.34	94
34.42	90
33.86	92
34.4	97
34.52	95
34.82	43
36.67	71
33.08	99
34.14	81
32.94	167
34.45	122
33.96	95
34.93	48
33.76	51
34.34	94
33.94	168
33.49	78
32.78	82
33.27	102
33.51	94
32.72	179
33.29	32
33.05	131
33.09	147
33.14	93
34.17	97
33.98	84
32.75	91
33.26	100
31.96	100
36.06	101
34	65
35.26	85
34.08	98
34.32	78
34.45	105
36.7	64
32.81	144
34.33	154
35.04	85
34.02	58
34.28	99
33.76	40
32.94	87
33.87	66
50.89	6
35.97	56
33.78	55
34.81	65
33.36	98
33.64	17
34.41	77
34.53	45
34.93	94
34.93	94
33.97	59
35.07	63
35.91	56
33.21	51
34.73	87
33.48	78
35.13	126
32.52	83
32.3	102
34.03	95
34.24	100
33.49	121
34.62	95
34.18	96
33.62	71
33.52	104
33.23	22
35.41	83
33.75	98
34.12	95
32.76	43
33.47	40
33.54	87
34.74	54
35.86	74
31.69	35
35.75	77
33.23	53
33.17	80
32.83	30
34.09	89
32.92	91
33.61	71
34.21	94
36.72	98
33.47	104
34.13	101
35.97	88
33.7	101
34.94	127
33.16	102
34.09	77
34.7	97
34.16	56
33.69	81
33.64	85
33.82	80
33.59	92
34.35	98
33.63	81
32.51	105
33.9	90
33.04	87
33.04	73
33.45	89
35.7	28
33.68	25
35.68	51
34.44	72
33.75	92
33.1	165
33.78	68
31.31	15
33.3	86
32.03	105
32.02	59
34.34	80
50.68	7
35.09	70
33.56	66
37.16	86
33.93	39
33.41	91
32.29	104
32.64	115
33.06	114
34.85	49
33.37	117
34.91	86
34.15	91
36.09	110
33.14	118
33.75	142
33.13	98
34.32	75
35.02	77
35.39	83
32.63	112
33.98	84
33.64	106
32.51	91
32.36	113
32.46	87
33.72	63
33.71	116
33.48	118
32.51	111
34.03	115
32.62	109
34.91	114
33.48	118
33.45	88
34.48	107
32.82	97
33.39	108
34.59	41
33.21	118
33.06	70
31.91	29
34.31	107
33.28	88
32.61	54
33.86	90
34.11	78
33.73	110
33.02	96
33.86	90
33.48	89
32.83	95
34.25	85
33.01	116
33.09	87
32.38	112
35.33	77
32.26	113
32.96	137
33.92	103
33.73	112
32.76	100
34.01	99
32.29	117
33.82	92
31.49	105
32.63	102
33.98	117
34.24	59
32.71	117
33.1	118
33.98	90
33.39	111
34.69	104
33.52	103
33.62	151
32.91	189
33.2	118
32.95	117
33.95	111
35.16	81
32.41	113
33.35	116
33.2	107
33.45	102
33.48	105
32.71	114
32.48	112
32.4	106
33.66	96
34.06	112
32.74	107
32.51	103
34.25	197
34.61	76
34.07	111
33.74	95
33.16	113
34.13	82
34.88	66
32.44	93
34.4	65
33.76	103
34.36	86
37.51	92
32.37	105
32.14	102
33.52	77
33.71	111
32.38	110
32.81	118
34.39	135
32.89	85
35.02	71
33.89	71
32.7	22
34.18	89
33.54	69
34.6	68
34.1	79
32.03	107
34.02	187
33.58	104
31.92	112
32.76	87
34.3	90
34.35	111
33.56	127
34.98	75
32.18	113
35.08	83
32.32	114
35.6	95
33.27	118
32.23	105
33.2	98
34.7	198
33.88	108
34.65	83
34.43	114
33.11	98
33.78	96
33.93	55
32.86	106
34.66	80
33.93	115
35.58	116
31.71	112
33.51	98
33.23	106
32.27	113
34.36	97
32.86	98
34.35	107
33.49	87
32.48	117
33.84	67
33.17	114
33.05	116
34.79	109
33.29	111
34.57	102
32.99	75
33.85	107
33.41	54
33.94	130
34.23	60
33.54	90
33.98	235
33.23	103
35.19	101
33.07	185
34.67	73
33.45	113
34.66	71
34.25	113
33.25	117
33.48	117
34.35	59
33.75	216
32.29	117
33.11	42
31.68	115
31.31	19
32.48	117
33.62	111
32.3	115
33.72	112
32.67	100
33.41	68
32.73	79
33.16	108
34.32	107
33.82	103
34.43	81
33.63	67
33.4	116
35.19	101
33.74	195
33.63	105
33.73	117
33.56	87
34.95	73
34.28	91
32.16	114
34.66	108
32.97	87
33.63	224
33.34	97
33.23	117
32.99	97
34.39	169
34.06	95
32.46	116
34.32	81
33.54	86
33.66	117
32.34	17
32.12	109
35.21	77
34.8	88
34.62	95
32.72	111
32.94	114
33.59	101
33.78	97
33.78	97
34.05	93
34.13	79
33.77	64
34.13	145
34.88	95
32.54	112
33.23	64
32.93	118
32.94	93
32.89	102
33.55	83
32.84	216
33.9	101
34.03	89
34.9	66
32.86	104
34.39	35
33.05	112
31.54	7
34.34	78
32.29	116
32.51	113
33.97	136
33.95	136
32.1	57
33.55	77
31.62	28
31.62	28
32.22	210
33.86	111
34.19	176
33.54	118
34.41	70
33.18	224
34.32	59
33.28	113
33.69	194
33.94	100
33.87	107
34.76	63
33.26	115
33.75	109
33.49	112
32.5	114
33.98	99
32.09	117
32.77	113
33.69	121
