sim	len_diff
34.87	124
34.19	217
35.25	153
33.99	190
36.12	65
34.73	130
35.82	81
33.37	136
33.89	104
35.07	132
34.94	82
34.46	151
35.81	131
35.5	103
33.3	115
33.59	113
35.2	133
35.46	97
35.18	136
33.9	153
36.17	113
32.26	152
34.14	100
35.14	129
34.72	104
34.26	128
33.39	72
36.14	100
34.13	125
33.63	140
32.92	80
32.42	150
32.27	154
32.84	307
32.37	142
34.73	126
32.15	154
34.12	121
35.41	105
32.06	146
33.43	151
33.94	119
33.96	119
32.73	153
31.87	149
33.92	103
34.23	99
34.1	98
34.1	98
34.62	110
33.18	150
33.16	148
32.65	146
32.55	127
32.85	146
32.6	134
33.43	110
31.88	137
32.22	147
35.37	154
34.86	79
33.53	102
34.72	99
33.98	36
33.98	36
33.4	73
36.76	92
33.87	134
33.87	134
32.79	137
33.98	139
33.25	109
34	112
33.04	132
34.02	121
33.29	179
32.96	150
33.26	142
34.3	52
32.97	152
33.64	133
33.41	153
35.37	126
33.32	123
33.02	149
33.86	100
33.52	125
33.82	55
33.56	138
33.75	135
33.85	126
33.72	109
33.35	134
36.24	88
33.44	98
33.75	111
34.2	57
33.39	153
36.22	92
32.14	290
34.27	135
33.8	126
32.6	107
34.29	148
35.08	95
35.32	109
34.18	131
34.71	206
35.09	70
32.68	117
32.65	141
36.91	100
37.01	82
33.05	293
33.12	131
32.54	145
32.48	144
33.38	173
33.24	96
33.37	152
34.31	125
33.7	152
35.24	99
33.19	134
35.9	89
34.54	141
33.76	128
34.52	96
32.81	154
33.37	135
33.94	86
34.34	150
34.35	98
35.56	146
33.31	127
33.39	104
32.95	80
33.66	89
33.09	112
32.65	148
33.6	117
33.33	143
33.55	145
32.88	125
34.14	132
33.17	148
34.21	122
34.65	144
33.47	140
34.12	149
33.84	122
34.25	134
33.68	143
34.54	127
34.29	151
31.37	112
32.71	137
35.61	119
34.27	110
33.43	148
34.12	110
34.34	150
31.89	112
33.21	148
34.59	131
33.3	152
35.11	93
34.97	100
32.06	138
35.71	113
33.21	147
31.52	112
35	171
34.93	79
35.19	93
33.1	140
33.34	123
34.29	107
35.21	79
33.82	149
32.63	105
33.69	151
33.6	97
32.53	147
33.63	115
32.57	150
34.1	138
33.31	123
33.73	44
33.45	71
33.94	142
32.43	153
33.77	192
36.8	75
33.49	140
32.52	154
32.64	154
32.69	152
33.02	140
34.27	77
34.08	118
33.36	130
36.88	88
33.03	154
34.24	139
35.99	141
33.6	151
33.11	134
35.94	85
35.57	121
33.26	11
34.96	45
34.03	149
34.61	123
33.5	152
34.04	232
32.6	139
32.75	151
31.37	153
32.51	144
32.82	83
32.04	148
35.28	91
33.74	126
33.62	130
32.24	151
32.37	150
33.05	151
30.57	149
33.41	141
31.5	149
33.99	143
33.84	128
32.61	120
31.36	150
33.73	153
33.27	140
32.36	143
33.91	103
32.99	153
31.25	152
32.42	147
33.22	142
33.91	129
32.06	120
32.81	133
33.08	144
32.6	120
32.83	119
33.22	136
32.54	142
32.17	144
33.39	154
34.76	142
33	153
32.89	133
31.75	139
31.56	150
33.99	83
35.99	110
32.82	83
35.99	110
31.59	153
32.33	152
33.34	142
33.58	120
33.95	252
34.16	153
34.88	130
32.43	133
32.18	142
33.14	142
32.01	151
34.66	101
33.84	149
35.95	128
33.31	140
33.68	77
36.62	100
34.76	49
36.05	110
34.68	109
33.96	146
34.64	106
32.71	149
33.55	100
35.74	89
34	89
34.17	149
33.77	133
33.71	111
33.6	147
33.98	154
33.4	120
35.11	224
34.33	135
33.19	129
33.86	126
34.46	73
31.81	136
36.38	162
34.2	140
34.79	102
32.98	135
35.28	123
33.49	141
36.3	97
35.1	136
36	134
33.58	154
32.87	137
35.64	70
34.86	136
36.03	109
34.65	90
35.06	138
35.75	137
36.14	142
36.9	129
33.02	148
33.58	128
33.99	142
34.98	119
33.25	151
34	127
32.36	153
35.41	70
33.72	144
33.61	81
37.29	82
35.13	145
34.14	151
34.55	100
34.52	138
32.02	149
33.39	136
36.17	106
34.3	146
37.09	67
35.8	150
35.86	145
35.46	116
33.29	143
34.79	122
35.24	141
35.42	121
33.77	135
32.24	150
35.59	130
34	105
33.57	89
32.67	119
33.87	83
33.29	123
32.45	73
34.52	134
43.44	26
34.65	117
32.83	83
33.25	136
34.15	127
35.2	126
35.97	220
37.26	125
34.93	122
36.77	82
36.72	202
34.43	135
36.95	80
34.75	113
34	123
31.69	124
35.53	124
33.86	96
32.5	79
32.86	127
33.06	130
33.11	124
33.62	124
33.78	198
32.61	105
33.24	74
33.43	106
33.74	130
33.2	99
33.14	83
33.68	106
34.25	90
34.68	139
32.67	103
52.14	20
35.38	97
34.35	75
34.54	128
35.39	44
33.84	9
37.53	72
34.87	115
35.87	55
33.72	134
35.04	134
39.97	134
38.25	129
34.58	129
35.78	65
35.11	206
36.88	122
36.58	94
35.53	130
36.88	65
33.18	40
33.78	129
34.56	105
32.79	131
35.41	92
34.77	137
34.22	88
32.62	15
33.6	135
34.41	102
32.39	86
33.04	134
34.58	138
32.97	120
34.28	87
32.39	86
33.2	61
34.51	106
32.73	70
36	89
34.6	95
34.81	81
36.07	123
37.09	108
37	113
34.17	109
37.91	206
35.84	52
35.08	82
35.06	55
35.81	106
34.23	105
36.3	70
35.87	116
34.92	120
36.97	98
36.18	123
37.79	93
36.53	150
33.7	134
34.23	84
33.39	112
33.52	127
35.51	127
35.17	131
34.37	96
36.73	144
33.8	78
34.7	132
34.71	116
35.78	132
34.78	124
47.5	36
34.87	131
34.89	99
37.56	106
34.53	132
35.44	122
34.21	125
34.6	65
33.34	131
34.68	116
33.21	97
34.9	84
33.13	180
32.35	222
34.89	84
33.66	135
34.14	128
34.04	111
33.67	84
34.88	92
32.33	66
32.25	136
32.83	117
32.87	70
33.53	95
38.69	134
34.06	108
33.18	68
38.59	180
36.51	114
34.47	61
35.91	116
32.96	49
34.84	164
34.57	75
34.09	73
34.17	134
36.7	136
33.54	99
33.68	98
33.72	115
33.94	66
32.52	125
35.67	137
32.49	119
34.03	133
33.68	40
36.4	104
36.2	55
36.43	125
36.72	102
34.74	49
40.12	126
38.9	159
38.51	139
36.94	128
36.56	107
34.72	134
33.66	55
32.34	117
34.29	91
32.43	82
34.56	55
33.01	130
34.05	90
33.56	83
36.06	140
32.52	50
34.05	89
32.9	80
34.05	89
33.6	110
32.21	62
33.5	81
33.04	82
33.93	62
33.23	155
35.5	126
35.68	123
36.85	84
35.62	93
37.4	51
34.83	219
39.05	157
36.1	43
37.24	92
34.51	132
34.99	128
39.9	143
33.39	37
35.93	114
34.32	109
37.11	135
34.8	48
35.85	78
34.23	48
35.5	124
32.82	101
38.46	143
33.48	103
34.84	93
32.51	40
33.95	63
36.46	69
34.34	68
34.49	93
35.08	138
36.31	91
37.29	127
35.94	120
37.93	135
36.5	96
35.75	130
37.24	80
35.56	124
34.47	131
34.85	132
32.14	131
32.82	74
34.63	113
31.47	29
34	120
33	135
35.02	113
33.36	99
34.66	146
33.41	93
34.87	136
34.96	136
36.57	98
35.48	128
36.58	103
39.92	126
36.43	44
36.03	62
38.58	137
36.05	58
35	65
36.07	112
35.4	67
38.54	129
34.48	126
33.98	127
34.47	136
35.46	71
34.52	135
34.52	131
37.4	132
35.15	81
38.85	120
34.62	124
36.61	96
35.06	129
36.75	55
36.03	140
35.99	115
34.62	70
33.13	45
33.61	115
33.83	124
36.5	138
33.36	125
34.03	108
34.51	80
34.79	100
33.01	105
34.87	47
33.4	102
33.68	89
34.07	79
34.74	75
36.65	138
35.03	113
33.55	78
34.61	123
33.04	23
34.7	139
38.64	136
34.4	123
35.86	105
33.17	131
38.92	151
38.66	82
34.95	121
36.21	123
35.22	121
36.89	91
36.86	56
33.05	129
36.7	28
39.57	140
35.28	170
36.44	58
37.48	67
35.85	104
37	88
37.75	152
36.77	109
39.6	144
36.9	83
36.41	94
36.01	111
37.27	76
36.78	108
35.96	74
38.54	135
35.86	46
34.99	93
33.94	122
33.73	113
34.2	122
33.47	102
32.6	134
32.6	107
34.79	97
34.51	126
34.71	99
33.76	217
34.68	127
34.86	103
34.75	131
44.79	36
34.83	107
33.28	108
34.51	78
34.12	115
35.03	91
31.98	17
32.15	131
33.2	201
32.69	92
33.36	163
31.91	129
33.95	126
31.52	132
32.13	128
33.57	129
34.21	119
34.98	130
35.32	53
34.58	87
32.17	131
34.91	158
33.19	127
33.47	116
34.45	112
34.75	116
37.67	134
33.63	136
34.49	134
35.98	101
35.98	133
35.12	179
35.54	131
36.45	92
35.24	128
35.8	47
32.75	49
33.08	123
33.75	155
32.13	16
33.35	174
32.3	129
33.75	87
33.65	82
33.92	86
33.97	192
32.72	185
33.93	122
33.75	115
33.89	126
32.58	109
33.16	47
34.41	242
45.23	3
33.21	131
34	135
33.13	128
32.78	97
32.99	92
33.12	132
31.64	130
33.48	128
34.9	136
32.86	115
33.37	127
36.9	77
36.95	110
37.93	143
35.41	58
36.28	48
39.19	130
37.57	90
36.88	84
36.49	118
38.03	145
38.03	149
34.06	79
33.87	64
34.27	136
33.93	172
32.68	97
32.18	120
34.39	94
33.5	114
34.81	124
33.84	73
32	115
35.85	38
34.11	150
35	55
51.75	14
34.61	129
33.37	112
32.98	128
33.68	15
35.45	79
36.12	87
33.32	62
35.63	86
34.53	96
34.54	126
35.16	118
32.66	121
34.72	53
34.31	99
33.2	86
36.17	85
32.91	10
34.3	72
38.43	160
36.53	112
35.59	116
36.11	91
34.3	104
34.37	68
32.41	104
34.37	116
32.6	112
32.86	124
33.13	80
33.56	116
31.89	126
32.24	104
43.68	49
31.92	46
34.76	104
33.84	108
34.75	114
34.53	131
33.18	134
37.62	130
33.63	110
34.27	129
36.43	170
35.51	105
41.37	156
35.3	136
36.82	116
37.44	37
37.19	52
34.34	77
36.28	106
34.97	135
35.78	91
36.64	80
35.15	93
35.59	122
33.49	112
34.41	105
45.72	12
34.99	55
36	156
32.05	133
35.94	92
35.39	62
32.11	20
32.22	136
32.21	127
33.89	85
33.71	117
32.62	132
33.83	122
34.88	60
32.55	117
33.24	116
35.78	135
34.91	118
36.11	81
34.49	132
34.93	83
35.25	159
34.46	133
36	97
36.67	112
36.53	128
33.97	134
35.4	84
40.82	139
37.45	137
35.93	112
35	90
35.34	124
38.35	145
35.42	123
35.12	58
34.12	127
35.07	124
35.6	134
36.1	223
36.37	121
35.49	66
35.35	238
34.39	105
34.68	117
49.02	4
35.8	69
36.02	110
35.76	108
37.61	109
35.8	85
35.38	35
35.38	224
35.65	124
35.05	68
38.06	120
34.84	125
34.32	96
42.24	18
34.37	118
33.89	136
36.45	125
34.33	121
35.24	109
34.18	92
34.51	90
34.11	112
35.89	123
35.95	96
36.7	171
45.56	10
37.89	138
34.46	18
35.81	84
37.06	75
35.38	71
35.59	48
35.58	121
34.78	130
34	11
34.65	133
35.94	114
34.82	76
36.14	107
37.74	144
35.45	76
36.13	63
36.12	52
34.88	110
34.4	23
34.07	118
35.49	82
35.93	106
33.39	136
34.76	112
45	32
33.8	123
33.57	46
33.23	16
36.5	138
32.34	123
33.86	87
33.22	117
33.29	59
33.61	108
36.03	70
34.05	90
33.85	90
35.1	123
34.2	129
33.4	75
39.98	12
33.96	121
34.11	132
34.92	160
33.98	120
32.6	133
33.81	119
35.16	123
32.43	135
34.06	118
33.82	134
34.49	153
33.36	115
33.95	130
33.8	243
39.18	145
38.74	154
38.8	153
35.23	167
36.25	117
35.95	130
37.21	86
35.93	153
35.44	136
39.1	78
33.86	98
35.23	87
33.52	111
32.92	133
33	129
33.5	78
34.66	207
34.58	84
38.83	115
34.99	111
34.52	107
34.07	121
34.33	109
33.75	131
33.21	107
32.58	69
34.52	112
33.67	127
34.34	99
32.54	50
33.57	49
34.86	71
35.57	147
33.63	54
33.87	60
34.49	100
34.39	132
34.28	94
34.67	97
34.74	147
34.63	129
32.49	127
33.89	77
45.5	23
34.99	219
34.46	95
36.25	106
34.72	129
33.96	75
33.27	84
34.59	93
35.08	82
34.7	145
34.96	108
34.71	69
35.11	79
35.51	124
32.98	131
33.9	132
35.4	93
33.78	68
33.48	71
41.41	12
34	50
33.54	130
35.49	86
34.73	102
36.82	111
35.3	75
35.57	148
35.71	82
33.89	43
36.62	94
34.13	117
35.13	112
36.21	50
36.68	164
35.02	123
34.02	117
34.69	130
34.88	99
34.73	55
36.68	138
32.05	91
33.57	114
32.95	116
34.03	117
34	139
34.28	213
34.75	96
34.84	117
31.54	114
34.08	99
33.83	115
34.08	134
32.65	136
32.43	135
32.42	71
34.09	115
32.81	107
33.43	134
32.45	104
33.17	131
32.65	125
33.25	114
32.63	110
33.99	98
33.24	58
35	123
33.16	128
34	129
36.99	159
35.86	116
36.78	152
36.71	87
33.06	19
38.46	132
33.83	131
34.11	126
35.11	171
35.06	126
32.28	97
34.6	27
35.69	98
35.94	62
33.98	130
33.78	122
35.2	104
32.43	79
33.23	58
36.68	113
39.87	146
34.76	136
36.05	167
36.63	94
38.84	195
37.31	97
35.01	135
37.07	70
36.21	134
34.66	97
34.49	228
32.95	100
39.18	167
34.38	123
33.49	125
35.42	97
37.45	94
37.36	90
37.71	148
32.39	85
31.54	130
33.77	123
33.15	72
32.5	106
32.84	111
32.07	98
33.5	137
32.96	75
34.59	75
32.38	129
45.79	17
34.77	79
34.98	83
36.05	92
36.16	246
34.21	131
35.91	81
34.33	128
35.07	132
39.69	147
36.21	130
35.9	126
34.73	120
34.92	125
35.12	107
36.28	88
38.17	155
35.27	104
36.17	112
36.25	121
33.79	74
33.87	136
32.63	92
32.9	121
35.49	92
34.6	70
34.32	124
31.85	106
35.12	104
35.1	121
34.41	99
36.32	152
33.54	129
34.03	108
34.53	108
34.16	123
33.95	96
33.5	161
35.87	93
58.58	22
35.6	71
34.98	102
36.37	166
34.74	83
35.56	129
35.18	122
34.13	80
35.57	103
36.14	166
35.57	118
35.78	134
38.52	147
38.86	124
35.92	105
37.08	149
35.89	160
36.81	104
36.2	84
34.93	95
34.64	213
36.69	124
33.48	124
36.79	68
34.97	47
33.98	101
45.73	24
36.63	99
34.18	139
33.45	120
35	89
34.9	78
34.73	91
33.24	112
37.42	147
35.06	80
33.69	130
32.76	67
35.57	47
35.26	135
34.15	120
34.3	206
33.99	128
33.57	125
35.19	86
33.59	133
35.79	162
34.56	136
35.06	59
33.57	128
32.87	135
35.64	110
35.39	95
36.35	132
33.12	62
34.53	86
34.96	75
36.43	154
33.04	23
34.6	138
35.56	126
37.25	105
35.17	111
36.54	165
37.4	134
38.5	41
37.24	136
37.33	130
35.52	96
38.97	175
37.19	48
34.95	118
34.94	108
32.67	1
34.67	136
35.26	121
36.98	52
34.86	76
35.19	72
33.15	134
35.49	82
36.48	54
34.07	116
38.95	171
33.7	109
34.97	101
36.36	90
39.68	131
34.59	84
36.21	89
33.8	91
34.17	104
34.44	136
34.32	118
34.44	118
34.69	134
35.42	130
35.15	171
34.63	134
34.02	110
35.69	95
34.68	134
35.7	109
33.96	109
33.46	123
33.92	130
32.54	116
32.93	127
33.52	128
33.79	107
46.49	14
34.48	97
34.66	117
31.87	129
34.8	69
35.06	69
36.15	125
35.77	163
34.67	66
34.5	133
35.93	83
37.19	83
34.19	21
36.86	117
35.31	108
36.03	95
35.09	105
34.62	126
34.66	120
42.2	32
34.08	93
34.45	181
34.21	102
33.43	115
35.73	74
33.25	111
36.21	149
32.29	63
34.46	99
32.67	51
33.7	58
33.03	114
37.28	112
34.25	120
34.53	120
34.11	72
34.81	110
33.98	92
34.6	117
33.51	132
33.6	120
32.96	129
35.25	102
34.18	114
35.22	133
33.76	135
38.91	119
34.86	51
35.41	68
35.04	245
35.11	106
33.4	136
38.01	129
34.33	129
34.8	92
32.17	131
35.68	129
35.37	61
36.53	138
34.96	87
33.67	132
34.88	134
34.93	64
33.61	134
33.59	124
33.47	93
33.4	110
32.73	111
33.49	120
38.04	135
31.97	124
34.2	112
32.58	125
32.82	112
34.9	99
33.67	87
33.3	120
33.96	115
34.24	114
33.37	117
37.67	145
36.2	111
35.8	101
36.5	94
35.92	80
35	100
35.12	131
35.55	80
35.06	118
39.77	127
34.8	67
33.98	108
35.57	124
34.72	112
35.02	74
34.62	122
35.02	120
35.54	131
36.1	93
36.13	109
38.3	157
37.02	152
35.56	102
37.31	110
34.71	65
39.4	140
36.31	67
35.62	119
36.29	111
35.85	59
35.66	135
34.69	45
36.25	124
34.83	128
39.28	162
34.66	112
36.26	53
34.48	10
35.89	107
34.64	122
34.05	109
33.99	83
33.99	71
32.42	71
33.65	129
33.58	107
33.74	136
34.58	113
32.8	55
37.64	147
33.62	124
33.48	120
37.22	122
33.02	96
32.13	81
33.59	132
34.07	128
32.96	124
33.01	64
34.05	132
34.79	75
33.79	125
34.36	133
37.19	39
38.49	137
47.74	24
33.87	102
34.52	124
34.06	97
35.67	96
34.06	102
34.64	152
32.08	134
33.94	120
33.11	119
33.84	71
33.79	64
35.75	240
34.19	136
47.91	27
32.64	119
31.76	22
32.83	117
37.86	140
32.9	105
34.32	68
33.04	100
35.99	117
32.75	105
32.96	132
32.48	130
32.98	74
31.68	127
33.45	123
32.73	70
31.28	33
32.6	42
33.79	69
33.91	91
33.27	198
34.68	125
33.8	111
33.08	202
34.35	121
33.08	106
36.39	125
33.02	129
34.31	88
33.74	127
46.27	21
37.77	103
37.45	115
41.16	146
36.22	136
35.12	136
33.81	135
36.28	118
35.01	121
42.86	66
34.66	133
34.38	103
38.47	139
35.36	138
36.47	70
33.53	111
34.46	92
46.83	24
32.88	88
35.26	58
36.2	77
33.79	106
34.64	119
34.63	103
33.09	129
33.63	119
36.21	107
35.16	106
33.82	112
34.53	56
34.62	93
35.1	153
33.92	104
33.35	129
34.4	83
33.16	100
34.97	231
35.33	109
31.96	50
33.36	88
34.01	109
35.89	143
35.83	134
34.21	90
32.36	31
33.68	128
34.28	105
33.83	34
33.78	124
33.57	111
32.61	94
36.11	109
36.82	53
39.62	132
36.52	66
37.75	168
35.43	96
36.08	92
36.06	110
35.91	72
37.85	129
32.05	101
33.86	94
32.77	126
32.33	83
33.4	129
33.22	66
35.44	125
35.44	126
32.77	135
33.77	131
35.78	123
34.66	136
34.75	114
34.43	44
36.36	129
36.32	13
39.77	127
34.77	132
39.59	140
35.9	104
34.22	81
32.5	46
34.98	131
32.78	119
35.57	139
33.69	146
33.54	98
32.1	118
32.35	107
34.12	123
35.22	135
37.8	137
35.48	123
36.7	99
33.98	97
34.27	129
34.1	131
35.47	104
34.63	121
34.61	81
36.05	121
45.47	24
36.44	144
35.97	117
35.22	74
33.78	133
33.73	107
35.56	233
39.68	136
36.48	111
32.78	95
32.43	41
33.07	88
32.57	118
33.12	134
33.19	113
33.07	133
33.86	102
32.96	77
31.6	126
33.63	134
34.69	150
33.11	82
35.71	118
36.42	122
32.94	135
32.9	128
35.09	206
33.95	134
34.22	126
34.87	162
32.52	135
35.21	82
35.16	157
30.28	6
32.99	99
32.73	128
33.91	63
34.06	132
38.6	127
37.22	84
36.03	100
39.21	132
35.92	70
37.12	119
37.26	136
35.36	71
36.03	86
35.52	172
37.37	131
36.62	92
40.76	148
36.58	128
35.59	65
36.81	110
35.92	121
35.79	84
35.81	106
38.25	152
34.93	126
37.03	152
34.43	27
36.57	114
35.58	66
36.14	114
36.26	110
35.84	72
39.51	157
36.41	90
40.05	140
35.63	53
36.13	74
36.17	120
35.39	113
36.07	118
39.23	170
34.86	127
37.43	135
34.02	53
35.88	97
35.11	108
38.1	118
36.36	106
35.59	93
34.55	128
34.53	54
36.47	109
39.65	144
35.76	64
36.04	157
36.48	116
35.18	93
39.02	168
35.71	118
36.27	187
34.48	127
38.15	134
38.76	156
37.16	102
39.34	148
35.85	128
36.52	127
35.67	81
35.18	69
37.94	137
38.34	115
35.86	121
35.46	109
34.78	31
36.03	109
37.17	58
35.5	131
35.15	116
37.13	108
35.12	118
34.69	170
35.96	125
35.61	115
34.53	66
39.83	135
35.76	125
37.8	143
36.29	116
35.75	115
39.62	145
36.44	105
36.81	129
34.97	117
38.84	131
32.23	113
37.26	84
36.42	107
36.04	124
34.39	124
34.72	104
35.71	97
34.9	135
34.41	66
34.94	136
32.38	115
33.46	121
33.01	133
33.72	129
35.24	87
31.67	135
34.24	81
34.3	126
33.68	127
34.56	127
34.4	113
33.19	113
34.98	93
33.83	129
34.88	122
33.85	121
32.82	136
35.88	135
36.88	152
33.09	136
34.25	98
35.24	88
33.4	124
34.03	124
36.4	158
34.15	58
34.92	74
34.49	126
32.89	120
36.18	107
40.97	133
36.15	111
35.9	157
37.33	88
35.76	86
35.37	81
35.73	109
36.7	130
34.97	44
40.53	144
36.95	132
34.34	16
34.93	19
36.55	125
35.27	98
37.63	212
39.43	131
36.34	61
36.1	86
35.02	89
37.89	90
36.11	122
36.06	224
36.21	78
36.35	120
37.6	97
36.49	61
35.5	15
36.49	142
34.11	92
34.49	124
32.58	111
33.69	125
36.83	136
35.72	207
35.85	100
36.58	140
38.49	114
34.07	96
34.06	136
36.04	51
38.45	152
35.67	121
37.1	104
38.36	140
36.18	92
36.1	121
35.81	105
36.14	54
39.4	133
33.65	9
38.29	31
35.05	90
33.83	135
37.54	182
38.43	188
34.2	136
36.86	96
36.43	178
38.36	149
35.98	130
36.24	121
35.85	88
36.05	127
35.4	132
35.25	122
34.36	127
35.47	162
38.28	136
33.62	212
34.33	71
34.06	101
34.45	73
35.28	69
34.1	95
34.5	123
33.02	131
35.04	106
33.6	129
38.94	187
35.57	74
35.42	117
35.04	57
34.7	104
37.92	143
35.51	131
34.39	106
34.45	130
35.65	99
35.81	108
35.34	94
35.25	101
35.33	114
36.68	73
36.49	61
33.72	126
37.17	97
36.11	121
34.77	121
37.14	137
36.82	132
33.59	120
34.8	136
36.29	76
38.01	134
34.81	117
34.47	119
38.66	116
34.14	128
36.04	121
35.83	129
35.66	124
36.07	144
36.07	126
36.7	59
35.28	51
33.97	80
36.26	67
34.63	20
33.08	73
33.35	99
33.05	129
34.2	116
32.68	134
34.27	79
34.2	117
34.64	81
34.3	92
38.23	135
41.3	128
36.76	97
35.89	81
34.62	133
35.36	91
36.99	131
35.82	127
35.41	169
35.25	86
35.84	139
35	41
32.91	128
33.71	128
35.07	116
34.58	129
34.23	219
33.94	75
34.62	99
33.51	120
34.4	130
33.92	125
35.07	132
34.84	114
33.28	125
33.94	119
32.96	86
33.84	71
35.16	78
35.47	74
32.31	132
34.54	133
35.31	159
35.85	124
45.81	24
35.54	62
34.19	134
34.5	98
34.17	127
35.42	105
36.59	96
36.18	127
37.53	147
39.91	127
35.18	104
34.03	131
35.84	106
35.44	127
34.68	89
36.12	95
36.53	66
33.97	136
34.53	112
34.44	120
36.3	111
34.03	129
33.86	57
33.91	126
34.87	118
34.28	60
45.62	16
34.46	154
31.99	21
34.53	98
34.12	94
34	108
32.89	131
34.48	51
34.21	128
34.13	125
34.32	144
39.32	160
37.86	86
37.16	95
40.07	126
35.35	132
40.2	151
36.16	91
34.64	134
37.14	123
35.48	229
32.94	121
34.14	93
34.22	100
33.17	129
31.9	135
33.68	126
32.55	134
33.61	95
34.41	156
32.39	108
36.11	41
34.8	156
35.74	132
31.41	136
35	124
33.08	41
33.01	125
35.69	101
34.9	135
34.95	54
35.08	129
34.76	106
34.07	125
35.7	56
32.28	36
33.75	129
36.01	110
34.66	79
33.64	36
37	215
33.51	132
32.24	113
35.6	61
34.55	110
33.52	126
32.86	130
34.37	127
33.19	103
35.6	111
32.94	136
34.39	133
35.17	77
36.07	107
36.56	52
33.21	77
35.04	85
35.46	111
49.03	35
37.68	144
33.85	107
34.54	131
34.17	95
32.41	36
34.65	132
37.39	116
33.1	126
35.45	120
33.37	125
34	114
35.28	206
33.09	64
34.21	132
33.37	128
34.32	89
34.25	101
36.76	122
33.42	105
32.6	98
33.32	132
33.26	77
34.76	95
35.96	131
36.48	106
31.27	125
34.63	121
32.19	29
34.65	84
36.41	142
34.59	124
34.69	113
32.69	135
33.66	123
34.41	105
32.52	116
32.86	113
34.81	217
36.41	138
32.54	58
34.55	133
34.3	67
33.95	33
35.8	103
35.31	201
35.94	239
33.25	36
32.96	136
35.03	220
35.33	67
33.69	123
45.13	18
34.62	26
39.64	150
36.12	108
36.29	126
35.99	189
37.12	109
34.17	133
37.15	156
36.52	127
36.29	110
32.96	238
33.31	125
34.93	100
33.99	242
36.88	113
32.84	112
36.39	149
37.23	137
33.53	99
34.91	120
34.84	74
35.04	74
34.14	133
36.12	112
33.97	105
33.75	51
34.09	14
36.02	45
47.96	72
35.36	63
34.24	114
32.87	124
34.09	207
33.37	80
34.5	124
34.07	128
32.73	101
34.47	89
35.08	127
38.68	17
38.14	160
38.76	112
35.73	76
35.17	235
36.78	45
36.2	82
36.86	94
36.9	109
36.07	109
35.74	134
34.53	120
34.12	116
34.21	109
37.76	119
34.99	111
31.96	19
36.12	238
34.06	109
33.82	67
33.69	84
34.45	58
40.15	150
34.9	109
34.82	130
34.86	100
34.98	122
34.09	112
34.77	79
33.47	112
36.2	128
33.79	94
32.85	210
33.12	92
32.51	131
32.97	134
34.53	88
32.4	135
32.84	96
31.9	121
32.52	95
33.61	78
33.76	111
34.76	147
33.4	133
33.12	118
35.2	110
33.57	102
33.07	77
34.82	86
33.17	118
35.72	130
35.84	127
35.11	128
34.69	109
45.82	19
32.72	5
35.99	104
35.06	108
33.97	99
35.24	99
34.87	99
45.85	23
32.88	95
34.28	40
34.26	52
34.36	128
33.03	95
34.95	60
34.11	122
35.25	92
35.57	19
33.19	67
34.68	97
33.45	130
34.69	76
34.99	72
33.82	114
33.29	73
32.48	29
34.68	103
35.54	100
36.65	92
34.18	121
35.34	119
34.54	125
35.35	108
39.69	113
34.81	113
35.82	68
35.14	108
35.47	104
36.25	124
39.4	142
36.57	59
35.14	116
36.03	83
37.94	142
36.57	103
34.37	118
39.89	129
35.13	98
38.54	131
35	110
32.52	112
34.84	127
35.84	122
33.13	135
34.57	57
39.18	145
33.91	128
33.81	100
33.43	123
33.2	113
39.03	151
32.95	111
34.29	100
34.88	133
32.75	135
32.75	131
34.37	81
33.61	131
38.18	126
34.36	129
33.6	160
30.93	131
33.92	112
33.27	134
33.8	118
35.65	130
34.18	101
32.4	117
33.64	97
32.34	3
34.27	115
35.97	56
35.16	106
32.95	108
33.44	105
33.96	126
34.26	97
34.17	130
35.41	126
34.53	106
33.8	125
34.72	15
33.97	78
40.73	63
34.69	78
35.83	118
35.34	83
38.65	126
33.62	206
34.64	92
35.98	123
34.61	119
35.24	114
35.08	134
34.74	125
34.64	92
36.52	103
35.8	105
38.04	112
37.14	102
35.05	135
35.34	128
35.16	109
33.58	135
36.32	73
34.05	118
38.25	103
35.15	164
33.43	133
34.52	87
34.87	108
33.96	115
33.8	12
46.34	35
34.26	110
35.56	128
35.28	148
34.31	39
39.7	118
35.61	93
33.91	132
36.85	117
36.98	121
34.58	54
34.25	135
34.54	111
34.97	108
33.35	123
34	72
33.89	131
34.38	76
35.26	96
34.86	135
33.63	106
32.82	88
33.14	77
32.62	136
36.03	49
38.94	229
35.56	127
36.74	105
36.03	55
37.89	152
35.48	51
36	67
36.19	112
35.14	133
35.71	116
31.89	131
33.87	114
32.88	38
33.1	56
32.32	76
32.72	124
33.14	115
33.16	99
31	27
45.08	35
32.99	93
32.38	136
34.41	120
32.67	114
32.64	94
31.37	28
31.56	120
35.4	159
34.33	102
40.16	153
38.55	161
36.36	130
36.41	116
36.18	117
38.99	136
35.78	98
35.07	124
37.13	143
38	88
35.3	135
36.04	131
37.67	100
37.21	153
36.61	68
35.51	60
39.82	182
36.14	105
35.33	123
34.24	129
34.48	25
35.34	87
35.01	93
38.03	129
34.45	131
35.07	119
35.2	73
34.88	83
35.75	116
35.47	81
32.65	131
44.69	12
33.9	119
34.54	170
35.5	144
35.23	185
33.68	134
33.5	80
33.04	132
34.8	118
32.34	125
32.12	59
32.34	125
32.29	135
31.87	136
34.67	117
35.9	83
45.12	36
34.5	104
32.67	118
34.54	89
33.35	82
34.89	130
34.73	99
34.83	142
33.7	134
32.19	105
36.67	137
34.43	91
32.62	124
35.95	78
35.44	214
36.68	152
35.14	113
37.26	161
34.58	135
38.44	137
38.06	137
33.15	102
34.72	79
34.74	203
35.55	126
32.32	77
33.14	132
32.47	34
33.67	126
32.13	123
33.68	136
35.9	97
34.84	132
34.8	97
39.76	69
33.35	89
33.75	112
33.53	147
34.23	86
33.39	118
34.48	86
32.8	59
34.58	131
35.4	124
33.28	98
33.68	120
33.39	128
33.67	98
33.32	32
33.52	105
33.25	122
33.71	55
33.98	118
46.72	9
34.01	127
34.36	110
34.7	132
33.33	133
34.87	106
35.68	130
34.19	153
34.38	84
33.49	111
34.91	90
36.78	130
35.52	81
35.59	115
33.91	118
34.63	60
34.54	80
34.61	134
35.94	129
35	136
35.01	135
38.38	118
35.42	109
34.13	115
37.65	147
32.04	29
32.98	134
35.84	120
35.37	66
34.1	17
33.12	120
33.98	119
35.53	158
33.3	129
35.2	84
32.38	104
35.06	84
33.84	130
32.71	53
34.46	120
34.54	136
34.99	125
34.42	131
34.95	122
34.44	82
36.65	61
36.06	106
35.3	63
100	0
35.85	95
36.25	94
33.87	126
34.99	123
33.34	29
33.79	120
33.63	95
34.02	99
42.04	14
34.26	45
33.96	98
34.81	128
35.47	136
33.32	29
47.87	16
34.84	41
34.7	135
35.5	125
34.55	123
35.91	100
34.6	58
33.79	129
36.64	101
33.63	112
36	99
34.21	35
41.48	112
37.34	86
35.9	100
34.69	117
34.5	127
32.6	134
33.17	102
31.21	125
33.47	63
32.7	120
33.88	153
33.24	25
33.61	111
34.05	109
32.25	117
33.57	100
33.33	133
33.56	120
33.74	86
34.26	56
32.48	131
34.32	128
35.81	113
33.99	127
33	98
32.39	116
34.19	112
33.09	31
33.88	118
33.91	141
34.78	111
34.28	155
34.19	94
32.19	126
34.47	119
34.23	127
33.31	123
33.92	83
33.72	68
33.88	113
32.98	127
33.77	134
34.22	91
32.61	134
39.48	120
32.23	136
33.55	133
35.94	99
34.35	91
33.63	126
33.66	129
34.36	57
35.87	111
32.27	133
34.4	90
33.68	126
33.74	118
34.28	81
32.7	108
32.14	134
32.64	133
34.45	99
34.09	134
37.22	135
32.64	134
33.37	114
35.2	74
34.15	124
34.82	239
42.87	47
32.98	135
32.72	136
35.17	92
34.67	130
33.62	65
32.67	135
35.31	113
33.94	48
32.83	116
34.72	99
33.76	122
34.2	120
37.92	120
34.5	111
34.59	100
37.17	188
36.15	140
36.01	128
33.91	121
35.58	90
33.72	130
36.16	174
33.73	117
38.18	165
35.1	114
34.72	135
33.39	114
34.25	41
38.94	113
35.99	131
34.08	135
34.23	114
34.11	113
38.02	169
34.76	120
35.31	120
32.82	93
34.64	119
35	61
34.24	121
35.16	123
34.42	40
33.46	133
44.23	9
35.59	112
35.76	77
35.2	70
33.89	94
45.14	36
32.21	125
33.83	40
35.94	94
34.25	114
33.45	125
35.84	131
33.73	94
34.1	136
34.97	118
34.24	109
34.47	155
34.14	141
33.73	118
33.86	124
33.75	117
33.8	28
32.48	107
33.61	115
35.36	92
31.91	121
34.48	132
32.61	90
34.76	132
32.06	24
40.48	132
33.62	42
33.17	125
34.23	32
32.19	57
33.4	95
34.36	64
34.02	93
33.14	117
32.08	85
34.57	92
31.75	135
33.75	60
34.97	118
30.77	6
34.48	155
31.83	116
34.03	141
33.55	118
33.91	124
33.75	117
33.86	28
34.04	122
34.69	134
34.99	119
33.66	103
34.12	132
35.55	156
33.7	121
42.48	16
36.81	98
36.01	85
34.51	126
34.34	156
35.31	124
34.28	173
34.28	215
32.53	99
44.89	24
33.29	115
31.84	11
35.76	74
36.56	202
36.29	131
35.58	132
40.7	129
36.46	70
36.99	134
37.15	91
35.61	119
36.55	93
36.17	104
35.37	135
36.4	117
38.66	158
39.53	150
36.24	119
38.86	107
36.42	98
35.43	16
37.12	135
35.01	136
32.72	128
32.38	132
37.13	66
33.01	136
34.91	108
32.82	26
33.95	44
32.54	44
33.36	113
32.24	136
33	136
33.84	99
31.98	120
34.2	147
34.43	118
33.12	128
32.75	136
33.29	118
33.95	117
32.77	16
35.97	115
32.59	129
33.73	134
34.75	64
32.36	31
33.8	94
47.05	28
33.98	231
34.91	113
34.35	127
36.65	176
35.28	116
35.17	82
35.8	110
35.31	119
34.08	76
38.3	136
33.39	24
35.75	93
34.58	131
34.04	75
34.16	154
35.15	237
34.53	51
30.96	136
34.58	105
32.52	134
34.99	96
34.19	113
34.33	117
34.53	134
36.61	111
36.08	98
37.56	150
35.63	100
35.18	96
35.47	111
37.16	94
34.32	127
36.4	90
39.52	132
36.9	84
38.05	161
34.04	101
38.09	88
36.16	158
34.91	134
36.08	91
33.88	165
35.25	130
36.6	124
33.97	119
34.08	90
35.64	65
33.84	130
35.02	102
34.49	118
45.86	35
34.39	41
35.08	99
34.74	111
35.43	118
50.34	16
35.81	112
34.74	111
34.74	111
34.96	125
35.93	89
34.74	111
34.74	111
35	72
40.25	174
35.85	107
35.61	123
35.01	115
37.29	95
37.89	201
35.31	117
35.43	235
37.09	130
34.8	135
35.05	100
35.31	91
35.85	126
35.76	122
34.85	106
35.46	108
35.44	106
36.86	112
36.77	94
45.38	18
35.41	109
34.68	111
36.75	66
34.4	108
33.59	112
33.87	67
35.24	96
35.27	134
34.11	122
34.18	64
39.13	150
35.13	133
35.93	96
34.72	120
34.68	121
35.7	124
38.36	157
34.56	80
35.35	49
36.41	102
32.91	132
35.53	125
36.51	155
34.75	44
34.76	136
36.4	87
34.48	128
36.52	78
36.03	75
33.01	120
33.26	133
31.75	109
32.74	45
33.83	129
34.22	117
33.88	106
33.87	91
33.4	83
37.1	76
36.83	82
35.28	129
35.11	127
35.71	85
35.22	214
35.04	82
38.55	188
36.38	135
37.37	96
36.09	175
34.35	92
34.34	135
34.98	118
34.28	111
34.99	107
34.96	56
32.33	106
34.87	97
35.31	102
34.33	53
35.74	110
34.4	83
35.8	101
37.63	148
35.67	121
40.11	148
37.57	92
35.12	43
35.53	90
34.89	100
39.73	144
34.83	74
33.5	134
34.21	133
35.2	155
32.11	102
34.57	118
35.04	129
34.26	51
34.89	49
35.22	124
39.75	178
37.8	229
34.99	86
36.78	106
35.07	109
35.89	107
34.67	131
34.82	44
37.06	231
35.73	105
34.04	54
33.41	114
35.54	207
32.54	9
35.48	91
31.98	14
32.76	60
37.6	157
35.37	107
32.69	19
33.78	126
34.54	99
32.27	126
33.01	68
33.98	63
34.41	82
33.26	101
34.42	109
32.79	48
36.61	90
35.98	116
33.42	84
32.8	38
33.28	95
33.56	118
40.04	147
33.91	93
34.61	87
33.64	49
35.03	99
36.3	112
33.63	119
34.97	98
35.36	80
34.33	132
36.96	153
34.38	96
35.75	189
45.83	71
34	115
40.64	44
33.95	88
33.05	133
32.69	134
34.72	103
33.23	135
32.42	108
33.92	115
33.79	130
33.89	69
34.05	97
34.2	80
34.04	113
34.33	211
33.5	71
34.37	100
44.88	40
34.41	100
34.35	112
36.25	120
35.47	136
38.63	136
38.88	152
39.29	207
37.28	101
37.6	110
37.48	96
35.77	80
34.72	89
36.02	117
36.02	123
35.01	128
35.41	151
38.9	114
34.05	125
33.71	112
34.88	170
33.48	130
34.68	117
34.25	125
34.1	101
33.34	89
32.5	124
33.59	92
32.71	127
32.81	117
33.13	124
33.2	120
32.9	107
33.79	125
34.17	101
34.14	134
32.38	136
34.57	124
33.74	115
33.16	108
32.67	45
33.55	92
33.4	88
35.41	127
36.69	122
35.36	125
33.75	98
33.43	130
35.74	126
34.79	61
35.4	204
33.93	124
34.16	49
31.65	15
35.31	91
33.82	90
34.18	222
34.02	129
32.76	102
33.67	133
35.34	135
34.13	100
33.81	132
32.98	126
34.06	44
34.87	127
33.53	121
32.94	135
32.23	78
34.37	94
34.25	110
32.22	21
32.42	104
34.47	130
35.31	86
33.62	92
34.34	125
33.82	104
34.12	81
33.37	132
34.37	67
33.37	124
37.17	123
34.98	116
35.09	108
33.85	131
34.05	127
35.27	237
34.78	126
34.31	119
33.88	127
33.46	132
35.15	119
34.1	88
32.24	118
33.11	119
34.71	129
34.33	106
33.66	120
34.08	113
32.92	126
33.53	116
34.99	125
34.35	101
33.92	115
34.69	99
37.07	118
37.5	151
31.92	118
34.27	68
34.71	110
34.37	120
32.69	120
33.29	90
33.4	126
34.34	133
32.25	130
33.17	98
33.26	78
35.56	90
33.81	106
34.16	103
34.2	97
34.04	65
34.14	88
32.82	119
34.32	122
33.99	88
34.98	131
34.2	112
32.58	56
33.61	54
31.95	123
35	116
35.5	110
36.05	73
36.45	97
33.76	24
36.16	135
35.66	117
34.39	117
36.44	113
35.87	49
34.03	109
33.42	56
34.67	175
33.96	122
32.39	111
30.73	126
42.47	25
31.99	112
34.55	126
35.68	54
33.42	106
34.46	101
33.86	226
33.86	103
32.67	60
33.06	91
32.51	128
33.55	128
45.4	90
32.99	136
34.45	59
34.29	94
34.17	79
33.49	130
33.85	73
35.41	107
33.08	129
33.12	116
34.3	98
34.36	95
32.72	121
32.75	72
32.01	110
34.28	119
35.27	118
31.93	130
34.06	155
33.48	71
34.1	118
33.99	112
34.01	132
33.41	110
34.27	110
34.02	118
35.05	104
34.21	133
32.83	126
35.87	130
34.06	123
33.13	131
36.03	158
38.59	122
34.65	135
34.2	126
37.04	89
34.27	128
35.96	84
39.95	152
35.61	120
37.75	136
34	130
34.62	118
33.85	92
34.29	90
35.55	101
34.78	81
33.59	67
33.79	113
33.7	111
34.2	105
37.82	73
38.88	143
36.19	53
35.94	119
36.73	99
34.82	58
36.95	80
38.64	148
36.5	94
38.36	152
40.38	33
33.17	124
34.65	82
33.94	128
34.28	237
33.99	111
32.78	132
33.58	83
35.84	121
33.92	122
36.42	117
35.32	237
34.36	111
42.26	7
33.5	134
32.32	136
32.51	124
35.15	146
34.67	54
33.47	117
36.51	52
35.91	151
35.36	135
34.55	112
34.99	123
34.29	127
35.91	124
35.78	226
36.04	88
38.32	122
31.16	134
33.43	63
33.77	201
33.21	136
33.76	68
42.62	33
34.25	192
31.6	135
31.03	11
33.24	108
33.86	99
34.73	69
33.73	96
33.18	133
38	123
34.02	99
33.85	99
34.97	86
32.04	123
33.17	6
35.77	131
39.15	159
37.17	83
36.05	125
36.6	102
40.24	163
36.08	95
39.35	130
39.16	137
36.82	120
36.74	138
34.09	130
34.74	42
34.88	91
35	43
33.08	95
33.41	136
33.03	81
34.14	91
34.62	144
34.21	118
33.39	107
42.29	52
34.94	76
33.91	111
34.14	126
33.09	133
35.59	113
35.31	73
34.74	130
34	132
32.52	47
33.2	68
32.58	55
32.82	108
35.81	116
33.24	63
33.07	113
37.68	133
34.34	44
33.34	133
38.03	142
34.46	191
33.26	116
34.9	196
33.51	232
33.75	129
34.64	73
45.31	48
34.74	123
32.57	134
34.27	89
33.52	36
33.52	36
33.46	29
31.18	15
33.42	79
33.02	43
38.49	147
33.33	59
32.84	120
34.42	128
32.94	71
33.64	106
34.64	97
33.41	117
32.34	89
37.42	150
34.36	99
34.28	115
34	133
33.93	108
33.56	195
34.13	101
32.29	112
35.41	101
33.24	46
34.94	114
32.36	179
32.88	85
35.25	98
35.5	123
36.27	118
40.64	134
37.89	146
35.39	124
35.02	55
38.38	145
35.47	78
35.19	120
34.16	187
45.57	50
32.14	94
34.49	119
34.24	90
33.02	127
34.67	124
32.78	108
33.74	129
33.43	118
40.48	133
38.74	146
35.69	110
38	160
34.11	133
34.46	64
34.28	107
34.42	87
35.84	105
35.48	74
35.49	126
38.02	174
35.65	80
38.66	181
35.85	126
36.24	114
35.1	110
36.88	101
36.45	85
34.98	89
32.94	108
30.93	29
32.03	59
33.45	115
33.65	155
34.56	111
34.26	130
33.62	68
33.28	112
33.9	116
34.7	87
35.15	162
33.27	136
33.45	81
34.93	77
34.13	92
34.24	95
32.26	136
33.09	121
33.59	98
35.58	60
38.62	154
34.7	97
37.45	209
35.14	174
36.24	122
34.69	105
33.37	127
36.28	172
36.04	89
34.62	124
34.15	82
33.54	102
35.02	143
33.63	121
33.43	128
34.14	48
33.61	104
35.79	142
43.88	20
34.42	95
33.98	233
36.01	98
33.6	73
33.75	54
38.58	132
34	111
35.58	133
32.55	79
33.31	112
34.81	84
33.02	129
34.61	136
35.36	128
32.94	130
33.61	122
34.86	20
35.18	98
33.47	115
33.78	25
34.73	120
34.12	107
32.53	133
34.54	131
32.67	123
34.27	100
32.53	131
34.05	118
35.84	113
33.8	91
35.11	68
38.66	124
38.58	140
35.7	127
34.81	123
36.72	136
36.85	108
34.92	108
35.95	119
34.66	92
34.87	63
44.95	17
34.89	125
36.88	123
35.69	109
34.42	114
34.05	108
33.74	133
34.54	88
32.87	129
34.41	128
35.69	69
35.46	157
35.03	55
35.57	225
33.34	124
35.31	104
35.84	117
35.17	129
34.67	127
33.68	87
35	153
35.33	112
33.29	136
35.52	115
33.31	82
34.66	130
33.58	133
33.79	106
33.29	124
35.38	113
35.25	119
34.93	63
34.56	85
33.11	116
37.01	134
34.51	128
45.2	25
34.61	134
34.44	134
33.87	132
34.99	100
45.73	46
35.43	102
35.42	86
34.47	136
34.53	133
36.34	108
35.09	113
35.38	123
36.09	122
36.85	122
34.89	127
36.03	122
37.86	158
39.9	128
35.12	91
37.5	113
33.89	70
35.19	134
33.34	121
35.57	133
34.59	98
33.86	111
34.25	84
33.46	135
33.42	118
32.97	123
32.84	110
36.53	149
36.21	94
34.24	131
34.98	123
34.91	134
35	116
33.85	134
33.74	95
33.25	131
39.07	121
35.6	105
44.08	29
34.16	137
37.29	119
33.94	125
33.58	100
33.87	60
32.92	133
34.21	38
33.28	128
33.37	133
34.22	118
35.76	84
35.81	60
36.72	142
37.08	83
38.07	140
34.22	214
36.61	120
35.49	115
35.35	123
35.19	104
34.58	72
34.87	127
33.96	120
33.92	44
36.93	137
32.97	119
34.97	80
34.96	208
34.13	77
36.15	95
33.49	127
39.62	142
34.38	135
35.98	88
35.38	110
34.14	133
39.09	125
33.47	109
33.67	110
36.18	120
35.76	105
35.14	113
35.32	93
35.37	84
38.81	121
37.5	145
35.51	101
35.27	121
35.82	85
34.87	86
35.81	101
36.16	100
36.1	100
37.3	148
36.78	96
38.93	121
35.45	53
35.25	109
35.07	119
35.85	80
32.28	7
31.65	34
34.47	96
34.89	77
35.66	79
38.62	158
34.92	129
39.39	123
33.98	120
32.86	27
38.34	134
32.75	132
34.15	132
31.75	92
33.01	124
32.73	70
33.31	118
33.18	118
33.54	131
34	123
34.6	118
35.28	121
35.2	74
36.09	126
34.61	88
33.69	124
33.87	21
33.45	45
34.37	65
32.75	136
35.61	123
33.76	113
35.31	99
33.13	130
34.06	98
34.46	114
31.44	122
33.53	137
33.65	129
35.62	109
33.28	133
33.46	92
33	132
33.36	68
33.92	109
36.64	86
33.8	110
33.45	129
33.36	116
35.38	61
35.21	108
34.5	83
33.3	110
33.47	130
38.38	133
34.04	125
34.63	87
35.43	95
34.7	106
33.77	55
36.01	71
34.33	105
35.95	67
34.73	134
33.41	124
33.91	187
32.91	2
34.37	106
48.01	14
33.99	90
33	156
38.46	134
34.65	62
32.89	128
33.11	92
34.76	100
33.75	135
34.22	97
34.57	96
31.89	136
36.75	120
34.65	84
33.87	134
33.89	120
32.58	130
33.52	108
34.35	130
32.53	81
32.47	135
36.03	98
38.43	119
32.94	130
32.89	107
34.63	86
31.96	13
32.65	130
33.75	126
33.11	136
34.21	99
32.68	116
34.17	64
33.15	132
34.53	89
32.81	108
33.35	101
34.17	58
34.51	96
33.88	96
35.05	103
36.05	57
35.63	136
34.92	230
35.77	101
34.57	234
36.17	68
34.96	67
34.2	68
52.55	24
34.12	128
38.63	134
35.77	105
35.87	110
36.01	114
39.03	156
35.35	119
38.9	158
35.21	74
34.48	116
35.27	119
33.74	93
33.12	132
33.62	98
33.11	136
34.21	52
30.75	26
35.85	141
34.09	124
33.23	105
34.8	68
40.01	131
35.22	126
39.52	141
36.13	50
35.48	133
34.94	101
37.65	133
36.25	129
34.71	131
35.99	112
31.46	45
32.73	51
35.69	136
33.65	144
31.77	125
31.61	101
33.56	134
33.34	121
32.93	56
34.12	100
33.26	75
38.07	126
36.9	129
35.39	84
34.66	89
34.47	114
34.2	98
33.86	96
35.63	44
32.99	119
34.51	87
33.23	97
40.12	36
35.19	92
33.31	223
35.01	69
34.12	94
33.54	166
33.3	181
34.24	66
34.64	119
34.64	129
34.5	117
34.85	123
35.28	120
34.19	216
34.08	133
37.67	169
34.89	133
34.39	213
36.03	117
35.05	53
33.9	105
33.59	130
33.63	58
35.51	33
33.78	75
35.55	100
35.56	84
34.4	52
35.11	160
35.51	58
34.87	238
34.6	98
36.25	152
34.72	92
35.14	58
35.78	65
34.31	105
33.79	128
34.19	79
33.98	173
31.27	127
33.11	119
33.5	135
32.73	127
33.61	128
35.1	104
33.36	115
33.79	129
33.9	231
33.02	68
33.58	130
34.47	99
34.78	96
35.65	124
33.38	102
33.62	130
36.9	151
33.69	135
32.84	27
34.41	99
36.76	146
34.8	88
35.17	133
34.92	129
37.01	143
34.61	150
34.73	130
35.41	120
33.17	113
32.55	131
33.8	123
35	103
34.11	123
33.55	120
34.39	134
33.29	126
33.42	132
34.31	124
37.22	144
36.55	65
35.41	95
34.74	73
33.75	109
33.88	131
35.08	129
33.83	97
34.63	146
35.45	121
36.25	103
33.45	101
34.81	85
32.89	126
34.49	128
34.62	121
32.76	133
34.67	81
35.3	136
36.56	153
33.96	114
38.46	154
35.99	134
37.24	134
35.32	62
34.49	134
37.17	137
35.55	99
35.85	88
34.17	46
31.72	111
34.11	125
34.39	120
34.2	123
32.92	71
33.56	113
33.1	133
33.16	65
33.25	126
35.63	135
31.36	70
32.95	103
32.38	123
33.62	199
33.87	108
34.55	121
33.01	131
34.12	93
33.68	112
32.05	118
33.45	137
33.99	83
34.07	137
31.74	85
34.81	194
32.48	101
33.95	114
33.25	132
34.52	129
34.62	132
32.62	107
35.21	128
33.89	119
33.05	126
32.26	136
34.74	99
33.58	77
32.13	126
31.56	134
32.77	129
35.82	97
39.18	145
37.58	106
36.48	69
38.39	169
34.16	126
36.12	113
37.1	132
35.64	135
35.06	109
33.79	133
38.66	172
36.12	64
35.81	100
39.06	125
36.64	108
36.76	79
37.11	92
37.63	78
36.97	54
33.39	77
32.12	130
33.47	130
34.17	98
33.31	73
32.07	113
35.31	126
34.89	132
33.27	76
33.67	111
33.54	119
32.64	75
33	136
34.2	97
32.33	134
32.54	110
34.54	159
35.18	99
31.19	131
32.89	123
39.69	128
34.81	102
35.93	91
33.75	130
38.21	148
36.39	106
35.06	113
35.9	77
35.37	92
35.23	109
35.54	84
32.89	134
33.73	112
35.53	86
35.61	80
34.98	222
34.51	41
33.8	202
34.33	84
45.29	19
32.47	119
42.13	20
33.16	136
35.45	151
33.33	38
33.33	38
33.91	134
33.26	82
32.31	22
33.67	99
35.57	79
37.29	156
32.27	134
34.66	87
36	124
37.16	134
34.97	175
37.13	167
35.08	96
35.28	198
33.63	107
34.25	90
32.99	113
36.72	81
41.59	14
34.93	48
33.88	133
34.31	98
32.42	114
33.65	125
33.43	21
35.23	79
33.16	125
34.52	85
35.09	125
34.01	127
36	100
34.32	71
33.67	133
33.76	106
34.48	117
36.43	124
34.12	127
36.53	103
34.42	110
34.62	134
34.51	120
35.67	92
38.71	169
34.42	71
34.18	75
34.54	122
34.85	37
32.88	112
31.98	101
31.16	120
32.19	116
31.17	40
33.6	109
31.89	65
34.07	65
33.18	59
35.25	123
42.23	9
33.33	92
33.07	70
31.87	124
34.71	159
34.19	64
34.67	133
34.63	136
32.01	128
33.56	130
34.38	147
33.9	68
41.99	22
33.85	96
33.46	117
32.71	130
32.77	99
33.64	154
33.86	120
33.44	151
33.88	140
33.97	136
33.94	134
33.93	153
33.81	141
31.96	214
34.66	78
35.41	115
33.26	141
33.08	145
30.67	148
33.08	117
34.19	93
31.61	151
33.55	153
31.18	150
33.05	145
33.13	145
32.43	154
32.53	142
31.62	147
34.48	135
32.71	140
34.49	150
32.42	140
33	96
33.1	152
31.45	147
32.97	135
33.11	139
33.01	149
32.28	141
33.62	93
34.33	154
31.97	137
33.31	144
31.6	145
32.16	118
32.69	151
32.42	139
35.44	86
32.4	137
34.1	198
34.54	132
34.08	148
32.25	145
33.85	78
33.11	153
32.74	148
32.64	139
32.73	151
33.42	141
33.29	140
34.11	137
33.29	83
32.25	129
34.31	109
33.23	99
32.56	143
34.07	227
34.01	106
34.38	65
32.37	154
35.88	143
33.07	153
31.94	139
33.71	149
34.84	138
35	152
35.12	94
34.1	209
35.33	111
35.75	136
33.91	214
33.32	116
34.38	133
32.95	154
31.75	147
33.83	143
33.05	163
31.73	147
32.79	154
33.24	138
33.02	132
33.32	131
33.93	96
32.78	95
32.59	145
33.12	146
36.35	147
36.14	93
33.47	144
33.73	152
34.48	110
36.39	77
34.35	133
34.08	90
35.05	116
34.32	114
33.9	151
34.68	152
34.87	139
34.32	151
35.19	114
37.2	135
35.66	113
35.28	135
33.35	95
37.22	120
34.69	154
35.39	150
33.08	148
33	149
33.43	144
33.29	148
35.58	77
33.79	150
35.25	64
34.43	145
35.92	109
33.19	149
35.49	204
35.64	133
33.92	92
35.14	140
34.35	151
32.87	115
32.82	98
32.92	153
35.62	149
33.3	151
35.99	134
33.1	150
35.06	116
33.24	143
34.3	128
35.22	115
31.35	145
33.54	132
33.22	153
34.87	105
33.08	64
33.65	209
34.41	94
32.99	104
33.97	137
33.54	132
33.64	94
34.25	112
32.82	146
33.1	141
33.86	152
33.98	149
34	144
32.15	120
34.1	99
33.48	153
33.48	140
33.74	135
33.34	134
33.8	299
32.68	154
34.56	82
35.1	123
32.55	146
33.14	135
34.57	86
35.17	48
33.31	150
33.61	147
34.17	123
33.25	145
33.78	154
34.98	143
34.42	128
33.4	141
34.89	76
33.41	147
34.8	142
35.25	133
34.31	92
34.37	147
35.29	73
34.14	87
35.69	102
34.54	91
35.85	133
33.77	142
36.12	59
34.69	71
33.27	134
33.78	132
33.67	137
31.89	148
34.97	259
33.48	153
34.24	238
33.11	137
33.71	138
33.53	44
33.48	140
33.62	125
33.57	152
34.68	67
32.3	81
34.08	37
34.96	100
34.42	119
32.62	134
35.75	130
32.96	146
33.11	147
33.5	125
33.5	125
33.4	126
34.74	107
34.29	118
33.5	124
35.05	103
34.24	102
33.71	134
35.25	79
33.63	105
32.59	124
35.02	81
33.68	253
32.74	137
33.33	125
33.09	143
33.9	252
33.52	112
34.37	63
34.98	84
33.47	103
33.47	103
33.47	103
34.48	99
34.86	121
33.28	143
33.48	154
34.23	33
34.28	33
32.37	154
33.38	140
34.84	32
32.72	5
32.36	142
32.38	149
34.65	144
34.01	135
32.84	140
34.96	88
34.53	73
34.19	152
34.51	114
33.89	76
33.51	122
33.23	146
33.46	94
35.87	94
35.04	131
33.92	123
34.7	92
32.54	144
33.43	149
32.18	146
33.63	139
