sim	len_diff
33.61	74
34.6	98
34.87	21
34.93	114
33.77	50
33.95	64
33.26	54
31.74	43
33.13	124
33.23	103
33.8	62
32.9	61
33.76	39
32.59	58
32.29	100
33.15	61
33.77	70
34.25	109
32.78	47
34.77	84
34.83	36
32.83	114
34.2	16
31.42	51
32.63	51
33.68	84
33.77	39
35.57	52
31.79	60
33.41	61
32.88	27
32.25	105
30.23	63
32.82	115
32.85	123
32.68	120
33.41	120
33.49	122
34.25	88
30.76	45
32.96	104
32.96	29
31.7	70
32.21	121
33	108
32.04	52
32.26	58
31.75	59
34.16	43
33.54	39
31.01	20
32.49	46
34.64	4
33.36	103
36.38	45
32.77	122
36.43	33
33.36	65
31.46	62
31.76	66
32.43	21
33.19	37
32.76	61
31.11	59
33.45	51
34.3	55
32.46	124
34.82	15
32.46	32
33.48	120
32.55	39
32.65	59
33.78	61
35.08	49
34.14	101
32.38	126
34.65	40
34.44	46
33.24	55
33.2	98
33.77	123
33.43	35
32.75	115
32.71	57
33.27	27
32.97	117
33.11	58
32.64	58
32.81	60
35.07	119
33.95	22
32.5	91
32.51	26
32.45	103
34.13	63
33.85	113
33.31	103
31.07	63
32.85	54
35.21	55
32.58	47
34.03	63
30.84	56
38.68	32
33.76	45
32.92	55
34.78	47
33.63	79
33.23	60
33.38	38
33.6	88
32.69	19
34.4	81
34.67	26
33.59	33
34.79	55
31.87	53
33.1	97
32.6	61
33.04	43
34.56	47
32.91	84
34.66	49
32.86	52
32.48	62
33.31	124
33.98	85
34.81	59
34.26	49
32.91	88
33.48	97
34.2	63
34.44	60
30.11	53
36.24	42
32.94	52
34.4	34
34.43	50
34.03	126
32.16	68
33.13	63
35.35	66
31.65	47
32.49	41
32.28	34
33.61	96
31.74	12
32.89	114
32.01	115
31.62	11
34.05	25
31.83	114
33.92	58
31.44	119
31.92	47
31.11	34
30.33	39
34.36	40
31.58	12
34.15	76
32.54	61
33.48	96
33.46	40
31.59	1
31.73	111
32.91	98
33.44	33
34.35	25
33.76	92
33.42	13
31.8	1
35.71	28
34.23	58
31.92	47
33.17	115
32.21	126
32.31	121
32.43	120
34.58	57
34.75	43
32.78	52
32.55	22
33.86	28
33.74	35
33.03	106
33.14	126
33.69	48
33.29	35
31.99	113
32.49	23
31.07	51
30.64	63
31.81	51
32.62	31
33.17	62
34.17	63
32.97	54
32.97	42
33.8	57
32.66	62
31.42	62
33.81	46
33.88	45
36.28	32
33.07	59
30.19	13
34.39	63
34.32	45
33.07	61
30.78	59
33.9	64
36.23	50
30.16	56
34.26	117
31.6	42
33.5	53
34.7	31
34.26	117
33.11	58
30.21	60
33.98	39
31.96	55
31.84	54
31.84	54
31.84	54
31.9	61
31.98	61
32.17	63
34.09	41
30.49	51
30.79	55
33.92	41
31.76	58
33.07	63
33.44	40
33.91	54
34.02	47
31.61	60
32.23	58
33.61	1
33.73	40
34.02	49
32.88	56
32.8	89
32.56	44
32.06	60
33.38	44
31.69	52
32.73	51
31.01	63
34.92	37
32.45	123
33.92	63
34.18	43
31.78	58
31.38	56
34.19	59
33.55	29
30.92	91
32.98	17
32.98	17
31.75	53
31.27	61
32.33	54
34.11	27
30.59	63
32.18	55
33.31	38
31.34	18
34.09	84
33.98	114
34.37	17
34.92	81
32.63	119
30.91	115
33.7	3
32.75	126
31.48	25
33.38	61
35.14	17
33.92	97
33.6	97
35.46	77
32.87	58
36.28	36
33.92	97
36.34	15
32.87	43
33.81	30
33.27	72
32.96	80
35.48	46
31.95	63
34.84	61
30.73	61
34.38	52
30.86	60
31.68	59
32.37	8
32.38	62
32.98	39
32.59	126
33.19	30
33.34	109
31.53	96
33.03	57
33.47	111
31.83	59
33.02	53
34.69	45
34.64	46
31.62	98
35.23	9
35.03	28
33.96	62
31.64	63
33.52	49
31.84	60
33.7	101
34.8	66
33.53	13
34.35	48
33.83	59
34.01	24
33.8	49
31.97	118
33.28	52
32.43	89
32.03	47
31.7	107
34.82	9
35.13	25
32.61	56
32.84	15
33.3	60
32.57	91
33.81	41
30.84	48
33.6	92
32.36	62
33.15	40
32.89	56
34.42	86
33.71	39
32.84	51
32.38	48
46.57	19
32.32	55
33.78	79
32.54	94
33.98	39
33.22	35
33.33	92
33.28	40
33.61	98
32.81	23
37.46	41
34.22	56
34.34	51
33.86	52
35.09	43
34.97	95
34.66	36
32.97	55
34.52	76
34.32	79
32.97	39
32.74	97
33.74	56
33.07	50
31.5	48
34.46	35
31.65	51
36.36	82
34.53	56
43.31	18
32.97	81
35.72	39
35.35	67
32.23	50
33.56	81
33.91	33
32.05	100
42.45	27
34.4	38
34.21	55
55.71	33
33.2	67
37.82	36
34.96	49
34.61	94
33.23	44
35.05	49
34.02	53
33.8	50
32.66	20
32.49	53
34.97	55
32.94	13
35.4	11
43.95	38
36.62	52
37.32	34
36.9	33
35.18	80
33.77	14
35.5	36
40.27	28
33.81	73
32.65	12
33.36	32
35.7	94
34.6	33
32.68	92
33.93	94
32.1	48
32.83	82
33.88	42
33.71	15
32.91	81
32.85	27
31.57	18
31.77	14
34.68	47
33.87	80
33.16	39
35.47	12
34.75	40
41.85	42
35.77	40
33.83	77
34.7	37
35.02	92
34.55	41
32.24	56
33.18	92
43.2	30
33.3	51
35.68	23
34.65	24
37.79	37
36.53	39
34.49	76
35.89	17
33.81	72
33.3	89
39.71	33
32.94	46
32.8	56
34.23	97
33.9	53
34.48	22
31.37	52
34.01	38
35.63	31
32.79	65
33.44	50
33.96	25
33.39	30
38.7	15
34.9	47
35.61	41
33.77	83
35.57	10
31.75	56
33.21	5
33.46	70
41.48	28
34.61	36
36.34	71
34.25	97
33.29	12
33.76	91
34.31	41
34.76	36
34.5	31
34.23	92
33.07	40
35.68	54
33.5	94
34.42	32
32.52	70
32.46	19
34.11	74
38.67	39
42.33	21
35.5	39
42.42	47
34.92	82
35.98	82
35.06	89
33.23	100
33.19	47
35.27	53
33.31	90
33.91	38
37.83	33
33.83	38
31.65	7
33.19	54
31.49	44
36.25	45
34.4	89
32.47	89
34.22	44
33.37	63
33.71	43
36.21	69
34.04	90
35.29	44
35.96	38
41.44	29
33.72	54
33.59	40
33.15	51
33.97	63
32.5	36
36.31	55
32.49	75
42.03	35
34.28	52
34.62	52
34.72	47
32.07	33
32.76	53
36.66	30
33	73
32.29	42
33.2	36
30.19	39
33.76	21
33	73
32.54	46
36.79	39
33.32	33
34.76	27
39.46	49
33.22	30
35.87	74
35.94	46
32.26	54
34.25	46
34.23	48
37	9
34.74	47
34.9	77
32.83	23
45.05	46
35.95	35
33.37	25
34.19	47
34	84
33.19	32
33.38	20
32.41	38
33.31	38
33.87	61
32.44	48
33.25	55
34.4	46
34.76	56
36.53	37
35.44	48
33.51	76
33.02	39
34.78	35
34.5	34
41.15	57
32.95	50
33.87	53
35.7	36
33.8	44
35	23
37.24	39
33.24	56
33.17	28
31.91	24
33.75	66
33.83	44
34.88	28
34.31	32
32.84	54
32.99	17
30.88	24
32.8	13
34.98	36
32.87	16
32.29	56
32.85	6
36.43	34
42.87	39
34.65	41
34.97	58
34.02	48
34.97	38
33.91	56
35.72	13
34.65	47
35.91	44
33.7	74
33.35	46
32.27	45
35.88	43
44.31	30
35.71	37
40.36	31
33.05	86
31.75	46
36.12	35
33.33	48
33.03	49
35.97	45
35.73	35
31.96	63
34.39	35
33.57	82
32.14	50
34.19	42
41.96	30
33.03	52
33.38	42
33.97	35
32.19	17
32.52	40
33.2	77
34.09	97
33.8	48
33.73	37
35.3	31
33.54	51
36.98	39
34.37	46
39.21	39
32.83	51
32.07	16
31.88	15
35.4	40
42.33	56
33.02	56
34.57	16
34.72	50
35.02	88
34.73	37
35.84	52
30.81	55
35.01	85
44.82	39
36.42	42
35.27	28
32.42	83
34.59	52
32.02	48
34.13	26
33.58	51
33.57	42
34.72	50
34.5	48
34.69	33
43.23	52
34.56	25
35.65	71
34.79	16
33.13	37
36.41	83
35.77	83
32.98	28
36.79	55
33.57	90
31.6	41
34.15	80
41.01	32
32.84	48
32.43	56
33.43	96
31.16	31
34.01	50
33.29	42
34.7	51
36.71	38
34.7	57
30.13	19
38.72	2
32.84	12
32.92	92
33.79	7
31.55	45
32.17	79
40.6	38
33.3	42
34.03	98
31.92	17
34.86	28
33.2	27
32.63	54
32.63	54
34.4	37
36.39	33
34.25	35
34.52	46
32.2	66
36.36	83
33.69	52
33.94	53
43.1	30
33.63	57
35.1	88
35.37	22
34.95	28
31.78	42
32.71	51
34.92	40
34.63	56
34.18	63
32.88	81
34.18	30
33.05	31
32.55	31
33.87	55
30.26	24
32.34	21
35.5	39
32.36	40
30.72	45
32.01	55
33.26	38
33.22	92
30.57	12
32.61	20
33.36	89
34.24	21
34	56
43.29	41
32.69	26
33.5	18
32.35	40
33.91	56
32.55	8
34	53
31.6	49
31.45	55
40.95	15
31.47	35
32.72	59
33.98	90
35.24	51
34.34	53
33.46	22
35.19	31
42.93	47
35.82	78
34.29	70
33.95	71
34.07	92
34.81	98
36.01	24
32.38	29
33.88	49
34.01	81
32.7	51
32.42	34
33.3	10
33.48	42
36.03	40
33.29	86
33.75	47
33.07	56
33.85	94
32.96	71
51.74	50
35.19	37
32.28	45
32.39	83
31.36	51
35.19	42
45.2	23
35.62	32
34.97	32
34.87	27
32.05	32
33.18	18
34.19	43
34.61	56
32.56	55
33.48	56
33.11	85
34.45	56
36.11	44
32.99	35
34.14	52
33.77	96
33.59	94
36.49	38
44.63	29
30.79	16
33.32	30
35.08	33
32.87	40
32.85	56
33.29	78
33.62	54
37.94	26
32.57	20
33.58	51
33.19	28
34.15	21
34.24	55
34.9	49
34.27	51
33.57	99
35.3	51
34.76	29
33.43	70
37.76	22
34.7	48
36.95	38
36.61	50
35.65	50
35.76	46
34.23	56
44.36	67
35.29	34
33.81	98
34.99	59
33.89	34
33.88	49
34.56	95
33.06	25
55.79	28
34.64	78
34.96	30
37.17	44
36.45	36
32.95	46
33.32	51
33.27	47
33.17	55
33.64	53
33.27	40
33.46	55
33.52	83
33.75	35
38.68	41
34.76	32
34.15	77
33.27	40
33.83	38
34.66	9
33.72	50
33.62	57
34.39	99
33.17	50
32.29	25
45.62	21
34.76	85
35.66	98
35.59	51
36.33	31
44.22	31
35.66	35
33.84	42
35.71	62
35.65	50
35.67	36
33.21	34
35.4	24
34.69	44
33.17	46
36.24	22
34.55	31
35.53	53
32.44	49
51.38	34
34.65	46
34.84	77
38.67	23
35.59	56
36.2	57
35.79	32
35.68	53
35.72	33
36.44	61
33.17	31
36.87	49
32.97	98
31.94	54
33.93	42
32.76	45
33.47	46
33.13	47
32.82	42
35.47	51
34.4	76
31.76	51
37.73	37
31.18	52
36.25	38
53.01	35
33.54	99
33.53	78
35.07	50
35.63	51
33.82	54
31.5	45
31.21	55
36.88	52
34.61	47
34.34	40
32.87	24
35.8	76
34.24	77
32.9	54
42.82	30
34.38	5
35.63	85
31.57	11
36.02	52
41.71	4
35.6	32
34.77	54
31.62	44
35.03	34
34.36	53
31.62	44
33.98	11
38.72	30
34.63	79
34.82	87
33.1	43
32.59	49
33.08	54
34.46	54
33.86	83
33.12	37
33.83	47
35.32	14
35.25	42
35.87	74
34.15	40
33.37	99
33.29	79
33.16	39
51.87	34
34.37	88
44.32	13
34.51	14
36.68	30
32.54	54
32.72	45
31.7	51
35.5	40
34.07	52
34.37	86
35.65	47
42.57	58
34.77	42
34.07	18
36.62	35
32.43	16
35.92	30
34.6	43
34.88	10
34.19	54
32.81	2
37.47	31
33.41	6
33.82	28
35.19	51
40.89	30
33.15	52
33.86	91
34.87	30
32.33	48
35.49	73
33.27	97
34.29	89
32.76	83
34.41	68
35.46	51
35.86	53
32.72	46
37.69	33
33.5	41
34.07	30
33.92	28
41.3	34
35.77	83
35.5	34
34.29	91
34.1	47
32.55	44
31.87	44
31.58	54
44.18	24
32.94	8
32.89	35
34.35	40
34.61	38
34.25	38
33.2	92
33.15	55
35.2	51
33.78	23
33.95	90
34.4	34
39.75	30
31.86	49
33.11	44
33.54	96
35.71	35
31.87	25
33.35	1
34.54	36
31.76	66
32.46	44
34.96	64
46.56	1
32.02	80
33.36	42
33.02	43
34.16	33
32.61	18
35.73	22
32.65	56
32.73	37
33.23	52
35.37	50
34.03	51
37.5	47
40.6	40
34.26	37
31	20
33.92	43
33.22	43
33.22	43
32.26	54
33.22	43
33.22	43
33.22	43
33.27	55
34.32	98
34.08	87
38.54	32
33.05	65
33.87	71
32.65	29
39.23	32
33.4	56
34.27	49
35.61	40
32.86	38
31.97	94
33.72	17
33.35	54
32.88	51
35.34	38
31.11	56
33.39	56
33.1	56
33.76	82
31.57	49
38.15	38
34.45	43
33.29	63
34.13	53
34.51	52
31.65	55
41.2	70
34.82	80
32.59	34
32.7	22
35.81	75
33.64	9
34.32	49
33.7	35
32.47	26
34.1	28
30.83	42
33.5	39
35.03	58
33.66	35
31.89	56
34.72	97
39.31	75
35.58	39
34.03	38
34.16	45
35.1	25
33.93	29
32.93	41
35.82	14
35.88	40
35.06	26
36.14	62
35.41	37
34.2	74
34.41	46
33.09	35
33.98	52
33.34	41
41.86	56
33.7	87
31.25	37
32.87	65
33.52	53
32.32	63
34.58	51
32.86	76
36.49	27
32.23	43
33.02	99
34.66	77
31.32	6
32.45	52
34.17	50
33.58	49
47.47	27
33.11	86
34.15	83
36.2	38
35.18	51
33.14	50
35.64	73
33.07	55
34.67	98
34.85	62
34.04	20
35.29	59
34.6	73
36.24	43
34.47	79
35.82	53
36.71	52
32.5	36
34.15	49
31.96	23
31.48	10
33.49	52
41.37	11
32.41	100
33.24	97
33.62	41
34.28	78
30.9	11
32.53	38
34.58	47
35.06	45
33.61	55
32.79	53
34.46	49
41.76	30
33.97	53
36.23	30
54.92	24
33.01	52
32.32	53
36.29	35
32.58	50
34.02	43
34.82	90
34.63	83
33.07	10
33.04	82
33.9	29
43.44	52
33.88	51
34.31	53
33.65	37
34.92	54
32.62	41
34.34	28
36.03	52
33.55	30
33.42	23
47.01	3
34.16	96
32.59	38
34.6	47
34.76	47
33.18	39
34.11	39
32.17	49
35.67	35
33.41	91
36.52	44
34.98	63
34.64	96
33	42
34.11	43
33.45	35
48.32	26
34.47	85
34.53	56
34.03	71
36.05	31
34.88	31
33.35	41
31.83	25
32.33	47
36.11	47
32.76	41
34.07	42
33.19	87
32.73	54
34.24	63
33.73	37
34.42	55
38.81	39
33.38	45
33.48	54
33.61	52
32.58	29
35.97	30
33.97	99
36.61	39
33.18	18
33.96	89
34.96	26
34.54	70
34.56	41
35.62	48
42.61	38
36.15	31
33.89	33
33.55	68
35.57	18
38.75	31
33.84	79
33.17	50
34.69	52
33.64	42
35.45	39
33.92	35
33.34	38
34.73	45
33.47	78
37.23	21
46.14	34
35.99	19
33.34	46
35.96	38
35.52	40
34.55	93
33.02	43
40.15	34
32.84	55
32.57	72
33.05	46
34.66	48
34.23	45
35.07	93
34.23	52
33.3	46
34.78	38
32.98	81
34.01	14
32.98	56
30.96	19
35.01	39
33.53	44
34.26	31
35.34	34
40.42	32
50.65	46
34.86	79
35.38	38
36.18	97
34.43	83
34.46	50
34.57	54
33.42	30
33.83	92
32.86	96
35.35	87
34.43	56
35.88	40
36.41	40
34.88	38
32.41	43
41.92	31
32.42	100
34.33	46
37.48	57
34.69	100
36.73	34
31.75	94
33.84	77
35.65	56
32.15	56
34.8	26
34.45	38
34.03	87
35.23	54
34.41	39
33.23	90
39.4	16
33.43	90
33.36	86
32.17	47
31.74	59
31.21	2
34.39	53
34.13	50
33.07	53
35.62	7
34.41	50
32.8	53
34.48	67
43.94	48
34.02	52
38.52	47
33.79	92
33.44	67
33.13	42
34.64	41
32.62	32
32.61	40
40.52	31
34.89	40
33.76	74
35.29	74
34.82	32
33.39	40
31.17	53
34.08	52
33.7	89
31.74	41
32.6	50
32.6	47
31.88	36
34.17	29
34.39	88
38.42	21
34.14	24
31.85	22
33.38	51
32.39	26
32.06	34
31.61	20
39.83	40
31.96	40
34.15	78
33.26	96
34	29
36.48	55
33.76	9
35.06	85
34.57	42
35.53	59
34.01	76
33.24	68
35.74	59
43.52	44
34.6	48
34.88	54
32.96	78
35.8	47
33.53	84
35.59	53
33.28	11
34.16	80
41.5	36
33.92	50
33.34	97
36.9	44
33.46	84
35.35	48
39.33	81
31.73	13
33.18	19
34.83	18
34.59	38
32.86	61
33.37	54
34.74	58
42.58	27
34.34	37
33.6	24
34.21	93
37.12	54
34.08	29
32.93	52
33.78	37
34.56	5
33.11	18
34.07	76
41.9	24
34.86	50
34.22	45
32.72	91
33.71	84
33.41	48
33.34	53
35.62	34
33.08	42
34.39	47
35.35	44
34.1	93
35.08	34
36.81	12
33.98	39
32.38	17
32.11	54
34.18	23
34.28	77
37.9	38
35.35	91
44.85	2
33.03	37
36.3	50
33.22	34
34.54	72
32.69	50
33.31	51
33.51	100
33.28	44
36.52	44
35.07	49
34.76	17
32.97	18
33.84	99
32.69	50
34.73	39
33.77	27
33.89	97
32.08	20
31.73	37
32.54	37
39.76	17
32.81	45
33.2	8
35.26	24
34.6	79
32.1	44
33.46	46
40.9	24
34.06	30
32.8	23
33.84	48
31.8	49
32.45	32
32.44	75
33.21	22
34.64	83
35.92	49
33.31	55
35.42	51
32.91	39
34.91	87
32.4	55
34.08	59
34.84	56
44.21	29
35.07	83
35.67	22
34.19	75
44.29	66
35.75	59
34.52	33
35.21	51
34.37	60
34.65	34
35.43	86
32.71	52
34.55	43
39.38	38
32.96	33
43.7	24
35.09	87
38.02	32
33.96	44
37.28	27
34.66	39
34.41	31
35.92	97
34.61	52
33.83	48
32.23	46
30.76	41
31.74	36
34.07	30
44.38	29
33.92	56
34.02	40
32.97	96
35.19	49
32.28	21
36.05	39
33.99	26
33.1	99
40.64	36
33.78	70
32.84	39
32.3	73
33.8	41
33.58	97
31.39	55
32.53	51
34.28	47
33.23	49
39.62	30
34.19	44
31.65	46
34.26	98
42.86	27
34.84	82
35.34	20
35.68	26
35.44	70
32.3	22
37.19	49
34.13	49
36.35	24
34.1	54
33.57	29
33.73	47
34.4	28
33.07	92
34.76	51
39.4	26
34.05	22
33.4	18
35.05	71
32.84	49
36.9	83
34.66	33
33.83	15
33.48	47
42.83	39
34.43	44
35.6	43
36.41	36
32.62	37
33.57	51
31.44	56
33.71	32
33.12	80
34.33	20
31.35	80
33.4	95
34.17	55
34.66	53
37.41	38
34.05	91
33.14	51
33.06	89
32.82	26
43.34	31
35.06	95
34.15	95
33.73	47
32.73	47
32.3	25
34.42	98
35.3	54
43.84	24
33.41	33
33.34	91
33.2	89
33.37	2
34.09	35
38.73	36
35.74	48
33.3	68
34.2	32
33.8	40
34.3	97
33.49	71
40.52	40
32.76	28
33.32	56
34.13	52
34	17
34.14	85
33.2	71
34.44	38
35.3	78
34.05	27
32.8	53
32.85	46
38.73	31
35.03	54
33.15	24
33.64	28
34.4	29
35.98	49
36.41	28
31.38	9
33.99	51
33.11	83
32.08	12
34.13	17
34.67	47
41.33	61
33.68	26
36.5	56
35.62	39
35.56	48
36.55	24
33.6	70
34.19	69
37	36
35.24	32
34.18	45
34.98	54
34.3	54
35.14	56
40.34	24
34.54	45
34.17	45
35.07	53
33.78	82
34.76	76
35.42	93
33.75	98
36.24	39
35.34	10
37.51	38
34.68	45
34.72	48
33.74	95
34.36	36
43.16	36
33.66	69
38.85	27
35.28	53
35.72	92
34.98	41
33.21	52
35.73	73
34.56	91
33.34	52
33.55	57
31.37	11
34.34	54
41.5	30
35.7	14
34.37	37
33.44	92
36.33	73
34.09	46
35.36	25
34.54	91
35.94	93
33.98	48
34.65	61
39.98	27
35.76	38
32.6	1
35.18	35
33.74	57
34.19	13
33.92	53
33.5	46
43.06	31
34.21	91
34.74	74
33.88	40
35.3	46
34.33	45
37.19	37
35.24	33
36.53	39
35.49	43
32.74	21
33.38	26
30.23	46
33.53	100
33.92	47
34.66	37
35.78	46
36.08	50
35.01	39
44.17	31
33.92	54
36.8	62
33.69	15
35.46	36
34.25	95
34.87	80
33.99	90
38.57	29
31.56	10
34.83	71
35.73	38
33.87	71
33.25	97
34.8	43
32	14
33.1	39
39.86	39
35.49	29
33.2	65
42.23	15
34.76	41
34.17	30
33.72	86
37.06	31
32.98	43
32.45	47
31.9	45
33.04	88
32.8	65
33.86	50
33.87	40
32	13
39.35	33
34.27	61
36.75	48
33.24	64
34.85	34
32.04	55
35.61	36
34.13	20
32.88	35
39.69	39
33.6	53
35.27	43
36.19	25
35.1	49
32.65	45
35.57	39
35.13	47
42.98	31
36.07	69
33.99	45
34.8	26
34.2	54
34.45	54
34.41	95
33.66	40
34.65	85
34.41	94
34.71	46
36.07	29
40.71	30
36.84	43
31.4	22
35.84	38
34.38	56
34.63	10
34.34	46
36.22	32
33.52	87
36.76	38
34.88	37
37.07	12
33.49	47
34.43	94
34.5	48
34.42	36
35.34	52
32.46	46
33.3	54
35.23	30
32.76	86
32.23	42
35.69	92
32.71	52
33	47
39.74	30
32.61	52
33.48	30
35.25	27
39.36	24
33.43	52
35.48	47
32.27	58
35.34	51
38.06	46
34.57	22
35.74	49
36.87	49
39.67	25
33.04	56
34.28	99
34.34	32
34.6	54
34.73	43
33.3	57
34.07	53
35.25	51
33.8	50
37.21	77
41.66	57
32.07	44
35.25	82
34.12	96
35.56	95
33.85	68
33.51	55
35.11	11
34.48	19
33.2	76
34.16	100
35.55	21
36.06	55
33.71	50
35.13	31
43.51	29
35.72	44
33.28	99
33.74	36
43.71	40
36	50
36.08	40
34.39	47
32.18	51
36.11	43
34.59	89
34.22	28
35.84	45
31.71	51
32.61	47
34.75	47
37.35	7
36.63	34
33.03	45
36	26
32.91	41
42.06	33
33.34	71
36.79	47
34.76	53
33.13	44
32.5	59
35.98	54
32.61	53
35.5	45
33.96	51
37.64	43
40.45	27
32.13	53
35.88	41
40.84	32
34.87	92
36.12	28
34.25	36
35.37	32
33.89	9
33.91	80
32.76	56
33.81	90
34.86	91
35.92	53
33.03	41
34.74	48
33.15	81
34.44	43
35.14	51
34.57	40
42.13	32
41.46	27
33.92	55
34.07	53
34.99	77
35.83	98
35.42	78
35.65	40
33.74	99
34.09	36
33.69	55
37.04	31
34.61	31
32.01	64
36.2	46
34.48	55
34.07	23
33.2	7
33.89	74
33.99	84
31.07	28
34.16	92
32.83	79
34.57	100
33.69	98
33.12	93
32.52	94
33.59	72
41.92	24
32.19	18
35.13	47
50.08	24
35.46	23
33.5	73
35.18	33
34.62	50
34.65	41
33.81	90
35.48	74
32.74	85
31.8	20
32.79	56
33.07	51
35.75	52
33.56	80
43.12	56
34.7	40
34.77	37
35.03	26
33.96	49
35.62	47
32.41	4
36.15	36
32.28	51
33.92	54
33.09	33
31.32	55
36.21	44
31.48	42
34.99	96
53.07	29
33.66	29
40.93	33
33.38	54
35.14	43
34.63	90
36.52	39
32.96	52
32.53	82
36.42	42
37.26	33
34.98	54
43.13	39
36.03	50
33.73	99
36.49	89
32.81	23
33.69	39
33.61	42
35	73
35.03	53
34.83	58
33.38	51
34.56	56
32.61	39
34.67	53
33.92	51
33.92	39
33.83	39
35.12	47
38.6	32
35.96	32
32.96	54
32.79	51
34.87	46
33.07	55
32.7	42
34.54	50
36.74	33
44.1	17
37.65	32
53.37	21
33.65	99
34.3	33
30.42	54
35.39	93
34.37	52
34.39	39
34.73	50
32.79	35
33.47	55
34.26	50
35.61	47
34.13	38
31.82	45
41	35
37.61	26
34.25	85
33.42	33
34.48	13
34.73	4
34.85	39
35.16	46
34.51	55
32.62	24
35.74	23
33.9	51
33.27	42
31.72	13
36.84	45
34.48	42
33.8	22
32.92	51
35.09	31
34.39	93
33.01	92
33.3	6
33.79	33
33.65	62
34	48
39.28	32
32.5	53
35.17	8
33.08	26
34.52	93
34.3	47
34.2	91
33	54
33.7	55
32.64	69
39.09	39
34.35	36
34.56	51
34.87	48
32.89	93
34.04	91
33.33	61
33.24	24
33.88	48
32.34	29
32.63	51
34.34	59
35.5	38
34.73	41
34.24	51
31.64	56
33.85	41
41.6	28
32.81	53
34.86	43
36.66	37
34	69
35.03	56
34.08	82
35.61	48
33.27	42
36.92	37
35.93	89
33.92	42
47.69	35
35.8	49
42.14	75
34	86
34.17	35
34.8	79
38.16	45
36.36	40
36.54	45
33.8	61
36.96	19
32.99	68
32.16	95
32.34	18
33.34	47
36.2	31
31.69	50
31.75	54
35.14	24
37.43	68
33.5	54
34.65	88
33.76	54
34.16	49
34.99	38
36.5	50
50.27	42
32.34	56
34.23	38
35.59	33
33.64	48
30.61	15
33.57	44
33.76	17
40.74	28
33.03	52
35.43	56
33.24	85
33.71	43
33.47	31
32.33	91
34.59	43
37.42	40
42.81	46
34.75	97
34.73	75
34.49	40
34.6	46
37.87	27
32.97	44
34.48	97
33.93	99
33.21	51
40.46	30
32.54	56
34.3	54
34.95	28
33.39	25
34.47	84
33.44	19
33.5	34
32	6
37.82	14
35.61	47
36.46	52
32.88	89
33.79	89
33.84	30
33.97	82
35.27	69
33.57	54
33.14	53
33.38	35
35.94	55
31.54	19
33.64	56
34.64	35
32.64	58
40.49	40
32.41	53
33.33	33
32.81	55
31.84	50
39.86	9
32.39	91
32.12	36
31.67	41
32.07	22
31.96	5
31.88	95
33.51	93
32.86	60
32.9	55
32.58	92
34.43	94
32.79	52
34.58	39
50.51	23
34.6	92
34.23	73
34.13	51
33.92	64
33.88	27
34.78	16
35.27	18
36.74	47
34.22	42
33.49	85
36.73	28
33.43	48
34.69	90
32.5	49
34.98	31
32.48	35
35.77	46
34.85	15
35.93	32
33.64	64
32.39	52
33.32	50
34.54	38
35.19	45
36.68	24
35.86	96
33.41	56
35.38	74
37.85	20
33.61	65
34.89	18
32.71	55
35.72	19
36.29	41
31.31	5
41.87	53
35.6	94
34.03	31
34.96	51
34.2	47
34.77	23
34.39	51
34.01	26
34.16	23
31.6	51
41.31	37
34.58	72
32.34	8
33.99	77
33.76	54
36.04	30
34.91	38
35.11	37
32.3	91
34.7	19
40.57	19
34.15	45
32.61	46
33.65	34
32.76	50
32.59	50
32.18	55
33.98	66
36.2	18
34.13	49
37.06	36
43.8	25
33.34	28
31.94	9
36.77	68
33.36	14
33.58	55
34.26	43
34.67	47
34.68	36
31.99	32
34.29	49
31.57	2
33.67	36
49.51	43
32.97	41
33.93	77
31.53	45
33.44	52
32.42	52
34.09	46
32.66	64
33.74	86
32.57	28
35.27	28
34	53
35.5	90
36.03	52
46	5
34.43	41
34.55	45
34.29	48
35.99	31
33.2	79
35.3	51
34.93	57
35.54	58
35.09	79
33.94	53
40.19	55
34.38	28
34.8	21
33.92	66
34.12	10
35.39	78
33.39	99
35.88	76
34.1	19
37.93	16
33.1	52
35.14	55
31.46	10
35.5	19
38.86	20
34.21	39
34.07	44
35.57	33
35	30
36.18	55
34.77	37
33.62	15
33.83	82
34.65	69
35.54	38
36.64	29
34.98	41
34.21	68
32.88	51
32.85	55
36.03	26
34.07	89
30.62	55
31.76	21
33.73	91
34.25	38
33.9	36
34.93	51
35.09	78
34.74	100
41.67	60
32.72	53
31.84	88
32.66	37
35.77	36
33.46	40
33.86	51
34.56	49
35.61	45
35.49	28
31.89	56
34.68	22
39.63	26
33.96	81
32.54	47
33.24	29
32.97	42
31.96	48
32.19	36
39.97	19
32.55	69
33.69	53
34.57	61
33.12	48
35.53	42
32.14	79
33.62	32
31.48	36
42.52	41
34.34	50
33.88	56
33.42	52
34.76	49
36.42	82
35.4	41
34.61	54
34.53	51
36.19	30
34.49	98
35.73	36
33.98	37
41.42	62
34.69	40
34.9	60
34.85	53
32.91	19
33.08	74
34.62	62
33.95	48
33.95	56
34.65	37
35.05	23
36.34	40
35.29	46
35.11	36
35.24	34
34.32	44
34.99	79
32.09	48
33.56	39
36.46	18
46.87	45
32.84	75
32.29	26
34	81
33	80
31.17	33
31.3	13
34.25	25
30.53	49
35.72	19
33.77	84
47.04	26
32.88	51
32.16	49
31.92	34
33.45	48
32.55	95
34.51	90
32.69	93
38.7	42
34.07	39
31.7	42
33.77	56
35.65	36
32.27	44
32.59	52
32.3	57
36.85	31
32.95	85
33.53	49
40.84	74
33.11	23
33.87	81
34.5	52
32.8	39
34.25	53
36.44	50
35.67	38
35.61	32
32.87	46
33.59	52
33.98	71
31.8	55
34.76	34
40.09	22
32.61	12
39.84	16
33.93	38
33.27	37
33.67	54
32.83	48
31.82	94
33.5	26
40.2	25
30.71	76
37.98	37
35.04	25
32.92	82
32.92	82
34.73	40
34.72	28
33.5	87
34.67	42
33.93	11
33.26	41
39.17	33
33.66	50
46.22	35
33.46	85
30.69	52
32.44	47
35.14	47
33.08	44
34.73	32
36.33	37
33.64	77
38.7	35
34.56	84
34	20
31.26	53
32.75	49
32.48	52
33.4	54
32.06	6
43.01	36
34.87	28
34.14	99
38.9	24
33.66	55
34.52	33
34.08	46
33.53	64
34.5	37
34.71	42
35.14	23
34.83	40
33.7	56
34.4	94
31.47	53
33.16	34
33.69	47
34.84	74
32.12	25
36.69	86
34.81	51
38.7	34
33.88	49
35.85	71
34.89	93
32.23	54
33.3	90
36.97	42
32.38	55
34.15	51
100	0
35.51	42
34.9	95
30.73	23
34.96	52
32.45	50
32.86	38
35.05	23
34.46	79
32.26	62
41.79	43
33.71	20
32.4	54
34.99	44
31.57	35
49.25	52
37.2	37
33.47	37
34.98	88
33.08	36
35.46	25
36.1	18
34.29	66
31.14	15
40.01	39
33.04	45
32.28	59
35.06	83
37.83	33
31.67	14
33.61	52
34.5	41
33.95	51
34.37	28
33	20
32.82	100
33.71	72
34.42	24
34.15	49
32.56	69
30.36	2
48.29	13
33.67	83
41.22	28
34.04	23
33.19	43
33.38	50
33.24	37
32.51	67
32.91	31
35.06	72
33.02	20
33.46	56
40.13	33
34.1	39
33.58	41
33.3	40
32.9	52
33.87	34
32.17	23
34.72	43
35.68	39
34.96	54
33.66	1
33.9	69
33.29	54
33.48	8
34.15	93
34.55	87
33.82	38
41.84	52
33.8	52
32.29	90
31.41	42
30.89	9
32.91	58
32.07	48
33.36	93
33.45	20
32.85	96
39.97	17
33.87	49
34.41	32
34.41	32
40.03	40
34.11	56
34.41	32
34.41	32
34.41	32
35.29	38
34.41	32
34.58	45
32.38	35
33.3	100
39.03	27
36.32	45
33.87	43
34.35	27
34.27	58
33.95	68
33	100
33.67	56
34.08	82
33.76	36
34.17	62
33.42	99
34.68	48
35.46	51
35.17	49
34.87	89
39.8	15
31.96	17
38.71	65
32.54	9
35.46	49
36.9	59
32.9	18
34.84	62
33.47	35
36.57	29
35.48	61
33.15	54
33.53	93
33.64	21
32.61	87
33.17	54
33.86	14
33.44	48
35.58	40
41.69	56
33.27	58
35.42	81
34.95	92
36.53	51
35.32	99
32.7	37
33.96	96
34.23	50
34.12	88
34.01	22
33.59	94
34.06	83
34.48	93
33.54	92
39.89	43
35.5	34
33.3	53
36.8	25
35.34	41
33.81	51
34.19	31
35.56	39
34.06	51
36.03	48
33.25	40
33.03	15
31.68	51
34.61	39
32.95	41
33.96	7
39.57	33
34.27	39
34.57	50
32.84	35
34.6	59
36.09	26
34.68	27
33.88	56
33.39	50
35.19	90
38.03	36
31.85	22
39.91	36
32.3	51
31.23	45
30.52	94
34.91	55
33.93	55
33.78	37
33.76	43
34.81	27
33.52	91
34.06	51
31.68	51
36.07	48
31.08	100
33.25	40
34.61	39
32.95	41
33.96	7
39.54	33
33.79	39
34.97	40
31.83	50
33.31	40
35.4	39
34.36	57
36.76	44
35.14	23
34.83	79
34.23	40
35.01	76
34.42	86
34.01	33
36.3	29
33.5	30
34.35	20
33.5	51
44.51	34
32.33	55
31.6	21
32.67	54
34.26	56
35.46	45
36.14	15
35.64	67
40.77	24
36.03	57
35.31	96
32.65	55
35.89	73
35.9	54
39.17	24
34.41	93
35.81	76
36.54	94
36.26	23
34.01	55
33.85	47
35.33	17
33.26	57
35.2	49
36.35	32
32	18
32.5	42
34.58	74
35.54	44
33.67	65
32.06	24
34.8	49
33.32	78
33.01	54
33.14	31
35.37	56
38.83	33
33.49	46
33.64	43
34.35	51
33.45	47
35.03	41
31.93	45
32.91	87
34.53	15
34.25	28
33.76	16
33.42	46
32.76	6
33.58	51
34.8	31
52.44	40
31.84	55
36.13	47
34.88	48
35.52	28
33.17	22
36.14	33
34.11	56
32.03	19
34.8	55
33.95	10
35.41	22
44.72	42
34.73	19
33.89	95
32.92	50
31.56	36
33.61	100
42.65	35
33.3	12
33.29	93
34.75	44
32.7	42
32.81	55
35.12	89
35.09	98
33.33	76
40.71	65
34.87	54
34.59	76
35.97	44
31.08	53
34.53	92
36.27	53
34.3	41
42.27	54
34.5	99
34.19	37
34.11	55
35.69	59
34.82	41
32.79	46
31.52	33
32.42	51
35.86	37
32.55	12
33.71	52
36.09	93
31.8	56
33.39	72
32.08	2
32.65	12
38.21	38
33.08	53
36.65	55
49.11	26
35.05	96
37.68	21
36.04	47
33.75	55
33.8	51
32.55	53
36.34	42
32.72	50
39.94	62
36.96	13
32.76	56
34.05	43
32.23	49
34.74	93
35.47	29
34.32	52
35.12	39
31.99	55
32.99	53
32.81	52
35.34	36
35.57	17
35.05	47
34.36	99
35.71	29
43.86	44
33.25	19
33.03	74
35.21	49
35.38	23
34.76	63
34.19	44
34.18	96
36.38	57
35.76	55
35.02	52
45.07	14
32.05	48
34.6	94
40.21	76
34.11	59
34.33	68
34.23	50
34.56	34
33.77	19
33.39	92
33.9	91
37.36	28
34.08	39
35.66	86
34.2	93
31.61	94
39.8	47
34.57	23
32.28	46
31.76	49
34.4	73
33.6	82
33.34	41
34.87	46
34.79	41
41.13	42
33.36	83
33.7	54
37.83	46
35.05	69
33.59	21
33.07	56
34.54	55
34.46	82
34.67	52
33.94	80
34.12	64
42.5	21
34.19	40
33.23	49
34.81	29
40.32	30
36.03	56
32.64	32
33.46	97
34.43	39
32.58	52
31.14	2
34.38	63
31.03	24
33.12	72
34.17	58
35.93	40
35.3	37
33.8	37
35.73	40
33.28	46
43.63	52
33.18	29
33.03	39
35.3	37
42.86	26
33.51	60
32.12	93
34.06	82
33.47	80
33.91	37
34.48	60
31.94	82
34.22	28
32.53	36
40.95	32
36.3	48
35.79	36
37.1	38
33.5	56
31.93	59
35.76	37
36.07	56
34.03	54
32.54	43
34.73	37
35.85	21
33.58	49
30.89	87
32	45
34.43	64
41.77	68
33.45	97
33.74	55
35.06	21
33	25
32.74	49
33.21	77
34.39	28
31.58	3
32.17	55
33.06	51
31.27	49
32.36	36
33.12	77
33.4	82
44.15	38
33.4	56
35.18	55
35.58	87
34.24	59
33.37	87
34.12	59
34.64	99
34.88	32
35.02	49
32.88	36
34.54	47
32.29	26
32.5	32
36.51	43
33.69	100
33.7	26
35.79	38
43.76	22
34.81	19
31.31	49
33.03	29
32.75	29
34.11	35
35.86	55
32.74	11
35.31	41
33.76	45
33.28	52
35.14	57
33.13	89
34.75	42
33.38	77
30.28	8
35.92	47
33.8	66
32.99	51
32.61	51
34.85	76
34.74	40
33.92	5
36.41	38
33.61	55
33.38	41
40.01	52
33.56	48
34.02	9
31.92	51
38.17	37
33.72	52
34.34	51
34.75	72
32.93	50
34.15	32
33.6	55
44.04	24
34.54	47
34.33	86
35.72	50
34.72	44
32.86	56
40.35	32
33.43	71
34.22	49
32.81	65
34.04	2
32.91	38
34.6	18
33.57	36
39.55	32
33.75	55
30.96	40
34.84	82
32.3	38
32.96	38
34.7	44
32.78	65
34.22	49
33.56	71
33.6	40
32.4	55
35.71	50
35.68	37
39.46	68
33.57	23
33.86	27
33.24	54
35.01	19
34.08	43
33.45	96
37.22	52
33.8	41
33.1	61
32.5	53
33.26	51
33	50
40.27	27
34.13	25
34.85	34
36.48	44
38.31	40
32.3	23
34.59	56
33.32	51
33.36	74
32.66	44
33.68	25
34.61	51
30.96	50
31.98	31
32.35	73
34	10
32.46	37
32.85	81
35.04	76
34.17	28
33.32	35
34.96	74
33.12	43
32.84	19
33.54	46
33.64	87
33.96	43
34.88	62
33.65	47
33.81	93
33.49	18
40.27	18
34.43	20
38.97	36
33.65	80
32.25	56
33.15	36
32.02	39
31.81	31
35.76	15
34.59	39
35.88	37
33.94	86
32.5	24
33.18	19
38.45	33
31.46	55
32.91	40
34.27	18
32.46	19
32.72	51
31.96	48
30.49	50
30.5	56
33.71	92
30.5	56
35.5	33
34.5	48
43.43	31
33.04	36
30.8	11
32.57	74
35.58	37
34.83	91
33.84	88
35.28	44
36.2	74
33.91	54
40.1	41
36.97	38
32.02	55
34.46	45
33.64	47
32	29
36.24	31
42.97	29
34.02	99
35.2	65
35.03	98
34.04	70
33.15	59
32.98	37
33.32	40
35.36	74
33.48	59
33.87	78
34.6	48
33.34	44
35.34	26
47.72	26
36.49	37
32.17	89
32.69	70
32.38	25
33.07	27
30.52	35
34.57	70
33.76	35
44.1	66
30.45	23
31.65	5
33.16	36
34.28	73
42.64	35
33.59	33
35.17	34
33.56	27
33	53
33.58	95
34.8	33
34.09	13
34.67	55
33.78	36
35.73	46
32.14	20
33.3	40
31.19	7
32.17	33
35.68	31
33.73	39
34.38	96
32.03	56
40.13	33
33.76	44
33.51	94
42.55	44
32.4	26
35	91
35.17	36
35.28	29
34.64	21
33.8	40
34.52	44
43.14	39
35.3	91
34.23	86
34.64	53
34.88	37
34.39	52
34.9	51
35.42	43
36.78	36
31.64	55
33.84	41
32.52	32
31.93	11
34.36	47
34.73	38
34.04	90
33.93	39
32.73	85
33.7	61
34.69	26
32.86	55
36.05	28
32.26	35
35.45	39
36.08	75
42.29	29
34.7	54
34.02	54
33.92	41
34.09	55
33.31	64
32.45	49
34.64	88
33.75	21
32.64	95
33.43	46
31.51	0
34.34	64
37.48	25
32.21	53
33.9	94
39.55	43
33.79	20
33.6	54
36.03	65
33.69	99
33.69	65
35.94	37
33.48	91
33.03	9
34.94	72
33.42	94
32.76	46
36.32	41
35.18	28
34.02	32
35.76	48
34.54	35
34.61	47
38.89	12
31.08	93
33.6	56
34.29	38
35.63	23
30.89	53
32.23	51
33.26	74
33.59	95
35.45	19
33.34	98
33.96	88
34.65	42
34	9
42.35	18
34.2	89
33.71	25
30.86	53
33.85	53
33.5	91
34.12	52
33.07	49
36.14	42
34.21	40
33.9	61
43.02	39
34.6	62
35.74	65
33.87	99
33.57	92
33.25	46
40.6	27
33.45	42
35.84	53
32.74	53
31.53	56
34.22	52
32.86	70
33.73	49
35.84	53
34.18	97
34.06	31
36.34	56
33.72	92
33.48	73
35.37	75
33.41	44
35.94	56
31.48	12
31.74	38
32.65	96
34.77	90
32.67	44
34.41	36
34.75	63
33.3	54
33.58	97
32.98	83
35.3	44
35.88	23
34.58	86
32.69	78
30.46	55
34.08	39
31.49	14
31.65	54
36.45	27
34.2	74
35.11	7
31.49	51
36.8	43
35.8	49
32.55	67
40.62	16
33.32	87
34.46	31
34.24	51
33.05	72
33.07	40
33.67	68
32.23	56
39.24	32
33.12	19
32.19	34
32.2	31
34.28	86
34.66	63
34.21	86
35.88	54
33.8	76
33.96	56
32.04	54
33.59	81
35.11	43
31.52	15
31.87	95
33.76	27
34.57	8
38.36	23
31.77	97
36.06	77
36.06	96
39.36	24
33.47	54
33.91	36
36.14	42
34.31	57
33.92	53
35.38	34
32.95	33
31.88	20
30.38	50
38.26	29
34.81	78
32.85	49
34.3	54
32.2	33
33.48	37
32.38	18
33.1	55
43.51	47
33.97	100
35.22	37
35.84	43
33.26	33
34.6	16
34.99	90
33.89	17
33.26	33
33.98	77
34.32	79
33.03	37
40.17	69
36	40
32.64	92
35.9	69
35.1	30
33.68	57
35.09	43
32.34	49
41.42	36
34.93	61
34.83	35
33.81	85
34.23	18
33.86	33
33.3	47
33.65	95
34.08	55
33.07	61
32.24	97
37.46	37
31.39	48
32.43	46
41.01	27
33.54	9
32.6	56
34.15	52
33.8	36
33.28	42
34.92	15
31.76	44
35.57	75
35.86	37
37.45	34
32.63	31
34.87	61
38.31	43
37.15	50
35.4	88
32.95	7
47.04	29
35.2	48
36.86	47
34.3	53
35.61	50
35.57	61
33.1	63
34.95	34
33.25	31
33.53	89
36.12	13
33.07	56
33.65	47
33.49	55
33.31	93
42.64	32
33.9	70
33.71	43
45.03	53
35.93	33
35.27	27
36.02	41
33.97	52
37	84
34.15	37
34.91	89
34.6	54
34.15	74
33.49	53
33.7	99
32.47	44
34.08	53
33.29	54
34.82	33
34.5	27
35.01	47
33.99	50
34.77	100
43.16	52
32.55	52
35.23	47
33.69	58
34.11	31
33.5	68
31.47	52
34.83	73
34.53	50
34.76	50
35.34	30
35.66	45
33.34	37
41.16	2
32.88	82
34.25	45
33.48	49
34.19	44
33.84	50
34.07	52
31.64	53
35.98	53
33.51	47
33.16	56
38.53	36
33.64	53
34.33	3
35.65	39
34.55	54
31.52	54
36.1	53
38.7	30
33.2	78
31.98	37
34.02	46
34.13	97
34.06	51
31.53	55
34.13	38
34.43	7
35.43	65
33.24	91
33.47	45
34.82	45
32.24	46
33.9	14
35.72	31
33.54	50
35.65	61
33.75	49
40.32	27
34.38	55
32.65	3
35.12	80
33.37	92
34.19	70
35.27	53
34.33	49
33.41	55
34.07	28
34.5	58
34.5	75
33.98	37
32.27	32
36.2	49
35.3	83
43.6	52
34.68	29
34.89	41
33.13	49
33.66	35
35.15	53
35.25	54
31.8	50
42.1	30
34.18	90
32.85	55
34.6	44
31.92	52
36.73	38
33.8	59
33.59	21
35.46	64
33.69	42
34.91	69
33.65	62
39.25	43
33.77	53
33.87	79
31.38	56
48.37	27
35.52	49
33.81	49
32.59	49
32.16	41
34.98	34
34.25	78
34.47	89
32.69	56
35.16	76
39.06	37
33.34	54
33.7	49
35.1	77
35.87	46
34.34	38
32.97	53
32.53	53
33.84	54
34.71	48
32.88	42
34.5	18
44.5	38
32.34	48
33.27	52
34.47	58
33.97	51
33.57	58
32.85	46
34.66	57
34.88	39
33.53	39
33.53	89
33.05	94
34.2	97
34.15	40
35.22	86
45.19	28
32.88	26
33.87	27
34.29	66
31.27	54
43.52	52
35.06	44
35.65	26
36.7	35
34.3	37
35.18	89
35.19	49
33.82	90
34.39	96
36.25	53
33.97	37
42.92	52
35.25	41
34.69	40
34.62	36
34.27	67
33.78	85
41.37	24
33.23	41
35.34	45
33.49	97
34.67	47
31.95	55
34.61	49
35.96	39
33.44	32
35.21	81
36.16	30
31.13	53
33.4	76
32.75	58
34.27	89
32.4	50
32.95	74
34.83	31
33.55	87
33.96	63
34.07	30
35.55	27
33.88	51
31.97	47
33.36	99
35.07	12
35.27	48
32.87	51
34.04	100
40.88	28
30.74	2
39.16	32
31.29	55
32.56	74
31.92	11
33.07	9
33.86	55
33.53	54
33.38	53
33.18	53
32.89	96
36.24	51
39.07	29
33.59	60
34.77	34
32.74	4
34.15	100
37.3	35
34.12	76
32	53
35.86	74
36.22	39
32.04	32
33.24	70
33.13	33
38.49	41
36.08	70
30.73	45
33.13	42
34.45	51
34.09	45
37.78	45
35.83	42
33.17	54
31.88	50
32.58	30
35.82	32
32.23	16
32.89	49
48.61	39
32.12	53
31.91	13
33.62	37
32.8	51
34.23	47
33.42	43
34.4	52
39.41	41
33.25	33
33.02	42
33.16	74
36.1	16
33.9	72
32.45	49
33.45	43
33.76	51
33.82	43
32.27	29
32.8	51
32.23	46
32.76	53
33.17	52
38.68	50
43.19	30
34.02	96
32.92	53
34.29	49
33.44	42
33.86	36
34.81	72
34.52	30
34.07	82
33.65	52
34.3	52
32.97	41
32.56	74
33.68	69
41.03	31
33.27	88
33.44	42
34.92	40
34.5	53
35.84	47
36.31	37
36.21	38
49.85	52
31.97	56
32.01	43
33.76	100
32.54	43
40.19	56
33.1	65
35.08	52
35.72	59
34.74	79
34.46	34
34.01	41
32.97	58
33.72	98
33.55	50
38.34	29
34.91	72
33.13	82
33.29	4
32.72	100
32.43	54
34.05	52
31.76	50
32.94	74
32.73	14
32.16	54
32.37	52
43.56	39
33.12	47
32.38	40
35.28	55
34.2	53
34.67	43
37.08	50
33.96	29
35.4	15
35.78	17
35.15	25
35.54	56
33.3	74
32.7	70
34.5	34
30.48	27
33.93	36
34.63	43
33.6	83
34.51	14
32.8	41
35.46	10
39.75	31
33.18	42
31.85	9
34.44	39
32.8	56
33.81	33
35.8	32
31.46	8
31.2	73
33.32	53
33.55	92
32.49	50
37.22	27
35.23	41
31.76	41
34.25	18
43.06	43
32.99	86
33.39	55
34.29	50
35.45	39
32.42	30
32.5	24
33.97	56
37.38	44
33.8	47
34.75	37
34.03	19
42.56	31
37.1	43
31.93	28
34.15	51
35.76	42
35.96	53
35.14	50
34.46	87
34.36	70
34.38	34
32.76	33
32.65	100
32.92	12
33.24	83
30.76	5
34.4	50
31.94	31
32.76	33
34.66	42
41.8	24
34.92	52
33.04	53
34.28	99
32.09	78
33.63	39
33.46	49
35.41	33
32.97	50
33.5	40
34.5	50
31.04	50
34.31	94
33.93	52
41.06	33
34.36	18
33.08	82
33.03	52
31.77	44
33.66	50
31.96	50
32.58	98
32.29	47
33.34	56
33.1	69
32.43	50
32.44	37
36.24	77
38.77	30
30.48	3
33.15	64
38.47	35
32.96	50
34.18	43
32.45	40
32.55	34
32.03	31
33.96	46
36.99	39
32.99	52
32.72	46
33.29	96
31.41	2
34.12	10
31.83	90
34.42	71
32.92	52
36.51	34
40.87	32
33.32	66
31.9	56
34.87	22
38.92	31
33.54	13
33.65	41
35.42	48
32	53
35.01	33
33.77	40
33.14	51
35.39	51
33.48	49
33.06	7
37.26	52
33.45	37
37.04	63
37.26	28
33.99	28
33.19	36
39.44	40
32.65	36
31.91	49
33.15	37
31.55	83
35.29	54
32.32	53
32.17	36
33.42	85
35.71	55
33.92	51
34.39	24
31.73	93
32.93	33
32.64	95
39.84	27
34.47	43
33.34	52
32.77	34
34.47	39
31.4	23
33.6	44
35.28	41
32.19	22
36.81	78
35.37	77
33.76	41
34.57	28
32.83	30
34.11	99
32.29	52
33.76	64
35.29	52
35.29	52
37.24	41
32.84	49
35.29	52
34.27	53
33.75	77
34.19	33
33.35	56
42.68	58
35.99	45
33.94	96
36.19	45
34.9	51
35.59	37
36.77	55
32.23	44
33.85	54
43.6	39
32.73	100
34.88	36
35.19	42
35.01	55
35.41	94
33.21	49
34.02	69
35.39	67
35.28	55
33.23	49
33.27	47
33.6	99
38.85	35
34.72	52
34.77	38
35.46	48
34.83	20
34.03	43
35.4	41
35.32	22
33.55	100
32.91	77
33.25	33
39.71	41
32.97	74
33.22	58
33.05	92
34.25	35
34.16	26
33.57	22
43.36	51
34.55	34
35.8	51
35.42	37
33.72	43
35.81	30
34.52	49
33.39	55
34.67	78
34.16	8
33.47	38
33.78	32
32.36	25
33.83	21
35.28	54
34.74	63
52.98	28
33.13	55
35.07	49
33.68	26
39.66	49
32.73	47
33.82	94
33.16	89
33.93	74
33.38	29
37.4	54
33.89	59
31.79	35
36.59	66
33.25	66
35.62	58
41.46	70
32.92	43
35.92	80
33.13	49
32.22	50
31.56	45
32.32	53
32.79	76
33.91	74
34.11	52
31.79	5
34.37	23
33.93	27
34.32	22
33.77	31
31.77	47
33.72	50
34.56	60
32.69	28
32.68	21
40.28	45
33.44	18
34.49	46
33.86	55
33.76	57
34.71	30
33.76	44
33.93	46
40.2	68
34.72	84
32.91	39
31.46	7
34.63	80
37.19	81
36.34	16
35.49	48
34.59	56
32.2	9
31.99	71
33.45	78
32.2	9
32.84	75
31.77	23
34.04	72
39.59	20
32.84	2
31.91	64
36.3	49
33.1	93
32.34	45
33.22	97
34.18	52
36.43	43
42.64	80
35.17	27
33.99	30
35.18	38
31.73	44
32.86	95
33.23	20
32.09	43
32.67	17
31.34	45
49.31	42
33.82	91
31.95	52
31.6	17
33.93	54
32.76	126
32.56	59
33.63	87
33.48	48
31.51	26
36.07	77
33.93	108
34.51	41
32.69	48
33.2	57
31.03	60
33.46	34
31.62	46
33.96	63
34.23	49
36.16	48
33.23	57
33.06	63
33.84	63
34.47	50
33.65	58
34	63
34.65	51
34.05	33
33.84	63
33.84	63
33.84	63
31.72	59
33.11	56
33.98	70
34.35	42
32.55	121
34.65	26
34.56	48
36.73	26
30.76	61
34.11	61
31.68	118
32.91	90
31.4	35
33.84	63
30.91	25
33.85	108
31.4	35
30.95	35
34.88	63
33.76	43
31.44	35
31.7	35
33.62	66
33.84	63
35.38	56
31.52	58
33.06	56
31.85	62
33.01	101
34.54	60
33.84	63
32.55	41
33.54	56
37.91	39
33.93	55
32.76	9
32.71	4
32.07	5
33.29	63
34.34	68
32.94	93
31.53	19
32.86	63
32.23	30
31.85	59
31.06	62
33.92	30
33.6	54
34.95	47
33.03	47
35.17	35
33.03	25
33.6	103
32.55	60
34.08	49
33.5	120
33.39	120
32.78	71
33.03	94
32.05	57
34.39	72
31.96	6
36.26	40
35.69	20
33.43	26
32.77	117
34.46	50
33.61	95
34.52	42
31.95	57
34.33	46
31.68	50
35.13	34
31.02	34
32.39	125
32.76	88
33.88	52
34.3	29
32.27	105
31.38	43
32.8	49
35.01	48
30.26	62
32.1	44
35.07	35
34.76	90
33.96	50
33.88	92
31.69	54
32.44	61
31.89	51
34.45	42
33.53	81
34.98	28
34.84	23
35.39	32
32.21	57
32.23	57
33.09	121
32.69	50
31.7	53
31.54	63
33.07	27
33.01	56
32.65	50
33.61	68
32.62	107
31.84	54
34.37	62
30.61	56
35.58	95
32.78	51
33.8	54
33.56	74
34	99
36.73	39
33.62	48
33.63	26
33.23	47
32.51	54
32.76	30
34.13	61
31.75	57
31.95	59
31.81	52
32.71	56
32.23	59
31.25	63
31.96	51
33.29	48
32.08	63
35.59	26
32.73	61
35.37	35
33.27	43
32.33	115
32.82	73
33.97	119
33.22	41
32.98	95
32.51	123
34.42	54
34.72	51
32.35	25
31.66	47
33.43	104
33.8	125
34.59	19
32.58	36
35.86	29
32.55	34
33.5	58
33.75	73
33.32	52
35.91	48
33.59	35
32.86	54
31.45	45
33.2	68
33.68	119
33.47	17
32.81	92
32.63	117
33.01	55
32.96	117
33.34	33
31.5	57
33.18	51
32.53	80
33.75	98
31.33	62
34.5	53
33.14	69
33.2	13
32.58	119
34.07	59
34.11	57
30.99	12
31.74	58
31.94	61
33.42	61
32.91	29
32.21	35
32.61	97
33	102
31.27	60
31.53	20
33	126
35.34	23
33.96	64
35.39	41
35.39	41
33	49
31.03	62
34.84	76
31.21	59
33.6	45
30.08	60
31.53	99
32.57	24
31.52	50
34.03	43
33.62	65
32.1	123
32.62	102
32.44	60
32.91	64
31.3	57
32.37	62
33.24	51
31.28	57
32.62	119
33.51	77
34.72	74
33.03	119
33.89	82
34.19	28
32.48	121
33.65	53
31.57	46
32.42	27
34.94	60
34.3	50
35.96	39
32.96	60
30.45	39
34.67	64
33.03	102
31.87	44
33.64	101
32.19	63
34.08	59
32.33	57
35.28	20
35.22	6
34.39	57
35.1	22
31.84	56
34.89	120
32.56	51
