sim	len_diff
33.59	67
33.61	120
32	117
35.52	23
33.55	42
32.99	126
32.88	50
32.31	64
33.49	51
35.76	44
32.71	89
32	41
33.13	64
34.54	61
31.48	61
31.01	66
33.03	89
34	41
33.05	54
35.16	52
33.29	67
33.78	43
33.81	71
34.19	67
32.6	88
32.77	49
32.2	124
32.09	61
33.25	57
34.51	41
32.94	27
31.38	117
34.6	11
34.78	48
33.35	107
33.9	103
31.6	121
33.81	91
30.46	32
35.87	43
35.85	17
34.57	80
36.62	50
33.6	91
33.73	84
32.72	112
34.02	92
32.62	62
33.68	58
35.82	54
35.21	122
34.71	55
32.97	60
32.75	64
35.22	48
34.25	119
34.68	52
31.13	67
32.25	48
35.51	62
32.33	135
33.87	102
31.72	60
33.22	28
32.09	129
33.42	49
31.15	19
34.24	42
33.6	90
34.34	32
35.96	29
31.8	55
33.77	121
33.94	118
34.33	34
32.25	81
32.62	44
32	33
32	33
33.86	94
33.57	61
33.92	79
31.52	57
35.74	47
33.14	51
32.4	112
31.25	52
32.8	46
31.98	92
34.61	57
32.39	101
33.76	42
32.45	64
34.55	65
33.78	31
32.64	64
34.26	32
34.26	32
33.05	17
33.25	67
35.13	63
34.37	38
32.71	30
32.71	47
32.79	45
35.03	48
32.28	67
31.17	58
32.42	115
33.44	22
33.52	52
32.66	59
32.26	102
33.54	51
33.13	109
32.98	53
32.97	36
34.31	34
33.48	41
33.64	58
32.12	57
30.85	66
31.16	124
33.43	35
34.61	20
30.37	64
31.5	61
33.66	28
34.72	42
33.97	58
32.04	64
33.8	132
35.23	44
33.25	109
32.82	117
32.92	33
30.78	52
34.08	45
32.61	130
33.94	55
33.99	52
32.5	51
31.8	66
32.75	52
32.72	99
32.82	34
32.94	61
31.54	66
31.8	66
33.09	64
34.11	29
33.41	61
32.81	33
32.37	60
32.87	28
31.78	86
31.78	86
31.78	86
33.72	37
31.78	86
32.43	44
31.59	86
31.59	86
32.31	34
33.46	115
36.64	36
33.04	33
36.25	37
31	86
31.59	86
33.68	23
31.38	86
33.8	132
33	33
31.54	66
34.68	41
32.48	52
33.33	62
31.17	63
34.55	67
32.54	58
32.5	116
33.79	52
35.37	44
34.66	29
32.62	133
33.68	26
31.78	122
33.18	60
32.65	59
33.77	63
32.64	35
32.74	66
33.73	51
32.39	67
32.87	135
31.2	67
33.25	56
30.6	22
31.87	59
33.89	67
35.8	47
33.65	111
32.61	59
32.98	66
33.17	4
31.8	66
33.78	27
33.05	42
34.9	53
36.44	11
36.35	60
35.02	32
33.06	65
32.97	58
34.07	64
32.36	58
33.75	83
34.13	57
33.97	46
35.09	23
34.05	39
31.12	63
31.12	63
31.12	63
30.83	65
34.62	52
30.83	65
33.33	40
32.54	58
32.51	50
33.28	67
30.78	64
30.62	61
33.57	52
32.14	67
33.02	65
32.04	67
31.97	67
33.78	61
34.61	61
32.78	66
36.25	44
31.41	65
31.12	67
35	43
33.62	55
33.84	67
31.46	66
32.91	66
32.75	66
32.73	66
32.73	66
32.75	66
33.43	132
33.14	57
32.6	58
32.75	66
32.75	66
33.15	57
33.24	126
33.48	57
32.75	62
33.97	44
33.75	44
32.93	61
34.19	58
31.14	66
33.14	57
33.09	34
34.45	87
31.96	52
32.99	32
33.89	44
33.05	62
32.25	74
31.31	61
33.57	57
32.55	54
32.54	113
33.02	87
31.32	58
34.56	33
34.26	34
33.45	56
33.86	24
32.94	89
32.05	2
33.77	69
33.24	64
34.31	64
33.74	51
32.01	62
32.6	45
32.08	135
33.17	62
33.73	63
33.34	48
33.37	56
33.43	60
32.25	61
32.38	112
34.18	60
35.93	45
32.14	67
31.81	37
32.67	66
32.22	67
34.1	12
31.85	52
32.4	58
34.31	60
33.24	62
32.63	61
33.17	44
32	57
33.4	96
34.05	128
34.42	45
34.68	55
32.69	20
32.39	49
33.04	132
31.59	48
33.75	66
33.05	60
34.06	66
32.49	32
35.06	38
33.32	24
33.09	63
30.63	58
33.28	55
34.73	73
34.3	41
32	61
33.67	65
35.77	32
34.45	49
33.91	66
34.72	30
34.85	40
31.22	57
33.81	102
35.48	29
34.47	67
35.14	36
32.79	44
34.32	54
33.46	85
33.22	28
33.01	42
31.8	104
32.11	6
51.06	0
34.75	39
32.86	62
33	23
34.88	39
35.51	49
33.6	49
34.11	100
32.1	92
41.17	11
34.97	15
33.31	91
33.5	74
33.12	86
43.68	27
50.58	11
37.96	11
34.33	60
33.62	86
34.77	59
33.03	106
32.76	46
33.8	30
35.45	54
33.52	59
39.55	5
34.26	94
35.28	27
33.74	67
32.24	44
36.8	33
33.5	78
39.61	4
49.21	15
34.85	23
34.04	90
35.15	10
35.27	28
37.27	33
35.9	45
34.8	54
33.99	92
73.84	7
34.21	42
32.94	42
44.09	1
36.4	13
42.61	4
32.67	51
33.62	54
40.94	13
34.22	45
34.52	56
34.84	56
34.62	47
43.76	24
40.11	0
45.24	14
32.21	44
33.57	98
33.91	32
34.61	49
33.2	5
35.88	21
33.32	20
33.86	32
33.78	41
33.65	94
34.69	34
34.88	55
34.22	74
35.25	56
33.82	48
33.8	10
35.31	48
34.93	51
34.54	64
34.13	74
33.17	58
34.74	12
34.61	40
34.42	46
33.46	68
42.28	13
35.47	43
34.54	48
40.91	2
36.55	54
33.38	57
34.01	47
33.32	9
39.13	3
35.42	23
32.94	44
35.75	26
46.55	9
40.84	6
35.41	59
34.11	57
45.64	19
32.11	26
33.01	42
35.05	37
34.97	51
32.11	26
42.18	4
35.8	60
34.11	45
34.02	103
32.74	45
51.54	11
34.66	85
45.74	15
35.26	49
31.83	53
33.52	20
33.04	44
37.75	2
34.42	45
33.21	100
34.71	36
35.79	49
34.68	49
34.55	28
33.74	30
36.4	61
36.23	3
38.21	45
33.91	50
40.79	4
35.35	37
31.77	9
34.4	68
34.13	45
35.72	53
33.33	34
34.11	47
33.83	94
32.63	87
39.93	30
33.72	103
33.25	7
32.94	102
32.78	93
34.09	75
39.02	0
34.71	43
32.97	49
35.2	36
34.6	40
35.42	74
34.91	67
34.78	65
32.76	53
33.81	38
35.09	72
32.86	93
34.22	47
34.26	98
39.23	28
34.12	21
32.5	42
33.91	27
31.9	37
35.78	74
34.43	39
32.67	37
35.02	51
34.4	30
32.85	53
45.14	20
40.9	1
33.14	36
34	91
43.8	13
37.86	7
31.65	59
36.06	41
38.35	3
34.75	49
35.85	47
34.49	59
33.94	46
49.32	14
32.53	97
32.99	45
34.13	37
31.52	60
34.14	29
33.4	108
35.03	96
36.35	46
33.68	44
33.73	45
34.27	39
40.17	40
34.23	99
38.22	46
37.78	42
32.82	57
33.3	83
38.46	10
43.03	9
33.4	59
33.99	45
48.12	31
33.7	48
35.61	42
33.37	37
40.71	37
34.73	48
36.25	42
35.05	45
35.28	28
34.12	41
33.71	44
46.6	5
35.12	29
32.49	40
33.88	45
34.94	26
34.45	10
34.08	74
34.45	56
34	16
33.95	12
34.31	43
33.54	26
33.48	55
35.25	38
33.91	21
37.12	58
35.12	33
34.7	55
33.89	43
34.41	26
43.53	4
34.84	54
34.54	54
33.31	49
41.53	10
42.61	2
34.44	85
34.65	69
36.6	15
46.98	18
32.44	52
37.68	11
42.64	14
32.99	59
31.28	55
33.42	90
33.65	57
41.24	19
34.61	58
38.14	6
32.39	78
33.19	70
35.27	38
39.96	7
32.83	28
33	18
33.17	99
37.63	41
33.56	95
44.84	10
32.53	66
33.94	58
33.93	60
34.07	60
33.97	44
44.58	24
31.94	60
35.67	50
38.7	1
34.85	50
33.48	46
34	45
44.94	30
38.9	28
33.51	5
34.42	43
45.6	8
37.14	4
33.56	48
33.53	56
45.72	9
34.33	54
38.04	44
32.89	59
32.4	34
36.41	11
35.51	11
33.21	50
33.52	56
34.55	75
35.22	26
35.12	56
34.43	5
32.19	50
34.57	57
32.22	57
36.82	64
35.65	25
35.11	40
34.14	26
35.3	26
40.92	7
34.18	84
34.86	50
34.39	70
33.37	47
33.69	57
32.49	29
33.65	42
32.19	53
43.7	27
32.34	49
35.06	57
44.25	19
35.82	28
33.58	53
34.34	32
37.28	56
36.36	33
53.72	10
36.11	39
35.16	42
35.99	31
47.37	8
34.63	105
33.35	54
32.74	57
53.59	8
39.54	6
32.29	70
34.22	94
33.67	105
33.43	22
32.84	75
31.62	47
34.75	89
33.79	44
32.54	47
32.88	55
48.3	20
35.56	44
44.48	5
33.73	47
33.2	58
34.77	55
33.25	11
34.28	20
41	9
38.76	16
40.84	17
31.83	2
33.31	45
42.21	12
49.55	3
33.16	5
36.18	39
33.3	108
34.16	15
34.28	87
33.04	54
35.41	49
33.87	89
32.38	24
34.31	48
33.33	51
33.62	60
32.35	49
35.2	47
32.54	24
34.82	57
33.14	93
32.86	77
34.33	17
31.67	54
33.3	40
31.67	54
34.22	43
34.72	54
33.76	24
46.59	25
39.61	10
39.88	5
32.34	10
32.49	85
42.49	10
33.22	108
34.01	55
32.48	49
33.14	59
34.4	31
39.3	5
37.91	19
33.38	84
35.84	48
36.44	32
34.27	27
34.32	57
34.77	56
34.53	39
32.35	50
32.31	22
35.6	24
32.68	100
32.45	27
34.31	57
34.91	46
32.58	36
32.23	66
74.33	8
35.8	17
34.57	56
33.63	98
33.24	47
34.01	65
36.91	34
31.76	52
32.24	79
35.01	25
33.98	93
34.71	96
41.66	14
36.9	41
34.33	11
41.49	11
33.85	96
33.79	42
34.94	102
34.29	63
32.91	43
33.61	20
32.69	45
34.17	58
33.22	50
30.98	6
34.01	54
34.91	34
34.51	40
39.05	2
34.53	22
30.1	15
36.03	49
32.87	94
35.16	93
36.32	40
32.82	49
36.19	51
32.77	5
34.3	64
43.22	16
41.4	32
36.46	25
34.35	17
34.06	47
32.66	7
35.89	65
33.77	57
36.88	38
33.51	103
36.39	35
49.47	32
34.52	59
33.02	33
32.51	35
32.51	31
36.48	25
33.34	51
47.3	17
33.71	73
33.58	54
39.43	14
36.7	35
36.34	43
32.12	100
47.38	15
33.69	21
33.79	49
35.06	65
33.81	92
50.24	19
42.96	0
34.37	50
33.2	48
32.6	30
33.14	39
35.16	18
34.43	54
34.29	43
43.05	2
40.97	6
42.04	39
34.14	30
34.4	34
33.92	93
35.56	84
35.87	49
33.55	24
32.87	102
34.43	53
35.1	58
33.78	55
40.62	19
34.15	30
34.13	44
33.69	51
36.93	51
35.29	54
34.15	104
33.88	58
33.64	51
32.85	59
35.47	39
74.73	2
33.77	59
33.87	53
33.15	58
34.67	105
34.31	99
35.41	36
45.51	0
34.65	55
34.09	51
33.23	19
35.21	47
43	4
35.85	51
33.73	54
39.26	8
35.79	11
34.81	75
34.02	63
35.91	11
31.36	51
36.44	42
35.88	47
34.49	59
39.78	1
33.2	97
32.85	32
35.21	48
33.69	43
49.88	15
35.7	48
33.76	58
32.45	55
33.01	48
35.11	48
35.11	48
33.34	51
33.96	58
48.84	16
35.85	36
33.83	60
35.48	24
33.49	11
34.33	49
39.83	21
33.74	52
34.23	56
40.57	12
47.63	11
34.64	36
33.34	54
33.59	91
41.13	11
32.64	55
39.5	23
36.86	29
34.75	34
32.62	90
33.89	54
41.26	6
32.73	108
35.29	49
31.62	51
33.62	48
32.68	45
44.73	11
34.07	39
34.6	14
47.37	2
31.61	18
36.45	41
35.17	49
35.17	49
33.7	99
33.71	21
33.02	48
33.87	57
49.37	23
33.55	92
33.68	60
34.19	59
33.84	91
33.51	38
35.2	48
34.15	89
35.08	58
35.4	89
44.99	6
34.96	77
34.82	32
37.83	11
37.25	8
34.62	47
34.91	48
33.97	100
35.94	46
35.85	36
33.46	51
48.51	15
40.92	4
33.33	81
34.49	47
35.91	40
45.83	15
33.08	60
34.91	38
33.6	44
34.03	66
34.08	64
32.28	11
34.56	79
44.65	12
42.27	8
32.79	57
32.47	11
32.88	22
33.08	51
45.51	8
44	28
34.93	44
34.18	58
33.54	60
35.92	28
32.23	49
33.44	91
34.74	40
34.08	43
35.14	41
34.82	82
31.8	60
34.74	44
51.95	8
34.2	49
33.46	80
43.66	11
36.31	20
33.65	46
35.22	27
33.04	57
35.05	40
32.98	56
46.61	9
39.36	6
35.11	58
46.27	12
35.42	26
35.46	26
33.98	80
33.63	58
42.46	14
34.34	60
35.02	57
34.82	89
35.46	40
51.12	12
33.65	47
34.54	41
33.91	31
35.14	97
33.04	52
38.55	2
36.12	44
34.46	58
34.04	59
40.62	5
52.93	9
32.06	44
42.05	37
33.93	51
41.42	7
33.64	38
35.8	32
34.4	30
43.26	9
32.65	44
31.5	80
33.84	58
34.53	28
32.89	59
40.97	6
37.96	30
31.87	3
37.35	50
52.63	12
34.94	67
36.65	1
34.58	49
49.5	17
42.86	21
43.82	17
32.4	59
34.12	53
35.38	41
41	5
32.68	59
32.51	106
40.15	8
32.16	42
34.43	10
33.27	101
34.05	52
32.45	44
34.42	60
32.4	58
44.11	9
34.29	42
36.78	16
34.42	56
31.4	16
32.64	47
36.58	11
35.05	46
34.68	55
34.77	53
44.25	19
34.14	96
34.14	47
32.6	53
34.92	55
37.04	38
32.98	53
39.1	11
34.18	53
33.9	51
42.61	7
34.28	41
35.9	45
34.34	46
34	51
32.7	92
34.95	81
34.46	71
33.74	61
33.66	98
32.99	84
43.47	8
33.95	63
33.71	60
33.19	23
32.93	90
33.37	52
32.5	68
71.36	1
40.98	7
32.51	49
34.14	44
32.64	86
46.85	24
34.73	73
37.72	28
33.05	40
33.74	59
34.82	37
31.71	60
33.96	76
33.59	44
36.79	38
31.85	30
37.86	8
32.29	23
34.84	73
35.62	19
48.19	37
35.25	52
32.71	60
36.03	93
35.91	67
32.62	60
34.03	48
33.97	23
33	53
46.68	19
34.89	49
35.54	40
36.05	49
38.18	2
33.68	38
34.87	16
34.29	38
46.15	14
34.65	85
39.48	8
44.12	23
34	80
37.38	58
37.84	2
33.62	22
33.2	58
33.4	70
31.95	42
32.8	59
34.7	57
36.45	29
32.18	8
34.07	80
79.37	4
34.13	52
35.01	73
34.32	50
34.84	14
33.8	88
39.11	1
38.29	10
33.88	55
35.78	53
38.48	26
33.85	92
33.91	46
34.54	24
34.71	58
32.79	54
33.6	59
33.59	27
52.98	18
34.03	26
36.85	7
34.27	51
35.57	60
33.43	44
33.95	87
34.94	56
46.87	14
35.11	17
40.53	8
36.62	55
35.42	37
35.07	59
33.4	46
35.62	62
35.46	18
46.92	18
31.74	47
33.29	56
40.59	7
32.29	58
31.38	20
33.08	55
34	45
45.23	30
38.87	28
33.87	28
34.92	43
45.51	8
33.55	46
36.6	4
36.31	23
33.08	55
34.81	41
34.99	37
33.82	49
36.2	39
33.87	22
41.07	3
35.41	31
35.39	50
40.24	15
35.91	40
33.78	51
35.33	55
32.86	24
30.55	2
41.55	45
35.68	14
30.68	56
33.32	102
31.99	20
33.97	60
43.95	14
32.86	55
32.39	50
35.06	40
36.1	46
33.45	105
39.68	19
33.14	43
35.17	39
31.33	29
33.14	54
34.8	97
33.49	51
35.42	56
34.95	25
33.15	47
32.56	29
39.63	36
45.36	15
34.84	81
33.53	45
34.52	76
35.19	33
36.39	60
34.1	54
33.59	72
30.27	4
35.08	44
31.81	50
47.44	28
61.68	13
34.17	44
32.6	49
31.74	17
33.64	103
33.52	53
32.43	8
32.2	0
34.2	19
34	82
33.85	37
33.2	87
35.96	66
32.84	100
38.96	52
32.57	8
34.07	30
34.77	60
34.28	46
37.84	7
33.4	36
34.37	36
33.34	88
39.13	20
33.63	43
35.24	29
32.35	60
34.32	56
32.86	104
34.61	86
34.87	57
33.92	101
33.22	52
33.38	50
33.58	58
34	31
32.45	17
50.11	10
44.58	1
34.8	50
34.61	3
33.28	101
34.02	50
35.31	16
35.75	30
33.5	13
33.07	37
36.86	9
30.73	9
32.6	60
32.9	47
36.66	8
31.17	59
49.71	19
44.7	10
35.4	46
35.11	43
34.36	48
45.69	9
35.63	35
33.75	74
37.28	33
35.91	40
33.03	52
34.06	83
35.47	65
39.51	2
43.78	20
34.44	12
35.15	56
34.62	43
32.66	9
48.06	15
31.91	60
33.42	71
42.22	4
34.51	103
38.47	5
32.88	50
32.77	45
35.94	25
32.92	33
34.99	17
35.24	34
33.31	33
34.08	77
35.98	51
34.44	69
36.2	22
40.9	17
35.09	63
50.8	11
35.36	60
43.35	21
37.82	33
31.43	95
33.23	104
36.75	28
35.94	53
33.63	49
35.47	37
35.37	52
42.47	7
33.97	42
33.74	42
33.63	52
32.99	59
33.23	55
32.9	59
32.31	46
35.06	27
33.22	63
34.26	85
41.23	3
32.67	91
36.83	18
32.6	27
34.68	102
35.45	35
36.95	45
34.36	80
47.42	17
34.35	42
38.38	1
36.2	66
35.81	48
35.5	17
34.07	54
39.51	14
34.19	53
35.02	57
33.18	40
40.45	1
37.65	32
32.64	26
33.77	52
43.87	15
34.15	21
33.43	6
35.45	36
31.93	21
32.89	47
43.92	15
35.69	42
34.47	58
53.33	11
31.6	28
32.95	56
31.8	39
34.28	59
33.77	51
32.74	13
33.43	97
32.5	35
33.71	64
33.44	28
34.94	50
48.87	15
33.17	105
31.82	53
33.66	24
40.05	22
34.6	47
34.85	68
35.32	43
33.26	32
33.36	46
32.93	21
34.4	11
35.24	57
39.68	9
34.02	43
34.57	53
32.08	35
33.98	57
34.09	60
35.1	53
31.74	13
35.37	26
32.71	105
33.71	60
34.72	36
52.87	8
34.62	46
31.95	55
35.29	42
33.91	86
35.41	58
41.4	9
44.23	16
32.69	33
33.91	46
49.18	41
34.41	41
33.11	22
36.06	54
36.08	32
31.88	10
43.17	47
38.45	26
34.67	58
34	39
33.76	49
34.24	59
33.08	11
32.56	23
52.97	8
31.85	54
42.37	13
35.32	36
31.18	13
32.8	90
35.7	27
34.96	57
33.29	53
33.9	87
32.83	94
32.56	81
36.34	102
33.85	57
32.59	90
34.48	92
32.93	40
33.83	79
44.52	5
36.05	42
33	45
32.83	26
36.38	3
33.98	105
35.49	23
33.56	20
34.32	7
35.94	37
33.91	56
45.46	16
33.35	49
34.09	50
33.85	36
47.56	9
35.36	52
35.25	49
37.38	28
36.09	56
35.01	79
34.57	76
36.21	12
35.35	50
32.31	52
34.86	69
47.38	9
41.15	0
33.13	53
38.28	4
33.57	50
36.67	47
32.5	41
32.1	43
34.05	96
34.5	71
34.48	78
42.5	3
32.5	45
40.57	10
34.1	84
34.84	54
36.13	41
42.69	3
34.28	69
32.85	56
50.11	17
34.91	53
43.1	20
33.91	86
42.61	7
44.88	9
34.51	55
41.68	5
34.68	98
34.16	42
33.55	55
33.28	91
33.62	57
42.62	8
34.86	55
32.14	20
33.8	28
33.4	70
36.34	5
35.22	46
36.04	45
53.15	8
34.97	58
32.56	49
34.42	59
36.11	41
45.69	17
34.74	28
37.43	4
40.64	11
32.68	25
31.51	1
34.02	47
33.11	57
51.35	15
34.06	41
41.78	20
34.41	70
41.8	7
34.83	31
35.02	54
45.83	19
43.9	14
32.96	35
33.14	44
40.57	7
34.62	60
36.42	31
33.15	97
35.35	99
36.47	2
33.11	107
34.86	31
30.47	5
35.34	43
34.32	49
30.08	13
32.55	39
33.18	59
33.81	87
36.01	9
43.19	6
34.6	96
34.24	51
34.05	52
37.97	18
34.5	65
37.87	12
33.62	48
33.5	56
32.44	60
34.02	56
33.48	55
38.08	2
35.04	56
40.21	4
34.3	71
33.99	79
33.08	107
33.79	60
35.22	54
35.8	4
34.6	52
32.47	46
33.07	91
34.38	28
34.94	32
34.01	29
33.88	87
37.17	12
34.06	39
34.09	29
38.58	1
33.76	69
34.54	24
33.42	56
34.57	54
33.99	77
33.2	6
34.02	55
35.31	16
41.67	4
33.18	1
32.25	55
36.43	60
35.41	57
35.17	68
34.34	100
40.66	8
34.42	29
33.08	86
34.16	48
42.32	2
33.91	44
33.83	11
33.04	59
33.44	58
35.38	11
35.26	99
33.85	93
39.54	3
34.76	48
34.24	72
34.79	44
34.97	37
33.99	37
36.6	8
40.2	8
35.05	24
34.75	41
34.43	75
35.05	49
34.7	43
39.02	33
34.4	77
34.52	91
41.67	19
32.94	60
32.41	79
39.93	16
31.51	49
35.13	57
32.29	47
35.25	48
34.52	60
35.98	24
41.05	19
33.42	51
35.03	37
33.96	27
34.13	58
36.62	20
32.74	26
32.67	85
33.49	82
35.44	36
34.28	104
40.34	11
34.16	77
33.38	34
49.61	8
36.96	9
32.98	92
32.11	94
32.2	91
49.28	14
30.52	57
32.89	106
33.5	103
43.31	4
34.88	32
33.16	87
47.41	15
34.46	14
40.38	7
34.41	48
33.23	49
33.68	39
34.16	65
46.32	10
45.08	9
33.4	58
48.27	22
39.59	10
47.69	17
34.93	33
36.21	29
34.5	25
40.8	6
35.97	31
33.95	60
33.82	59
36.27	30
34.43	85
33.49	51
33.51	80
33.72	59
41.87	13
32.7	31
36.53	7
34.53	40
33.92	16
37.06	26
34.34	53
33.87	59
34.23	39
35.72	45
33.19	54
40.72	1
34.72	60
35.36	27
35.92	29
33	17
38.52	17
33.5	68
42.45	14
34.28	66
34.25	90
39.97	19
33.64	27
33.54	39
46.87	19
39.04	6
36.21	44
36.12	32
45.3	15
33.83	49
35.03	51
36.05	54
32.24	60
36.48	6
34.02	83
34.36	73
33.64	6
35.46	69
38.01	38
30.99	39
35.25	44
33.54	34
33.88	98
34.09	60
33.99	73
32.18	90
39.34	5
36.62	13
33.46	39
36.22	48
34.93	26
34.37	35
34.39	54
43.63	7
32.54	50
35.83	64
39.75	5
37.65	4
39.33	22
34.63	47
33.52	54
32.65	52
35.11	45
34.57	69
44.14	12
36.27	13
32.96	55
34.85	30
32.09	37
34.9	52
35.18	48
33.95	62
34.6	55
43.47	6
33.57	97
33.19	59
32.9	57
34.68	54
36.97	24
34.12	106
35.23	58
34.87	34
34.33	91
36.34	56
33.22	59
33.91	54
34.44	48
37.53	12
35.67	25
40.78	15
42.61	9
33.75	54
32.66	44
34.74	84
40.9	7
34.86	106
34.2	101
41.64	15
35	57
35.8	57
41.54	9
34.91	68
38.29	20
35.89	56
32.78	60
35.39	16
41.3	3
34.78	48
37.26	6
37	15
33.78	52
32.11	108
41.45	12
51.14	27
41.3	4
32.1	14
36.06	41
34.57	45
36.85	0
33.83	57
35.14	77
34.47	59
33.33	106
34.28	54
34.08	17
35.54	107
34.69	16
33.58	29
33.22	33
35.85	40
38.1	3
34.85	57
32.15	28
42.06	0
32.69	51
42.71	6
34.54	68
36.31	47
44.96	7
33.58	47
32.89	56
42.14	8
34.4	85
34.48	27
35.65	28
37	30
34.21	53
33.73	86
32.85	13
37.94	24
45.9	9
48.98	17
34.43	35
35.71	44
35.47	52
35.6	62
35.24	83
35.94	27
34.62	43
34.57	23
48.92	8
36.74	45
32.36	29
35.78	12
33.85	49
33.6	36
32.85	55
45.77	5
32.75	35
33.52	87
37.87	45
34.28	55
34.28	60
34.6	57
32.89	54
32.31	39
34.91	60
33.07	95
35.37	15
32.35	29
37.87	36
33.04	108
51.94	13
40.65	3
34.87	54
46.3	15
34.63	15
34.67	56
34.91	32
33.91	56
34.57	40
35.02	52
46.16	10
35.2	50
41.94	4
33.02	50
33.71	58
35.9	12
41.24	10
42.3	3
36.27	16
34.52	63
36.98	77
32.11	27
51.26	10
44.49	5
40.6	27
33.84	0
38.62	23
34.82	25
40.11	3
34.9	18
36.43	69
43.14	2
35.4	60
33.14	58
35.95	48
34.83	58
48.23	17
36.58	43
40.82	5
33.03	18
31.38	9
35.51	44
33.7	11
33.91	94
33.02	17
33.7	44
33.7	44
31.53	43
33.87	68
33.58	43
48.28	17
34.38	56
43.59	6
34.97	77
46.97	13
46.81	15
33.54	108
33.02	15
34.16	61
33.63	95
33.6	67
35.05	50
38.5	7
43.39	35
35.46	55
51.95	17
33.6	39
34.19	75
40.22	4
36.4	35
34.27	25
35.76	16
34.55	14
35.11	20
46.85	12
35.11	20
35.73	56
30.28	26
45.42	24
33.78	23
33.3	89
36.38	33
35.95	36
33.79	85
36.48	35
34.99	10
40.09	1
33.16	91
33.92	5
38.22	9
34.54	24
33.14	42
40.06	21
45.04	19
35.78	66
34.5	33
35.9	52
33.7	33
45.29	4
32.54	59
37.84	4
37.56	44
33.21	39
36.35	69
43.34	11
40.77	3
34.76	56
46.18	4
45.49	8
32.65	52
47.25	17
38.58	28
34.09	86
33.97	48
33.7	95
33.27	45
49.69	4
33.71	30
34.3	107
32.28	56
34.52	77
46.09	25
33.23	93
38.45	44
32.88	74
35.34	37
34.14	30
33.04	52
51.8	22
33.12	104
35.9	52
31.94	51
35.82	60
35.18	54
31.31	57
33.64	61
32.57	77
44.78	17
34.12	68
41.93	6
41.11	58
33.29	73
39.05	4
35.79	51
34.21	25
76.02	7
35.09	50
34.57	57
35.17	6
35.17	6
34.33	48
33.85	23
34.08	58
46.07	16
33.84	59
41.55	2
33.04	101
34.96	40
34.26	107
35.3	105
44.19	12
36.82	25
33.71	78
33.61	96
34.36	56
35.39	11
49.17	30
37.25	44
33.48	72
35.2	21
35.69	21
38.62	2
44.03	31
35.71	58
33.36	52
33.93	25
31.96	59
36.28	52
35.51	40
45.33	10
32.58	72
41.63	11
40.6	5
35.28	53
35.29	29
31.7	60
34.86	50
35.52	45
38.45	5
33.82	58
33.51	46
48.34	19
32.55	54
33.1	28
32.88	100
34.66	60
41.9	6
33.92	72
35.22	44
35.15	33
42.45	2
32.99	103
31.68	44
33.3	41
31.02	59
33	50
33.67	32
44.27	12
32.61	10
33.03	64
35.94	48
33.28	55
35.21	56
34.92	30
34.62	81
33.89	72
34.94	52
36.21	35
41.28	4
33.5	39
49.02	7
34.89	39
35.46	43
43.26	2
31.38	52
34.31	45
34.14	71
36.1	44
32.76	57
34.3	84
34.47	34
41.08	9
34.21	55
33.92	94
32.26	25
33.49	51
33.91	76
40.15	53
32.8	15
34.58	69
46.09	6
31.62	50
42.68	41
35.67	87
34.31	68
33.36	25
33.33	98
34.51	57
35.17	40
35.9	31
34.09	102
32.31	59
34.53	80
34.91	55
43.96	3
30.83	100
33.42	74
36.44	22
34.86	34
31.8	59
37.35	3
33.58	30
42.94	29
33.17	51
35.25	57
34.1	32
36.48	52
33.87	12
32.89	50
32.77	97
35.52	67
35.05	53
32.58	102
34.11	17
36.08	50
52.02	13
34.92	14
33.61	82
41.4	9
32.72	35
35.49	32
34	35
34.06	58
33.08	40
31.37	12
39.63	4
34.72	34
34.91	22
53.15	12
34.12	69
34.46	50
34.78	106
33.04	44
33.74	53
35	85
33.64	100
52.31	2
32.71	50
33.42	18
32.4	54
34.25	22
34.1	48
34.12	69
37.21	1
35.37	59
32.96	23
33.35	10
32.25	19
50.72	19
34.11	59
36.27	50
46.94	16
36.25	37
33.51	48
41.04	12
34.87	56
33.77	36
34.82	29
44.61	10
41.26	14
34.79	57
34.82	56
33.98	46
32.98	55
34.07	31
31.52	46
32.73	70
40.13	15
36.48	35
35.31	56
32.7	95
33.99	82
34.22	60
34.12	80
35.77	21
34.56	87
40.57	2
34.91	74
36.21	39
32.51	97
34.62	51
33.61	77
32.99	49
35.92	33
33.38	19
35.04	32
41.5	40
35.69	16
33.57	41
35.09	43
39.48	15
38.45	15
34.66	77
34.91	40
39.61	10
33.62	44
33.28	50
35.17	22
35.09	47
35.53	8
46.47	10
36.51	42
34.87	39
32.34	41
35.15	43
39.16	11
33.57	53
34.86	54
37.82	2
35.05	57
33.32	64
33.11	37
31.01	41
33.43	54
34.75	22
33.57	59
33.11	99
35.69	65
32.93	96
37.02	3
34.92	46
32.62	29
33.4	65
34.07	27
32.81	59
31.45	12
38.97	7
31.45	12
32.81	59
34.88	3
34.48	30
40.92	0
34.47	58
35.02	32
36.94	22
34.77	26
33.82	52
33.3	40
33.33	88
33	24
36.26	28
33.57	59
32.3	43
34.48	21
34.44	21
34.48	45
34.16	46
45.62	2
32.36	58
37.34	38
33.4	19
32.91	44
34.71	51
39.42	8
35.85	55
33.49	105
33.41	42
40.7	4
33.2	8
42.84	11
32.78	41
31.71	59
32.95	50
33.72	41
36.63	56
34.63	35
32.19	108
35.23	51
32.95	49
35	44
33.7	69
30.72	20
35.15	49
31.27	17
33.33	42
33.82	36
34.97	50
34.48	49
35.6	40
34.67	68
32.42	37
32.25	5
41.84	4
37.68	1
33.46	28
32.59	92
34.57	59
49.48	15
33.71	84
32.71	31
35.51	33
33.13	99
33.23	27
34.25	42
34.87	103
38.81	40
34.13	65
33.77	50
33.78	59
35.38	19
33	52
35.2	49
34.38	41
33.56	96
33.29	48
33.87	47
34.37	58
33.93	36
32.75	14
33.41	99
36.66	11
35.02	42
33.31	100
39.37	11
33.18	102
33.59	16
34.49	16
37.62	25
34.85	54
32.25	22
42.88	5
36.25	34
35.95	40
34.7	32
35.2	53
32.74	9
33.58	101
44.88	22
31.71	56
34.56	101
34.11	56
33.57	51
33.59	33
32.72	26
33.23	56
32.24	31
34.31	42
36.41	18
34.57	57
34.41	34
46.36	4
46.34	29
46.84	7
41.67	5
34.95	47
35.4	50
33.54	60
33.61	52
34.44	26
34.56	57
33.43	60
32.84	35
34.68	55
41.37	6
36.15	60
34.59	48
34.61	17
32.43	59
35.8	59
31.4	51
33.37	41
33.39	49
34.94	36
32.65	55
33.8	89
34.87	103
42.44	1
34.63	53
32.45	59
33.68	58
32.31	31
34.7	36
36.45	44
33.56	61
35.46	26
35.41	61
33.58	54
35.27	28
31.46	42
100	0
36.25	51
39.49	15
33.62	49
35.56	46
31.38	60
34.13	33
33.08	56
34.85	59
36.06	32
42.62	5
33.68	43
33.4	55
39.66	17
34.5	45
34.07	57
35.06	50
49	3
49.56	4
36.44	24
33.99	86
33.59	66
36.02	21
34.03	103
34.21	54
32.05	53
35.71	55
34.05	25
41.54	8
34.2	106
32.85	52
34.83	98
34	81
36.37	53
33.08	56
32.48	38
33.02	106
33.82	42
33.59	8
40.33	2
33.58	59
34.58	18
33.57	57
36.45	49
33.65	52
34.28	58
32.54	52
33.4	24
35.03	56
38.56	4
33.31	74
33.08	97
52.1	11
33.6	60
34.6	58
33.66	81
38.82	3
36.62	9
34.27	32
34.79	40
45.56	0
33.05	24
36.85	52
33.41	48
33.55	58
34.2	92
42.34	54
33.25	44
34.66	71
35.72	36
32.71	50
33.25	27
35.26	43
36.9	32
36.9	32
35.26	43
35.75	49
34.88	53
38.55	13
33.66	94
44.73	5
47.3	8
36.11	41
36.11	41
41.34	6
50.22	9
36.21	41
39.67	2
36.21	41
36.21	41
34.32	54
36.21	41
33.91	35
35.32	76
34.06	43
34.47	57
34.68	30
42.8	38
35.43	92
38.05	7
33.86	60
33.71	42
32.94	54
34.26	74
48.1	7
41.8	3
34.31	91
33.42	101
34.65	47
33.02	58
35.67	74
34.66	36
35.94	56
34.53	95
35.4	40
33.1	82
42.11	36
39.56	57
33.87	98
33.72	51
35.69	42
33.82	85
34.22	55
33.23	104
32.33	35
33.8	106
32.89	38
32.85	22
32.79	78
33.63	59
41.03	11
33.66	108
32.74	59
32.35	44
35.82	56
34.38	55
36.08	59
38.83	9
42.46	26
39.39	3
34.34	34
34.71	81
31.69	12
34.88	46
52.22	13
34.05	51
40.51	6
37.08	45
32.76	84
33.76	31
50.43	9
32.56	44
32.94	60
33.91	57
34.31	49
45.51	0
33.11	55
39.81	22
37.4	9
34.71	25
37.82	7
50.23	11
34.23	45
35.61	47
34.46	42
32.69	46
34.57	20
43.51	54
35.76	26
34.44	92
34.09	26
34.91	100
51.12	11
33.48	90
34.26	56
34.76	48
44.57	5
33.49	60
35.02	35
38.9	7
34.56	90
31.81	41
50.23	11
33.34	60
34.31	49
45.51	0
33.71	55
34.28	28
37.4	9
37.82	7
35.13	42
35.2	90
32.61	51
42.19	6
33.77	35
31.51	38
49.29	14
38.85	27
34.51	41
33.76	80
33.99	85
34.88	38
35.88	55
35.08	58
34.46	42
33.43	44
41.8	12
42.6	4
35.77	43
32.77	45
31.55	60
39.97	12
34.1	41
33.5	32
35.26	27
33.44	56
35.85	6
39.05	0
33.83	21
33.43	38
34.44	73
32.4	12
34.91	25
34.32	73
33.7	56
34.55	39
35.51	55
33.02	15
35.22	56
33.59	31
35.07	50
39.01	2
33.11	59
34.66	23
33.65	62
31.32	88
32.5	44
34.17	39
31.42	27
35.71	46
35.59	33
33.47	47
33.93	45
34.18	24
32.12	51
31.5	97
34.48	60
34.52	36
38.22	43
30.97	60
42.15	25
34.28	54
34.77	59
33.66	43
37.1	37
34.48	42
35.32	35
34.07	46
34.57	57
34.77	52
51.54	0
33.5	107
32.37	94
32.89	88
34.02	14
35.58	30
35.6	23
34.21	2
34.87	15
33.82	54
35.73	31
34.62	48
32.21	47
47.06	9
33.41	58
33.3	83
36.42	57
47.91	11
34.43	68
34.81	41
34.46	57
35.57	43
34.23	44
35.24	92
33.69	105
35.96	24
42.54	2
33.28	60
34.36	54
35.48	59
33.25	28
32.75	51
34.11	50
33.11	27
32.39	106
41.89	2
32.8	20
38.95	7
32.3	55
35.88	54
33.03	53
34.47	57
39.87	3
35.36	30
33.83	105
35.31	59
34.89	56
37.91	8
34.08	33
34.06	60
53.34	8
33.62	45
35.13	48
36.88	47
36.87	43
62.67	30
32.44	60
32.74	32
34.48	46
33.25	52
34.06	39
35.62	45
41.07	10
37.17	16
34.37	56
33.42	24
33.52	76
36.58	48
34.81	57
34.65	53
40.18	29
34.04	60
33.34	23
32.31	24
33	59
32.9	51
35.28	50
33.85	50
33.42	6
33.89	78
33.83	57
38.62	3
34.16	86
33.96	91
35.29	102
38.96	1
31.08	23
35.69	33
34.46	40
33.06	52
34.06	77
47.08	11
35.77	31
36.94	38
33.31	58
40.45	5
31.2	46
31.27	12
34.75	46
36.06	43
33.6	55
34.58	49
33.22	37
35.36	39
35.91	69
36.53	65
33.17	59
41.19	11
41.16	33
37.1	64
34.85	28
34.42	50
35.37	51
31.94	45
33.66	100
35.97	2
47.57	16
34.82	60
34.17	77
44.44	3
33.93	40
33.43	58
33.73	98
34.42	53
35.54	38
33.68	54
34.65	56
38.16	25
33.28	14
38.95	8
35.52	43
34.51	51
34.74	41
39.5	5
46.34	14
33.47	104
34.02	44
34.89	30
36.23	26
34.25	39
32.34	28
46.14	10
33.47	56
31.6	73
33.06	55
37.52	11
39.77	1
34	21
36.39	34
37.48	19
36.53	18
34.22	60
46.18	10
33.95	24
40.28	10
32.48	57
34.51	19
42.32	18
35.3	42
34.4	104
33.93	90
36.11	54
34.62	81
39.5	47
37.3	33
34.82	35
34.8	50
34.54	48
39.43	3
33.04	55
34	106
33.69	86
33.24	66
34.17	64
35.59	74
36.2	43
34.84	30
33.1	41
34.93	64
43.1	6
34.2	82
33.83	45
33.64	7
33.84	78
34.28	106
33.93	41
33.26	107
33.4	54
34.66	44
36.6	4
46.15	17
34.54	74
32.85	91
31.71	13
34.37	24
39.28	72
34.28	31
38	4
43.12	12
31.85	47
32.43	60
36.31	59
32.67	12
36.39	55
34.48	46
36.41	42
35.21	55
34.78	95
36.79	39
33.59	75
34.94	26
33.17	102
34.18	20
34.19	23
39.21	7
34.97	38
34.92	57
30.26	55
34.97	16
37.98	43
31.85	54
33.91	38
33.1	94
33.48	54
35.78	94
33.72	105
33.13	91
37.95	86
34.92	56
35.88	36
36.09	55
42.46	3
34.05	59
33.65	6
33.51	98
34.34	50
39.61	5
32.8	18
35.6	49
35.28	8
32.61	58
36.47	24
33.31	53
36.11	47
31.88	55
40.14	2
35.29	41
34.08	45
33.42	59
41.3	14
48.6	16
37.54	32
51.22	12
33.87	90
34.64	67
33.01	94
33.04	50
36.99	1
36.39	42
31.84	27
37.27	44
42.69	5
33.53	43
34.38	67
33.7	89
50.72	12
36.08	21
42.51	5
34.05	17
34.32	60
34.3	100
35.98	1
33.57	45
33.98	53
33.19	57
35.34	54
34.06	49
32.17	58
34.53	57
40.69	49
35.31	39
32.78	44
33.15	103
34.72	55
31.65	40
54.23	8
43.18	4
33.21	93
41.45	1
33.12	98
33.61	48
33.61	60
40.4	5
35.4	58
34.42	82
51.66	10
40.59	5
40.21	2
33.88	32
32.57	14
35.01	59
32.81	57
32.02	8
46.14	19
35.56	56
36.45	28
34.34	52
33.08	60
34.9	49
38.9	2
34.06	23
35.25	55
34.13	49
33.22	42
45.26	9
33.78	44
46.85	12
32.37	59
33.78	76
33.29	55
33.35	42
35.67	32
35.31	48
33.62	35
43.51	4
30.76	6
33.82	19
34.86	79
32.77	24
33.84	18
33.18	30
34.17	95
32.67	108
34.42	56
45.45	13
40.67	11
34.6	74
34.07	44
34.62	51
35.1	54
43.49	17
34.98	69
33.3	7
34.16	51
41.55	5
31.95	60
34.64	75
34.59	88
35.26	32
34.21	84
33.42	45
35.33	50
36.46	2
36.6	29
34.37	51
35.71	50
32.62	60
33.67	19
34.88	41
31.57	58
35.79	18
34.05	31
32.64	30
35.02	89
35.68	12
35.94	90
34.36	27
32.88	49
33.78	74
43.82	8
32.22	60
33.81	96
46.2	20
32.18	34
34.19	37
34.82	71
33.57	53
34.86	51
35.46	56
36.98	81
36.47	82
36.28	29
33.95	34
37.17	30
32.48	54
31.48	42
34.57	34
64.83	4
33.41	56
32.39	78
33.51	47
32.89	18
33.28	60
31.97	24
36.36	72
40.77	6
38.56	6
34.81	38
34.73	41
32.49	59
49.48	15
32.93	34
51.65	11
33.55	60
34.31	49
45.86	5
34.27	32
36.7	24
33.57	50
36.85	9
38.82	3
32.69	53
32.2	50
34.11	74
35.45	13
35.65	25
34.32	57
33.02	38
34.2	55
35.73	58
33.4	51
33.72	57
43.1	15
34.74	54
33.81	38
36.41	1
35.85	72
34.4	37
42.07	3
32.71	53
31.05	41
34.72	70
32.13	82
34.27	96
34.26	20
31.8	58
33.74	14
33.62	22
34.71	41
33.29	40
35.31	32
33.28	58
30.4	56
34.17	101
35.93	84
39.93	1
36.01	37
33.12	13
33.08	58
32.27	42
34.77	55
35.14	36
31.73	58
35.8	24
34.48	38
36.22	49
33.14	47
33.65	53
34.14	47
34.17	99
32.85	31
36.6	54
34	13
34.05	20
33.26	86
33.69	69
36.6	56
33.48	52
36.68	27
35.19	29
33.53	22
34.14	54
44.23	12
37.54	4
32.5	60
34.33	10
33.24	58
35.89	89
32.15	29
35.96	35
38.99	16
40.93	13
35.12	37
33.28	37
34.82	47
33.73	57
34.45	41
35.65	11
32.34	13
32.97	100
33.45	54
33.91	50
33.21	50
34.94	41
44.87	7
34.2	28
37.28	32
50.6	8
34.5	38
43.43	3
45.66	8
33.73	21
34.22	58
38.42	10
34.32	69
43.7	3
39.52	16
34.65	38
34.29	55
33.07	32
40.31	9
36.22	44
45.11	20
33.42	107
36.58	49
34.33	96
42.85	6
36.43	65
34.71	14
48.02	10
32.87	33
38.95	8
33.84	68
34.12	17
35.22	45
33.82	26
32.17	22
35.78	1
36.35	48
33.35	103
34.35	40
32.08	60
32.17	16
35.01	22
33.73	98
39.83	13
34.29	63
31.99	58
34.47	38
33.06	101
32.66	16
32.27	55
33.94	47
33.92	104
32.86	92
34.63	79
33.63	43
34.33	52
33.51	100
32.93	41
41.08	1
33.17	40
35.72	17
44.17	7
35.35	89
33.87	103
33.87	103
34.94	42
30.98	1
34.15	15
47.34	20
35.94	28
33.27	41
32.48	47
35.24	15
34.13	39
34.02	33
34.05	53
46.69	11
42.8	22
32.76	99
34.31	46
35.7	45
34.91	27
36.41	47
33	10
33.32	53
41.45	1
35.67	1
35.8	38
34.94	28
34.78	58
33.19	56
35.92	3
36.95	55
34.63	73
37	37
42.86	0
34.26	25
33.51	60
35.35	48
33.68	51
31.94	59
35.12	12
33.94	31
32.91	104
33.7	69
32.74	45
34.94	50
34.31	23
33.11	36
34.23	50
41.11	10
36.6	21
33.14	50
36.46	50
32.38	42
36.75	30
34.23	66
35.14	51
34.86	50
32.13	59
35.39	56
33.31	13
31.82	60
39.38	9
43.46	7
36.14	21
34.19	42
38.4	12
34.12	98
34.08	58
42.43	5
48.26	17
32.51	24
39.95	4
32.37	13
36.77	55
35.09	28
33.2	54
32.02	55
34.76	85
36.08	49
31.68	0
48.68	12
34.68	101
34.6	40
37.1	2
33.33	43
36.79	42
43.74	3
32.68	56
33.39	60
43.82	10
35.02	31
34.85	35
34.1	89
39.21	4
32.37	56
34.64	74
39.6	15
43.28	12
34.48	69
34.63	37
34.14	100
35.56	13
33.45	39
33.22	32
33.17	87
38.02	14
50.95	5
33.42	44
32.8	28
32.43	73
34.11	100
33.48	57
33.66	51
34.97	56
34.13	41
34.02	12
35.41	33
34.32	50
34.77	39
40.64	6
32.85	13
33.65	18
48.62	13
34.08	54
36.12	48
32.85	13
32.85	13
42.3	7
33.79	64
34.5	42
35.58	52
42.85	7
32.22	15
34.17	27
40.58	1
34.13	59
33.27	41
34.62	17
34.74	49
44.62	5
33.47	93
33.1	60
34.46	49
36.05	50
31.76	55
35.7	56
33.47	59
45.17	10
40.29	6
33.68	16
35.15	48
44.74	19
39.71	4
34.57	45
32.54	47
32.66	46
34.25	39
36.68	29
34.15	55
37.19	47
32.35	107
31.45	57
34.02	56
41.65	7
31.56	53
34.24	41
50.94	9
32.45	53
37.68	66
34.27	15
36.1	15
41.89	4
33.04	56
33	93
33.6	40
34.7	49
35.82	38
36.99	54
43.52	22
35.33	10
30.82	4
34.69	48
33.66	41
32.88	52
40.69	26
33.23	56
51.45	18
34.3	92
32.54	22
33.19	78
34.82	47
35.28	57
32.89	40
32.45	26
34.62	43
34.42	39
41.58	30
31.68	33
36.92	52
33.91	55
34.23	55
36.47	60
40.71	3
34.07	58
34.12	88
34.16	90
32.82	48
34.51	43
33.3	59
33.25	25
35.26	51
46.35	18
33.94	50
34.19	34
34.36	53
33.33	7
45.39	10
35.99	48
33.95	47
34.41	61
43.34	58
34.58	62
32.4	53
37.86	24
35.25	44
44.38	3
34.77	30
36.41	48
38.31	28
36.74	34
34.01	71
35.77	27
51.14	3
32.69	59
35.22	37
35.14	46
33.38	54
34.57	48
34.08	48
32.49	56
48.4	16
41.54	9
36.38	59
44.06	12
33.24	56
33.42	106
33.03	53
35.02	58
38.88	4
34.14	99
34.91	88
43.99	9
33.78	53
33.98	42
46.96	16
34.21	36
34.2	49
35.42	41
33.04	55
38.54	25
32.99	20
34.07	98
32.86	41
34.57	7
35.44	35
33.97	30
34.94	52
32.65	50
31.51	58
35.8	59
33.38	50
36.78	52
40.66	2
32.03	56
36.7	16
33.86	30
35.31	48
34.23	48
40.19	12
34.52	74
37.12	11
33.18	104
33.28	52
44.56	6
33.91	54
32.12	48
33.16	51
43.47	4
44.56	12
33.02	44
43.55	31
34.36	20
34.22	72
34.58	29
34.73	28
46.99	16
34.42	93
33.66	74
34.14	52
35.15	57
33.52	90
35.61	45
33.9	85
35.17	31
32.09	44
34.63	40
43.2	11
33.58	39
34.97	56
34.85	46
33.88	60
35.52	57
34.57	46
32.74	33
41.86	8
33.47	83
48.04	15
38.07	2
33.37	44
44.43	15
33.38	54
33.65	77
34.1	43
34.24	52
31.21	16
34.46	57
35.24	79
41.13	8
32.22	53
35.83	10
37.67	2
32.57	72
34.02	59
35.53	43
34.03	86
34.02	56
48.1	17
33.08	77
32.88	57
50.38	18
43.93	10
34.82	39
34.77	48
45.75	9
33.6	48
34.47	102
33.42	40
34.42	47
32.88	42
33.92	58
39.03	6
35.18	32
34.62	44
46.37	22
34.85	24
34.54	50
32.15	31
33.78	58
33.41	50
34.75	39
50.41	18
35.4	20
34.75	50
34.32	37
34.67	81
31.43	30
33.68	40
34.21	57
33	60
43.81	13
33.22	48
34.29	52
35.58	65
32.36	22
32.08	93
33.88	58
33.2	94
36.11	29
48.95	14
40.96	17
34.33	47
33.28	53
34.53	58
34.28	50
34.07	108
38.03	18
33.13	36
34.94	64
35.26	79
50.85	14
33.7	41
32.2	17
34.07	59
33.81	52
45.54	7
41.29	16
33.69	102
33.8	58
35.74	59
36.95	24
34.58	41
34.85	36
33.69	14
36.71	20
73.82	16
36.45	29
38.11	22
42.57	11
34.77	47
36.87	8
33.2	99
32.48	15
34.86	77
33.77	51
35.56	56
34.99	86
33.22	54
46.42	14
40.78	4
46.64	15
34.42	56
33.69	56
35.43	30
33.68	44
33.42	93
32.71	47
34.28	41
41.8	4
33.75	56
41.4	8
30.97	57
43.31	3
35.85	56
34.02	39
33.12	100
34.24	67
34.87	68
32.9	16
35.08	37
33.3	51
32.98	56
40.49	11
33.65	106
34.93	51
35.12	52
44.27	7
34.93	45
33.63	38
34.46	20
33.64	79
50.48	14
41.26	17
35.37	48
34.22	59
33.52	52
45.72	7
35.52	55
32.73	46
33.94	104
33.85	42
33.48	84
39.09	5
35.01	56
34.8	46
44.19	12
31.6	38
35.8	32
41.48	11
48.83	19
35.98	56
34.68	40
36.88	49
41.98	20
35.03	35
34.07	45
34.68	82
33.64	46
32.91	46
35.86	87
34.02	57
31.18	50
32.8	65
41.78	7
34.81	46
32.25	0
33.82	76
33.16	51
33.79	67
32.33	81
32.84	68
33.41	68
33.62	59
30.45	1
33.68	89
34.33	70
32.3	21
31.05	54
42.86	5
33.82	57
32.95	49
45.4	32
32.25	34
32.24	34
33.2	47
34.5	19
35.02	42
32.6	0
34.48	25
44.7	14
49.27	12
33.74	16
31.94	9
32.79	60
34.28	41
33.67	57
34.42	85
35.6	59
34.23	48
34.17	78
31.72	59
34.41	65
44.5	9
33.08	48
34.86	47
40.45	2
47.5	15
31.88	45
34.34	59
34.12	108
33.67	49
32.02	1
43.07	7
33.92	59
32.15	59
32.91	94
43.93	11
36.25	32
35.11	68
34.79	45
34.4	20
35.19	40
33.31	54
33.48	34
34.42	51
47.93	9
45.6	25
36.32	38
34.1	30
36.84	60
47.67	14
35.71	98
35.07	36
39.53	10
32.34	59
34.62	48
46.68	10
47.97	14
32.94	60
34.54	30
42.25	23
32.88	57
33.3	38
34.52	14
41.48	18
41.06	5
45.74	14
34.02	47
35.2	54
48.85	16
34.62	49
32.84	87
33.71	57
42	3
33.93	25
41.34	8
33.1	86
37.68	53
47.33	17
34.85	17
35.46	41
32.68	4
35.71	49
33.34	41
33.15	41
33.74	34
35.71	6
47.04	14
34.17	44
33.91	19
44.84	5
35.13	17
32.54	40
44.06	14
34.15	38
34.88	50
33.9	90
42.51	8
33.64	81
34.22	55
49.38	19
34.23	32
32.65	41
33.06	96
41.54	8
33.34	46
32.98	57
34.75	52
33.78	31
33.88	1
43.21	13
34.82	54
36.9	11
33.83	21
35.13	8
32.52	59
34.33	59
36.05	16
36.97	37
34.28	69
42.94	4
34.72	59
35.33	66
41.11	10
39	11
33.71	23
37.59	10
33.91	39
36.43	27
33.54	51
34.66	55
32.75	58
49.26	11
34.22	58
31.82	46
39.8	1
34	46
32.64	66
30.91	15
34.91	52
34.09	65
34.8	57
41.97	5
33.79	86
44.73	2
33.57	14
49.26	25
34.91	21
44.37	4
33.83	17
34.77	52
36.67	17
34.11	55
38.02	45
34.67	75
33.28	60
36.36	56
35.11	31
33.71	101
34.77	43
33.68	47
34.15	57
32.28	16
47.27	3
35.6	6
33.59	42
34.97	51
32.93	104
34.16	47
34.78	84
33.71	93
33.87	1
34.65	36
34.34	37
34.62	82
34.6	37
33.9	64
36.82	36
33.71	53
33.39	53
30.56	55
42.51	7
31.96	58
34.26	19
33.48	48
32.3	58
32.94	59
33.96	82
35.56	55
32.83	45
38.18	3
34.57	47
43.3	15
34.98	59
34.07	60
35.12	63
43.45	13
34.42	53
32.59	52
36.01	37
33.03	93
34.67	59
32.88	56
32.8	32
36.62	12
31.95	48
34.53	80
33.65	20
32.69	56
35.54	44
34.78	92
45.93	18
33.51	43
35.66	55
39.7	6
33.79	56
33.97	22
32.21	46
38.2	28
30.82	29
33.54	29
32.74	85
33.54	29
33.11	32
31.43	67
30.84	31
32.87	92
35.73	34
33.31	72
34.38	52
33.74	98
35.37	26
34.15	82
32.57	21
49.15	9
33.67	91
35.37	42
33.66	29
34.04	31
35.32	45
33.57	57
33.66	29
34.46	18
46	5
33.62	26
36.73	22
35.03	8
32.05	61
32.74	60
31.53	63
33.2	64
33.6	57
33.68	19
31.74	51
33.86	91
34.54	38
34.94	53
32.58	64
33.48	44
31.86	20
33.93	47
32.64	118
32.06	127
33.7	28
33.08	60
36.16	56
32.3	67
33.92	48
32.76	95
33.03	63
34.28	89
32.16	66
32.56	59
38.08	39
33.34	47
33.33	88
32.83	64
33.14	56
34.21	62
33.74	62
34.6	47
31.95	65
31.48	60
32.58	34
33.12	36
34.52	94
32.62	118
31.12	59
33.6	115
33.44	75
33.11	33
33.42	48
33.06	60
35.02	62
32.37	61
32.66	64
36.19	45
31.9	58
31.88	67
33.68	32
33.48	44
34.51	56
34.77	92
31.94	57
31.98	65
32.99	62
31.22	67
31.88	29
34.37	43
32.96	52
33.17	33
33.63	66
34.4	83
35.44	62
30.19	66
34.05	51
32.4	61
33.28	54
33.74	51
30.89	55
33.52	96
33.61	43
31.75	66
33	65
33.1	40
31.61	64
32.63	24
33.64	89
32.85	31
33.12	61
34.25	86
33.26	129
32.72	65
33.62	67
31.71	67
31.37	11
32.35	57
31.14	63
32.47	12
30.91	42
32.72	31
32.66	34
32.36	64
33.35	61
35.6	34
33.3	36
33.49	9
33.37	86
33.53	54
35.93	56
34.54	28
33.05	49
33.35	56
33.59	73
32.25	62
32.92	132
34.07	82
32.43	61
33.86	97
33.5	50
31.51	60
32.94	61
32.25	62
33.64	27
32.75	67
32.99	67
34.23	119
34.94	33
34.82	32
34.1	55
34.27	58
34.85	64
35.71	83
33.8	63
33.04	58
32.5	95
32.34	62
32.25	63
32.9	58
32.81	21
32.96	15
34.03	127
33.94	34
32.39	7
32.62	66
30.34	64
31.74	0
35.44	63
34.79	49
34.8	42
33.62	35
35.49	33
33.48	27
34.67	39
34.31	42
32.05	55
34.23	135
32.96	64
33.94	65
32.94	67
33.48	43
34.64	53
35.96	55
33.05	40
36.21	62
31.5	67
32.94	120
33.54	30
32.93	57
34.23	52
33.01	32
31.69	33
33.63	67
33.97	115
32.32	64
34.28	110
32.69	41
33.64	49
33.85	120
32.29	120
33.48	108
34.66	34
36.15	62
34.42	88
33.88	66
32.83	125
35.39	91
33.78	61
33.48	60
32.44	67
31.6	44
32.95	120
35.91	47
30.19	67
31.12	13
30.34	63
32.28	63
32.85	32
32.79	123
34.06	115
30.68	95
31.97	66
34.37	78
33.74	79
33.85	37
32.8	80
32.37	30
32.25	53
36.95	42
33.4	61
34.93	79
32.62	60
33.82	51
32.54	62
32.58	103
34.57	40
34.24	47
34.21	54
32.94	92
33.62	110
34.72	46
32.27	62
32.83	124
32.09	66
33.19	47
33.19	47
32.98	56
30.7	56
33.12	84
31.95	55
34.48	26
34.06	58
31.94	64
30.09	65
34.68	47
30.46	72
33.5	17
31.29	67
31.29	67
30.46	72
32.97	31
33.85	96
34.32	37
32.98	31
32.97	33
33.82	65
32.82	121
32.74	62
32.14	54
32.7	134
32.65	63
32.34	61
32.47	88
33.73	126
33.47	130
33.26	83
35.42	52
33.03	122
34.15	36
34.08	51
39.14	23
33.12	65
33.37	119
34.09	49
35.34	94
32.51	65
32.95	60
33.28	58
31.84	59
32.59	41
34.99	66
33.09	84
37.39	35
34.22	44
32.85	60
33.09	62
32.36	63
