sim	len_diff
32.2	95
34.39	84
33.34	107
48.25	49
34.23	99
34.51	58
33.62	107
33.85	69
32.26	23
32.06	9
33.45	130
32.88	121
33.4	76
32.61	86
44.18	136
32.98	88
33.27	91
32.44	87
32.5	186
32.77	78
35.43	40
33.6	163
33.85	57
34.49	78
33.46	76
33.46	93
32.84	76
43.9	136
34.18	131
34.7	104
33.43	81
33.53	62
34.02	71
34.06	77
33.52	92
33.35	149
32.97	79
31.2	86
32.64	94
37.46	40
32.03	81
34.03	106
34.2	93
32.48	65
50.84	85
32.77	92
32.77	92
32.45	89
34.15	96
34.15	96
34.15	96
34.15	96
34.15	96
34.15	96
32.41	95
34.06	92
32.25	90
31.9	71
32.41	68
32.36	89
31.94	75
31.94	75
32.58	91
31.86	89
34.1	82
31.94	80
31.95	68
34.15	96
32.66	93
33.55	83
33.03	68
33.18	71
34.01	84
32.09	32
50.59	93
33.47	92
35.08	69
33.86	90
33.43	89
33.7	89
32.48	86
33.58	59
33.1	91
35.19	82
34.41	59
34.16	47
34.24	69
33.31	95
32.97	186
44.14	123
33.22	110
34.21	112
45.38	119
34.56	70
33.56	141
32.77	89
34.2	71
32.47	73
34.81	63
32.45	184
43.89	131
32.56	93
32.24	95
34.33	63
30.44	88
35.66	87
36.15	71
33	84
33.05	76
32.65	78
34.85	90
34.42	91
33.16	76
33.58	74
34.03	71
32.21	84
34.28	70
45.03	114
33.44	90
34.71	56
44.29	126
33.42	79
32.71	91
32.84	92
33.09	76
35.9	71
32.07	92
33.76	61
33.73	87
32.94	65
32.92	150
33.48	92
33.86	147
33.66	97
33.16	93
33.04	186
33.69	134
32.12	83
34.3	83
33.11	137
33.58	64
34.22	64
31.9	93
33.15	69
32.8	102
34.45	74
32.05	95
32.84	141
34.15	87
34.59	87
33.4	88
31.68	167
32.45	152
32.45	152
31.71	84
33.85	73
30.66	92
34.47	92
33.32	140
31.05	92
52.94	77
32.87	72
33.72	88
30.51	77
34.26	65
33.51	71
32.77	77
33.48	92
34.43	47
33.96	93
33.55	98
34.25	54
34.8	74
33.5	93
32.42	150
31.86	41
33.57	74
32.25	79
33.42	58
32.99	115
32.75	101
32.63	165
46.57	67
32.6	92
50	59
34.32	70
33.36	89
34.08	92
33.2	184
31.92	91
34.89	88
35.17	77
30.95	178
33.65	95
31.41	87
32.41	93
34.17	94
34.94	86
32.87	68
32.98	84
44.29	129
32.91	186
33.42	135
34.81	66
32.71	78
32.76	67
31.58	94
32.02	94
32.05	35
33.37	75
47.75	102
34.98	85
33.73	77
31.91	81
32.87	95
31.83	87
31.83	87
32.78	45
33.12	94
33.2	78
32.13	91
32.79	95
32.88	91
35.46	56
53.42	85
33.1	103
32.81	5
33.43	82
33.05	67
33.41	66
32.66	143
33.65	88
34.48	46
32.18	74
32.12	92
34.21	70
33.93	92
33.41	71
32.07	84
31.58	75
32.43	24
31.81	94
33.34	85
32.54	84
33.06	71
32.44	89
34.85	66
33.75	120
32.16	48
32.66	88
33.88	63
33.01	87
31.56	90
34.08	80
30.84	88
34.61	44
33.02	94
33.61	86
32.16	81
31.91	93
33.13	95
32.01	93
32.47	94
35.43	44
33.41	82
32.54	81
32.54	81
34.08	84
33.8	71
31.57	94
34.08	71
32.63	81
33.08	76
31.36	87
45.33	119
34.58	73
35.3	120
34.42	45
33.95	87
34.38	56
33.3	74
44.22	136
35.02	78
32.88	91
33.68	130
32.33	86
33.4	76
32.28	81
32.92	54
33.58	83
44.17	136
33.75	73
32.89	95
32.43	93
37.57	63
33.68	91
33.44	84
31.36	45
33.2	93
31.78	86
34.21	82
35.27	52
32.47	91
32.85	72
33.31	88
32.51	78
33.01	75
35.02	77
52.85	82
34.06	78
33.73	58
34.66	81
31.87	91
32.8	41
33.86	67
36.13	50
34.05	76
34.39	74
32.29	95
31.85	106
33.76	63
32.73	73
35.06	108
33.8	77
34.65	49
33.56	77
33.01	95
33.05	164
34.37	95
33.32	32
33.69	19
34.18	80
34.16	97
33.56	170
33.15	66
34.29	93
32.17	90
33.22	27
32.68	89
35.31	76
33.02	126
32.45	90
31.7	90
32.16	94
33.04	95
33.27	94
32.64	91
32.53	88
32.61	78
32.6	95
32.98	80
32	23
32.22	81
32.63	79
33.25	126
35.64	2
31.81	23
31.35	77
33.92	73
32.92	115
34.52	44
33.08	67
34.71	72
33.88	52
33.49	56
32.18	74
33.98	100
32.27	84
33.82	106
33.58	139
33.75	74
32.3	14
34.72	73
33.23	77
33.47	128
32.03	74
32.16	66
32.34	39
34.08	53
33.39	77
33.54	82
34.49	93
32.6	52
33.41	73
33.89	90
33.71	82
33.63	82
34.31	45
32.38	56
32.79	136
35.18	37
34.59	82
35.05	78
33.59	80
34.8	50
33.66	68
67.47	4
33.84	49
33.88	81
34.12	72
34.8	82
35.03	32
35.33	105
34.19	81
33.28	149
36.72	81
34.89	84
36.16	67
33.17	72
33.99	84
33.13	113
32.31	81
33.15	105
33.32	58
34.71	59
33.39	83
33.88	73
33.2	65
34.2	68
33.45	47
34.56	73
35.36	52
31.82	79
32.67	82
33.69	86
32.38	17
33.22	126
31.67	38
32.69	145
33.02	71
33.95	76
31.42	20
34.35	53
35.17	80
34.37	152
32.4	39
31.13	15
33.97	81
34.36	146
35.18	45
34.32	72
34.45	142
34.21	82
34.1	81
34.29	104
34.6	64
35.06	23
35.82	50
34.41	74
33.18	72
34.28	68
35.79	63
34.55	49
34.71	71
34.2	75
33.83	55
33.42	73
33.54	89
34.72	81
35.12	36
32.93	63
33.5	46
34.76	72
33.18	79
33.4	60
33.47	70
33.41	83
34.38	48
35.15	82
33.32	5
32.89	114
31.9	15
32.37	16
33.59	41
34.18	136
31.46	64
36.05	52
31.58	41
34.18	71
33.42	49
32.36	84
34.85	108
32.44	62
34.05	129
35.04	58
31.8	77
33.16	22
35.99	60
32.91	132
32.46	105
33.94	63
35.37	68
32.2	75
32.72	73
34.12	74
34.32	54
32.56	69
34.37	66
33.67	80
34.62	59
31.55	15
32.48	38
33.16	67
33.12	79
32.94	77
33.52	50
33.16	113
33.62	75
34.52	126
32.58	81
34.73	63
34.88	83
32.83	66
35.02	66
33.7	62
33.2	39
34.13	81
34.67	55
34.43	132
33.59	34
33.73	132
33.26	84
33.68	104
32.28	84
34.32	71
33.93	68
34.1	66
33.04	78
33.53	74
32.03	69
33.84	129
33.42	146
33.33	71
33.76	133
32.49	77
33.63	49
32.86	119
33.08	110
32.87	70
32.61	83
35.2	60
33.38	132
33.68	72
33.89	128
35.71	97
33.97	61
32.7	70
35.61	68
34.77	53
34.16	34
34.81	84
34.61	74
35.24	53
35.34	76
34.18	65
35.51	95
35.6	51
33.67	144
34.47	53
35.74	65
33.55	67
34.37	119
34.33	69
33.9	78
31.7	83
33.56	23
33.32	84
34.17	58
35.22	77
34.11	134
34.29	136
34.88	79
33.66	69
34.63	60
34.83	83
34.4	32
35.21	71
33.26	67
33.6	79
35.01	78
33.33	111
32.5	57
31.84	79
34.16	135
32.2	42
33.8	71
33.89	144
33.96	73
32.69	141
33.98	101
32.48	72
35.17	53
34.76	110
36	62
35.31	57
33.8	79
34.16	76
34.84	45
32.61	58
34.52	64
32.94	74
34.48	73
34.05	134
34.57	123
32.94	78
34.09	69
31.63	3
32.59	84
34.16	74
33.47	77
34.1	57
35.59	89
34.52	74
33.1	76
33.88	65
33.71	69
35.41	32
33.22	82
35.18	37
33.15	84
34.04	104
34.57	52
34.12	49
33.35	17
34.89	33
33.33	75
33.77	67
32.71	63
34.51	72
33.7	32
34.12	63
34.21	145
33.64	63
33.73	34
32.8	123
34.24	31
35.02	57
33.52	67
33.69	76
32.99	103
34.03	66
34.66	60
33.48	67
33.87	76
33.86	49
33.78	77
35.63	51
35.6	24
33.17	21
34.62	87
31.75	18
34.55	57
36.34	70
33.65	17
34.37	103
33.73	66
33.56	58
33.92	75
34.28	75
33.81	131
34.74	55
32.22	81
33.51	35
34.13	33
36.25	58
34.19	129
34.15	124
34.2	132
35.51	64
33	20
32.87	147
33.28	60
36.08	79
33.38	60
33.65	107
33.08	51
33.2	55
34.21	82
34.86	77
33.57	50
33.79	116
33.41	78
33.19	75
33.08	83
33.14	80
34.8	57
35.01	47
34.96	66
33.48	55
39.58	89
30.88	48
32.93	53
30.64	82
32.34	73
33.1	60
32.9	150
34.38	69
33.24	82
32.6	135
30.46	9
33.55	66
32.33	11
34.43	17
33.12	81
34.57	54
34.5	77
33.14	66
34.11	61
36.23	121
32.36	83
33.53	52
34.2	44
34.75	75
34.49	109
34.33	60
35.75	80
34.36	124
34.54	72
35.13	63
34.48	131
34.66	37
34.4	84
33.32	41
32.46	59
31.06	12
36.31	67
35.88	54
33.59	133
32.97	68
33.88	73
31.17	2
32.58	75
32.69	64
34.51	84
30.92	15
32.92	35
32.46	74
57.73	0
32.72	103
32.59	13
33.89	65
33.56	73
31.77	79
33.86	138
33.23	116
32.75	38
34.32	67
31.94	73
30.95	14
32.95	48
32.88	90
35.14	59
33.61	58
34.42	42
34.89	75
34.23	48
35.23	62
34.58	82
33.14	82
35.77	79
32.64	66
34.83	74
34.17	84
34.3	140
33.13	84
34.25	76
36.79	73
33.04	140
33.77	35
33.95	79
34.48	133
62.3	7
34.82	142
34.33	68
32.6	37
34.29	78
34.81	67
33.87	4
33.46	82
34.78	84
36.85	78
34.7	53
33.54	57
33.55	69
32.48	44
34.04	90
34.33	137
34.46	93
33.51	66
35.63	62
34.2	56
35.92	51
33.4	39
37.77	9
33.5	63
33.26	145
33.01	45
33.43	42
32.92	77
32.83	47
33.16	146
33.15	83
31.86	47
33.44	58
36.01	67
33.34	64
33.99	145
30.37	18
32.85	98
32.54	74
33.06	42
33.23	68
34.24	99
34.32	59
33.46	80
34.43	114
33.41	49
35.07	76
33.43	72
32.99	81
36.83	49
36.21	66
33.57	117
33.22	82
33.84	80
34.06	58
32.57	84
35.3	76
33.77	122
35.25	73
31.84	68
33.56	83
33.61	148
33.95	77
33.79	104
33.66	67
34.68	57
33.09	107
34.9	151
33.27	26
34.81	44
32.15	73
33.4	77
34.2	56
34.89	91
32.68	52
33.8	86
34.27	64
34.29	142
34.31	84
34.77	81
33.16	80
36.66	77
33.94	46
33.47	45
34.47	64
34.79	39
34.76	51
34.88	42
33.75	68
35.69	75
33.54	79
34.78	66
34.05	55
36.48	67
35.28	41
34.87	48
33.77	78
34.98	63
32.78	84
35.54	59
33.52	55
33.49	34
33.86	35
34.31	67
35.1	57
33.08	84
34.95	76
33.3	80
65.72	3
32.61	83
34.97	39
33.24	71
34.24	38
35.65	107
33.19	72
34.96	74
34.87	73
34.42	81
33.38	72
33.05	82
35.97	66
33.68	78
35.2	71
34.15	23
34.71	65
34.2	83
34.37	106
34.16	66
34.61	113
34.63	75
34.5	127
34.66	62
35.1	47
34.58	80
35.24	81
34.05	136
34.53	58
32.95	83
32.54	70
32.9	73
34.65	75
33.46	66
36.88	58
34.26	51
34.85	61
34.17	54
35.52	33
34.11	61
34.44	115
35.81	37
33.52	69
35.41	44
34.06	49
35.15	76
34.7	69
34.27	62
32.42	59
34.19	118
34.1	143
33.56	73
33.57	65
32.96	11
33.59	150
32.8	47
35.57	73
34.98	68
35.32	53
35.3	58
33.66	104
33.24	73
34.26	104
33.62	93
34.01	57
33.99	35
34.39	61
33.21	74
33.41	70
33.32	83
32.67	39
33.17	79
33.05	119
34	47
33.14	38
33.69	40
32.26	72
33.91	74
31.52	16
33.3	133
34.44	73
33.79	79
35	59
34.32	71
33.67	79
33.89	77
32.37	84
35.72	83
34.09	63
34.83	26
33.44	78
33.22	47
32.28	55
33.77	152
34.44	61
34.69	82
33.37	32
34.67	82
33.44	64
32.89	80
33.92	73
33.64	54
34.17	69
33.74	82
33.87	38
33.79	74
33.27	57
34.66	77
33.13	79
35.51	59
33.91	75
33.93	43
33.92	86
33.35	46
34.04	87
33.45	48
34.51	124
33.02	60
34.29	83
34.84	78
34.8	72
34.74	122
33.76	105
34.16	50
33.02	74
33.47	70
33.82	75
33.84	71
37.93	91
33.58	62
31.59	21
33.95	105
35.05	83
35	41
34.93	78
33.68	144
32.93	68
34.38	72
34.48	75
33.6	84
33.95	61
33.92	49
35.11	60
33.92	56
36.36	61
33.88	79
32.73	96
34.12	140
32.6	58
33.12	135
35.02	70
34.56	105
33.23	67
33.83	79
32.5	77
33.87	39
34.3	83
36.25	84
35.01	78
32.74	83
33.5	59
32.27	69
33.86	66
30.48	9
31.55	79
34.63	72
35.58	68
33.17	35
33.59	132
32.68	75
34.7	73
33.81	32
33.15	104
31.61	28
32.03	52
34.87	66
33.61	84
35.64	81
35.14	102
34.38	67
33.59	131
32.08	76
34.03	59
33.31	145
34.7	36
33.09	34
35.76	70
33.16	58
32.7	54
34.36	21
34.27	64
34	53
34.22	68
34.45	81
34.53	138
31.76	65
33.12	71
34.15	75
32.83	67
33.22	83
32.59	78
33.36	81
34.87	62
33.52	80
34.39	60
34.16	64
33.77	68
34.75	56
32.4	49
33.14	74
33.46	89
34.5	61
34.26	65
32.08	15
34.03	80
34.12	95
34.99	72
35.48	57
40.55	16
34.21	33
33.03	82
33.06	23
32.14	18
34	76
33.48	67
35.44	58
36.07	140
34.64	65
34.62	69
33.01	76
33.31	65
33.44	72
33.76	58
31.63	42
33.52	148
31.65	34
55.82	10
30.89	76
33	29
33.94	31
32.44	143
33.05	50
33.41	53
35.76	80
32.86	45
34.22	72
33.11	29
36.19	73
34.53	83
35.18	35
32.65	78
32.67	32
33.1	40
33.94	40
34.52	70
33.51	40
32.91	61
33.07	65
34.4	75
35.37	69
37	50
34.56	57
31.96	80
32.41	80
34.07	102
34.89	54
34.23	143
33.1	69
33.78	90
33.42	65
32.94	116
33.53	103
35.18	72
32.68	69
32.83	35
31.93	73
34.94	72
36.34	45
35.11	74
34.69	57
34.99	69
33.61	62
34.47	29
36.68	71
34.86	135
32.9	82
33.04	65
35.15	83
33.72	49
68.47	2
33.97	73
33.57	75
34.5	81
34.19	134
34.3	68
34.26	128
32.76	26
35	40
33.73	81
34.58	70
33.17	108
33.57	35
34.19	73
33.93	63
33.58	81
32.15	72
33.31	81
34.3	140
33.75	69
33.62	21
36.12	90
33.87	50
33.87	41
34.72	74
35.3	55
34.25	83
33.6	50
32.5	42
32.71	125
35.02	27
32.24	82
33.25	70
32.47	54
34.06	56
35.1	66
33.11	56
34.44	83
33.32	74
33.45	74
33.76	82
33.37	77
34.34	148
31.41	79
33.91	76
33.19	84
33.75	70
34.11	72
34.33	57
33.14	62
34.37	83
33.54	82
33.57	55
36.01	77
33.18	63
34.81	46
33.75	70
35.33	80
34.3	68
34.95	67
34.1	58
34.66	45
35.41	47
34.56	53
34.02	71
35.09	143
34.51	72
32.81	46
34.9	56
34.08	84
33.42	69
35.07	127
33.47	124
37.44	63
33.55	13
33.67	82
35.47	42
34.15	73
33.85	74
33.22	83
35.69	33
34.73	27
34.91	51
34.47	81
34.14	54
33.01	84
35.58	67
32	64
34.35	24
34.58	59
33.51	80
34.83	62
54.94	10
32.28	83
32.53	42
32.63	57
42.26	3
34.18	73
33.55	55
35.61	62
34.58	131
33.45	29
33.9	66
34.8	33
33.77	63
35.44	62
34.76	70
31.08	73
35.03	47
33.36	74
33.8	31
65.88	1
34.36	55
35.8	57
30.38	5
34.54	49
33.82	77
34.66	59
32.67	83
34.87	49
33.78	72
33.17	40
33.1	77
33.1	149
34.27	84
32.9	82
33.57	90
35.29	65
34.32	58
33.13	65
33.6	53
32.85	80
32.21	80
34.12	79
33.84	62
34.45	111
31.75	22
33.65	74
33.16	131
33.51	50
33.93	72
34.71	66
32.74	79
34.28	64
32.52	67
32.81	143
33.58	46
32.78	83
33.71	23
33.81	103
33.56	66
32.74	71
33.44	30
33.31	86
33.05	58
33	76
33.07	77
32.89	75
32.47	72
34.66	80
33.67	58
33.69	42
33.3	63
33.28	16
34.55	49
33.34	119
34.22	152
33.76	101
33.74	43
35.1	82
35	119
32.83	130
34.92	83
34.57	75
31.73	76
33.21	116
35.08	95
33.12	64
34.22	74
33.79	28
32.4	8
32.61	69
34.09	120
34.69	125
34.92	115
34.92	139
34.04	146
35.12	96
32.58	24
34.8	38
32.26	24
34.67	51
33.84	104
34.91	60
34.77	55
34.28	79
34.68	117
34.9	69
34.61	45
33.92	52
32.5	77
33.85	118
35.15	131
35.56	118
34	142
32.81	83
33.8	152
33.33	73
34.34	60
34.58	106
36.05	98
32.71	4
34.49	68
33.73	15
32.6	25
35.3	114
36.08	35
32.16	77
35.06	79
33.05	78
33.86	82
35.12	69
36.57	69
33.3	66
35.19	68
35.17	50
32.18	67
34.04	103
35.24	50
36.36	32
32.62	52
34.2	91
32.08	36
34.13	84
33.52	113
33.59	33
33.64	116
34.03	96
33.63	61
33.43	79
33.07	49
34.29	79
33.16	74
32.28	72
32.62	83
34.32	68
35.39	60
35.17	69
34.38	75
35.74	72
35.44	44
34.63	80
32.07	81
33.46	78
33.8	78
31.17	2
37.86	89
32.94	57
34.13	81
35.3	49
33.19	71
33.43	43
31.77	146
34.06	52
33.8	76
33.4	63
34.21	62
33.48	65
31.42	60
32.32	52
32.22	79
34.25	78
32.6	13
31.86	74
32.06	26
33.04	34
33.26	139
33.38	68
34.69	38
32.72	82
34.23	66
32.68	43
32.97	65
35.23	37
33.26	55
33.15	133
34.49	24
34.16	46
34.03	140
34.1	21
33.59	68
34.64	65
36.65	61
35.7	38
34.32	78
32.76	61
33.53	52
34.12	77
33.31	81
34.68	70
32.75	149
34.17	115
33.1	81
35.13	35
34.52	56
35.32	72
33.98	52
33.74	126
34.03	140
33.63	30
35.08	70
34.16	68
35.31	90
33.04	53
32.78	70
34.12	40
33.21	71
34.9	80
33.09	100
33.65	105
33.65	80
32.61	15
33.73	110
33.98	73
32.98	121
34.86	41
33.43	61
33	82
32.23	23
33.58	43
33.23	69
36.69	74
36.06	68
35.39	68
35.15	55
35.17	76
32.97	81
34.16	50
31.43	70
33.54	75
32.58	81
34.56	83
33.74	38
33.34	82
34.56	78
33.46	137
34.38	26
34.52	38
33.54	84
33.81	73
34.15	40
34.63	69
32.25	16
35.77	79
33.75	50
32.48	93
33.34	90
33.03	59
33.21	55
33.77	81
31.4	50
34.37	64
34.51	70
35.23	99
35.12	45
35.73	75
33.57	58
33.87	83
35.33	60
34.51	86
34.78	83
32.88	150
33.09	70
32.7	67
34.46	77
33.53	104
34.21	81
33.23	83
34.32	142
33.18	83
32.55	78
34.33	73
35.25	50
34.6	41
36.45	60
33.67	58
33.47	83
34.56	54
32.01	78
34.86	81
34.1	77
34.07	74
32.96	70
36.34	95
33.61	62
33.12	79
34.16	61
34.42	64
34.38	69
34.23	140
33.29	45
33.47	51
31.19	55
34.44	152
34.12	59
34.85	84
32.57	52
32.74	67
33.29	125
32.35	62
33.05	77
34.5	60
31.67	53
34.39	82
36.11	42
32.98	80
34.12	84
32.58	29
32.24	84
35.21	51
33.52	51
34.19	71
33.92	77
33.98	76
36.06	64
36.03	94
32.66	31
34.66	71
34.75	54
35	83
33.04	32
35.36	78
34.45	108
34.86	81
33.62	76
35.11	79
33.28	62
35.1	69
34.12	63
34.56	82
33.99	74
32.98	23
35.45	70
35.38	60
33.76	68
34.15	118
33.1	41
34.11	79
33.41	118
33.7	66
33.95	134
32.84	80
33.47	84
34.3	71
34.56	136
33.65	22
33.6	47
33.6	80
34.12	27
33.77	66
34.31	78
33.87	82
35.37	72
35.74	25
35.86	53
33.78	81
35.18	52
35.57	81
34.21	87
34.09	110
33.74	7
33.37	77
36.06	77
32.93	59
33.64	58
32.33	22
35.33	59
33.72	82
33.06	82
34.44	64
34.32	106
33.58	150
33.21	30
34.51	71
33.53	69
35.27	121
34.35	76
35.08	17
33.82	79
33.83	49
31.15	19
34.6	67
35.16	136
33.15	80
34.39	39
35.54	74
33.82	74
34.28	82
33.87	46
34.98	83
33.88	72
34.81	58
34.37	79
32.31	66
34.98	94
34.74	69
34.21	148
34.92	80
33.02	80
34.49	66
34.02	84
35.3	53
34.18	70
35.17	74
33.26	58
34.35	103
33.65	78
33.58	73
35.12	118
36.87	56
33.75	79
35.12	51
35.25	78
32.8	124
31.83	76
33.63	51
33.86	76
35.92	77
33.08	91
34.17	94
35.01	87
31.24	8
34.76	84
36.21	56
34.5	28
34.5	70
33.37	151
32.46	81
33.38	28
34.61	118
33.17	145
34.03	64
33.51	89
31.9	50
32.7	63
33.91	84
33.78	43
35.1	46
34.77	68
34.05	104
34.95	69
34.21	95
34.51	81
33.18	81
33.32	81
34.34	64
33.31	70
33.8	71
34.52	52
36.23	57
31.78	10
33.42	103
34.42	82
33.04	62
32.85	20
34.55	41
33.19	77
34.28	63
31.78	15
33.32	18
35.34	64
34.48	141
34.4	135
33.67	83
34.67	57
34.55	59
34.35	51
33.26	34
34.3	69
35.91	92
34.5	58
33.21	123
31.61	81
32.87	139
33.89	57
34.7	36
35.03	43
33.76	78
35.85	74
35.78	63
35.05	89
33.57	131
32.88	45
33.02	58
33.45	75
34.23	83
33.87	31
34.01	80
33.72	84
32.66	63
33.43	83
33.57	70
34.05	49
34.13	58
35.56	132
34.26	83
34.56	58
33.16	135
34.87	39
34.76	79
34.31	68
36.94	65
34	78
35.93	81
36.26	53
34.46	66
34.58	58
35.36	62
35.47	35
35.94	67
33.79	60
32.86	31
35.07	111
33.83	133
35.05	77
35.23	39
32.36	63
34.41	71
34.32	33
33.92	68
35.05	82
35.31	76
35.25	68
34.83	81
32.88	96
34.07	74
35.62	41
32.96	39
33.1	82
31.85	82
32.23	83
35.55	39
34.67	38
32.92	34
34.05	55
34.96	82
31.51	9
34.16	36
34.24	27
35.16	85
34.7	62
32.4	81
32.63	80
33.7	59
33.74	83
35.88	33
33.65	79
34.42	60
33.54	61
35.16	77
34.18	59
33.51	81
33.8	72
35.19	35
33.22	126
35.4	52
34.23	85
33.84	43
33.5	79
34.57	102
34.02	29
33.98	37
34.41	71
33.15	74
34.75	73
33.32	117
34.9	62
34.03	140
33.12	74
35.06	37
32.81	47
31.52	62
33.81	41
35.36	79
33.12	67
33.6	42
34.36	67
32.04	133
31.81	15
34.46	49
35.42	88
35.19	56
34.93	94
34.42	116
33.36	60
32.61	0
34.04	71
32.47	70
33.34	109
35.52	72
34.81	83
32.56	30
33.87	82
33.92	75
35.86	48
33.21	103
32.28	77
33.28	81
33.78	69
33.38	149
33.07	115
32.46	24
35.55	58
32.18	58
34.14	69
34.38	71
34.11	72
34.75	76
32.35	132
34.84	58
34.79	71
33.11	79
34.54	71
32.85	77
34.08	126
32.61	43
32.55	11
34.05	77
32.84	76
36.15	52
34.66	80
33.67	49
33.32	118
34.23	68
34.75	28
33.92	71
35.45	36
34.73	82
33.02	82
33.67	140
32.36	80
33.77	76
34.38	73
33.66	28
34.75	140
34.57	73
33.48	21
33.16	82
33.29	84
33.49	40
34.51	34
34.61	56
31.93	75
34.09	43
34.78	78
35.83	68
33.34	49
32.72	33
33.29	59
33.08	81
34.95	46
34.57	72
34.66	75
35.3	59
33.61	76
34.61	130
35.68	65
33.65	77
34.45	73
33.89	82
34.51	73
35.1	65
31.26	67
33.96	76
32.12	80
34.07	95
34.45	36
33.22	76
34.73	69
35.91	65
33.1	82
34.39	76
32.96	72
35.04	71
34.16	111
32.88	53
33.55	148
34.23	75
33.69	37
35.38	60
31.21	67
33.14	42
34.17	84
33.75	59
34.11	57
32.94	74
33.57	110
33.64	78
32.87	125
33.89	124
34.88	69
33.78	26
32.38	74
33.04	83
33.78	105
33.64	66
33.85	65
33.85	135
35.05	80
34.01	101
35.38	46
37.26	72
34.62	117
34.84	84
35.5	83
35.84	50
34.28	80
33.09	87
33.86	134
33.34	73
34.23	79
35.09	78
33.43	80
33.61	73
33.71	106
32.68	68
34.16	46
31.88	71
33.78	43
34.18	63
33.94	59
35.02	64
35.24	68
34.21	117
34.96	103
33.9	111
34	33
33.43	77
32.39	113
36.21	59
34.44	95
33.08	49
34.17	81
32.86	84
34.08	63
35.43	47
33.64	63
33.15	71
32.35	47
33.5	66
33.09	133
33.27	110
33.16	70
32.49	79
33.6	50
33.42	58
34.47	65
35.64	33
33.83	60
33.54	67
33.55	79
35.12	80
33.8	53
31.96	29
32.31	71
33.01	69
33.94	83
32.68	79
32.51	80
36.6	80
34.07	118
35.94	25
34.27	70
34.95	80
34.67	54
33.74	77
34.13	129
35.76	58
35.31	60
34.89	49
31.31	51
33.44	66
34.26	75
33.28	47
31.55	73
33.94	59
34.03	95
33.11	74
32.64	70
31.8	27
35.01	40
35.2	50
33.9	84
34.58	74
35.23	56
34.67	62
68.18	3
34.21	29
33.74	58
36.68	74
32.29	57
32.93	58
33.47	147
32.64	125
33.28	82
32.9	105
32.99	65
33.6	81
34.78	72
33.69	69
32.93	81
33.21	59
32.66	16
33.81	60
33.51	133
34.35	80
34.3	118
33.46	60
32.4	57
36.24	57
33.91	131
34.16	63
34.88	78
32.72	48
34.27	82
34.11	79
34.17	72
32.86	80
34.2	65
32.28	78
35.43	71
33.51	72
32.41	79
33.26	54
33.96	62
35.89	62
34.25	149
33.5	72
35.43	77
33.98	82
34.4	54
32.33	77
33.63	84
34.74	68
33.13	152
34.18	77
33.76	75
33.16	68
32.57	57
33.61	45
34.3	76
32.21	84
33.65	75
33.54	28
36.15	55
34.11	96
35.02	75
33.67	123
33.93	70
33.65	21
33.06	60
33.28	62
35.16	65
34.06	73
33.93	76
33.58	64
32.07	78
34.21	84
33.05	51
33.15	84
33.17	75
35.56	40
35.54	84
34.76	48
36.31	30
33.43	144
33.7	59
32.58	38
34.33	72
32.62	34
34.48	70
33.4	17
34.51	106
34.07	136
36.55	73
34.64	57
34.07	54
34.03	108
35.83	39
33.55	43
34.27	71
34.94	120
34.75	63
34.1	64
34.15	42
33.51	134
33.73	124
34.82	25
33.12	16
35.58	73
34.06	45
33.82	114
34.73	63
35.46	108
33.09	136
34.08	79
33.85	73
33.88	64
35.58	84
35.15	73
31.64	27
34.57	151
34.01	48
34.44	78
33.13	66
34.65	48
33.82	135
34.8	43
32.56	47
31.31	84
34.19	37
34.16	67
33.17	132
33.74	64
33.74	64
34.35	57
33.74	64
34.49	65
33.74	64
35.12	64
33.74	64
33.74	64
33.55	140
35.65	105
33.03	69
34.15	105
34.95	39
33.57	71
34.72	99
33.04	40
33.1	90
34.31	72
33.75	59
33.8	87
31.45	15
35.38	45
34.02	45
33.49	121
34.21	66
32.04	76
33.5	59
33.8	64
36.55	73
35.42	75
33.79	60
33.29	83
35.01	76
34.93	83
33.59	147
34.35	27
34.42	41
34.8	82
34.74	51
33.47	48
32.45	47
33.67	80
33.7	93
34.18	69
32.25	69
35.35	31
33.84	136
33.9	84
33.93	42
35.64	48
33.96	81
35.71	14
35.23	91
32.91	28
34.59	78
33.96	52
34.55	84
33.86	64
32.32	78
32.4	70
34.42	59
34.48	54
34.77	52
32.85	70
33.34	75
35.11	127
33.69	134
33.44	25
33.37	79
35.1	68
34.59	152
35.09	59
33.23	5
34.76	82
34.79	146
31.76	2
34.38	73
32.66	73
32.05	26
33.69	145
34.88	77
32.43	32
31.64	84
31.74	48
34.1	100
34.87	33
33.14	82
34.66	79
34.27	58
34.03	68
34.27	118
33.65	33
32.8	37
34.19	46
34.14	55
34.85	108
34.35	40
36.46	75
33.42	36
32.78	84
33.06	61
35.13	77
31.78	22
35.02	69
34.08	74
34.09	58
32.6	55
32.75	72
33.33	99
33.31	78
33.26	82
33.7	112
34.36	83
34.12	18
34.27	63
33.55	140
32.82	73
34.35	42
34.21	63
34.86	82
33.12	105
35.42	56
35.78	75
34.34	77
34.84	81
35.98	50
34.98	84
33.47	82
35.78	29
35.2	44
32.61	99
34	83
33.48	81
34.03	14
33.76	68
34.17	59
34.45	76
34.45	82
34.08	130
32.64	83
34.45	42
34.53	61
34.67	73
33.83	76
33.8	80
35.34	78
35.46	43
31.94	71
31.9	71
33.85	67
61.87	1
32.79	83
33.21	70
33.15	99
35.32	59
33.73	78
32.5	82
34.4	84
32.34	6
33.63	73
35.21	67
35.21	67
35.21	67
33.45	126
36.13	66
60.21	0
33.8	149
32.69	107
32.98	124
33.06	82
34.2	51
33.19	78
33.42	71
32.76	64
35.47	78
34.89	103
35.53	74
35.52	113
33.2	81
36.12	131
33.32	61
32.74	82
33.89	83
34.4	63
34.3	50
34.72	74
32.54	82
34.3	20
34.48	67
34.27	131
35.33	68
32.85	42
34.13	82
34.53	35
33.58	63
34.53	35
35.31	65
34.58	65
33.19	82
35.5	66
33.1	9
32.71	74
34.47	76
36.76	83
33.8	80
34.94	60
33.86	76
32.5	70
32.92	59
32.92	59
33.47	80
33.83	82
33.25	72
34.65	72
34.28	72
33.68	121
34.76	99
32.88	77
33.9	105
33.72	33
33.09	87
34.7	31
35.34	70
33.54	84
33.43	126
32.78	80
33.45	73
34.04	24
33.64	62
34.85	61
33.27	70
33.95	99
34.73	61
36.87	33
34.46	36
33.37	80
34.05	70
34.39	50
34.3	146
34.63	49
34.4	109
33.5	72
33.6	139
33.05	69
34.53	93
33.62	50
33.83	45
33.57	45
32.51	41
32.97	63
33.44	52
34.64	128
36.37	68
36.5	73
32.66	63
34.31	34
32.73	75
35.74	64
32.98	92
32.54	75
33.48	59
33.75	72
34.67	72
34.25	77
34.43	83
100	0
34.06	114
34.52	126
33.87	33
34.22	98
33.92	40
33.32	43
33.58	28
33.09	58
34.95	63
33.72	78
31.94	134
32.88	74
34.59	54
34.56	107
35.93	57
34.26	109
35.03	53
33.76	78
36.84	65
34.48	79
33.39	148
34.26	37
33.66	126
32.5	30
34.71	67
33.02	73
33.11	130
34.46	71
33.29	36
33.26	75
34.09	139
32.55	68
32.72	83
33.02	73
33.87	58
33.41	69
33.2	74
32.77	65
34.14	150
36.2	131
33.52	65
32.73	81
34.26	79
32.27	66
35.31	58
33.89	127
33.41	75
34.29	70
34.68	68
33.9	65
35.72	51
32.28	69
32.83	95
33.59	71
33.47	44
34.5	102
35.91	65
33.79	83
32.89	76
33.86	65
34.74	36
35.35	67
32.71	37
31.38	11
33.35	46
34.29	105
34.17	78
32.84	71
34.48	81
33.13	52
34.04	60
33.51	56
33.23	79
31.87	80
33.23	79
32.31	53
33.28	74
32.27	73
33.52	53
33.17	48
33.6	61
32.35	59
34.58	45
33.8	55
34.46	69
34.32	81
33.38	77
33.91	127
33.47	61
34.99	58
32.64	59
33.87	39
34.09	75
33.86	77
33.98	65
33.83	20
32.7	47
33.4	143
33.59	99
35.06	74
33.76	61
35.23	84
34.17	132
34.14	45
35.3	68
33.36	117
34.36	74
33.88	128
36.35	75
36.31	75
33.67	123
34.68	54
34.3	84
32.88	144
33.22	60
34.35	42
33.24	82
33.44	144
34.3	62
33.85	57
33.54	60
33.51	70
34.03	71
35.02	58
34.66	141
35.07	114
34.71	107
32.35	51
33.51	140
33.92	133
33.16	53
34.86	68
32.16	66
32.97	51
33.45	39
35.15	37
33.8	47
32.7	72
34.72	76
32.1	49
33.63	35
34.89	78
32.5	29
33.76	65
34.54	61
33.27	44
33	74
32.74	82
33.8	80
32.77	49
34.73	56
33.59	71
32.51	66
33.27	65
32.33	76
34.21	83
36.08	65
34.56	100
33.39	44
32.86	80
34.96	95
33.79	82
35.17	81
34.06	136
32.88	53
33.78	82
33.23	84
35.23	143
35.54	42
33.8	71
33.39	57
33.36	42
34.71	138
33.6	78
33.05	81
33.01	55
33.45	69
32.61	58
32.26	72
34.41	102
33.62	67
33.59	71
34.55	102
33	65
32.33	76
33.33	58
34.21	83
31.98	36
33.39	44
35.57	23
34.99	95
36.94	33
34.94	22
31.86	49
33.44	132
34.06	35
33.24	35
34.57	74
34.94	66
34.87	103
32.43	60
34.16	74
34	80
35.02	60
33.23	85
34.81	23
32.45	43
34.73	60
34.92	67
35.94	43
34.5	34
34.27	84
35.06	77
33.79	79
34.24	106
34.45	148
35.34	74
35.84	57
34.22	70
33.89	33
34.16	68
33.95	106
34.4	33
34.87	39
34.96	54
33.47	76
32.89	33
32.72	118
34.24	76
34.59	70
33.96	68
34.41	72
34	80
33.66	147
34.69	40
35.4	56
34.72	49
32.81	51
31.83	7
32.22	16
33.87	53
35.16	67
34.01	119
35.34	93
34.24	132
35.08	84
33.9	84
34.92	68
33.11	138
35.01	44
34.71	72
34.92	49
34.55	124
34.59	65
34.12	50
32.57	141
34.98	70
36.27	55
34.03	63
34.09	101
33.45	80
31.5	3
33.04	152
34.21	82
34.6	81
35.68	117
35.41	88
34.39	33
33.28	48
35.1	116
34.59	49
32.95	77
34.31	120
34.01	101
32.07	32
34.26	58
32.95	54
32.14	62
30.83	39
34.72	59
32.88	108
34.54	117
35.06	117
34.78	44
33.38	33
35.2	35
35.35	73
34.2	46
33.45	118
34.13	79
32.76	57
34.11	83
34.62	80
34.33	57
33.07	82
33.01	46
35.11	81
33.22	35
34.1	31
33.88	59
32.79	57
34.1	69
34.71	109
33.6	118
34.72	77
34.75	76
32.98	52
35.09	91
34.57	63
32.8	47
34.77	44
63.41	3
33.54	56
33.5	44
34.74	77
35.18	75
35.21	67
34.73	132
34.16	118
34.67	76
35.06	82
34.1	119
34.17	63
34.82	141
34.32	77
33.68	28
34.64	70
34.81	76
33.86	51
32.74	82
34.66	125
35.06	69
35.1	68
33.74	122
34.59	62
34.32	125
34.5	70
33.83	74
33.14	125
34.68	69
33.32	82
36.11	79
34.38	84
33.23	70
34.79	70
34.12	77
34.35	73
33.16	79
37.93	95
35.35	57
33.34	138
33.58	65
34.41	94
33.1	73
35.09	80
33.18	69
32.92	53
32.75	73
34.38	81
34.39	61
34.66	132
35.77	74
32.86	83
35.06	57
33.4	72
33.69	76
34.96	63
33.13	80
32.79	41
33.74	80
33	84
33.61	54
31.06	32
33.16	68
33.05	75
33.41	83
34.72	85
33.48	73
35.27	82
32.07	18
34.81	73
35.34	103
34.51	84
34.49	136
31.81	45
33.88	76
34.37	105
35.24	139
35.16	70
34.58	77
32.81	74
32.37	71
33.84	105
34.33	84
34.65	78
33.31	48
34.39	68
34.31	72
31.42	14
34.18	76
34.96	71
33.77	53
34.4	105
36.96	72
34.37	56
35.15	69
33.18	82
35.53	40
34.25	134
33.44	33
33.37	134
33.98	53
34.94	54
34.54	84
32.07	58
34.35	53
33.3	84
34.3	146
35.48	57
31.93	76
36.21	77
34.88	32
36.07	43
39.35	8
34.57	76
33.93	77
33.23	80
33.33	33
33.46	78
35.74	59
33.09	67
33.88	67
34.31	39
32.36	80
34.9	118
34.55	80
34.05	42
33.25	84
34.26	150
35.01	79
33.37	52
32.93	55
33.79	39
33.33	27
35.88	69
32.11	76
32.33	80
32.67	53
32.88	79
34.04	73
34.49	39
33.77	55
35.27	52
35.19	82
33.61	68
34.49	49
33.06	78
33.42	52
34.49	77
33.67	73
34.5	109
34.14	33
34.47	111
34.49	68
33.68	64
33.96	114
35.79	47
34.96	60
32.81	81
33.43	70
34.24	78
34.05	149
33.12	81
34.44	43
34.87	70
34.87	70
32.5	37
32.22	77
34.87	70
33.82	104
31.72	6
34.5	58
33.93	49
34.83	61
32.27	5
33.08	83
33.62	75
35.16	61
34.91	59
35.98	47
35.39	52
33.41	84
36.14	64
33.69	80
34.66	80
33.31	36
34.19	65
34.06	61
34.26	78
34.54	82
34.71	44
34.1	52
34.64	82
32.98	83
34.84	84
33.85	82
35.75	49
34.32	73
33.95	37
35.95	82
32.84	58
35.49	101
33.44	71
33.54	74
34.02	32
33.46	127
32.22	81
34.64	72
34.22	61
36.44	73
33.95	127
31.61	59
34.57	74
33.36	32
32.82	84
35.34	72
33.6	74
32.96	67
33.75	71
32.98	52
33.14	112
34.62	138
33.6	76
34.13	72
31.76	42
33.69	60
33.89	119
34.17	82
35.02	72
33.41	39
33.45	58
32.77	74
33.42	71
33.71	128
34.71	32
33.06	57
34.07	78
34.67	62
35.52	80
31.76	66
34.11	52
33.39	99
34.1	39
34.27	66
34.09	95
34.03	104
30.85	81
33.61	83
33.17	102
32.67	63
33.98	53
35.1	99
32.51	47
33.82	101
34.27	57
34.27	71
33.03	87
33.84	68
32.69	19
33.54	137
33.76	76
32.41	63
32.96	63
34.38	60
34.76	62
32.9	30
35.1	74
33.43	73
30.05	11
33.72	43
33.08	65
34.51	66
33.59	74
34.76	61
33.79	109
33.45	87
31.86	82
31.24	16
34.82	68
33.38	43
33.25	82
33.46	117
32.5	81
33.36	54
32.87	19
32.69	122
34.1	141
35.83	45
33.78	81
34.13	51
34.38	62
33.58	77
34.55	126
33.6	141
33.24	59
33.37	79
33.1	152
32.82	95
33.79	76
31.52	79
34.84	77
33.13	68
32.73	84
35.74	64
35.37	45
33.05	79
33.44	45
32.93	53
33.9	73
32.76	68
32.26	66
34.16	31
31.76	21
33.63	131
33.97	36
33.42	105
33.69	152
34.46	82
33.07	46
33.93	72
34.06	117
33.71	128
33.98	54
33.41	130
33.96	64
34.98	73
33.37	84
32.57	42
34.6	35
34.17	128
33.27	71
32.72	66
56.63	7
32.4	80
33.83	126
32.91	22
32.32	100
33.08	73
33.25	145
34.38	46
34.48	132
33.67	65
32.12	72
35.06	74
33.37	84
34.02	97
33.44	75
34.33	83
35.24	76
32.46	142
32.28	69
32.85	76
33.34	77
35.56	65
33.98	85
33.48	68
34.17	100
35.93	70
33.6	150
32.82	83
35.7	68
33.11	73
33.51	73
34.36	75
33.55	78
33.08	79
34.3	66
33.33	121
32.9	143
32.78	77
34.01	49
33.54	93
35.33	83
34.74	63
33.2	81
34.39	101
35.05	64
34.9	76
33.16	129
34.76	128
33	142
35.51	70
32.72	58
33.43	76
33.79	77
33.76	72
35.82	65
34.61	65
34.06	130
34.89	98
34.76	39
33.51	26
33.94	24
36.03	86
34.05	152
34.82	116
36.3	69
34.77	75
34.39	83
33.38	56
31.83	80
34.56	83
33.08	69
33.68	85
32.35	67
33.55	67
32.38	80
33.13	74
34.21	39
32.55	146
33.61	80
33.29	78
34.25	83
32.74	79
34.06	101
32.1	80
34.34	118
34.11	66
33.72	83
34.74	73
34.7	71
34.15	103
33.9	69
35.17	61
34.11	67
34.76	75
35.25	61
34.16	122
33.75	79
33.92	83
35.16	59
34.13	125
30.32	3
34.8	60
32.97	79
64.24	5
32.47	71
35.7	38
34.23	53
33.78	100
31.64	73
34.26	75
34.78	42
33.92	43
35.4	60
35.53	77
33.18	84
34.23	61
34.37	70
33.28	84
34.24	60
34.8	24
32.83	72
34.35	82
35.27	85
34.78	85
34.46	62
33.74	66
33.16	32
36.1	45
33.14	108
34.68	81
34.05	77
35.41	33
34.64	64
33.72	42
34.1	51
33.75	63
34.94	58
32.59	15
34.98	82
32.8	152
32.58	76
35.39	70
33.79	63
35.46	57
32.67	81
34.64	109
34.46	76
33.12	78
34.16	28
34.01	84
34.79	83
30.54	11
34.17	138
32.48	10
34.66	78
32.43	64
33.88	79
32.05	45
33.3	25
35.65	64
34.08	119
33.65	90
33.85	116
33.32	69
34.16	73
33.86	52
34.19	124
33.53	23
33.11	82
33.9	83
33.02	60
33.24	139
34.32	102
33.36	56
32.1	46
33.88	101
34.79	122
33.98	40
32.37	53
32.07	42
33.94	73
30.94	107
33.23	65
33.86	41
31.71	75
32.16	27
34.49	77
33.61	50
34.04	60
33.2	67
33.08	72
33.09	69
34.53	76
33.81	134
32.53	64
34	96
33.14	30
32.03	65
35.79	118
33.6	35
32.89	56
34.92	152
33.4	67
33.48	139
34.3	55
33.45	77
33.4	24
34.96	83
34.06	96
32.71	7
34.08	65
34.27	71
35.11	77
33.57	26
31.86	66
33.4	92
32.67	32
33.22	83
34.81	45
34.78	84
34.81	65
33.93	148
34.45	117
34.65	66
34.56	81
34.59	40
35.55	61
33.94	31
33.92	63
34.57	49
33.64	101
36.53	82
35.99	53
34.65	55
35.54	81
36.71	28
35.33	40
33.49	70
32.98	136
33.8	65
33.62	69
34.55	83
33.99	94
34.3	66
32.85	129
34.8	47
33.72	80
31.77	30
34.35	83
34.58	45
35.72	117
34.58	31
34.44	32
35.13	42
35.16	63
33.38	136
34.06	104
31.67	56
34.04	103
34.14	37
33.99	115
33.7	72
33.87	68
34.39	88
32.09	151
34.06	83
34.21	61
36.1	141
34.16	61
35.36	41
33.76	149
32.94	66
33.86	45
35.64	58
34.22	115
31.51	33
35.55	80
33.7	31
33.53	82
31.07	19
33.79	109
32.86	68
36.31	68
33.72	69
33.27	43
33.88	134
32.6	83
32.93	83
34.78	78
35.78	51
34.41	78
33.22	66
34.48	49
34.79	34
34.93	75
34.14	51
32.71	67
34.38	78
35.4	43
34.38	75
34.34	151
33.03	74
34.23	22
35.28	62
34.34	74
33.38	78
34.09	145
32.95	143
34.86	48
33.31	61
34.8	47
34.41	38
34.07	56
34.42	67
32.82	128
34	76
33.35	49
33.82	32
33.95	139
33.64	60
34.2	63
33.36	75
33.78	69
32.63	15
33.62	77
33.18	89
32.82	62
33.32	81
34.1	83
33.21	78
35.15	83
33.67	64
33.4	79
33.24	76
35.91	76
34.9	69
33.87	75
34.34	108
32.52	62
33.84	65
35.1	64
34.17	71
34.56	45
34.06	70
34.35	79
33.37	42
33.37	77
33.83	17
34.36	146
33.46	81
33.98	79
33.8	75
32.89	40
34.64	39
33.55	80
33.57	148
35.02	75
34.28	79
33.74	111
33.95	77
34.44	120
34.28	33
34.7	71
35.48	72
33.73	76
33.82	79
32.98	75
32.95	73
35.01	79
33.44	82
33.75	77
34.7	40
32.07	78
33.79	133
34.63	71
32.63	64
33.52	62
32.87	122
33.8	103
35.02	70
31.3	29
31.64	81
34.03	39
33.6	113
32.88	83
33.47	64
32.74	75
34.74	71
34.59	69
33.03	100
34.01	52
33.9	63
34.65	56
33.87	67
33.81	112
34.57	37
35.11	56
33.07	71
32.85	74
34.65	71
35.51	72
34.23	60
33.61	58
32.65	69
33.61	129
36.74	61
33.54	81
32.53	69
33.74	73
32.35	66
35.32	68
33.96	83
33.68	73
33.72	74
33.17	119
34.11	54
36.56	32
33.3	76
33.81	52
32.87	81
31.98	13
34.11	74
34.01	83
32.45	65
33.59	55
33.35	68
34.29	76
33.88	142
36.42	33
34.7	73
34.51	103
34.45	103
33.94	61
34.96	74
34.81	139
34.74	68
34.76	67
33.4	152
33.47	53
34.36	50
34.91	49
33.48	74
34.53	84
34.92	65
35.96	84
34.11	145
34.63	40
35.1	105
34.92	69
33.8	81
33.92	68
35.05	65
36.92	82
34.42	70
36.27	74
34.14	74
34.91	67
35.48	81
33.5	131
33.61	94
34.52	106
33.94	50
33.7	65
34.13	136
33.85	108
34.67	73
32.21	74
34.41	110
34.85	81
36.11	68
34.01	127
33.78	119
33.72	105
32.75	126
33.04	55
32.38	80
35.23	83
33.39	91
33.78	60
34.5	129
33.52	60
34.78	73
34.25	32
33.11	76
33.51	54
34.43	67
34.59	78
34.48	80
34.19	29
35.76	37
33.28	141
34.54	130
34.58	69
32.49	72
32.99	81
34.76	41
33.13	71
34.81	142
34.58	63
32.88	84
33.65	72
33.66	43
33.78	107
33.23	68
33.24	98
34.43	69
33.51	71
33.46	42
34.74	68
31.77	49
35.3	34
34.54	79
34.01	40
33.57	82
34.33	59
34.47	74
33.43	99
33.12	65
35.57	64
35.4	72
32.83	84
33.35	84
35.47	80
33.74	85
33.92	66
32.52	11
34.32	90
40.03	61
34.38	70
32.14	73
36.71	77
33.67	78
32.88	53
32.65	81
33.26	138
34.54	95
32.97	43
35.09	34
34.48	44
32.73	84
33.26	55
32.87	81
35.15	62
34.01	84
31.87	80
32.26	71
34.2	141
45.57	10
35.16	82
34.35	125
33.17	80
33.84	136
34.05	63
33.51	55
34.21	74
34.47	62
36.13	59
34.38	79
34.32	65
32.36	12
33.38	65
33.25	69
34.89	77
32.35	29
35.37	121
34.34	58
34.26	55
35.26	98
34.42	125
34.05	73
32.18	84
33.68	79
34.21	55
34.53	76
67.2	5
33.44	61
35.65	69
34.13	69
32.96	53
34.04	123
33.01	78
35.14	147
33.69	76
34.3	42
33.4	61
34.91	39
35.03	40
35.73	93
33.06	57
33.2	105
33.2	83
33.86	66
32.81	70
33.34	127
33.62	66
34.37	131
33.81	116
32.05	29
32.86	81
33.8	110
34.35	104
33.34	57
34.61	106
33.11	73
33.46	69
34.92	46
34	150
32.91	62
36.91	52
32.97	24
33.81	112
32.55	14
33.09	132
32.38	81
33.65	33
33.64	136
32.37	84
32.25	78
36.33	78
32.44	40
32.89	77
33.41	78
33.87	136
35.6	121
33.46	120
34.61	72
31.47	10
35.72	59
32.78	92
35.31	82
34.28	39
33.92	61
34.01	120
33.87	73
33.65	59
33.16	78
32.81	61
33.65	79
33.2	80
33.16	84
32.98	77
34.06	82
35.71	72
33.86	136
33.82	83
35.36	80
36.34	14
34.49	121
34.24	82
34.11	72
33.15	82
33.09	32
33.67	123
34.55	73
34.7	78
34.13	73
33.98	80
33.47	32
33.14	42
31.96	83
34.49	138
33.45	59
32.75	114
33.98	62
30.76	12
33.73	59
32.94	69
33.19	52
33.32	18
41.7	25
32.68	82
30.96	23
50.78	4
33.73	78
34.22	76
36.75	49
32.53	54
33.84	118
32.95	26
33.72	70
32.28	54
33.28	150
31.9	5
36.49	68
33.65	57
32.37	32
33.51	41
32.88	67
34.13	79
33.07	78
34.84	84
33.88	104
34.82	41
33.78	105
34.27	72
35.06	69
32.44	24
32.85	80
33.93	84
33.11	96
33.49	36
34.76	61
32.02	49
33.22	75
33.02	32
33.53	85
34.82	62
33.67	106
32.71	81
33.75	77
33.46	84
34.53	62
32.07	82
34.56	82
31.62	81
33.07	48
33.25	62
33.59	104
36.85	57
33.03	26
34.29	70
32.7	80
39.91	79
34.13	135
34.48	69
32.29	81
32.19	23
33.63	69
36.01	45
34.11	79
33.76	76
33.32	75
32.08	84
33.43	26
33.49	116
34.94	127
34.59	70
34.54	93
33.48	79
31.83	83
32.23	77
33.38	66
31.28	78
33.2	149
33.57	74
33.56	124
32.84	64
32.98	68
34.16	63
33.73	75
33.09	73
33.93	65
33.18	128
32.12	74
33.45	65
34.7	68
32.6	80
33.32	78
33.8	116
33.5	134
33.13	79
32.29	75
34.8	83
33.73	139
35.83	57
33.97	58
34.58	75
33.35	40
33.91	69
32.93	78
35.19	84
33	76
31.85	68
33.13	78
32.92	30
34	79
35.22	73
34.35	83
33.51	68
33.86	66
35.48	14
35.03	66
34.24	77
33.74	79
34.19	62
33.46	79
34.73	66
35.8	68
34.16	63
33.61	65
33.69	103
33.92	75
33.57	79
32.4	83
34.28	66
35.37	78
34.7	72
33.24	78
32.25	65
33.14	102
31.97	56
34.14	101
32.86	71
32.95	57
33.66	129
34.06	60
33.03	84
32.55	79
34.42	84
34.97	75
35.96	73
33.69	71
32.91	40
32.99	128
33.49	49
31.4	75
34.1	46
34.34	19
35.29	61
33.32	68
35.07	78
34.95	82
34.25	114
34.38	77
34.35	118
33.52	64
33.93	50
31.83	76
34.79	80
33.14	43
31.26	74
35.8	75
34.08	70
34.25	100
33.44	66
32.79	81
34.49	74
33.19	41
32.57	61
33.34	99
33.64	74
32.78	72
33.61	75
33.78	87
33.82	52
32.75	46
32.75	46
35.52	38
33.01	131
33.7	55
33.93	78
32.18	16
33.03	75
34.07	74
34.63	76
33.84	49
34.65	118
33.64	80
34.87	73
34.23	81
33.58	73
37.86	87
33.55	79
34.54	72
33.01	128
33.74	75
34.92	55
32.6	37
34.27	104
34.09	123
34.5	40
34.2	69
34.07	59
34.64	131
35.17	60
31.63	12
32.8	17
34.15	52
35.82	70
33.23	35
32.03	9
34.32	38
33.75	56
33.07	84
31.75	77
32.84	71
34.62	64
33.52	116
35.22	84
34.95	70
30.88	39
31.15	38
31.15	38
32.23	81
32.97	79
32.86	69
33.03	67
33.93	76
33.85	144
32.26	75
34.11	98
36.87	37
34.1	78
32.4	66
32.49	83
33.08	81
32.35	25
32.14	21
32.99	72
32.15	41
34.67	42
33.44	58
34.99	74
33.87	41
33.73	152
33.78	82
32.03	79
31.57	83
32.13	92
32.32	77
33.27	73
32.68	88
48.09	73
32.48	84
33.72	87
34.08	94
34.94	56
51.86	89
34.14	92
31.26	82
34.74	54
33.13	89
32.53	86
33.38	58
35.16	84
34.63	49
33.02	87
34.08	35
36.13	94
32.68	50
33.1	81
31.76	80
32.73	85
31.85	20
34.01	66
33.26	89
32.18	89
33.82	90
32.5	100
31.81	94
33.77	86
31.92	43
33.05	88
35.09	95
33.78	123
32.58	80
33.08	87
32.01	92
33.28	59
33.43	169
32.13	85
33.82	93
33.59	93
35.21	78
32.47	172
33.58	150
33.82	93
33.6	77
31.9	22
34.36	71
33.03	93
33.69	86
34.04	90
32.77	86
32.68	69
32.27	95
63.31	8
32.84	90
34.44	76
47.29	104
32.15	77
34.96	64
32.25	91
32.84	90
33.31	85
31.24	90
33.24	70
32.87	52
34.2	108
33.58	88
33.48	70
33.72	94
33.6	86
51.02	53
32.63	70
34.38	86
32.23	84
33.95	58
32.99	86
33.4	66
32.97	86
33.42	59
33.2	80
46.2	66
32.2	73
33	130
31.78	7
32.65	85
34.25	93
34.41	64
32.79	125
32.04	94
34.25	44
33.51	69
33.41	17
32.75	84
32.16	89
35.11	103
34.22	76
33.47	92
34.45	172
32.95	87
32.11	90
32.96	79
32.02	74
32.27	87
53.27	78
31.25	14
32.32	95
32.76	74
32.6	95
33.02	83
34.55	64
34.08	78
33.8	66
33.87	57
33.87	57
34.55	62
32.96	7
32.96	89
33.34	21
34.03	65
34.95	99
34.27	58
35.37	31
33.62	62
33.68	33
33.3	88
33.99	58
33.12	84
33.28	127
34.7	81
35.14	33
32.03	86
34.78	72
32.14	91
33	59
32.35	81
33.36	83
48.38	70
31.81	54
32.95	127
32.74	81
33.32	80
32.26	37
32.61	80
33.37	81
35.03	69
33.07	78
33.86	85
32.25	84
32.26	94
34.37	80
33.85	73
32.47	82
31.25	95
32.21	90
32.76	179
34.4	114
34.72	79
33.67	174
31.95	91
47.96	104
33.56	68
32.34	73
33.55	73
33.18	122
35.45	72
46.19	104
32.71	74
33.42	41
33.87	127
34.87	84
33.72	140
34.66	79
33.82	63
34.11	62
32.88	94
32.03	93
33.02	87
35.27	56
33.31	66
32.73	81
36.58	58
33.65	82
32.76	81
34.38	94
34.1	89
32.43	122
32.87	175
33.57	68
33.56	141
48.38	103
32.82	65
32.63	69
33.07	89
33.29	83
33.77	70
33.19	18
34.27	178
33.66	86
34.38	92
34.38	92
52.53	81
32.33	35
32.88	49
34.61	115
33.81	88
32.35	155
33.94	92
33.37	95
33.39	96
32.69	186
34.42	114
33.33	75
31.74	87
31.46	92
32.66	125
33.82	93
34.72	80
34.53	92
32.58	179
33.71	76
34.02	186
31.17	25
34.36	80
34.44	80
34.81	80
32.18	172
31.82	35
32.47	91
32.96	93
34.19	73
33.06	95
32.3	87
34	141
33.64	40
31.47	93
32.22	186
34.46	123
32.83	17
33.63	82
33.34	156
32.6	138
31.6	86
32.79	179
32.79	179
33.33	69
35.04	43
33.23	95
34.17	82
31.61	4
32.75	72
48.92	73
32.45	94
33.58	59
34.46	52
33.14	59
43.76	127
33.53	93
32.32	95
34.1	85
33	60
32.94	80
34.03	84
30.88	42
35.03	84
