sim	len_diff
33.61	216
33.52	190
33.03	211
32.37	408
33.17	410
33.24	205
34.61	127
34.13	189
33.7	213
34.21	185
32.96	212
33.97	203
34.7	167
34.05	195
34.5	134
33.21	150
33.77	283
32.25	217
32.89	177
33.68	187
32.47	204
33.64	210
33.47	200
34.92	163
39.05	19
33.9	179
32.51	212
33.51	186
34.31	207
33.58	189
34.12	200
33.44	178
33.39	173
33.18	198
33.26	196
34.25	184
33.51	171
32.32	183
33.01	213
32.77	195
33.17	188
32.82	109
32.96	199
33.55	205
34.5	133
34.53	205
34.53	205
33.52	183
32.28	217
32.45	204
34.78	105
34.28	204
33.29	165
33.54	76
33.91	188
33.59	208
32.6	215
32.6	215
33.48	191
33.38	214
33.28	208
33.28	208
33.28	208
33.46	211
34.11	117
33.52	199
33.97	193
34.15	180
33.92	185
33.95	155
33.85	186
32.23	199
33.37	199
33.79	207
34.58	292
33.46	156
32.88	214
34.26	196
32.3	217
33.38	195
33.84	190
34	197
34.74	177
34.29	163
34.39	174
33.43	90
33.85	210
34.58	144
34.11	174
33.81	210
31.61	34
34.43	239
32.28	195
34.46	142
33.54	99
34.3	190
32.92	120
33.59	176
31.79	217
33.15	196
34.15	191
33	164
33.8	157
32.77	188
33.78	181
33.53	207
32.55	201
33.75	98
33.3	169
32.51	202
33.16	192
34.16	175
34.32	144
34.02	176
34.61	322
34	204
34	195
33.93	199
34.01	187
33.41	183
31.88	212
33.87	176
32.5	214
33.15	214
33.33	203
32.97	175
33.18	25
32.33	182
33.13	187
33.27	206
33.7	212
33.7	212
33.88	154
33.22	204
32.5	209
34.89	194
32.81	215
32.7	163
34.17	199
34.17	199
33.5	212
32.78	204
32.56	217
33.57	207
32.49	217
33.76	205
34.12	193
33.67	321
32.27	215
32.53	216
33.94	217
33.75	203
32.96	89
33.93	139
33.19	359
34.7	129
32.33	216
32.69	210
33.85	212
34.57	130
32.92	214
33.38	250
33.61	186
33.92	147
32.45	217
32.55	174
32.79	166
33.45	212
33.26	211
32.61	210
33.65	184
33.3	179
33.87	82
32.62	98
33.2	215
33.06	199
32.41	96
34.49	208
33.41	215
32.69	211
34.67	191
33.12	200
33.91	181
33.14	189
33.16	205
32.96	186
33.94	190
32.69	215
34.61	160
32.77	149
33.04	212
33.97	199
34.14	148
33.31	183
34.48	172
33	204
32.68	194
33.68	177
34.06	156
33.26	106
33.2	185
33.39	188
33.46	209
33.24	190
34.43	160
33.35	214
33.23	155
33	179
32.36	215
35.4	158
33.27	192
32.29	217
32.99	206
33.61	183
33.77	208
34.11	212
34.18	181
34.28	181
32.95	214
34.06	212
33.22	149
33.37	215
33.48	190
32.99	146
34.53	217
33.34	211
33.2	190
33.37	215
33.13	188
34.24	205
34.85	141
33.79	206
34.32	168
34.04	162
34.51	192
32.68	216
33.66	212
32.11	213
32.01	199
32.35	201
32.59	211
32.63	217
34.39	160
31.98	199
34.54	176
33.19	189
33.17	212
34.05	192
31.87	214
33.84	163
33.99	202
32.5	202
32.59	217
33.18	212
33.59	175
32.81	204
32.5	213
33.35	188
33.97	190
32.67	201
32.28	208
33.99	202
33.79	206
33.47	178
32.24	214
32.36	157
32.35	211
34.41	168
33.87	188
33.42	188
33.76	201
32.49	214
33.21	215
35.13	147
32.55	203
33.17	202
34.41	153
33.11	166
34.1	202
33.06	179
32.79	210
33.75	259
33.43	154
33.37	210
34.3	174
33.3	194
34.42	167
32.69	212
34.09	190
32.43	217
34.53	283
33.11	193
34.16	214
32.97	194
33.86	114
35.26	193
33.81	200
42.55	30
33.13	198
33.06	215
32.53	201
33.85	183
34.75	122
32.65	189
33.38	162
33.85	160
33.12	179
33.23	183
33.74	164
33.41	155
32.93	183
33.75	188
31.88	213
33.81	182
33.57	188
32.53	213
34.17	138
34.68	180
33.6	212
31.68	210
33.88	198
32.96	195
33.25	151
33.54	111
32.79	201
32.55	217
34.44	152
33.16	184
33.7	173
32.44	212
32.48	206
32.98	198
33.02	207
33.41	212
32.4	202
32.4	217
33.38	206
33.55	168
33.39	144
32.95	202
32.92	211
32.97	194
33.54	206
34.05	202
31.55	202
34.18	188
33.65	202
32.85	187
33.29	182
33.47	190
33.3	170
33.47	135
33.2	184
34.43	187
33.77	127
33.82	165
33.64	192
33.27	164
33.45	176
33.67	169
34.92	148
33.26	107
33.32	89
33.39	184
33.79	168
34.35	176
33.47	252
33.2	144
34.24	173
33.06	97
33.86	157
34.37	163
33.67	80
33.21	104
34.46	196
34.64	135
33.05	175
34.46	122
33.86	140
34.52	155
34.09	133
34.7	120
33.41	188
33.91	147
33.68	115
33.87	137
31.59	35
32.68	183
33.17	192
33.7	162
33.93	144
33.35	185
34.53	160
34.99	122
34.75	183
34.26	111
34.26	171
34.11	162
34.4	173
34.47	168
42.05	37
39.31	24
37.98	22
33.81	187
33.69	186
39.52	26
43.44	32
40.23	27
39.3	38
38.75	6
33.69	178
33.94	189
33.9	137
33.32	192
33.55	181
32.92	49
34.2	161
34.88	149
33.83	169
33.47	192
34.65	98
34.49	144
33.26	183
33.51	79
33.97	181
33.41	185
33.76	109
33.7	138
35.18	143
33.95	183
34.09	125
33.95	147
33.59	189
34.56	146
34.04	173
33.49	112
33.44	145
33.38	181
34.47	145
34.78	164
34.76	190
43.32	27
34.01	191
39.61	14
33.81	188
33.8	169
33.91	189
40.63	34
33.73	188
41.97	89
33.37	192
33.99	124
34.19	187
34.14	162
33.75	191
35.49	138
41.25	46
34.09	130
33.71	191
34.13	190
35.23	178
34.38	192
34.51	123
34.16	158
33.6	120
33.51	186
34.12	187
35.23	165
34.28	91
34.27	178
33.02	155
33.8	183
33.52	184
34.47	176
34.04	182
33.92	130
34.88	151
33.41	103
33.62	82
34.55	189
34.29	161
33.04	187
34.22	153
33.27	95
34.97	117
34.07	151
34.07	147
33.86	163
34.57	108
33.99	277
34.16	173
34.55	138
33.43	192
33.4	108
34.32	154
34.83	147
33.51	175
32.98	122
34.71	173
34.2	177
32.67	37
33.27	186
34.45	162
33.56	187
33.4	158
34.25	181
32.91	112
33.82	144
33.97	136
34.09	187
34	189
34.12	188
31.28	26
34.12	132
34.34	167
35.32	182
33.98	118
34.6	172
34.83	180
33.98	144
33.6	138
34.52	176
34.13	177
34.06	189
34.46	161
33.73	160
32.84	48
33.53	181
34.32	131
34.4	182
33.76	186
33.52	171
32.92	142
33.7	152
34.04	95
33.05	161
33.31	48
33.29	136
33.86	103
34.45	181
35.22	162
34.24	156
35.37	141
34.66	144
34.16	180
34.92	120
34.58	186
32.72	189
33.83	192
33.18	175
34.38	164
34.33	186
34.47	136
34.51	142
33.93	141
34.47	162
34.33	180
34	164
33.31	162
33.53	162
32.85	190
34.28	165
34.62	109
34.16	132
34.15	153
34.5	123
33.74	99
33.91	143
33.52	182
40.34	43
41.64	49
39.55	27
40.79	47
37.09	31
40.23	6
44.42	29
39.17	26
40.44	29
38.28	1
34.08	178
33.35	189
33.83	173
33.92	175
33.47	163
35.2	95
34.02	191
34.4	95
33.79	143
33.61	147
41.15	15
41.78	37
41.85	38
38.66	13
39.26	28
41.71	29
40.35	36
41.29	41
40.93	40
45.99	8
34.03	112
35.17	158
34.63	141
33.56	183
33.01	177
35.32	136
34.25	151
36.02	161
33.33	97
33.41	183
32.89	66
34.23	139
34.53	127
34.35	169
34.02	104
33.4	190
34.53	157
33.97	159
34.09	164
33.56	186
33.78	169
31.84	41
34.11	176
42.39	34
34	122
33.67	177
32.47	104
34.02	154
33.54	192
34.35	180
33.64	182
33.1	51
34.05	158
33.32	180
32.82	179
33.59	128
33.19	160
33.54	185
34.43	137
34.08	187
61.13	18
40.14	28
40.2	24
40.1	30
42.52	37
40.67	0
43.14	27
43.89	33
41.39	30
44.52	15
34.31	152
34.23	168
41.3	10
34.35	184
42.45	32
33.82	297
41.67	32
34.5	175
43.54	12
39.06	5
33.94	85
41.89	19
40.51	36
33.01	192
34.38	156
33.96	176
41.52	45
42.63	2
41.6	15
34.18	157
33.65	187
33.92	106
35.41	117
33.91	184
33.85	172
33.56	162
33.56	190
32.91	125
34.29	123
34.02	123
35.79	112
33.18	178
34.93	138
33.5	93
33.97	112
33.42	189
32.84	186
33.77	164
33.51	301
33.62	180
32.24	112
34.03	139
34.45	119
33.47	190
34.19	124
33.67	184
34.13	124
34.09	133
32.74	133
32.54	190
33.59	185
33.31	188
33.3	162
33.44	177
34.02	174
34.21	142
33.4	78
33.52	181
34.92	139
33.53	129
46.78	20
35.28	117
34.36	181
34.43	276
34.39	183
33.58	70
34.36	184
33.79	103
35.03	131
34.1	120
33.3	83
33.6	100
33.82	186
32.99	79
34.13	124
32.85	60
33.47	95
33.06	130
33.73	131
34.03	76
34.16	84
34.48	145
33.72	188
33.66	175
32.67	101
35.1	125
34.47	149
32.54	186
33.8	160
32.83	164
33.19	146
31.38	30
33.51	159
34.62	159
33.7	177
34.17	143
32.92	179
34.11	182
33.59	182
33.67	171
35.4	170
33.48	175
34.82	152
33.97	172
34.51	101
34.07	176
33.52	181
34.96	168
32.81	156
33.48	181
33.7	139
33.2	178
33.12	127
33.64	88
33.12	165
33.39	191
33	185
32.77	172
33.82	171
33.32	189
33.74	189
33.75	118
32.75	173
36.44	97
33.96	168
34.3	127
34.06	123
34.41	102
33.9	95
33.46	173
34.4	147
34.33	220
34.86	125
33.87	104
33.39	164
34.83	125
33.36	139
34.48	192
34.31	141
33.65	182
34.46	130
33.26	161
34.63	181
34.27	180
34.11	161
35.3	191
33.48	127
34.15	100
34.69	99
33.82	155
34.59	148
33.89	156
33.38	66
33.53	172
34.47	144
33.01	54
33.57	174
32.87	179
33.72	166
33.45	171
33.65	189
33.47	184
32.5	81
33.15	184
34.81	109
33.56	183
33.22	163
34.43	124
34.15	108
34.14	92
33.31	130
34.09	172
34.23	175
33.94	184
34.88	160
33.81	182
34.66	134
33.69	136
33.25	192
34.73	167
33.6	265
34.04	175
33.81	177
35.1	204
33.59	190
34.08	66
33.82	186
32.99	189
34.38	179
34.46	151
33.85	85
34.79	176
34.88	98
33.42	146
34.67	161
34.57	147
34.08	161
34.37	128
34.12	172
34.08	161
34.74	107
34.58	170
33.78	172
38.62	29
34.14	187
34.95	93
34.68	90
33.43	147
37.73	90
33.93	317
33.91	103
34.18	122
33	146
40.75	35
33.37	137
43.25	46
42.01	9
32.94	181
34.37	177
34.14	188
34.45	90
38.79	26
42.99	16
34.29	116
34.36	150
38.16	50
41.66	32
34.54	113
35.63	147
33.98	160
34.53	192
34.64	174
34.35	131
43.48	42
44.35	21
35.13	159
36.73	36
35.88	134
34.06	166
34.98	129
33.02	182
33.47	174
35.19	153
34.1	175
33.59	192
34.02	178
33.45	172
34.7	103
34.84	146
32.94	187
33.75	179
34.36	180
33.78	84
33.84	103
33.4	182
34.2	169
34.35	187
33.27	168
35.23	147
33.69	154
32.92	160
33.29	181
34.61	175
34.36	168
34.8	153
33.54	190
33.85	114
34.59	178
34.38	178
34.15	181
35.27	191
33.95	150
33.7	144
33.76	51
34.32	91
35.08	149
33.43	262
33.74	161
34.23	139
33.88	169
34.27	158
34.03	125
33.82	181
34.18	154
33.86	192
35.17	236
34.13	179
33.28	169
34.1	179
33.3	176
33.46	181
35.31	175
34.69	132
34.05	180
32.4	1
33.4	186
34.87	104
34.13	180
33.26	166
34.17	166
34.31	191
33.1	117
34.06	187
33.88	190
33.59	188
33.99	79
34.21	184
34.07	161
33.03	170
34.47	182
34.58	113
39.24	25
43.29	26
43.45	33
43.44	26
37.95	30
33.8	179
39.07	20
41.61	2
42.73	12
33.52	174
33.64	188
34.72	176
34.75	169
34.71	171
34.92	90
33.53	188
34.26	174
33.25	189
34.48	137
33.82	170
33.67	144
33.85	179
33.58	132
33.42	189
33.32	180
33.22	168
33.94	125
33.58	187
33.85	178
33.17	174
33.98	172
34.05	142
34.35	192
34.06	124
34.27	105
33.52	181
33.58	173
33.11	161
41.87	32
33.9	154
34.14	83
33.82	136
34.12	157
34.1	112
33.75	173
33.94	167
35.26	151
33.83	153
33.34	151
34.12	87
34.29	105
33	183
34.78	164
34.39	132
34.15	176
34.55	192
33.79	86
34.62	115
34.09	142
33.94	152
34.03	159
34.24	152
34.37	107
34.24	133
33.52	167
34.28	167
33.96	108
33.92	184
34.55	105
33.69	180
33.43	126
34.37	187
33.37	146
34.84	149
35.27	137
34.01	179
34.32	161
34.23	103
32.9	162
33.99	177
33.54	188
33.74	170
34.37	103
33.41	162
33.39	169
33.67	158
32.5	107
33.93	186
33.22	134
33.92	124
33.71	152
33.28	172
33.86	79
33.69	177
33.99	139
34.5	141
33.76	189
34.16	143
34.75	180
34.05	176
33.39	157
33.92	157
34.29	181
34.39	130
33.75	169
34.06	181
33.35	185
33.11	181
33.69	179
35.39	127
33.82	164
35.1	185
33.76	184
34.21	180
34.88	179
33.87	184
34.32	184
33.78	186
41.02	4
34	172
33.91	188
33.85	175
33.75	190
32.88	73
34.02	172
35.75	163
32.31	22
33.46	167
31.97	90
40.85	89
33.41	189
34.04	190
40.15	35
40.92	2
40.68	18
39.19	39
39.47	25
41.36	5
35.66	14
33.75	184
34.26	190
34.13	183
34.03	170
33.43	185
34.02	178
34.34	165
33.29	87
33.13	52
36.24	31
33.35	178
33.14	115
33.24	88
33.62	120
34	127
34.16	157
34.2	123
34.47	198
34.34	143
34.34	139
34.29	139
33.72	144
33.62	67
34.31	143
35.31	83
33.93	111
33.97	166
33.68	169
33.46	140
34.19	102
34.81	190
34.22	317
34.58	134
33.57	186
35.21	127
40.7	20
41.1	13
33.51	185
34	163
38.49	5
33.66	187
33.33	187
34.24	137
33.85	148
34.06	191
34.18	168
34.35	128
34.19	116
35.11	169
34.57	159
32.94	95
34.55	152
34.04	175
34.4	183
34.38	151
32.9	168
33.97	189
33.54	140
34.59	176
34.8	102
39	26
65.79	9
34.3	140
33.77	189
40.37	3
40.09	26
35.38	142
42.98	10
45.2	6
42.18	11
41.27	39
43.65	30
42.63	31
44.81	22
39.12	10
44.29	0
39.93	31
38.75	25
44.11	28
60.76	29
35.42	106
35.11	191
33.82	188
34.61	118
34.61	167
34.87	185
34.04	174
34.39	187
33.73	183
32.76	158
34	176
33.3	176
32.83	186
35.03	137
33.99	80
32.89	92
33.23	86
35.11	107
34.87	123
33.44	314
33.54	102
33.77	181
34.08	155
34.55	151
33.62	168
33.34	189
33.98	162
34.13	132
33.16	173
35.27	192
33.78	142
33.94	182
33.31	170
34.24	174
32.76	177
33.91	92
33.12	160
34.2	138
33.96	181
34.11	148
36.82	17
35.32	157
44.11	20
36.11	137
34.66	123
33.57	182
33.91	186
33.76	185
33.19	175
34.3	171
34.44	187
33.53	187
33.76	112
33.38	169
34.29	159
33.21	67
33.93	167
33.52	173
34.35	179
31.95	50
32.89	191
35.16	136
35.79	153
34.49	154
33.05	68
33.31	179
33.36	189
35.03	129
41.28	32
32.64	184
34.69	175
34.11	179
34.14	141
34.23	134
33.81	161
34.93	159
33.04	188
33.71	89
33.33	93
34.26	159
34.76	126
34.6	163
33.29	132
33.33	187
33.97	190
34.4	172
32.61	99
34.02	132
33.49	62
34.21	173
33.85	185
34.64	60
33.5	186
33.79	182
32.9	190
32.74	190
34.29	171
33.21	162
34.84	124
34.46	99
34.06	175
38.87	18
39.93	45
37.19	11
40.32	38
40.25	26
43.87	12
40.35	4
41.16	34
33.72	191
33.97	192
34.08	182
34.78	178
33.27	165
33.54	189
33.04	185
33.62	226
34.33	154
34.17	170
32.67	183
33.85	187
34	183
34.49	121
33.77	179
35.08	182
34.73	151
34.01	137
35.05	140
32.73	72
32.75	187
34.74	148
34.31	150
35.04	133
40.91	23
40.08	29
32.78	130
41.72	54
34.24	83
33.88	180
42.92	22
34.98	183
33.29	69
33.77	159
33.58	155
33.92	175
33.23	173
35.71	131
34.74	153
34.37	156
35.1	184
32.82	31
34.65	115
34.33	156
34.81	169
34.64	154
34.26	173
34.21	119
33.93	192
34.3	182
33.51	190
34.44	175
33.51	182
33.94	81
33.32	175
35	117
33.14	125
33.97	107
32.76	160
33.95	192
33.5	172
60.14	28
37.72	58
41.09	12
39.26	6
43.72	17
43.32	16
38.6	31
42.88	25
42.55	21
38.9	30
33.57	174
33.17	140
34.8	122
34.4	191
34.29	185
33.85	192
34.03	168
34.12	169
34.21	128
34.01	186
34.15	153
36.64	31
33.46	186
33.32	113
41.17	8
41.01	39
34	304
33.38	160
34.32	166
34.3	173
34.3	192
34.05	105
34.15	152
33.68	171
34.26	69
33.36	125
31	21
33.73	168
34.43	156
34.06	187
34.41	161
34.6	146
34.31	184
33.74	192
34.24	184
35.17	135
34.14	83
33.84	115
34.89	130
33.71	175
34.81	130
34.36	166
33.57	184
34.5	143
35.21	111
33.69	178
35.21	132
32.92	85
33.76	190
32.91	23
34	227
34.65	176
33.46	153
33.86	159
34.19	89
34.83	207
34.35	191
33.83	183
34.9	149
34.02	119
34.99	116
33.49	182
32.31	115
33.77	158
32.98	106
33.17	186
33.03	185
33.59	135
34.45	86
33.78	158
34.81	110
33.21	330
33.39	115
33.94	173
33.96	181
34.2	140
33.29	187
34.11	136
32.85	83
34.46	183
32.31	190
32.64	192
33.24	244
33.02	184
33.3	160
33.72	77
33.38	75
31.73	46
33.26	191
33.52	186
33.97	149
34.71	158
35.3	146
32.97	62
34.09	137
34.33	183
35.02	169
34.4	129
34.5	158
34.38	167
34.64	182
35.2	146
33.7	174
34.87	178
35.08	153
35.28	123
33.88	261
34.48	179
33.88	183
34.8	122
32.46	67
33.12	189
33.88	161
34.68	170
33.23	46
34.2	122
33.2	87
33.74	78
34.67	162
34.26	156
33.82	154
34.21	155
34.49	143
34.81	159
34.58	190
33.58	192
33.51	185
33.76	109
33.42	85
33.35	177
31.03	46
34.24	120
34.13	166
34.6	110
33.55	98
34.93	142
34.79	107
34	117
34.92	136
33.65	145
32.95	180
34.25	187
31.86	31
33.83	135
43.14	23
40.06	30
34.53	171
34.26	121
34.27	110
34.74	106
33.75	186
33.89	183
33.89	92
33.65	70
33.57	137
34.19	136
33.96	189
34.21	133
34.14	170
34.53	159
33.02	170
33.7	144
31.78	57
35.2	102
34.47	119
33.06	191
34.24	144
32.97	62
34.16	153
33.43	167
40.36	21
40.83	41
42.5	13
39.15	35
37.31	48
40.93	35
43.61	20
40.32	35
40.64	37
42.3	23
33.2	161
34.82	171
34.16	190
34.53	176
34.1	132
33.58	153
33.18	184
33.54	106
34.21	166
34.49	180
34.42	182
33.78	131
34.37	178
34.2	181
34.52	156
34.29	179
32.67	165
33.35	171
34.33	174
33.4	73
33.83	228
34.77	106
34.08	148
33.38	164
33.93	160
33.7	169
33.76	181
33.81	103
33.37	157
33.19	83
34.34	131
32.23	71
33.18	190
33.13	188
34.41	178
33.46	181
33.35	165
34.04	190
34.14	152
33.85	144
33.95	123
33.26	186
33.11	186
32.77	180
33.82	184
33.18	177
34.77	172
33.69	187
34.22	176
34.26	112
34.88	157
33.88	139
34.23	164
33.61	39
33.38	187
33.61	39
34.07	185
33.56	186
32.95	85
33.83	156
40.57	34
39.72	4
39.37	34
40.44	24
40.71	29
39.12	5
40.27	32
40.67	34
42.23	29
40.96	24
33.87	164
34.22	189
35.89	124
33.39	152
33.54	181
32.88	176
35.38	150
33.69	126
33.98	161
31.31	12
40.71	25
34.29	177
34.9	171
33.66	186
39.44	17
34.42	188
39.74	28
34.87	181
38.1	68
38.89	13
34.17	173
33.57	190
33.81	179
33.88	167
32.59	189
34.02	135
34.01	182
34.49	87
34.36	169
33.76	189
40.86	34
40.98	34
43	33
40.11	27
41.21	31
40.9	34
41.97	26
41.54	26
41.98	39
39.48	32
33.97	174
34.32	162
34.17	98
33.81	132
31.88	58
34.11	189
33.2	115
33.95	137
34.27	132
35.41	145
40.23	34
39.66	78
39.83	49
42.71	22
37.65	38
41.2	38
39.85	27
39.81	34
40.1	21
41.56	32
33.22	190
34.76	128
33.71	173
34.89	125
34.06	145
33.8	177
33.6	161
33.48	161
34.49	98
33.88	186
34	87
33.87	183
42.15	9
33.51	165
35.58	164
34.27	147
33.02	192
33.93	80
34.34	141
34.32	189
34.95	176
33.58	188
33.71	187
34.37	124
34.01	185
35.26	126
34.35	112
34.13	95
34.64	127
33.94	183
35.1	123
34.36	167
33.77	188
34.25	117
34.22	130
33.96	156
32.66	94
34.29	128
33.92	190
33.61	179
34.11	165
33.61	180
34.5	175
32.99	185
33.37	170
34.48	174
45.91	36
34.94	129
34.71	185
42.38	33
33.94	103
32.92	180
33.29	183
33.83	188
33.85	168
33.49	187
33.89	172
35.07	142
34.19	173
35.52	177
34.16	186
33.29	172
34.51	181
33.83	117
34.49	166
33.63	146
34.69	112
34.59	190
34.22	187
34.72	169
34.38	147
42.84	39
37.66	33
42.11	20
34.7	177
43.06	10
41.39	43
41.15	22
42.28	44
40.9	28
34.97	152
34.37	183
34.66	183
32.75	79
33.29	59
40.19	37
39.18	21
34.67	162
34.06	89
33.61	170
33.67	189
34.07	124
35.62	148
34.44	178
33.88	174
34.11	125
34.3	123
34.25	139
34.43	121
33.83	170
35.52	124
33.33	175
35.26	136
33.7	180
34.45	155
34.65	158
34.84	127
36.13	167
33.94	184
33.38	157
34.82	163
34	85
33.76	181
35.13	173
34.51	93
34.57	128
33.81	181
33.55	81
34.86	156
35.36	155
40.04	11
35.07	135
34.04	189
39.26	31
42.4	25
34.36	184
34.76	191
40.4	28
33.94	158
33.13	104
33.79	170
34.52	179
33.31	92
33.83	176
33.56	178
33.39	148
34.38	151
34.21	180
33.05	138
33.83	171
35.33	179
35.2	154
33.6	189
33.6	341
35.04	128
34	164
33.59	192
35.39	119
35.15	149
35.59	148
41.52	34
44.16	30
42.45	27
42.72	13
40.36	20
39.57	28
40.43	3
42.33	18
42.16	7
42.27	25
32.57	187
34.7	118
34.74	175
31.23	49
34.18	189
33.64	171
34.04	173
34.36	162
33.76	107
33.09	42
39.47	21
34.8	182
45.58	34
42.59	27
34.89	181
37.96	10
34.22	170
42.3	40
35.13	172
40.2	30
33.52	181
34.46	161
33.28	138
33.79	150
33.76	187
33.14	148
33.35	183
34.08	133
35.03	191
34.62	153
33.89	121
34.23	186
32.69	38
34.41	104
33.2	173
35.76	115
34.27	178
34.2	176
35.03	178
34.62	190
35.35	166
33.49	131
34	122
33.71	165
33.71	165
33.52	118
33.74	160
34.49	181
33.71	165
34.79	174
33.05	187
33.57	188
33.42	174
33.44	152
34.02	177
34.16	184
34.67	175
34.3	160
34.07	181
33.55	169
33.58	180
33.91	272
33.99	163
34.07	182
34.3	147
34.58	116
33.56	120
34.55	105
34.76	125
34.52	171
41.67	29
37.78	0
40.02	4
42.51	6
39.18	55
40.25	34
42.13	36
43.19	1
42.97	32
44.41	20
33.36	188
34.07	187
34.11	138
34.62	135
33.85	181
34.05	148
33.85	141
33.15	108
34.84	176
33.85	189
33.87	156
32.12	172
34.92	119
33.95	109
33.47	158
34.2	124
33.7	112
33.29	185
34.97	170
33.99	185
33.99	160
33.52	68
33.63	123
41.69	23
33.94	178
34.02	184
41.96	22
34.73	102
32.88	184
34.52	184
34.38	138
33.89	174
33.48	143
34.84	103
33.59	165
34.34	148
33.41	182
34.01	157
34.6	150
33.86	177
33.4	173
34.11	150
33.58	187
33.85	146
34.62	157
34.73	146
33.95	192
34.22	177
33.13	186
35.08	103
35.32	179
35.1	99
30.59	253
34.76	288
34.42	191
33.79	189
34.51	140
34.32	114
34.24	184
34.76	101
34.05	135
34.73	175
34.09	159
33.52	142
34.25	110
33.32	182
33.97	190
33.6	171
34	192
33.67	161
35.29	71
33.86	168
33.97	172
34.2	101
34.92	182
33.02	188
34.45	187
34.22	179
34.3	190
33.09	167
34.15	179
34.03	167
33.24	168
33.48	103
33.38	185
35.06	126
33.76	169
34.73	171
34.17	160
34	179
34.65	135
35.08	143
33.86	85
34.06	186
32.22	37
33.78	134
35	115
32.48	186
33.3	178
35.02	98
33.16	185
34.15	122
33.98	171
40.93	25
41.3	37
33.55	188
34.71	143
33.82	179
33.6	169
32.91	160
34.36	95
34.15	173
34.17	168
34.46	321
34.14	122
33.29	186
34.43	93
34.4	166
32.58	124
34.56	110
34.2	140
34.28	190
34.44	179
33.72	158
33.72	185
33.87	183
33.61	184
33.24	117
34.06	163
33.64	173
38.97	40
38.84	42
39.48	25
42.05	44
40.56	5
42.18	29
45.91	32
39.77	36
38.75	22
39.17	37
33.05	177
34.75	162
33.01	171
34.05	126
34.32	121
34.13	140
34.36	138
34.07	185
34.1	87
34.79	134
37.71	19
34.2	177
32.88	191
34.23	138
34.67	189
34.19	81
33.36	173
34.88	121
33.28	175
34.48	173
35.38	132
33.25	188
33.61	169
34.59	163
34.4	140
33.71	179
33.59	172
33.72	178
34.55	161
33.8	180
34.56	116
41.5	15
42.59	0
33.27	182
34.5	104
34.35	143
40.08	21
38.96	11
32.97	184
41.75	27
42.58	32
34.96	190
34.36	179
34.2	181
34.08	171
34.82	122
34.4	180
34.13	182
33.91	153
33.98	179
34.56	105
42.67	26
34.12	168
34.19	121
33.94	180
32.98	188
38.23	27
33.18	146
33.93	186
35.29	105
34.84	125
34.88	176
34.43	182
33.08	162
33.89	91
32.49	190
33.96	98
33.85	154
33.3	172
33.19	73
33.11	191
33.4	185
34.04	186
34.03	67
34.76	139
34.46	154
34.16	120
33.62	158
34.25	183
33.48	171
34.47	168
34.25	185
34.2	179
33.82	180
35.92	145
34.5	151
33.73	182
35.97	186
35.32	134
35.04	186
33.47	125
34.13	101
33.71	163
33.78	173
33.58	148
34.41	110
33.49	135
34.64	144
34.37	162
34.13	143
33.88	154
34.05	157
33.85	192
33.5	97
33.26	186
33.69	93
34.05	182
34.32	172
34.38	187
34.02	176
33.87	151
35.05	87
33.82	185
33.16	40
34.04	192
34.05	180
35.71	125
35.32	107
33.95	87
34.44	165
34.88	165
33.93	156
34.87	130
33.6	179
40.47	3
33.79	140
36.63	21
41.08	31
34.59	102
42.84	27
34.19	103
33.49	115
34.7	156
35.01	161
32.13	38
33.86	183
34.63	187
35.11	112
34.39	152
34.19	187
35.19	98
33.96	178
33.88	174
33.25	183
34.54	151
33.96	105
33.51	185
32.16	16
34.23	126
34.07	150
34.52	185
33.69	289
34.3	182
34.51	239
35.04	102
33.75	177
34.41	133
34.28	178
33.59	186
34.52	185
33.68	183
34.23	125
32.9	156
33.43	182
33.78	167
33.55	158
34.2	136
34.06	172
33.63	179
33.64	155
33.01	185
33.8	170
33.55	184
34.23	191
33.59	153
34.02	139
35.25	117
33.93	186
33.94	165
34.29	173
33.79	191
35.08	149
31.64	46
34.13	148
33.5	152
33.73	115
32.61	80
33.75	127
33.46	192
35.04	148
33.99	125
34.64	124
34.52	78
33.84	109
35.29	153
34.83	160
34.63	146
34.34	188
35.02	168
34.81	127
34.81	115
33.94	145
32.98	67
33.36	188
34.23	252
34.18	129
33.29	158
33.66	85
34.74	175
35.11	163
35.48	165
33.84	178
32.01	43
33.48	184
34.2	161
33.27	188
31.03	21
33.88	177
33.86	180
33.48	347
33.78	168
34.05	162
34.19	137
33.76	164
33.82	147
33.35	188
34.37	171
34.06	277
34.06	160
35.05	140
34.65	192
40.87	46
33.6	174
39.7	29
34.04	155
34.43	151
33.93	168
33.37	127
33.92	63
38.92	30
35.97	162
33.62	105
33.57	178
32.63	95
33.65	189
33.37	187
32.59	164
33.19	175
33.83	261
34.15	128
33.88	145
33.63	151
33.48	133
33.17	107
33.88	177
34.93	78
33.73	153
33.85	143
33.85	187
33.16	180
39.6	8
34.52	186
42.43	8
41.15	22
42.15	39
42.1	32
39.76	30
33.96	340
39.67	28
40.84	16
33.78	177
37.09	26
40.41	40
37.22	31
41.74	20
39.62	31
34.35	105
40.78	2
34.11	170
33.91	173
34.23	133
34.95	186
33.67	181
33.97	191
33.31	158
34.2	159
34.33	185
34.04	168
41.51	24
34.89	137
33.39	189
33.47	163
33.66	124
34.73	118
33.98	114
34.84	153
33.33	61
33.41	101
34.59	167
32.28	161
34.14	174
32.88	190
33.24	145
33.31	187
33.08	151
33.72	86
33.03	144
33.87	83
34.27	42
34.34	138
33.08	190
34.76	107
34.76	158
33.5	180
33.07	120
34.78	162
33.99	166
33.81	162
33.12	161
33.44	120
34.69	97
34.35	165
33.25	183
33.71	90
33.9	179
33.67	136
33.42	186
31.54	22
34.21	161
41.95	27
33.72	173
34.12	159
33.49	188
34.53	86
33.38	191
33.82	172
33.89	82
33.64	188
33.86	164
34.05	184
33.78	98
34.31	153
33.94	91
34.5	98
33.97	158
34.18	137
34.12	134
33.86	177
34.8	121
34.8	166
33.94	189
33.66	188
33.66	188
33.95	173
33.16	141
33.86	133
33.65	173
33.57	110
32.6	122
34.14	189
34.54	150
34.85	121
33.21	119
33.81	187
33.81	149
33.88	170
33.53	122
33.44	191
33.74	157
34.11	182
33.64	141
34.15	169
34.33	178
34.14	188
34.31	161
33.64	141
34.26	140
33.38	183
34.26	156
34.28	168
33.46	67
34.05	103
33.9	106
33.32	184
33.5	178
33.42	170
34.03	175
33.54	189
33.01	149
33.67	151
34	176
34.26	93
34.88	101
34.49	157
33.73	131
32.92	167
34.31	189
34.26	184
33.33	187
33.7	183
34.35	180
34.16	166
34.02	185
34.57	169
43.18	10
34.4	185
33.3	169
35.52	168
100	0
45	10
33.88	190
34.57	158
33.42	184
35.35	177
34.77	120
33.54	173
33.54	146
34.1	138
33.58	57
34.07	168
34.11	171
34.16	138
33.35	175
35.24	122
34.49	177
34.13	177
34.65	137
34.79	163
34.66	147
36.71	160
33.82	173
34.11	172
34.29	186
35.1	98
33.99	139
34.57	140
33.58	128
33.45	180
34.22	163
35.61	130
33.31	162
33.97	158
33.33	181
33.85	191
33.6	163
33.4	140
33.31	192
34.12	162
33.37	173
33.14	175
33.66	167
33.62	143
34.88	94
34.46	139
33.97	164
33.04	122
35.08	102
35.04	157
33.74	228
33.22	169
34.85	117
34.44	178
33.38	186
34.07	118
34.01	159
33.8	184
33.54	106
34.08	84
34.77	148
33.63	181
33.6	140
33.76	138
32.8	86
33.29	172
34.67	163
33.81	136
33.69	178
33.98	163
33.5	126
34.18	155
34.52	142
33.42	173
33.56	176
33.23	137
34.09	173
34.57	143
33.44	161
34.39	158
34.02	163
32.01	160
34.34	149
34.32	181
33.79	88
33.92	142
34.1	143
33.81	154
35.12	116
33.93	167
33.12	64
32.61	186
32.85	148
34.18	181
32.89	172
34.46	192
34.56	176
33.55	97
34.12	169
33.62	180
34.05	161
34.28	97
34.11	144
34.82	140
34.28	143
34.73	170
33.21	189
34.46	169
34.12	161
33.48	164
34.02	166
33.95	56
34.83	107
33.77	69
33.11	191
34.23	108
35.29	147
34.08	161
34.81	172
33.74	176
35.22	179
33.47	189
33.71	152
33.55	170
34.07	99
33.31	82
33.63	182
33.16	153
33.42	192
33.83	98
33.62	99
34.7	191
34.13	178
33.58	92
35.39	140
32.49	41
34.36	144
33.13	56
33.63	134
33.6	246
34.38	152
32.58	191
33.57	171
32.79	101
33.4	178
35.33	94
33.7	181
34.49	240
34.32	173
34.69	164
33.42	86
35.06	151
34.7	117
34.26	122
34.08	131
33.42	106
31	20
33.29	161
34.54	148
33.58	184
34.29	118
34.16	142
32.77	191
33.95	186
32.83	158
32.92	188
33.14	184
33.08	189
33.8	94
33.18	63
33.64	179
34.2	145
34.28	115
32.93	148
34.77	179
33.45	171
34.48	105
33.52	192
33.1	191
33.37	174
34.65	160
34.67	163
34.7	117
34.17	131
33.56	106
31.01	20
33.16	161
34.6	148
33.33	150
33.87	74
34.22	159
34.38	118
34.89	104
32.91	186
32.25	181
34.46	141
33.33	261
32.49	147
34.08	174
32.29	57
35.64	123
32.77	147
33.45	179
34.45	136
33.35	144
34.76	123
34.7	95
33.83	82
33.84	176
34.79	174
34.73	155
34.09	184
34.2	144
33.92	73
35.22	176
33.9	177
33.18	57
35.27	153
34.1	119
33.94	145
33.81	169
33.82	92
34.02	87
34.83	136
34.51	175
34.17	186
34.12	177
34.78	111
33.64	139
33.79	192
38.29	35
34.33	181
33.8	184
33.46	170
33.52	156
34.2	176
33.75	180
32.14	190
33.86	97
34.38	153
33.72	94
34.23	107
33.58	192
32.32	54
33.18	120
33.91	157
33.5	106
34.27	168
31.78	35
34.94	115
34.21	186
34.26	72
33.32	188
33.14	185
33.85	188
34.12	135
33.83	169
34.33	181
34.45	188
33.01	187
33.97	165
33.87	151
32.91	165
33.69	171
34.47	170
33.76	189
35.2	147
33.67	175
34.6	137
34.77	172
33.38	191
34.37	149
34.79	159
35.09	143
32.61	93
31.66	41
34.49	140
33.28	142
33.66	189
33.63	192
34.74	126
33.34	128
34.21	187
34.34	186
33.56	173
33.66	188
35.22	183
35	145
34.73	170
33.89	181
34.07	154
33.74	189
33.71	153
39.56	1
33.54	109
35	110
35.69	176
35.25	136
33.95	173
33.91	169
34.81	141
33.65	171
33.55	173
34.32	114
33.58	177
33.67	178
34.41	139
34.08	268
33.8	188
33.76	186
33.34	158
33.95	167
34.45	153
34.06	180
33.94	156
34.35	173
34	139
33.18	189
33.76	131
33.17	192
33.82	135
33.91	148
45.61	31
41.25	31
45.22	24
45.56	39
41.22	38
41.83	38
42.31	37
42.46	36
41.92	35
36.9	6
33.63	164
32.97	111
34.73	146
34.08	91
34.37	138
35.11	163
34.85	146
34.63	186
33.78	180
32.67	69
33.51	147
33.44	156
33.92	164
33.33	175
34.74	148
33.87	173
34.4	135
33.35	184
33.34	174
33.91	181
34.28	209
33.38	148
34.83	180
33.85	143
35.13	153
34.39	190
33.38	103
35.01	133
33.88	164
34.55	162
32.47	73
34.68	131
34.07	183
33.98	171
34.36	169
34.12	182
31.47	31
34.1	108
35.45	116
32.37	62
35	124
34.19	133
33.94	122
34.32	187
33.39	187
34.39	156
34.1	156
34.64	157
34.14	91
32.26	52
34.37	171
34.06	177
34.89	191
35.76	110
40.16	36
34.36	144
34.34	123
33.63	123
32.95	183
34.58	147
33.97	89
33.32	179
34.04	182
32.45	189
35.03	109
33.67	114
34.63	172
33.87	84
35.66	86
33.81	101
44.18	23
43.23	16
36.59	3
41.66	34
42.34	28
44.13	33
42.2	36
37.42	4
39.87	29
38.78	4
34.37	183
34.1	138
33.23	186
34.19	133
34.64	125
33.3	146
33.8	190
33.96	76
34.5	181
34.32	164
41.96	7
42.4	32
39.14	18
41.43	28
41.98	26
43.29	10
42.21	5
41.76	20
42.01	9
41.15	31
33.89	189
34.99	180
36.2	31
34.55	159
34.64	90
33.37	168
33.9	172
34.03	183
33.56	179
33.98	173
34.32	157
34.38	163
31.98	35
32.85	169
35.31	127
33.85	142
33.94	186
32.78	190
33.14	337
32.65	160
33.27	180
33.62	175
34.34	158
35.04	142
33.44	173
34.14	138
34.13	98
34.5	186
32.7	124
33.52	161
34.76	151
33.26	176
33.42	79
33.39	191
33.95	108
34.19	125
34.06	116
34.32	131
33.37	174
33.79	182
34.15	129
34.78	152
34.35	124
33.33	161
33.43	133
34.22	139
34.5	138
33.29	172
34.29	174
34.49	189
34.73	118
34.11	138
34.92	137
34.12	182
33.67	156
34.81	160
34.5	167
33.77	180
33.56	125
34.89	175
40.13	7
40.04	34
42.55	30
39.32	3
39.48	31
42.33	28
39.63	30
40.54	21
40.36	38
42.36	6
33.58	150
34.64	104
32.04	25
34.49	121
34.11	191
35.08	90
34.07	173
35.48	146
32.52	65
33.17	161
33.47	191
33.22	188
33.79	181
33.65	139
33.86	157
34.46	145
33.71	178
34.02	149
33.65	175
34.17	142
33.7	174
34.82	168
34.32	122
34.51	143
33.66	175
33.42	123
33.93	178
34.15	145
33.66	139
33.11	192
34.82	111
35.01	110
33.66	178
33.64	123
34.26	172
33.33	179
33.86	191
33.37	74
35.03	115
34.09	291
35.01	133
33.96	186
34.08	97
33.89	135
33.94	155
34.5	179
35.13	88
33.97	158
33.36	169
33.56	186
34.26	145
33.8	154
33.21	151
34.35	169
34.75	138
33.88	130
34.85	171
33.79	148
34.43	156
34.29	165
34.53	186
33.91	163
32.39	90
34.19	145
33.52	150
35.44	131
33.54	132
34.44	155
33.7	143
34.17	147
33.05	60
34.97	149
33.34	182
34.25	169
33.3	43
33.7	143
34.52	158
34.5	145
34.08	178
33.9	123
34.64	187
34.38	104
33.66	185
34.37	180
33.29	155
33.74	181
35.08	157
34.61	165
33.45	162
34.32	178
34.08	166
33.57	70
34.82	186
34.33	175
33.84	166
33.28	301
33.34	176
33.63	185
33.53	134
33.51	158
33.46	110
33.65	84
33.33	147
34.05	89
33.54	187
33.7	184
33.56	188
33.18	100
33.86	169
33.79	191
34.44	176
33.4	184
33.36	138
33.43	183
33.57	191
31.36	21
33.3	174
34.98	149
34.27	175
33.36	188
34.61	101
34.1	158
33.46	152
40.11	33
33.82	169
34.5	121
33.36	188
32.58	181
33.95	182
34.05	146
34.65	191
34.38	185
34.25	182
33.91	152
33.11	185
33.26	80
34.89	126
33.48	143
33.63	178
33.9	189
34.29	95
33.11	191
34.6	148
33.48	179
33.87	93
33.37	115
35.17	146
34.75	120
34.06	163
31.83	27
33.66	141
33.53	161
33.58	154
35.6	101
33.76	189
33.39	182
33.59	179
32.89	184
34.18	177
35.17	117
35.01	117
34.6	148
34.29	187
33.96	120
33.47	181
32.97	149
33.4	107
33.07	183
33.27	163
33.27	186
33.46	109
34.57	245
33.1	191
33.84	158
32.79	172
34.17	148
33.13	184
33.54	164
33.47	189
34.68	187
40.91	32
41.05	14
44.01	10
39.41	39
39.62	4
39.79	110
40.46	26
41.03	44
42.66	28
40.94	16
33.16	189
33.62	175
33.68	140
33.35	159
33.5	170
34.53	98
33.92	80
33.04	68
33.38	188
33.43	154
34.51	120
33.47	188
33.55	187
33.22	136
41.4	10
33.65	186
34.97	192
35.44	96
33.08	124
33.7	182
33.11	140
33.18	73
35.06	151
33.98	135
34.29	154
32.46	190
34.24	109
34.38	155
33.64	190
33.97	179
33.43	179
34.08	156
33.99	293
33.92	174
33.75	190
34.51	148
34.04	148
33.58	287
32.86	166
32.26	178
34.95	184
34.29	120
34.66	177
34.57	166
33.74	172
33.41	166
35.11	111
34.09	99
34	167
34.73	175
33.8	92
33.14	67
33.9	168
32.68	66
33.33	156
33.77	181
34.15	135
33.03	95
32.7	79
32.62	186
33.69	76
33.73	173
34.92	156
34.83	176
33.13	172
33.59	186
34.28	149
33.48	147
33.65	180
34.31	172
40.57	38
41.68	27
40.84	27
38.85	3
41.71	26
38.49	118
44.04	24
38.71	63
41.89	7
42.52	36
34.06	183
34.76	202
34.22	181
34.79	91
33.9	192
34.11	190
34.23	164
33.77	162
34.84	135
33.64	55
34.31	169
34.61	181
33.83	86
33.64	191
33.63	187
32.67	179
35.77	117
33.7	188
33.67	160
32.56	36
34.31	158
34.52	155
32.52	180
34.31	145
34.94	153
33.46	166
33.85	191
34.7	115
34.82	143
33.45	191
32.7	132
33.42	176
33.36	161
33.7	87
33.82	167
33.5	88
33.84	162
34.82	146
33.19	102
33.58	88
33.7	103
33.36	156
33.26	182
34.41	151
34.5	104
34.41	170
34.28	185
33.84	231
33.71	184
33.49	190
33.86	138
33.09	190
33.46	185
33.03	168
33.61	182
33.36	177
33.74	141
34.09	128
33.69	146
34.26	149
34.56	173
34.07	140
33.33	166
33.5	174
32.99	183
32.8	191
33.23	150
34.61	151
31.54	14
33.74	170
33.95	169
34.06	123
34.93	185
33.94	191
34.07	165
33.29	69
34.24	189
33.33	177
33.54	183
33.69	157
33.36	182
33.56	185
33.48	183
33.19	187
34.27	187
33.26	59
33.95	124
33.97	191
34.32	86
34.16	142
33.88	162
34.31	109
33.69	177
35.55	162
34.02	192
33.57	179
33.99	151
35.27	153
34.37	136
35.48	179
38.88	20
34.04	152
41.32	8
33.97	191
34.33	147
41.92	19
41.43	46
43.4	13
44.53	25
43.16	39
34.99	152
33.49	119
33.58	83
34.17	173
33.86	188
34.09	187
34.07	149
34.31	144
34.76	123
33.61	189
33.29	159
34.2	181
33.1	154
34.17	86
35.24	166
34.1	174
32.71	132
33.23	162
32.86	53
34.35	116
34.88	105
35.42	107
34.36	186
34.44	104
33.66	123
33.98	118
34.56	180
34.62	115
33.86	128
35.11	178
33.22	190
32.9	99
33.93	143
34.77	186
31.65	6
34.06	184
33.45	169
33.68	171
32.69	189
34.16	121
32.89	182
34.31	97
34.53	124
34.33	187
32.89	190
34.02	138
33.88	166
35.64	149
33.39	187
34.04	137
35.01	149
35.85	101
34.79	140
33.19	175
34.64	184
33.47	118
34.38	152
34.44	79
34.68	147
34.31	126
33.37	188
33.91	210
34.34	188
35.79	142
35.95	164
33.08	159
34.19	121
32.78	172
34.53	190
33.77	190
42.54	31
44.12	15
39.14	38
36.61	2
43.67	33
42.68	28
43.1	15
43.65	20
37.35	6
39.12	28
34.11	202
33.58	157
34.64	159
34.81	164
32.78	43
33.78	100
34.24	143
35.62	106
34.29	143
34.22	140
35.09	94
34.57	111
33.87	181
33.57	166
33.26	85
33.84	189
33.23	177
34.08	175
33.96	166
33.43	185
33.64	175
33.73	168
33.5	182
35.08	148
33.81	183
32.61	70
33.91	157
34.28	184
34.25	156
34.7	184
33.74	101
34.02	182
33.94	141
34.39	148
34.27	156
34.65	147
33.76	136
33.12	134
34.63	107
33.04	170
33.81	189
33.77	141
34.46	178
34.48	130
33.3	162
33.05	105
34.09	176
33.8	140
34.52	183
34.49	180
39.01	22
37.08	9
41.69	1
44.72	7
39.35	20
42.43	31
39.67	9
43.88	25
44.11	26
40.16	22
33.54	184
34.7	176
33.44	133
34.13	156
34.25	186
33.91	127
33.87	121
33.85	123
33.98	174
33.7	142
32.92	168
33.92	167
34.71	124
34.01	128
32.92	161
33.26	61
34.05	158
33.35	177
34.32	186
34.89	163
33.25	160
34.19	183
34.7	145
33.55	118
34.09	171
33.57	162
34.88	151
34.69	166
34.18	147
33.86	184
34.62	142
33.8	84
32.71	177
33.5	134
33.92	128
33.91	184
34.68	123
35.44	136
34.17	191
34.81	139
34.07	186
33.64	145
34.63	175
33.08	175
34.5	188
33.91	189
33.53	173
34.21	181
34.41	175
34.35	175
34.37	92
34.61	129
33.96	93
33.75	173
34.41	153
33.34	174
33.7	164
34.58	168
34.69	121
34.56	132
42.81	32
43.39	23
36.58	8
42.93	23
60.34	28
39.69	24
43.04	35
46	31
38.94	26
38.24	25
38.39	23
47.94	33
40.89	36
40.63	21
42.41	7
36.81	8
42.99	31
39.06	19
44.44	28
43.27	34
34.5	159
34.37	161
34.04	192
33.73	92
34.17	190
34.73	170
33.49	119
34.72	143
34.92	132
34.24	167
33.57	143
34.64	156
34.22	112
34.42	118
33.77	140
34.62	117
33.37	190
33.11	74
34.31	166
33.43	85
33.1	177
34.96	160
34.31	143
33.33	123
35.05	190
34.55	120
34.72	163
33.18	190
33.68	176
33.33	174
34.23	147
33.94	181
35.43	164
34.87	177
34.47	126
33.59	182
33.66	170
33.48	186
33.85	169
33.51	175
34.49	99
34.27	121
33.65	182
33.74	169
34.87	170
33.22	192
33.34	173
32.73	190
34.81	164
33.79	187
34.55	173
34.22	186
33.66	147
34.67	120
34.65	177
33.99	166
34.75	129
34.35	147
34.61	149
34.09	140
33.21	187
34.71	122
33.13	185
33.15	171
35.02	186
35.21	131
33.29	185
34.33	125
34.07	185
34.59	111
33.73	179
34.58	84
33.82	147
33.21	158
33.55	135
34.2	168
33.58	179
35.26	131
34.11	148
34.95	129
33.35	181
33.6	158
33.19	61
33.5	187
33.29	81
33.11	191
34.6	164
33.98	180
35.08	156
34.26	156
35.48	133
34.2	173
34.21	187
34.05	171
34.5	154
33.91	147
33.45	110
33.67	100
34.57	191
34.19	177
35.05	170
33.82	176
34.53	192
34.48	147
33.67	162
34.28	187
33.71	158
34.16	150
34.24	180
34.13	91
34.25	135
35.07	174
34.34	158
39.86	40
33.47	142
35.35	145
33.7	160
39.76	20
34.47	146
34.26	144
34.58	165
46.01	20
46.56	22
60.47	28
34.1	148
33.78	190
61.2	5
45.2	36
43	26
36.94	179
33.67	181
34.44	167
33.74	186
32.83	69
33.76	147
33.18	186
32.84	182
34.68	177
33.37	110
33.23	171
41.31	18
44.19	19
41.04	19
40.74	30
40.43	31
40.09	21
41.17	38
42.89	26
39.52	12
42.45	29
34.78	98
32.85	181
34.07	169
34.13	242
33.86	152
34.05	108
33.78	97
33.44	176
34.52	162
33.55	185
34.14	178
33.92	148
35.63	71
33.33	180
34.73	101
32.99	81
34.15	150
34.83	145
35.5	131
34.64	178
33.42	155
34.49	192
34.13	191
33.55	172
33.59	187
34.27	144
33.96	192
33.92	161
35.17	130
33.85	179
33.82	114
35.06	120
34.8	132
33.5	188
33.82	150
33.65	127
32.98	72
33.5	181
33.26	296
34.51	130
34.46	183
34.37	118
34.68	115
34.65	136
34.14	151
35.11	130
33.54	156
34.11	154
33.66	192
34.4	135
33.35	32
34.5	200
34.03	72
34.05	112
32.8	160
32.32	30
32.68	191
33.88	101
33.21	181
34.8	123
34.01	159
32.79	35
34.21	119
33.62	175
33.17	166
33.18	170
34.08	186
33.9	188
34.65	134
33.57	135
34.34	164
33.76	55
33.76	162
33.44	159
33.19	180
34.73	141
33.16	164
33.27	183
34.19	144
33.85	178
33.47	184
43.45	30
34.04	118
33.61	157
35.24	178
44.19	31
40.21	24
33.33	118
32.75	169
33.18	184
35.26	104
34.42	143
34.63	174
33.27	189
33.37	27
34.25	149
34.02	166
33.54	170
34.35	160
34.01	178
33.76	185
33.86	120
35.15	161
34.11	91
34.26	176
32.77	20
33.33	178
34.37	124
33.64	157
33.01	146
43.11	38
34.19	157
33.28	189
42.25	29
33.03	178
42.05	24
41.31	39
34.23	189
33.86	186
34.88	148
40.46	31
33.28	191
41.01	24
43.21	60
42.35	26
34.12	144
44.79	32
42.53	34
33.57	52
34.2	170
33.39	172
33.5	180
33.83	230
33.34	192
34.71	122
33.42	170
33.34	178
33.33	161
32.27	182
33.69	189
32.85	165
33.68	191
33.35	191
32.96	191
33.62	285
33.58	165
32.79	182
33.73	181
34.29	180
34.28	163
34.14	158
33.94	168
34.36	125
34.93	155
34.71	95
33.6	169
33.61	156
33.96	135
32.17	41
34.35	115
33.6	186
33.97	172
33.91	124
33.71	132
33.9	183
34.94	145
34.68	168
33.16	182
33.29	138
33.25	161
38.74	25
41.63	18
39.42	12
40.89	42
41.16	30
41.46	28
41.05	26
43.14	34
40.16	17
40.39	1
45.9	4
42.55	23
41.86	23
42.76	22
40.72	85
41.8	28
43.68	15
41.89	43
40.3	26
38.06	139
33.62	166
34.58	124
33.48	187
33.58	69
35.04	120
33.51	182
33.55	190
33.47	188
32.88	162
33.69	184
34.11	131
34.04	176
34.07	131
33.48	169
33.53	182
33.81	166
33.82	152
33.82	183
32.79	68
33.08	133
43.9	29
40.65	28
41.2	20
45.65	44
45.61	16
37.48	9
43.32	1
41.9	33
36.74	3
41.33	39
34.15	187
32.74	192
33.54	161
33.85	153
33.27	175
34.02	125
33.97	112
34.53	133
33.84	184
33.02	192
33.87	155
33.42	98
34.3	125
33.61	96
33.61	181
32.89	58
33.37	169
34.1	183
34.67	93
33.41	189
33.79	177
34.36	159
34.68	185
34.71	130
33.09	157
33.26	192
34.36	155
33.37	181
34.45	142
33.85	169
33.68	189
33.64	190
34.36	140
35.17	87
34.56	141
34.49	173
34.69	170
34.37	164
34.02	85
34.59	136
33.93	108
33.47	107
34	311
33.54	182
34.16	140
34.24	166
33.36	78
33.8	156
32.08	45
33.97	153
34.09	149
33.97	179
34.21	188
40.82	26
40.24	11
34.53	163
34.33	114
33.51	105
33.73	183
34.61	154
33.55	179
32.86	99
32.54	163
33.39	154
34.2	149
32.42	190
32.05	174
32.52	190
33.73	187
33.67	87
33.94	175
34.74	109
34.8	126
32.58	82
33.29	191
33.91	131
34.85	124
34.47	175
33.52	151
33.96	185
34.66	119
34.52	151
33.94	107
32.46	180
34.03	116
33.09	191
33.8	340
32.21	162
34.02	152
34.08	130
34.97	201
33.05	186
33.8	213
33.18	210
34.61	207
34.18	198
34.8	166
33.46	175
34.74	200
34.44	118
33.33	209
33.02	207
32.71	213
33.8	143
32.34	209
31.83	211
32.83	208
32.76	202
32.87	215
32.22	204
33.4	177
33.94	193
32.13	211
32.25	214
34.09	185
31.58	206
33.79	201
35.04	165
32.79	204
33.23	214
35.94	66
32.7	198
32.27	213
34.06	212
33.32	210
34.16	154
34.68	163
34.97	153
33.34	187
33.99	203
33.75	110
33.79	202
34	74
33.75	185
33.91	74
33	201
32.26	181
34.02	199
33.52	194
33.39	209
30.26	196
34.06	193
33.97	170
33.3	128
33.41	191
32.4	198
32.72	209
34.27	136
33.89	96
34.02	141
33.27	195
34.57	184
33.24	207
33.05	289
32.78	207
33.3	209
33.94	188
33.29	171
32.89	298
33.85	176
33.05	170
33.17	212
32.93	181
33.23	172
33.83	179
31.99	193
32.41	217
33.22	196
34.07	195
33.84	154
32.65	210
33.45	216
33.03	165
34.28	123
34.54	196
34.44	142
33.63	169
33.58	214
33.91	189
32.8	175
33.85	175
32.3	217
33.54	210
33.4	163
32.91	197
33.78	205
32.3	197
33.47	207
32.19	193
34.64	96
33.44	163
33.25	190
33.73	204
32.48	215
33.82	278
33.25	187
32.62	215
33.33	204
34.09	196
35.38	209
33.41	163
33.08	213
32.79	213
33.59	195
34.4	166
32.87	202
33.08	207
33.05	163
34.88	146
33.32	198
31.19	216
33.02	192
33.83	185
33.03	193
33.66	169
32.23	160
34.27	189
32.81	198
33.67	191
34.3	106
33.51	180
33.56	160
33	210
34.65	184
33.28	206
32.89	192
33.2	193
32.59	205
34.73	74
32.18	191
35.09	102
32.96	216
32.82	210
34.58	173
33.82	139
33.56	209
34.52	132
35.11	104
33	185
33.4	214
33.35	202
34.49	134
33.17	183
33.96	176
32.73	212
32.36	209
33.62	199
33.92	210
33.65	175
32.63	205
34.09	158
32.84	216
33.44	201
34.24	156
33.8	199
33.19	186
32.74	216
33.83	206
34.1	162
32.93	165
33.26	180
32.58	199
33.31	172
33.37	176
34.33	182
34.22	176
34.21	178
33.34	169
33.71	177
34.2	225
32.58	202
36.03	129
34.55	183
34.48	178
34.49	132
33.05	214
33.22	194
33.13	179
33.71	198
32.22	216
33.18	160
33.14	217
33.02	186
32.65	198
34.28	155
33.96	184
33.21	159
34.43	200
33.76	217
33.4	173
33.05	188
31.76	214
33.55	197
33.55	197
33.5	178
34.65	177
32.91	197
33.13	207
33.28	197
33.21	215
32.81	175
34.1	97
32.99	206
33.03	156
32.71	197
32.51	201
33.24	192
32.7	194
32.82	216
34.54	182
33.32	210
31.94	213
32.1	198
32.32	145
34.26	166
33.53	210
32.98	182
33.04	181
33.67	183
32.61	99
33.3	107
33.26	100
32.72	199
33.7	172
32.7	195
33.51	210
33.3	171
33.43	187
32.77	190
33.29	114
33.26	159
33.31	197
33.55	203
35.36	154
33.94	177
33.66	185
32.24	192
33.61	129
35.35	130
33.63	183
34.87	200
33.59	197
33.72	164
33.59	215
34.17	198
34.07	199
34.24	209
33.02	42
31.68	210
33.28	194
32.87	217
34.82	159
33.63	199
33.73	183
33.73	184
33.07	208
33.75	206
34.23	151
34.65	181
33.76	300
