sim	len_diff
34.97	137
34.78	143
50.16	45
35.98	119
35.11	95
34.68	146
35.15	144
33.22	161
34.34	171
34.98	142
34.64	76
33.4	163
35.11	97
34.44	164
34.44	163
34.59	167
32.14	154
34.24	148
51.58	47
34.34	89
33.53	104
34.39	89
33.49	147
33.31	167
33.51	166
35.35	115
35.21	212
33.81	171
33.41	111
33.88	236
34.5	163
35.47	108
32.72	163
34.27	128
32.29	159
34.43	157
33.9	128
32.43	172
33.16	172
33.43	126
32.96	336
33.69	129
35.84	109
34.45	169
32.44	161
52.91	68
53.15	64
51.06	52
34.3	160
33.67	110
33.51	141
33.6	307
32.46	171
33.99	71
32.94	163
32.79	165
32.79	144
33.48	157
32.75	161
33.45	158
32.68	152
33.68	156
33.8	141
33.65	136
33	118
33.3	161
32.89	164
33.36	160
32.17	165
32.61	166
32.28	154
33.87	137
35.34	124
33.51	130
33.51	130
33.24	171
33.95	165
33.68	135
33.13	164
34.29	140
37.01	328
36.17	143
34.5	72
33.56	140
35.11	150
35.49	125
34.92	130
33.04	170
33.08	161
34.09	88
34.15	35
34.53	102
32.75	133
33.59	157
34.54	147
34.07	121
34.88	158
36.01	85
33.56	28
33.34	172
33.36	152
33.44	148
33.51	152
52.6	53
34.83	154
33.04	172
35.06	135
33.81	136
35.31	113
34.54	154
34.79	116
32.82	171
50.49	6
35.2	158
33.92	137
34.27	171
34.69	93
33.34	45
33.69	161
35	148
35	93
50.6	24
34.29	133
33.18	145
33.11	161
34	258
32.98	166
34.2	171
35.49	150
33.83	170
33.71	172
55.04	49
33.79	164
34.04	125
34.77	143
34.03	142
35.27	161
32.79	162
35.14	130
35.2	140
34.09	127
36.29	99
35.24	156
33.36	163
34.06	144
33.4	172
33.03	147
33.79	147
34.07	150
34.33	137
33.04	145
32.62	168
35.34	128
33.37	144
35.32	150
33.9	153
33.45	112
35.33	124
33.86	164
32.11	171
33.03	169
33.07	169
32.8	160
33.62	156
32.49	167
33.61	157
32.99	162
32.87	159
33.54	162
33.93	299
32.08	157
33.79	164
32.73	26
34.31	150
33.67	129
32.89	101
34.61	104
34.29	137
33.94	130
54.41	54
32.6	151
34.6	138
33.55	154
32.55	169
32.91	165
34.36	142
32.7	160
52.3	13
34.46	158
34.3	92
33.26	246
35.52	175
34.21	156
34.58	91
34.67	274
34.34	102
33.36	169
33.17	170
34.56	108
52.09	27
36.04	101
33.91	277
33.86	123
34.05	93
33.54	161
32.81	135
34.7	122
35.44	97
34.09	166
50.95	55
33.61	128
49.11	35
33.15	153
33.75	103
33.39	50
33.3	120
34.55	110
33.57	152
33.85	145
35.49	105
32.99	151
33.42	148
33.13	75
32.15	159
33.6	138
32.11	62
33.38	156
31.92	167
31.94	172
33.68	138
33.52	164
33.52	171
33.76	144
33.04	88
32.2	172
32.55	163
34.45	91
32.11	172
32.63	171
32.58	161
32.79	165
33.3	172
33.38	104
33.91	146
33.54	124
33.08	152
33.45	154
33.1	158
33.77	144
32.21	137
33.89	166
34.32	141
33.02	164
33.12	140
32.96	155
32.67	170
33.56	90
32.7	146
34.82	117
32.77	148
33.17	133
33.64	166
34.81	122
33.52	129
32.51	168
32.4	158
33.18	172
33.4	112
33.54	172
32.02	161
34.26	151
34.68	149
34.71	93
34.21	146
34.96	103
33.64	102
34.98	87
36.6	114
33.02	159
51.74	2
34.01	155
33.9	166
34.75	170
33.2	163
34.34	89
35.82	97
35.07	138
32.39	166
34.95	168
34.17	154
34.87	93
33.29	161
34.4	127
33.44	169
34.27	146
35.21	127
34.15	110
34.82	150
32.65	135
34.49	149
32.18	168
34.28	168
34.4	146
32.47	159
32.77	147
34.22	152
33.79	153
34.33	91
34.09	162
33.72	158
35	144
34.63	72
34.3	168
32.7	162
34.15	237
35.23	94
35.23	94
35.2	125
34.45	125
34.02	122
33.37	163
33.24	170
34.01	148
34.55	60
33.22	162
34.63	155
35.61	71
32.65	157
34.55	130
34.86	104
52.43	49
32.62	164
35	111
34.63	109
33.61	139
32.93	172
34.72	150
32.75	171
33.03	172
33.62	141
33.62	93
36.92	140
34.06	152
32.65	168
33.32	167
33.08	129
34.13	139
34.33	158
35.93	130
34.23	167
32.96	69
34.95	89
44.22	54
34.54	256
33.62	89
33.05	48
33.99	97
34.89	135
34.19	133
33.66	83
35.26	98
34.17	147
35.88	136
34.94	130
34.27	118
35.34	127
42.91	17
35.71	86
35.61	115
52.58	7
34.19	143
33.76	143
33.65	78
48.61	14
34.51	75
35.07	112
34.21	123
33.89	118
33.42	67
33.57	151
34.05	132
32.15	142
34.45	132
34.02	95
42.98	16
33.89	136
32.52	8
34.06	95
33.66	144
34.03	76
36.27	90
35.06	198
34.97	121
35.21	40
35.58	99
34.78	144
35.47	95
34.34	48
69.94	13
34.92	78
36.49	126
35.4	151
36.21	86
45.31	15
60.09	1
35.45	125
34.73	89
35.4	118
33.46	145
35.78	134
33.07	120
34.34	125
33.33	146
33.55	151
34.26	124
33.63	94
33.85	135
34.4	104
55.65	14
34.65	87
35.68	150
33.43	55
49.15	21
34.4	100
34.34	140
33.49	140
34.96	135
34.49	105
34.1	150
33.43	55
34.57	92
34.34	108
33.63	129
36.08	133
59.95	2
35.11	28
35.28	125
35.38	86
34.58	120
34.64	126
52.22	22
34.83	63
36.33	125
35.88	77
36.37	43
35.63	128
34.45	141
35.39	69
57.09	12
34.56	151
58.48	16
34.23	91
33.84	127
33.08	146
32.29	21
35.86	80
34.89	88
34.02	127
35.52	88
33.25	133
35.37	248
35.1	55
35.52	212
34.48	242
48.45	9
34.77	100
35.89	148
36.7	108
34.98	147
34.55	145
33.19	94
32.09	44
33.71	124
33.75	91
34.81	131
32.86	89
35.42	83
34.34	104
32.84	131
43.71	18
32.95	142
33.97	63
33.86	123
33.84	140
33.9	144
34.85	68
34.68	107
52.03	13
34.86	57
34.05	144
34.29	151
35.96	45
35.68	93
55.43	27
33.96	151
34.71	149
34.69	147
36.39	90
33.35	263
35.41	135
33.56	148
34.05	104
33.83	151
34.13	139
35.94	200
34.71	125
35.16	109
33.31	200
54.76	9
34.78	128
34.96	89
46.47	6
34.08	134
37.23	90
35.72	81
56.16	10
36.23	110
33.61	147
33.16	9
34.55	140
33.5	112
33.81	64
35.79	91
32.86	136
33.01	147
35.18	120
55.95	15
34.12	83
34.18	87
33.2	102
33.92	106
33.74	122
33.09	40
55.56	14
34.38	116
34.04	128
32.9	122
33.97	76
33.44	86
32	149
34	148
48.18	2
37.16	76
35.58	39
34.9	44
35.29	97
35.92	116
35.23	141
34.56	65
35.08	251
34.55	101
32.77	25
34.41	124
35.34	113
34.34	74
34.12	133
35.43	81
35.28	78
32.98	149
34.11	148
32.34	38
50.16	8
34.06	150
31.93	21
34.67	110
33.29	54
33.48	266
33.8	261
34.05	114
33.72	125
31.25	6
34.72	133
34.82	149
35.64	138
35.52	116
36.13	138
34.68	74
35.68	146
56.31	16
52.13	23
45.82	13
34.36	98
33.09	60
33.77	144
34.13	59
32.72	150
34.99	79
33.96	137
32.99	129
33.24	52
33.56	127
35.26	83
59.67	7
53.93	13
35.35	120
34.4	167
34.24	129
35.91	143
35.22	84
34.58	28
34.47	132
33.14	149
35.9	51
34.66	150
34.8	113
34.97	68
35.38	129
50.61	15
34.85	151
35.84	107
34.53	120
35.71	146
36.02	70
34.55	152
33.94	93
34.32	153
34.48	146
33.62	122
35.26	212
59.27	6
34.34	67
32.91	48
55.14	11
34.75	75
34.12	143
33.14	135
35.52	97
34.76	134
33.23	152
34.82	104
32.68	150
33.5	109
33.89	152
35.97	123
57.68	15
33.67	122
35.17	106
34.64	137
35.59	134
35.23	138
34.08	151
34.65	150
35.05	86
34.43	144
33.56	58
35.88	115
35.42	143
36.57	111
34.65	217
57.53	2
34.51	127
34.16	61
35.84	50
35.54	101
34.17	146
35.52	61
35.43	140
56.93	12
34.35	151
36.08	107
35.12	126
35	48
35	98
31.14	15
35.15	147
35.83	80
35.56	112
56.04	12
31.14	15
34.75	78
34.27	119
34.14	146
35.04	147
54.21	11
34.16	128
33.21	93
34.45	128
33.79	100
33.2	41
34.74	63
35.15	41
35.07	121
34.52	99
49.25	13
34.53	256
34.31	134
34.47	69
35.15	123
34.59	123
33.47	119
32.06	52
31.8	86
32.3	147
32.97	151
33.5	145
52.47	8
34.25	126
33.96	102
33.51	182
33.26	100
36.68	110
33.25	139
48.75	7
35.68	134
33.3	30
34.63	62
36.38	116
33.19	138
34.58	133
34.27	192
35.31	136
33.1	148
34.42	146
34.79	111
59.26	14
33.54	179
35.22	118
34.53	143
34.77	89
35.29	165
52.24	14
32.77	103
34.07	125
34.07	125
34.05	138
34.3	252
34.04	104
33.61	151
33.67	265
34.57	151
35.12	58
33.26	126
32.58	47
32.61	136
32.62	141
61.36	14
34.98	119
34.83	206
33.79	115
34.04	140
33.29	109
33.19	111
34.38	151
33.71	123
34.82	107
34.1	102
33.76	75
34.58	90
47.55	22
34.18	94
36.02	146
35.51	67
35.82	150
37.63	119
59.34	2
34.9	147
35.7	80
36.48	51
35.45	137
35.02	107
33.79	134
34.38	96
34.32	110
33.36	79
34.41	174
43.31	9
33.59	173
35.8	213
33.04	127
33.36	111
34.61	100
33.2	140
67.09	3
34.27	79
34.98	133
33.6	128
33.52	151
34.47	108
34.75	136
35.61	136
34.24	135
48.67	20
34.96	129
34.29	43
33.83	148
35.04	128
34.2	100
34.84	78
35.53	114
35.1	136
33.39	78
35.5	101
45.63	19
35.27	121
36.06	120
34.71	124
33.45	141
33.78	257
34.31	109
35.89	85
34.54	152
33.13	148
34.4	84
33.52	152
33.9	149
43.1	1
32.66	140
34.45	82
32.24	70
33.91	231
34.57	141
33.58	40
46.27	2
35.47	124
34.16	107
35.24	82
34.56	151
34.18	24
32.39	120
33.18	144
36.23	116
36.34	85
35.36	118
48.07	13
35.78	112
35.41	135
34.9	138
36.59	142
35.83	122
36.26	75
35.36	132
33.09	22
35.71	141
36.02	121
34.26	143
47.87	9
34.33	82
35.79	181
34.14	134
34.37	60
34.48	118
32.92	139
33.75	234
34.26	143
33.47	113
33.74	93
34.17	221
34.39	84
32.74	112
45.43	5
35.24	115
35.11	55
36.2	86
35.03	118
33.68	149
56.48	17
35.3	143
33.81	140
36.02	81
34.88	147
35.48	215
34.52	194
55.88	3
36.13	36
34	150
34.25	95
35.63	127
34.89	149
35.77	92
34.73	143
35.19	133
35.88	40
34.96	216
34.89	231
33.44	134
33.92	152
35.43	241
35.09	107
36.15	97
65.24	3
36.14	109
36.01	110
32.85	152
34.79	143
34.97	125
57.71	8
34.03	140
51.28	22
34.65	190
33.9	129
34.32	48
33.44	131
33.82	148
33.99	146
50.95	19
34.84	101
34.85	118
34.07	146
34.34	47
35.14	160
34.36	147
34.56	88
34.81	107
34.96	234
35.41	149
34.96	81
33.91	142
44.22	85
35.78	142
35.88	61
55.43	8
33.72	137
34.95	72
36.7	110
35.38	127
34.72	128
33.69	31
34.47	34
34.74	90
34.76	221
34.81	121
33.62	142
34.79	109
34.69	96
34.32	133
33.4	144
34.85	86
34.02	76
48.87	14
34.68	116
34.26	149
34.24	122
33.45	135
33.54	62
34.14	51
32.92	147
34.76	115
47.36	13
33.84	105
35.05	110
34.39	119
56.51	10
35.41	138
34.77	138
33.27	138
33.25	107
32.53	19
34.75	100
34.91	112
34.42	136
34.41	90
33.97	89
32.23	148
33.61	130
32.75	147
35.31	76
47.36	25
34.69	127
33.98	110
32.78	128
35.94	124
36.93	72
34.89	108
35.59	84
34.13	50
35.02	138
34.94	146
35.43	134
35.91	132
57.72	1
34.58	139
35.38	109
33.38	49
35.26	101
33.73	94
33.61	139
35.39	150
34.56	133
34.53	134
57.5	16
32	19
33.94	29
33.09	64
36.51	121
33.48	90
47.05	5
34.86	98
34.05	89
34.08	134
33.47	148
35.26	167
31.93	28
35.31	143
34.49	130
58.4	15
49.31	15
33.13	144
33.71	131
34.25	96
32.96	53
33	117
34.06	83
35.11	107
34.93	79
35.27	147
35.62	131
34.85	44
34.31	123
34.54	148
51.4	23
33.75	128
32.23	33
35.82	84
34.57	106
56.82	15
34.83	118
36.1	128
33.91	104
34.57	154
34.6	66
35.18	141
34.2	57
33.29	143
48.79	18
35.06	95
34.98	126
34.17	136
34.26	119
34.06	139
48.05	11
33.1	151
33.57	110
48.33	11
35.5	133
35.58	47
32.74	71
34.03	75
35.19	121
36.02	101
34.83	31
35.44	120
34.06	100
36	79
33.7	40
33.15	146
45.24	6
35.37	136
34.68	106
35.83	104
34.99	64
30.24	20
34.45	65
33.14	141
34	145
35.11	118
34.29	141
32.97	54
49.47	19
33.38	91
33.51	84
33.55	140
31.68	143
32.47	110
34.11	122
34.58	137
34.06	101
35.26	100
54.76	8
32.32	92
34.01	136
35.79	128
33.33	32
34.2	21
33.82	75
34.27	139
36.24	122
34.39	137
35.35	116
54.47	1
34.6	207
35.2	149
33.88	138
34.59	142
34.13	134
36.22	63
33.46	184
36.32	86
33.45	129
58.6	7
33.51	107
36.19	145
36.04	145
35.67	83
35.21	148
33.66	82
34.15	134
34.4	84
34.58	143
34.73	66
35.31	123
34.71	101
34.84	149
34.32	143
34.39	70
53.16	1
34.89	126
34.14	143
33.86	151
34.59	136
35.08	173
33.27	92
33.88	95
34.31	122
34.4	111
66	11
34.45	79
33.37	151
34.23	150
33.08	134
34.1	107
34.67	134
35.03	53
34.63	130
35.46	97
32.93	48
34.85	127
33.91	149
32.98	224
35.54	132
45.99	61
35.21	133
34.69	142
35.23	121
33.54	141
35.54	61
48.54	3
34.43	148
35.91	125
35.68	106
35.61	114
33.59	85
46.55	16
33.75	95
34.07	119
34.38	73
33.69	62
34.62	136
32.22	136
34.36	64
35.02	119
34.28	111
34.55	75
34.18	144
34.32	142
33.91	117
34	239
35.48	91
32.54	150
55.52	14
34.15	123
33.82	141
36.06	76
33.26	150
34.19	84
35.3	96
34.9	109
34.81	119
35.49	111
35.5	116
72.77	0
36	79
33.91	151
35.38	140
35.07	149
34.43	141
57.61	7
34.9	104
35.11	149
35.42	91
34.35	139
34.99	81
35.4	76
34.46	184
34.69	145
33.56	28
33.7	62
49.26	17
34.73	94
34.2	143
35.34	134
33.55	147
34.71	152
34.75	130
33.56	129
36.06	130
48.22	15
35.8	118
36.04	111
33.08	12
35.83	121
35.94	114
33.53	139
34.4	107
58.84	18
34.97	122
34.45	146
34.46	136
33.86	64
33.98	152
35.47	148
35.27	125
32.65	150
33.66	146
32.94	152
57.58	15
33.82	121
34.64	137
35.93	134
35.66	103
35.37	145
36.26	128
36.54	93
35.51	115
34.79	142
35.11	132
34.39	109
35.63	148
35.18	141
58.34	4
34.48	76
35.72	185
50.13	0
34.9	122
36.31	132
31.63	29
35.85	146
33.54	122
33.7	137
34.3	131
35.78	101
47.79	9
34.27	241
32.67	71
34.72	51
34.28	139
35.11	133
34.35	33
33.75	66
34.88	96
34.43	144
34.49	243
33.5	125
35.23	132
32.99	146
47.28	3
33.97	60
34.46	244
34.41	86
34.31	152
34.13	53
34.61	91
57.52	13
34.73	115
33.51	141
33.75	145
34.5	97
35.07	124
33.41	158
34.39	268
34.23	134
33.87	134
36.25	117
33.92	267
33.58	151
35.42	119
35.43	168
35.5	118
33.71	149
69.48	9
35.21	112
34.91	51
33.27	151
34.58	142
36.55	82
33.01	17
36.28	117
35.62	129
57.79	9
35.08	267
35.13	59
33.52	81
34.51	136
33.18	115
35.56	124
33.51	142
47.5	7
34.18	141
34.89	75
33.9	88
33.85	136
34.23	116
31.57	28
33.8	135
32.36	147
34.11	92
35.3	94
34.35	124
48.82	11
34.51	68
33.96	130
34.58	130
34.27	130
58.46	16
35.61	125
35.46	118
34.63	77
34.82	213
34.9	98
33.54	151
34.81	114
55.56	13
34.18	143
34.49	148
47.85	18
34.76	129
33.71	143
32.8	145
33.87	106
33.4	150
34.3	120
35.31	48
34.02	92
33.29	116
36.88	82
33.8	119
34.37	119
33.28	143
35.31	117
33.15	149
49.59	17
33.08	83
34.61	118
33.14	141
33.09	123
33.82	139
34.02	106
32.6	136
35.06	91
58.33	10
34.34	249
34.47	131
34.91	274
35.68	58
36.25	137
34.58	58
57.9	4
33.64	54
35.47	82
35.01	91
34.05	148
33.15	55
46.31	7
35.21	148
34.3	99
35.71	115
32.72	29
35.85	115
33.95	129
33.91	98
35.11	126
34.28	140
34.16	141
34.79	151
34.84	120
35.27	148
35.28	103
36.08	122
34.2	142
57.03	1
34.95	127
47.23	14
35.02	94
35.13	148
34.96	217
36.05	118
34.51	150
34.23	150
35.57	84
36.09	92
34.4	151
34.45	36
33.11	46
33.78	143
33.54	139
35.05	146
34.25	201
33.26	142
48.95	16
34.14	57
31.71	8
35.28	80
32.95	104
33.5	208
30.87	33
33.85	119
33.75	123
46.56	13
33.86	43
34.81	113
33.15	133
34.75	131
34.12	133
33.81	253
34.98	103
49.19	16
30.82	0
35.32	126
34.89	88
32.71	131
33.51	99
46.95	9
34.33	109
33.59	123
33.45	41
35.33	73
33.45	142
34.88	58
32.89	46
33.95	119
33.14	130
34.18	148
34.82	89
31.62	13
34.38	127
47.9	19
33.94	151
34.93	97
33.68	141
33.18	134
34.09	146
34.06	133
32.88	98
34.02	104
50.5	9
32.71	205
32.37	50
33.59	149
32.76	47
32.92	132
32.2	145
33.04	42
35.44	89
35.03	116
47.59	17
33.41	151
36.51	120
36.22	111
31.68	15
35.66	145
33.54	275
34.5	145
50.39	12
35.92	85
35.02	143
33.79	25
34.29	140
34.55	227
34.77	129
36.32	127
32.14	5
33.82	62
34.04	148
49.36	16
35.65	78
34.71	112
34.77	125
35.12	126
33.02	134
34.76	107
32.48	11
33.01	63
35	228
34.67	149
33.78	132
49.98	15
34.47	228
32.48	42
34.27	146
33.69	150
34.56	139
35.29	120
33.35	64
44.73	17
34.01	34
33.62	39
34.27	46
33.25	111
34.58	130
33.29	62
33.95	114
34.12	140
34.21	126
34.81	167
32.78	124
32.53	136
34	242
34.68	219
33.39	149
33.44	242
57.4	15
35.3	114
36.11	130
34.5	133
34.55	127
55.34	7
36.18	104
35.52	148
36.33	104
36.01	148
36.41	90
34.84	143
34	134
33.03	133
32.92	152
33.02	150
33.32	143
34.41	149
33.63	142
34.66	80
34.14	112
38.08	102
59.8	7
35.63	103
36.35	109
36.23	100
35.53	120
52.51	13
34.12	124
35.09	148
36.55	111
33.65	134
33.37	119
34.6	122
32.8	113
32.77	151
32.73	97
33.82	225
32.46	104
32.25	150
53.31	3
34.04	42
35.5	121
36.78	143
33.75	147
59.36	1
34.57	29
34.27	127
34.55	133
45.75	2
35.91	126
35.71	55
49.02	17
35.62	113
35.75	102
33.24	134
34.31	124
33.87	101
35.41	110
33.95	145
35.16	112
32.89	150
33.38	123
32.85	88
32.84	81
33.51	145
34.09	87
34.28	128
56.93	12
34.46	105
32.84	116
56.49	15
33.79	123
33.12	139
35.48	60
34.82	114
35.43	115
34.69	98
34.72	147
34.63	95
34.51	89
33.91	152
33.86	148
34.81	111
33.5	115
33.3	20
34.3	116
33.05	55
34.9	110
34.01	95
34.13	71
36.36	106
34.49	92
36.47	115
35.09	126
36.52	98
35.34	59
59.41	5
36.2	137
51.54	23
35.24	62
35.96	121
35.21	143
35.6	118
36.44	79
35.46	93
35.4	125
34.46	31
35.11	136
35.53	168
58.04	7
35.06	145
36.73	139
35.42	151
35.28	121
36.14	100
35.18	113
48.57	9
35.18	33
34.57	136
34.92	140
35.87	76
35.74	127
34.04	145
32.43	31
34.88	130
56.8	2
35.16	133
34.91	132
35.38	86
34.39	55
35.74	122
33.85	30
35.26	104
47.96	1
35.01	116
34.48	207
34.34	151
36.42	135
34.77	116
57	0
36.53	87
35.5	137
36.47	121
33.42	25
37.13	89
33.69	150
35.45	64
34.19	35
34.06	41
57.27	13
33.69	149
35.33	147
36.91	136
33.65	142
35.97	96
35.57	64
36.71	101
33.56	98
58.78	3
48.11	20
35.4	135
35.57	147
49.11	23
34.86	157
33.35	45
34.95	148
34.34	144
34.04	151
35.35	64
35.71	86
56.32	2
35.3	118
35.36	119
34.77	151
34.83	11
34.72	146
35.75	120
35.65	138
36.22	141
35.48	124
36.04	129
33	136
34.89	247
33.62	142
34.68	142
35.02	95
33.58	118
35.75	81
50.81	23
33.83	92
32.39	145
34.61	86
34.27	93
33.26	91
32.67	152
33.6	134
32.85	150
33.72	61
56.06	12
34.34	139
57.29	13
33.79	85
34.6	123
33.6	136
33.52	81
34.33	147
35.02	90
33.88	130
34.48	135
34.02	145
34.92	147
33.47	62
33.3	123
45.15	13
32.85	138
35.3	147
59.23	15
34.7	137
34.7	143
34.38	232
35.85	135
33.41	145
34.96	184
36.55	142
36.66	63
37.34	114
35.84	107
34.76	96
36.26	143
58.18	16
35.92	143
35.28	64
35.06	118
34.97	140
36.11	93
53.74	18
35.97	90
34.22	109
35.4	131
56.18	7
35.05	133
35.5	252
36.15	61
36.17	146
35.93	110
53.75	6
35.87	71
35.05	268
35.49	71
34.72	148
34.78	127
33.96	87
34.79	109
33.7	94
33.05	142
34.35	130
33	139
32.38	16
58.57	16
33.79	99
35.58	144
35.01	72
34.04	143
57.24	0
34.69	71
35.26	138
35.6	121
35.35	142
35.77	39
36.56	93
35.34	126
34.98	45
35.4	76
34.08	152
35.64	138
35.63	187
35.32	125
33.95	133
54.4	3
34.59	137
36	100
35.36	128
35.06	91
48.03	3
35.26	149
34.89	146
34.14	93
35.11	114
35.32	91
35.67	99
33.28	53
46.61	8
34.52	224
33.43	112
33.84	258
34.7	147
34.48	147
33.77	151
33.39	127
34.54	243
36.52	75
33.9	121
34.19	117
36.07	121
33.82	152
34.58	104
35.08	45
33.78	36
56.03	13
36.48	100
36.49	138
34.34	135
35.35	130
34.93	29
34.57	139
35.29	128
35.28	117
36.24	132
58.72	2
36.27	122
35.32	98
34.64	130
35.08	107
35.22	135
35.48	151
35.59	59
35.5	150
35.27	131
57.58	4
34.04	55
34.43	148
33.34	149
35.56	74
35.73	122
36.06	99
35.28	121
34.98	134
36.2	125
34.77	145
35.84	137
32.81	142
33.69	145
34.69	138
34.11	59
33.2	113
56.44	16
34.77	116
34.15	141
34.31	89
33.29	139
35.79	103
35.15	144
35.68	101
34.17	54
34.2	253
33.89	148
57.59	7
36.45	136
35.64	94
35.14	141
34.58	139
50.01	21
33.42	137
33.21	132
33.79	149
34.84	140
33.22	150
34.9	122
35.16	95
35.61	106
33.01	148
34.09	124
34.15	97
34.79	102
35.25	133
34.3	116
34.19	149
41.45	51
33.99	108
35.73	110
33.59	64
31.91	18
34.2	129
35.05	123
46.66	6
35.49	147
32.84	136
33.72	128
36.25	132
33.78	69
34.25	112
33.53	82
35.48	183
35.11	243
35.11	148
35.17	146
34.93	140
35.9	133
35.96	115
57.49	8
34.81	93
34.45	131
35.69	128
32.87	151
34.69	189
34.8	137
55.72	10
34.42	211
34.46	73
34.29	151
35.84	132
34.32	151
49.69	12
32.25	35
57.45	14
33.85	93
35.15	174
35.29	118
33.77	137
35.4	92
35.67	143
36.16	120
52.98	8
35.32	120
35.28	144
36.01	131
34.65	145
59.96	5
34.54	100
34.66	147
33.35	152
59.49	17
34.14	47
34.38	104
35.59	95
33.65	104
35.13	56
34.31	108
33.82	111
33.52	113
33.73	96
34.73	125
35.02	122
48.31	18
34.36	89
34.59	140
34.57	139
34.83	198
33.35	147
34.88	132
55.88	5
35.15	99
35.06	139
34.46	147
34.65	104
34.32	127
33.98	128
35.51	143
34.29	147
33.22	130
33.92	30
33.94	157
33.71	120
34.52	92
34.79	165
34.84	145
57.31	13
33.5	138
34.45	137
33.91	79
35.97	102
35.01	137
33.87	110
34.66	124
49.23	15
31.9	6
34.84	148
37.05	113
34.99	154
33.93	59
35.43	62
34.87	151
34.49	135
34.9	89
54.03	11
35.06	117
33.89	138
34.77	90
34.49	104
34.18	134
34.21	139
33.02	70
33.94	64
32.86	117
33.99	59
33.14	138
32.99	120
34.17	134
47.43	13
34.05	132
34.25	140
34.38	95
33.77	132
36.08	109
33.51	147
32.67	18
34.64	135
59.03	16
35.67	128
60.56	17
34.1	117
48.67	19
34.52	135
33.4	149
35.07	103
34.98	138
33.97	147
35.9	141
34.65	137
33.39	94
34.56	144
33.81	48
44.17	96
34.89	112
35.52	160
33.93	150
34.41	108
35.73	141
36.04	116
33.88	140
34.73	145
34.23	17
33.4	36
34.46	144
35.74	70
46.08	2
35.21	136
35.53	137
34.1	139
36.52	149
34.49	53
34.45	80
34.29	123
33.73	150
36.4	96
56.74	15
45.6	12
34.27	149
33.51	101
34.46	141
34.5	73
32.84	136
34.77	84
35.57	117
35.68	98
67.23	10
35.85	122
33.78	129
34.88	85
34.49	66
34.41	150
34.66	77
55.71	17
32.86	93
33.1	137
34.15	52
34.62	88
33.56	140
33.24	146
34.2	86
52.72	17
36.21	81
35.34	119
34.8	103
35.81	42
34.13	143
36.17	107
37.2	79
34.77	94
35.31	188
33.71	126
33.15	142
34.43	81
33.92	117
50.18	12
34.13	109
56.56	15
34.22	114
33.44	124
35.1	65
34.2	149
35.01	134
35.59	123
34.19	159
34.69	119
33.75	127
36.79	131
34.65	120
34.95	137
48.11	2
34.22	87
34.14	131
33.61	143
34	57
33.73	121
33.59	75
56.75	8
33.08	137
33.48	130
33.09	152
34.35	118
33.85	96
33.96	118
34.57	274
50.81	21
33.68	152
34.12	144
33.66	148
34	152
35.15	117
34.02	85
33.45	150
33.77	106
35.14	54
45.9	61
34.54	108
35.02	143
35.51	111
35.41	135
35.87	64
34.25	81
33.06	136
35.1	61
34.75	98
33.66	129
35.35	122
33.71	42
33.65	141
32.96	147
35.73	109
34.19	89
34.24	151
34.4	110
36.18	133
35.38	116
32.77	90
47.53	12
33.64	91
34.15	89
34.15	77
49.69	13
34.06	137
34.77	139
36.19	120
35.75	131
34.8	140
34.99	176
34.38	90
35.73	91
35.66	147
35.61	145
36	89
36.42	126
35.12	107
35.67	150
34.98	147
35.96	119
34.5	133
35.06	148
57.64	3
35.16	83
34.9	94
35.53	180
35.22	189
34.69	52
34.35	62
33.14	144
32.01	25
50.57	19
35.32	99
34.52	122
34.19	70
34.9	73
33.39	151
33.93	79
33.7	147
35.16	98
33.27	51
34.66	127
48	17
33.9	135
44.91	18
34.03	219
33.9	74
31.81	35
34.19	96
32.95	125
34.17	147
34.73	140
34.56	152
33.94	117
33.86	128
35.11	139
35.6	106
33.7	126
34.64	151
33.95	134
34.94	148
41.9	47
33.55	132
33.54	137
35.51	83
33.45	68
34.22	68
33.98	262
35.39	152
35.46	126
49.17	15
35.47	134
35.07	148
35.57	65
34.77	142
59.95	4
35.31	106
33.43	104
34.87	212
34.71	240
34.05	121
34.49	134
35.39	152
36.27	144
34.84	119
35.14	150
36.63	67
35.62	118
34.95	127
34.97	55
35.8	125
56.27	21
34.98	145
48.6	7
33.69	131
35.25	76
35.48	119
36.18	142
33.61	98
36.11	115
33.9	147
32.93	39
34.48	131
35.09	129
32.99	151
34.64	136
35.79	115
34.99	143
34.84	141
50	15
35.3	121
33.32	38
33.86	96
33.84	143
44.28	16
34	137
33.84	135
33.5	129
34.27	104
34.63	78
33.47	119
33.48	150
32.9	143
35.68	118
56.49	6
34.81	122
48.45	7
33.45	130
36.22	119
36.6	137
34.94	55
33.89	129
35.9	108
34.51	147
33.44	127
34.02	101
33.85	132
52.41	20
33.24	125
35.28	207
33.93	81
33.86	135
32.87	119
35.6	96
33.51	137
33.1	118
33.73	104
32.27	147
33.77	109
33.97	67
50.64	14
34.72	95
33.02	79
35.36	102
35.39	107
34.49	120
34.96	143
36.35	106
34.76	148
56.04	4
36.33	78
34.07	151
35.69	84
35.94	128
36.59	93
58.18	3
34.79	129
36.21	212
35.37	151
35.85	146
36.15	63
35	149
35.77	138
35.38	133
33.49	148
49.41	5
33.85	56
34.98	114
34.13	146
35.79	54
34.55	136
34.29	143
34.93	145
33.41	122
33.39	149
33.4	152
33.12	176
34.41	125
58.19	11
34.39	128
33.94	108
33.28	125
34.17	148
36.23	92
32.48	149
34.07	126
33.64	258
58.45	12
33.18	72
34.51	141
32.67	150
34.21	111
34.03	48
34.75	106
34.16	104
33.01	51
33.79	106
34.21	60
34.42	146
33.7	127
58.08	12
33.84	72
34.38	90
35.24	221
34.78	127
35.24	82
34.45	113
34.12	130
34.8	117
36.05	108
35.06	108
35.32	88
55.15	2
34.19	134
33.53	149
34.3	114
33.21	122
33.9	102
35.19	64
34.87	142
34.96	95
48.22	18
35.37	102
34.22	133
34.12	98
34.52	86
47.56	15
35.74	87
34.49	136
33.52	61
34.79	121
33.7	151
34.36	61
33.92	122
34.21	130
32.8	140
33.64	115
50.31	16
33.71	140
34.22	148
34.63	109
34.17	143
33.22	135
33.96	137
35.22	148
34.43	128
33.78	163
34.42	106
57.92	8
33.97	136
33.84	149
35.02	96
34.99	147
35.41	103
35.72	97
33.59	17
36.17	78
34.56	142
35.54	90
35.22	104
34.79	90
33.71	87
59.39	17
45.92	31
34.31	66
34.97	150
34.07	136
34.61	130
35.64	127
35.15	146
34.59	69
32.99	19
33.5	148
34.65	103
33.97	149
45.38	5
34.97	107
34.85	119
35.69	123
35.4	131
34.38	117
34.94	100
36.35	121
34.97	100
35.78	92
35.37	98
34.9	129
35.67	59
35.09	232
34.19	112
100	0
34.86	129
33.94	56
34.54	137
32.73	47
33.83	111
33.83	150
34.07	150
34.68	134
35.27	90
34.57	105
35.34	143
35.56	70
36.25	87
35.39	133
47.23	61
36.1	141
33.5	129
35.62	130
35.38	137
34.02	148
35	141
36.87	131
36.58	122
35.46	102
34.6	147
35.63	135
35.83	122
34.87	54
34.91	40
34.82	170
35	152
34.13	130
33.3	113
33.75	138
50.04	21
34.26	55
33.83	101
34.11	274
33.02	148
34.24	82
33.77	61
33.62	113
51.77	17
35.23	144
32.17	125
34.18	84
34.36	62
33.88	145
33.71	70
34.04	128
34.72	119
34.12	69
58.97	17
34.86	127
34.52	118
32.97	81
33.95	109
34.46	114
32.25	122
33.28	74
34.97	150
32.74	85
47.08	13
35.03	112
34.02	137
34.3	115
34.49	120
35.74	94
33.03	127
34.5	105
35.54	201
34.94	131
33.86	61
34.74	86
32.75	135
35.65	68
56.6	11
35.19	91
34.48	90
35.05	137
48.13	10
34.02	82
35.18	84
32.73	139
33.31	150
33.44	89
33.07	136
34.22	189
33.54	87
34.24	137
33.9	223
55.85	7
34.03	105
33.84	98
33.88	140
32.77	18
34.53	78
34.61	74
35.12	102
34.78	187
46.36	16
34.07	115
34.59	136
34.23	128
48.38	16
35.61	81
34.65	120
35.53	78
33.18	101
32.63	150
34.81	128
33.26	147
33.99	148
52.13	17
34.11	148
33.6	41
34.2	65
34.53	106
34.6	142
33.94	149
34.68	206
33.97	131
43.22	19
35.58	133
34.07	137
37.02	108
34.81	53
35.64	48
34.44	122
35.12	151
34.45	151
33.18	113
33.86	123
34.61	110
36.72	100
35.18	92
34.05	142
33.81	151
34.89	142
35.16	254
51.98	22
34.36	135
34.41	148
34.09	271
35.08	109
35.32	120
34.75	147
35.39	120
33.32	23
33.11	63
33.9	144
33.86	148
34.06	91
58.89	17
33.4	63
33.81	74
33.54	124
35.11	115
33.86	113
35.15	128
34.59	118
34.37	119
33.56	152
34.73	29
33.52	142
48.04	14
36.49	122
33.39	251
34.52	87
35.7	135
34.72	48
35.47	123
34.65	110
33.65	152
56.86	17
34.05	74
33.57	117
33.85	104
34.62	204
33.5	139
34.01	89
34.72	125
32.5	140
58.88	17
33.4	63
33.79	74
34.39	145
34.78	127
34.07	113
34.77	129
34.59	118
34.39	119
33.82	137
36.92	166
34.37	95
33.67	144
33.95	61
35.19	258
52.53	23
32.16	24
33.95	96
35.44	121
34.24	103
34.52	123
44.96	9
36.05	116
33.3	10
33.43	266
34.44	89
33.53	148
33.9	113
33.84	91
34.87	132
34.87	136
35.67	62
36.81	113
56.32	10
35.3	256
34.65	147
35.03	126
36.48	83
35.6	80
35.54	108
36.62	71
36.59	134
36.93	118
56.52	3
35.63	142
34.43	245
34.61	126
36.17	125
36.36	133
33.65	103
33.68	249
31.36	2
33.65	142
34.09	130
31.22	10
34.43	126
44.8	1
34.25	112
34.02	92
35.02	131
35.41	94
34.25	150
33.04	30
33.41	125
34.28	144
35.2	142
45.17	6
34.43	100
33.53	151
35.56	86
33.88	137
35.31	93
34.29	51
35.11	107
35.09	142
42.95	105
33.65	144
34.4	146
36.08	135
33.89	35
32.43	21
34.66	152
34.93	114
33.91	152
34.32	136
35.15	136
33.66	104
32.44	20
42.05	6
34.09	129
33.64	116
34.48	113
33.33	132
33.42	92
33.52	103
34.17	141
33.93	43
41.97	50
35.3	127
33.25	40
35.91	79
35.3	142
34.9	142
34.16	134
35.81	85
55.52	0
34.35	143
33.43	232
35.14	130
34.25	58
34.11	152
34.32	117
35.64	134
35.27	95
34.42	132
34.13	120
56.15	5
35.4	139
36.25	169
34.64	223
49.28	15
33.38	140
47.53	37
35.62	87
36.24	110
34.29	75
35.18	110
34.33	151
34.84	257
35.3	147
65.86	13
34.47	133
34.46	40
34.11	151
34.02	121
34.58	115
33.28	151
34.18	60
34.89	187
33.09	38
35.74	98
34.5	42
35.46	115
35.98	52
35.58	118
35.72	88
48.45	5
35.73	64
35.9	129
34.33	242
34.7	87
34.29	149
34.16	151
35.94	128
33.63	132
34.11	132
33.69	101
46.53	24
35.1	142
36.06	152
34.52	105
36.13	97
49.76	23
36.06	87
36.33	132
35	130
34.36	152
34.86	123
33.72	135
33.93	139
33.7	28
33.91	132
54.97	4
33.71	143
34.58	81
35.33	106
34.83	169
33.83	128
35.02	107
35.27	149
35.46	66
34.54	85
36.9	122
49.83	5
35.02	237
33.73	93
35.49	94
35.06	107
35.72	133
34.51	116
35.84	111
49.43	22
34.78	120
34.43	83
33.3	55
34.32	41
34.14	152
35.01	168
32.31	147
55.58	11
34.35	144
35.89	137
34.95	86
36.42	136
35.25	106
35.14	131
34.78	72
35.37	188
36.57	123
34.11	140
36	122
34.38	87
35.61	86
55.83	15
32.73	115
35.19	119
33.49	137
33.39	104
34.9	139
56.06	6
36.35	112
36.13	121
36	136
34.74	149
33.98	149
34.24	127
35.48	102
34.15	134
35.63	130
33.38	76
32.93	144
34.94	139
33.97	149
34.96	104
34.61	204
47.41	17
35.32	132
34	109
35.23	87
36	131
35.72	82
35.49	147
35.63	125
36.45	94
34.49	46
36.95	89
34.49	260
35.79	152
47.73	2
35.03	141
34.44	139
34.48	59
35.22	128
51.87	35
35.08	153
36.06	152
35.27	189
34.77	143
33.45	33
33.36	134
32.17	152
34.62	139
33.07	152
33.94	144
41.09	47
32.87	107
34.62	88
34.59	77
33.47	139
34.19	114
33.78	133
35.63	167
32.91	37
33.82	103
35.1	107
56.76	9
34.79	119
35.27	130
34.37	116
34.57	147
34.57	105
34.62	142
46.29	11
35.02	88
34.97	224
33.85	247
35.72	122
33.63	132
34.63	74
36.28	95
34.79	96
36.11	96
33.62	38
33.57	129
33.23	107
33.55	152
45.46	22
33.15	152
33.95	135
34.2	77
35.23	125
33.9	135
35.41	88
51.1	11
34.15	122
34.92	91
33.58	97
34.57	60
32.09	149
45.61	2
36.18	108
35.9	109
34.73	270
33.44	152
36.67	121
36.03	103
60.87	3
34.4	146
36.31	156
35.03	88
34.16	87
49.2	11
35.22	147
35.49	129
35.44	110
33.48	143
36.45	74
34.52	128
35.63	121
32.8	150
34.51	118
34.37	142
34.29	66
50.27	19
33.39	69
33.2	136
34.5	190
33.99	114
33.58	83
33.87	145
34.11	118
33.47	149
32.68	150
34.23	114
34.38	131
33.18	136
34.41	128
50.4	19
34.09	66
33.9	152
33.43	136
50.13	24
33.43	136
34.28	177
34.18	122
33.45	136
33.43	136
33.43	136
33.75	128
33.9	43
33.79	147
35.11	81
50.43	16
33.92	152
34.22	60
34.03	65
34.18	122
35.18	152
35.22	197
34.81	121
33.48	133
33.92	75
58.63	9
35.08	121
33.36	150
33.28	112
32.77	124
33.93	138
35	131
34.75	180
34.9	107
32.94	148
47.54	16
33.56	80
33.26	24
34.75	95
35.49	147
33.36	146
35.09	89
41.76	50
34.38	125
33.77	121
34.97	104
34.59	122
34.25	106
35.28	105
34.66	112
34.13	139
33.43	121
34.13	135
49.9	3
33.86	120
33.1	121
34.36	87
33.62	141
34.04	55
33.46	126
33.39	85
34.21	55
34.69	77
34.21	122
45.05	9
34.84	142
34.93	151
34.1	231
35.72	135
35.1	111
35.12	125
32.81	38
34.72	152
34.03	247
33.73	148
33.49	103
33.78	45
33.69	105
33.89	85
45.12	19
33.24	111
33.34	152
34.77	134
34.04	52
57.38	9
35.17	146
33.77	108
32.53	139
33.59	142
34.32	147
33.09	133
34.05	92
34.92	140
34.26	121
35.31	139
34.12	16
34.5	133
34.88	107
31.94	1
35.65	125
35.92	148
34.07	115
35.28	144
34.38	136
32.56	31
34.18	100
35.04	186
44.96	12
34.04	117
32.28	16
34.35	47
35.1	135
34.99	132
35.77	99
35.11	98
33.56	150
34.63	104
33.37	151
33.35	109
56.81	10
34.13	118
33.63	104
33.35	88
46.21	17
34.89	119
32.37	39
32.96	24
34.32	133
33.75	42
33.79	124
32.54	135
34.1	175
58.9	17
34.85	150
33.55	74
33.27	134
35.17	79
34.26	114
34.25	107
35.07	129
34.33	111
33.19	121
33.57	129
34.06	147
33.85	93
33.86	147
33.14	73
33.58	152
34.03	148
34.95	135
55.93	7
34.65	126
34.87	128
53.02	12
34.59	136
35.76	49
34.06	37
33.47	148
59.56	3
34.47	81
36.1	119
35.48	84
33.83	152
45.97	12
34.38	113
35.35	151
36.13	65
33.58	55
33.59	8
33.94	117
35.29	127
34.88	151
35.17	151
57.37	0
34.3	137
35.39	174
35.64	46
35.58	133
35.7	103
34.82	136
35.43	80
35.14	131
34.35	101
30.43	24
34.31	94
34.62	116
53.7	15
33.11	138
33.13	132
34.4	63
34.34	90
34.49	125
33.1	145
34.75	130
35.4	110
34.46	133
33.86	130
34.39	214
34.73	79
33.01	138
33.88	149
34.02	121
36.09	159
34.5	142
34.25	109
36.98	134
36.07	95
34.15	104
34.51	141
35	146
33.83	146
51.97	7
34.45	78
32.96	101
35.02	104
32.2	147
34.78	98
63.75	10
33.02	130
34.7	147
34.41	146
33.03	145
36.04	88
34.95	75
34.24	130
32.64	52
35.1	148
35.41	129
34.92	118
49.64	16
33.21	152
34.34	94
35.87	140
37.61	104
35.39	99
34.19	88
59.6	7
35.3	125
34.07	95
35.34	120
53.27	4
34.16	129
34.43	102
34.77	132
34.3	149
34	55
50.16	15
36.35	119
35.17	104
35.83	181
33.34	149
34.83	117
33.8	121
34.43	40
34.21	139
34.41	136
34.23	96
34.54	165
34.97	123
34.78	125
34.67	109
36.12	119
35.41	107
33.57	108
34.65	128
34.87	105
34.6	93
35.27	236
35.09	135
36.04	94
46.72	10
35.59	102
35.23	141
33.34	251
56.4	14
34.54	138
36.13	125
34.47	118
34.51	98
33.53	108
34.61	208
34.87	134
33.7	146
33.98	159
33.75	129
34.18	95
34.1	142
47.48	17
33.95	149
34.74	138
33.5	97
34.31	147
35.06	74
34.53	68
47.31	8
34.22	87
33.91	138
34.98	123
34.92	106
34.46	142
32.16	45
33.91	117
33.61	149
33.97	176
34.16	116
44.81	18
33.74	146
33.47	139
33.6	106
34.34	108
34.76	77
34.3	107
33.8	72
35.46	145
33.98	144
35.85	109
36.01	64
35.53	77
35.14	145
35.42	104
33.68	55
56.68	7
34.23	254
32.9	119
35.4	98
34.16	245
34.23	118
33.7	136
34.25	88
33.74	145
34.02	40
33.57	98
35.97	101
34.39	152
34.95	71
35.95	124
36.45	82
36.29	108
54.77	9
34.31	143
35.02	116
34.5	138
35.25	146
34.9	104
36.14	134
56.53	7
36.6	122
34.79	128
35.05	105
36.94	96
35.3	136
34.75	68
34	117
48.53	17
35.04	139
34.28	113
35.19	64
35.15	122
34.37	80
34.42	205
33.29	152
34.1	100
33.31	75
34.76	47
35.29	79
33.49	144
49.77	15
34.67	63
34.99	123
31.99	25
34.97	144
34.78	123
51.53	10
34.83	151
35.15	113
35.04	152
34.56	99
35.04	94
35.99	123
36.04	58
34.14	139
34.11	122
35.65	220
34.32	149
48.01	11
34.29	60
33.92	237
33.81	143
35.09	107
34.04	152
33.76	143
32.86	115
35.33	93
34.46	134
32.78	129
33.98	109
34.08	80
34.14	142
34.75	119
34.71	150
34.92	109
34.24	121
34.87	150
44.92	19
34.09	125
34.08	148
34.96	78
36.18	69
34.39	127
36.26	81
33.64	150
33.6	128
35.89	112
35.48	93
32.62	150
33.91	106
35.08	125
49.99	10
34.38	52
33.91	51
34.7	146
33.83	137
35.95	104
35.1	122
35.55	117
34.46	148
35.17	120
33.72	114
56.65	4
36.1	137
36.14	119
33.61	51
33.97	270
32.28	48
35.08	136
35.59	63
36.23	106
34.37	227
34.1	120
34.5	109
34.52	101
48.5	17
49.69	15
34.48	91
34.73	144
34.52	58
33.57	34
34.45	131
34.11	139
34.71	143
34.73	87
34.09	148
34.72	71
34.53	124
34.26	134
34.26	134
34.29	58
33.36	112
35.15	106
33.89	143
33.43	152
55.78	10
35.24	138
34.57	267
35.55	137
33.55	142
34.19	146
36.69	119
35.58	102
35.31	142
35.98	71
35.43	110
34.09	149
35.04	142
34.6	146
36.27	140
34.84	117
34.33	150
34.26	241
33.88	151
34.26	174
34.62	142
56.15	0
34.36	133
34.56	64
34.95	91
35.85	111
36.07	88
35.8	149
35.5	140
34.64	90
34.68	149
34.08	103
34.93	122
33.75	101
34.48	114
32.03	151
34.85	90
36.15	129
34.56	110
32.94	140
55.23	15
33.27	152
35.62	113
33.81	111
35.02	110
34.18	87
34.3	211
33.2	57
35.24	195
34.12	194
48.88	13
34.3	149
35.27	137
33.87	149
35.13	146
34.66	116
34.62	98
35.15	222
34.71	103
46.18	6
33.24	147
34.05	235
33.91	127
33.68	38
33.93	65
33.86	147
34.74	110
34.61	57
34.86	206
59.15	16
34.5	149
33.32	150
35.06	148
35	119
49.62	20
36.34	122
34.39	141
34.44	56
33.57	41
33.59	148
35.5	102
34.56	95
60.11	8
34.48	147
32.6	34
33.51	27
34.48	150
35.02	75
35.06	84
34.61	78
34.76	95
36.49	123
35.74	149
35.4	144
34.17	142
34.65	138
34.73	41
34.06	125
57.97	7
36.82	87
36.81	74
35.68	134
57.32	7
34.05	138
35.44	102
34.73	149
34.64	126
33.89	121
36.44	142
35.84	122
36.09	121
47.15	16
34.71	122
34.32	132
33.6	60
33.73	56
34.33	128
34.17	119
35.28	150
34.17	117
33.77	34
33.68	152
33.82	84
34.67	116
47.77	17
32.88	62
34.11	96
36.69	82
34.4	119
34.5	126
34.93	113
34.72	111
33.71	115
35.52	126
34.34	141
35.07	121
35.21	115
57.1	8
33.7	80
33.57	138
33.68	112
35.02	125
34.5	150
34.01	121
34.09	135
35.14	169
34.13	231
34.45	148
32.93	150
54.17	10
34.24	191
34.79	120
33.65	132
35.32	63
57.29	8
34.5	147
34.14	142
33.06	114
34.04	122
33.96	54
32.99	151
34.31	148
35.22	97
33.47	149
33.75	144
48.2	18
34.61	143
35.09	130
33.59	150
33.63	84
34.25	143
34.04	83
35.44	151
34.25	72
36.7	113
42.46	59
34.49	55
33.46	72
34.31	134
35.05	172
34.84	117
33.93	150
33.69	126
33.9	135
48.61	18
35.54	87
34.27	94
34.73	130
33.97	152
33.5	14
33.24	139
47.56	18
35.09	62
33.52	128
33.28	150
35.03	131
34.34	106
34.83	54
33.7	119
33.74	145
33.43	99
34.82	186
32.76	152
34.43	236
47.95	20
34.92	149
34.06	143
33.38	148
33.41	149
33.37	124
34.46	96
34.2	238
32.16	29
36.37	136
32.93	142
33.85	143
34.54	57
32.72	27
35	138
34.01	150
48.4	20
34.01	143
35.97	140
35.72	138
36.66	68
35.38	133
35.85	90
35.08	101
68.16	15
36.06	123
35.77	54
35.16	73
35.13	125
36.31	73
58.08	1
35.98	123
35.09	137
34.2	144
35.22	118
34.08	25
35.1	65
34.01	134
35.75	195
34.67	108
33.71	124
33.7	129
34.64	89
33.81	129
53.38	15
34.76	150
34.02	152
35.26	117
34.69	144
35.62	115
37.03	61
52.1	12
34.59	122
35.04	120
59.5	2
34.77	77
34.94	261
33.95	139
34.19	108
47.17	19
33.85	150
34.04	122
32.68	148
33.08	78
34.17	139
31.8	82
33.68	143
33.62	92
34.48	239
34.29	142
34.22	162
35.32	108
35.26	136
35.84	110
33.63	121
35.26	133
47.99	20
35.29	76
48.07	13
35.38	123
35.83	71
34.89	141
34.27	128
34.2	51
34.59	150
33.62	77
33.9	149
35.09	140
47.1	11
34.5	118
34.91	81
34.36	124
34.98	110
35.17	243
34.01	105
32.05	18
35.28	80
35.31	151
32.76	135
34.08	37
34.8	95
61.3	14
36.38	78
35.35	118
34.09	151
35.78	148
34.96	129
31.84	22
33.61	95
35.84	202
33.31	62
35.09	116
33.04	149
34.66	135
33.25	139
34.55	174
33.18	33
35.06	98
34.02	55
33.51	134
33.38	104
33.22	147
35.64	124
34.92	142
35.46	104
33.78	144
33.36	48
32.47	136
33.5	151
36.23	149
34.57	135
46.41	10
35.3	151
54.91	8
34.42	116
33.67	139
33.84	135
35.46	105
33.76	98
35.08	118
34.77	126
33.81	122
57.49	15
33.59	136
34.34	127
34.04	117
34.23	91
34.1	93
31.63	58
49.25	2
33.64	138
34.1	120
33.4	152
34.4	129
32.88	143
34.06	115
33.81	132
33.89	98
35.52	122
55.38	11
34.63	90
35.2	124
34.4	128
33.93	106
34.06	93
35.18	87
34.98	96
56.75	14
34.45	94
33.68	145
33.9	84
34.38	123
35.69	98
34.43	119
33.8	151
33.73	139
33.69	125
34.86	150
35.68	129
33.58	137
33.96	96
35.15	124
35.82	126
32.7	146
36.47	101
35.58	94
59.21	15
33.18	22
32.95	99
33.85	139
32.33	41
32.47	72
33.6	139
34.62	82
34.31	139
33.77	101
53.76	1
33.43	134
32.57	137
34.66	118
57.79	11
33.25	42
33.75	48
34.62	121
33.77	121
33.46	152
33.99	117
34.48	151
33.73	99
35.44	109
34.45	134
34.8	127
34.29	149
34.39	151
34.07	78
33.68	139
48.04	20
56.33	2
33.97	265
34.4	125
33.37	85
33.28	152
33.25	147
33.58	65
34.46	128
34.18	137
33.59	116
58.39	1
34.65	121
34.55	135
33.93	147
34.26	130
34.24	157
35.89	110
35.78	136
35.39	123
34.3	117
35.6	92
35.03	149
34.36	128
35.65	137
35.65	138
35.13	120
52.65	1
59.71	14
36.12	132
34.65	151
35.48	143
54.9	8
34.16	129
31.84	32
34.91	121
34.07	143
34.13	152
34.11	152
33.96	200
32.95	151
33.74	151
34.24	88
33.57	147
33.62	152
33.7	114
33.66	115
32.17	152
33.07	143
55.51	6
33.63	101
34.97	91
35.4	116
34.92	267
36.32	110
36.58	143
56.7	5
35	54
35.64	92
33.96	142
35.48	73
35.02	149
34.12	148
34.72	121
34.74	132
35.15	138
34	145
33.37	142
45.6	61
34.54	148
34.19	71
33.22	121
32.98	56
45.48	2
34.04	88
35.78	124
34.24	221
33.85	144
34.46	58
33.75	133
34.53	94
33.76	130
32.85	23
34.83	140
35.08	76
34.65	145
33.15	140
34.28	108
35.66	122
55.61	0
34.71	67
33.39	126
33.85	72
34.08	122
35.12	84
34.26	131
32.93	145
33.27	115
34.06	40
51.22	23
34.28	143
33.5	143
34.04	116
34.56	106
34.24	151
34.21	231
34.74	145
35.73	124
53.81	9
34.84	77
33.66	90
35.62	97
34.99	119
35.08	76
35.31	110
34.5	126
59.84	8
35.2	89
34.88	222
35.52	131
34.42	144
32.8	150
32.4	128
33.04	140
33.36	265
50.82	1
32.1	146
35.36	117
32.29	135
32.07	152
33.01	37
34.35	123
35.25	119
47.53	18
33.36	83
35.12	80
34.05	67
34.17	100
35.02	147
33.59	133
33.65	110
46.31	10
34.74	70
33.58	96
35.99	126
34.34	118
34.51	57
33.92	114
31.9	139
33.62	104
34.25	137
33.56	153
33.76	144
34.36	155
32.27	164
33.61	170
34.88	143
33.97	155
43.11	83
34.43	155
34.83	123
34.56	119
33.65	133
32.34	163
32.42	152
32.64	148
32.75	169
33.82	141
34.64	140
33.62	160
33.22	138
32.71	165
35.24	111
33.42	146
33.54	156
32.73	165
32.86	141
32.86	161
33.41	157
33.74	168
33.1	169
32.59	148
32.79	166
32.48	168
32.27	170
33.79	331
33.81	330
33.77	165
34.7	167
33.86	283
33.27	157
34.9	102
33.6	131
32.88	172
32.31	152
33.99	169
32.89	155
32.46	162
36.4	110
31.85	159
32.82	119
34.36	132
36.13	91
33.76	134
54.16	59
35.18	112
35.43	86
34	124
33.5	129
33.42	24
33.22	146
34.6	142
33	157
32.63	172
33.86	167
36.34	133
32.61	163
35.48	116
32.97	166
48.48	48
33.7	151
34.3	134
33.03	169
34.21	150
33.73	171
33.29	142
34.1	162
38.99	36
34.14	118
33.77	171
34.89	91
32.52	154
50.3	35
34.8	157
33.12	28
34.52	86
32.33	312
33.06	131
33	343
31.37	14
33.26	162
35.62	134
33.83	133
33.65	166
32.97	168
34.49	124
33.57	150
33.94	153
33.75	161
33.76	112
35.24	119
33.54	139
36.2	113
33.15	159
33.6	145
34.56	155
33.98	149
33.69	164
34.08	144
32.12	150
32.7	162
33.54	153
34.89	111
34.53	96
34.02	172
34.21	148
32.23	170
34.27	150
31.64	300
33.68	172
33.23	150
35.56	95
33.95	145
32.61	162
33.65	124
32.74	139
35.49	145
34.48	95
33.88	125
33.34	165
32.72	36
35.33	100
34.04	102
32.36	105
33.64	138
31.62	163
54.12	61
34.38	156
32.28	167
35.59	109
34.07	119
51.14	17
33.29	139
32.79	138
32.89	162
32.71	171
32.83	166
33.31	276
34.14	60
34.54	149
33.92	113
33.02	156
42.47	16
34.58	165
34.65	113
33.15	169
33.72	159
34.68	134
32.23	154
35.66	159
33.63	140
33.06	170
35.26	122
35.8	107
34.72	116
34.11	153
33.77	342
50.1	83
35.69	126
34.96	153
32.34	100
34.79	93
33.41	155
34.33	254
34.33	143
34.75	143
33.47	148
36.2	120
33.77	71
34.6	261
54.08	12
35	128
33.54	170
34.73	109
35.39	116
53.12	25
34.21	129
34.52	95
35.11	139
35.19	141
36	120
34.19	129
33.2	151
33.89	151
33.93	155
33.94	72
33.51	38
35.9	104
33.1	139
32.79	169
32.63	156
34.36	112
34.88	167
33.71	94
33.71	94
33.91	155
32.04	172
33.64	227
34.19	130
33.59	136
33	100
33	100
33.4	141
33.8	130
32.9	126
34.58	163
34.29	171
33.67	161
33.67	161
34.31	118
34.08	170
33.77	160
33.69	128
34.63	135
33.12	162
33.7	168
32.08	164
33.6	142
33.96	159
33.93	142
32.05	40
33.43	115
33.15	116
33.45	167
32.9	63
33.84	157
33.2	131
53.01	72
33.56	129
35.15	154
32.98	172
34.36	143
34.13	171
33.39	155
34.22	121
33.85	105
33.69	292
34.43	120
33.69	153
33.63	333
32.11	166
34.37	134
33.18	118
33.16	132
33.17	57
53.5	26
34.85	94
35.35	142
33.43	160
32.36	150
34.23	132
33.52	155
33.5	155
33.56	160
34.75	93
33.37	171
34.11	244
33.64	114
35.29	155
35.11	152
52.71	30
