sim	len_diff
33.07	54
32.95	66
33.42	27
34.13	35
33.83	105
34.39	43
34.31	44
33.1	93
32.49	118
33.68	20
31.74	58
32.62	61
33.86	54
32.85	40
32.72	119
31.83	81
34.65	46
33.5	82
32.97	120
32.95	50
34.13	57
33.27	56
32.88	71
33.34	82
35.03	55
32.6	48
33.32	38
34.07	83
33.61	52
32.48	85
31.13	53
34.97	56
31.54	22
33.61	32
34.29	29
32.74	80
34.81	60
32.64	58
34.48	53
32.44	47
31.78	42
31.44	55
31.91	60
31.56	84
31.58	98
33.85	104
32.02	111
32.59	26
32.59	26
32.04	41
30.89	46
33.3	75
32.88	45
32.8	47
33.51	49
32	61
33.39	45
34.45	49
31.06	22
34.81	60
33.13	48
32.95	52
33.32	57
31.47	44
31.57	56
32.96	97
32.63	51
32.17	59
33.67	37
33.67	37
33.67	37
33.76	51
34.23	92
33.03	102
34.55	53
31.41	23
31.17	6
33.72	50
33.38	56
31.36	59
32.14	56
35.52	47
31.86	47
31.38	41
31.67	86
32.79	31
32.38	22
33.64	46
32.22	48
31.5	116
32.31	122
32.8	122
33.44	98
33.3	67
35.83	53
32.65	111
33.31	69
32.95	50
33.21	113
31.67	15
33.77	53
33.77	53
38.1	30
33.72	56
36	55
31.91	60
32.7	100
33.68	48
32.61	119
34.68	56
32.48	71
33.63	33
33.7	53
33.43	61
33.88	28
33.77	55
33.68	20
32.55	38
32.83	99
32.4	42
34.25	52
32.22	108
33.65	48
36.34	38
32.8	61
30.95	58
33.61	51
34.93	58
33.25	55
31.89	79
33.34	97
32.94	47
31.71	103
33.99	56
32.17	77
32.49	80
33.23	56
34.23	69
31.79	45
32.74	51
33.43	83
32.25	57
33.29	50
31.42	98
33.77	47
31.45	122
31.86	55
32.65	31
32.21	31
34.34	45
34.18	98
33.34	94
31.96	96
34.28	54
30.39	21
30.87	49
32.36	37
33.67	49
30.49	61
31.73	54
33.97	44
33.88	52
34.31	44
34.31	44
32.04	56
31.91	61
31.29	49
31.59	49
33.48	49
33.37	21
32.98	70
32.89	22
33.58	48
36.94	43
32.04	56
32.84	29
32.24	77
31	52
34.39	54
34.58	47
31.6	58
31.57	95
32.25	65
33.96	21
32.96	114
34.29	33
31.31	61
31.05	116
30.59	60
34.09	32
32.52	44
35.54	43
32.87	58
32.4	61
31.91	47
33.05	47
32.16	120
34.38	57
32.41	58
34	38
34.86	56
33.06	46
33.79	42
33.72	59
32.55	61
33.56	11
31.8	61
31.9	57
33.05	56
35.07	37
34.71	17
34.69	57
31.16	46
34.01	33
30.27	52
33.59	57
32.5	112
32.04	107
32.86	46
34.41	67
33.73	53
32.77	56
33.84	36
33.54	33
32.54	54
32.18	49
34.2	54
31.68	58
31.77	61
33.67	97
32.62	36
34.22	44
31.31	61
32.67	36
31.07	51
31.4	49
32.03	53
34.54	40
32.26	55
34.5	65
33.77	57
31.98	50
31.36	54
32.85	60
31.81	59
34.69	49
31.84	45
32.07	55
31.86	39
32.35	61
33.31	53
34.42	47
34.06	42
31.96	42
31.15	56
32.43	36
33.18	53
32.53	59
32.25	43
33.72	60
33.34	42
32.97	55
31.91	56
30.99	56
33.49	52
31.81	59
32.86	56
35.01	37
33.87	60
31.53	61
31.93	87
31.54	58
32.79	79
32.13	87
32.2	120
32.79	31
33.92	93
32.86	50
32.42	87
33.7	48
31.75	53
31.75	61
33.94	46
34.32	23
32.97	120
32.9	40
31.79	121
32.95	115
34.81	37
33.23	39
33.23	43
34.05	47
33.45	57
34.59	28
33.05	57
33.72	21
35.47	107
35.66	27
32.5	59
33.82	55
34.69	27
32.63	60
32.39	81
34.02	44
32.12	29
30.73	60
33.28	27
36.07	60
32.31	57
34.82	37
33.37	80
34.22	36
33.16	60
34.61	45
35.18	13
33	57
31.32	55
35.12	42
32.63	100
32.24	59
33.74	92
34	57
32.32	46
32.97	56
36.72	38
31.25	20
35.03	30
32.92	106
34.87	79
33.68	32
32.59	10
34.59	65
32.38	74
32.77	41
33.98	50
34.51	34
35.75	23
36.07	23
33.2	53
32.64	49
33.31	50
33.63	121
33.45	53
33.11	117
33.47	105
32.01	118
34.22	52
33.3	122
31.76	16
32.4	1
33.16	14
31.64	21
32.14	81
32.51	27
30.53	38
34.59	52
32.93	33
32.92	82
33.34	35
34.54	52
33.09	45
36.95	30
35.86	39
33.56	23
33.9	16
33.51	32
34.35	21
33.46	88
32.29	49
32.13	41
33.56	34
32.77	43
33.12	27
35.62	60
32.99	68
34.03	44
31.95	23
32.96	36
30.46	45
32.93	87
30.06	42
30.97	9
30.9	54
33.54	49
31.61	20
32.95	51
31.44	48
32.63	91
33.32	42
38.08	19
42.29	58
33.23	48
32.83	40
36.28	20
33.12	84
32.95	24
33.07	87
34.69	46
35.78	41
35.9	44
35.81	76
35.09	7
35.72	39
37.17	49
33.55	54
35.51	17
32.9	15
32.19	79
32.37	16
30.95	45
32.22	45
31.61	22
32.47	62
32.13	65
32.46	72
33.27	56
33.75	27
31.54	23
31.43	52
31.68	41
33.17	70
32.82	96
31.11	83
31.53	95
33.8	55
33.03	44
37.02	58
32.09	34
31.91	38
33.98	15
33.71	53
35.2	65
31.36	52
35.41	25
34.74	74
34.9	49
32.89	50
38.26	39
34.64	39
33.83	38
34.27	93
34.19	92
36.3	36
32.58	49
37.04	42
34.84	67
31.5	65
33.86	66
32.22	45
32.59	35
32.83	69
33.69	30
35.04	67
31.79	33
33.18	49
32.78	38
37	42
34.01	59
33.62	53
36.11	78
34.56	96
33.11	45
33.46	97
34.84	36
35.57	49
31.63	51
32.61	35
32.32	53
32.31	44
32.16	89
33.63	56
33.14	46
31.62	37
32.5	82
33.16	67
30.65	78
34.26	38
30.6	54
33.41	48
33.2	85
32.2	50
30.59	4
36	48
30.61	52
31.68	92
34.03	85
32.84	37
34.18	93
34.68	28
32.28	44
33.72	61
35.75	41
32.58	95
33.06	25
36.77	44
32.49	53
30.97	54
33.95	56
34.45	65
30.86	77
32.79	42
32.49	34
31.36	54
31.13	88
32.27	4
32.56	94
35.22	46
34.56	85
35.68	70
35	54
31.86	54
35.11	93
33.63	31
33.54	53
35.8	31
33.44	48
31.56	89
33.37	57
32.09	23
32.86	45
33.54	40
31.97	87
35.47	58
31.61	36
30.95	37
31.19	47
33.66	64
30.24	46
32.09	42
33.39	27
32.76	25
32.43	96
33.12	49
32.87	56
34.07	38
32.54	53
33.32	32
35.91	46
35.09	28
34.99	38
38.12	44
34.64	74
33.76	94
32.41	47
35.67	63
32.84	27
32.36	26
33.87	52
34.53	23
35.02	46
36.09	47
34.36	28
33.48	67
31.74	27
35	43
32.01	50
33.68	62
33.18	38
33.9	65
32.45	49
34.28	22
30.96	51
33.67	22
34.73	51
32.76	78
36.01	46
34.41	27
33.94	65
32.22	51
34.23	40
35.64	85
35.68	34
35.41	59
33.84	52
34.53	50
35.28	49
33.1	50
32.61	88
31.25	40
31.61	50
32	79
30.67	33
30.16	24
30.77	42
32.59	52
37.34	38
34.59	29
35.59	27
32.16	50
37.25	34
38.44	38
34.01	53
32.72	24
36.88	52
35.85	33
34.42	38
33.97	61
33.38	73
35	54
34.56	43
32.36	42
34.16	8
33.14	92
35.81	28
31.55	50
33.5	39
32.63	23
32.14	54
32.81	48
33.54	36
33.37	82
33.49	84
34.73	85
33.43	45
33.92	68
31.32	86
34.49	50
31.47	52
32.45	51
31.13	11
32.78	44
35.14	41
32.48	69
34.68	83
33.22	52
33.06	39
32.85	79
32.23	95
34.83	34
32.19	68
31.4	46
34.29	37
31.91	82
31.62	95
31.58	71
38.59	23
34.89	53
34.63	34
35.52	47
34.56	52
34.59	36
33.61	83
37.68	35
33.86	31
35.42	54
35.37	24
34.42	89
33.5	42
34.33	41
35.64	40
35.14	46
34.3	51
35.52	43
34.11	68
34.69	50
36.37	31
33.98	52
31.64	54
34.36	47
35.21	66
33.87	47
32.63	45
36.65	49
33.86	93
35.18	89
31.13	37
33.74	31
30.84	52
33.34	76
32.04	46
32.93	61
32.75	29
32.86	97
31.77	39
33.18	38
32.78	29
32.33	27
34.8	48
33.27	95
34.09	57
35.57	53
32.77	60
35.59	33
32.24	96
34.58	50
30.56	18
31.59	41
30.58	91
32.9	58
32	94
33.08	43
36.57	42
31.21	53
34.07	84
32.15	60
33.2	78
34.65	72
34.65	74
33.45	53
34.2	66
35.43	52
35.06	74
34.49	86
32.97	38
33.7	15
34.31	95
34.95	86
37.29	81
35.54	44
38.3	27
33.5	83
32.33	84
32	41
34.98	51
31.22	41
32.99	33
34.19	31
31.4	96
33.09	41
31.01	36
32.89	22
31.91	44
31.43	46
31.03	25
32.69	68
33.17	55
32.81	33
34.55	37
33.25	84
31.73	54
33.92	87
34.09	50
31.9	54
34.09	32
34.49	75
30.6	52
31.45	38
32.99	40
35.7	52
35.53	48
34.4	78
34.08	49
33.65	56
33.98	76
34.44	66
36.51	33
34.14	9
35.35	14
32.76	70
33.26	57
34.07	39
32.99	76
37.77	39
31.65	47
32.71	30
34.66	30
33.89	13
34.22	31
33.45	40
35.02	32
33.11	95
30.44	17
32.84	31
34.58	9
36.28	39
33.37	87
32.37	47
32.18	63
35.31	77
33.88	50
33.18	37
34.26	33
33.22	33
32.57	41
33.37	52
32.48	20
33.67	54
32.87	54
33.96	46
35.26	87
33.66	93
33.18	79
35.94	49
33.85	74
32.61	38
35.16	27
34.86	43
33.35	41
31.73	54
31.3	81
32.04	60
31.95	47
33.54	39
31.6	24
31.3	33
31.11	83
31.64	63
30.77	77
34.06	44
31.48	39
32.95	33
30.33	1
34.14	37
32.86	19
33.45	79
34.13	38
33.15	89
36.88	20
36.7	45
34.36	51
33.18	54
31.82	25
32.32	96
33.88	28
34.15	79
35.88	29
34.71	14
33.04	30
35.09	42
34.49	23
33.89	35
33.67	97
34.7	75
33.26	81
33.94	36
35.32	39
37.17	37
31.92	54
30.39	43
33	53
31.86	45
32.3	54
31.04	49
31.23	35
33.31	53
31.45	87
32.8	31
32.98	50
36.86	28
34.06	53
31.71	5
35.03	17
34.2	90
35.38	34
33.66	22
37.31	23
33.26	62
34.33	54
36.41	60
32.4	8
34.74	38
39.16	17
35.87	88
35.09	79
35.17	72
35.24	45
33.27	40
34.24	73
33.72	67
35.69	54
34.98	36
30.96	54
34.21	49
35.25	31
35.09	46
34.56	50
35.52	9
34.86	61
34.64	81
35.18	52
34.71	96
35.31	90
34.5	24
33.74	1
35.12	90
33.38	96
33.6	30
33.43	72
33.55	53
32.84	39
32.52	46
32.07	97
32.78	0
33.95	48
32.88	51
33.56	24
36.64	34
34.11	39
38.99	52
32.51	7
33.47	10
34.1	33
33.93	24
35.18	45
35.25	54
37.52	24
32.5	37
33.77	33
32.18	18
34.02	16
34.26	91
31.11	51
36.4	39
31.9	44
34.72	75
34.6	73
33.24	54
36.9	34
34.22	9
33.4	95
30.89	51
36.38	41
35	42
33.52	97
34.5	48
32.59	86
34.29	38
30.39	22
32.72	30
30.98	51
32.12	95
31.37	35
32.3	50
33.91	35
32.64	85
33.32	20
33.72	85
35.39	20
32.89	28
34.08	47
35.03	39
33.97	33
34.03	31
32.81	36
33.21	86
32.13	20
33.41	50
34.08	42
31.1	34
33.15	26
30.95	52
30.01	48
34.24	76
32.76	50
32.37	82
38.76	19
33.32	52
34.34	97
33.65	41
34.98	7
34.44	21
33.38	43
34.45	20
36.13	37
33.63	39
35.83	26
32.47	20
32.53	77
32.86	52
34.4	41
34.04	35
31.44	4
31.74	27
31.97	48
33.36	17
33.43	90
31.22	12
33.29	43
35.34	56
32.1	93
31.82	12
32.27	35
34.92	47
33.94	41
31.69	45
31.9	35
33.15	49
31.72	30
31.85	44
32.5	43
32.85	39
32.78	65
31.47	70
34.22	29
31.91	28
33.5	52
31.74	7
34.08	57
32.48	39
33	97
33.27	53
33.46	49
30.8	54
33.12	52
31.93	30
32.25	92
35.25	56
33.32	48
32.25	46
32.95	45
32.52	48
34.72	23
33.99	86
32.63	36
34.86	50
33.23	38
33.23	38
32.27	49
32.26	33
33.23	38
33.23	38
33.23	38
34.27	46
32.9	52
33.23	38
35.21	61
35.02	53
34.32	47
35.52	85
33.67	47
34.38	62
34.23	51
33.22	73
33.09	31
36.09	45
32.53	38
32.68	28
32.87	54
32.43	44
30.44	54
33.07	70
32.03	33
33.02	91
31.44	48
31.97	46
31.51	53
33.49	33
31.54	51
33.13	36
32.72	40
33.4	60
33.94	50
33.85	41
31.79	57
31	52
31.58	92
31.15	49
31	52
31.03	41
31.63	35
34.07	60
31.5	19
31.98	58
30.72	12
34.33	35
34.94	47
32.74	65
33.1	83
30.65	48
34.03	67
31.89	78
32.45	15
33.13	87
32.72	48
32.73	50
32.86	39
32.53	54
33.34	41
33.97	46
32.29	43
31.09	22
32.06	48
34.27	39
33.36	33
34.64	50
32.71	26
34.67	80
35.13	69
35.78	41
35.87	44
35.79	53
34.84	50
34.59	27
32.45	86
33.18	69
33.3	71
33.53	96
34.38	38
34.53	25
33.46	84
33.41	76
34.82	76
34	80
34.86	50
32	18
30.96	82
32.69	76
31.93	85
32.74	54
32.07	28
32.25	20
31.83	41
33.94	79
32.24	82
33.03	65
31.13	21
32.95	44
33.04	54
31.26	36
34.33	33
34.09	44
40.47	4
30.93	52
36.89	31
35.33	37
32.31	51
33.34	81
60.23	4
35.8	51
34.39	89
34.03	66
32.91	26
35.07	38
33.43	87
32.49	67
30.57	33
31.13	1
33.23	33
32.97	83
33.62	39
32.01	35
33.25	51
32.04	23
31.48	39
31.85	25
31.45	44
33.16	28
32.71	46
35.35	43
32.61	54
31.06	30
32.95	45
35.14	35
35.43	58
33.55	20
35.87	32
33.69	42
34.18	47
34.76	25
34.29	95
33.12	50
34.05	82
32.73	51
34.59	52
34.43	87
36.4	34
32.95	40
34.83	37
33.63	75
33.75	43
35.14	97
35.43	41
33.62	85
33.6	23
32.31	30
32.75	92
33.37	74
35.25	38
33.83	51
33.58	68
33.41	65
33.74	95
35.24	92
31.16	45
33.13	28
34.48	40
35.38	35
33.87	41
33.39	92
32.1	34
32.62	88
34.5	39
34.67	18
32.79	27
32.07	61
32.81	76
32.98	85
32.84	53
33.66	30
33.54	88
33.85	73
32.69	39
32.82	79
32.35	95
35.09	38
31.03	46
32.63	40
34.53	52
32.63	42
32.09	95
31.95	71
34.31	50
34.59	48
35.02	31
34.32	76
33.77	37
36.96	80
32.86	29
35.37	70
33.37	90
32.73	44
34.07	28
34.14	37
33.4	52
35.07	54
36	29
35.64	58
33.54	33
33.45	62
34.72	76
33.56	64
31.92	29
34.74	36
33.03	47
35.62	51
33.67	53
34.11	38
33.75	48
34.5	31
30.83	24
33.73	74
30.83	6
36.54	52
31.04	93
32.26	43
33.16	17
34.2	53
31.73	38
34.6	33
33.97	69
31.09	20
32.54	40
35.05	39
31.85	2
33.47	81
32.37	93
32.85	34
30.69	6
33.96	97
31.35	40
33.48	3
32.87	42
32.96	47
33.13	46
32.4	25
34.6	92
34.03	96
33.68	51
35.14	52
32.74	92
36.61	48
33.56	49
34.71	30
33.78	47
33.56	39
33.97	91
33.88	47
34.5	66
35.77	43
34.99	52
32.83	66
31.4	22
32.04	51
32.59	83
32.32	58
35.16	44
32.85	83
32.86	81
31.97	92
34.49	84
31.92	48
34	51
32.06	43
32.69	77
30.81	34
32.59	36
32.09	63
34	54
30.98	12
34.36	36
33.39	41
33.9	76
34.55	43
35.36	12
34.17	4
31.55	27
32.95	56
34.27	76
30.98	52
34.81	71
34.72	54
33.81	22
33	29
32.18	27
32.1	88
33.55	89
32.22	22
33.7	62
33.61	26
31.77	85
33.09	31
33.3	46
33.13	13
33.53	4
31.47	96
33.11	59
32.28	38
33.06	50
30.9	48
32.01	81
33.98	34
31.65	76
33.11	44
33.4	61
31.73	38
31.97	42
31.74	25
33.41	48
33.51	85
31.68	69
34.09	92
33.27	89
34.39	67
33.86	60
31.77	49
33.64	93
33.82	93
31.81	3
33.62	90
34.3	96
32.09	55
32.97	48
33.27	83
33.38	74
34.41	90
34.14	8
34.72	11
32.31	32
31.41	47
32.46	46
34.82	52
33.57	48
33.62	40
34.94	90
35.97	16
34.79	79
33.65	46
33.5	48
34.78	72
34.45	52
36.03	50
34	48
35.03	66
34.98	34
36.3	38
32.96	36
33.8	77
34.49	53
33	35
33.94	97
32.87	82
31.11	29
31.43	46
33.95	28
31.5	93
32.97	35
31.46	17
32.78	95
34.62	31
33.87	67
32.45	52
34.83	35
33.6	21
31.38	12
33.07	48
32.69	69
33.56	39
30.68	89
30.85	90
34.22	24
32.43	24
35.87	20
33.39	50
32.72	27
34.03	35
32.77	17
34.06	40
32.19	49
33.7	92
31.32	7
33.07	30
33.45	43
30.5	21
30.29	4
30.78	30
33.23	66
30.73	94
31.65	41
33.13	92
32.14	83
33.13	36
30.28	10
30.18	52
31.18	84
33.48	29
33.66	52
33.18	72
30.33	44
31.73	90
30.5	84
32.27	80
32	35
33.17	87
30.68	52
30.22	73
31.47	49
34.41	39
33.03	61
32.9	39
33.01	49
33.91	25
33.72	46
31.42	38
34.93	70
34.13	53
32.76	46
33.38	13
33.63	42
34.54	34
35.48	48
34.1	3
34.05	54
34.09	54
36.41	68
33.37	53
32.98	90
34.23	75
34.79	36
34.1	26
32.53	70
32.51	42
32.85	25
30.24	9
33.77	35
34.76	24
31.7	22
36.4	50
34.63	74
32.84	21
31.57	32
34.99	63
34.95	84
32.85	32
33.16	94
34.11	52
32.92	51
34.1	50
32.57	7
31.6	97
34.1	82
31.72	50
32.74	8
33.24	44
32.06	90
32.18	65
31.16	16
31.64	75
31.71	53
33.68	80
30.9	78
35.18	31
31.62	76
33.64	38
33.21	68
32.36	27
32.85	24
33.01	16
32.24	51
34.73	33
34.91	47
34.42	17
34.33	77
33.35	4
33.75	51
35.37	70
35.05	86
33.49	23
33.63	65
31.66	84
32.53	84
32.51	65
31.46	85
31.74	75
32.76	70
32.59	35
30.71	14
31.68	24
37.3	37
35.78	62
34.81	22
36.9	35
34.59	77
35.04	27
37.78	38
35.23	53
34.58	52
32.25	51
34.7	88
30.46	46
33.75	52
30.77	53
30.8	49
31.61	52
32.48	60
32.39	24
32	88
33.57	32
33.45	86
32.68	52
34	31
32.47	1
34.83	87
34.43	23
34.39	34
34.63	97
32.78	46
34.61	39
34.13	33
34.97	50
33.03	90
36.1	79
35.83	65
33.01	72
34.41	36
33.38	63
34.29	41
34.97	46
34.34	74
32.18	49
31.88	49
32.68	97
31.79	67
32.21	29
33.3	66
31.81	21
33.9	26
31.07	30
32.68	54
32.12	77
33.71	47
32.77	51
34.21	48
33.26	49
30.92	53
31.98	32
31.77	26
32.09	52
33.5	46
32.51	80
32.29	45
32.53	84
33.01	52
32.23	55
35.09	57
33.78	51
32.02	4
35.28	21
33.98	49
34.14	47
34.81	43
35.81	74
34.89	62
35.01	14
34.74	89
33.31	45
35.9	14
33.76	73
33.84	40
35.73	56
35.5	15
36.08	79
35.31	92
34.88	36
35	41
35.83	29
34.43	45
34.59	85
32.87	2
32.94	35
35.18	53
33.79	42
35.47	19
35.46	80
32.89	48
39.71	42
34.95	40
37.77	38
34.09	89
34.52	39
36.88	53
35.41	64
31.07	54
35.12	80
34.42	49
35.87	27
35.37	82
32.34	22
32.63	17
33.8	60
34.38	46
36.52	41
33.13	72
35.19	10
34.05	30
32.47	14
33.24	22
34.8	93
35.56	71
34.67	45
32.87	94
33.08	53
34.71	40
35.48	62
33.1	39
34.26	53
34.2	26
33.45	51
34.22	47
35.06	29
33.23	53
34.92	5
33.83	49
35.31	36
36.63	21
36	42
33.66	54
33.7	60
34.61	25
32.37	67
32.87	50
36.64	51
35.47	52
34.01	74
33.6	95
34.64	28
34.91	49
34.48	73
31.3	21
33.26	33
33.07	53
35.71	78
35.41	41
35.19	81
36.04	24
33.74	36
33.94	50
36.18	45
34.57	33
33.77	49
35.64	74
33	31
32.19	40
32.1	71
32.76	84
33.35	49
31.9	13
33.92	30
33.13	48
31.42	53
31.5	54
34.62	52
34.12	48
32.94	97
32.87	38
35.09	64
36.01	36
33.89	42
32.81	57
33.71	82
32.83	84
32.52	63
33.49	57
31.25	47
32.97	76
34.12	52
32.64	54
33.22	35
33.57	53
33.49	69
34.31	86
31.8	48
33.1	94
32	89
33.18	53
33.77	72
33.2	71
32.06	92
35.64	40
33.97	48
34.66	29
35.36	82
35.81	47
34.65	23
35.26	52
35.36	40
33.52	30
35.37	96
34.4	39
34.81	84
35.23	53
35.76	48
37.04	37
33.82	35
35.6	85
33.7	41
33.63	40
34.61	25
36.96	23
34.71	39
35.26	97
34.4	43
36.55	45
34.5	33
34.06	51
36.51	64
33.64	35
31.87	49
35.58	48
33.78	34
33.46	37
32.42	12
33.04	27
31.4	37
31.92	20
34.74	75
30.77	53
35.36	79
34.95	94
36	30
34.94	62
32.91	38
36.28	24
35.18	21
35.18	52
34.44	79
33.96	96
33.89	18
31.82	19
35.72	48
33.49	36
34.35	69
33.2	65
32.46	27
36.05	36
34.16	66
35.09	44
33.52	35
34.07	31
33.06	48
35.21	56
34.62	18
34.13	51
35.17	29
33.21	39
32.64	73
35.31	85
31.55	12
32.82	48
32.56	36
35.68	27
31.09	50
32.27	49
34.5	96
35.45	20
34.62	50
32.32	31
33.6	79
34.18	40
35.92	24
34.06	46
33.91	52
32.13	35
33.83	37
37.28	43
33.62	97
34.28	8
32.88	70
33.77	51
35.22	35
34.32	91
34.41	53
33.5	54
33.02	18
33.56	67
33.32	49
36.1	49
33.21	49
35.1	31
30.38	7
33.13	23
33.66	87
36.13	25
30.38	7
35.1	83
35.74	61
32.39	48
32.05	3
32.87	29
35.7	53
33.79	54
33.45	49
33.25	83
33.73	52
34.13	78
33.03	52
33.16	34
32.23	29
32.52	29
33.01	33
36.1	28
32.62	50
33.21	75
34.24	67
34.66	53
33.15	39
32.45	36
32.2	16
34.27	45
34.01	82
34.67	81
35.46	32
32.56	20
35.13	26
36.03	48
35.34	15
34.87	86
32.21	63
33.98	41
31.65	53
33.7	85
34.06	95
33.23	50
31.97	34
32.86	52
34.36	49
32.22	37
32.95	63
34.12	19
33.01	51
32.95	81
33.38	35
32.18	89
33.1	45
31.71	89
31.82	22
32.4	22
35.08	69
33.47	86
33.86	73
34.81	51
33.07	84
33.18	24
33.88	73
33.4	44
32.71	5
34.93	27
32.95	93
32.45	44
33.43	46
33.64	67
34	51
33.13	36
34.5	49
34.11	54
35.24	73
33.34	51
33.81	49
32.91	69
34.19	69
33.3	96
33.75	42
32.48	90
33.78	68
32.9	36
32.1	36
33.17	33
34.74	53
31.48	34
34.31	19
31.78	34
33.88	19
31.55	39
33	52
33.28	52
33.99	35
31.82	77
35.75	49
36.86	43
34.03	28
35.55	41
34.77	27
35.04	53
34.91	47
33.67	52
35.25	53
34.58	45
32.47	42
31.87	47
30.26	3
32.36	31
31.76	34
32.91	48
33.32	22
32.58	54
31.73	54
33.56	46
34.26	43
30.81	49
32.13	44
32.4	12
32.02	45
32.39	66
33.87	61
33.96	43
32.31	48
32.59	39
34.64	30
33.61	43
32.85	62
32.36	12
33.62	54
33.34	45
31.9	27
34.4	94
31.84	34
32.93	92
32.33	37
33.36	27
32.79	97
33.59	28
33.9	66
32.11	30
31.28	26
31.93	55
32.26	12
33.52	89
35.69	53
35.56	55
35.48	42
35.31	63
34.27	37
33.02	48
35.66	80
33.88	94
33.4	44
33.06	67
33.64	95
32.96	51
32.13	90
33.58	76
33.01	22
34.26	35
32.6	24
33.51	35
34.53	10
33.81	87
33.99	34
32.78	94
31.82	43
33.1	71
32.5	49
34.83	35
33.4	39
32.95	48
32.51	68
33.81	71
33.18	53
32.45	46
33.22	6
33	30
34.63	85
33.35	67
34.02	75
31.81	49
34.78	30
30	31
33.64	35
33.34	50
34.55	43
32.81	54
33.25	45
30.94	51
33.96	69
34.39	46
33.41	91
33.1	41
32.38	67
35.47	75
32.59	81
33.35	94
34.1	46
31.54	3
33.04	43
34.58	77
34.36	44
31.57	14
35.04	22
33.6	51
34.29	95
38.32	17
35.31	53
35.55	91
34.35	63
38.41	37
33.7	81
30.95	15
31.75	47
32.18	32
33.63	53
31.27	65
32.85	27
32.88	35
34.63	37
32.64	48
34.53	67
30.95	51
33.26	49
34.09	87
33.22	97
34.56	33
33.45	35
35.03	43
34.29	50
33.75	53
33.06	45
33.59	40
32.86	44
30.9	66
31.72	36
34.06	51
31.78	63
30.18	23
32.32	35
33.94	75
35.29	53
33.97	25
31.74	52
33.41	8
32.16	38
33.97	46
33.74	68
35.68	52
33	67
34.11	76
32.03	54
33.47	35
33.79	37
33.08	35
32.49	53
33.01	44
32.45	48
33.04	49
31.16	68
32.62	68
34.65	35
32.58	47
33.22	29
33.35	82
32.48	42
36.06	58
32.14	20
34.84	47
32.85	13
34.39	83
33.68	26
32.77	40
30.77	47
32.77	96
32.4	50
34.13	60
32.93	58
35.59	51
33.18	23
31.7	84
34.63	39
31.79	42
31.33	54
33.72	62
34.76	35
31.38	27
31.58	39
32.35	53
34.72	48
31.62	68
34.27	44
50.14	14
34.27	53
34.31	48
33.85	50
35.68	75
35.51	21
34.67	12
33.45	53
35.12	63
34.24	46
34.17	74
33.95	89
34.18	83
33.67	90
34.28	48
32.42	21
34.8	93
33.84	80
34.24	66
31.27	37
33.8	51
33.6	54
33.68	31
32.86	53
32.07	21
41.47	4
33.71	41
33.89	17
32.05	95
35.68	62
36.24	78
34.3	24
32.36	86
34.33	39
33.07	49
34.22	50
36.54	37
34.07	20
34.29	88
32.83	78
35.96	64
35.75	67
34.19	15
33.01	54
34.55	16
34.77	75
34.03	51
34.37	86
36.43	25
32.9	34
32.84	45
32.72	52
36.8	35
33.94	48
32.79	47
34.71	48
34.01	56
35.72	48
34.48	90
31.8	49
31.8	46
31.01	65
32.5	36
34.25	33
32.28	22
34.16	43
31.62	42
32.33	56
31.8	53
31.07	52
34.86	22
30.53	24
33.04	75
32.7	86
32.27	41
33.5	47
30.77	48
35.18	42
33.19	45
33.79	39
32.52	85
32.27	52
34.16	21
32.62	90
31.36	45
33.86	45
33.34	26
45.39	17
34.23	33
33.06	80
33.67	77
34.14	26
32.83	71
32.57	41
32.88	95
34.16	59
34.09	33
33.8	82
35.04	17
34.85	94
32.95	42
33.59	24
34.99	44
32.73	91
33.23	88
33	39
34.99	44
34.02	41
34.29	83
31.36	23
34.18	64
34.61	38
35.03	49
33.43	95
36.13	18
35.37	48
32.74	51
35.09	49
33.23	32
32.68	51
32.59	45
35.29	38
34.27	43
31.92	26
34.65	31
33.86	83
33.65	51
33.61	95
33.7	74
35.07	47
34.25	86
33.89	40
32.04	38
34.67	91
34.65	17
33.37	37
33.36	23
34.24	86
32.05	42
33.59	48
34.48	50
32.45	78
30.68	0
32.29	87
32.82	34
31.99	49
34.93	50
34.55	66
34.42	52
34.02	20
34.54	83
35.93	70
32.01	31
34.31	36
34.21	61
35.79	58
33.46	82
31.96	65
31.33	52
31.34	53
31.38	54
33	52
32.54	41
31.02	2
31.5	34
32.25	45
31.59	47
34.17	49
33.54	33
31.92	49
32.07	43
33.54	48
31.06	65
31.01	40
32.44	45
32.7	95
34.88	44
33.35	97
36.59	19
34.49	47
34.56	73
35.88	37
32.82	50
34.8	71
36.58	18
34.11	93
33.84	51
34.79	94
36.22	18
33.45	51
35.21	51
36	84
33.45	53
32.83	85
35.19	75
33.83	42
34.2	57
32.35	45
35.5	54
31	52
32.36	29
34.71	36
32.5	83
35.04	27
33.77	70
34.9	31
33.92	77
34	47
33.32	66
33.76	13
31.6	3
32.4	32
32.9	88
33.4	29
30.83	54
33.34	48
31.5	21
33.22	48
33.22	48
33.22	48
31.5	21
33.97	37
34.23	30
32.13	30
31.69	43
32.63	73
32.29	95
30.22	55
32.94	47
30.08	46
36.29	50
32.05	97
32.26	45
34.95	81
32.49	41
33.67	52
34.4	46
30.66	54
32.69	28
32.68	90
31.5	50
33.18	10
33.67	52
34.66	38
32.28	47
32.36	86
33.02	26
33.93	61
31.9	54
31.39	75
34.33	91
31.8	13
31.38	59
30.31	17
31.38	14
32.17	71
34.66	37
31.21	51
33.5	43
34.7	35
32.94	92
31.27	26
32.59	39
32.37	46
31.18	24
30.16	47
32.62	82
31.27	12
32.79	84
33.77	47
33.04	45
30.7	35
32.89	46
32.27	49
33.35	44
33.4	36
33.4	39
32.9	41
35.32	61
35.16	20
35.47	54
32.71	54
31.8	97
34.83	40
32.35	52
35.35	52
34.87	41
34.99	42
32.43	51
34.36	46
33.38	49
34.04	30
32.13	51
33.29	33
35.93	36
32.55	13
33.29	20
33.92	62
33.09	38
34.13	12
33.36	84
32.78	20
32.74	36
33.17	52
33.49	44
34.25	56
34.11	47
33	32
34.85	5
33.9	47
31.62	86
32.09	93
34.92	68
33.98	34
63.12	4
33.3	27
33.7	53
34.53	36
34.5	29
34.25	94
34.39	40
100	0
31.69	48
31.56	33
33.81	54
34	52
33.13	52
31.95	45
33.57	48
33.23	84
34.21	76
32.02	32
33.93	85
33.69	78
34.14	41
34.36	83
34	53
33.26	56
35.68	57
33.13	86
35	48
32.24	25
36.77	39
31.23	53
35.77	23
34.99	45
34.62	50
34.01	44
33.15	45
31.78	19
33.33	76
34.67	38
30.52	32
32.97	46
34.25	44
30.83	25
32.84	69
32.28	34
31.43	34
31.49	33
35.4	51
31.18	42
30.29	33
31.9	10
32.95	37
31.41	5
30.67	71
31.91	94
35.54	48
33.12	9
31.43	47
30.42	3
32.62	95
32.75	39
30.54	48
33.45	58
32.6	95
32.08	67
32.25	34
32.36	49
32.68	88
32.52	81
30.57	11
33.85	50
31.04	26
33.54	89
32.8	42
31.82	43
32.31	36
35.19	29
31.82	94
32.26	43
32.21	48
31.7	51
34.72	30
33.66	25
31.38	53
31.63	49
32.44	24
32.02	23
31.11	43
33.61	38
30.73	28
35.15	44
31.17	38
32.27	46
33.38	37
31.61	89
34.79	48
32.03	96
35.55	33
33.8	30
32.88	35
32.89	34
32.14	45
34.15	51
32.36	26
31.04	40
32.26	73
33.23	39
31.75	45
32.04	57
36.56	36
30.73	23
32.15	88
34.36	75
33.61	51
33.98	87
34.25	87
31.93	45
33.12	6
32.21	49
33.69	58
30.86	45
35.89	26
33.84	79
34	50
33.5	29
34.36	43
33.66	66
33.51	77
34.3	75
33.45	75
36.8	44
33.24	84
34.41	52
35.7	33
32.74	44
33.55	54
34.09	54
33.54	89
34.34	96
32.16	6
35.2	43
31.32	50
30.93	38
35.26	30
35.53	25
33.16	49
33.81	42
35.42	63
34.43	71
33.84	90
33.86	30
32.86	28
34.44	59
33.53	58
34.12	79
30.42	3
30.64	62
30.83	6
34.22	42
32.77	93
32.86	28
32.5	95
33.62	58
35.74	49
31.96	47
32.51	40
35.59	75
30.87	33
32.08	52
32.63	65
31.93	9
33.44	51
33.26	86
33.92	44
31.33	52
33.66	24
32.02	48
31.84	23
31.63	95
33.56	43
33.3	63
31.13	46
31.03	50
34.9	39
30.42	3
30.58	62
33.86	45
33.62	58
31.72	43
32.33	74
31.34	40
35.74	49
32.27	96
34.8	72
32.53	72
34.58	54
34.81	52
34.86	38
33.8	33
31.63	35
33.58	55
34.14	52
34.4	77
32.54	53
31.53	76
32.45	53
32.12	92
32.27	47
31.97	72
32.12	41
34.36	25
33.04	74
32.54	48
36.58	59
34.86	51
36.26	61
34.64	49
33.28	39
33.89	9
35.73	94
35.31	24
35.76	35
34.33	76
36.48	37
36.91	31
35.79	53
35.1	18
36.65	60
35.15	22
34.84	50
33.51	40
35.24	35
36.16	29
30.62	10
31.62	74
36.02	40
32.33	90
34.7	32
30.82	62
32.58	49
33.42	75
32.88	50
31.53	37
32.18	31
31.35	54
33.87	71
31.79	88
32.5	43
33.28	50
32.33	49
32.67	68
31.57	39
32.1	69
33.27	44
35.53	54
30.92	6
33.68	50
34.32	54
33.54	46
33.44	50
31.22	52
33.06	94
40	12
34.22	54
36.85	25
34.31	44
33.67	23
34.1	47
34.95	74
32.85	26
35.08	77
34.36	31
36.07	74
30.64	37
35.04	65
33.77	50
31.32	24
32.12	93
31.64	45
33.32	26
32.04	37
32.62	27
31.43	52
34.74	32
36.7	88
34.81	14
35.36	47
33.7	18
34.54	46
35.95	8
33.14	70
34.96	52
34.51	34
34.37	34
33.95	90
33.2	61
34.27	93
34.05	52
33.04	20
33.48	39
36.76	67
36.51	27
34.83	49
34.11	74
32.79	86
34.34	51
33.52	50
34.09	39
33	95
33.17	79
32.37	27
33.79	42
35.59	29
35.1	71
33.3	27
35.67	33
33.12	42
32.78	65
34.34	78
32.36	39
34.4	43
34.56	40
34.16	95
34.7	49
36.73	45
34.81	43
34.09	44
33.25	51
36.6	37
34.26	38
34.09	39
35.68	47
33.35	54
32.06	15
34.39	60
35.12	68
33.31	35
34.86	37
33.36	41
34.1	27
32.95	51
33.8	89
33.18	97
33.77	63
35.86	45
33.4	26
31.98	53
34.39	48
32.91	51
34.31	11
34.3	60
34.05	77
33.21	44
34.87	29
34.14	52
34.71	29
33.77	83
34.6	25
30.59	52
32.04	3
34.69	59
36.11	33
34.4	24
33.79	79
34.16	35
35.23	76
33.36	52
33.61	97
34.47	30
33.14	27
34.92	25
32.9	51
34.53	51
32.01	31
31.93	46
32.77	21
35.07	44
33.57	58
34.03	96
32.82	68
33.99	54
35.58	29
33.08	56
33.47	20
32.45	85
34.65	81
33.17	19
32.55	3
33.22	21
33.4	10
33.39	44
32.53	45
31.53	52
34.92	47
32.12	34
33.76	51
34.26	33
34.46	35
32.62	64
34.33	44
32.31	54
35.29	42
34.74	68
33.2	29
35.24	29
37.46	34
35.07	32
33.85	89
35.46	58
34.31	64
31.85	47
33.26	83
33.95	45
34.76	74
34.43	91
35.67	17
31.36	74
31.54	2
31.35	35
33.02	82
33.36	36
33.86	35
35.14	50
34.58	50
35.25	75
33.8	45
32.73	49
33.54	87
33.81	53
34.39	52
33.23	71
33.25	30
32.18	49
33.78	87
33.6	66
32.63	52
31.78	43
33.76	33
33.38	58
33.76	87
32.03	11
32.65	55
31.85	22
33.17	67
33.18	44
31.45	52
32.4	28
30.55	81
33.13	37
33.69	16
34.54	36
33.02	27
30.13	25
32.65	87
33.94	95
32.34	27
34.02	31
32.15	28
33.98	11
34.43	19
35.87	22
32.22	0
34.85	92
32.18	50
33.42	76
34.42	52
33.56	85
34.15	19
33.67	93
33.41	41
33.56	65
33.95	48
31.94	39
34.21	69
34.08	85
34.37	41
31.42	95
33.36	75
31.43	17
33.13	61
32	54
34.64	24
30.33	2
31.67	59
32.78	91
31.78	20
34.05	40
30.97	22
33.74	54
37.56	37
34.55	51
34.37	47
33.09	41
34.16	13
35.94	15
33.74	80
33.53	54
31.52	52
33.75	50
33.45	39
36.23	26
35.54	52
32.21	31
33.03	49
33.44	53
33.24	35
33.38	46
36.02	48
33.04	38
32.5	73
32.66	40
30.97	2
34.61	52
33.71	33
32.42	95
33.07	36
31.27	27
33.5	21
33.15	50
34.05	51
32.81	40
31.81	49
33.26	50
31.59	51
32.52	15
33.29	36
32.94	45
32.54	95
33.71	33
33.39	47
31.96	53
33.89	48
31.77	53
32.03	48
36.84	41
33.82	54
33.88	26
33.45	50
33.24	15
33.61	48
32.24	49
32.52	93
33.38	38
32.74	28
33.87	26
33.68	19
33.9	89
33.09	94
32.89	54
32.12	41
35.47	44
31.53	22
32.63	35
30.5	46
32.77	54
32.61	53
31.82	76
32.57	44
33.68	48
31.74	26
34.13	29
32.14	19
30.76	33
31.14	27
31.71	63
32.73	89
30.4	45
31.45	17
32.17	94
31.63	18
32.51	72
31.64	97
33.36	82
32.75	36
31.81	94
31.31	46
32.74	81
31.49	26
32.18	75
31.97	41
30.61	73
30.62	27
33.17	84
32.55	48
31.72	52
32.59	88
33.38	75
31.43	44
33.71	67
30.72	48
33.13	70
32.76	17
30.41	42
31.41	53
33.72	48
30.45	38
30.88	3
31.84	34
31.7	26
33.58	24
33.29	54
31.59	48
34.45	49
34.64	45
31.98	97
31.35	83
33.17	65
34.07	25
34.77	51
33.6	2
35.88	52
33.25	61
32.65	46
34.22	51
35.16	30
33.29	49
35.57	27
33.52	11
35.1	49
34.54	88
32.68	47
34.44	73
34.85	46
34.1	77
33.77	30
33.74	86
32.61	51
32.64	54
35.26	22
31.01	76
32.34	60
32.55	32
33.62	40
33.34	17
33.53	85
32.45	75
32.15	54
33.02	41
31.69	45
32.48	43
34.88	48
32.18	54
31.64	48
32.92	44
33.71	47
34.36	53
33.94	89
30.15	11
32.82	41
32.05	59
34.82	41
33.84	48
34.73	51
33.31	41
32.92	89
34.23	30
30.88	41
30.42	3
31.67	42
31.94	67
33.7	28
33.46	89
31.4	77
33.21	95
33.68	58
32.08	50
33.28	77
33.44	86
33.16	79
32.41	29
31.79	41
32.75	46
32.49	88
32.61	30
32.39	53
30.69	50
37.04	41
34.34	96
36.64	37
34.68	92
33.08	5
34.98	27
33.93	19
33.13	73
35.9	53
33.92	3
34.47	47
32.72	72
33.08	23
33.03	97
34.72	27
33.71	40
33.23	78
32.48	43
33.27	90
32.75	93
33.5	45
33	49
35.35	57
36.85	33
33.22	31
32.06	17
32.75	94
34.44	25
32.31	17
35.7	41
31.33	36
33.18	48
30.83	33
32.37	44
32.52	66
35.56	39
32.77	39
30.32	87
31.21	34
31.79	91
31.59	42
32.65	46
32.85	52
35.19	29
34.54	54
32.43	47
31.48	90
32.08	84
32.74	51
31.77	73
34.16	36
32.56	6
35.2	71
36.16	16
32.4	52
34.35	53
32.12	31
33.51	48
34.92	49
34.17	31
33.46	44
32.39	28
31.01	43
33.13	42
34.59	61
31.87	96
30.35	81
30.32	41
32.11	40
32.89	71
35.73	51
32.72	42
32.35	46
32.31	26
32.34	52
34.69	52
33.18	72
34.7	62
35.15	92
36.45	60
33.59	84
35.98	44
35.04	27
35.14	35
37.03	37
33.66	25
34.47	42
35.09	49
34.6	63
31.87	51
34.07	23
31.97	58
34.38	91
33.48	91
32.83	50
37.16	13
32.46	28
32.89	51
33.66	53
32.82	59
33.8	33
32.98	9
33.45	83
34.09	47
34.19	54
32.6	31
32.29	56
32.91	47
33.31	47
34.19	73
34.38	48
31.88	13
33.13	49
31.09	54
35.52	39
32.68	13
32.1	92
31.14	23
34.3	38
31.81	31
37.99	35
32.82	86
32.65	39
32.61	21
33.71	47
33.59	93
33.32	78
32.77	72
33.91	80
32.41	50
30.73	20
31.46	65
33.42	69
32.54	95
31.4	33
33.28	51
31.58	19
34.1	46
30.9	70
31.05	76
32.67	49
30.93	48
30.66	43
31.32	45
33.21	59
30.55	42
31.84	16
34.25	46
30.18	7
32.34	95
32.24	45
33.31	69
32.1	76
31.77	53
32.66	41
33.39	68
32.59	52
33.11	84
33.59	16
33.78	40
35.14	67
36.96	37
35.08	68
35.58	79
35.63	51
36.55	36
36.72	38
35.67	82
31.77	34
34.05	62
33.86	81
32.96	54
31.85	45
33.13	72
32	36
32.63	50
33.48	21
33.22	45
35.84	69
34.15	68
34.82	77
35.25	22
34.12	6
34.32	40
35.73	40
32.04	54
33.85	69
32.49	0
34.26	71
35	71
33.5	24
34.89	89
34.24	57
34.53	81
34.39	47
35.34	81
34.83	89
31.56	84
32.11	80
31.94	97
32.01	53
32.5	58
31	53
32.7	51
31.25	41
33.21	43
31.25	52
33.92	97
31.83	31
34.27	54
32.86	50
32.46	49
30.89	19
31.68	35
33.38	50
32.81	46
33.36	47
33.82	31
35.1	67
34.25	50
35.72	39
34.19	65
30.86	36
33.54	53
34.33	87
35.31	28
33.08	48
33.83	40
31.96	0
31.94	38
31.81	30
31.64	92
36.29	35
34.77	96
33.8	67
31.5	42
32.45	47
32.59	46
32.61	45
33.5	51
30.79	33
34.33	88
32.27	38
33.73	45
33.31	46
33.16	72
32.32	30
31.7	42
31.34	9
33.82	83
33.69	84
35.03	67
34.93	25
33.82	56
32.5	9
34.64	63
33.64	88
31.79	32
32.06	40
30.9	84
33.53	58
34.67	68
30.62	16
34.26	54
33.34	95
30.79	38
32.04	38
37.28	34
32.76	36
35.3	54
34.31	71
35.03	55
34.8	43
33.4	6
36.58	69
34.14	90
35.15	35
34.67	40
34.49	40
33.29	54
31.33	45
31.59	17
34.96	79
34.27	12
32.61	88
33.99	43
33.4	25
33.39	48
34.59	59
36.86	39
35.87	57
35.54	57
35.9	39
34.26	73
34.31	96
33.97	88
33.44	65
33.01	26
34.81	49
32.71	49
33.88	83
31.79	49
33.95	31
35.14	50
33.95	27
31.99	66
32.5	31
32.86	52
35.07	48
34	96
34.97	36
31.59	26
34.72	39
35.59	82
33.56	65
32.33	42
31.64	40
35.25	36
32.67	76
34.74	40
35.12	81
32.3	82
32.97	76
33.73	81
33.7	84
34.53	69
33.2	95
34.69	82
35.84	48
35.37	72
37.61	34
33.51	52
34.6	29
33.58	30
34.09	36
34.86	51
33.59	37
32.77	31
32.27	48
34.09	72
33.6	13
34.7	34
34.55	32
34.47	49
31	37
33.4	40
34.09	18
32.14	41
33.01	45
33.46	89
34.14	45
32.81	60
33.3	58
30.74	19
31.95	70
32.38	56
33.23	84
32.63	66
36.64	37
34.47	44
35.51	58
33.47	33
31.82	38
32.77	27
30.22	52
34.02	95
34.05	37
33	30
33.74	34
33.36	51
33.8	41
32.28	71
33.21	42
33.03	61
34.19	71
31.79	32
30.63	48
34.16	32
32.04	33
32.59	6
31.9	53
33.24	50
33.27	45
33.64	32
33.18	49
34.5	75
34.61	45
34.5	83
33.91	68
35.12	44
34.36	41
34.03	35
35.15	35
34.11	42
34.43	49
35.95	48
32.89	55
33.96	75
35.9	59
33.12	81
34.63	68
33.44	73
33.07	20
33.07	95
35.14	33
33.34	26
34.49	42
33.81	18
33.26	54
32.86	53
32	11
33.93	96
37.06	35
34.11	52
34.16	96
32.27	53
32.6	57
34.18	53
31.42	29
33.28	29
35.76	31
34.02	45
33.75	91
35.47	79
33.34	28
31.67	88
32.16	69
32.57	50
33.02	38
31.29	49
30.14	10
34.18	50
32.15	48
32	97
33.84	56
30.69	51
33.81	49
31.12	50
31.94	30
34.37	55
33.13	51
34.17	92
35.54	39
33	28
31.54	76
33.01	38
34.18	71
30.96	9
34.49	38
33.53	94
31.15	49
32.32	43
31.53	4
32.81	29
34.66	87
31.88	29
33.22	30
31.78	94
32.08	47
33.81	90
34.06	90
36.61	87
32.73	27
35.92	86
33.05	52
30.4	49
31.68	35
31.53	6
32.63	49
34.13	30
34.12	45
33.2	26
34.11	47
33.56	48
35.3	91
34.21	32
34.38	48
34.27	49
32.41	53
34.4	51
34.36	58
33.6	51
34.39	97
33.86	31
32.96	80
31.9	39
33.58	49
30.86	44
35.79	29
33.66	26
33.31	27
33.62	26
32.83	90
33.31	94
34.87	32
33.12	69
30.57	97
33.18	49
31.48	91
34.49	68
32.41	93
30.78	6
32.72	77
34.7	26
31.11	36
32.56	37
30.45	51
31.79	52
31.81	53
33	31
33.18	58
32.04	26
34.8	35
33.38	32
32.92	56
32.9	43
34.92	88
30.06	53
34.16	20
35.75	77
32.7	46
32.2	63
33.24	41
34.11	46
34.18	35
33.98	48
33.41	63
34.11	46
32.56	49
35.25	46
34.42	91
34.14	31
33.16	51
36.77	24
34.69	76
32.15	38
33.88	93
34.33	50
34.07	93
37.14	19
33.58	95
35.15	42
32.25	3
30.71	28
30.61	36
34.32	56
32.77	30
33.53	36
32.83	74
33.78	24
31.28	78
33.26	52
31.18	97
34.59	21
33.77	44
34	53
35.41	27
34.88	51
32.13	43
34.29	82
33.83	76
35.75	10
33.67	53
32.26	95
31.84	30
33.57	18
31.43	85
32.29	76
31.47	51
32.29	95
31.42	31
32.96	30
34.97	66
33.74	88
33.05	88
33.1	38
32.52	53
34.19	39
33.95	48
32.17	81
35.22	36
32.24	63
30.24	33
30.54	50
31.62	63
31.86	90
33.01	30
32.53	26
32.43	57
32.75	52
33.41	69
32.27	21
33.36	47
32.95	52
33.48	34
31.52	8
32.25	56
34.36	36
34.36	53
35.08	48
34.94	48
33.74	91
33.28	97
32.73	40
35.68	89
35.43	35
33.37	36
32.74	44
31.86	49
32.29	50
33.86	80
33.02	26
32.13	29
32.09	53
34.35	34
33.67	65
32.24	0
35.35	46
33.71	83
32.79	16
32.74	78
33.62	57
34.27	0
31.61	34
32.55	34
32.49	59
34.53	60
32.43	54
33.64	65
33.79	41
32.78	26
36.08	42
33.58	56
32.48	50
31.86	32
31.56	53
33.4	40
32.84	53
31.02	40
32.58	12
33.87	37
34.72	77
33.01	50
32.68	42
31.49	35
33.28	26
32.09	46
32.85	34
32.63	51
34.68	73
33.72	40
34.59	35
33.34	44
32.18	51
31.99	54
31.53	73
31.97	54
32.46	84
32.88	32
32.91	52
33.27	54
32.52	27
32.74	90
32.33	28
33.72	42
33.18	23
31.24	7
32.75	32
32.79	9
33.11	82
32.72	86
32.08	94
32.71	55
32.13	34
33	53
33.56	52
32.84	31
32.76	46
31.32	43
34.06	72
32.38	30
32.78	93
35.1	40
34.16	32
33.45	54
34.64	72
35.99	13
32.2	45
31.72	48
30.99	47
30.7	51
31.41	50
32.03	51
33.67	53
31.82	53
31.96	52
30.85	53
30.13	51
31.31	54
34.04	48
32.15	35
30.33	28
32.38	79
32.31	47
32.06	52
33.63	27
31.3	48
34.24	46
32.54	77
32.9	17
34.5	79
32.36	51
33.43	93
33.11	43
33.34	43
30.83	25
32.89	34
31.78	54
31.14	44
30.76	11
32.13	49
32.14	33
31.63	53
30.84	62
31.77	53
32.21	32
32.81	46
32.5	65
31.09	48
35.68	54
35.36	24
32.3	21
35.18	83
33.97	8
33.51	73
38.34	44
34.5	54
34.47	12
33	16
37.62	38
34.61	44
35.51	53
35.4	46
33.66	54
35.96	27
35.37	78
34.37	28
35.6	49
36.14	50
31.61	68
31.29	90
31.98	23
31.49	44
31.72	72
31.78	95
34.03	51
33.54	53
34.18	4
31.15	19
30.86	16
32.1	73
31.06	77
33.43	88
33.35	63
32.28	87
30.73	21
34.31	31
33.41	52
34.6	18
33.48	94
33.34	57
33.12	95
31.59	51
33.14	12
33.67	84
33.97	96
32.42	90
34.55	44
35.64	55
32.68	32
33.02	33
39.72	7
32.56	67
34.11	47
36.88	37
33.71	27
33.99	47
32.04	93
31.6	40
33.16	48
30.68	28
30.12	15
31.72	83
30.83	97
33.6	88
32.61	91
33.05	84
32.91	96
32.48	34
34.17	53
33.27	24
33.34	45
32.95	67
33.06	30
33.9	40
33.04	36
33.53	65
32.72	52
34.73	35
32.48	42
33.62	49
32.37	56
30.94	54
31.91	39
34.72	14
32.75	80
33.51	54
33.45	50
37.22	40
32.31	2
33.82	76
33.29	62
33.93	79
33.34	74
33.57	6
34.44	31
33.04	50
33.61	34
34.02	35
30.81	29
34.15	42
34.32	90
33.97	14
33.89	35
34.14	62
32.26	19
31.86	64
31.68	44
32.31	50
30.22	37
32.59	46
32.89	54
32.23	46
32.02	97
36.72	37
33.46	40
35.03	39
32.12	7
33.34	26
35.01	32
32.84	35
31.61	38
30.63	12
34.33	56
32.67	84
31.6	36
32.77	91
31.65	47
33.94	44
33.9	73
36.62	50
33.18	57
35.46	60
34.1	116
34.31	37
31.47	59
32.13	31
35.46	58
31.52	31
32.62	54
31.69	57
34.07	106
32.49	60
35.47	50
32.09	54
33.99	26
34.04	49
31.45	55
32.97	61
33.61	61
32.34	53
33.69	53
32.08	58
31.63	6
32.69	39
31.81	61
32.5	46
33.17	111
32.97	61
33.07	41
35.26	38
33.27	48
34.26	1
32.32	48
33.1	88
32.61	90
33.02	55
32.92	120
34.25	54
33.5	61
30.26	120
32.02	60
32.74	57
34.45	78
32.45	58
33.85	47
32.43	61
32.55	60
31.77	61
34.09	56
30.98	49
34.87	47
37.08	24
32.99	108
33.96	58
32.53	60
33.85	47
30.98	60
34.89	105
31.17	106
32.79	51
30.87	57
34.32	55
32.85	59
33.5	36
34	43
31.25	61
31.94	53
32.53	60
32.52	55
32.5	112
31.4	52
34.98	35
32.45	45
33.91	9
31.97	117
35.96	59
33.23	50
32.7	120
30	50
33.31	69
30.8	60
33.31	69
33.31	69
33.31	69
33.44	61
33.31	69
32.04	85
34.18	40
32.79	93
33.1	44
31.04	60
31	60
32.46	38
32.96	90
32.68	58
33.23	116
36.31	48
34.24	55
33.72	45
33.7	40
34.89	96
35.29	103
34.1	90
34.78	48
33.48	104
34.69	47
33.63	57
34.6	38
32.52	51
34.21	58
31.92	60
31.31	45
32.66	43
33.01	52
32.2	2
32.46	38
31.81	61
34.31	41
32.46	38
36.07	52
33.61	29
33.12	36
33.18	59
32.37	55
32.92	116
33.92	52
33.82	53
30.27	53
33.55	56
31.73	59
33.67	120
33.04	40
32.63	104
30.9	50
32.45	59
33.9	37
34.19	71
32.26	61
31.27	31
33.09	32
35.1	29
32.82	44
32	101
34	43
32.15	110
32.47	87
35.42	21
30.5	54
31.16	59
33.98	61
32.75	60
33.01	52
34.05	31
32.62	55
34.1	53
32.56	60
32.86	52
31.3	101
31.16	99
31.93	111
32.42	113
33.94	98
32.08	60
33.17	21
31.74	91
33.51	53
32.35	110
31.2	55
31.44	46
33.36	64
32.76	53
33.84	38
31.64	50
33.32	61
33.88	61
33.35	76
31.66	52
32.48	60
32.3	52
31.52	60
34.3	55
34.22	61
31.78	60
31.78	95
35.46	44
33.84	50
32.69	91
30.89	104
31.18	30
32.65	80
32.33	104
32.12	94
32.45	100
31.7	118
31.47	32
32.64	10
32.71	59
33.23	73
33.45	52
33.25	84
31.02	27
31.21	73
30.71	7
32.94	46
32.1	91
32.11	100
31.11	121
32.5	28
33.72	52
34.42	56
32.21	98
33.22	27
32.68	29
31.72	122
32.09	71
33	49
32.47	25
33.28	58
31.87	95
32.01	83
32.52	53
33.89	56
32.62	76
32.21	101
30.56	19
32.27	103
33.08	40
34.77	56
32.11	75
31.74	41
33.71	109
34.04	50
32.31	49
35.51	54
32.22	45
31.29	121
34.18	121
32.3	62
31.6	13
32.22	30
33.66	45
35.84	51
35.84	51
32.88	36
30.79	37
32.1	78
33.67	54
32.1	40
32.5	8
32.33	41
33.76	55
32.68	59
32.98	77
33.29	33
36.11	59
32.99	47
34.37	55
35.44	35
32.87	38
30.56	61
33.51	41
32.82	52
32.85	61
31.86	60
