sim	len_diff
33.33	30
33.57	51
34.84	74
34.94	61
33.13	67
34.56	26
32.35	83
36.74	37
34.72	20
35.34	48
35.15	14
33.69	61
35.43	42
35.27	41
33.18	38
35.33	17
32.95	78
33.88	34
36.94	22
33.07	22
33.68	12
32.61	45
33.33	91
32.9	61
33.75	32
39.47	24
36.97	30
32.78	93
34.91	35
33.34	42
33.24	61
34.02	80
34.08	77
34.93	44
33.29	73
33.51	60
31.85	85
31.85	85
31.85	85
31.33	16
33.9	18
33.78	16
38.15	18
35.05	74
34.93	27
33.89	33
34.85	20
33.63	29
34.61	41
33.62	47
33.62	47
33.62	47
33.62	47
33.62	47
34.24	91
32.19	42
33.8	16
33.78	24
32.91	45
32.61	29
32.39	44
33.89	43
30.9	41
32.86	35
31.11	36
32.98	90
32.53	27
33.99	75
34.16	73
34.63	32
32.44	65
34.57	64
34.18	57
34.51	92
37.45	25
32.45	24
34.71	56
33.77	22
34.06	25
32.97	39
37.05	27
33.27	66
32.88	85
35.25	21
33.07	88
34.47	79
35.42	45
32.22	93
33.18	16
33.91	18
33.85	11
34.87	50
33.43	80
34.25	81
34.63	36
31.33	4
33.53	24
33.68	55
34.32	75
32.54	74
35.8	36
36.45	29
35.05	40
36.48	32
35.29	44
34.29	40
34.5	33
36.72	29
34.77	44
35.43	32
33.06	70
34.71	59
32.65	92
32.49	11
32.85	70
34.68	75
37.24	27
34.56	69
33.26	64
33.84	55
34.91	58
32.38	38
35.36	87
38.94	29
34.9	74
33.1	43
33.52	88
33.98	42
33.24	43
34.49	66
31.48	67
33.84	20
32.89	38
35.15	13
32.32	74
32.97	92
32.67	22
36.26	41
33.75	33
35.63	37
31.76	84
34.56	76
33.3	67
33.77	20
34.02	54
31.28	82
32.89	40
32.75	40
32.27	58
32.33	33
35.25	25
32.82	48
35.13	27
32.6	88
32.47	45
32.83	35
34.06	45
32.67	31
34.06	27
31.92	33
33.5	81
31.25	43
33.37	81
32.77	74
34.92	29
33.48	81
33.19	83
33.48	37
34.4	40
34.97	43
32.67	43
33.89	41
32.89	42
31.68	23
32.67	22
33.98	68
33.5	41
33.04	57
34.69	41
32.8	66
35.1	31
36.03	35
32.6	76
33.98	64
32.27	37
33.51	74
34.43	29
33.93	30
32.89	31
34	22
43.55	20
36.4	36
33.81	43
32.77	36
34.34	39
33.32	46
31.39	44
32.36	39
33.8	44
32.6	33
34.52	76
35.22	43
36.32	20
34.9	40
33.74	26
33.89	43
35.44	38
34.44	17
36.43	38
33.33	42
33.41	27
33.64	41
34.14	48
32.89	42
32.89	42
33.69	35
32.78	35
34.25	42
34.17	32
35.41	15
31.37	32
31.52	38
34.09	42
35.21	42
33.27	43
35.35	40
31.68	38
34.24	33
33.05	47
35.45	34
33.39	42
33.23	38
34.35	33
34.09	41
32.2	34
33.03	41
36.67	36
34.84	33
33.39	42
34.7	25
34.97	44
30.06	34
32.23	42
33.13	38
32.7	38
31.17	43
36.68	16
35.32	28
33.33	27
31.52	38
32.1	42
34.62	41
33.07	40
33.65	32
33.68	41
34.04	24
31.04	43
34.48	34
34.29	38
31.9	18
30.62	42
35.08	71
33.94	46
33.52	40
34.18	35
36.15	27
35.35	30
36.12	41
30.98	39
33.35	31
35.55	54
35.85	72
39.3	43
32.54	81
33.35	39
34.33	75
33.35	39
35.86	49
34.26	51
33.36	53
35.22	41
34.2	61
32.36	38
34.4	68
31.98	32
33.15	32
32.14	92
33.39	61
33.29	84
33.58	71
33.61	18
31.96	44
33.61	31
34.72	17
33.76	36
33.86	42
34.49	24
36.56	33
32.48	73
36.07	30
36.07	48
32.74	61
35.35	31
35.34	32
34.63	29
32.81	5
33.05	31
36.68	39
37.28	16
35.8	21
34.73	79
35.58	40
33.1	39
34.07	41
33.77	37
34.26	41
35.04	57
32.5	86
35.1	82
35.12	14
33.4	86
35.16	0
35.25	23
31.9	77
31.94	5
35.38	63
34.25	66
33.16	88
35.52	44
36.09	44
38.61	10
34.05	56
32.94	44
37.01	43
33.56	89
34.63	40
34.05	56
33.52	64
35.51	40
33.3	47
34.41	78
36.3	40
34.55	28
34.53	28
34.65	90
33.9	49
33.84	90
33.35	43
33.1	37
33.17	62
36.06	19
35.75	22
34.74	72
32.8	28
33.8	37
33.33	10
32.83	22
32.06	19
32.31	55
35.72	13
35.42	35
35.31	66
34.63	18
35.67	33
33.83	47
34.45	58
35.65	24
35.18	34
34.52	22
33.3	50
33.5	13
33.8	36
31.16	37
34.85	68
33.82	48
31.85	63
31.84	65
32.58	35
30.69	48
33.11	24
32.39	68
34.83	33
34.55	33
33.35	28
31.92	58
33.89	55
35.92	28
30.98	14
31.55	36
37.13	42
48.54	7
35.92	41
35.35	18
32.89	71
52.07	9
33.99	56
38.92	3
36.04	31
34.2	26
34.09	58
33.54	69
35.25	36
37.45	36
34.74	7
35.54	41
37.6	16
32.97	37
35.82	20
34.27	23
34.18	11
36.76	53
32.89	66
33.28	35
36.62	34
33	37
32.57	45
34.11	56
34.18	64
34.8	38
31.54	60
31.51	27
34.83	6
33.38	45
34.09	43
35.57	5
33.74	39
32.46	40
35.45	42
34.9	11
43.81	0
35.95	8
32.4	30
33.26	27
35.41	13
37.56	32
35.6	30
34.88	23
37	24
37.46	39
36.42	40
34.62	37
38.79	12
35.8	56
35.25	19
35.36	62
35.59	31
35.82	57
34.18	34
32.74	35
36.09	19
33.86	28
31.68	25
31.39	35
30.58	41
33.4	33
33.61	34
36.43	29
34.2	35
31.8	39
30.8	29
34.19	63
34.45	53
33.82	62
37.72	19
32.2	25
34.06	15
33.03	61
33.51	60
32.98	62
31.78	27
33.29	48
35.02	45
31.81	0
33.12	26
34.28	71
33.93	68
34.33	46
35.68	51
34.92	25
32.94	42
34.17	36
34.63	47
32.59	56
32.61	26
33.17	41
32.55	36
33.43	13
37.31	29
34.29	62
34.5	64
35.15	73
45.12	0
31.16	63
32.93	3
33.54	24
34.7	68
33.46	73
31.3	13
30.63	36
36.27	34
30.77	38
30.97	41
34.89	22
32.61	34
36.69	20
32.77	51
32.84	35
33.95	74
35.11	26
38.42	21
35.73	25
35.03	60
34.65	62
36.92	46
32.96	9
33.74	32
34.29	69
34.15	23
32.71	22
36.18	25
36.08	11
33.55	34
35.25	66
33.75	40
35.35	36
35.01	38
35.05	22
30.64	9
36.62	20
32.17	34
33.1	19
32.67	15
32.67	28
31.68	31
32.34	68
31.41	36
32.29	54
35.41	41
36.55	32
35.03	13
35.34	24
32.52	38
34.8	35
34.93	32
35.8	24
35.77	63
36.8	34
35.73	71
34.51	46
35.49	33
38.78	32
32.97	41
33.76	66
32.64	36
40.65	2
33.12	35
33.62	33
32.79	36
34.48	39
31.74	39
35.72	58
33.55	12
33.92	72
35.64	16
34	17
37.69	30
35.81	68
32.59	40
35.65	59
33.87	58
32.7	41
35.41	36
36.84	14
37.59	23
33.33	31
35.21	26
43.1	0
34.77	39
31.24	36
35.02	65
31.88	41
33.6	36
34.11	74
32.17	10
34.44	72
31.01	10
34.43	30
34.1	32
34.63	34
35.37	41
35.23	45
35.87	44
34.77	65
35.54	28
34.41	30
34.29	39
33.49	37
34.27	57
33.61	27
36.92	29
35.56	36
34.05	64
33.5	35
36.47	26
34.85	13
33.62	36
32.22	20
36.2	24
34.85	74
35.23	67
32.63	38
34.98	30
35.96	71
36.73	24
35.92	26
34.05	21
42.98	6
34.32	73
32.26	36
36.67	32
33.91	18
33.91	18
33.78	26
32.25	38
34.63	38
32.18	38
34.77	29
34.34	34
38.73	13
33.76	38
33.7	41
36.41	8
34.36	35
36.19	41
31.76	33
33.95	51
32.77	37
34.02	26
35.72	16
37.44	27
33.75	59
35.82	40
34.15	38
38.3	27
34.12	20
37.63	31
34.53	2
35.04	44
37.03	39
36.15	30
34.04	40
34.88	39
34.83	18
34.44	19
33.03	57
36.36	54
34.82	34
35.3	59
39.48	46
34.53	11
33.36	12
34.89	72
35.51	48
35.43	39
37.59	4
36.38	36
35.06	57
32.92	32
32.17	35
36.56	27
34.38	39
31.72	28
32.93	28
35.02	19
33.53	37
35.73	23
38.76	30
32.3	67
36.11	54
35.24	32
32.77	33
34.08	50
34.47	14
33.86	36
32.21	11
34.21	20
33.93	32
32.18	32
30.91	33
31.67	33
32.26	38
33.08	12
32.23	43
33.08	12
33.08	63
33.56	41
32.58	74
34.35	21
33.55	39
33.91	33
33.58	11
36.58	41
33.92	5
36.97	16
34.33	26
34.18	9
33.46	54
33.37	23
35.4	37
36.18	43
35.01	63
36.96	26
34.34	4
34.41	1
34.71	57
35.1	56
32.4	63
32.23	63
36.41	18
33.01	73
34.87	6
34.78	12
32.85	55
32.32	34
34.77	38
33.3	64
33.38	74
32.96	36
30.82	7
34.83	22
33.88	34
30.51	40
32.67	62
32.9	28
34.06	18
33.46	33
33.06	4
31.54	20
33.48	40
36	26
30.32	0
34.15	31
33.36	70
33.25	71
31.81	31
35.13	37
36.82	20
34.4	40
36	35
33.4	36
35.57	11
34.69	45
36.53	28
36.37	55
37.12	1
32.03	41
32.02	23
30.1	22
34.35	33
33.82	6
35.91	33
34.97	30
33.9	70
34.78	62
31.48	7
32.48	35
31.34	22
34.24	30
33.84	31
33.25	67
36.98	19
36.7	56
33.19	39
32.53	28
36.62	51
33.12	68
33.48	35
35.53	33
35.16	2
32.49	36
34.53	68
32.58	55
34.66	58
35.2	40
33.2	31
36.47	17
34.87	64
33.2	23
36.72	14
31.53	37
34.87	41
34.64	64
30.11	5
37	40
33.68	48
33.86	32
31.21	37
34.54	42
33.05	59
33.95	36
34.12	27
32.09	59
31.82	5
32.51	52
34.61	46
34.28	62
33.78	67
34.58	18
33.92	32
34.74	46
32.07	18
32.8	72
32.91	14
36.7	26
35.15	45
34.35	69
38.13	37
32.59	5
34.4	69
33.79	69
34.62	44
36.66	53
33.57	72
36.84	20
34.64	29
33.11	62
36.91	10
33.29	34
34.79	63
32.94	60
34.7	15
33.38	62
48.86	6
47.16	5
34.18	32
33.12	38
35.63	34
33.6	25
34.39	29
34.19	9
31.63	46
32.44	14
34.67	42
35.28	35
33.67	72
38.75	23
34.78	49
36.36	37
36.15	24
35.5	37
35.19	37
31.97	5
34.26	66
33.63	39
43.41	7
42.98	4
34.26	27
32.65	65
35.48	29
36.45	21
37.55	36
36.18	36
34.11	22
33.6	73
34.61	57
35.48	70
36.08	11
36.86	13
35.77	16
37.61	48
35.11	18
33.57	30
33.77	19
55.13	3
37.68	19
33.82	36
36.36	23
34.92	32
37.73	37
34.74	73
35.33	63
37.63	14
33.96	30
33.83	71
32.96	26
34.19	27
33.51	15
32.8	66
35.88	36
33.58	35
35.08	57
31.81	22
33.25	27
33.25	27
35.69	36
34.46	71
35.29	31
34.52	70
35.58	9
35	32
35.87	65
33.25	41
34.58	63
34.16	32
35.59	9
36.37	9
34.28	60
34.63	14
35.86	38
36.23	62
36.41	33
34.87	49
36.34	28
34.75	30
33.21	61
32.9	60
36.09	32
30.55	7
30.55	7
34.22	65
32.26	29
34.34	45
31.36	31
36.2	31
34.26	4
34.11	29
33.81	24
35.78	26
32.27	70
33.13	33
31.41	6
36.35	26
32.32	29
34.56	25
47.95	6
33.45	18
37.25	28
32.68	72
35.16	24
34.16	36
34.17	26
32.82	46
33.2	10
33.74	36
33.79	16
32.97	26
34.17	47
34.33	13
35.23	17
33.65	48
34.03	61
30.89	14
35.07	12
38.36	3
32.82	41
37.43	40
39.43	18
35.79	40
35.87	47
41.23	6
34.9	37
40.7	1
36.83	22
32.25	31
34.51	29
33.33	40
37.35	34
35.51	19
36.74	20
34.16	13
33.62	26
33.61	41
33.46	25
33.38	17
33.27	33
33.67	54
31.63	27
33.45	73
33.16	14
31.96	18
33.97	47
33.99	60
34.18	31
34.31	51
34.21	54
34.72	31
33.43	44
35.25	15
33.51	50
33.7	27
31.06	26
33.54	11
35.22	50
34.6	60
32.29	15
35.72	34
33.71	66
35.24	22
36.9	4
35.99	55
34.22	24
33.66	39
33.4	27
34.98	31
34.05	31
34.14	39
35.66	35
32.74	42
33.39	38
30.21	16
34.46	32
33.8	65
35.05	34
33.92	27
35.34	24
33.33	51
33.59	38
34.47	48
34.82	70
35.96	44
32.79	58
34.04	30
34.96	27
33.73	72
32.48	38
34.35	34
34.74	58
31.78	37
35.5	10
34.9	37
32.12	30
31.53	40
33.81	35
31.87	48
33.41	29
34.53	57
32.38	6
37.07	28
32.12	33
36.49	9
34.08	55
33.96	58
35.12	31
31.83	34
33.13	60
32.51	52
33.83	37
32.16	65
34.41	27
34.08	40
34.38	35
35.93	23
32.44	27
32.05	31
33.97	32
33.53	26
36.55	25
34.49	26
31.6	38
32.98	28
32.1	29
35.38	57
30.16	37
34.86	41
39.82	2
33.25	34
32.98	73
37.54	10
35.62	25
34.73	20
32.31	2
33.97	64
35.23	8
33.74	16
31.9	23
31.78	41
31.3	40
33.34	37
31.76	39
30.75	32
34.47	33
30.92	35
34.47	33
33.78	11
34.55	18
35.4	38
34.21	33
37.3	14
33.97	39
33.34	25
36.18	18
35.1	57
33.89	73
36	68
33.04	65
40	32
35.8	14
34.2	37
36.57	43
36.34	36
34.29	25
33.86	29
33.37	65
31.32	35
31.33	32
34.57	42
35.05	44
33.8	31
30.46	29
31.92	25
33.12	23
32.32	0
31.46	10
37.21	68
34.87	7
33.17	19
47.48	6
36.47	63
33.69	37
32.81	43
33.17	12
32.07	2
33.7	39
35.64	22
34.93	61
37.8	19
33.35	39
35.01	63
36.41	52
33.23	30
34.49	25
39.04	30
34.42	52
33.16	24
32.49	32
32.77	47
35.27	66
33.66	66
34.72	71
33.44	59
32.74	4
31.24	20
31.68	32
33.11	39
32.81	28
33.53	71
33.27	41
33.32	57
33.97	25
37.45	11
33.02	56
34.86	36
53.21	5
32.01	15
47.65	9
33.77	37
34.19	63
35.31	48
33.83	35
37.07	63
34.43	71
33.81	50
34.55	20
35.18	26
31.89	16
34.77	60
33.67	68
35.15	30
33.64	66
34.65	39
36.1	35
33.61	12
33.83	63
35.91	15
36.07	48
35.6	12
34.95	26
35.33	37
34.63	21
35.13	20
33.48	9
32.69	35
35.96	40
38.37	5
32.12	72
34.5	55
34.05	34
33.96	35
36.61	11
34.77	28
34.17	29
35.4	13
36.78	38
33.57	55
35.18	33
34.73	33
34.56	71
34.41	30
31.54	22
35.67	72
39.66	1
33.39	41
34.55	34
34.11	58
38.73	13
34.48	44
35.94	30
33.86	41
36.35	8
33.63	25
34.13	51
35.7	4
33.62	38
34.15	56
34.73	34
33.58	7
32.17	3
31.4	28
37.46	47
34.98	58
35.75	51
34.05	68
34.7	53
35.93	35
35.8	52
33.22	2
34.17	65
34.12	39
34.9	40
36.43	31
35.3	52
32.98	23
35.68	73
36.29	10
35.41	3
35.84	31
35.69	51
34.92	16
34.7	21
33.68	17
34.01	7
35.57	13
33.03	52
33.45	27
35.49	27
32.92	47
35.13	35
33.76	41
37.68	40
32.57	33
35.38	27
31.39	38
36.29	18
32.18	50
34.59	29
33.91	17
33.65	47
32.78	36
35.24	67
35.16	42
32.5	32
31.9	72
34.99	55
34.96	39
35.18	62
34.49	32
35.4	32
32.89	64
35.26	45
37.44	31
32.39	38
33.07	69
34.43	71
34.16	30
34.05	7
35.84	50
37.22	20
32.55	18
34.78	69
35.55	34
39.6	29
33.44	66
33.66	73
33.59	58
34.91	37
35.77	57
33.56	40
34.12	28
31.76	31
30.62	21
35.13	23
32.67	72
32.66	36
33.62	73
33.15	74
32.7	21
34.92	32
33.49	33
33.36	19
34.84	69
34.17	48
32.26	25
32.56	9
35.55	19
35.14	39
33.15	23
31.91	64
36.06	31
32.05	62
34.57	48
36.18	23
34.56	31
36.8	32
33	36
32.94	41
33.48	52
35.7	32
34.04	4
33.78	72
32.9	69
36.13	20
35.05	26
34.97	11
33.67	27
30.96	26
31.28	2
35.83	40
33.6	66
31.53	32
32.35	30
34.68	56
34.07	71
32.92	31
34.23	23
36	49
34.91	38
32.5	15
32.24	71
35.92	18
34.26	34
33.56	30
32.51	28
32.65	73
34.56	61
35	64
33.63	67
34.18	19
36.62	74
36.12	62
34.76	74
35.83	61
35.15	46
34.4	37
31.8	39
32.98	73
31.53	34
35.74	50
33.81	9
37.62	54
34.01	8
35.07	12
34.43	74
36.5	31
36.16	61
35.45	49
35.46	58
32.88	20
35.37	71
35.86	43
32.91	18
35.88	26
33.63	25
34.9	68
34.64	45
37.07	31
34.38	52
35.46	73
44.67	1
34.1	44
35.02	69
35.38	69
38.41	31
32.65	28
33.46	43
35.54	46
34.78	45
34.84	34
33.55	21
33.29	64
33.49	25
32.61	27
33.69	32
34.25	48
34.21	74
35.58	28
34.69	73
33.86	36
33.38	46
34.41	43
32.5	74
31.37	3
33.53	32
34.16	33
38.07	24
34.5	38
35.94	36
32.98	34
35.15	16
31.11	35
34.38	38
32.6	22
34.4	33
32.57	9
33.17	45
33.56	29
35.73	16
32.65	37
34.68	65
34.13	65
34.97	64
33.94	35
34.2	23
33.22	24
31.25	25
31.25	25
34.41	24
33.6	70
34.64	35
32.11	27
34.8	32
32.18	62
32.18	8
31.39	16
34.61	52
33.94	51
31.79	56
32.03	35
31.96	41
30.88	22
33.36	28
32.04	36
33.92	37
35.7	61
30.5	36
38.78	24
33.2	65
33.54	39
35.65	50
33.1	39
38.37	10
30.35	13
38.68	7
39	22
36.19	44
36.08	43
45.46	0
35.61	70
36.53	18
35.18	29
31.84	19
36.08	43
35.03	6
33.55	74
36.37	52
34.68	36
34.68	32
33.04	32
35.65	54
36.06	69
33.33	38
33.26	14
33.91	39
34.04	68
33.85	56
31.05	0
32.81	37
35.06	39
32.15	29
35.08	57
33.76	36
34.2	21
34.71	57
33.79	46
33.96	28
32.91	55
34.64	28
34.31	67
33.55	28
33.03	55
34.04	34
35.27	26
35.24	33
31.43	28
33.6	33
31.26	28
34.12	32
33.33	70
32.82	28
32.04	33
34.68	23
33.38	61
32.92	28
35	12
34.79	29
37.4	19
34.69	30
34.95	31
34.8	37
35.31	36
35.7	73
34.25	50
36.09	11
32.67	69
33.71	56
35.49	19
34.57	49
33.93	56
30.99	46
34.1	34
36.06	19
33.27	25
33	5
37.78	27
35.36	36
35.33	30
35.14	36
38.01	10
36.98	14
34.22	18
38.31	16
34.6	34
36.28	14
32.76	37
31.79	40
31.16	33
31.21	28
32.53	13
36.93	37
31.91	41
31.95	35
32.11	30
31.94	37
33.3	64
35.81	30
33.41	41
35.16	46
34.53	37
34.19	69
37.01	43
35.69	13
37.49	37
36.83	60
33.54	38
36.11	74
33.76	10
35.05	26
34.61	7
36.89	35
35.13	52
34.99	59
34.36	40
35.59	13
32.06	38
33.07	61
30.98	41
33.51	3
33.88	41
32.93	29
31.95	33
31.95	33
33.9	24
34.2	22
35.25	20
32.61	46
36.94	11
31.49	38
36.69	35
33.82	30
36.04	38
34.85	56
33.78	35
31.7	32
31.5	7
31.25	41
34.23	47
33.38	3
33.91	71
33.5	70
34.8	47
33.38	17
33.59	65
34.79	31
34.09	34
31.92	38
36.57	35
36.13	40
34.13	39
36.18	40
36.13	46
34.26	73
44.49	2
35.67	22
36.92	37
37.53	20
34.61	23
44.16	3
34.87	72
35.56	25
34.87	3
36.58	37
35.55	41
34.73	71
35.7	28
35	71
35.9	37
37.66	31
33.31	57
35.64	19
34.62	64
37.2	38
33.41	40
34.2	35
34.78	68
35.88	46
37.15	15
35.92	28
43.67	2
35.9	57
34.04	33
36	67
33.78	67
33.53	41
34.27	30
34.65	38
37.41	51
34.11	33
33.52	62
36.34	38
40.9	21
33.26	68
35.58	62
33.91	53
35	68
36.87	56
46.26	4
33.49	7
34.52	35
33.16	34
35.14	69
33.87	67
34.13	41
32.23	24
35.58	27
36.3	62
34.12	65
37.08	57
37.59	43
34.54	41
35.8	14
32.46	25
46.21	3
36	28
36.27	55
33.47	72
36.7	37
35.09	21
34.3	55
33.77	64
36.06	52
32.1	38
36.31	3
32.93	34
42.54	7
45.38	4
34.02	45
36.08	54
33.5	24
33.84	35
34.04	35
39	22
35.4	18
37.71	21
33.7	38
34.84	49
34.9	58
34.57	45
33.43	31
34.52	57
33.33	30
36.11	42
36.03	66
35.18	44
32.61	54
34	27
34.36	38
32.75	67
32.87	39
33.27	33
34.63	62
33.97	29
34.27	37
33.62	69
30.04	37
33.33	33
32.2	71
36.5	32
33.81	36
30.83	40
31.72	45
34.76	37
33.69	7
32.92	32
34.47	36
39.44	15
35.84	28
33.13	26
35.29	23
35.13	37
33.4	54
33.68	41
35.48	36
33.19	41
39	20
35.62	73
33.29	40
34.28	66
33.35	21
36.62	31
36.98	72
36.19	11
34.19	41
34.4	41
32.89	24
35.79	66
34.67	51
35.88	12
35.66	54
35.35	52
33.7	40
37.53	22
36.44	14
35.65	60
35.5	21
35.57	20
33.94	20
37.37	25
36.05	40
34.83	39
33.92	68
39.27	23
38.5	13
33.61	34
32.83	31
32.95	41
31.81	74
34.34	32
33.48	49
33.7	41
33.74	40
34.37	25
33.52	26
34.18	25
33.83	68
36.2	31
46.61	5
35.91	17
35.07	31
37.58	67
34.9	59
34.47	39
37.4	48
33.62	35
34.13	74
38.69	34
35.07	41
32.43	36
34.84	15
34.56	36
34.52	48
34.15	1
34.77	15
33.25	39
32.01	41
32.62	33
36.37	16
34.73	30
36.31	11
33.52	30
33.25	69
35.72	64
38.15	38
34.33	73
33.43	19
35.11	32
33.73	41
31.34	31
34.75	50
33.32	38
34.38	20
34.86	55
34.79	27
37.86	12
34.69	70
36.01	15
33.83	30
34.64	39
33.11	16
34.6	67
34.99	43
32.88	29
35.66	70
33.83	30
33.17	41
33.61	72
35.55	46
34.41	36
39.22	24
34.32	36
34.49	16
37.37	39
35.93	33
37.01	32
38.48	20
33.86	67
35.06	38
34.32	57
34.94	10
34.4	3
37.27	32
34.73	24
45.27	7
35.73	63
35.33	20
34.82	39
36.26	37
35.02	61
33.49	19
36.47	56
34.44	31
34.88	66
37.5	39
37.13	30
33.81	55
32.37	38
33.52	58
34.04	33
34.86	28
33.82	34
36.75	29
33.84	22
36.84	15
34.27	42
33.57	33
34.2	31
35.63	21
35.79	31
34.95	57
33.76	20
34.18	38
35.22	34
36.17	60
33.34	41
35.98	31
32.49	3
32.12	3
32.5	3
32.11	63
32.92	58
35.93	26
34.47	38
34.74	66
35.13	38
35.74	49
32.85	26
33.52	32
31.27	67
35.34	7
33.27	31
33.51	60
34.08	56
32.69	56
34.42	9
32.62	0
52.67	7
34.69	66
33.78	21
36.34	30
33.66	64
33.76	74
35.49	10
33.35	60
34.83	38
36.87	15
37.81	7
35.35	18
34.97	42
35.14	55
35.79	9
36.17	36
33.42	58
34.26	33
35.54	51
32.33	36
50.43	5
36.33	18
33.11	37
33.13	17
34.07	62
34.43	46
34.41	63
32.45	28
36.37	26
33.98	26
34.82	40
35.2	31
32.25	56
32.74	10
33.66	35
35.46	31
32.77	61
33.16	34
34.45	74
34.27	51
36.9	25
33.43	72
35.97	39
33.38	66
35.42	40
35.01	28
34.65	49
36.92	26
34.99	65
33.17	36
32.69	50
35.92	28
34.37	60
34.87	21
33.05	58
35.09	25
33.91	38
30.83	36
33.84	36
36.52	12
35.04	32
35.68	17
33.83	39
34.89	46
32.27	33
34.2	16
31.5	34
32.17	39
35.7	31
35.52	30
34.37	55
34.61	30
37.19	30
33.04	28
35.01	47
36.79	19
35.48	54
36.83	66
47.47	7
33.94	61
33.4	37
33.98	38
34.89	63
32.33	32
31.4	52
35.92	34
36.25	33
33.04	37
33.98	60
34.05	65
35.28	48
35.17	16
36	13
37.23	28
34.69	25
36.33	35
33.3	53
35.28	59
35.4	26
34.86	47
34.26	59
36	44
32.3	63
34.21	64
33.06	27
39.02	11
34.54	37
34.5	23
37.63	33
32.81	32
35.36	35
32.92	31
34.2	71
36.21	14
34.29	74
31.39	67
32.45	53
33.71	42
33.81	40
36.79	51
32.79	41
33.51	66
34.08	66
34.55	23
30.96	35
40.36	24
34.95	22
32.97	32
32.4	30
32.42	31
32.18	32
32.11	34
36.2	28
35.86	33
35.97	32
33.49	41
35.99	40
32.46	10
33.22	74
33.29	69
34.22	59
33.93	34
34.83	64
35.6	58
33.86	73
50.37	5
34.17	58
35.55	28
36.06	20
34.89	31
34.24	10
35.07	25
33.81	16
33.6	39
35.38	39
34.5	35
37.16	38
34.98	21
34.72	65
32.37	30
33.23	37
33	68
32.97	17
33.89	26
30.97	9
34.33	41
35.75	31
36.97	21
32.11	69
34.7	55
35.68	55
37.72	30
41.7	19
62.6	4
33.8	54
35.68	33
35.88	14
33.6	66
32.93	33
32.58	73
34.98	26
32.09	26
33.48	35
31.84	19
32.82	28
32.47	35
32.61	54
32.23	38
34.73	63
35.85	34
36.07	62
32.26	38
31.04	26
33.75	51
35.78	67
35.16	51
36.29	30
32.95	31
33.62	71
35.01	28
34.48	31
36.19	40
32.85	21
33.38	47
32.77	71
33.97	36
34.33	53
33.96	33
34.4	28
34.22	38
35.82	70
35.98	19
36	38
36.21	31
35.22	24
33.07	8
33.27	23
33.68	70
35.98	19
30.7	71
32.88	3
32.33	32
33.11	34
33.06	37
33.07	28
32.95	22
32.58	32
34.27	34
31.2	74
36.88	21
32.36	38
34.28	52
33.2	33
32.2	62
32.65	24
31.68	41
32.91	40
31.96	21
32.65	51
34.67	53
51.45	6
34.81	56
36.29	42
35.19	73
34.4	57
35.37	15
35.2	41
31.13	10
34.26	26
32.7	67
37.68	54
33.12	70
35.38	54
35.53	62
36.18	32
33.03	36
34.23	37
33.91	3
31.83	34
31.89	16
34.43	57
31.39	23
31.18	12
34.12	31
33.38	40
33.39	45
34.58	5
34.27	5
35.13	55
33.73	60
35.68	23
35.14	64
33.3	39
33.09	17
33.89	65
33.74	50
34.37	49
34.43	40
35.62	61
34.26	38
35.43	69
35.13	50
33.28	65
35.61	11
36.18	52
39.63	27
34.52	71
34.91	55
37.66	7
34.81	32
36.14	40
32.91	28
35.21	36
33.75	72
31.66	5
33.74	72
34.72	19
35.84	37
34.48	17
33.84	65
31.05	30
33.67	35
34.43	48
34.29	5
35.08	34
32.58	6
34.64	24
34.04	21
35.27	31
34.54	44
34.34	51
35.55	11
32	19
35.89	40
31.72	6
37.06	24
33.66	19
34.88	2
33.14	22
34.15	71
35.86	52
33.12	41
32.14	55
33.16	45
34.12	67
34.47	24
33.41	67
47.56	6
37.06	12
32.77	38
35.29	58
33.86	73
34.35	15
35.84	5
35.83	9
34.73	35
33.6	3
33.02	3
33.12	21
33.84	67
34.38	56
33.28	27
33.13	35
34.34	54
34.21	34
32.85	20
34.7	67
30.91	35
36.05	30
36.5	58
35.43	60
33.88	68
35.51	38
34.22	62
35.44	41
35.33	63
32.53	13
37.78	37
36.48	30
34.55	17
32.9	33
35.47	52
33.12	20
34.05	7
31.77	71
34.91	57
34.04	49
35.93	7
34.04	71
35.73	70
35.11	34
33.98	39
32.41	27
33.13	27
33.43	65
36.59	42
33.85	60
35.36	19
34.43	36
31.16	28
30.63	40
35.21	33
34.06	65
31.63	31
34.11	28
32.39	31
34.27	33
35.97	49
42.27	1
34.74	50
36.51	38
41.85	7
35.61	36
34.64	29
33.92	59
36.86	36
33.93	41
34.45	66
32.42	49
34.39	53
34.59	13
33.34	34
35.62	63
35.27	44
31.46	39
32.73	34
31.84	39
33.34	69
32.65	46
32.06	22
32.26	38
33.5	34
36.2	20
34.72	66
33.97	56
32.77	15
38.78	14
36.88	25
33.9	41
34.2	29
36.64	21
36.33	37
34.9	47
35.47	34
32.17	21
35.34	23
33.53	71
33.38	37
36.22	19
45.18	1
38.9	27
32.8	38
35.07	29
34.06	74
37.33	21
37.68	27
34.95	8
36.56	55
34.35	34
32.69	25
32.94	9
36.6	70
36.11	51
34.24	33
32	25
33.01	25
32.7	26
32.18	65
34.66	14
33.97	33
35.74	33
30.33	18
35.98	37
32.54	38
31.62	28
32.21	15
35.29	30
34.11	33
32.66	18
32.66	18
33.05	24
33.34	65
34.35	29
34.6	6
34.97	35
32.75	46
32.33	39
34.63	16
33.68	28
31.95	6
33.29	27
33.34	61
33.03	37
33.78	36
34.57	45
30.32	36
37.11	24
34.02	49
35.49	23
33.98	30
34.77	25
33.01	24
33.32	37
34.19	41
35.84	57
34.85	42
33.44	48
33.53	10
35	56
32.34	39
33.87	14
35.46	61
34.15	67
33.41	20
33.93	32
33.92	70
31.8	30
36.16	65
31.9	22
33.95	15
32.79	51
37.3	8
35.29	34
31.93	31
32.85	14
33.49	1
33.16	59
31.69	41
33.17	36
34.96	39
33.26	53
33.26	53
34.19	38
31.97	32
35.23	42
31.76	12
30.97	22
32.55	11
33.16	15
44.34	16
32.11	32
35.63	23
31.25	3
34.08	1
32.92	40
33.34	31
32.54	62
35.11	61
33.47	19
34.04	69
33.89	25
35.23	40
34.47	38
37.51	17
35.85	34
35.19	46
34.45	24
43.6	1
33.78	28
33.38	6
34.98	18
32.9	13
32.83	38
36.52	35
34.67	68
36.88	14
32.97	17
34.26	46
33.97	54
33.41	25
34.88	61
33.55	25
32.41	4
36.04	40
36.23	35
35.12	8
34.77	14
35.26	38
34.82	28
34.64	41
36.04	32
33.85	73
33.18	60
36.83	60
100	0
36.28	55
33.92	33
36.12	19
33.69	72
33.79	69
33.15	32
36.85	39
35.27	27
33.77	41
32.59	61
34.6	70
49.98	6
33.2	41
35.91	62
35.28	56
31.81	35
32.64	31
34.18	67
37.81	42
35.78	30
36.04	66
37.09	12
33.51	24
33.44	40
36.69	24
36.29	24
34.91	31
43.04	2
35.24	27
32.03	67
34.54	30
34.75	31
32.77	32
34.55	16
34.83	62
34.36	19
35.06	51
35.32	33
32.59	47
34.04	38
32.38	36
33.2	8
32.26	14
32.52	4
35.19	34
34.09	29
31.31	55
34.86	69
31.51	35
34.13	16
32.92	16
34.14	58
33.65	53
32.86	53
34.71	68
34.45	69
33.08	64
31.62	65
32.18	9
33.65	37
33.68	50
34.79	39
37.27	40
31.86	12
33.47	35
36.23	36
33.83	50
33.47	27
34.79	11
30.91	22
33.78	71
33.86	48
33.79	61
33.24	68
35.19	52
33.93	72
33.45	51
35.39	23
35.99	38
32.34	61
30.83	37
36.7	38
33.58	50
32.97	39
30	38
32.88	67
33.12	28
33.47	34
33.48	28
34.93	37
35.45	33
33.94	58
33.45	21
34.06	21
34.44	61
33.23	68
35.8	34
32.86	65
31.21	34
36.26	71
34.01	62
33.62	8
31.7	35
32.26	25
31.65	39
33.79	22
33.96	64
33.96	64
32.77	18
32.83	61
35.12	31
33.11	23
33.17	40
33.25	39
35.35	61
33.78	63
34.35	58
36.6	55
34.2	39
34.77	18
33.83	15
33.29	23
35	7
35.29	55
33.86	57
32.99	51
34.15	11
37.51	30
34.27	68
37.84	7
32.92	33
32.74	28
34.2	24
35.31	24
34.31	50
35.6	51
32.24	36
34.26	29
34.25	73
33.31	21
34.4	62
33.22	47
34.58	68
31.09	31
34.35	9
31.96	12
35.07	32
37.82	15
34.83	60
31.36	31
32.86	7
33.26	50
33.91	32
32.11	9
34.59	49
34.69	69
32.38	70
35.92	19
32.95	25
32.73	53
34.02	33
34.73	59
31.1	2
34.91	37
34.81	29
32.14	68
34.5	12
36.01	13
35.06	33
33.51	64
33.89	39
32.33	37
35.96	44
32.9	69
33.49	74
33.53	40
33.9	38
32.76	37
31.53	25
34.64	35
32.86	7
33.26	50
33.8	3
34.96	29
33.91	32
34.76	31
34.45	69
35.43	19
32.95	25
32.65	53
33.85	54
32.09	39
35.31	39
37.12	11
33.86	58
34.47	13
35.47	51
33.49	72
35.28	47
35.04	26
36.39	51
34.7	68
32.51	61
37.39	45
33.17	52
34.38	28
34.27	20
30.79	32
34.41	26
35.62	46
34.68	36
44.1	1
36.84	25
37.15	26
37.46	35
33.25	73
35.23	72
34.53	27
35.23	69
34.96	63
34.74	35
46.44	1
37.91	56
35.58	36
34.45	6
36.11	66
33.06	50
34.55	26
35.64	15
35.1	54
32.59	40
33.51	27
33.53	18
35.84	56
32.98	61
31.55	61
32.6	29
33.39	74
37.02	66
32.12	49
31.88	15
34.19	29
32.04	57
31.62	18
35.08	7
33.33	18
31.74	5
32.86	43
33.5	27
32.81	64
33.96	29
50.15	6
36.27	25
35.13	60
37.5	33
36.91	8
34.5	1
34.57	52
36.34	41
35.66	56
37.79	20
32.67	13
33.56	64
33.34	30
34.92	23
33.95	57
33.07	0
34.49	17
32.18	67
35.36	17
33.38	65
34.25	40
35.12	8
34.61	43
31.4	25
33.07	22
34.5	37
33.87	45
34.35	29
34.94	26
32.07	9
33.88	42
33.93	29
33.3	10
34.51	14
34.31	22
33.22	64
36.98	32
33.92	7
35.19	38
35.07	30
32.48	17
35.14	22
36.28	56
36.59	24
38.2	23
33.43	57
36.78	32
34.19	34
35.84	71
34.55	54
35.75	71
35.34	21
31.72	4
35.54	22
34.26	38
35.23	33
32.81	26
35.92	56
33.77	59
33.52	39
33.76	40
35.83	56
34.49	45
35.65	57
34.4	36
53.86	34
34.54	61
35.4	13
35	36
34.98	57
33.37	49
32.99	60
35.75	59
43.57	23
35.54	37
35.16	69
36.08	1
36.26	29
37.73	27
34.61	27
32.9	16
35.83	38
32.56	10
34.16	36
37.93	33
34.67	15
36.49	44
44.61	1
33.55	65
37.09	72
34.1	17
35.07	59
34.82	24
34.98	34
33.76	53
32.34	19
36.87	53
34.68	27
35.37	65
33.33	62
34.35	61
35.86	38
33.96	30
32.71	61
33.08	69
33.82	48
32.57	73
37.54	25
32.16	50
33.51	39
32.23	65
35.28	57
35.48	50
36.5	70
35.76	33
38.79	12
36.11	63
32.07	74
35.33	61
32.98	20
33.34	36
35.07	34
33.56	27
34.44	31
33.43	62
33.72	73
32.53	21
34.14	48
32.47	21
50.33	5
35.7	56
32.04	11
33.56	62
34.3	73
35.22	38
36.72	43
36.35	20
33.77	35
36.94	28
34.7	31
31.25	26
34.5	35
35.24	50
37.94	11
34.07	41
34.29	55
32.11	32
35.49	31
34.53	40
36.12	3
32.44	25
36.33	7
34.88	6
33.18	40
34.34	7
34.93	65
33.77	73
37.93	31
34.53	37
34.14	34
35.14	18
33.39	12
35.38	28
45.36	3
34.54	50
33.4	29
38.3	31
33.32	65
33.15	4
34.53	46
32.57	67
35.82	39
36.44	61
35.58	31
36.29	44
34.45	39
33.34	54
35.44	34
34.96	26
35.87	31
34.33	40
35.13	38
33.53	40
35.48	69
35.94	72
35.83	20
34.5	18
35.92	22
36.28	60
33.05	31
33	28
33.12	27
34.91	34
33.09	72
34.16	56
34.96	59
33.46	39
38.78	23
33.67	72
32.58	63
35.08	64
31.07	38
32.13	37
35.44	35
34.55	60
36.25	63
34.08	71
37.29	35
35.56	34
34.04	1
35.62	50
34.1	67
32.04	47
31.91	41
34.2	28
34.17	29
33.85	21
33.32	54
35.37	41
32.1	32
32.6	66
33.29	55
33.43	30
33.35	67
35.11	27
33.5	52
34.94	27
33.25	26
34.08	26
33.9	41
33.56	16
34.67	36
31.54	36
34.11	25
33.43	28
32.56	60
33.26	21
35.93	51
37.91	31
36.23	45
35.8	45
40.93	36
34.77	18
35.37	39
35.6	33
35.46	39
37.86	20
34.61	33
33.19	29
34.12	58
33.51	23
33.89	73
36.47	10
34.27	65
35.81	26
34.89	52
33.44	16
35.55	60
36.61	40
32.56	53
32.83	32
32.26	9
36.44	28
36.21	23
30.25	21
33.03	21
31.6	32
39.48	20
33.32	41
33.78	22
32.32	9
33.32	32
31.54	36
33.97	39
33	14
34.6	64
31.68	36
31.04	21
35.3	26
34.4	39
33.76	39
35.98	39
35.4	51
32.4	41
33.7	36
33.6	35
33.34	34
33.61	36
32.48	41
34.82	13
32.49	18
33.49	49
34.95	23
30.33	11
34.1	52
33.31	42
35.17	57
35.59	22
34.1	55
33.35	37
38.46	20
36.18	55
36.19	56
32.9	35
33.23	24
31.41	40
35.02	33
36.72	32
34.18	56
36.36	34
30.05	23
34.93	14
34.7	34
31.73	15
33.34	23
33.46	14
35.49	42
33.62	28
35	28
35.63	10
36.39	9
35.07	37
34.68	70
33.49	11
31.02	31
34.19	26
33.63	73
35.11	41
32.62	38
32.74	32
32.4	26
35.11	34
31.75	36
32.32	20
33.51	59
36.4	39
35.75	31
33.49	28
34.77	39
33.6	40
32.34	72
31.79	28
33.47	37
35.34	34
31.65	20
33.37	36
32.59	23
31.93	29
32.86	49
32.55	25
33.26	61
33.05	54
32.31	1
33.11	52
34.49	28
35.16	43
32	30
34.03	65
34.31	51
35.64	27
33.12	27
33.93	41
33.52	40
35.29	36
35.01	47
33.1	33
32.35	37
35.61	33
35.73	74
33.23	30
32.2	29
35.06	36
32.83	38
35.54	73
36.41	29
34.78	57
33.24	29
36.81	26
33.33	3
33.69	8
34.84	49
31.23	37
33.91	41
34.31	24
32.85	3
32.96	59
33.43	58
36.52	24
31.83	37
35.32	39
33.16	73
32.49	18
32.18	37
32.18	37
32.18	37
32.33	37
33.48	36
31.51	38
34.4	48
33.9	33
31.51	29
36.41	32
34.43	71
33.5	26
35.11	34
34.08	21
34.79	19
33.42	56
35.1	37
32.33	28
32.86	7
33.63	53
32.06	21
33.91	32
32.18	9
31.62	65
33.33	74
33.39	16
31.93	31
34.21	29
33.99	14
32.92	31
33.7	16
35.33	38
35.89	55
32.26	17
36.77	24
31.58	26
36.42	35
35.13	28
35	55
33.19	40
32.81	62
37.38	45
34.5	62
35.61	26
34.52	55
35.23	23
33.5	34
33.09	39
32.32	18
31.65	35
31.68	11
33.41	74
34.61	14
33.18	34
33.06	56
33.15	45
33.52	61
45.58	19
34.3	67
33.27	25
34.18	63
36.36	36
36.94	19
34.22	38
39.43	24
38.71	32
33.33	32
35.78	34
34.02	39
35.51	54
32.32	39
34.8	58
33.05	26
32.51	10
36.27	32
36.2	34
36.56	18
38.05	52
34.26	38
32.4	40
37.77	35
31.45	55
31.55	37
34.15	26
36.09	26
34.66	31
34.58	42
32.93	58
36.44	68
35.85	54
34.66	28
32.97	30
37.36	38
32.74	21
35.56	27
33.65	74
32.29	29
32.74	22
32.38	50
34.04	28
31.62	26
33.34	30
34.11	43
32.31	30
35.35	18
30.01	36
35.32	2
35.68	28
35.89	1
33.4	55
32.48	35
33.85	64
34.01	29
33.34	71
33.68	36
34.09	73
35.21	48
33.67	24
34.79	26
41.24	2
34.95	38
34.09	23
34.52	36
35.27	55
35.41	38
33.49	72
33.15	32
36.21	35
32.81	3
33.97	25
34.07	59
34.58	62
34.56	34
32.83	44
32.68	31
34.97	24
34.64	16
35.68	42
34.54	62
34.46	65
36.22	42
31.72	33
34.11	24
35.24	25
33.91	34
32.83	9
35.85	45
35.91	39
36.03	27
37.81	23
33.1	16
36.92	10
33	10
33.65	52
34.64	52
33.07	46
34.73	40
33.74	18
33.32	27
36.55	25
32.51	54
33.24	61
33.09	70
35.35	49
33.46	28
34.83	28
34.45	64
33.1	40
32.32	19
33.11	19
32.61	27
33.98	18
34.11	27
35.67	31
34.68	54
33.3	40
34.08	9
34.03	20
34.92	39
34.33	26
33.16	66
32.86	31
32.69	33
35.26	34
33.2	33
33.65	43
31.4	33
32.91	66
32.05	43
33.18	34
30.84	6
33.06	52
33.23	6
34.01	23
35.73	27
47.55	4
33.2	66
35.54	68
33.39	41
33.65	24
33.99	66
36.26	55
35.5	37
35.14	31
35.96	34
33.11	19
30.9	15
30.91	18
32.68	6
34	50
34.68	29
33.84	32
34.59	64
33.82	32
32.2	37
33.7	28
36.05	54
33.17	70
36.35	51
38.72	42
33.86	35
33.12	72
33.21	71
37.08	34
36.52	45
36.16	22
43.13	1
33.84	64
35.12	27
34.84	60
34.72	29
36.06	71
35.3	28
38.4	27
35.39	64
31.53	13
34.26	28
31.77	34
34.72	22
36.62	22
32.71	53
32.4	8
32.83	64
30.35	36
32.26	19
32.53	29
32.04	17
38.95	10
32.79	37
32.03	69
32.54	70
34.96	68
32.44	52
32.69	35
34.49	41
32.88	18
34.7	9
34.87	23
33.53	32
34.77	49
32.62	20
34.41	66
36.33	20
31.67	2
34.65	70
32.9	63
36	29
35.4	25
31.82	29
33.67	30
33.48	15
36.55	52
38.41	30
31.82	32
33.84	63
32.97	40
34.49	16
34.28	57
35.45	19
32.48	39
35.71	28
34.12	33
35.69	62
33.93	65
32.7	16
35.77	17
35.02	42
30.96	29
35.91	34
32.36	9
36.1	20
35.11	28
33.46	46
35	55
33.73	37
35.4	47
31.65	62
34.92	53
33.81	32
34.76	52
35.23	33
36.15	40
33.75	56
36.15	12
33.49	41
32.84	15
35.84	35
33.11	73
34.62	61
32.81	73
35.55	32
34.08	38
37.03	17
38.21	17
34.21	49
33.9	74
34.15	32
32.77	9
35.98	45
34.62	56
36.22	4
36.71	53
33.33	26
36.17	28
34.45	24
36.36	31
34.11	69
35.26	57
32.77	37
36.28	46
36.64	47
35.72	55
33.58	46
30.6	38
34.91	38
33.69	72
33.92	8
38.86	20
36.17	11
33.21	33
33.64	17
35.92	23
33.67	25
35.33	15
33.93	28
34.27	2
33.96	68
34.13	72
34.19	35
33.4	8
32.74	29
34.97	37
34.38	25
33.97	23
34.94	65
34.2	9
35.37	32
34.39	33
34.64	46
33.67	6
34.98	59
38.81	29
34.09	55
32.89	73
35.91	27
35.34	45
34.58	50
35.27	69
35.19	30
39	14
36.64	41
35.33	68
33.98	30
33.97	21
36.68	62
34.41	33
33.29	35
33.32	33
36.06	8
35.49	30
32.47	62
30.66	41
34.91	31
34.26	15
34.21	38
32.39	55
33.64	21
32.08	23
33.25	23
32.68	52
36.3	40
31.97	19
33	7
33.66	58
32.82	29
49.8	7
37.23	18
34.7	21
31.58	35
37.21	16
36.22	23
33.67	3
32.56	32
35.31	1
35.55	61
32.82	36
35.27	62
34.94	31
34.85	34
33.74	34
34.13	32
38.51	34
34.7	48
34.66	61
31.25	13
35.35	33
33.54	23
33.28	34
34.78	22
35.64	35
35.12	29
33.95	34
33.39	36
34.58	40
33.72	63
34.13	28
34.73	74
34.42	29
32.75	24
34.93	28
33.34	23
32.21	11
35.63	28
33.01	71
31.48	57
34.9	55
34.61	41
36.17	46
34.56	36
33.13	34
36.79	10
35.56	28
34.27	29
34.17	34
35.56	28
38.17	26
33.5	32
37.86	20
39.6	20
35.71	69
34.35	66
35.84	46
37.03	35
37.17	31
35.94	17
35.22	51
32.78	35
33.76	62
31.34	0
35.08	13
33.11	32
31.31	19
35.06	67
36.07	61
35.44	43
34.5	71
35.37	42
30.56	27
32.27	31
32.19	32
33.69	27
35.22	25
34.29	66
32.64	49
35.33	40
34.77	23
32.05	27
32.83	22
32.69	20
36.86	15
32.62	4
35.78	30
36.29	32
35.49	57
31.65	20
35.21	33
32.83	50
33.64	17
32.54	41
35.73	33
34.18	10
34.26	73
34.59	56
32.62	29
36.06	21
34.9	46
34.4	27
33.46	33
34.43	32
33.04	32
34.3	12
33.32	32
32.91	36
31.69	30
36.74	32
35.63	32
32.11	13
34.36	68
34.71	73
34.09	37
34.55	41
33.68	57
33.44	24
45.69	7
34.53	62
35.69	28
33.82	23
35.93	26
35.02	25
35.47	55
36.7	35
34.02	45
31.61	22
33.12	10
32.66	57
31.58	33
35.24	32
35.41	32
33.46	20
31.13	28
34.46	26
33.95	39
34.16	57
34.02	33
31.7	39
34.45	69
31.43	32
33.22	63
32.27	38
33.38	24
33.76	41
32.67	66
34.53	27
32.04	24
33.72	38
32.05	35
34.01	55
34.4	28
34.81	43
32.94	33
32.87	74
34.48	39
34.92	20
35.2	50
32.71	71
36	31
34.4	52
33.4	6
34.53	24
34.07	35
31.32	38
33.51	68
33.77	27
46.73	11
37.5	33
58.32	3
37.29	21
35.19	7
39.5	16
35.91	32
33.83	70
34.73	20
34.91	38
33.17	69
33.98	41
46.67	4
35.96	68
35.21	35
36.67	34
33.76	34
36.01	46
35.46	32
36.49	34
36.17	11
34.15	38
31.04	28
32.66	37
34.47	33
33.59	37
34.77	45
34.4	22
31.1	13
34.15	38
34.9	38
34.72	29
36.91	62
36.63	35
33.96	28
36.86	58
35.76	27
33.87	28
34.87	10
34.84	36
32.4	28
33.13	22
33.25	69
34.07	70
34.64	34
33.09	39
32.83	51
33.45	67
35.44	33
34.61	32
33.21	23
34.87	41
35.02	57
33.53	35
33.61	31
32.35	32
33.84	50
33	34
33.48	63
34.62	58
34.83	31
33.92	7
32.25	26
33.76	21
33.99	59
34.71	38
33.88	25
35.51	32
32.49	70
31.93	7
38.43	35
34.77	20
34.08	9
31.45	41
37.82	30
33.73	63
33.84	23
34.3	21
32.31	39
31.4	32
34.18	68
33.59	34
34.03	39
37.22	33
33.91	69
33.5	37
35.36	25
34.26	17
34.28	64
33.94	58
32.04	11
35.27	26
33.92	14
34.57	52
34.82	34
32.23	15
35.36	35
34.26	42
33.67	41
36.18	30
34.31	71
33.02	58
32.38	2
34.72	55
36.7	51
35.34	34
35	36
35.8	28
36.17	53
30.52	38
34.78	34
35.22	18
36.46	33
32.12	24
34.08	40
36.06	9
32.97	34
34.32	32
35.26	24
33.27	39
31.67	47
33.43	33
31.18	38
32.63	30
35.74	17
33.25	34
35.11	39
33.46	33
33.35	41
34.59	62
32.46	16
32.72	11
32.56	40
32.56	40
34.5	34
34.91	30
32.23	38
34.77	64
32.04	38
37.58	25
34.69	72
35.93	58
33.29	28
34.9	28
34.31	37
33.21	39
33.41	15
36.1	26
32.77	34
33.91	21
34.11	34
32.81	71
35.58	31
32.07	57
33.92	36
34.12	34
31.41	28
32.54	40
33.27	38
40.13	16
35.25	40
36.71	36
31.82	38
38.15	24
33.53	32
34.52	46
36.03	40
35.63	22
35.42	43
31.34	13
34.54	38
32.05	29
32.67	39
34.37	74
31.2	39
34.51	45
33.91	30
36.02	31
33.01	46
31.72	13
35.06	57
31.04	40
33.39	22
34.94	64
33.02	41
33.28	64
32.62	38
32.09	29
34.22	24
34.37	24
32.7	69
32.91	19
31.04	38
32.48	39
35.4	35
32.96	14
32.26	14
32.51	11
35.55	49
33.74	28
34.25	41
36.51	12
34.32	40
34.11	64
32.91	36
35.12	34
32.69	51
32.61	32
37.11	42
37.51	4
36.03	21
40.01	26
38.49	30
42.95	8
36.61	34
36.64	52
35.4	52
36.48	5
33.24	39
35.78	30
37.03	31
33.76	29
34.83	39
33.05	38
36.63	34
34.22	39
36.44	37
36.27	18
34.27	72
35.34	14
34.17	45
36.35	35
35.39	17
34.4	16
37.12	34
33.92	10
38.08	33
32.51	21
35.57	42
34.51	57
36.76	42
35.3	36
34.51	47
33.67	41
33.12	37
34.28	21
33.24	60
34.5	46
34.5	66
33.53	39
35.12	19
38.12	64
36.6	16
31.59	23
33.25	12
36.29	18
34.91	50
32.11	33
33.38	59
34.26	43
34.56	58
33.95	35
33.19	31
35.07	24
34.11	16
32.55	34
32.26	34
37.56	31
32.9	59
31.07	24
35.22	73
31.66	13
35.58	24
30.92	5
33.92	18
36.05	50
33.48	43
35.4	21
40.45	4
35.74	40
35.88	51
34.54	62
33.52	74
31.45	38
35.67	69
32.87	71
34.65	58
35.54	26
34.14	58
32.58	55
32.51	39
37.11	16
33	35
30.1	13
34.27	29
34.49	28
33.58	62
33.19	3
35.13	60
34.21	71
34.45	38
33.17	14
34.21	71
33.16	31
33.73	74
32.53	65
34.52	28
33.52	28
36.15	12
34.67	62
36.59	31
37.74	35
34.48	36
32.98	0
44.69	4
33.4	41
34.3	32
36.92	26
33.41	68
32.9	64
33.09	37
34.49	28
33.37	60
33.39	6
33.12	1
32.04	33
34.77	24
32.49	25
32.83	22
33.06	71
47.14	16
34.3	32
35.77	30
33.94	59
34.13	59
37.88	11
31.52	33
36.82	16
35.25	63
31.98	15
33.4	63
33.91	39
31.74	34
33.93	63
33.04	24
33.37	61
31.97	53
33.37	42
34.27	33
33.98	29
37.29	34
33.32	67
33.63	43
34.83	46
31.59	33
33.76	28
35.41	43
31.63	40
33.54	43
34.36	11
34.5	60
34.21	90
32.75	41
33.82	44
33.76	5
31.86	37
31.11	41
34.88	36
32.11	38
31.12	37
35.36	42
34.81	43
33.03	22
34.25	39
34.69	25
35.28	55
31.46	43
34.33	34
34.83	55
35.44	65
33.34	23
35.63	36
35.06	34
34.96	28
34.37	67
35.76	17
31.11	41
34.35	92
31.84	44
35.98	55
33.7	44
35.6	31
35.6	31
32.11	38
37.16	33
33.95	67
35.07	61
34.26	40
32.33	22
34.27	25
34.48	20
34.53	18
33.33	42
33.26	23
33.82	33
33.54	26
34	68
35.36	55
33.61	36
32.92	37
33.54	34
34	44
32.76	42
32.54	39
34.67	18
34.18	35
34.6	41
36.29	34
35.29	14
36.34	38
36.4	28
35.66	49
36.54	41
33.83	31
32.13	31
34.5	39
35.08	78
33.98	30
35.48	56
33.74	45
33.58	18
34.15	64
36.02	34
34.84	18
31.91	46
34.09	68
33.36	86
34.62	41
39.01	27
33.61	36
35.29	15
31.94	83
35.62	26
33.92	37
33.18	73
31.96	24
31.69	88
30.41	33
34.21	80
32.69	40
31.58	34
34.73	42
32.37	19
34.63	52
35.01	30
32.47	42
34.82	87
34.62	49
35.04	19
33.87	40
34.55	28
34.35	90
32.56	92
32.91	59
34.64	27
32.53	5
35.69	29
34.13	80
34.4	46
32.76	37
32.25	40
33.12	63
34	60
33.83	72
34.71	57
34.17	38
33.7	46
34.24	16
32.26	28
30.88	35
31.07	46
32.36	39
33.33	44
32.92	93
34.55	11
34.49	31
33.23	91
33.45	81
33.67	47
34.08	91
34.45	34
33.93	55
33.07	67
32.47	55
32.9	52
36.37	24
33.25	89
35.04	30
31.77	44
34.49	21
32.84	37
33.06	43
34.53	35
33.61	44
34.19	38
34.52	41
32.45	43
38.95	30
34.5	89
34.98	30
33.12	28
34.92	30
35.72	61
34.46	43
33.19	80
34.16	92
32.97	52
34.48	46
34.56	40
31.8	11
36.72	51
32.81	60
34.3	59
34.3	88
35.34	73
36.75	40
36.9	20
31.43	19
30.53	19
32.94	76
39.94	21
31.61	40
34.53	41
33.12	33
33.42	65
34.7	18
36.23	36
30.97	36
31.73	87
34.38	81
33.58	61
32.97	52
31.84	34
32.66	63
31.63	92
35.6	34
33.68	76
36.1	38
35.92	30
36.58	26
32.6	63
32.93	75
33.57	76
32.57	44
31.17	80
32.09	42
32.71	46
33.46	83
33.61	43
33.66	42
33.96	78
33.92	88
34.99	18
32.15	70
33.44	54
31.73	70
34.59	90
36.26	49
36.26	49
33.34	40
32.89	71
31.41	61
34.42	45
31.92	45
30.95	60
35.79	35
32.24	43
31.48	39
31.81	42
32.24	83
32.33	44
33.75	34
33.67	69
31.22	91
32.52	40
31.26	41
32.75	29
33	69
33.22	83
32.37	65
33.65	65
32.91	46
33.5	42
32.8	68
31.75	48
34.75	85
31.98	61
32.95	33
36.52	50
35.92	27
34.15	35
34.47	58
35.72	27
33.57	81
42.91	17
34.43	83
34.21	69
34.34	32
33.64	70
31.86	24
32.29	78
34.07	11
33.82	82
32.52	42
32.52	42
34.92	41
35.65	42
35.04	28
