sim	len_diff
37.21	126
35.42	135
37.08	97
35.11	47
33.61	161
34.87	148
37.08	104
36.67	122
35.75	126
35.87	118
34.13	140
34.03	165
34.69	150
35.08	117
35.54	152
33.76	156
34.49	270
33.78	166
34.72	238
35.14	165
35.26	94
35.28	171
34.74	99
35.67	175
34.19	156
33.55	165
36.24	136
34.57	75
34.48	126
33.93	148
34.34	162
33.32	160
32.44	162
34.52	146
34.95	85
35.34	50
32.67	157
33.62	161
34.97	91
34.5	134
33.92	149
32.97	149
33.77	160
35.19	69
36.49	79
35.19	69
36.49	79
34.37	150
33.45	154
33.57	223
34.5	148
34.5	148
35.42	136
34.68	147
34.24	148
33.78	136
35.17	106
35.5	124
34.67	153
33.16	161
34.1	161
34.88	121
33.11	34
32.47	167
33.29	317
33.29	317
34.84	165
32.34	152
33.85	142
33.66	142
36	151
36.8	108
48.3	84
34.89	167
34.3	149
34.26	146
33.65	115
33.65	115
34.18	138
34.79	131
34.52	165
35.22	162
35.87	117
35.86	123
33.78	332
35.13	115
36.67	106
37.4	132
36.17	142
36.29	128
38.78	123
36.08	139
33.49	153
33.61	147
34.05	156
42.54	57
34.35	143
35.35	111
37.57	110
36.77	134
36.37	230
35.83	128
38.9	118
36.22	160
34.03	153
37.96	98
36.94	111
34.26	137
37.93	108
34.97	142
34.25	150
33.03	163
32.61	162
35.46	155
33.63	153
32.71	160
34.27	154
34.4	159
34.21	116
35.15	133
33.8	136
35.31	114
35.7	53
34.68	142
37.89	75
35.2	160
33.63	155
35.78	83
34.63	167
35.68	103
34.05	158
33.96	153
32.48	160
35.43	148
36.11	209
34.32	145
34.91	134
35.51	121
34.05	122
35.5	119
33.93	128
37.86	87
35.66	79
33.66	135
34.76	204
33.11	141
32.44	150
47.33	96
32.95	153
34.78	159
32.97	161
33.16	144
33.81	96
34.05	105
32.92	141
33.27	161
34.92	144
36.25	120
34.73	149
33.62	134
33.68	150
33.74	139
34.11	162
35.12	105
33.38	145
34.99	307
33.8	150
31.71	7
33.38	138
35.32	125
34.7	148
33.39	150
33.03	166
33.71	153
33.49	159
36.12	247
34.85	155
34.88	125
36.08	209
33.44	137
35	166
34.12	119
36.11	120
32.46	144
34.64	139
32.79	162
35.64	53
34.32	129
32.59	139
32.96	143
36.74	136
41.43	75
33.6	167
36.88	140
34.73	101
35.91	151
33.69	168
34.89	159
34.94	134
34.9	109
35.97	159
36.57	128
38.44	122
35.58	135
35.53	163
33.36	27
32.66	167
34.71	144
34.77	123
34.34	300
37.75	59
36.06	146
34.03	194
34.68	88
31.94	164
33.23	155
33.86	147
33.32	151
32.64	75
33.69	112
36.9	67
34.13	75
33.57	152
33.14	150
33.62	134
36.28	92
34.34	151
34.74	146
32.42	162
33.8	149
34.13	150
32.37	157
33.37	157
32.48	143
33.6	135
34.87	96
32.26	166
31.35	148
46.47	117
33.58	145
33.27	165
33.73	153
31.31	164
34.73	83
33.29	152
33.64	156
33.92	157
33.9	126
33.53	107
34.09	287
34.89	137
34.75	250
35.04	224
32.18	163
33.55	145
32.75	144
35.38	124
35.47	104
34.44	117
33.66	136
34.31	143
34.41	150
33.52	52
33.14	164
34.81	123
33.37	137
32.15	151
33.43	167
33.71	167
33.24	164
35.92	66
35.24	155
33.69	168
34.08	150
33.13	162
35.27	156
36.78	118
33.65	151
34.84	131
36.19	129
35.38	134
35.81	82
35.98	95
34.27	133
36.1	136
35.36	140
35.15	144
35	161
34.3	140
33.56	315
36.26	93
34.55	120
34.15	163
33.71	149
34.5	149
36.23	115
35.58	109
36.19	129
36.01	94
36.43	136
35.38	147
38.85	71
36.16	166
34.95	153
34.64	165
35.22	154
34.8	136
33.17	143
36.12	126
33.1	164
37.52	138
37.03	162
34.5	160
37.03	165
34.96	166
35.02	164
35.79	129
33.27	161
47.78	82
34.14	154
38.22	157
34.91	166
37.03	109
34.47	168
35.01	153
36.32	89
37.13	151
34.8	123
33.57	149
34.25	142
33.81	156
36.87	124
35.16	110
35.36	155
33.91	151
35.24	116
36.27	137
35.42	133
36.88	123
35.01	132
36.7	94
35.2	133
36.49	43
36.33	128
35.72	139
36.65	80
33.89	164
34.5	161
35.95	120
37.44	68
33.97	49
34.14	132
33.83	132
32.76	148
32.93	134
35.84	175
33.18	117
32.97	41
48.2	9
33.39	145
35.99	131
61.54	2
36.29	184
37.92	85
37.2	104
38.04	124
35.52	98
36.25	134
36.52	139
36.81	141
33.13	4
34.24	110
36.2	184
35.57	77
35.17	209
33.53	213
33.08	95
35.33	116
50.04	37
35.09	84
33.34	125
33.1	11
33.96	141
34.86	140
34.02	149
35.34	127
32.41	8
43.08	16
34.33	267
35.22	109
37.17	123
37.78	67
35.42	123
64.43	8
36.24	35
39.41	96
35.7	137
35.97	18
37.11	135
37.22	109
36.96	122
37.34	100
37.69	60
37.16	142
36.92	20
58.11	3
37.77	210
36.22	139
37.19	123
37.92	124
51.04	4
33.52	57
36.94	116
35.25	146
35.38	80
34.61	32
35.05	114
34.63	104
35.13	185
35.36	226
33.02	136
35.49	255
48.73	6
34.46	65
33.61	141
35.01	56
35.6	74
33.81	80
35.97	98
36.24	85
56.45	20
36.43	101
37.08	78
35.33	127
36.02	125
37.82	93
36.45	120
37.72	56
37.11	113
38.58	133
39.32	107
54.25	2
38.62	99
37.35	92
37.42	112
38.29	149
37.11	144
57.07	6
37.19	96
37.26	148
36.57	147
35.38	249
33.32	142
52.26	14
34.65	138
35.74	40
36.27	94
35.19	134
33.72	136
36.05	149
37.41	58
56.59	6
37.59	76
36.72	80
37.77	53
36.74	87
37.23	145
37.69	80
35.34	125
35.33	133
34.04	128
35.43	135
37.29	61
34.19	91
53.31	7
33.41	139
33.33	143
33.8	147
37.41	89
36.58	117
32.76	146
37.1	80
35.99	179
35.39	37
34.34	264
34.39	60
33.58	146
33.91	137
34.19	136
48.39	4
36.89	78
36.1	123
37.13	108
36.5	227
36.5	100
34.3	111
37.05	116
36.98	114
36.08	134
52.64	58
34.22	238
34.69	62
34.22	127
35.83	117
33.04	148
33.54	51
33.67	145
50.19	3
36.36	132
35.74	68
37.87	127
36.92	143
35.87	144
35.52	144
36.27	127
35.13	145
37.77	125
38.22	163
50.92	44
36.2	96
34.7	150
35.16	83
34.2	127
34.11	33
33.88	133
35.24	76
50.88	1
33.65	149
33.72	44
35.76	90
33.64	118
34.98	93
34.27	54
32.41	146
34.82	61
31.74	135
48.82	4
32.51	17
33.11	130
34.56	266
36.71	125
36.16	138
55.01	4
35.02	141
37.03	90
37.65	131
37.25	145
35.58	127
39.35	133
37.48	109
37.04	75
35.78	129
35.74	147
39.59	18
37.21	118
37.1	121
35.74	211
35.04	137
37.34	123
36.24	147
34.51	148
34.67	128
53.57	8
36.48	71
34.18	43
34.8	76
35.64	133
34.45	134
35.2	130
35.19	146
37.6	126
36.83	120
36.69	136
37.94	68
35.71	148
38.4	87
37.36	197
56.7	9
37.68	140
37.62	56
32.61	52
36.78	75
34.71	147
35.8	89
35.12	169
34.01	94
33.72	149
33.7	139
35.23	58
50.5	1
36.05	4
36.15	138
56.39	0
38.18	70
38.82	109
37.28	104
36.5	123
38.76	92
60.09	9
36.94	72
37.37	60
36.64	126
35.42	114
35.69	213
36.13	132
35.12	129
33.8	4
36.85	80
35.82	111
58.2	5
55.41	3
38.27	122
36.67	83
38.23	90
35.31	121
33.82	147
36.28	135
37.05	140
35.36	104
35.28	147
35.18	234
36.18	68
49.37	10
33.66	137
35.91	53
36.36	147
34.03	63
35.3	46
35.82	75
35.93	210
35.71	131
50.72	10
36.62	102
36.09	91
34.25	76
35.3	119
35.29	71
36.22	80
34.86	106
35.69	88
35.95	140
35.8	108
36.87	20
37.18	131
55.1	23
37.79	115
35.91	116
37.59	115
36.68	118
37.33	122
37.06	135
37.19	124
36.81	121
37.78	142
37.57	128
36.95	116
37.89	85
37.31	95
57.19	5
38.71	77
37.22	72
37.83	115
38.63	34
37.34	117
38.27	128
38.23	130
56.34	5
37.27	131
39.26	69
39.67	69
35.55	101
36.07	116
35.18	110
33.81	16
35.94	239
52.66	2
36.81	119
34.75	125
36.11	66
33.98	144
35.29	106
36.41	81
35.6	124
36.33	118
35.49	244
35.97	50
32.47	13
56.19	7
35.45	57
32.9	141
34.45	128
34	128
32.08	127
34.77	99
36.11	4
33.93	92
33.31	129
33.31	129
32.51	113
34.14	116
53.44	1
35.86	141
35.36	141
36.27	124
36.83	115
37.55	90
35.48	149
38.02	133
36.08	129
39.88	72
36.54	143
38.98	58
37.36	143
36.54	149
37.12	193
38.9	100
37.8	114
37.24	137
37.83	85
36.34	148
36.51	110
34.08	96
36.67	162
34.38	113
35.14	105
35.2	83
42	6
34.03	165
33.83	67
34.01	142
33.3	146
34.61	131
34.25	131
33.66	137
43.97	16
34.64	178
33.51	240
33.02	46
35.28	123
34.1	111
34.05	126
33.66	143
32.97	110
34.37	120
32.06	132
51.34	1
34.07	14
33.57	146
32.69	24
34.48	73
37.35	60
36.49	131
37.15	235
39.45	130
39.37	112
38.65	98
36.78	133
37.46	126
36.58	57
53.78	14
35.43	163
33.58	125
35.57	27
34.86	107
33.29	1
33.52	112
35.47	123
49.88	3
34.67	75
34.01	135
36.3	154
36.1	133
35.37	26
38.26	81
35.75	126
36.38	100
60.36	4
35.11	75
35.1	124
34.81	134
36.14	108
34.86	115
35.14	148
35.39	68
37.87	47
34.91	146
34.36	149
52.19	5
35.6	106
38.53	122
36.31	135
33.72	144
36.48	87
36	83
38.04	78
37.88	100
36.18	109
35.88	40
35.69	134
35.22	75
34.16	138
33.45	57
33.95	133
34.56	165
33.16	102
34.52	74
34.94	63
35.54	112
35.13	209
32.66	37
35.14	258
35.64	86
34.14	115
36.18	123
36.55	140
53.29	3
35.91	159
35.78	109
36.27	116
36.29	107
38.96	107
38.05	78
39.19	98
38.41	111
38.33	134
37.34	146
57.29	4
37.99	135
37.86	94
37.77	76
36.56	56
37.13	124
36.53	140
37.3	91
37.01	242
36.37	137
51.08	20
34.97	131
37.48	125
35.28	26
49.45	6
35.29	137
33.5	94
35.78	85
34.28	51
34.27	148
35.16	88
32.69	125
34.46	136
32.04	111
35.1	147
36.18	231
34.9	148
36.93	61
35.97	123
54.58	7
35.74	145
36.99	136
35.75	81
33.68	149
36.72	111
37.94	89
35.26	122
37.02	84
37.07	227
58.53	14
37.05	124
36.47	113
35.02	21
36.79	125
36.79	88
39.04	32
34.02	9
36.3	127
36.67	106
37.65	128
35.68	135
35.25	82
57.61	29
38.34	132
35.23	149
35.31	145
38.3	90
57.97	1
37.05	125
37.23	139
39.97	88
36.68	82
34.56	134
37.78	186
36.89	85
36.06	132
34.3	147
34.3	143
35.95	121
34.55	139
35.77	84
52.73	3
35.55	120
35.01	57
36.64	135
36.73	113
36.87	168
35.44	18
35.74	70
59.14	9
37.05	109
34.74	134
36.74	36
37.56	40
50.54	6
36.61	83
38.33	85
37.46	181
37.4	213
36.64	37
37.74	105
36.15	126
36.79	78
37.87	121
36.84	86
36.74	129
35.15	149
55.81	4
34.83	145
36.28	117
36.55	113
35.66	129
35.1	92
37.35	93
35.29	136
49.52	7
35.48	52
35.1	119
35.15	58
36.25	123
34.75	132
37.88	129
35.59	147
34.25	19
35.94	141
34.42	113
34.51	149
52.43	8
35.91	127
35.75	78
33.17	77
34.27	98
34.99	231
36.56	124
33.59	58
34.15	109
49.97	40
34.43	148
33.4	48
34.62	116
33.36	111
32.94	118
35.11	132
33.87	127
36	3
38.52	93
37.27	88
35.98	122
38.28	73
37.39	95
35.88	146
37.57	116
57.85	0
36.1	148
35.23	82
36.83	78
51.68	8
36.82	210
36.72	189
35.55	161
36.58	221
34.98	126
36.74	118
34.95	139
34.64	239
34.18	147
35.16	115
34.9	124
49.63	2
34.14	79
34.73	106
33.93	89
33.72	130
34.25	135
38.39	74
37.07	180
50.43	4
36.18	135
35.69	117
35.74	78
33.41	128
34.65	193
35.01	84
35	113
36.65	111
36.03	26
34.17	147
36.02	212
36.6	107
35.86	94
35.96	88
55.85	3
36.5	70
36.69	137
36.28	67
36.4	124
34.29	148
51.02	12
34.37	121
34.03	64
36.2	92
35.78	93
34.12	141
38.06	111
33.12	17
36.97	132
35.12	127
34.5	133
35.39	115
35.72	199
36.06	80
34.3	37
36	77
57.61	3
35.76	136
36.79	125
53.01	7
36.21	138
35.38	131
36.62	130
36.88	24
36.75	119
33.35	139
36.81	180
34.19	51
33.66	149
36.1	139
34.85	147
33.5	126
36.14	119
52.21	4
34.83	46
36.19	120
35.48	262
35.19	142
35.89	88
35.93	86
34.82	214
34.69	90
34.79	121
35.5	83
35.46	47
33.85	115
34.07	126
35.63	122
52.06	4
35.1	46
32.69	27
36.77	102
34.82	128
36.76	104
34.17	113
32.24	147
33.08	137
36.04	120
57.53	4
35.89	148
35.86	101
37.46	101
35.56	135
35.68	127
36.18	104
36.55	88
36.19	113
35.68	141
36.13	121
31.09	6
36.82	55
36.48	77
33.71	140
34.86	117
34.21	145
35.43	114
35.72	78
37.19	122
36.56	149
37.42	68
36.16	105
36.34	137
38.17	134
55.29	0
34.85	129
37.94	103
36.88	146
56.11	4
34.97	37
35.45	117
37.11	118
37.92	119
35.33	49
36.61	140
36.09	211
35.42	138
35.08	134
36.9	6
31.49	133
34.04	79
35.18	135
34.81	142
33.28	115
35.34	84
34.63	140
33.47	149
34.68	103
35.54	132
34.89	131
35.95	111
55.33	8
34.93	122
36.85	118
35.58	121
36.1	108
34.1	15
35.5	130
54.83	1
36.71	90
36.48	191
36.87	63
37.27	78
35.69	40
35.74	61
36.33	94
36.61	141
37.48	133
33.87	60
35.96	77
34.2	120
48.88	0
34.15	134
35.58	131
34.35	223
34.54	117
33.86	141
34.94	23
34.56	71
33.8	144
35.38	148
34.18	147
49.9	10
36.77	83
37.1	62
34.5	91
36.88	80
35.41	130
35.4	91
35.22	139
35.99	117
35.22	130
35.8	67
36.53	112
35.48	130
36.13	131
36.76	145
69.18	0
37.66	52
37.3	137
34.61	144
38.29	93
35.69	124
36.83	67
58.94	11
37.25	50
52.51	5
35.57	104
35.18	84
35.78	133
35.98	101
34.17	145
35.56	49
37.5	90
34.86	22
36.16	174
55.97	1
35.62	268
35.98	120
37.94	85
34.73	138
55.72	1
36.1	139
35.64	101
35.93	198
33.88	142
36.17	134
36.1	109
35.59	116
37.46	87
36.28	62
35.46	145
35.63	34
36.06	129
37.93	86
34.48	124
36.52	109
47.75	10
36.94	80
35.64	131
51.57	18
36.34	102
35.34	119
35.02	106
35.45	88
34.5	104
35.76	146
34.28	134
35.38	191
36.34	73
36.26	97
52.2	29
37.09	188
37.18	134
36.02	45
36.75	114
36.14	111
34.38	138
52.43	5
51.7	48
37.93	143
37.01	59
36.03	256
36.58	99
36.19	135
35.96	43
34.07	137
37.34	90
35.44	136
36.21	110
38.11	102
36.75	141
37.2	119
37.04	138
38.69	43
36.47	138
35.11	18
37.37	44
33.22	61
35.23	116
35.27	140
34.14	131
36.05	73
34.75	53
35.89	133
36.21	78
33.26	141
30.99	2
33.93	139
34.05	147
34.66	221
35	144
36.33	123
32.98	149
32.22	134
34.26	129
35.95	109
34.51	131
35.69	124
36.93	114
37.25	109
35.73	57
36.32	128
36.73	115
35.76	116
62.47	7
35.54	23
36.62	122
56.73	4
37.33	102
37.83	241
36.2	48
36.58	144
35.44	111
39.81	71
36.61	95
37.14	47
38.24	64
34.41	147
35.71	84
36.14	116
35.43	62
34.08	131
49.52	2
36.24	61
35.13	128
35.17	123
36.24	80
33.3	100
48.12	5
33.59	144
35.72	48
33.45	120
34.02	74
34.29	119
34.09	147
35.12	248
36.41	103
35.8	205
34.76	143
37.37	146
54.47	8
35.19	112
36	123
35.03	143
36.87	94
36.14	141
35.65	217
36.06	84
36.01	52
50.51	16
35.91	135
34.12	136
34.97	147
36.93	126
36.47	112
34.51	191
33.38	148
35.08	81
33.82	62
34.81	216
34.15	130
34.38	143
35.28	139
34.67	109
33.46	129
33.27	149
44.52	7
32.63	120
34.11	141
34.73	104
33.02	43
33.37	148
35.98	105
36.61	68
33.59	136
34.78	118
34.65	66
37.08	105
37.2	185
37.3	61
56.8	10
51.9	4
38.87	37
37.84	47
35.45	19
36.51	137
34.23	146
34.85	130
51.32	7
37.61	48
35.53	205
36.7	179
36.02	130
37.2	88
34.64	117
36.84	110
34.91	126
36.5	55
36.59	210
57.42	4
36.36	131
35.78	133
35.65	124
36.63	110
37.51	70
36.72	217
38.16	125
37.64	95
36.43	57
36.67	225
53.91	20
37.47	151
55.99	3
37.07	104
38.16	92
37.97	98
35.73	18
35.19	116
34.36	43
34.14	138
33.83	128
35.5	103
34.76	126
34.76	148
48.26	2
34.8	102
34.38	210
34.94	85
33.6	128
35.73	148
33.29	17
48.77	13
34.02	223
36.11	36
34.74	184
35.08	86
33.83	49
38	124
36.22	102
35.88	83
34.45	47
37.81	51
58.55	3
35.62	148
35.38	20
35.86	61
36.5	108
34.07	138
34.43	119
34.31	118
34.44	145
34.08	72
35.34	130
35.19	109
52.91	19
33.73	133
34.86	111
36.36	120
49.83	2
34.58	29
34.06	128
36.09	62
34.43	133
35.41	119
33.95	121
34.01	105
35.87	25
32.67	149
32.63	188
33.81	124
40.47	2
35.27	114
34.61	127
33.37	45
31.65	107
33.74	261
33.07	21
36.79	89
35.83	114
34.3	38
35.83	13
37.21	130
35.58	49
35.43	132
36.23	132
35.34	109
58.01	1
38.11	92
36.97	120
35.63	149
37.63	74
37.56	149
37.03	146
37.82	81
37.91	135
56.24	23
38.18	146
35.45	89
35.34	50
35.52	88
35.06	148
35.89	119
36.18	214
38.27	73
37.23	91
37.07	100
57.26	1
36.37	84
33.32	25
35.78	149
33.44	147
34.38	129
35.39	124
36.35	116
35.65	91
57.69	10
35.47	128
36.02	99
34.21	68
35.63	242
36.12	85
34.5	95
34.23	29
33.75	31
34.62	120
33.52	114
34.3	140
51.5	4
36.05	110
37.27	94
35.6	105
33.77	137
35.65	117
34.21	44
34.21	149
34.98	97
33.89	113
37.68	137
38.82	107
37.33	120
36.54	129
37.36	130
52.75	21
37.27	32
35.25	146
37.7	108
36.46	132
35.15	135
33.83	37
35.21	142
34.27	112
52.5	4
35.63	168
33.51	110
33.6	148
34.22	72
35.49	69
36.18	105
37.12	150
35.78	142
57.2	0
35.59	140
36.58	138
36.92	112
36.7	33
37.5	127
36.32	131
35.41	68
35.48	109
50.66	4
35.64	51
32.95	83
34.7	25
34.15	118
33.79	66
32.73	132
34.57	185
58.57	2
36.47	94
38.58	68
36.97	126
36.44	126
36.27	133
36.22	146
37.27	101
35.72	140
34.91	122
35.67	102
35.84	47
35.06	104
36.46	254
35.37	133
35.88	82
35.1	20
34.68	116
37.18	93
58.11	1
32.97	146
34.45	40
33.38	117
51.25	4
34.59	53
34.32	149
35.83	54
34.79	149
35.64	136
36.27	97
35.05	60
36.25	35
34.4	139
34.47	149
51.76	2
35.29	235
35.63	75
35.94	145
36.05	88
36.39	91
46.94	9
35.14	147
34.64	135
34.43	149
33.89	144
35.63	112
35.11	87
35.98	160
34.17	141
35.53	119
38.87	120
39.22	112
37.62	133
35.93	147
38.92	84
36.23	126
36.19	135
36.56	220
55.25	3
37.85	79
38.98	83
35.67	136
35.94	148
56.29	7
36.86	67
37.9	90
34.57	147
38.8	92
38.2	123
34.56	149
36.76	208
38.74	115
56.07	19
37.52	129
34.84	5
36.95	91
38.53	109
38.51	151
36.37	139
37.23	131
56.47	0
39.58	62
36.3	147
38.15	129
37.4	145
37.66	86
39.61	90
35.96	116
35.79	124
36.31	119
36.58	141
37.43	215
36.51	123
36.55	126
35.01	71
37.44	76
35.97	136
36.68	138
35.96	33
55.22	5
37.72	111
38.59	127
38.99	85
59.5	1
39.05	85
36.51	114
36.98	129
38.75	134
36.66	5
40.08	89
36.36	132
37.43	70
39.02	140
37.12	137
35.56	143
36.7	55
57.13	10
36.69	118
37.66	111
38.02	91
36.43	137
36.57	57
36.86	129
35.76	143
36.97	75
52.69	0
35.71	122
36.06	136
34.63	142
36.58	136
35.74	127
36.64	130
37.08	138
60	14
37.79	143
40.05	111
37.14	88
36.35	54
37.46	203
37.36	92
37	135
36.68	86
35	147
36.3	120
36.07	137
35.43	145
34.69	243
37.49	73
53.27	0
35.58	145
35.75	131
33.58	124
50.2	12
35.13	68
35.96	92
33.84	46
35.18	32
35.37	174
34.99	121
35.53	130
34.72	38
34.79	36
34.42	92
33.77	130
49.64	9
36.1	126
34.42	29
35.02	139
34.28	137
36.91	113
34.27	147
36.24	114
35.66	145
53.12	12
34.28	87
36.61	116
38.06	115
36.5	63
34.93	39
34.93	142
37.3	127
39.18	78
37.69	93
38.73	28
38.05	20
36.88	42
34.92	149
57.27	9
38.31	87
36.7	106
36.22	143
38.79	19
36.92	88
36.93	65
37.35	92
37.13	118
55.2	15
38.13	136
36.73	126
37.5	130
36.88	134
38.45	218
37.05	118
37.38	114
40	113
38.13	42
38.5	128
44.17	26
37.79	117
38.47	89
35.27	42
34.3	3
37.05	73
48.87	4
34.44	147
37.24	117
33.42	128
33.61	119
35.98	97
35.76	48
38.16	138
55.97	5
38.84	34
39.02	119
38.31	102
39.08	96
37.38	113
38.33	51
36.5	141
37.68	127
36.16	21
35.25	141
34.58	134
35.14	95
53.92	7
37.16	115
36.38	112
36.52	128
35.46	147
35.51	58
36.4	103
37.71	93
37.76	75
36.84	82
35.31	143
37.3	124
37.21	141
37.76	90
38.08	116
56.29	0
36.3	133
55	8
35.12	132
36.22	133
34.42	131
35.55	97
36.77	104
35.15	133
35.44	91
33.38	17
57.26	3
36.74	125
38.01	133
38.67	64
36.8	111
37.65	116
37.02	115
35.98	138
36.87	148
36.47	144
37.86	61
36.29	148
37.72	90
37.64	107
34.74	142
35.41	142
38.15	67
38.13	62
56.36	1
39.47	129
35.32	89
35.54	89
37.04	124
34.14	145
37.62	135
36.71	15
36.7	140
37.82	83
39	127
38.32	118
38.25	102
36.53	81
35.09	149
36.34	218
37.48	110
35.11	20
57.16	2
36.5	96
38.62	195
35.35	251
36.64	96
35.42	120
34.91	149
35.5	61
34.28	144
34.32	136
36.23	130
35.83	70
35.58	147
53.18	4
37.37	95
37.19	114
35.96	144
36.89	186
36.35	93
35.86	131
37.73	114
37.49	21
48.11	33
38.22	76
36.16	83
35.27	97
48.98	23
33.82	129
34.33	65
34.86	63
33.93	130
33.4	15
37.99	132
34.73	142
36.1	118
48.97	23
36.58	71
33.91	117
35.39	132
34.96	100
35.65	83
34.8	78
34.2	130
36.33	102
39.23	62
37.34	59
37.44	72
35.99	129
34.87	148
35	143
53.58	1
37.56	108
37.56	108
36.7	111
37.92	109
37.73	134
36.69	167
36.47	100
58.32	2
38.14	76
37.58	105
34.76	149
51.62	5
36.57	130
34.78	122
34.25	30
35.61	117
53.99	3
34.64	138
35.92	130
35.79	50
36.16	135
35.5	146
35.93	85
36.12	134
36.11	112
35.5	130
51	9
36.23	54
34.25	60
33.65	141
36.23	78
33.73	134
34.51	135
37.53	106
38.34	95
36.41	131
36.9	113
35.35	16
36.29	135
58.45	0
36.63	147
38.98	47
39.04	40
35.07	85
50.8	6
36.05	104
35.55	184
35.26	141
34.13	51
34.3	128
33.78	58
33.61	114
33.82	127
35.58	96
34.72	149
35.8	122
35.69	53
33.91	104
52.22	0
33.87	43
34.36	148
35.88	102
35.36	81
36.53	91
37.53	80
35.25	36
33.64	35
35.24	246
35.13	132
35.55	92
36.3	144
57.02	5
37.51	84
34.64	90
51.22	2
35.6	129
34.81	92
38.11	67
35.66	23
34.43	46
33.63	145
36.42	84
35.49	27
34.85	147
34.83	149
36.67	166
36.29	89
35.4	148
36.22	120
36.88	243
37.68	172
36.77	117
37.8	79
35.97	31
37.33	233
35.12	140
36	117
35.45	118
35.05	129
50.17	5
34.59	145
34.4	135
37.23	67
33.54	64
34.15	223
33.99	124
36.24	74
33.09	126
32.75	13
33.14	148
34.36	49
32.65	1
49.5	14
35.84	93
50.82	10
33.51	126
34.39	21
35.54	100
35.65	129
36.37	98
36.17	94
35.19	114
35.36	141
35.7	133
34.3	132
50.52	10
36.18	69
35.76	52
35.33	106
33.89	43
34.72	138
36.01	112
36.52	65
37.65	109
35.86	254
36.8	133
55.32	18
36.1	192
35.87	86
35.04	139
35.6	138
35.88	243
35.05	149
35.4	128
36.67	101
36.83	128
40.9	87
38.43	81
37.37	123
37.21	130
54.9	4
45.37	22
36.02	94
51.02	3
35.28	42
35.05	155
36.34	141
35.78	89
35.29	76
34.4	30
34.27	149
36.38	120
34.02	144
36.39	140
35.58	133
37.63	87
36.55	78
56.68	9
36.11	39
36.11	141
36.17	116
35.08	146
36.23	143
35.84	60
48.36	8
33.26	128
35.59	75
35.6	43
35.57	68
35.34	150
35.68	107
35.51	92
36.47	66
35.32	145
35.02	147
45.82	6
38.8	49
57.47	2
38.88	108
36.95	200
36.45	23
35.97	113
36.6	120
35.31	124
35.36	68
50.89	10
34.76	136
36.34	93
36.96	86
36.26	79
34.74	149
34.67	139
35.16	213
36.71	127
35.83	141
36.94	69
36.88	143
38.05	72
35.85	111
51.77	4
36.52	106
36.31	121
36.22	37
49.8	6
34	212
34.57	140
37.39	69
34.08	68
34.93	119
32.65	121
34.62	88
33.8	137
33.28	2
35.99	62
34.57	161
37.01	109
36.18	93
34.12	259
48.36	41
34.81	135
33.99	42
34.69	104
35.4	150
35.08	132
36.27	147
36.36	113
34.81	27
36.51	102
36.47	137
36.5	116
57.22	3
35.55	114
36.41	131
35.86	70
36.5	65
38.9	84
34.8	134
37.87	67
34.76	96
57.76	6
34.11	72
35.72	136
36.07	112
36.33	167
35.92	128
34.74	148
34.51	113
34.97	37
49.24	8
32.95	15
34.8	99
34.03	131
33.76	17
34.84	117
54.33	32
36.01	59
36.52	149
34.99	129
36.1	255
38.06	39
38.12	141
35.72	35
34.52	113
36.87	113
36.19	143
36.39	121
35.61	135
37.42	66
55.05	7
36.52	93
38.08	73
37.47	81
36.94	105
32.6	148
50.12	9
35.9	115
34.8	127
36.33	120
34.29	222
35.48	119
35.97	99
35.09	135
35.63	143
34.61	96
34.86	87
35.65	89
35.63	130
52.28	12
34.05	115
35.09	162
33.67	29
34.09	119
35.23	148
36.11	131
34.3	143
35.33	92
35.52	114
35.06	131
35.25	134
34.92	132
34.05	127
53.93	4
35.92	129
34.05	145
34.59	140
36.69	84
34.55	62
54.58	2
33.96	24
34.95	131
35.17	136
34.3	125
37.25	98
35.61	249
38.37	136
35.75	143
57.83	4
36.5	69
36.57	97
36	92
35.86	111
35.45	80
35.96	151
49.67	1
33.97	132
35.47	140
34.36	84
37.88	148
36.96	63
35.06	41
35.16	119
34.18	140
36.17	182
38.68	87
37	130
37.92	68
38.85	41
36.93	144
37.7	53
37.72	118
35.63	137
38.14	103
36.99	58
35.65	32
33.92	148
35.95	133
37.59	23
37.76	166
57.85	6
35.49	106
35.72	128
36.75	71
37.22	117
35.09	137
35.54	107
36.44	118
36.63	261
34.86	35
37.51	122
53.4	6
36.8	84
35.73	78
34.86	102
31.92	19
33.57	131
34.04	47
35.95	67
32.87	138
36.27	88
32.71	25
31.76	146
48.29	9
33.96	142
37.67	146
37.58	143
56.41	0
35.94	129
36.67	127
55.21	7
35.52	124
36.7	101
37.54	132
36.38	102
36.33	109
36.8	124
35.67	190
48.98	2
34.86	92
35.25	121
35.31	131
34.44	127
36.04	114
34.74	71
33.37	126
36.83	56
34.05	98
36.05	46
35.45	130
35.89	150
35.19	80
34.84	143
35	85
49.06	3
37.42	70
38.79	83
36.5	124
38.08	205
40.1	75
59.37	0
36.61	131
37.84	146
39.39	88
37.53	212
35.19	120
38.01	97
36.37	73
36.95	118
36	146
36.91	83
37.01	116
57.32	6
35.49	139
37.68	197
35.19	113
36.93	80
34.79	3
35.32	109
51.46	20
34.58	11
36.51	127
38.59	122
36.46	52
36.38	126
34.47	107
34.95	146
35.88	94
35.13	73
32.53	146
34.74	200
34.72	109
34.55	134
52.37	7
33.67	127
34.79	114
35.4	216
34.79	114
34.75	137
49.2	11
37.64	111
34.72	86
34.3	133
34.67	110
34.29	77
35.39	92
32.93	31
48.77	5
34.3	174
36.71	72
33.83	79
35.69	116
34.78	147
35	40
34.81	82
36.56	102
37.63	109
37.3	186
35.71	120
36.28	46
36.83	267
57.6	3
35.43	225
37.45	128
35.55	107
34.22	115
34.77	85
34.65	141
33.95	144
34.37	111
35.61	121
35.74	124
34.48	134
33.59	115
34.83	57
34.76	76
34.69	111
34.38	141
35.24	41
32.46	57
35.27	84
35.52	212
34.53	116
34.78	121
49.82	5
33.55	11
33.17	117
34.38	84
35.86	69
36.17	89
35.22	110
54.01	6
35.73	135
34.16	135
34.73	54
35.68	129
38	54
34.72	136
35.96	120
34.76	65
36.14	101
53.83	2
36.77	64
34.49	93
36.9	103
35.95	123
36.32	70
34.52	118
49.36	13
35.45	145
36.2	134
36.55	145
36.23	146
36.2	102
36.59	196
36.21	205
35.83	225
36.44	104
35.37	115
36.29	135
38.91	36
37.15	32
34.56	143
36.7	158
35.94	102
35.69	227
33.66	124
36.51	68
34.97	124
35.62	176
35.17	108
50.53	0
36.44	103
33.49	23
36.26	84
38.31	128
35.27	140
36.08	91
38.85	69
35.84	125
37.86	110
35.3	60
36.59	107
100	0
37.31	210
51.18	5
36.37	167
34.64	134
34.3	138
34.58	147
35.22	134
35.32	116
35.74	122
35.76	20
36.42	148
35.53	134
35.93	128
35.97	142
36.35	160
36.3	100
36.27	133
36.27	224
56.22	2
35.71	136
35.94	114
36.85	85
36.95	75
39.26	95
34.43	38
37.44	92
37.52	100
37	45
36.41	196
37.58	145
35.55	137
33.66	144
47.07	42
34.71	97
34.31	266
32.5	113
35.13	134
33.05	71
33.15	104
33.77	142
36.04	188
35.05	74
50.19	3
34.41	107
36.11	139
33.8	102
35.62	128
35.09	76
34.15	46
36.91	116
34.97	149
35.28	80
35.99	109
33.99	146
36.26	140
34.02	101
34.47	182
35.03	146
33.6	147
35.67	93
49.16	6
35.55	103
35.75	146
36.58	127
51.29	0
34.65	119
36.59	93
34.12	41
33.86	129
36.17	134
36.07	126
35.27	108
34.58	105
35.2	123
34.84	73
35.15	108
34.54	56
33.01	99
47.94	7
35.3	139
36.25	120
33.99	131
34.79	63
33.45	70
34.35	162
36.29	47
34.04	235
44.36	17
34.88	154
34.46	116
34.95	141
33.45	141
35.04	137
35.7	143
37.82	80
35.14	130
34.38	72
35.21	125
36.3	130
35.49	122
37.1	76
51.73	7
33.04	141
34.3	115
35.65	41
32.77	136
36.85	123
33.59	117
36.13	109
35.33	144
35.63	131
35	142
35.95	116
36.43	109
36.13	74
36.21	116
35.46	133
36.89	122
34.09	142
37.45	99
52.93	7
37.18	123
34.85	130
36.18	239
38.08	112
35.27	74
36.74	103
35.17	140
33.9	52
35.38	189
53.4	3
36.5	104
36.26	134
36.14	149
34.68	121
36.35	79
36.16	120
33.62	95
36.78	86
53.43	1
34.55	100
34.37	102
35.62	129
35.87	135
37.86	114
34.32	102
35.51	112
55.89	6
35.74	86
37.03	191
35.63	17
34.96	165
35.28	109
49.95	6
34.69	21
33.56	147
34.07	12
34.78	87
35.07	182
34.37	118
35.1	142
34.42	102
34.63	20
34.97	28
35.56	68
52.03	3
35.25	127
33.94	140
34.49	126
35.58	126
32.16	149
36.27	73
33.27	142
34.9	55
48.11	6
34.97	32
35.94	218
35.41	123
34.75	129
34.9	57
34.87	106
34.96	165
36.03	109
49.99	6
34.8	247
33.74	147
35.08	121
35.01	182
34.04	118
36.21	83
32.93	36
36.4	142
36.17	101
54.62	25
35.38	73
37.72	86
35.82	49
36.55	59
37.34	108
34.94	31
35.34	144
56.13	6
35.12	138
36.2	51
34.63	117
35.06	125
35.59	101
36.53	176
34.9	44
38.88	63
36.87	76
36.55	14
37.8	253
36.15	148
37.32	144
38.3	193
56.36	11
36.91	147
36.44	147
37.35	114
36.51	145
36.05	145
57.57	6
36.33	131
40.09	113
35.8	147
37.94	117
38.12	116
38.31	93
37.16	143
38.25	122
34.33	67
33.59	140
34.01	249
34.67	102
35.75	195
33.99	81
48.48	2
35.38	14
35.33	104
34.69	131
35.57	40
37.28	80
35.77	163
36.8	93
35.44	141
35.36	61
34.57	119
36.28	111
35.85	121
50.26	2
35.67	95
35.78	124
36.77	107
53.02	5
36.62	223
35.86	45
36.72	206
36.19	124
36.61	30
36.69	35
36.34	193
36.39	88
35.15	117
36.34	33
36.88	143
35.53	135
37.17	127
50.97	5
35.98	210
35.35	138
34.23	85
37.25	114
35.5	89
33.85	100
53.11	10
34.6	149
35.89	145
35.67	103
36.46	58
34.59	263
60.18	4
37.87	115
37.08	100
35.68	103
37.18	131
36.25	82
36.87	141
35.77	83
34.27	141
35.58	124
34.73	130
38.33	89
37.55	217
35.96	99
37.57	137
36.57	136
36.37	30
35.69	146
36.76	220
56.8	4
35.4	87
36.19	166
36.64	220
37.06	129
35.94	45
34.72	139
36.33	53
35.9	125
59.11	6
37.27	182
60.29	16
37.74	121
36.61	74
36.03	257
36.03	119
36.57	144
36.87	106
35.78	137
37.13	58
36.31	138
55.08	40
37.6	122
37.45	116
36.03	43
37.57	129
36.97	115
36.55	142
36.02	131
39.04	99
35.19	147
35.11	127
36.49	117
35.19	131
37.43	99
35.48	142
36.43	134
36.37	114
36.69	137
37.43	86
34.88	149
39.03	117
35.61	143
35.38	139
36.83	124
57.69	8
37.24	134
36.23	131
37.98	106
36.08	115
38.15	96
35.25	127
55.31	4
34.64	123
37.12	81
34.97	148
35.65	141
36.09	175
36.34	116
36.22	132
36.29	135
40.63	77
38.3	125
36.98	209
35.12	139
39.41	81
38.33	200
36.09	149
34.48	142
38.28	67
35.24	15
34.18	26
35.87	74
52.83	0
35.53	29
34.45	246
34.59	109
36.91	187
36.29	118
35.26	63
36.94	85
35.87	107
36.44	114
36.31	128
34.24	145
37.28	113
37.49	129
37.99	120
37.29	233
55.08	4
37.19	196
48.71	11
36.1	85
33.94	44
34.58	266
34.46	80
34.31	36
34.16	69
32.79	16
35.62	118
34.35	148
51.21	5
36.43	144
57.42	5
35.86	116
38.04	140
35.37	49
37.58	147
35.25	4
36.77	148
37.6	127
34.44	121
34.97	14
54.39	5
34.82	144
33.98	149
35.76	135
37.2	103
35.5	162
35.7	106
36.08	44
37.86	107
36.99	129
53.51	5
38.23	133
37.73	120
35.54	122
36.26	136
37.23	75
57.14	1
34.16	31
34.4	143
55.47	4
35.55	135
35.65	211
35.09	139
35.36	144
35.32	19
36.38	136
37.54	135
37.24	87
48.4	25
34.3	124
36.44	114
34.2	111
34.51	149
34.07	131
34.51	83
35.15	89
32.61	127
36.1	97
50.57	3
35.89	136
35.62	118
34.81	55
34.66	137
36.94	200
35.15	254
37.15	97
35.42	72
35.69	237
34.75	138
35.65	137
37.69	84
36.47	141
35.11	134
35.3	131
34.79	184
45.15	44
36.37	126
35.89	108
34.5	124
34.67	78
41.78	9
35.7	208
34.11	98
34.24	141
36.94	100
33.86	103
35.55	102
35.1	117
35.78	148
35.42	119
35.45	174
34.46	137
55.89	0
36.21	51
35.81	114
34.4	143
34.15	81
36.81	117
35.99	96
36.37	110
38.68	130
57.7	0
35.76	266
38.31	22
34.87	143
37.06	141
37.24	107
36.48	96
35.52	145
35.56	135
36.12	63
37.63	130
34.08	130
34.3	147
35.94	128
37.45	91
36.06	40
36.88	81
34.66	64
34.55	214
36.48	86
35.32	119
33.25	87
35.7	47
35.65	89
34.25	115
35.83	65
33.63	148
36.55	86
34.59	214
32.26	46
34.75	64
34.65	126
34.34	86
33.79	24
35.18	134
34.24	138
35.71	88
35.47	99
34.11	137
35.84	96
35.2	43
36.05	149
37.25	106
36.3	126
34.17	144
33.53	204
36.35	63
35.32	71
34.2	132
51.44	9
34.59	143
35.26	139
34.69	6
34.61	100
34.38	104
35.11	115
36.19	134
36.35	110
35.4	117
52.91	7
36.65	97
33.1	118
37.3	41
35.96	123
35.09	99
34.82	86
35.33	123
35.81	81
35.3	9
33.75	248
33.64	116
50.87	3
33.41	149
35.7	120
35.36	139
36.09	126
34.06	223
34.32	122
32.86	145
35.11	112
34.44	147
34.48	187
35	51
35.61	81
33.09	111
51.76	10
35.52	95
50.54	3
34.19	73
34.9	130
32.77	144
35.09	100
32.96	139
31.54	146
35.86	179
33.9	142
35.5	83
35.02	46
33.19	146
51.27	1
33.88	110
35.4	75
35.33	95
35.67	111
34.36	12
36.45	117
36.98	117
35.49	41
36.18	201
33.57	149
33.8	141
34.26	97
32.66	126
35.38	88
35.22	262
34.67	47
33.37	131
36.95	80
35.63	148
35.04	148
49.24	1
36.08	79
36.43	66
36.3	129
35.02	122
36.47	138
35.24	147
36.78	88
37.13	132
35.74	120
35.67	265
55.02	9
36.86	128
35.63	147
35.89	104
36.34	122
38.64	104
35.31	85
53.41	4
34.15	140
34.18	121
35.47	108
35.93	138
33.59	148
35.37	119
34.51	66
35.25	125
34.84	114
34.67	134
33.55	133
33.83	143
34.48	147
34.79	161
35.25	89
47.1	8
34.08	90
33.98	147
34.77	145
35.46	130
34.34	45
34.67	148
34.17	125
36.94	80
35.43	114
34.52	114
33.42	9
34.47	23
35.77	109
49.18	6
34.7	120
35.79	93
33.6	147
35.63	52
33.73	14
34.86	133
35.19	97
35.98	151
36.58	121
36.3	128
35	129
50.75	2
35.95	127
35.82	147
35.7	267
35.78	107
35.36	140
35.19	129
36.36	38
38.39	100
36.25	133
36.37	60
37.55	44
35.59	149
37.19	212
37.31	122
57.5	0
37.11	249
34.85	136
35.93	265
36.74	134
34.71	136
36.65	39
35.65	125
36.21	139
34.64	149
35.44	124
36.36	107
37.12	75
38.11	72
37.8	82
38.11	48
56.04	4
38.19	109
37.8	148
35.63	133
35.99	147
34.75	132
34.91	99
33.97	94
34.76	116
48.69	5
34.56	81
35.27	90
33.71	140
36.98	90
36.27	116
33.12	146
51.9	6
35.8	209
35.41	106
34.4	111
36.18	32
33.63	92
36	149
34.61	144
34.79	60
35.92	113
37.61	50
35.33	58
36.08	135
34.34	145
35.17	147
36.98	65
51.97	14
37.28	125
37.63	88
36.15	142
45.63	18
36.37	96
35.64	2
34.88	149
32.85	142
34.16	86
33.81	149
34.76	164
32.94	97
35.69	127
51.17	5
35.51	120
34.36	128
35.16	105
34.38	128
34.9	43
35.98	70
35.08	66
36.23	144
35.75	107
57.67	3
38.06	114
38.1	116
35.41	139
36.55	131
38.74	137
37.06	139
34.79	145
37.21	103
36.96	135
34.95	122
36.5	148
32.5	141
49.39	16
35.9	143
34.63	85
33.86	137
36.35	145
35.69	97
33.38	146
34.62	138
34.63	124
34.13	139
36.53	113
35.11	116
34.61	138
35.37	58
37	101
35.55	114
42.07	14
34.11	149
36.76	131
34.68	140
34.53	9
33.95	39
35.1	183
36.29	79
51.72	7
34.93	130
35.52	106
37.3	199
35.04	48
34.37	134
36.81	83
35.16	111
34.4	121
35.43	127
36.02	114
34.13	121
34.84	19
35.68	111
32.75	147
34.06	116
35.46	96
35.77	72
35.55	122
34.05	149
33.21	20
36.22	123
33.6	131
33.78	6
35.96	101
51.25	3
50.21	5
35.33	109
36.34	138
35.72	62
34.62	124
33.65	139
34.81	134
33.75	135
35.77	121
32.83	103
36.19	74
34.01	143
33.1	99
34.22	82
32.11	23
36.4	73
53.26	5
37.11	142
38.28	140
37.42	143
37.39	49
37.85	144
37.98	117
56.67	3
39.28	109
38.77	125
37.72	59
34.88	73
33.04	43
41.89	21
31.6	38
36.53	131
34.2	94
36.62	67
32.03	128
36.29	153
32.99	147
36.74	123
36.23	78
37.33	134
37.41	86
37.76	115
55.81	3
34.12	139
37.57	107
37.71	104
35.15	31
36.04	106
36.76	89
36.88	139
38.02	94
36.95	140
36.77	25
56.39	1
35.74	129
36	140
37.55	117
36.56	128
51.86	8
34.9	121
35.02	136
33.65	101
35.99	113
34.49	149
34.73	149
34.72	46
34.68	128
37.24	70
35.17	125
35.19	143
51.23	10
36.17	76
33.72	137
36.16	128
35.83	135
34.72	145
36.46	89
37.55	62
35.55	140
36.79	134
56.16	11
37.34	112
37.37	50
36.55	138
38.25	90
34.93	134
35.92	130
34.05	143
54.27	5
34.27	103
33.81	110
36.01	147
36.91	130
34.73	103
36.41	185
34.68	27
37.24	97
34.6	113
35.15	205
35.82	124
34.83	65
35.98	125
34.22	144
49.68	24
37.11	62
35.47	104
35.38	108
36.81	56
37.55	171
35.08	221
36.96	61
36.74	106
35.39	8
36.36	71
36.72	137
35	136
37.55	119
33.25	148
35.04	99
33	15
32.97	148
36.02	152
36.75	91
35.54	88
51.56	9
35.07	55
34.65	141
37.1	114
58.37	8
38.7	97
37.34	149
36.58	133
37.44	74
35.31	142
50.01	5
38.27	73
37	125
37.18	91
35.82	144
35.18	97
55.17	13
35.54	135
34.73	140
34.34	144
36.17	107
35.39	112
34.96	141
35.71	138
37.06	87
36.91	138
35.35	50
35.23	139
37.19	59
36.11	28
36.19	131
57.3	6
37.33	124
36.11	107
34.13	143
34.34	94
35.3	139
34.8	120
35.84	93
35.08	265
35.18	76
35.25	219
34.09	132
35.98	147
37.4	83
56.88	5
38.13	57
34.81	115
36.69	119
36.53	125
36.42	134
38.27	111
34.42	140
35.46	80
36.77	126
36.41	114
37.89	158
35	79
35.82	121
35.64	203
34.32	146
44.11	17
35.6	137
36.39	114
58.35	11
37.03	135
34.78	144
38.05	114
37.88	146
36.11	110
50.88	5
36.46	5
36.42	123
36.98	81
32.89	34
35.56	137
35.59	142
33.74	137
35.25	144
35.22	139
50.77	17
35.61	115
35.63	210
34.93	98
36.86	104
35.61	118
34.84	115
35.14	130
34.08	124
36.16	115
52.12	0
35.3	81
34.84	248
33.39	148
35.08	100
34.43	136
53.13	4
36.42	88
35.2	149
34.02	133
37.51	76
36.36	130
35.61	128
34.48	119
36.12	140
37.24	135
51.85	9
37.27	121
34.84	136
34.71	135
36.29	147
34.63	149
35.66	114
36.36	196
36.14	131
35.36	142
52.35	19
35.9	148
34.96	133
36.27	193
36.31	227
37.34	108
37.03	104
38.33	103
34.78	146
37.07	114
35.84	175
37.16	47
37.62	131
36.77	134
37.14	37
38.32	207
36.79	132
36.15	112
38.86	34
36.84	40
34.57	144
38.06	50
57.86	4
38.3	83
36.59	87
37.19	125
51.7	5
36.29	108
36.6	123
57.03	4
35.09	140
35.8	144
38.88	147
35.94	119
35.67	214
38.31	113
51.51	5
34.45	219
36.21	127
35.17	39
34.75	128
34.72	118
35.02	141
37.23	121
36.82	108
36.28	114
35.19	85
36.2	116
33.55	53
45.21	5
35.07	101
32.59	146
33.78	218
35.24	43
35.74	168
33.32	129
35.19	171
33.33	149
34.53	20
35.13	127
35.95	88
35.94	71
35.68	94
34.77	115
36.44	77
33.75	63
35.21	140
35.8	36
34.98	78
37.01	124
34.82	176
35.37	113
35.71	120
36.19	52
34.96	125
51.81	2
36.12	127
36.94	127
36.43	126
36.68	128
35.91	93
32.26	130
36.3	127
33.23	31
36.47	127
36.34	127
36.86	128
36.07	118
35.19	52
36.38	57
50.94	16
35.5	128
35.77	135
35	99
35.22	121
36.45	134
35.22	51
36.67	111
50.96	6
35.9	141
35.01	120
35.87	143
36.98	53
37.55	95
36.26	133
36.81	136
36.93	100
33.17	146
36.51	63
34.36	47
35.03	111
51.92	14
36.35	116
35.17	133
35.12	218
34.23	138
35.04	121
35.82	134
33.05	133
34.84	104
36.65	145
36.63	87
52.09	5
35.88	105
32.5	149
36.04	126
34.73	123
34.88	128
51.23	1
34.52	134
35.12	137
34.82	125
34.85	56
35.21	111
36.19	219
35.68	53
35.99	37
52.43	1
36.1	120
34.98	132
36.48	55
36.62	243
37.12	58
36.26	105
34.62	188
33.29	109
35.71	143
35.35	149
38.12	101
36.99	135
36.55	113
35.85	8
38.82	89
37.48	82
63.75	1
35.7	121
38.21	88
38.11	73
35.35	121
36.56	210
57.07	4
37.36	116
35.12	32
35.96	131
36.99	109
36.92	97
35.37	101
36.63	105
50.92	4
33.34	116
35.61	175
35.81	87
35.67	116
34.16	148
36.91	126
36.29	83
34.97	145
37.88	72
38.66	93
36.19	118
37.66	68
37.87	76
38.19	77
36.83	143
38.45	87
37.53	98
58.73	3
33.45	139
34.06	29
34.67	134
34.49	138
34.06	224
34.51	217
35.2	110
33.42	146
34.43	131
50.61	8
35.69	112
51.9	1
36.22	127
36.68	54
34.01	189
37.44	122
37.83	41
37.25	225
35.47	113
36.33	142
34.49	138
34.69	73
34.51	126
34.51	120
34.82	28
33.39	118
33.44	122
52.58	3
35.14	111
34.35	134
36.79	81
35.96	78
33.93	108
46.62	32
35.75	125
34.74	146
36.26	78
35.74	45
34.32	137
35.77	132
36.94	102
46.5	8
37.2	55
35.57	135
36.51	143
35.66	190
36.38	135
34.91	132
38.41	112
36.93	82
36.93	102
34.57	132
35.19	134
33.94	19
35.03	66
36.2	210
36.14	55
37.03	178
35.28	62
35.48	133
36.02	65
33.64	140
34.08	140
34.41	124
35.48	116
34.12	146
35.93	76
33.65	132
33.33	146
35.79	212
52.68	4
34.59	112
35.77	119
35.69	46
35.47	121
35.23	222
34.19	55
34.67	47
37.73	65
34.66	62
33.63	142
36.19	64
34.14	145
36.48	44
36.87	78
34.29	38
34.87	42
35.01	89
33.26	146
50.64	7
33.27	135
35.5	87
51.21	4
35.93	128
33.97	67
34.61	145
35.5	171
33.74	106
35.16	68
34.14	142
36.01	76
35.81	31
50.98	6
35.69	79
33.57	140
34.71	137
34.02	148
35.02	61
35.97	88
34.23	89
35.09	240
35.02	39
34.85	145
50.38	9
35.58	118
36.03	74
34.87	139
36.5	79
34.2	141
36.76	50
34.47	89
36.54	217
35.33	146
51.76	12
36.1	42
34.31	144
34.81	142
37.46	237
36.92	104
36.38	191
34.86	203
48.98	4
34.12	133
34.04	140
33.36	15
35.45	144
34.3	125
34.8	126
34.49	95
33.8	154
36.65	139
34.07	61
34.11	121
36.21	117
34.3	115
51.7	7
34.8	222
35.59	201
35.34	140
35.54	148
35.75	83
49.78	0
35.48	128
35.25	148
35.47	64
35.73	95
33.92	129
34.89	113
35.42	181
34.84	85
35.13	114
32.35	144
50.71	13
37.03	68
35.81	66
35.67	68
36.03	129
36.08	81
34.99	51
36.2	141
37.21	143
35.87	147
37.86	124
36.07	101
36.64	141
58.24	5
36.08	140
37.04	123
36.88	114
36.63	69
37.71	96
38.15	66
35.95	27
35.08	19
38.04	116
37.42	102
37.61	81
56.74	6
39.13	113
37.2	90
33.24	124
34.55	81
34.96	81
51.66	5
35.43	115
36.62	121
33.72	147
34.45	129
34.79	93
35.55	83
33.07	143
34.99	216
33.72	107
33.53	37
35.06	89
35.97	116
34.96	113
36.3	178
33.94	53
50.1	13
38.87	104
37.03	116
58.07	11
34.88	138
38.34	133
52.03	20
37.85	121
36.51	117
40.24	65
37.42	129
36.2	71
34.3	141
33.41	147
33.58	92
35.42	126
34.58	110
54.62	8
35.74	138
35.35	119
33.72	114
34.04	49
50.83	16
33.89	146
34.18	149
34.84	28
35.54	115
35.54	115
36.12	103
35.41	253
35.61	139
57.19	5
36.22	78
37.43	68
35.84	183
36.83	103
35.88	105
35.93	148
35.38	131
34.49	142
35.85	139
53.16	18
37.41	107
34.36	127
36.97	60
33.91	120
35.43	109
35.64	58
35.89	129
35.35	140
35.3	143
35.31	124
35.5	88
33.21	121
36.99	94
35.5	105
46.42	3
33.07	149
36.58	191
36.66	82
35.9	155
38.47	85
37.4	99
36.56	90
37.09	84
36.16	140
36.75	72
36.51	129
50.64	31
35.82	134
37.02	104
33.77	102
32.51	69
43.61	47
35.02	195
33.35	125
32.43	128
33.26	261
31.6	124
34.7	98
33.11	117
45.93	95
35.45	39
37.11	103
34.45	137
34.14	113
36.41	68
37.21	113
34.84	131
35.37	135
34.58	148
33.95	258
35.45	100
35.03	179
34.64	79
35.76	153
33.16	73
33.37	140
33.38	137
53.66	4
32.65	84
35.44	188
35.39	114
34.65	150
34.86	102
42.01	80
32.41	18
34.68	162
35.54	152
33.98	147
33.14	156
35	126
35.76	112
34.71	154
33.07	163
32.89	161
34.09	112
34.91	119
35.75	109
33.73	310
34.33	204
34.88	112
32.59	148
33.88	164
34.76	145
34.36	145
34.61	164
34.62	156
34.99	163
32.43	155
36.8	153
35.92	158
33.8	165
32.64	166
35.26	148
35.76	140
33.69	149
36.41	155
32.43	139
35.46	143
35.92	138
35.11	19
33.44	160
34.45	130
32.78	152
33.58	162
37.66	118
33.31	152
34.87	218
50.75	30
35.11	140
35.45	107
35.69	65
35.62	144
33.24	153
36.88	129
34.65	150
32.51	167
33.16	152
32.94	160
34	157
35.57	186
34.96	158
33.25	146
32.87	157
35.45	84
34.81	155
33.45	109
34.78	160
32.33	129
33.03	144
33.6	142
35.14	161
33.78	142
37.24	129
36.59	137
37.12	139
33.88	148
36.44	158
35.46	101
34.81	51
35.22	133
35.53	192
35.16	124
33.03	156
35.22	133
36.54	126
34.63	151
33.45	129
36.35	132
35.51	204
36.59	126
36.3	158
36.47	125
36.72	153
36.36	107
35.41	139
34.8	126
35.99	137
34.72	144
36.4	163
36.72	120
36.55	137
35.41	134
37.72	140
33.24	168
35.96	154
36.5	127
36.42	142
34.58	143
37.41	131
37.18	126
47.3	94
34.97	156
33.92	156
35.61	136
35.56	168
34.68	134
33.85	168
36.05	76
35.18	146
35.16	162
34.8	165
34.84	162
35.53	150
36.44	114
35.04	137
35.71	129
33.93	164
34.3	83
34.78	163
36.07	132
34.33	157
34.51	138
36.91	128
35.78	137
37.64	110
35.93	152
35.83	134
34.59	134
37.14	120
34.05	111
33.19	142
34.44	144
34.9	148
33.33	158
33.05	300
35.2	134
34.37	328
34.17	115
32.99	165
35.93	160
33.62	147
36.93	114
34.47	175
35.83	111
35.94	118
34.63	129
35.23	139
37.34	112
36.06	113
35.01	130
36.51	148
33.92	163
33.38	158
34.15	148
33.16	154
35.95	127
33.01	316
36.2	55
38.52	87
34.22	142
34.32	133
34.67	297
35.5	75
34.9	190
36.14	95
34.84	118
35.11	163
36.38	119
35.02	153
35.52	104
33.31	164
36.66	107
35.11	158
33.77	165
35.65	125
34.75	153
34.45	144
34.99	139
33.31	155
35.13	112
34.82	162
34.87	190
34.56	249
37.4	60
34.64	292
36.45	158
35	168
37.41	114
37	210
32.4	166
32.86	164
35.17	121
34.26	147
35.13	120
36.25	125
47.9	77
34.12	138
35.45	228
32.99	165
34.89	111
34.55	138
33.32	107
34.73	131
36.05	210
33.61	165
33.91	142
33.12	152
32.76	164
34.02	143
34.7	137
34.32	154
31.65	154
34.93	143
34.13	168
34.13	168
33.9	149
33.7	322
34.27	150
33.25	132
33.21	132
33.21	132
34.11	151
33.73	101
35.02	143
35.51	96
34.08	153
37.24	125
33.5	167
33.89	159
35.78	141
33.88	131
33.88	131
33.88	131
33.8	161
33.13	149
35.83	72
35.14	88
34.58	154
33.84	146
36.75	121
40.58	62
35.02	161
35.42	155
37.56	77
36.09	149
36.38	104
38.24	47
36.65	27
36.77	57
35.29	44
38.21	133
35.33	152
34.59	89
36.99	136
32.48	165
35.64	136
36.21	164
36.16	144
37.6	131
