sim	len_diff
33.2	37
33.45	96
34.12	58
36.87	34
32.95	87
34.72	54
33.36	93
36.33	30
37.21	28
34.19	80
34.5	27
38.02	23
36.89	33
38.73	31
33.52	77
36.32	21
36.59	17
35.08	37
36.02	18
31.33	46
34.27	35
34.97	88
36.67	34
34.89	3
33.6	78
32.21	65
34.64	69
37.22	30
34.86	9
33.68	92
37.02	8
35.41	1
34.29	37
34.69	47
34.69	47
33.39	70
36.59	47
36.59	47
36.59	47
34.86	71
33.83	88
33.06	77
37.85	36
32.78	46
33.43	78
33.87	91
33.62	31
33.55	87
35.67	29
35.84	11
34.33	69
32.77	45
35.97	38
33.53	22
34.6	43
33.12	93
37.3	40
30.89	47
32.22	45
32.15	39
34.01	47
34.04	33
33.06	42
31.18	48
31.79	48
34.39	46
34.52	47
34.65	30
34.38	46
31.82	47
31.8	46
32.5	9
32.89	82
35.18	25
33.61	30
33.95	55
34.29	27
34.59	87
32.75	29
35.08	32
35.65	32
35.58	59
35.78	25
34.69	56
35.09	25
33.98	85
35.46	11
37.15	23
36.92	21
35.55	60
32.31	3
36.59	11
35.64	60
34.65	36
32.7	65
32.22	96
36.91	90
31.88	95
34.37	65
32.72	76
34.16	43
34.96	27
35.35	31
36.95	24
32.93	44
35.25	43
37.93	30
35.29	50
33.27	47
32.56	42
33.99	87
37.41	8
33.51	87
33.18	47
35.86	65
37.5	2
34.57	94
33.7	42
35.56	18
30.84	46
34.68	49
33.42	32
32.07	86
33.27	44
33.19	37
36.11	28
32.91	44
34.16	18
35.29	45
35.86	70
33.49	90
33.01	47
34.18	47
33.76	71
31.11	34
33.61	81
35.09	14
34.15	76
33.01	47
34.31	28
33.01	47
34.52	36
32.43	40
32.92	85
33.01	47
32.59	80
36.54	31
32.72	47
34.14	37
35.92	31
36.27	36
35.29	14
35.78	48
33.64	20
32.01	32
33.01	47
34.4	36
34.79	38
35.43	91
34.36	34
35.08	91
32.65	55
32.13	90
34.95	91
34.07	86
37.26	84
35.85	62
35.1	62
38.69	68
35.4	73
33.65	80
35.36	91
35.44	14
34.61	34
34.25	86
35.3	91
33.62	83
32.78	41
32.84	68
30.15	45
37.14	45
34.55	12
36.19	6
33.35	28
34.28	31
32.48	60
34.76	37
35.38	35
32.72	87
38	46
35.21	47
33.39	47
32.84	39
34.92	29
35.16	32
35.65	46
33.12	42
35.27	39
33.11	32
34.04	44
36.78	30
34.34	81
36.4	23
34.08	50
34.94	46
32.94	29
37.15	20
34.49	79
33.17	49
37.42	34
32.13	29
31.19	38
34.04	39
33.87	45
34.36	45
32.86	32
32.75	78
33.1	78
32.28	82
35.94	17
34.88	31
32.17	48
30.97	38
33.01	39
37.43	14
37.03	41
36.48	29
32.7	44
34.4	29
34.97	27
33.62	45
32.93	36
30.5	45
33.28	37
33.11	44
34.78	27
33.96	46
33.53	19
35.67	27
34.02	43
33.62	41
35.16	40
35.45	33
30.97	38
34.8	41
34.09	43
34.71	44
36.66	18
33.67	34
33.01	37
32.76	44
35.33	41
39.12	77
34.58	41
39.56	19
38.1	28
32.78	36
33.19	46
34.14	45
31.94	40
34.37	43
35.43	36
32.12	39
32.85	40
39.51	39
33.63	32
33.58	34
33.81	45
34.91	24
35.63	40
34.52	45
34.04	90
35.62	61
34.3	46
37.01	10
34.94	82
32.87	47
36.03	30
34.43	88
35.37	82
36.87	31
34.18	52
34.14	93
34.64	43
38.41	36
33.55	77
35.02	48
32.46	41
34.01	14
35.95	18
31.94	47
37.47	21
35.56	36
35.13	39
36	43
37.22	22
35.01	34
39.66	18
39.27	35
30.84	22
34.29	46
34.2	34
35.6	10
34.18	52
36.67	52
34.38	36
35.45	24
34.2	2
39.69	5
32.48	7
37.35	59
37.39	16
34.64	33
35.81	76
33.84	36
33.05	80
37.78	44
36.05	45
33.55	25
36.97	15
39.32	6
37.7	30
33.39	40
36.03	36
34.12	47
32.87	77
33.66	17
35.76	48
34.62	6
34.18	14
34.6	86
32.8	29
33.78	35
34.42	37
37.52	14
36.08	27
35.66	22
36.66	55
34.2	82
35.96	25
33.38	94
35.45	63
33.34	59
35.14	59
35.19	28
33.84	40
34.84	63
31.48	87
37.44	26
33.6	47
36.65	35
32.05	69
33.14	45
32.37	71
48.86	10
32.32	37
33.07	21
32.71	0
35.08	26
31.08	76
49.57	14
35.27	26
37.76	8
36.21	36
36.41	36
36.05	44
32.66	61
35.82	39
40.73	31
35.54	46
49.38	6
35.37	76
33.93	63
32.84	27
33.54	39
36.38	17
36.23	41
32.66	35
33.46	65
32.78	17
33.16	22
33.83	34
34.08	36
34.73	35
33.38	20
35.7	27
34.45	20
33.32	17
35.12	31
49.27	9
70.47	8
38.17	58
38.15	34
34.47	75
36.03	3
33.45	41
34.9	10
36.04	34
33.28	72
34.72	37
37.43	16
35.7	19
46.19	9
34.39	42
35.63	74
35.27	33
33.31	41
37.47	35
38.17	21
36.68	30
35.76	34
32.69	70
34.28	71
34.36	19
36.36	50
34.22	42
34.32	50
34.29	21
34.17	73
34.63	18
35.18	33
33.94	57
35.84	59
34.91	74
36.35	45
46.41	2
34.48	73
35.89	53
34.03	61
34.33	70
47.37	10
34.18	3
38.04	31
34.52	37
34.07	30
37.45	18
34.15	29
35.9	33
35.44	53
34.51	30
35.98	2
46.56	8
40.18	7
33.36	42
33.41	39
36.09	29
35.04	23
35.46	41
37.51	30
36.73	32
33.2	20
50.91	5
36.79	39
34.52	55
32.7	34
33.3	37
36.52	34
36.51	22
32.21	69
33.04	37
38.29	27
35.06	22
46.62	7
34.88	47
35.14	51
33.82	42
36.3	12
31.66	39
35.13	76
35.38	41
52.01	5
35.1	50
35.18	70
34.98	32
35.77	19
32.92	73
34.9	48
36.04	6
38.53	11
38.03	16
34.65	50
32.97	7
35.98	12
33.55	39
34.43	39
32.47	72
46.66	9
32.13	75
32.85	39
36.03	20
45.56	9
34.35	44
34.26	63
35.75	69
33.69	10
39.29	54
36.62	18
34.8	42
35.02	34
31.68	14
36.57	38
46.67	12
36.27	37
34.96	27
34.64	72
35.15	37
35.84	50
35.71	13
34.38	29
36.07	19
34.17	18
36.56	13
34.39	68
35	40
34.45	38
34.8	31
33.97	40
46.34	10
37.12	34
37.85	25
48.41	14
37.41	22
32.1	50
34.22	10
33.06	12
34.54	37
34.7	31
34.26	65
35.03	54
35.11	5
36.27	22
35.23	35
34.69	23
34.28	40
33	1
39.53	31
35.22	31
34.03	46
33.8	57
49.26	8
33.98	26
34.22	29
33.62	26
36.83	17
49.06	4
35.72	7
32.77	37
39.42	42
34.06	32
34.15	42
33.73	3
52.1	7
33.44	41
33.74	23
32.69	39
37.78	38
33.58	70
36.26	65
32.98	29
34.59	42
35.4	34
35.19	32
34.91	24
34.43	20
36.52	38
32.29	38
46.55	9
32.41	35
33.25	37
33.39	3
47.44	10
36.76	72
36.13	64
34.81	52
36.19	36
30.83	36
36	9
36.67	32
36.45	33
36.42	31
33.5	39
33.53	58
33.61	63
33.04	42
34.88	11
33.12	52
33.87	25
33.2	41
34.41	52
34.7	54
36.43	13
34.44	35
35.56	40
36.33	26
37.22	42
34.43	13
35.27	34
46.04	10
36.51	40
35.21	39
34.86	40
34.18	38
33.17	38
38.76	21
35.75	5
34.98	26
37.62	34
36.46	46
55.63	5
35.62	73
36.66	21
32.64	35
47.12	10
37.58	29
33.73	34
35.89	15
35.62	28
35.57	34
33.66	69
33.9	17
36.75	35
35.41	42
32.1	27
31.48	25
34.92	27
45.95	10
33.19	37
33.35	42
35.03	35
32.39	30
34.68	61
34.76	64
33.98	39
34.08	75
33.54	34
34.98	73
37.7	39
49.71	6
37.56	63
34.87	31
35.85	29
34.26	29
45.87	10
35.24	73
34.46	36
35.13	6
35.05	75
37.14	22
33.2	21
33.66	37
36.76	26
35.88	31
46.82	10
35.73	57
36.16	23
33.91	18
35.5	18
34.23	36
37.02	49
33.05	34
35.97	37
36.58	18
34.98	31
47.94	10
37.13	27
36.19	18
35.47	9
38.61	3
35.13	3
34.73	40
47.3	12
33.67	33
33.36	40
36.94	39
33.67	75
33.4	59
35.26	29
36.33	40
35.55	36
34.39	19
34.63	23
33.18	28
33.73	41
34.97	8
46.68	9
35.3	42
36.07	71
32.5	41
34.81	39
35.27	75
36.02	33
32.28	7
35.59	18
33.93	63
37.33	34
34.38	51
33.68	37
33.82	28
36.09	3
32.16	28
35.37	5
38.4	30
39.39	21
34.36	38
32.74	50
33.9	13
35.36	61
34.67	18
33.71	9
46.75	9
37.1	11
36	21
32.07	4
46.33	12
34.31	20
36.87	20
33.61	35
35.9	37
35.44	55
35.43	20
34.03	2
33.5	10
35.05	61
31.61	67
34.87	4
36.7	15
36.43	12
35.39	62
47.85	8
31.68	61
34.65	29
33.07	70
36.69	29
53.35	6
37.32	54
35.04	22
36.31	5
35.01	14
33	24
36.27	15
34.57	26
32.58	26
33.35	38
34.37	11
35.71	64
34.53	24
32.83	29
33.82	35
33.13	32
50.16	8
39.15	22
38.11	36
36.47	36
37.75	18
35.76	51
37.94	37
33.52	36
49.06	10
36.04	32
35.87	42
36.17	35
46.47	0
36.01	35
33.79	31
33.67	11
33.62	20
37.4	37
33.48	35
32.86	36
32.64	32
61.54	9
37.54	17
36.45	39
33.32	2
34.18	7
32.84	41
35.88	74
35.32	67
34.64	0
31.17	8
34.34	31
37.35	40
35.95	53
47.41	7
33.7	17
35.7	34
35.25	2
32.08	29
35.21	66
34.69	9
32.89	29
35.03	61
35.86	42
35.11	26
34.84	8
35.69	65
34.9	24
32.77	76
49.35	8
34.83	35
35.06	66
33.24	33
32.92	4
34.66	37
32	7
37.86	29
32.63	22
33.47	67
37.23	10
34.72	25
32.26	71
43.88	5
32.46	16
32.36	14
35.4	19
34.91	21
34.99	37
36.17	7
35.34	6
35.77	59
37.41	16
35.16	36
35.47	21
34.91	66
53.48	4
35.79	43
32.35	19
36.24	47
34.14	64
33.77	41
34.25	36
33.45	59
35.08	32
36.29	33
34.65	59
35.05	29
34.96	65
35.83	70
48.68	8
33.04	21
33.64	41
38.6	28
33.82	37
36.67	24
37.37	24
31.45	32
36.29	63
34.46	22
52.08	9
35.25	40
34.07	15
49.52	8
35.35	30
37.64	33
38.89	27
33.7	75
35.26	19
35.32	49
37.76	40
35.47	67
35.14	51
47.1	10
35.47	63
32.5	25
38.41	12
34.08	63
34.6	20
34.2	49
36.95	53
33.33	39
34.96	46
33.75	41
33.25	35
35.37	46
35.34	76
37.05	57
63.87	8
35.84	74
38.77	36
33.59	24
35	36
46.45	10
32.52	37
35.85	70
34.25	44
34.39	37
36.81	22
35.44	18
35.54	33
35.71	60
48.23	7
34.37	62
34.27	68
35.61	31
36.93	15
35.12	5
37.44	4
37.31	4
36.15	53
37	34
31.73	42
53.06	7
37.66	55
32.72	31
34.44	71
34.36	65
34.91	34
37.45	48
34.38	42
36.2	16
36.95	10
32.8	22
36.6	33
35.79	44
35.93	49
36.19	22
34.38	2
34.21	16
48.21	2
35.23	65
36.94	39
35.78	35
37.14	27
34.94	36
35.08	6
36.38	15
49.05	10
34.38	8
38.3	41
35.97	65
33.86	4
47.78	8
32.41	34
36.1	36
36.47	24
33.91	10
33.93	66
33.6	59
34.37	36
34.23	29
34.93	15
34.2	21
34.15	70
32.94	74
36.22	9
35.68	25
37.87	5
34.31	73
48.82	9
33.93	31
34.59	24
33.36	41
34.16	27
46.38	10
36.67	35
35.64	20
35.6	50
37.1	17
33.11	57
35.02	22
47.25	10
36.82	24
34.65	41
35.41	41
33.81	36
33.29	6
34.28	26
34.01	31
37.31	13
33.31	37
32.84	27
33.89	40
35.55	26
35.32	5
35.14	30
50.65	7
34.94	72
35.15	23
32.75	35
34.64	30
35.31	29
35.02	41
35.82	36
33.72	26
33.21	33
34.29	11
32.22	8
32.78	16
46.57	12
37.5	27
32.61	40
55.55	8
35.63	34
35.89	20
35.4	29
34.12	27
32.95	40
34.33	65
36.81	7
34.22	33
34.38	19
49.13	9
35.7	31
37.02	22
33.5	21
36.69	27
39.48	32
35.86	15
33.54	4
35.55	41
34.71	40
46.86	8
35.88	26
33.76	70
34.4	69
33.8	23
35.77	7
34.93	19
32.98	64
36.14	39
34.41	54
44.35	9
34.42	22
32.19	33
36.82	44
32.78	22
33.99	56
33.61	31
36.87	16
34.42	4
35.88	40
35.77	3
36.67	42
35.25	36
35.05	16
34.19	28
54.67	8
35.81	38
36.61	21
34.58	28
35.51	29
35.91	39
33.81	38
36.25	30
34.53	67
32.28	57
35.75	37
37.73	48
34.7	35
35.76	30
32.14	61
34.26	55
33.2	60
35.98	30
33.91	33
33.39	76
34.79	28
34.83	17
32.92	27
44.77	3
34.76	17
35.06	9
31.74	71
33.88	36
35.45	63
37.16	50
34.72	20
50.29	8
34.84	38
35.69	37
34.54	41
37.98	32
35.78	31
48.51	9
34.8	28
32.08	36
34.77	32
34.96	29
33.02	0
36.17	18
32.28	37
33.55	37
34.94	36
32.63	41
34.45	42
33.96	31
46.94	2
35.7	37
36.73	36
33.66	29
37.84	7
48.64	7
37.37	2
33.2	66
33.83	74
37.75	35
36.81	38
32.88	21
34.25	65
37.41	28
33.73	9
34.02	16
33.26	40
34.47	37
32.64	40
35.17	76
36.65	14
34.54	4
49.33	9
35.86	33
36.29	53
36.31	33
34.64	33
34.37	45
35	11
35.76	38
36.51	26
46.96	10
31.18	14
34.55	67
35.79	31
35.58	23
32.22	71
33.57	42
34.44	28
37.8	16
51.23	9
31.04	40
31.63	40
32.63	63
36.94	41
34.28	34
34.73	76
34.98	57
36.43	36
48.91	5
33.97	72
37.32	34
34.25	18
34.12	42
35.34	27
35.69	29
35.65	29
34.89	27
33.75	30
36	23
37.46	30
43.92	9
33.58	72
33.7	73
36.31	50
31.81	24
36.04	42
35.9	38
35.45	26
33.21	37
33.88	35
51.34	10
34.8	27
38.17	8
34.28	71
32.98	41
36.42	37
36.56	75
36.22	70
33.61	66
35.29	7
35.14	68
68.12	9
35.69	70
39.48	39
36.95	19
37.44	41
45.36	10
38.05	43
35.84	33
34.43	61
39	23
34.93	35
35.84	30
32.92	67
35.97	33
32.35	40
35.27	25
33.9	36
33.92	38
36.65	22
34.05	53
51.84	9
37.06	24
36.57	44
33.69	60
36.38	49
33.6	55
35.99	74
32.89	35
55	7
36.53	29
36.65	51
34.3	35
34.15	29
34.3	38
44.59	5
31	26
34.55	64
37.29	23
32.94	13
37.07	37
33.27	35
35.65	53
35.05	37
34.85	64
34.2	65
33.18	34
37.7	39
49.71	6
35.75	72
34.97	31
34.87	31
34.93	55
36.44	41
35.6	31
37.46	62
34.32	74
34.68	22
34.79	41
37.89	18
34.39	62
38.19	55
39.17	28
34.87	58
33.54	33
34.67	29
35.89	53
33.05	42
35.15	55
38.02	15
37.24	45
33.34	27
37.48	10
35.6	36
34.74	70
33.69	30
33.91	20
51.76	6
34.7	54
36.47	44
34.21	38
34.14	75
34.98	55
33.86	39
38.57	25
47.86	7
34.7	32
41.46	13
32.87	38
39.67	27
33.94	55
32.57	25
32.94	17
35.33	16
34.15	49
34.64	35
34.88	5
35.29	64
35.12	37
36.44	32
34.83	33
35.42	30
49.5	6
33.59	42
35.61	64
37.04	71
36.22	34
57.43	7
31.78	66
40.61	21
37.55	29
35.45	21
34.84	63
34.76	76
35.23	27
34.59	76
46.48	8
35.71	28
35.71	21
35.84	38
33.11	34
34.67	18
34.97	1
47.7	14
32.59	42
32.38	41
32.78	37
36.14	3
37.29	36
35.37	12
35.71	68
35.57	30
33.82	27
34.78	39
35.25	8
46.48	9
36.88	22
34.48	63
34.36	38
33.14	16
34.03	39
34.42	19
38	27
36.58	28
33.48	69
36.38	42
35.11	49
35.48	31
34.64	34
32.61	68
35.08	73
33.23	61
34.15	36
32.51	16
50.91	6
34.05	74
33.87	45
34.09	12
35.44	41
35.12	34
35.54	67
34.16	52
34.87	36
36.23	26
42.79	1
36.65	40
35	20
34.32	65
33.91	46
33.68	28
34.47	63
35.12	12
32.8	55
33.96	38
33.73	38
35.15	27
50.86	8
34.52	68
34.64	42
34.15	71
33.21	18
38.03	50
33.78	60
34.26	58
33.07	35
36.26	56
34.08	72
34.5	60
36	34
36.21	55
35.78	6
37.49	51
33.71	68
34.19	65
34.5	37
33.11	36
35.22	27
50.85	8
33.64	15
36.42	47
33.05	30
35.26	46
33.19	27
35.09	41
35.3	34
32.88	73
33.38	46
49.12	9
32.98	18
35.62	37
35.33	26
36.51	39
34.02	47
36.42	76
33.81	29
32.69	30
47.36	8
36.17	51
34.66	42
33.64	59
33.94	7
34.16	38
35.46	56
40.47	0
34.88	68
35.55	63
36.25	48
31.71	40
36.32	26
34.59	75
32.89	13
32.39	58
35.01	60
31.23	38
33.16	37
32.71	21
33.82	38
42.87	5
34.1	27
33.15	70
33.02	28
37.01	52
34.87	63
37.76	15
35.55	54
45.1	9
35.53	6
34.19	54
32.85	40
37.8	30
34.54	53
34.79	39
33.83	64
32.72	24
36.56	30
35.3	50
31.99	59
46.58	6
38.85	28
32.67	3
33.54	65
34.41	50
36.46	32
31.33	35
35.64	24
31.86	27
35.92	32
32.15	27
36.56	4
34.02	26
34.59	36
35.68	35
33.76	60
32.87	33
32.71	49
34.04	64
35.36	0
41.84	18
34.8	41
32.97	32
34.86	40
33.68	40
35.31	51
34.38	8
32.95	65
35.93	65
35.86	24
34.51	41
34.9	54
34.05	72
52.18	9
34.04	35
34.7	38
37.25	28
37.42	35
34.62	38
52.77	6
34.96	52
34.64	46
35.88	35
38.69	26
34.52	71
37.12	57
34.48	53
35.09	38
34.01	63
48.58	9
37.75	29
35.89	37
34.84	35
36.31	25
34.86	37
34.94	10
35.33	41
34.43	15
34.41	24
37.65	23
38.61	14
47.26	8
33.55	39
36.55	55
36.35	60
33.1	71
33.76	54
37.28	38
34.21	41
33.26	71
33.27	30
31.38	25
33.84	38
35.12	20
31.78	37
33.33	36
33.42	35
33.26	31
35.54	33
34.32	54
33.3	74
37.97	30
41.74	4
35	76
33.71	8
38.18	19
45.07	9
33.8	45
31.38	40
35.04	59
35.65	15
36.6	56
32.92	38
36.21	8
34.37	37
33.35	11
34.14	40
36.6	32
33.47	49
37.64	46
35.64	13
35.53	6
37.17	24
35.47	35
34.16	37
45.33	8
36.64	39
35.19	42
35.6	33
36.85	35
36.75	22
47.15	8
36.54	27
35.62	5
38.19	36
38.11	27
30.91	36
32.67	76
35.12	34
37.44	37
34.84	30
30.96	41
36.91	36
34.01	63
38.61	36
52.45	8
34.87	41
33.07	30
36.56	41
34.02	10
46.14	8
35.2	10
37.67	33
33.33	42
33.97	50
37.28	18
34.09	31
33.93	62
35.45	52
34.8	30
35.28	33
33.9	54
46.41	9
36.11	49
35.35	38
36.66	34
33.88	40
34.32	19
39.31	24
32.92	17
36.33	46
51.25	8
38.4	50
35.3	19
33.29	33
33.65	34
34.57	68
35.11	36
33.8	41
37.95	29
34.69	35
31.6	42
36.72	27
46.12	14
32.88	39
34.32	14
41.88	27
34.38	25
32.37	76
43.56	5
36.7	49
34.14	18
32.62	57
32.78	69
34.77	42
36	12
37.5	23
46.94	10
34.87	37
38.54	21
33.46	71
36.18	39
37.01	25
38.36	12
38.65	42
34.3	36
33.42	29
35.58	50
46.69	10
35.22	70
35.22	35
37.87	45
34.14	40
37.93	18
34.19	18
36.18	29
34.31	40
35	27
38.83	28
35.43	27
35.5	55
33.69	60
34.49	46
36.62	39
32.71	6
50.71	7
33.8	42
45.86	10
36.72	40
36.85	32
35.81	41
37.21	42
35.12	63
35.14	35
39.98	35
39.95	17
35.73	41
35.77	7
36.54	12
36.61	56
35.45	41
36.94	30
47.05	8
35.56	20
37.15	32
38.61	32
33.28	55
37.35	43
36.65	20
45.73	10
35.63	41
39.82	25
33.62	18
38.45	18
34.21	74
34.82	49
34.8	39
45.8	8
36.94	38
33.96	36
36.31	36
38.61	35
35.95	36
36.35	22
36.32	26
34.8	42
35.94	39
36.73	23
35.5	67
31.95	69
35.42	31
32.69	38
37.43	25
38.07	19
33.29	41
49.72	10
47.32	10
34.03	36
35.34	70
38.27	23
33.12	25
32.35	16
37.36	5
34.64	38
35.22	11
35.42	38
37.09	30
34.41	57
34.1	60
45.5	9
35.1	24
35.32	6
34.27	70
34.97	75
33.45	42
33.09	68
50.58	8
34.86	39
35.23	68
32.03	8
32.03	8
32.03	8
32.03	8
32.03	8
32.03	8
35.21	23
32.9	41
32.73	10
33.94	42
32.16	40
34.72	36
34.79	27
36.69	30
36.53	39
46.89	8
33.67	42
38.47	38
34.08	64
55.07	6
34.11	40
37.7	39
35.57	29
33.9	61
35.94	33
36.16	29
37.46	29
48.71	8
36.58	20
35.1	58
36.86	38
33.37	76
35.69	41
37.73	17
36.96	36
35.92	12
36.89	38
46	1
35.17	74
38.31	32
34.45	61
39.66	21
33.42	41
33.52	40
36.87	28
33.57	33
34.8	35
36.17	28
34.88	57
38.05	41
47.5	6
35.89	15
35.67	47
34	41
35.89	61
41.04	18
36.41	14
35.54	34
32.11	34
32.2	38
36.31	39
52.64	7
35.98	23
35.3	37
32.85	42
35.05	35
33.75	27
35.47	18
37.75	37
47.44	10
35.17	63
36.04	26
35.09	8
35.89	29
39.28	18
35.64	38
33.82	54
46.77	10
33.54	39
32.29	57
33.69	42
38.5	24
39.09	28
36.96	18
35.69	23
34.56	36
35.15	31
49.87	10
35.15	74
36.42	23
36.6	33
33.42	47
36.31	32
35.03	35
37.86	41
35.18	45
35.41	64
32.45	70
31.68	61
36.54	47
46.64	13
32.52	22
32.39	61
35.76	27
35.09	60
33.12	26
36.73	22
37.37	25
35.91	32
33.44	67
53.01	10
37.75	57
34.86	32
33.63	6
35.4	33
34.94	76
33.47	23
37.25	36
35.13	24
33.23	36
35.76	69
36.25	59
47.31	8
34.51	41
36.25	20
36.82	39
35.74	58
50.32	5
36.1	33
36.1	33
36.22	23
36.82	31
34.42	61
35.88	34
35.02	26
36.48	32
34.45	23
33.71	75
38.95	37
44.03	10
37.34	39
35.41	70
37.23	34
34.14	9
33.67	38
34.46	33
35.91	39
35.76	31
34.44	36
36.16	28
36.47	52
37.44	24
32.93	21
35.54	28
37.77	18
33.19	8
51.53	10
36.91	63
46.77	10
34.77	19
36.07	58
33.62	34
36.47	27
31.59	41
34.9	26
34.68	26
36.33	37
36.13	51
33.59	40
34.51	31
52.84	8
36.14	40
35.51	32
34.01	69
33.32	23
34.7	41
38.13	42
37.32	43
36.02	55
35.23	53
46.92	17
35.06	48
33.04	63
36.3	24
33.46	70
35.38	29
33.76	71
35.92	31
51.31	4
34.77	61
34.64	31
32.62	34
34.62	52
36.42	60
30.91	40
34.99	57
36.6	49
35.06	3
36.57	60
47.73	10
36.31	15
34.34	67
35.38	64
37.52	34
36.47	19
36.75	65
35.9	39
32.56	39
34.97	69
35.48	37
51.18	9
36.15	1
37.11	42
33.91	5
34.45	37
37.47	25
34.11	39
35.77	75
34.61	75
53.63	5
36.54	34
36.36	39
34.54	17
33.72	66
32.52	26
33.06	42
35.21	35
38.07	21
34.25	36
46.87	8
33.45	71
35.95	36
33.83	39
36.78	18
35.58	50
35.47	39
34.83	64
34.25	10
33.29	66
33.05	58
35.55	39
34.92	21
34.09	42
37.78	7
33.83	62
53.67	9
34.61	30
34.94	29
33.59	67
33.61	37
35.66	59
33.8	56
34.56	57
54.18	3
36.14	37
34.64	6
35.35	7
36.29	69
32.65	73
35.34	30
37.98	23
35.51	12
34.56	70
53.25	4
36.59	51
37.37	35
32.97	37
36.38	39
51.41	12
36.06	51
37.22	35
34.77	35
34.95	44
33.65	53
38.68	39
34.27	58
34.25	27
34.72	31
34.58	49
35.67	27
36.87	28
36.91	39
44.61	9
36.42	42
33.31	24
36.4	35
33.9	40
34.94	23
34.07	50
37.44	35
38	24
36.61	43
35.34	49
36.94	39
48.12	10
35.2	66
34.36	7
43.42	4
36.2	23
33.33	55
31.11	46
33.54	46
34.68	33
34.31	21
33.96	20
36.95	21
32.72	11
49.36	6
37.7	39
34.64	37
34.54	64
34.82	34
33.46	7
34.08	49
32.89	37
33.46	8
35.08	31
33.51	66
35.18	36
36.66	33
36.53	33
35.52	36
33.76	43
49.68	8
36.79	13
34.08	39
31.94	4
35.32	30
36.28	29
35.22	6
36.33	14
36.42	39
35.43	8
51.05	9
35.99	45
33.89	35
33.83	31
35.12	43
35.31	76
33.94	40
34.44	33
35.63	55
34.86	26
33.94	38
35.62	41
35.94	29
47.58	2
32.88	39
37.06	25
36.02	28
35.64	23
32.98	26
35.25	23
34.78	33
36.85	38
48.51	6
37.22	25
38.03	15
32.86	41
38.47	26
33.82	34
33.83	39
69.22	8
36.27	52
32.62	26
38.98	11
36.6	33
35	40
32.47	30
38.31	32
34.03	22
45.37	10
32.84	29
36.02	43
34.22	40
34.22	37
35.75	8
33.7	49
33.89	32
46.86	8
36.11	26
35.88	19
34.45	34
36.25	26
36.32	26
36.13	39
51.45	8
32.09	22
34.94	27
35.71	42
37.86	24
32.57	11
31.9	1
33.95	33
31.81	65
32.45	66
35.21	72
35.56	30
33.95	33
31.42	72
33.87	62
35.41	37
36.95	33
32.38	26
33.95	33
45.71	1
35.36	49
33.81	73
33	74
32.85	42
32.77	31
30.97	42
33.68	54
33.49	63
33.02	75
55.22	9
32.62	1
40.95	4
32.62	29
32.9	34
31.45	27
35.4	76
32.31	42
32.89	38
34.76	21
34.7	32
39.45	57
33.68	31
31.68	32
36.55	21
39.51	19
39.58	40
33.22	29
49.36	10
40.63	12
34.28	46
33.89	18
34.75	63
35.18	30
47.79	9
35.38	22
34.87	72
35.17	32
35.27	22
37.99	24
37.93	20
36.53	73
35.38	31
32.74	62
34.97	71
36.2	5
34.88	30
32.89	21
33.7	36
36.45	46
33.69	72
34.38	15
32.78	32
37.07	4
32.43	39
44.87	12
37.12	28
32.91	42
33.39	7
35.02	45
36.4	58
36.27	45
30.58	40
38.88	30
36.05	35
37.07	36
36.19	65
33.77	19
46.57	10
34.35	68
34.76	69
34.15	34
37.98	35
31.44	40
34.85	32
33.18	42
41.46	29
35.5	30
33.27	32
33.1	67
41.28	8
32.8	22
34.04	6
34.32	36
36.61	35
32.73	67
34.68	74
35	48
39.75	2
33.7	7
36.26	17
36.27	27
30.77	36
49.59	7
34.87	30
36.04	67
33	29
34.19	19
34.05	34
32.38	39
33.16	60
34.77	40
34.5	30
50.07	10
33.3	52
34.44	63
38.32	25
32.32	14
34.62	68
35.17	61
34.11	66
32.18	31
35	49
34.09	5
35.86	31
34.52	23
34.95	38
36.08	61
34.56	11
49.87	7
35.89	20
32.91	29
35.67	39
33.08	30
35.44	57
35.56	34
34.36	61
33.36	25
35.02	44
36.68	30
51.34	4
34.81	29
46.69	7
37.31	41
31.76	18
37.03	16
34.38	73
33.66	33
33.97	58
38.02	21
36.82	22
33.07	67
34.81	34
33.42	22
34.11	19
36.81	44
35.29	51
33.82	23
32.93	30
34.87	28
46.41	10
32.91	33
34.31	68
34.76	50
32.13	42
36.12	28
32.87	74
37.77	44
34.3	63
47.71	4
37.15	19
51.8	8
31.66	19
35.68	35
34.05	40
32.5	24
31.12	37
34.64	37
34.35	19
37.58	34
37.47	29
42.4	10
35.52	3
37.97	20
38.55	33
34.98	36
35.19	29
33.97	39
37.29	35
35.65	18
34.25	20
36.92	31
34.91	53
52.16	8
35.38	31
33.3	19
36.59	72
36.63	45
33.56	58
34.62	31
33.02	35
32.59	37
34.66	30
32.71	39
34.75	41
34.29	38
35.84	27
34.29	30
33.05	35
34.94	18
47.66	8
35.68	11
35.16	40
36.43	42
37.66	24
37.37	33
37.03	17
35.64	24
37.95	18
35.06	31
38	17
36.04	68
32.05	32
45.92	10
35.68	25
36.4	28
33.91	37
35.78	30
34.54	47
35.31	42
35.05	23
33.98	65
36.65	31
33.64	14
35.82	43
35.32	31
36.16	57
33.93	62
37.32	45
45.52	1
34.78	54
35.34	35
33.18	41
32.96	41
32.3	34
59.86	6
34.86	28
32.22	39
32.59	31
34.46	34
36.55	74
34.03	42
35	8
34.73	67
35.18	14
38.26	8
33.76	5
33.78	14
57.02	7
33.88	41
34.51	69
34.96	11
33.6	33
30.9	69
35.41	7
53.13	9
32.3	39
34.59	70
32.82	38
33.81	39
34.54	41
37.34	9
34.28	61
37.85	32
34.58	38
33.74	58
49.04	9
35.56	39
38.98	20
35.37	9
31.09	13
34.3	12
33.61	30
33.97	54
32.43	21
37.25	39
35.08	53
47.62	8
35.78	59
37.36	45
33.89	48
36.11	36
33.47	24
33.8	37
33.46	37
34.69	57
34.03	20
31.63	31
36.79	26
43.43	3
35.01	31
34.63	60
33.67	30
46.89	6
36.4	41
36.4	41
34.15	29
34.65	23
34.22	69
31.19	36
36.71	24
34.21	76
33.75	62
36.81	25
39.23	10
52.85	6
35.48	4
36.97	57
34.25	40
34.94	59
35.07	6
43.14	0
32.75	59
35.35	47
38.42	30
37.9	12
33.39	13
36.75	52
35.01	36
33.17	24
46.72	6
36.23	27
34.72	24
34.74	54
36.53	40
35.4	32
39.11	52
34.51	35
33.12	64
35.93	19
32.04	12
36.71	35
45.06	13
35.15	39
34.58	35
31.1	42
34.38	58
34.03	40
37.75	21
32.61	30
36.4	31
33.23	75
37.6	28
36.32	53
34.83	40
33.68	37
35.41	75
35.27	71
100	0
36.03	41
33.47	41
33.71	35
32.36	41
32.91	76
35.36	72
33.85	36
36.38	31
35.42	7
33.73	47
46.04	9
36.57	75
32.61	37
34.45	65
34.73	74
31.49	18
34.32	74
33.53	5
36.81	31
36.44	25
51.85	9
36.34	69
30.91	40
33.58	70
35.32	45
35.96	6
34.47	75
32.04	1
33.41	26
45.23	3
37.91	40
52.21	6
33.79	7
35.64	17
33.19	34
35.85	13
36.28	63
33.03	37
36.34	35
31.93	33
35.21	38
32.28	16
35.88	31
34.63	31
49.39	10
34.16	43
37.09	28
36.94	20
34.22	72
33.68	40
34.31	64
33.44	60
53.3	2
34.17	21
33.9	36
33.87	41
37.03	8
34.39	42
34.91	1
37.64	26
34.92	29
33.66	28
33.51	29
35.1	42
31.1	38
34.49	73
34.81	28
32.3	29
33.14	35
42.33	0
34.03	67
35.51	43
35.41	67
35.86	40
36.72	51
35.36	42
35.28	40
43.48	10
36.01	53
34.36	59
35.97	52
36.01	36
34.91	37
51.4	10
34.21	39
37.22	31
34.92	24
35.07	32
35.14	51
36.98	26
31.67	37
35.14	31
35.8	4
34	29
35.13	49
46.25	7
31.67	34
33.13	63
35.61	48
32.34	0
36.17	24
35.62	29
34.49	65
35.74	26
32.62	39
33.16	71
33.36	59
34.43	2
34.65	31
45.42	8
32.36	41
33.67	29
38.51	30
32.51	35
41.04	1
39.33	34
34.99	11
34.68	3
34.37	23
34.31	64
35.6	42
35.81	52
36.41	14
35.88	54
32.87	39
38.94	23
35.64	35
33.02	62
33.89	39
46.55	10
32.91	74
34.48	62
49.92	6
33.46	76
34.63	36
36.19	65
34.71	12
35.07	27
36.42	42
36.53	32
36.4	8
35.9	70
33.65	71
35.97	50
34.27	71
46.34	9
34.71	40
35.05	24
35.43	27
33.95	13
35.23	28
34.34	24
34.26	31
34.33	42
33.46	32
37.31	7
33.87	41
34.12	36
54.46	3
36.93	35
35.21	25
36.95	28
35.59	29
37.02	38
35.24	51
34.92	38
34.04	30
38.3	40
34.87	36
49.87	3
33.69	66
35.24	21
54.72	8
37.78	35
35.24	14
36.33	24
33.46	34
34.87	25
34.53	50
34.84	28
32.48	26
34.34	24
33.54	30
36.62	7
33.14	9
36.52	3
37.96	26
33.4	36
54.46	3
36.93	35
33.25	52
33.59	6
36.74	48
34.85	37
37.84	39
34.33	38
35.05	71
33.96	34
36.46	56
33.78	68
48.95	6
35.33	32
45.42	9
33.41	22
36.09	7
35.72	42
37.89	24
36.42	18
34.93	50
33.1	44
36.58	29
37.91	31
36.1	26
37.55	20
36.49	47
47.95	10
35.33	34
37.64	40
37.27	27
35.57	34
35.3	66
46.57	10
38.47	29
37.15	33
36.97	13
38.3	18
37.23	41
34.25	20
36	47
37.4	35
36.74	33
36.35	61
34.33	4
38.3	58
34.63	74
32.38	52
34.91	54
32.16	35
33.94	76
35.09	58
40.42	2
36.38	26
33.45	67
35.96	33
36.37	34
35.19	26
45.41	12
35.13	74
34.63	33
33.39	76
37.35	30
35.94	60
34.62	71
37.34	14
34.6	4
35.19	16
35.92	76
33.67	69
38.04	14
36.59	27
50.44	4
34.78	69
36.21	32
33.38	41
35.35	16
33.96	8
34.04	27
34.16	13
32.85	19
34.8	13
43.92	9
32.48	27
36.41	47
33.34	48
37.83	22
46.81	0
34.41	66
34.08	49
34.44	7
34.22	58
35.77	32
34.59	73
34.78	18
34.78	40
50.09	9
36.61	37
33	23
35.24	20
36.37	39
33.62	41
36.32	42
35.27	47
33.98	19
34.72	67
35.61	51
35.15	21
36.6	52
47.73	8
34.22	39
37.28	14
35.31	74
34.58	31
34.66	10
36.57	48
36.41	3
35.3	36
36.64	71
35.31	32
46.47	9
35.22	27
35	60
38.39	25
34.82	38
36.55	73
61.19	7
34	42
36.55	73
39.27	29
32.08	6
37.35	45
32.64	34
35.89	31
47.46	8
36.65	31
37.34	39
33.27	36
39.46	27
36.34	40
33.92	30
34.2	72
33.27	31
34.73	67
34.47	3
38.33	18
34.63	75
33.95	12
33.04	41
34.3	66
35.47	32
51.12	8
50.91	8
35.11	73
35.98	22
34.79	61
33.58	35
35.43	53
33.33	2
37.32	43
30.53	5
39.02	41
34.27	44
48.79	9
35.59	58
37.35	23
34.58	34
34.16	36
32.87	1
34.9	41
34.98	35
34.26	41
35.16	75
33.4	73
32.72	15
35.16	64
33.55	15
37.24	59
53.43	6
38.25	9
36.17	12
36.45	31
34.96	67
33.92	43
35.73	32
38.8	26
33.26	25
48.76	4
36.72	16
33.62	28
36.94	29
34.79	31
36.35	48
38.64	38
33.51	21
34.86	25
32.22	34
38.38	34
34.2	76
34.7	37
47.58	2
35.75	24
36.88	37
36.36	16
47.91	8
37.05	31
36.73	32
31.37	30
33.87	28
34.36	7
36.63	38
34.7	35
32.65	33
34.65	35
32.59	29
33.77	33
36.03	32
33.26	47
48.83	10
33.27	41
36.43	12
34.58	74
34.7	42
33.2	36
50.62	6
34.48	60
37.44	38
37.21	13
35.43	71
35.28	27
35.96	56
33.63	72
47.4	7
34.33	70
35.82	36
37.22	44
32.9	1
34.93	23
36.87	14
39.17	61
37.88	29
38.91	27
32.61	60
34.22	32
35.67	39
35.13	39
30.91	39
32.24	26
36.47	54
34.74	51
50.16	6
35.5	23
32.71	35
47.04	3
35.47	61
32.97	36
36.66	34
34.64	40
37.65	29
33.38	64
35.69	57
37.36	50
36.1	22
34.52	62
35.95	38
49.3	10
36.66	50
38.12	61
33.8	24
32.22	30
34.37	38
35.01	40
33.48	28
37.82	20
49.23	8
33.11	40
35.77	44
33.32	34
38.34	3
39.01	51
34.58	61
34.64	36
33.87	40
31.67	44
32.35	23
31.96	32
35.34	41
40.82	12
34.58	28
34.22	59
35.43	11
35.23	24
32.79	32
35.21	70
32.27	41
35.82	44
55.13	2
34.8	72
36.44	29
33.3	4
35.9	25
36.35	67
35.29	14
38.38	23
46.21	5
35.98	66
34.21	3
34.22	40
34.85	71
36.88	28
32.01	32
37.06	7
33.68	31
35.3	63
33.5	76
34.46	64
33.1	45
55.85	5
33.14	41
34.07	17
31	9
33.67	25
33.87	76
34.44	28
33.46	32
33.78	10
32.89	9
33	59
34.01	63
32.79	76
44.11	3
35.21	51
34.44	27
35.12	51
32.25	44
44.11	3
32.79	76
34.54	65
36.05	12
33.14	19
36.44	31
35.48	31
32.57	42
32.47	42
48.21	6
35.25	24
34.94	30
35.69	33
33.39	40
33.54	21
33.73	42
32.87	35
34.11	61
36.39	7
34.1	9
33.33	21
33.87	10
32.86	56
34.45	62
53.56	8
33.08	13
34.03	34
34.25	39
35.61	40
34.22	37
33.47	37
50.81	9
35.86	37
37.31	32
34.22	37
35.61	40
32.85	37
30.02	41
32.79	48
36.27	20
37.36	18
31.68	29
34.6	66
35.08	30
40.35	3
36.37	30
36.64	21
34.51	38
34.54	37
33.56	20
35.58	26
37.16	24
35.91	27
35.75	28
36.72	40
47.09	1
36.36	50
35	23
37.22	33
36.37	34
34.08	49
32.97	17
34.2	42
36.29	35
35.34	42
33.63	67
32.03	35
32.6	74
47.33	12
35.67	28
36.53	41
32.34	41
33.98	42
37.37	20
35.64	37
32.78	50
37.64	41
43.9	9
33.77	20
31.59	19
34.79	28
34.94	41
35.13	27
34.44	37
35.11	21
36.41	26
33.53	49
47.36	9
34.83	38
34.57	41
37.58	5
33.18	32
31.4	37
34.29	39
34.3	40
33.57	41
38.13	50
45.27	5
34.03	53
37.14	58
34.61	55
33.72	43
36.76	50
33.39	34
32.97	71
34.09	40
36.61	6
33.67	64
36.59	26
33.79	65
34.6	26
47.63	6
34.26	31
39.59	21
36.7	33
32.86	42
35.05	23
35.53	34
52.96	5
36.79	33
36.91	25
32.17	36
34.05	32
33.82	6
36.28	61
32.8	37
32.05	39
34.77	71
33.94	16
50.67	8
37.28	50
37.84	22
34.65	31
32.1	23
35.23	30
35.19	60
33.92	4
33.48	60
34.93	29
32.5	58
34.27	1
33.36	16
33.84	42
33.12	62
37.03	8
34.25	36
54.61	2
34.23	38
33.46	30
46.75	13
37.54	11
34.45	30
36.76	35
35.09	32
33.18	34
36.77	74
36.13	17
48.34	8
36.26	13
34.58	38
36.63	18
33.99	66
35.4	24
35.16	29
36.25	41
36.06	6
33.82	25
34.9	10
35.18	59
34.16	37
34.31	29
36.77	24
36.36	37
34.35	31
35.21	29
36.4	38
32.38	38
34.43	22
35.96	35
52.31	10
35.03	54
35.31	35
35.51	39
37.66	46
33.91	16
37.16	52
36.49	29
34.17	40
34.45	52
33.06	35
34.51	27
35.99	49
36.39	11
34.22	70
36.57	24
32.63	42
41.83	9
36.66	20
36.11	17
33.58	1
39.12	22
33.19	27
36.69	69
35.3	46
32.71	2
33.08	51
34.4	36
36.18	40
36.1	41
35.21	63
44.01	1
34.95	68
36.04	17
35.09	32
33.37	6
37.44	54
35	31
37.65	28
33.61	17
32.97	52
33.16	66
33.32	38
36.99	48
32.93	68
43.76	8
32.71	42
33.47	48
33.22	39
47.19	8
34.22	39
32.58	39
31.46	35
36.36	43
34.69	43
34.43	63
35.61	15
31.19	38
34.3	42
36.92	28
36.81	26
34.95	48
33.62	3
32	41
35.14	66
46.73	8
36.46	26
33.88	28
49.54	8
33.46	33
33.34	32
34.95	28
34.49	55
35.14	23
35.55	39
37.64	25
33.13	41
33.39	44
35.2	58
34.98	8
35.2	55
35.12	44
35.22	31
33.02	39
32.41	61
49.75	3
35.22	28
31.11	28
34.51	9
33.09	48
33.77	22
34.39	73
36.67	34
38.45	13
33.05	40
35.8	65
34.74	50
34.27	59
32.03	40
48.62	5
35.22	25
36.89	23
32.29	5
33.63	42
34.88	37
34.71	41
36.2	57
34.01	18
34.02	31
35.34	51
35.26	67
36.52	21
36.11	33
35.84	29
34.52	6
33.19	29
36.73	74
36.2	28
33.57	41
32.93	18
34.27	4
36.06	38
36.87	31
47.68	12
35.51	37
35.04	24
34.84	7
36.85	50
36.53	30
37.57	36
33.3	59
52.85	7
38.43	48
37.53	26
32.33	4
33.19	35
36.52	29
31.87	27
36.75	65
33.6	18
48.64	10
35.64	74
37.84	32
33.28	38
37.94	18
37.15	28
34.94	22
36.22	4
36.82	15
46.35	7
33.48	29
37.77	22
33.69	25
32.82	42
33.94	36
34.03	67
34.31	40
35.75	27
33.32	40
33.32	40
34.34	9
37.91	40
36.22	41
35.48	36
36.4	54
34.56	32
36.44	33
49.75	7
34.22	31
34.09	69
36.6	22
34.18	72
35.55	33
45.93	10
37.05	3
35.86	6
36.17	34
33.3	38
49.43	6
37.03	36
35.42	36
35.29	32
35.34	50
36.57	76
34.18	26
36.11	41
33.48	25
32.63	39
33.61	23
37.51	24
48.62	8
33.66	28
35.97	28
35.46	37
35.28	67
33.56	51
32.69	42
32.99	69
33.95	62
35.47	26
35.56	28
35.55	27
35.21	57
35.93	63
34.47	62
34.32	60
45.92	0
35.05	31
34.94	25
35.78	27
35.89	60
36.4	26
36.18	25
34.79	59
34.11	33
36.4	23
36.14	31
51.25	8
35.7	19
35.66	35
47.59	12
32.22	68
34.26	31
37.23	7
34.73	27
35.39	32
34.56	52
36.25	39
36.42	43
34.44	44
47.64	9
36.67	26
36.54	65
35.63	3
34.82	32
35.14	71
36.77	61
34.37	40
35.59	31
34.94	61
45.5	2
34.05	36
32.14	42
35.67	25
35.94	59
34.65	2
34.66	37
33.79	28
36.57	22
36.04	72
33.4	16
46.68	10
35.03	34
37.03	27
34.55	3
36.55	42
34.91	74
39.76	39
34.23	18
35.42	30
44.04	6
34.14	70
34.83	29
35.13	24
33.14	63
34.94	15
34.6	67
35.69	56
34.51	29
32.22	24
35.97	73
36.89	57
35.24	28
48.41	9
35.9	64
34.55	19
35.08	40
36.48	35
33.35	27
30.34	42
33.6	38
36.53	35
33.94	4
36.23	30
48.89	8
34.65	35
35.16	24
33.33	40
35.08	22
35.08	75
33.15	37
31.86	19
33.44	9
36.02	40
34.93	35
47.23	7
36.05	29
34.09	10
36.95	12
33.98	66
52.5	7
32.7	23
33.15	56
34.44	12
36.78	54
33.39	7
33.26	57
33.28	16
35.32	39
37.51	20
35.66	75
35.5	33
45.02	10
37.02	17
37.63	39
36.12	35
31.84	39
33.21	37
32.15	76
33.51	38
34.34	24
34.19	20
36.81	29
36.38	39
51.47	9
35.08	21
33.56	27
35.95	33
35.68	4
32.87	15
38.14	8
34.23	73
34.65	17
34.36	42
35.78	51
35.13	26
33.12	46
44.58	4
33.94	33
31.83	32
33.38	7
51.38	9
35.98	4
36.75	48
36.77	26
34.43	17
36.92	7
32.88	1
35.93	63
33.06	39
35.78	56
33.8	62
37.35	40
49.64	16
34.93	31
34.49	28
34.58	22
34.66	67
35.75	22
33.05	44
48.14	7
34.99	60
34.32	32
32.43	45
33.39	36
32.85	37
32.5	42
33.64	31
38.96	43
35.09	49
35.5	16
36.47	20
35.86	26
33.1	37
51.95	2
34.46	46
37.36	16
34.88	33
34.05	1
36.53	20
35.69	26
34.02	40
34.29	71
45.15	10
34.02	40
33.6	31
34.02	40
35.63	33
32.19	1
37.32	53
36.18	17
34.45	33
35.41	63
46.05	10
36.63	21
34.57	28
33.7	26
35.22	63
36.17	30
33.56	72
49.41	8
36.47	18
37.8	34
34.23	50
34.23	50
35.11	34
33.8	42
38.55	18
34.73	39
36.39	28
31.48	6
36.56	26
34.35	63
34.03	57
42.44	0
34.27	65
35.81	11
34.71	5
34.29	32
34.87	22
34.21	42
35.76	66
34.54	46
36.95	29
34.11	34
34.37	26
47.16	8
38	23
36.46	39
36.96	38
34.7	1
33.08	27
32.52	32
34.54	34
34.85	39
36.62	37
34.15	13
45.15	9
49.03	8
35.76	14
35.76	14
32.5	29
34.25	0
36.5	22
35.78	34
35.26	35
35.18	45
33.12	56
36.75	37
34.6	36
34.14	4
32.41	64
35.86	38
37.77	40
51.55	6
34.2	36
35.26	39
34.01	10
35.09	44
50.47	0
34.7	24
34.26	40
33.96	15
33.95	55
35.22	35
34.58	15
36.34	48
34.38	30
34.65	50
34.4	68
36.04	23
51.28	6
34.45	40
34.71	19
35.15	24
36.71	50
35.83	40
34.84	35
32.58	59
37.04	38
33.9	57
33.68	32
32.6	34
33.55	42
44.94	10
32.78	47
32.87	36
34.93	42
34.3	28
34.12	10
35.4	40
35.69	37
32.61	33
36.25	26
34.33	40
35.79	54
47.93	6
33.12	37
33.16	33
34.05	27
32.26	40
36.73	41
32.91	40
35.17	38
32.45	39
34.76	34
49.47	6
33.75	42
37.51	53
36.92	52
38.12	60
34.52	17
34.85	73
35.43	49
34.59	26
36.45	8
72.1	8
37.11	27
46.41	9
34.6	31
36.32	41
37.41	38
34.57	40
37.15	23
37.12	55
37.15	31
32.33	37
36.89	10
36.59	38
35.48	57
31.32	41
32.9	19
35.98	70
35.73	50
34.52	40
33.04	20
35.56	5
34.12	28
45.35	8
34.77	36
35.47	41
35.83	28
35.96	59
36.7	18
38.67	16
34.44	72
34.8	41
33.81	40
32.42	58
44.66	4
34.88	66
36	16
36.31	32
34.72	24
32.03	67
32.83	13
37.71	3
35.5	57
32.19	27
34.87	38
36.26	40
35.21	36
32.3	27
37.92	9
34.71	28
34.21	61
36.2	28
50.38	6
40.14	26
33.03	55
47.39	3
33.57	64
33.62	18
37.2	47
34.65	26
36.23	61
33.99	32
37.07	27
35.6	30
36.02	10
33.03	36
31.59	28
36.3	59
34.87	20
35.53	31
35.19	26
44.73	9
35.83	28
37.04	30
35.68	22
35.16	63
52.37	1
35.35	38
32.02	41
33.67	40
35.34	4
34.37	41
35.03	25
33.49	52
31.86	8
33.89	29
35.26	4
35.57	49
32.01	27
33.79	15
32.97	32
39.47	20
36.07	38
49.67	9
33.92	71
33.82	55
34.35	36
35.62	32
35.68	24
39.74	42
35.9	18
36.47	58
33.25	31
33.58	38
32.97	42
33.14	72
33.97	16
34.07	11
32.86	40
46.73	13
35.38	63
36.1	32
36.27	30
33.69	73
35.23	61
35.11	29
32.91	27
33.87	18
33.28	36
35.92	36
49.48	8
36.46	39
33.31	8
33.3	75
34.23	25
34.68	37
33.55	28
36.46	24
32.29	41
36.99	43
35.05	71
35.89	33
32.65	38
34.32	18
33.33	45
35.3	25
32.8	74
34.41	42
33.46	64
32.71	22
34.64	41
45.5	10
33.34	40
34.88	40
35.76	37
32.36	27
34.51	24
32.56	38
32.08	38
36.53	39
47.79	8
34.39	33
36.46	25
32.66	67
32.42	35
33.06	39
35.48	42
51.9	6
33.51	18
35.77	30
36.13	33
32.8	41
34.92	26
33.65	34
52.04	8
34.34	21
35.46	21
33.39	25
32.82	35
32.95	49
33.35	55
37.11	50
33.83	59
35.51	62
33.28	38
35.35	19
32.16	38
54.16	8
35.92	6
31.23	38
33.83	69
34.18	35
33.31	20
35.12	55
38.74	26
32.57	26
34.16	40
31.06	39
47.97	6
34.92	39
36.53	42
35.05	50
33.97	18
33.92	28
35.81	23
51.07	8
32.93	40
33.89	37
32.27	34
33.87	76
34.91	53
34.89	47
34.33	15
35.92	56
34.7	39
48.77	10
35.29	28
31.54	39
38.48	30
39.8	35
34.24	70
38.61	22
32.92	37
34.87	37
34.5	69
35.49	69
38.32	38
40.04	20
47.66	8
34.86	42
36.59	38
34.28	36
35.12	37
31.53	37
33.03	34
37.07	22
49.64	11
33.25	44
35.24	26
34.26	22
32.08	41
36.79	31
37.66	36
33.62	18
34.71	33
34.16	41
35.74	45
33.45	39
34.07	23
34.21	50
36.81	50
32.01	71
33.97	8
35.15	18
46.55	10
36.33	15
35.7	15
36.2	32
35.39	42
34.52	37
37.7	5
35.64	71
36.3	33
34.02	27
32.7	38
32.73	16
33.69	35
35.27	59
30.97	42
35.34	6
49.12	10
36.32	18
33.89	21
35.48	70
35.68	37
36.14	32
38.75	42
37.97	31
32.73	54
37.11	47
36.81	22
36.81	22
34.04	74
35.7	23
36.1	32
51.34	9
35.55	34
37.38	54
36.29	10
34.1	41
36.37	39
36.5	35
32.05	59
34.56	41
33.7	20
33.2	37
33.63	20
34.86	40
37.07	15
47.51	6
36.94	11
35.25	28
34.41	40
34.91	18
37.54	40
34.48	60
43.25	1
34.79	7
33.66	35
37.18	22
33.6	37
32.87	19
36.45	70
34.25	35
32.09	22
44.25	6
37.49	32
37.49	32
34.67	31
37.2	31
37.49	32
35.28	45
34.36	61
37.16	34
36.66	34
34.09	7
32.64	53
32.64	53
32.31	55
37.01	28
42.78	10
34.06	27
49.57	8
33.58	65
35.47	52
33.8	37
35.97	40
37.97	16
35.79	75
33.99	15
33.73	40
34.32	22
31.53	10
35.05	31
55.9	6
32.01	64
36.95	32
32.93	31
34.84	63
34.84	21
32.15	66
32.34	48
32.94	90
32.75	46
36.76	27
35.41	48
32.62	45
33.97	80
32.23	47
38.86	56
32.77	42
33.32	18
37.22	10
35.4	32
33.38	43
36.37	37
36.24	79
34.68	31
33.94	32
33.33	44
34.84	15
33.91	87
33.35	45
32.17	45
32.79	43
34.22	32
33.82	38
35.61	58
34.23	40
33.26	44
34.01	73
32.63	47
34.36	15
38.12	23
35.63	28
37.72	86
35.4	91
35.91	31
37.01	23
34.34	65
33.65	35
31.23	17
33.31	12
35.57	25
32.83	43
33.08	75
33	80
34.42	76
35.4	76
31.3	44
36.69	32
33.83	41
31.3	1
36.69	32
33.92	37
30.95	46
33.62	87
33.91	87
35.08	72
34.68	83
35.32	43
34.5	61
33.96	36
37.35	15
33.47	48
37.63	32
34.31	33
33.76	40
33.67	42
34.53	40
34.13	69
35.61	39
34.83	33
33.5	45
35.9	34
39.37	27
34.64	44
34.72	45
33.88	43
38.61	57
33.82	35
34.51	13
35.26	54
35.56	52
33.67	44
33.94	37
32.86	46
32.07	17
34.87	20
35.75	24
32.71	89
37.68	28
33.12	19
36.52	38
38.59	6
33.91	64
35.89	51
34.71	86
35.29	3
34.97	71
39.87	28
37.29	10
33.6	69
34.27	95
35.76	42
38.49	17
33.1	82
33.17	44
34.92	40
33.65	91
34.97	42
32.21	42
34.11	36
35.64	28
38.61	31
34.37	28
33.82	46
32.86	70
32.77	78
33.95	68
35.8	52
34.71	45
34.3	76
34.37	59
37.95	18
33.99	68
35.82	52
34.79	23
33.41	44
33.86	95
34.3	39
35.86	75
32.22	95
34.1	76
35.27	71
36.46	15
37.14	5
34.71	12
34.87	69
33.05	86
34.21	77
33.52	92
36.38	53
36.15	22
35.76	21
35.9	24
33.44	90
36.02	53
33.55	44
38	33
37.72	24
35.8	28
34.92	48
34.62	55
34.38	27
35.89	25
33.35	45
34.88	44
35.5	38
35.98	64
33.25	29
34.66	43
36.61	33
32.59	3
34.25	39
36.75	8
33.4	92
33.69	47
34.56	72
37.61	59
37.3	17
33.64	96
33	86
37.78	32
35.72	35
32.22	44
37.77	24
31.03	40
34.76	65
37.86	20
35.84	33
36.25	70
36.58	72
34.05	21
34.91	26
34.76	62
38.05	32
30.35	48
32.23	64
37.03	31
33.75	37
35.11	88
34.13	78
36.01	21
35.25	20
33.46	45
35	72
34.09	87
34.27	74
36.35	28
34.66	31
35.85	60
34.69	63
36.2	43
33.67	22
33	26
33.12	75
33.87	90
31.14	10
36.12	82
35.65	82
36.76	25
37.15	21
33.45	14
34.36	15
33.28	88
38.28	33
33.5	3
34.34	61
35.21	27
33.46	39
37.47	16
34.75	19
34.01	43
33.06	83
37.31	87
34.02	65
34.31	31
33.77	52
32.24	83
33.53	43
34.54	23
33.51	62
31.9	79
36.9	33
34.65	85
35.47	27
33.11	32
33.66	46
32.62	34
33.79	24
35.28	27
32.98	94
36.33	48
35.23	72
35.27	29
33.09	95
32.77	92
32.82	93
32.38	96
32.96	96
34.66	3
33.14	90
32.73	78
32.56	47
35.69	30
34.84	90
34.26	12
35.61	16
36.88	19
35.91	82
34.73	46
33.59	78
32.81	78
36.09	9
34.2	76
36.44	60
33.4	79
34.3	44
37.24	57
36.45	35
