sim	len_diff
32.58	123
34.02	143
36.47	117
33.63	159
36.27	135
34.57	147
36.03	112
35.09	75
32.83	155
34.52	134
33.86	147
34.49	129
35.13	121
46.82	40
35.15	117
34.2	130
46.96	19
34.64	67
34.02	148
35.99	89
35.06	43
33.84	42
35.17	145
32.9	131
37.02	85
34.39	153
45.39	25
36.26	120
33.88	144
33.65	135
33.52	31
32.87	149
33.56	149
33.19	152
33.13	148
47.45	60
34.48	154
36.16	46
33.86	141
32.78	160
34.39	137
33.95	156
33.26	139
33.58	135
33.77	313
34.07	140
33.36	140
34.29	138
33.68	157
34.17	154
33.52	137
34.2	150
34.22	114
34.09	274
34.09	274
34.09	274
33.87	273
33.27	59
33.04	136
33.04	136
33.64	153
34.45	153
32.76	160
34.54	132
33.37	261
32.61	161
31.13	156
33.36	142
34.34	131
33.76	92
33.03	161
36.24	153
32.02	26
33.3	159
34.22	105
32.99	156
33.32	144
33.32	144
34.09	158
35.04	76
34.7	24
33.03	149
32.89	12
46.01	57
32.89	157
34.52	102
35.04	122
33.56	160
35.23	114
35.06	132
34.31	78
34.27	136
35.06	67
34.82	126
33	138
34.53	141
34.29	108
33.36	157
33.21	142
32.63	160
33.44	155
36.37	130
33.88	147
32.63	142
33.96	140
35.16	127
34.39	297
35.02	109
33.67	143
34.53	157
33.63	270
33.79	135
34.65	157
47.62	13
35.2	151
34.41	124
34.49	129
34.12	89
33.29	156
34.7	124
35.69	137
34.87	114
33.26	136
46.15	25
36.41	96
33.98	153
33.34	144
35.54	86
34.23	153
33.27	147
33.05	141
34.09	79
32.91	135
32.72	146
34.36	150
34.94	121
34.95	119
34.21	132
35.24	73
32.55	152
50.11	28
34.83	143
33.48	128
32.87	154
34.32	150
34.32	130
36.33	57
32.99	159
36.05	59
32.68	149
33.49	147
33.26	159
33.61	149
34.19	117
34.54	262
31.65	128
35	99
34.46	130
34.31	81
34.27	135
33.89	145
32.79	140
35.43	48
34.16	152
34.02	224
33.54	137
34.37	129
33.26	149
32.01	154
33.97	141
33.32	129
49.08	34
32.47	158
50.08	28
35.72	48
33.03	158
34.08	107
34.94	153
33.51	137
33.81	133
34.45	202
33.15	133
33.66	256
33.75	152
48.1	22
32.77	157
34.34	125
33.05	153
33.71	155
33.49	135
34.07	158
34.76	134
35.63	104
45.87	76
35.5	146
34.59	154
36.21	146
34.75	124
33.2	22
32.74	2
33.63	150
33.13	119
34.29	158
35.15	140
34.83	125
33.39	152
45.04	18
32.27	155
32.7	155
33.1	154
32.85	161
35.18	40
35.11	129
33.31	116
33.59	156
34.03	155
44.48	108
33.25	150
33.9	159
34.54	7
32.61	132
33.15	148
34.48	129
34.52	130
34.27	78
32.99	144
32.37	138
33.99	132
32.02	160
34.24	152
34.06	132
33.11	122
33.48	56
32.79	135
35.07	106
33.04	145
33.99	132
33.74	140
33.91	119
48.02	47
42.26	94
33.77	144
33.18	150
31.96	151
34.08	229
33.68	151
32.87	141
32.43	157
33.3	43
36.36	48
33.72	143
33.11	155
32.67	114
34	153
32.8	132
32.87	135
32.24	135
33.05	138
33.12	134
31.98	150
32.14	155
33.78	255
34.58	158
33.26	154
32.9	159
34.82	96
34.38	239
31.97	155
32.6	150
32.55	147
35.08	128
32.22	158
35.12	72
34.81	157
49.06	12
48.5	10
35.17	123
36.78	116
34.94	150
35.82	141
34.96	125
32.97	161
34.57	143
47.93	9
34.53	129
33.31	156
46.7	19
45.54	41
34.22	151
32.22	160
34.02	127
33.72	156
35.59	120
33.85	160
35.24	129
35.07	155
35.73	124
34.77	125
35.94	105
36.42	102
35.56	52
33.28	152
33.91	159
34.47	111
35.43	160
33.64	160
33.31	160
33.69	130
32.55	152
34.82	139
35.14	128
35.35	149
36.13	145
35.64	144
34.44	161
33.7	154
36.6	126
36.07	89
35.22	143
35.44	129
33.64	130
33.01	156
35.12	157
33.54	157
34.57	100
35.27	92
34.29	47
35.64	116
33.93	136
34.34	159
33.51	148
33.93	136
37.54	102
35.44	72
34.79	156
34.89	150
50.37	36
32.04	145
34.27	155
34.62	102
32.81	82
33.88	121
35.22	125
36.85	75
33.56	153
33.22	156
33.75	153
33.67	155
33.2	90
35.08	130
33.55	179
33.94	119
32.52	29
35.45	189
32.9	216
36.24	81
32.99	132
49.68	18
31.11	137
33.37	129
36.26	180
35.13	140
35.18	139
55.97	13
37.11	126
34.92	131
35.03	141
36.64	85
35.09	249
36.5	86
51.29	12
35.19	200
35.59	57
33.37	140
34.36	111
34.26	115
34.77	115
35.73	93
36.08	99
34.63	128
33.99	110
33.76	97
32.31	143
32.95	139
33.79	111
33.2	141
35.29	99
33.93	104
32.95	143
33.79	137
35.76	143
34.69	129
37.42	71
37.97	97
58.37	9
35.87	107
36.65	188
36.27	113
35.33	73
36.02	116
35.79	121
48.63	18
37.11	114
50.68	4
36.05	115
37.88	83
36.05	35
35.74	138
36.25	110
37.36	116
52.73	15
32.67	39
35.32	113
34.63	117
35.07	167
33.64	73
34.49	124
34.81	96
33.69	86
34.9	74
34.39	94
34.49	88
32.97	75
34.12	124
33.93	136
31.96	32
34.85	93
34.74	78
34.54	165
34.6	108
36.51	156
35.05	115
34.82	133
34.9	137
34.56	141
34.45	133
36.2	99
34.81	139
36.92	90
52.7	8
36.64	138
36.38	77
35.36	90
36.03	133
50.72	13
36.6	89
50.08	14
35.81	124
35.49	140
36.09	134
35.7	126
53.77	13
33.94	133
35.09	98
34.12	130
34.24	126
34.53	94
34.91	108
34.54	124
33.46	253
36.15	124
35.36	102
35.43	120
35.58	76
35.33	141
36.25	126
35.04	123
36.05	122
37.12	85
55.3	11
32.92	128
34.24	239
33.18	67
34.56	230
32.92	133
35.36	136
33.4	125
34.45	89
52.86	17
35.09	80
34.54	126
35.26	140
33.68	130
33.71	251
34.22	107
33.47	88
34.19	82
33.89	127
33.3	127
34.09	85
33.68	22
36.29	137
34.8	102
35.36	124
36.81	117
35.24	74
34.58	109
44.92	132
35.07	120
36.41	65
34.72	71
34.03	222
33.43	19
34.02	113
34.04	105
34.77	89
34.07	143
33.51	62
32.98	138
33.7	141
36.24	133
48.9	50
36.45	243
37.27	119
37.64	91
36	106
34.54	142
35.09	124
35.38	122
35.75	136
56.13	12
35.5	69
33.81	73
34.62	101
33.89	74
34.57	49
35.71	48
35.43	113
34.15	111
35.27	120
33.47	58
34.77	116
35.1	122
31.43	30
35.52	78
33.85	110
33.16	46
34.21	97
34.21	132
33.95	90
37.3	101
35.71	63
35.74	138
37.13	109
36.35	121
36.55	100
34.8	142
32.79	139
36.4	131
45.7	3
35.6	84
35.02	140
35.53	125
51.13	11
35.94	103
34.49	227
34.54	126
36.26	126
34.93	101
35.04	136
35.3	46
33.28	120
35.08	33
34.53	116
36.15	103
34.83	100
34.46	141
35.85	27
55.76	13
32.56	25
36.04	143
36.03	111
36	134
35.48	131
36.35	141
36.19	133
36.64	117
49.55	7
34.89	137
35.83	138
33.05	111
33.27	108
33.74	133
35.49	88
35.05	89
34.46	39
31.9	12
33.46	122
35.5	206
33.43	123
34.24	76
36.41	93
36.87	124
48.63	0
35.34	136
36.36	122
35.12	123
47.15	26
35.47	104
36	54
33.83	140
36.18	110
33.18	27
34.92	140
56.35	12
34.09	136
37.02	134
33.64	141
33.62	136
34.42	141
34.96	133
35.19	119
34.95	138
36.62	104
34.73	136
50.38	2
34.34	115
36.65	116
35.88	107
34.59	125
34.45	116
34.27	138
52.97	13
33.21	99
33.81	121
34.52	142
33.79	140
32.9	115
35.27	42
34.45	143
33.33	244
33.93	143
54.94	14
33.27	117
35.2	101
35.83	133
35.46	110
35.01	101
35.19	125
35.27	192
35.36	37
37.73	74
35.17	229
35.38	43
36.21	130
36.56	137
35.13	141
36.16	131
47.37	23
37.34	112
35.48	132
33.85	139
36.06	71
36.3	129
36.69	117
38	96
50.6	9
35.9	134
36.03	114
35.77	94
35.19	123
36.48	201
35.6	130
33.94	51
35.14	89
36.79	67
36.62	132
35.27	99
35.32	126
48.44	6
34.85	105
35.81	47
33.32	129
33.2	143
33.74	58
36.21	105
33.51	139
35	72
34	24
34.34	122
34.08	95
34.78	126
34.52	67
35.48	105
33.13	36
34.64	114
52.42	13
35.09	46
33.52	117
32.88	47
34.06	123
33.2	252
33.47	78
32.78	86
30.78	140
33	120
33.01	126
32.19	56
31.78	51
35.51	119
35.75	125
52.61	9
36.18	62
34.58	135
34.35	138
34.98	177
35.61	34
35.09	56
35.41	116
35.46	107
36.7	119
52.38	17
37.83	93
35.26	138
36.04	79
37.46	107
37.76	115
34.54	142
36.03	99
33.7	247
33.12	98
33.28	244
33.06	138
33.64	99
33.51	101
33.83	129
34.04	74
34.91	75
34.91	83
35.59	178
31.29	2
35.83	137
49.8	23
34.84	85
32.61	143
33.72	130
33.8	85
32.15	25
32.42	125
33.35	51
33.06	53
32.82	133
33.6	125
34.69	113
35.04	116
32.95	137
35.49	127
35.36	225
33.51	26
36.22	26
49.14	4
35.29	141
38.63	52
36.17	138
36.63	91
36.47	132
35.18	143
36.53	134
34.95	37
35.7	116
32.81	93
34.25	119
34.29	116
33.86	194
32.77	36
35.33	42
40.11	89
34.02	121
32.89	139
36.4	104
36.66	130
36.11	72
33.6	132
50.55	14
35.24	138
35.4	89
34.17	147
34.05	133
34.28	137
36.08	201
53.72	14
33.84	123
34.54	76
36.6	98
36.21	93
35.71	120
36.61	116
36.45	132
36.66	108
35.2	116
35.55	41
35.96	142
34.81	141
36.72	114
49.37	44
36.2	91
36.42	110
34.49	137
34.23	112
33.42	138
33.98	247
34.9	140
35	91
34.21	99
35.62	188
33.61	69
33.72	140
33.05	234
33.78	140
50.54	9
35.25	85
36.52	119
36.11	122
35.17	101
37.19	56
36.89	90
34.58	124
34.43	130
35.37	159
37.49	119
38.43	122
37.15	79
37.2	143
35.96	87
52.22	8
37.17	128
36.27	61
36.78	129
36.2	137
35.48	110
35.75	78
36.93	88
36.24	95
35.42	160
33.97	138
54.34	11
36.35	103
37.09	114
36.77	117
33.08	28
34.68	111
33.36	137
50.59	31
33.31	127
34.75	85
35.27	119
33.27	132
33.11	40
34.69	140
34.69	133
35.02	109
35.51	115
34.89	134
57.53	25
34.6	137
35.37	122
35.61	54
35.74	117
36.63	69
35.54	123
35.72	128
36.3	123
38.2	100
36.11	64
35.63	140
47.64	10
35.72	131
36.57	136
37.2	104
36.15	136
34.59	111
34.69	122
38.37	77
35.81	116
36.15	110
36.5	128
36.76	120
53.98	4
37.97	74
34.74	141
35.28	142
35.87	125
35.4	63
37.33	103
33.73	128
35.1	74
37.25	87
51.86	8
35.4	63
33.95	246
34.97	116
35.01	124
33.81	140
35.42	89
34.43	135
34.36	154
45.32	9
35.3	108
35.01	86
36.94	99
35.73	128
35.76	95
35.35	117
37.18	75
35.98	109
53.14	18
36.02	107
34.36	129
36.57	131
35.86	116
36.27	126
35.64	89
35.74	65
35.7	101
35.17	133
35.61	112
35.18	128
35.4	128
35.73	195
35.64	143
34.29	231
36.24	124
34.82	128
34.77	141
55.16	13
34.63	73
34.5	34
35	64
36.19	102
33.51	240
34.94	103
35.24	95
34.11	143
34	63
34.54	80
34.1	117
33.57	143
35.72	56
53.36	16
52.34	13
31.45	31
32.22	41
35.92	137
34.79	78
33.87	53
35.76	83
34.21	103
35.65	123
34.37	75
34.32	134
34.57	135
34.2	90
33.91	137
32.1	5
34.06	102
33.54	129
35.07	63
33.89	126
52.27	9
36.11	107
37.67	120
35.69	128
36.22	120
34.04	143
34.85	133
36.64	105
36.69	119
36.13	111
47.26	24
35.1	126
35.59	90
34.46	125
35.1	108
54.92	13
36.37	121
33.84	82
35.08	175
35.76	107
35.79	81
33.75	55
33.04	133
35.25	172
34.56	44
34.14	133
32.98	143
34.03	123
33.16	140
34.67	113
34.91	121
34.78	70
34.04	126
34.96	203
54.18	11
36.52	111
34.18	72
34.21	68
34.26	139
33.54	60
35.2	65
36.08	70
35.6	125
35.3	90
35.04	113
35.27	86
54.68	7
36.48	130
35.9	143
36.05	139
35.71	148
35.85	53
53.35	10
34	18
34.13	214
35.15	83
35.6	89
36.09	137
34.19	136
34.1	50
33.98	17
35.65	117
34.37	139
37.05	118
33.12	132
34.82	137
35.37	122
54.16	12
37.24	125
36.06	126
37.01	158
35.3	253
34.8	137
51.93	7
36.04	67
36.82	79
36.19	150
34.7	131
35.06	118
36.18	60
34.91	124
35.22	113
34.01	137
35.3	113
35.34	44
32.68	138
32.82	137
33.16	115
34.62	141
34.52	138
35.17	105
33.53	14
35.2	117
33.03	106
33.35	250
48.36	32
33.1	36
32.25	139
33.84	115
34.26	65
33.68	114
34.2	127
32.64	132
34.78	82
33.9	74
50.21	32
33.64	142
33.26	126
35.1	78
31.46	32
33.77	92
36.74	87
35.04	134
36.24	75
33.39	89
34.19	115
34.7	80
35.36	113
35.43	52
48.7	20
36.33	138
35.59	127
33.41	142
34.49	140
34.44	91
34.31	120
35.86	54
32.5	50
34.06	196
48.21	7
34.51	99
36.29	126
35.38	98
35.69	127
35.79	93
36.06	129
35.92	93
36.97	163
34.48	241
48.28	73
35.41	138
34.31	97
36.9	140
45.32	45
34.23	41
32.66	15
35.48	124
34.29	143
35.06	109
36.08	116
35.97	133
34.72	87
51.35	15
32.74	113
33.18	59
33.97	142
34.35	78
32.89	120
33.37	39
35.03	94
33.87	78
34.08	123
34.6	143
35.59	79
33.7	137
35.78	127
35.76	78
32.86	137
35.37	71
53.52	12
33.96	129
36.83	128
35.57	154
52.81	8
35.86	134
34.71	176
35.62	137
36.11	134
37.02	120
36.85	119
36.09	124
33.48	137
34.78	105
34.9	101
35.2	114
35.35	99
33.79	95
35.29	150
33.21	32
34.62	117
34.44	118
35.86	105
33.95	129
33.6	62
35.1	130
34.11	137
34.35	75
53.04	12
34.27	96
33.9	114
35.86	42
37.19	114
35.02	125
37.04	133
35.52	97
54.17	1
34.35	74
35.91	92
35.57	124
35.58	135
34.86	135
38.48	105
35.35	126
36.09	100
36.07	126
36.03	52
35.79	114
36.15	97
35.66	133
36.61	129
49.84	10
34.66	137
35.33	98
35.13	135
33.86	130
35.4	72
51.74	4
32.88	37
34.9	135
35.03	135
35.81	140
54.39	11
33.47	137
34.91	138
33.62	85
36.34	111
34.36	101
34.14	114
36.4	69
35.37	121
34.12	136
35.86	146
35	53
34.89	40
36.19	128
35	115
35.79	114
34.36	125
33.9	28
33.54	36
51.49	5
35.09	205
34.18	62
33.75	244
33.74	143
54.96	14
33.46	63
35.95	109
35.49	39
35.36	125
35.52	193
35.78	140
35.32	110
36.8	108
36.06	130
36.43	84
36.01	162
48.47	9
35.94	131
34.83	143
36.09	140
35.39	129
50.96	1
34.55	139
36.24	173
35.01	105
35.26	198
36.05	71
34.57	106
35.14	125
35.11	138
32.58	8
35.03	138
35.38	138
54.69	19
35.27	84
35.9	50
36.12	85
35.09	90
34.66	134
36.34	101
34.84	88
33.5	83
34.89	96
35.73	71
35.04	118
35.19	111
34.23	127
34.5	141
52.05	16
35.69	135
34.79	129
33.74	229
36.13	159
33.67	111
32.3	137
33.82	89
34	6
33.02	143
32.43	25
34.73	176
35.45	111
34.87	66
34.99	131
35.61	89
35.48	123
34.83	109
36.13	133
55.6	11
36.54	75
34.06	131
36.91	126
35.72	255
35.77	108
35.77	111
35.37	132
36.47	121
48.99	0
35.07	139
36.72	114
35.04	125
35.53	78
35.03	142
34.89	132
33.73	129
35.72	114
34.13	94
35.3	97
35.15	103
34.27	135
33.99	105
33.91	69
34.26	116
32.13	34
33.57	132
34.57	108
33.59	252
34.77	123
33.84	94
34.36	143
31.19	14
35.77	123
35.38	94
34.28	134
36.28	116
35.16	67
35.82	120
53.81	22
34.91	78
35.15	101
34.63	121
34.33	199
50.79	14
32.54	134
34.41	134
33.77	105
35.08	127
34.79	84
35.5	138
33.63	162
35.27	126
32.71	138
34.48	129
34.76	127
34.63	63
33.92	101
33.98	46
34.69	91
34.45	14
34.51	72
33.77	182
33.1	123
35.18	182
34.23	95
48.41	22
34.41	127
35.41	113
35.12	71
33.94	130
30.72	14
33.52	82
35.99	72
35.14	121
35.09	55
36.79	118
35.61	141
48.94	16
35.32	74
37.62	84
35.32	141
36.06	114
34.21	118
34.76	138
54.54	14
34.11	117
35.71	103
35.13	104
34.93	128
35.88	123
34.58	128
36.76	127
35.36	21
35.18	61
34.69	86
36.23	131
35.35	98
36.4	80
35.64	135
35.84	116
49.79	15
36.61	120
36.48	89
35.09	119
36.69	43
36.36	116
37.52	118
35.83	143
37.5	58
49.13	15
36.03	99
36.93	123
35.36	118
36.42	113
34.44	62
34.77	138
35.73	72
33.61	66
33.02	56
33.92	116
35.5	128
32.54	132
35.11	82
34.13	112
35.22	60
32.93	141
35.04	78
33.16	51
34.33	131
34.06	116
34.04	90
47.63	43
36.3	138
36.84	57
33.94	130
35.9	53
35.26	126
35.24	134
35.31	211
36.65	126
54.41	10
34.63	68
34.21	111
52.58	13
34.53	136
34.42	104
33.18	131
33.08	122
36.13	131
34.37	68
34.36	85
34.95	87
35.03	106
35.68	63
34.34	132
34.5	48
36.24	106
34.1	81
33.74	131
34.85	132
31.68	138
34.86	70
33.74	135
33.9	125
31.13	14
33.06	64
32.2	61
34.24	120
33.29	101
34.04	105
32.23	127
32.85	30
35.56	136
34.52	65
34.89	134
35.74	106
35.28	143
34.71	256
34.09	135
34.43	137
51.74	4
34.83	131
52.89	9
37.3	97
35.66	132
37.17	101
34.52	120
37.93	85
37.71	96
38.43	86
38.21	81
38.47	64
33.5	138
35.19	72
34.28	130
34.9	140
36.29	124
52.85	4
35.31	135
35.45	57
35.14	118
35.67	131
35.08	232
34.72	141
35.93	66
34.21	136
33.22	131
36.6	110
34.38	35
34.54	131
34.67	126
47.36	12
34.61	141
33.45	212
33.18	143
33.94	71
34.36	97
33.39	135
33.3	51
35.98	108
33.07	141
32.98	74
34.03	86
35.32	86
34.26	137
35.04	130
53.42	13
35.04	101
33.54	137
33.04	137
33.7	131
35.1	130
35.42	109
36.09	134
36.45	127
37.22	108
51.68	6
35.4	143
36.82	94
37.07	91
35.06	140
35.6	135
33.48	111
34.04	140
33.53	113
34.24	137
34.47	83
32.71	18
32.22	124
53.14	12
32.45	120
34.07	127
47.97	8
36.22	137
35.81	180
35.69	150
35.2	113
37.63	113
48.89	2
37.63	112
36.98	108
36.26	129
33.71	127
34.46	142
34.32	95
33.63	127
32.69	56
35.88	119
32.94	122
33.29	140
49.16	17
34.5	114
34.48	135
50.85	32
36.58	108
36.86	73
34.18	143
35.78	111
35.98	106
35.6	121
35.07	84
35.8	132
37.42	83
35.39	172
35.83	107
36.3	109
35.76	58
35.15	244
34.2	101
52.68	4
35.04	135
34.25	31
33.93	101
33.46	57
32.9	113
34.85	88
33.47	133
33.91	119
33.26	126
32.21	143
51.93	32
33.97	114
34.99	134
33.15	141
34.45	135
35.41	98
33.79	135
35.02	74
33.29	125
35.66	131
54.5	12
34.86	118
33.35	113
35.17	103
34.75	107
33.7	94
34.57	156
34.76	67
33.98	138
34.41	127
34.44	44
34.47	138
36.23	108
35.53	35
37.23	127
38.14	112
35.65	38
35.56	143
37.72	90
36.05	136
50.02	9
34.89	142
36.33	134
36.24	104
36.65	71
34.6	126
49.15	20
35.81	120
35.9	131
35.19	115
37.51	102
35.57	257
37.32	137
36.46	125
36.22	139
35.96	136
36.66	73
34.88	125
35.65	139
50.7	13
36.06	182
36.6	137
34.37	141
35.47	88
37.06	117
35.79	254
36.22	128
35.59	103
33.6	18
35.72	125
51.67	10
35.93	78
36.02	73
35.34	141
34.7	137
35.14	134
36.33	108
35.12	50
35.03	101
36.6	127
34.44	137
50.97	15
36.09	126
37.12	86
36.67	138
36.17	127
34.81	137
35.96	124
36.51	82
36.05	137
49.9	21
37.39	80
35.57	143
36.5	123
36.55	131
36.72	116
36.38	95
37.66	108
37.31	111
34.89	136
37.4	80
49.67	13
34.71	125
35.51	142
36.87	122
34.38	135
36.44	138
34.25	139
46.92	38
36.35	156
35.12	143
34.63	83
35.95	31
36.74	102
35.5	130
35.37	84
33.78	27
34.19	122
34.92	66
35.32	85
35.69	61
34.94	96
34.6	134
35.67	118
36.04	87
37.38	86
34.67	111
33.59	139
35.6	178
33.56	17
44.66	3
34.29	140
49.11	11
35.14	111
32.43	127
34.68	141
34.63	132
34.27	84
33.23	115
34.27	74
34.98	138
34.4	118
34.35	94
35.17	108
33.44	143
34.86	138
34.01	173
53.36	11
34.99	136
34	121
32.48	21
34.54	127
35.52	105
33.94	241
35.59	68
34.36	126
52.42	1
34.38	112
34.75	193
33.61	140
34.51	126
36.1	65
35.87	121
48.94	55
36.64	134
37.08	91
36.82	151
34.15	127
37.13	81
37.53	121
36.45	97
36.45	92
36.57	81
35.08	88
36.85	128
36.36	86
36.94	127
36.35	197
52.53	19
36.45	49
36.96	93
35.59	121
36.14	44
37.06	126
37.74	117
36.68	81
36.96	120
35.51	121
36.28	134
37.4	111
51.08	8
36.2	118
35.66	196
34.04	242
34.76	230
34.74	98
34.95	126
34.45	136
53.27	11
32.93	143
33.97	143
34.54	141
35.89	138
36.91	74
36.51	84
36.92	113
36.09	121
36.24	135
37.01	105
51.46	12
35.44	137
36.13	134
36.49	117
34.97	92
37.04	129
35.31	138
35.21	122
36.62	62
48.65	22
35.79	96
33.85	141
35.04	104
51.7	6
35.9	136
36.32	101
36.62	127
35.41	96
35.65	133
35.9	105
35.09	134
37.8	51
37.35	112
35.62	95
36.05	104
34.68	77
34.26	100
36.27	83
52.54	3
34.35	131
34.09	121
34.2	128
34.73	111
35.77	82
36.08	202
35.4	100
51.15	36
35.1	34
36.07	119
34.92	145
35.62	105
36.07	74
35.24	129
37.05	113
35.41	137
35.33	108
36.39	130
35.32	136
37.22	75
35.22	111
35.55	69
36.27	120
49.49	5
35.95	113
36.31	118
35.37	133
36.25	43
53.61	11
35.87	110
35.23	133
35.99	75
38.11	113
37.09	95
35.39	106
36.32	103
36.33	140
36.89	95
36.72	78
35.62	131
36.14	106
36.3	103
50.65	28
36.93	58
53.41	10
34.67	59
34	139
33.87	225
34.94	79
32.84	141
35.66	86
32.44	4
34.44	103
33.7	74
35.71	100
36.63	129
35.35	112
32.83	12
34.45	119
37.13	131
34.69	139
35.95	73
35.73	79
50.12	7
36.59	131
34.65	64
35.42	134
35.2	71
33.92	46
35.95	146
35.37	112
34.3	105
35.51	109
34.69	78
33.3	132
34.02	136
34.69	236
34.9	139
33.88	138
50.19	1
35.06	98
34.05	140
33.11	45
32.97	143
35.08	92
35.05	145
35.2	66
36.05	125
35.88	117
35.91	113
50.05	29
35.69	132
35.31	127
35.77	105
37.4	104
35.44	121
34.85	135
36.85	68
33.61	137
36.37	92
35.51	139
35.68	118
49.17	13
36.95	115
35.04	126
35.36	72
34.77	103
33.08	135
34.96	131
54.48	9
31.68	143
35.72	140
36.78	67
35.48	102
34.2	115
36.07	141
35.81	62
53.13	11
34.83	249
35.09	126
33.15	122
34.9	143
35.14	120
33.99	80
35.77	91
35.81	129
50.23	3
35.07	134
36.71	122
37.13	123
35.67	134
35.01	141
48.83	9
36.1	109
35.46	201
34.94	94
35.13	71
33.79	89
34.83	24
34.42	101
33.74	95
34.9	138
33.59	112
34.38	81
51.66	11
35.28	112
34.03	135
34.72	75
34.28	129
36.99	83
34.94	134
33.4	115
36.71	68
34.91	73
34.89	135
34.54	135
35.19	132
36.03	114
34.89	135
34.66	135
35.99	87
35.48	95
35.3	133
52.54	8
35.46	131
51.18	13
34.53	147
36.21	123
32.98	136
33.8	133
36.1	79
33.87	136
33.06	142
33.12	142
36	121
35.11	124
36.32	51
35.65	103
35.27	68
35.58	136
34.1	141
55.23	5
35.59	72
37.4	65
34.64	60
33.71	143
35.04	62
35.42	87
33.94	84
53.27	17
33.68	143
34.29	103
34.65	101
34.66	225
49.01	42
31.8	141
33.27	139
31.84	131
34.09	121
33.42	67
32.76	90
32.9	143
33.93	215
34.07	62
33.64	129
53.22	4
33.57	143
34.57	122
32.69	23
33.81	123
35.73	123
34.42	118
34.22	134
34.78	107
51.02	13
37.51	83
33.15	138
33.8	138
35.18	118
33.81	51
34.5	98
35.03	115
33.92	124
34.69	54
35.44	56
35.76	182
35.68	130
54.53	8
35.59	130
35.4	141
36.43	121
34.76	56
35.27	115
34.95	135
57.43	22
35.88	143
36.71	116
37.28	197
37.74	106
37.47	121
36.19	106
37.19	152
36.48	130
37.42	116
34.02	138
34.8	124
34.61	125
35.46	64
35.51	123
35.03	113
34.06	120
33.04	128
53.53	9
34.21	130
34.94	133
35.38	102
36.35	89
57.53	13
36.1	133
36.05	56
35.8	132
36.22	132
35.8	112
35.41	114
33.1	127
53.66	13
33.54	120
34.33	59
34.47	112
33.64	138
32.2	142
34.95	121
35.33	107
34.61	53
34.87	124
37	174
35.71	105
36.06	92
35.42	60
36.77	107
36.46	60
35.32	116
54.95	2
35.79	152
35.53	116
35.14	112
35.7	79
52.86	12
36.26	65
36.22	135
34.76	115
34.6	99
33.8	143
34.59	88
35.53	133
34.25	140
49	22
35.4	139
36.52	57
36.68	56
37.7	121
34.55	28
47.98	23
34.87	104
33.37	143
33.01	54
34.04	60
31.83	27
51.22	32
32.41	141
34.12	112
33.78	114
34.55	52
33.47	80
34.83	85
34.96	136
34.69	84
51.14	24
33.82	72
34.16	110
35.56	59
34.64	107
34.1	130
33.93	119
35.99	87
34.98	134
36.09	80
34.87	117
36.16	103
52.63	6
35.22	136
35.35	120
38.73	82
35.56	118
35.71	141
35.64	62
34.72	143
33.4	142
35.27	136
34.46	136
35.57	134
35.22	49
52.61	11
34.64	42
34.64	139
33.91	139
51.5	8
34.1	137
35.22	84
34.62	117
33.95	43
33.88	28
33.72	133
34.69	102
35.57	129
35.91	108
35.16	135
35.64	212
36.52	90
34.84	143
53.94	10
36.38	96
36.03	118
35.87	121
36.12	136
36.72	117
35.85	72
35.51	116
34.95	139
36.23	31
37.18	83
48	4
35.37	123
36.25	142
35.22	137
34.07	124
49.48	4
36.07	108
33.6	125
34.66	168
36	131
34.37	136
36.09	95
37.27	71
33.87	66
33.14	114
33.9	256
34.17	45
34.08	29
32.24	16
35.06	105
35.06	134
34.37	102
33.57	135
33.87	38
35.06	192
35.3	50
35.2	99
33.12	127
33.02	143
53.43	14
35.29	135
33.67	133
34.17	110
35.94	66
34.28	114
53.24	11
33.9	134
34.27	115
33.81	128
34.81	131
34.22	126
34.73	71
34.62	84
34.48	114
34.77	128
54.52	12
34.13	77
36.14	100
35.17	85
35.56	139
35.94	104
36.34	92
34.57	120
36.14	121
36.03	84
49.49	22
35.36	123
33.93	120
34.03	125
36.07	113
36.61	139
34.93	122
35.15	88
36.41	76
36.15	140
35.95	123
34.81	31
50.71	31
35.93	53
37.97	142
37.3	53
36.27	119
36.47	122
34.87	124
35.36	153
35.36	88
36.59	94
35.63	218
36.78	108
34.7	120
35.1	197
52.19	11
35.68	124
37.73	104
35.05	58
36.29	138
34.34	140
35.35	33
35.58	139
35.87	40
48.61	15
33.8	128
31.95	2
34	161
32.73	43
34.67	107
34.08	139
34.14	99
34.18	130
34.77	71
33.33	56
34.7	111
32.9	121
53.63	17
35.44	240
34.67	139
36.58	93
34.99	138
36.89	121
35.54	114
34.95	143
35.68	119
36	128
48.43	25
34.09	51
35.27	105
33.64	138
35.01	94
34.57	107
32.79	138
35.06	124
32.9	135
33.43	123
34.34	44
32.36	143
34.13	124
32.36	143
32.11	143
34.05	71
31.34	18
34.74	113
33.77	118
33.7	126
37.15	103
35.34	142
37.85	115
36.12	65
36.6	138
36.32	60
51.05	10
36.81	99
38.09	107
36.26	164
34.52	23
35.51	127
36.7	75
36.36	124
35.81	66
37.65	118
35.22	123
36.6	129
36.14	41
49.78	9
35.92	102
36.29	88
33.86	26
36.84	105
35.46	70
50.12	18
47.76	28
35.29	135
34.67	64
34.97	47
35.55	84
34.58	105
33.81	123
35.19	121
34.84	173
34.06	56
33.89	122
34.41	92
33.18	112
51.9	15
34.77	109
33.22	142
34.17	126
49.26	30
32.63	138
34.83	181
34.84	72
32.72	35
34.39	161
35.31	77
35.4	105
34.65	105
33.22	127
50.94	31
34.52	99
34.29	66
34.43	88
32.73	39
33.48	105
35.24	105
36.54	115
35.06	112
35.83	182
35.17	80
36.47	184
35.92	125
34.41	32
50.24	23
34.01	73
34.41	62
35.41	92
34.43	127
36.09	85
32.48	138
34.26	113
36.52	111
33.91	138
34.96	77
33.58	22
33.71	80
34.31	146
34.91	85
34.33	139
35.41	180
34.33	180
33.38	71
33.31	123
34.23	58
34.68	122
35.15	76
35.19	76
33.12	139
34.6	141
35.09	90
33.95	100
31.95	4
33.35	142
52.88	11
34.28	40
33.39	249
35.94	122
37.3	95
34.8	118
35.75	40
36.54	42
52.18	3
37.72	66
35.75	124
33.71	127
34.61	137
34.62	84
34.75	130
34.93	104
34.66	123
34.81	138
36.41	86
34.67	57
55.68	12
34.04	143
33.65	143
36.38	107
36.79	87
35.22	158
34.91	235
35.84	129
33.95	138
34.77	124
34.62	142
34.4	140
45.66	51
35.65	119
34.74	78
34.11	94
33.99	142
33.78	190
33.19	128
33.44	165
34.89	82
32.92	70
33.25	132
34.66	139
36.79	136
34	134
34.97	129
35.81	237
36.1	148
36	118
35.96	139
100	0
35.22	80
32.82	34
35.11	126
34.39	84
35.14	102
33.04	128
34.34	110
34.41	112
36.07	183
33.7	102
34.75	68
36.05	114
35.66	135
35.3	137
35.2	69
35.25	238
35.81	81
55.49	14
36.07	143
35.99	108
36.22	67
41.64	238
35.36	76
37.42	103
36.53	101
36.14	119
35.3	137
34.91	53
34.33	143
36.42	66
34.67	19
31.98	141
36.65	67
33.17	141
32.71	214
49.53	31
33.62	137
35.1	160
32.95	42
34.67	83
34	136
36.21	124
34.47	70
32.99	135
35.04	134
33.47	130
33.73	136
34.07	112
33.07	138
33.21	136
35.34	91
35.29	186
34.57	76
33.65	75
34.2	111
34.11	139
36.03	126
35.28	71
32.58	143
35.53	134
34.68	24
34.05	141
34.23	133
33.25	143
35.51	141
35.64	86
36.28	132
34.98	121
35.9	142
33.27	80
34.85	93
34.46	121
35.18	109
50.08	12
34.68	117
35.33	143
35.47	75
34.78	105
34.84	57
34.65	122
33.33	132
34.29	121
33.6	111
47.11	22
33.43	141
33.77	89
33.4	127
34.24	136
33.46	129
34.71	85
34.28	106
35.49	131
34.93	110
33.9	41
35.58	119
35.91	124
34.15	108
33.96	120
33.45	131
34.41	81
35.22	67
33.62	113
34.7	98
34.3	84
34.59	138
32.96	143
35.53	107
35.29	64
35.04	126
53.76	8
35.15	111
35.5	90
51.96	10
36.69	139
35.06	135
36.36	79
34.58	127
36.05	121
34.41	134
35.84	95
36.14	127
34.85	137
33.41	43
34.14	139
35.44	134
35.67	128
34.7	138
35.48	118
35.28	60
36.2	123
36.25	103
34.34	68
35.77	110
36.17	166
36.79	104
36.02	88
53.86	3
34.56	56
35.69	116
35.43	105
34.89	117
35.84	118
37.36	97
34.36	135
36.23	93
55.27	6
34.35	110
34.13	128
35.03	90
35.29	124
35.5	68
35.37	186
34.42	134
34.76	76
34.01	75
33.67	111
35.32	134
49.53	23
35.07	218
34.57	37
35.6	71
33.09	64
34.33	78
35.85	85
34.01	114
33.47	123
34.83	149
34.29	140
34.33	134
34.71	119
33.82	137
35.46	138
35.13	194
35.18	117
33.8	111
49.1	25
34.73	219
34.1	86
35.16	116
35.91	83
33.46	141
33.74	130
35.37	186
34.76	76
33.6	111
33.64	79
35.32	134
50.09	23
35.07	218
34.35	37
35.48	71
36.33	128
35.39	131
35.63	70
34.12	79
36.54	164
35.26	135
35.98	126
55.21	11
36.67	126
35.63	94
35.23	101
35.89	93
35.16	106
34.69	143
35.69	187
47.55	34
35.27	136
34.63	114
33.84	88
35.32	91
36.5	143
35.58	129
36.3	113
36.24	127
34.84	22
53.09	4
35.94	133
34.59	18
36.43	128
36.36	255
35.9	130
37.15	107
36.11	130
36.32	93
34.44	130
35.65	133
35.89	141
50.84	17
35.39	114
37.65	93
33.68	60
37.62	73
33.41	125
34.64	100
35.11	180
33.92	142
34.54	56
33.88	108
34.54	104
34.62	249
33.58	112
35.65	191
35.15	114
34.94	208
34.16	142
34.43	241
35.47	135
35.23	107
35.03	132
34.61	142
53.63	9
37.22	114
36.2	74
36.01	112
36.08	166
35.13	71
35.61	160
35.65	73
35.22	75
34.94	98
33.52	126
34.58	131
37.77	91
36.05	90
35.21	71
35.83	160
35.27	97
34.18	65
36.2	75
35.76	194
35.29	81
34.54	97
35.18	108
34.67	141
33.67	140
35.09	134
53.9	22
33.89	37
34.81	130
35.83	119
35.36	60
32.89	7
36.35	74
34.74	126
35.49	141
48.39	26
35.66	137
36.38	95
34.23	125
35.6	73
35.54	125
49.14	14
36.4	94
35.03	141
34.1	118
35.47	71
35.11	143
34.62	130
34.55	142
35.19	191
34.21	135
53.63	12
35.35	147
35.35	111
34.08	112
36.98	109
33.42	141
35.68	124
33.17	6
35.9	78
37.88	87
37.48	80
35.01	3
51.89	45
37.63	93
35.31	126
35.81	125
35.67	109
37.56	104
35.77	83
37.51	94
37.45	86
36.87	129
36.32	121
37.11	103
36.84	108
36.03	141
46.68	58
35.83	143
36.09	130
35.17	87
35.49	93
34.68	48
35.22	100
34.13	113
32.73	18
34.75	132
35.92	107
34.43	143
35.65	140
35.33	141
37.37	152
36.81	125
35.12	127
36.21	38
35.06	70
35.47	196
35.24	142
35.69	45
56.64	12
33.38	102
35.5	111
35.05	89
34.48	140
34.94	134
47.54	27
35.93	187
35.82	223
33.75	141
32.79	44
36.93	85
51.44	13
35.96	141
37.52	70
35.51	111
37.4	71
37.11	89
35.83	137
37.86	99
36.28	113
33.52	140
35.08	95
35.59	111
32.69	138
35.31	101
50.38	17
33.7	112
34.33	143
34.75	104
36.25	130
36.71	96
37.81	107
35.31	107
48.66	2
34.32	140
35.32	115
34.75	125
45.09	38
36.58	129
36.66	161
33.77	244
34.29	129
34.5	126
34.29	161
53.45	12
34.1	90
35.9	138
34.19	94
34.71	143
34.2	122
37.38	65
36.3	114
36.76	68
36.7	97
35.37	123
36.53	80
35.1	111
36	71
34.22	64
48.13	11
35.42	96
34.5	159
34.98	139
35.63	116
34.64	54
34.82	107
52.15	14
35.34	209
33.28	63
33.12	61
34.17	123
50.16	9
35.77	135
37.76	78
35.5	86
34.31	137
36.89	126
36.02	89
35.72	60
36.6	117
35.51	51
35.4	86
35.78	123
46.13	33
34.77	110
36.31	194
37.17	103
35.71	140
35.38	121
33.69	141
54.22	36
34.33	141
33	119
33.06	111
33.02	135
32.61	101
33.44	133
33.94	135
33.92	115
34.69	78
34.06	141
34	84
34.75	83
34.67	76
34.67	138
34.09	115
36.13	123
33.27	136
35.43	67
35.09	122
34.37	128
35.74	118
34.74	108
34.24	63
34.25	118
36.21	96
34.73	127
34.03	131
37.08	93
35.26	96
33.32	94
33.84	132
32.75	114
34.27	96
33.11	142
33.99	87
34.25	129
35.29	126
34.51	214
34.25	132
33.15	36
34.89	106
35.39	79
35.33	91
34.74	135
36.1	134
35.27	113
35.43	89
34.44	36
55.15	13
35.73	142
36.48	126
37.27	73
37.17	89
34.83	112
48.49	5
34.86	19
35.2	62
35.8	121
35.65	117
51.79	22
34.76	106
34.79	134
34.76	141
36.92	134
35.16	141
33.83	134
34.06	124
34.8	130
35.63	117
34.43	119
34.67	175
48.1	32
33.95	101
34.91	141
34.76	114
33.96	65
33.64	140
33.57	138
35.04	111
35.88	137
35.08	111
33.57	138
33.97	118
32.83	13
34.64	175
34.74	144
32.95	196
34.23	101
34.96	123
34.17	152
33.96	141
35.22	135
35.51	131
49.52	15
34.54	112
34.18	67
34.06	117
36.07	85
35.11	83
51.62	12
34.02	140
34.67	130
32.75	139
34.97	132
33.32	126
34.03	97
34.63	60
34.97	130
35.24	46
34.38	51
35.84	66
34.94	119
34.07	102
34.16	111
34.94	95
35.18	108
33.97	139
34.51	136
52.13	21
33.9	60
33.67	46
34.78	99
33.22	143
33.57	141
34.2	215
35.2	153
35.22	112
33.79	135
34.24	130
34.95	130
34.13	108
50.95	18
34.92	105
34.69	122
33.35	36
34.33	103
35.22	101
33.97	131
33.86	109
48.61	30
33.59	140
34.14	133
33.29	131
33.79	91
33.54	120
33.66	67
33.08	102
34.37	89
32.81	123
32.9	143
33.43	109
34.67	60
34.67	61
33.57	28
33.06	46
35.58	138
35.07	135
34.35	122
33.48	138
34.49	130
34.07	141
34.27	116
34.83	102
34.68	78
33.84	62
34.25	113
33.42	35
34.44	81
33.44	85
35.44	112
37.08	107
34.56	91
33.41	143
35.02	129
34.47	117
35.35	80
34.99	138
34.36	176
37.13	99
37.3	121
36.06	100
35.2	94
35.41	224
33.88	8
34.72	143
47.98	12
34.5	142
34.93	143
35.63	117
35.77	142
34.9	73
50.05	15
34.1	81
34.1	70
34.54	76
33.79	117
35.19	73
31.81	8
32.92	19
34.25	107
34.03	152
35.77	37
32.37	12
33.86	138
33.59	117
52.01	21
35.6	116
33.55	71
33.53	257
34.25	146
35.39	108
52.26	30
33.53	138
34.94	67
34.65	166
36.1	76
34.95	96
35.86	128
35.34	137
34.57	76
33.57	75
34.19	131
34.44	24
35.51	134
50.41	23
35.2	219
35.03	137
34.39	119
34.11	139
33.31	100
35.23	70
33.67	130
31.05	122
33.39	76
33.88	118
35.3	137
35.63	134
34.64	128
32.56	19
37.12	105
49.67	11
49.73	3
36.04	95
36.25	130
46.56	11
36.86	131
36.76	143
37.45	78
35.41	229
34.12	163
33.25	36
34.54	73
34.31	145
35.53	94
35.44	141
33.74	22
35.9	122
34.16	123
35.27	115
36.1	36
35.41	40
35.37	53
35.54	139
35.22	97
36.87	102
36.94	75
35.64	132
50.14	6
36.53	130
33.21	67
32.18	133
35.46	135
33.76	126
33.19	127
34.38	132
34.21	124
35.66	72
33.82	73
33.67	77
33.83	102
34.88	142
34.58	138
34.57	165
32.57	34
34.8	103
33.69	81
33.46	78
33.75	82
33.57	127
36.11	59
54.72	21
34.58	50
34.49	131
34.65	134
35.95	113
35.51	113
36.27	102
35.95	72
33.17	5
33.49	138
34.47	109
34.45	77
35.68	126
31.52	12
35.62	135
32.82	134
34.95	55
34.21	159
33.74	76
52.04	14
35.05	66
34.36	247
33.72	131
31.95	15
34.76	49
35.24	129
32.64	138
33.83	58
33.35	141
49.35	7
36.49	51
37.31	116
36.27	60
50.71	23
35.56	119
36.73	132
36.78	123
35.22	223
36.29	96
33.91	94
34.98	58
53.15	13
34.15	125
36.8	134
34.26	143
35.09	168
34.36	231
34.66	129
36.76	67
30.63	9
33.63	133
34.1	25
33.59	114
33.63	129
34.06	140
34.08	61
35.03	137
35.36	83
35.75	120
34.71	137
33.53	122
34.83	105
34.12	86
33.79	127
34.58	78
34.52	190
49.69	29
34.6	138
33.93	126
34.53	110
33.49	118
34.19	107
34	140
36.14	132
34.27	78
34.95	122
36.94	137
34.68	75
35.44	122
35.21	181
34.51	104
35.7	109
32.8	44
36.06	97
34.98	91
34.48	97
35.92	121
34.16	136
35.31	139
33.4	142
33.88	92
34.18	106
33.9	67
35.5	82
36.19	65
34.72	89
33.45	122
31.09	16
34.62	135
34.83	106
34.8	107
33.75	116
33	66
52.38	14
34.74	58
35.07	142
31.18	19
34.63	119
35.17	73
35.68	119
35.98	118
34.95	108
36.92	84
36.16	193
35.85	141
49.95	42
33.72	17
37.71	80
36.7	141
33.99	116
34.5	193
33.36	67
34.13	135
33.2	133
34.45	57
35.25	103
35.55	104
32.68	61
33.26	99
33.92	11
34.76	134
36.04	83
36.14	133
34.76	114
35.48	67
46.54	14
34.63	48
35.27	69
34.95	108
37.31	112
35.5	63
35.95	72
33.35	142
36.36	83
36.56	80
36.53	114
35.94	119
35.57	122
48.98	8
33.24	35
33.59	94
34.61	63
34.68	107
33.84	114
34.41	132
35.66	96
34.17	33
52.54	29
32.58	103
51.81	13
33.86	129
33.42	143
35.09	236
35.23	85
33.17	57
33.35	141
35.45	109
34.51	86
34.58	121
37.06	69
36.74	131
36.74	134
38.58	82
52.09	17
36.83	135
35.87	104
34.93	134
36.7	76
36.63	76
51	17
36.2	107
34.35	132
32.93	27
35.56	73
34.97	103
35.84	96
32.58	137
33.36	133
35.63	156
34.24	139
33.46	114
35.99	112
47.74	10
33.01	136
34.16	73
34.61	83
35.76	57
35.34	160
35.71	87
36.38	100
35.86	129
35.98	105
35.49	194
35.23	105
35.49	136
35.19	133
55.53	11
34.01	137
33.96	136
33.96	90
33.46	129
34.37	116
34.07	89
34.04	124
34.4	90
53.44	11
33.72	95
35.46	108
34.29	140
35.62	130
34.99	10
35.72	119
36.56	127
35.28	135
36.27	119
36.66	128
35	136
35.24	137
49.07	23
36.28	93
35.46	100
36.87	108
36.31	55
35.5	123
35.19	114
55.54	11
33.45	140
34.87	133
35.6	70
36.59	97
36.71	133
34.97	132
54.57	7
35.88	139
35.65	132
35.07	75
36.34	114
35.13	127
34.75	143
34.41	91
35.85	92
33.33	133
35.18	69
35.59	70
34.4	204
34.56	113
34.76	96
34.25	83
33.91	135
35.68	125
34.77	128
36.67	75
36.04	135
34.34	142
35.17	128
33.21	131
37.01	87
54.56	6
35.1	102
35.38	116
34.57	143
35.7	118
35.92	106
37.04	139
35.29	199
35.09	126
36.06	104
34.95	178
35.9	132
37.65	90
35.37	103
35.92	114
35.14	114
34.11	64
36.37	119
35.47	120
35.33	143
49.94	11
35.06	186
34.15	115
34.35	72
34.26	128
34.72	94
34.09	102
32.39	134
53.67	11
35.52	104
34	102
33.1	112
34.16	108
34.89	137
34.86	134
33.63	229
34.38	136
34.8	59
31.96	19
35.8	232
34.43	136
34.72	140
34.48	159
35.52	139
33.83	142
37.34	107
55.54	14
34.71	124
34.87	101
34.16	57
36.93	107
35.73	142
35.54	107
36.4	75
35.24	135
36.13	123
35.59	137
35.45	71
53.54	12
34.79	51
35.49	133
34.78	129
35.04	65
50.27	8
34.65	131
33.62	129
33.76	116
33.45	136
35.09	91
34.56	131
35.84	99
35.62	77
36.66	111
34.79	132
35.73	201
36.24	102
35.73	129
35.68	60
50.59	2
35.25	29
37.15	152
35.49	176
48.31	6
35.86	113
35.59	139
37.22	127
35.69	89
36.63	116
36.18	135
36.92	102
35.83	128
36.14	132
36.73	82
35.58	85
34.7	143
36.66	105
35.69	123
36.38	117
35.78	94
47.66	7
37.27	99
35.11	101
36.43	98
35.36	256
35.09	112
35.11	107
35.02	103
36.04	75
33.97	121
34.75	101
35.96	172
36.25	115
33.74	252
35.21	70
34.16	113
35.03	126
33.79	67
34.13	107
34.31	133
32.45	33
33.67	122
32.64	109
36.09	57
33.57	37
35.09	131
34.85	122
34.17	122
34.37	133
54.22	8
34.59	135
34.18	131
34.33	142
34.53	107
32.84	47
34	105
35.23	110
34.65	122
35.48	124
32.7	131
35.46	110
33.86	108
35.46	103
35.61	113
34.19	82
32.71	83
33.9	140
36.12	71
34.26	117
34.26	138
34.58	134
32.94	141
33.63	125
36.77	199
35.74	128
33.79	30
35.49	96
34.97	57
49.36	5
35.12	121
34.22	126
34.2	72
34.59	218
36.58	96
34.69	141
36.1	143
35.43	138
36	138
34.71	61
35.19	143
52.6	16
35.33	118
35.81	127
35.8	122
32.96	32
35.17	104
51.64	14
35.31	133
34.88	108
33.94	115
35.17	68
34.51	139
35.42	85
33.69	119
33.21	139
34.88	120
34.74	107
33.98	135
32.49	133
33	132
50.43	10
33.29	138
33.6	68
36.4	105
36.12	112
51.77	19
35.09	121
34.8	140
36.01	87
35.38	92
33.92	89
35.81	82
34.19	110
51.84	19
35.45	111
34.47	129
34.57	156
34.19	95
34.71	42
35.67	112
33.85	131
34.35	122
34.9	106
34.72	73
35.62	90
36.44	55
36.24	114
35.76	136
36.89	127
37.18	123
36.7	115
61.69	20
35.41	138
35.65	136
34.98	108
36.29	129
36.15	142
37.06	124
35.05	141
36.6	90
36.4	101
45.93	18
35.3	104
35.07	107
51.31	14
34.33	136
35.58	181
34.76	118
35.86	112
33.51	110
34.06	137
33.91	138
33.2	122
36.43	142
35.05	122
36.71	134
36.8	118
50.51	5
36.29	28
35.26	26
36.86	116
35.98	61
35.62	114
33.69	27
33.59	48
34.45	147
33.96	123
33.2	46
34.88	66
34.24	140
34.07	112
34.67	92
34.98	66
51.56	19
32.84	84
35.46	134
35.68	28
36.34	92
34.94	135
34.49	228
33.99	218
35.89	206
35.4	128
35.68	111
53.31	17
33.27	67
33.92	128
34.11	137
33.59	128
33.11	139
34.67	109
34.07	140
33.47	138
35.7	112
34.84	110
34.5	140
55.69	8
33.27	9
35.38	124
34.13	112
36.77	87
31.84	6
35.6	122
35.79	73
35.03	137
57.31	18
35.41	113
34.68	142
36.07	132
36.43	64
34.88	21
35.45	76
36.68	135
35.16	146
36.36	84
35.79	192
32.77	40
34.79	119
35.89	113
35.17	233
38	101
35.64	98
34.91	69
36.14	89
33.35	133
35.11	126
34.11	105
34.24	137
35.32	126
32.38	141
36.2	96
33.62	125
35.09	136
34.91	56
35.02	89
34.09	140
35.81	66
33.4	142
34.04	65
35.63	138
34.24	135
33.15	59
33.24	56
34.36	109
36.03	81
33.64	138
34.92	78
34.46	26
32.64	101
33.18	135
34.59	130
53.52	12
35.03	133
34.31	132
47.36	26
33.59	142
34.75	107
32.89	104
34.12	205
48.22	32
32.52	44
34.73	52
32.83	232
34.73	114
34.26	63
52.77	14
35.07	81
35	106
34.83	64
34.07	256
34.82	76
35.35	101
34.6	113
34.46	141
34.68	72
35.24	131
35.68	106
34.01	133
53.53	8
34.97	161
34.45	142
33.21	133
34.69	57
36.92	75
35.81	230
34.86	134
35.71	133
36.15	113
56.29	7
34.04	33
32.85	134
34.43	140
36.07	41
34.44	67
32.95	53
32.56	117
30.77	141
33.99	107
35.84	109
33.9	143
32.13	23
34.02	88
49.07	31
35.03	105
32.64	143
33.26	76
33.01	81
33.31	118
34.24	81
33.64	133
51.15	21
33.28	53
32.76	87
32.91	39
34.6	142
36.88	113
49.17	24
33.72	119
34.8	140
33.21	142
35.06	56
34.97	132
35.93	56
35.16	114
34.23	124
34.84	96
35.39	132
33.57	70
34.65	131
36.05	154
48.46	22
33.8	118
33.29	134
35.72	143
37.61	120
47.86	28
35.29	129
36.44	122
36.48	98
33.44	117
37.36	121
47.26	30
37.01	93
48.97	11
35.74	113
37.1	106
36.63	117
49.9	1
35.57	127
36.7	189
35.84	141
36.4	137
37.22	81
35.52	91
34.39	106
33.99	256
32.9	127
34.64	86
33.2	135
33.72	141
33.85	94
48.78	27
34.24	138
33.36	123
33.78	140
34.2	55
34.41	104
33.57	130
33.66	138
34.57	81
42.41	104
32.92	129
33.82	121
35.31	70
34.74	141
34.35	140
35.88	123
35.48	128
37.81	101
48.38	7
35.9	134
39.44	93
37.4	96
55.63	13
33.95	140
35.05	95
33.5	99
36.93	111
33.92	136
33.9	129
35.72	96
34.74	122
34.54	132
34.39	62
33.34	140
34.81	113
34.51	140
34.21	132
33.98	74
34.14	127
34.42	136
34.42	136
33.45	128
35.42	138
35.27	134
35.04	126
35.38	132
36.48	110
35.45	99
50.24	28
35.74	78
35.39	141
33.68	45
34.57	76
35.71	77
44.99	12
35.71	77
35.71	77
35.71	77
35.25	133
34.61	132
35.46	129
35.71	77
33.16	140
34.44	134
33.65	143
34.61	37
34.32	141
36.32	129
35.41	102
36.45	114
33.2	119
43.29	1
36.08	105
37.79	87
35.26	116
35.79	124
36.24	103
35.63	76
35.29	136
50.53	6
33.32	128
35.05	131
34.3	67
34.22	83
33.42	126
33.82	115
32.56	133
33.4	100
31.69	132
33.13	110
35.09	79
33.96	68
34.87	155
36.18	89
35.41	123
33.55	51
35.51	129
34.88	44
33.97	73
52.6	23
30.34	8
32.14	85
32.91	130
33.78	70
33.88	116
54.12	22
34.11	143
35.12	130
33.75	98
34.61	139
34.27	139
34.81	142
33.96	92
33.81	134
32.84	143
34.59	139
34.05	119
34.71	117
34.97	157
34.21	120
33.74	161
33.09	150
33.85	147
32.9	146
32.67	155
33.33	158
35.23	88
32.26	158
33.38	145
32.85	152
32.87	132
36.61	94
34.82	139
33.95	151
33.83	147
34.34	150
34.47	59
34.49	139
32.59	153
34.03	126
33.26	121
33.43	146
34.1	152
34.49	154
34.24	152
35.12	126
33.38	107
34.1	120
33.98	140
35.05	130
34.81	61
34.8	158
35.01	141
34.86	68
33.26	161
35.27	86
32.83	151
35.51	102
32.53	156
34.37	159
35.96	59
49.64	41
49.67	41
33.81	154
34.13	35
34.52	88
33.7	134
34.48	136
33.58	118
34.02	118
34.81	90
34.95	136
33.13	149
42.95	139
31.85	154
33.6	127
34.22	101
34.22	101
34.28	138
33.93	136
36.2	125
32.86	146
35.26	129
33.55	154
35.42	122
33.68	78
36.03	147
34.93	96
34.32	144
34.24	16
36	110
34.72	123
35.76	75
33.19	158
33.96	291
33.33	102
35.05	130
32.74	112
33.96	291
44.77	5
33.33	114
33.96	146
33.93	153
33.58	154
35.28	124
34.23	123
35.99	139
33.45	153
34.45	158
33.25	155
33.81	159
35.52	115
35.32	134
36.82	126
50.8	18
33.81	134
33.49	139
34.71	144
34.76	144
50.05	34
35.35	127
34.37	90
35.23	147
36.18	125
34.72	142
34.51	152
35.03	85
33.46	152
35.1	151
33.21	161
34.12	106
33.32	159
34.69	150
34.85	94
34.12	161
33.73	147
33.61	112
34.55	112
33.98	87
35.9	58
33.77	139
34.49	143
36.5	118
35.14	125
35.57	166
35.96	163
35.27	148
33.88	142
36.51	124
35.18	138
34.97	119
32.33	139
32.99	111
35.24	269
34.21	147
32.99	154
32.96	155
33.96	107
31.93	147
45.38	14
45.48	57
34.99	125
33.62	161
35.63	159
36.59	122
35.14	159
35.12	122
33.28	161
33.75	135
33.6	161
35.1	134
35.8	71
37.19	120
34.81	139
35.9	116
36.27	101
35.42	65
35.78	130
33.52	152
34.84	151
32.4	155
33.68	140
33.4	155
35.07	127
47.93	11
47.39	24
34.34	270
34.57	131
33.47	139
34.13	152
35.86	119
35.13	149
35.88	91
35.12	123
46.75	27
35	147
34.7	130
33.62	122
34.38	188
33.59	140
34.1	317
35.13	105
35.38	134
35.94	197
36.43	120
34.81	162
33.35	98
33.55	157
36.19	101
34.45	142
33.82	139
33.74	154
34.33	140
33.45	146
35.19	105
33.98	147
33.55	142
33.67	140
34.75	151
34.2	77
34.14	75
34.46	131
31.99	24
33.09	144
33.15	152
31.01	16
34.54	89
33.41	156
33	161
34.95	112
33.17	161
35.23	124
33.97	117
33.2	136
34.16	97
33.7	151
33.89	82
35.26	159
33.15	158
33.67	101
41.92	10
31.66	10
33.77	125
33.12	35
33.6	145
33.24	141
33.12	136
34.01	155
34.11	122
33.34	136
32.83	156
33.45	136
33.72	114
34.09	87
33.77	150
34.53	65
33.39	154
35.26	122
33.73	154
33.31	156
46.98	16
35.11	115
32.61	161
32.32	161
31.84	158
33.51	157
34.18	142
36.29	101
33.57	129
36.09	134
35.71	87
34.88	104
32.59	144
34.21	129
35.26	121
32.91	157
34.57	145
34.25	142
36.41	100
34.82	116
