sim	len_diff
35.12	145
33.42	136
33.61	26
33.97	144
34.83	149
34.45	267
33.67	149
36.33	92
34.68	135
33.58	138
33.91	149
34.19	146
33.03	147
33.82	133
34.2	139
35.08	134
38.11	80
36.19	102
35.73	151
33.33	149
34.75	133
34.44	112
35.44	141
35.66	91
36.6	104
34.57	144
34.34	146
32.95	144
34.17	115
33.76	146
34.86	96
36.15	91
33.95	129
33.95	129
32.25	147
33.51	134
34.52	85
34.52	85
33.66	120
33.52	133
32.82	129
35.05	117
33.93	123
32.71	148
34.06	119
35.22	115
33.83	149
33.27	133
34.96	137
34.31	49
34.31	49
33.77	140
32.57	119
33.22	147
32.39	149
34.3	127
34.27	128
33.61	151
32.16	152
35.11	129
35.18	133
32.56	152
32.86	148
33.08	148
33.92	81
35.46	97
33.32	152
33.21	135
36.36	119
35.56	76
34.37	135
35.06	237
34.09	126
33.23	134
34.79	255
32.73	134
34.74	138
33.95	91
34.55	135
32.97	143
34.69	145
34.72	144
34.97	122
33.32	148
32.62	41
35.29	145
35.76	104
33.89	132
36.7	110
34.88	99
37.57	91
36.35	107
31.98	150
34.99	101
34.1	129
34.1	129
34.71	123
36.24	78
35.75	102
33.99	109
33.92	152
33.93	138
34.97	123
33.72	128
35.27	151
34.52	144
36.42	119
34.78	151
34.31	147
34.62	149
33.77	62
34.81	114
32.94	142
33.52	137
34.25	127
34.54	88
33.73	142
33.74	128
34.71	86
33.83	146
33.54	151
35.39	127
34.44	136
34.16	148
33.38	143
34.4	148
36.85	53
34.56	105
34.44	149
32.82	147
33.99	132
33.82	115
33.66	149
32.21	149
33.95	146
33.88	106
32.96	146
33.86	134
34.19	109
31.59	148
33.35	124
30.72	140
32.86	148
33.11	102
35.17	108
32.46	145
33.4	140
33.36	130
34.69	101
36	127
33.63	89
32.6	130
33.2	139
34.09	132
34.46	145
34.74	102
33.01	143
34.18	108
33.55	128
32.67	139
35.63	97
32.45	142
33.14	149
33.8	114
32.33	151
34.1	146
33.21	141
34.27	146
33.48	140
32.92	147
35.25	131
32.54	147
33.22	149
34.21	134
35.82	89
33.08	81
35.83	72
33.49	110
32.86	136
35.21	65
33.61	139
35.83	99
33.98	129
34.2	124
36.54	88
32.92	143
34.32	148
33.66	132
34.19	102
33.09	124
33.84	147
34.14	115
32.61	149
34.18	127
34.36	124
34.3	111
33.94	140
35.81	118
35.1	136
35.76	152
34.63	109
36.85	138
35.23	132
33.76	140
33.85	142
35.32	139
34	150
34.56	117
33	145
34.2	137
32.87	120
32.89	147
36.09	119
32.85	145
32.77	143
32.77	143
33.63	143
33.65	144
33.78	45
34.99	51
33.93	135
32.37	145
31.32	144
33.13	137
32.33	143
34.1	124
32.83	137
33.21	112
34.02	125
33.1	149
33.68	131
33.96	118
33.68	131
31.45	151
34	257
35.54	76
33.63	114
33.97	121
34.83	94
36.79	85
34.29	120
32.22	132
33.53	138
31.34	151
33.67	125
32.51	144
35.12	82
32.61	138
34.42	119
33.78	100
34.58	139
32.37	144
34.36	135
33.8	117
33.89	120
32.9	146
33.35	146
34.15	131
31.89	150
34.16	121
34.86	133
32.89	139
32.9	148
34.49	100
33.2	151
34.35	111
31.74	152
34.08	144
31.93	124
33.7	126
32.16	150
36.18	96
34.59	141
36.68	77
34.59	132
32.82	122
33.83	136
34.55	62
34.37	147
33.84	304
33.44	147
31.61	150
33.86	136
36.57	119
36.35	102
33.27	150
35.89	115
32.85	111
34.08	149
34.52	143
34.21	135
34.86	139
33.93	117
32.64	142
33.48	106
36.12	121
33.74	145
33.79	135
33.79	135
34.85	101
35.16	123
34.86	133
34.18	151
34.17	151
35.2	142
34.13	132
35.84	129
35.36	124
36.63	94
34.35	136
33.76	121
34.1	148
37.9	133
32.75	146
33.01	149
32.72	152
34.54	149
34.61	110
32.87	150
34.01	149
35.61	102
37.01	111
37.77	77
33.32	147
34.22	136
34.25	105
35.95	125
36.68	146
33.73	140
35.5	91
34.1	138
37.56	73
36.25	150
35.6	132
34.07	152
33.67	141
35.76	114
34.02	141
36.5	122
37.63	95
33.59	145
33.23	146
37.41	65
34.12	147
35.37	89
36.44	201
33.28	151
32.01	141
37.9	127
34.5	151
33.28	156
34.01	100
33.7	106
32.66	239
33.69	109
34.3	79
32.89	111
32.25	27
35.67	209
33.3	132
36.18	100
35.75	230
35.97	123
35.26	124
34.8	118
35.15	123
34.75	118
35.97	76
35.77	89
36.35	157
33.73	133
34.99	138
33.56	117
34.37	133
35.18	93
34	149
34.76	103
33.88	134
33.9	163
34.45	71
33.81	77
33.79	109
34.24	86
33.88	121
31.97	128
33.06	133
33	119
35.09	235
33.72	125
38.09	50
37.52	155
35.34	91
35.6	238
37.32	161
36.57	46
36.52	119
34.01	102
35.46	243
37.96	66
36.14	131
36.99	128
37.24	115
35.6	112
36.53	74
37.09	117
34.71	125
37.04	115
37.7	88
37.81	96
32.84	119
32.25	92
33.17	66
33.87	181
34.16	151
33.55	47
32.73	120
34.62	123
34	88
33.61	83
33.49	115
32.83	105
34.66	166
32.49	53
33.49	87
34.38	76
31.49	17
35.6	117
34.43	127
33.34	239
36.55	70
36.02	68
35.51	101
36.52	55
35.15	81
37.61	97
36.57	103
36.03	121
36.63	114
36.01	120
34.8	131
35.14	126
36.08	126
36.95	89
36.87	90
35.75	176
34.94	123
35.9	64
37.5	45
35.23	125
34.29	101
33.46	230
32.91	111
34.32	132
34.15	221
34.69	119
33.49	132
34.45	118
35.97	120
34.07	129
35.64	134
35.67	103
37.05	119
35.42	100
35.36	130
33.73	128
37.07	91
36.21	124
35.25	99
36.67	105
34.53	116
33	119
33.17	65
32.43	49
34.02	166
34.13	128
32.94	46
33.15	119
32.68	135
34.18	65
32.34	116
33.94	108
34.75	134
31.49	37
33.04	49
33.6	167
33.39	48
33.43	114
33.31	109
34.42	77
36.4	91
34.03	41
37.17	119
33.7	135
37.4	137
36.84	47
35.53	238
34.3	125
35.88	176
36.31	129
31.61	130
34.51	108
35.45	151
33.9	135
33.63	64
33.59	106
32.23	104
35.36	94
33.31	103
33.88	177
35.76	61
33.8	121
36.55	128
38.17	102
35.67	128
36.33	129
37.74	86
36.71	89
35.77	125
35.65	130
33.34	133
32.04	125
32.68	130
34.93	99
34.28	166
35.36	131
34.07	100
33.84	59
33.41	108
34.84	59
34.27	130
34.27	130
31.67	10
33.89	110
34.61	71
34.76	238
33.53	99
33.73	69
32.93	87
32.01	46
36.9	122
35.91	121
37.06	32
37.74	136
37.67	92
39.06	70
37.34	113
38.01	117
37.08	69
35.08	128
36.89	111
34.48	132
35.17	118
34.75	146
37	92
37.26	127
35.51	205
35.56	91
37.29	70
37.38	94
34.29	85
33.4	119
35.32	103
33.73	135
35	98
34.47	83
34.89	70
33.86	126
33.37	107
34.31	124
37.01	59
36.04	88
35.67	124
37.6	100
35.95	120
36.96	97
36.85	98
37.67	117
36.7	105
36.26	111
33.82	110
34.32	102
34.57	212
33.1	50
33.28	27
34.35	108
32.06	98
34.97	94
34.27	34
33.83	40
37.41	94
37.66	81
35.28	118
36.01	128
33.82	133
34.54	93
36.04	142
35.64	125
35.27	103
37.13	83
35.37	88
35.87	126
34.85	72
33.92	135
34.54	89
36	118
37.22	82
34.55	129
35.14	130
35.5	123
35.78	87
35.24	132
35.89	102
35.59	118
35.2	123
34.63	46
34.97	179
35.6	76
35.37	229
36.43	84
31.73	100
33.14	125
32.82	183
34.2	108
34.78	105
34.59	118
33.63	121
34.6	68
34.22	93
33.1	128
33.34	49
33.18	118
35.69	107
34.98	180
34.24	83
33.97	108
35.14	53
34.09	56
34.66	103
33.63	107
36.06	133
35.58	87
37.78	106
34.91	133
33.89	134
37.09	89
35.36	119
34.63	134
36.56	129
36.71	121
37.78	129
35.76	135
37.5	101
34.35	122
35.74	133
37.42	128
37.06	134
38.25	129
37.27	115
35.72	130
37.16	157
37.5	118
37.43	87
35.69	105
37.23	127
35.75	130
37.05	109
37.62	117
36.09	103
37.81	58
33.08	132
33.55	100
33.97	116
34.53	74
34.53	74
32.31	133
33.37	219
34.81	122
33.38	96
33.67	99
32.37	129
34.54	93
33.51	105
38.03	74
33.56	70
35.91	86
33.45	78
33.18	86
34	131
35.07	53
33.22	127
32.66	236
31.24	126
32.34	77
31.32	103
33.44	72
33.34	124
32.75	123
30.99	124
30.97	124
36.69	56
35.47	119
35.79	124
34.14	134
34.53	115
35.09	120
33.79	118
34.1	95
36.56	126
35.51	98
36.88	125
35.76	134
35.87	115
34.46	134
35.34	120
36.31	126
37.2	117
36.92	21
37.53	116
38.32	81
32.09	29
35.39	142
33.94	64
34.16	160
33.63	105
34.44	111
33.44	56
31.78	78
32.54	120
32.77	115
33.59	135
33.64	118
34.13	77
33.17	129
33.59	99
34.07	103
34.49	101
34.77	129
34.54	208
33.53	126
32.97	120
34.32	152
35.08	203
34.17	242
31.79	63
32.02	133
34.34	41
33.72	124
33.71	102
32.19	93
35.43	119
35.64	125
36.42	98
36.3	109
37.82	128
33.42	135
36.29	120
37.32	121
36.61	113
38.21	111
33.17	125
34.23	75
31.48	17
34.23	204
33.61	89
33.11	134
33.53	93
34.82	75
31.78	135
33.18	45
35.23	95
34.31	36
34.56	54
34.78	242
34.36	45
34.77	44
35.19	92
34.1	225
34.07	135
35.34	180
34.15	121
35.77	76
34.46	105
31.57	7
35.75	79
34.76	130
34.5	209
35.31	86
37.05	98
34.76	71
35.24	46
36.47	100
36.58	90
36.08	126
36.23	77
37.71	86
36.73	140
36.78	85
34.98	125
35.5	119
33.77	58
33.94	61
32.29	44
33.48	95
33.34	154
32.11	118
33.13	80
33.34	135
33.09	117
31.45	129
35.59	100
34.96	114
33.19	135
34.37	129
34.71	72
34.34	134
35.19	77
36.13	67
34.72	134
34	122
39.18	78
38.16	121
38.43	86
37.2	101
38.34	44
38.79	102
38.33	122
37.28	84
36.65	125
35.44	135
35.89	113
35.93	96
36	118
34.56	125
34.73	104
35.12	106
35.43	93
36.45	121
35.71	62
36.56	76
34.3	119
31.48	130
33.11	98
34.45	175
34.17	24
34.6	92
33.06	89
33.75	122
33.44	227
33.34	127
35.46	116
34.21	127
36.18	72
35.3	135
35.72	92
35.58	204
35.91	132
35.98	132
34.72	111
36.78	84
35.88	135
35.1	134
35.9	133
35.28	92
36.63	110
35.72	118
35.93	93
36.42	113
36.34	110
36.59	121
35.15	123
35	123
35.55	0
35.99	100
35.15	132
36.72	83
34.38	242
35.12	94
35.65	120
35.27	133
35.65	94
35.79	135
35.92	130
34.79	114
36.75	157
35.25	135
38.05	99
36.62	105
38.13	104
37.53	137
33.71	133
33.68	106
35	87
33.67	113
36.01	101
34.39	131
32.75	16
34.64	116
34.62	81
33.91	102
34.82	131
36.6	104
34.8	104
36.05	112
35.16	78
36.99	81
37.11	138
39.11	89
35.44	117
36.6	129
36.34	127
34.69	101
35.14	97
34.97	124
36.11	70
35.91	64
36.67	113
37.51	44
37.01	95
34.09	117
34.93	121
34.86	67
36.89	161
34.51	111
34.77	116
34.12	85
33.92	104
35.51	78
33.8	115
35.64	71
34.32	130
33.89	106
34.76	125
34.38	129
34.34	109
31.26	131
33.63	119
34.71	171
33.45	125
35.83	98
33.52	122
34.13	109
34.44	112
32.55	134
35.7	89
34.4	240
33.95	119
34.24	81
33.29	119
34.74	112
34.21	119
34.97	128
35.39	97
35.13	111
32.85	132
33.73	112
35.21	113
33.92	108
33.19	54
34.65	106
36.55	125
37.48	126
36.13	82
37.3	111
37.27	43
36.71	61
34.92	133
37.55	134
35.98	127
36.1	126
35.42	110
35.47	134
34.75	92
34.69	128
34.95	108
34.89	151
36.11	111
35.29	193
35.93	126
33.99	106
32.45	134
33.21	120
35	164
34.77	103
33.96	95
34.99	156
34.32	117
33.65	106
34.07	121
33.32	115
34.43	151
32.26	118
34.95	133
35.3	119
33.38	135
33.38	18
33.99	117
34.64	78
35.23	195
34.37	100
35.52	54
32.66	134
35.26	67
36.82	105
36.57	57
34.37	109
34.48	107
35.62	170
35.18	111
35.27	126
33.9	107
34.64	114
33.84	111
34.41	123
33.61	119
32.63	26
33.69	119
33.85	166
34.8	112
33.32	97
36.06	95
36.37	129
36.34	112
34.1	119
35.62	127
35.37	97
36.3	124
35.09	99
33.9	94
36.35	87
35.3	238
35.44	211
35.37	101
35.25	133
33.74	109
35.56	155
35.93	118
35.75	80
34.83	153
34.41	108
34.92	119
34.12	135
34.42	94
34.25	124
34.01	102
31.84	125
33.93	209
34.88	90
33.89	110
33.89	65
34.12	90
32.86	127
34.67	235
33.59	39
34.19	78
33.49	123
33.65	78
32.21	101
33.53	131
32.79	135
34.81	200
34.19	123
32.57	60
33.73	123
32.25	132
33.7	126
33.11	120
31.52	130
33.52	130
33.66	98
34.75	229
35.72	116
35.14	103
36.29	87
36.04	97
35.89	96
36.7	103
35.5	92
34.95	86
35.74	118
34.91	132
34.62	109
35.12	80
33.93	130
34.26	126
33.33	129
33.71	122
34.5	108
34.63	87
34.71	93
36.85	124
35.82	121
35.75	132
37.09	125
35.31	108
38.2	130
34.92	146
37.13	122
35.16	123
36.93	77
34.56	213
34.28	118
36.23	87
36.42	79
35.11	202
35.8	127
35.88	129
35.91	90
36.14	119
35.41	59
34.75	121
31.41	120
33.38	109
35.75	124
34.1	133
33.38	76
34.62	103
31.79	130
33.92	107
32.27	134
33.89	117
34.98	88
36.68	92
34.19	113
35.71	126
36.03	201
33.41	13
35.93	94
35.15	127
34.87	127
34.92	133
35.61	172
37.04	37
35.82	102
36.37	121
36.16	132
34.99	131
34.18	116
36.63	119
37.25	78
32.88	193
34.32	130
33.88	130
32.96	130
33.6	174
34.76	59
35.38	75
34.1	78
35.2	100
33.83	121
33.59	66
33.42	118
34.69	65
32.59	125
34.39	108
32.25	129
34.27	108
33.47	129
33.77	105
34.44	89
35.92	120
37.77	125
35.62	73
37.86	69
34.22	135
36.14	151
36.41	117
36.16	127
37.04	97
36.44	98
36.32	162
36.31	118
37.06	112
36.64	120
35.92	107
36.94	65
36.45	95
36.65	125
38.18	115
36.2	36
35.13	130
34.89	119
35.75	103
35.81	106
34.1	108
36.67	85
35.94	95
34.7	32
34.22	115
35.61	95
33.13	134
34.68	93
34.45	120
36.08	112
35.97	106
35.18	93
36.04	123
36.67	50
34.57	126
35.35	90
33.19	128
33.05	131
35.76	208
35.31	106
34.75	70
34.76	120
34.55	120
34.12	94
34.53	73
34.97	108
33.36	119
34.36	111
32.26	44
34.14	108
33.75	56
34.91	94
34.4	93
32.69	112
35.2	107
33.6	107
35.24	223
35.64	122
36.66	96
36.21	107
35.2	119
38.02	66
35.52	63
35.42	37
35.78	130
36.02	80
33.5	132
33.61	113
35.91	123
35.32	102
34.37	134
36.51	100
35.72	76
36.38	133
34.57	134
36.1	61
37.5	127
35.4	111
37.06	43
35.25	125
34.88	64
35.5	106
36.29	91
34.48	100
35.73	200
35.88	120
33.45	96
35	96
34.75	81
34.29	134
34.53	105
33.81	131
33.48	120
36.76	123
34.64	74
34.06	26
32.78	127
34.94	104
32.36	67
33.58	128
35.1	122
33.7	124
35.81	72
34.5	99
34.88	126
34.46	120
33.24	49
34.58	111
32.56	22
34.38	117
36.64	95
35.81	113
37.63	81
34.77	89
37.62	211
33.56	129
36.16	102
36.33	104
36.39	78
36.69	109
37.56	84
34.56	132
36.96	212
37.13	125
37.78	103
37.44	119
33.92	131
35.7	89
35.01	123
32.52	61
34.58	94
35.71	241
34.49	96
35.72	119
33.92	102
33.5	102
33.37	106
33.69	237
33.53	131
32.42	102
35.21	243
34.18	119
34.52	91
34.24	73
33.27	102
33.64	76
36.11	138
36.78	114
36.11	138
34.02	133
36.45	112
36.11	138
34.71	113
35.27	167
36.06	105
36.42	50
33.5	133
33.03	103
35.87	121
34.29	65
33.4	112
35.04	111
32.52	135
34.8	132
33.03	135
34.65	50
30.54	10
33.48	84
34.05	68
34.23	85
33.9	97
34.77	147
32.01	123
32.38	131
32.48	109
32.05	68
31.69	98
34.17	106
34.41	109
34.06	101
34.15	198
34.6	72
32.82	113
33.22	104
32.95	97
32.88	87
35.69	74
36.55	44
36.45	89
36.71	102
34.72	102
36.43	128
37.23	41
34.95	120
35.48	82
33.88	3
35.14	127
32.81	21
34.42	106
35.11	134
34.21	135
36.39	90
35.96	115
35.2	91
34.26	110
35.56	165
34.67	135
36.07	117
36.39	98
37.92	115
34.5	110
35.12	202
38.29	137
36.34	57
35.38	107
36.54	70
37.9	99
35.69	98
35.04	134
36.61	103
33.62	35
37.19	86
37.85	79
36.36	127
38.18	51
34.62	107
32.36	114
33.77	82
31.99	134
33.21	66
31.89	19
34.25	96
32.09	116
34.63	72
34.87	99
33.68	97
33.07	59
34.41	94
30.87	133
34.16	100
32.02	134
32.69	131
32.22	126
34.36	73
33.56	54
31.06	31
35.66	122
33.06	123
36.22	102
36.22	110
32.3	15
35.09	72
35.88	105
34.45	229
34.32	108
35.78	129
32.99	226
35.05	113
34.72	114
35.13	202
33.68	135
33.82	101
36.13	82
33.19	109
33.61	79
35.74	133
34.27	99
33.19	131
32.7	100
31.77	79
31.53	15
32.05	52
32.2	35
32.93	93
32.51	119
33.23	134
33	183
31.41	117
33.08	120
32.06	135
33.5	89
34.02	60
32.7	57
32.86	61
31.61	109
34.4	88
34.31	121
34.53	126
35.26	132
37.09	127
34.39	59
34.73	243
34.93	129
35.79	100
35.13	124
36.39	98
37.41	98
35.11	125
37.77	126
37.5	132
37.99	103
38.66	67
39.1	55
36.99	72
37.93	109
36.61	129
36.57	74
35.31	122
34.91	97
35.55	48
36.34	105
36.62	100
36.18	90
36.58	122
34.12	110
33.64	133
36.05	109
35.16	113
34.76	148
35.26	117
34.27	99
33.21	127
34.64	124
35.55	103
33.71	118
34.86	95
33.69	121
31.5	48
34.1	133
33.64	111
34.38	129
33.13	128
32.9	133
33.73	106
33.91	84
33.26	134
31.95	130
33.6	110
34.11	130
32.48	130
34.38	106
32.68	127
32.57	112
33.9	134
35.73	87
33.58	124
36.13	153
35.91	101
36.31	124
36.43	67
35.63	132
35.9	98
35.99	126
36.71	121
38	75
38.56	64
33.94	122
33.58	134
34.19	110
32.24	130
33.78	117
32.75	102
33.33	100
32.96	103
35.1	84
32.56	102
35.27	131
35.5	109
35.53	86
36.5	99
36.27	160
35.31	125
36.01	128
37.1	73
37.43	117
35.03	129
33.08	129
33.27	169
33.25	133
33.29	96
32.77	104
32.94	56
32.93	63
34.91	200
33.49	86
32.49	134
35.06	131
35	108
35.53	127
38.19	80
35.69	51
34.94	125
36.75	108
35.48	81
35.74	95
34.66	132
35.61	124
38.24	100
35.94	125
34.1	49
34.89	126
34.9	240
35.4	117
35.71	107
36.63	135
34	80
35	200
31.7	114
32.86	12
34.49	84
33.75	110
32.19	135
33.17	107
33.72	169
34.73	115
34.43	132
34.2	114
34.17	76
32.68	131
32.77	125
33.4	134
32.58	132
34.14	54
34.55	107
34.74	128
35.37	131
34.23	207
33.99	52
34.25	89
33.2	114
33.47	124
32.93	134
35.54	104
35.31	170
32.13	134
34.74	128
37.92	75
38.14	107
36.44	99
36.29	205
35.94	121
37.35	97
33.63	121
35.92	186
36.39	104
35.71	94
36.92	122
37.1	196
37.01	140
37.35	100
37.98	82
36.91	110
35.27	114
36.6	100
36.87	122
35.5	198
38.65	79
36.65	104
37.14	98
35.78	127
36.38	134
36.88	117
36.86	22
36.68	122
36.32	107
37.01	116
36.31	131
35.39	32
35.59	133
36.14	122
36.65	85
35.81	94
38.91	90
34.93	133
37.97	92
35.75	83
34.44	114
37.79	100
34.91	10
36.44	84
37.13	122
34.75	135
36.98	113
35.92	149
38.47	111
34.82	125
35.48	133
36.38	79
37.21	191
37.75	109
38.26	77
36.99	81
38.13	117
38.2	96
35.48	128
37.48	87
37.48	75
36.8	81
38.15	119
38.49	117
36.67	48
36.98	77
36.14	123
36.36	125
36.63	71
36.63	93
36	105
37.1	135
36.18	98
35.54	112
35.65	133
35.5	123
34.37	120
37.52	172
35.95	113
34.91	135
38.2	116
36.93	82
36.53	99
35.95	74
36.57	101
36.44	113
37.08	68
37.12	117
35.38	60
36.09	78
33.86	129
33.79	104
34.19	135
34.02	125
36.2	81
34.37	129
34.68	115
35.12	91
35.43	119
34.33	143
33.28	107
35.01	102
33.7	84
33.89	45
33.16	92
33.73	135
34.86	124
32.93	32
34	235
32.94	133
34.06	111
34.65	87
33.55	118
34.82	102
33.4	26
33.79	119
32.39	132
33.5	121
34.52	86
32.36	112
33.28	124
34.38	135
33.67	123
34.39	80
33.09	117
34.91	120
35.49	115
34.61	108
34.76	80
33.5	124
34.99	127
36.44	135
35.84	116
37.96	73
35.93	132
35.81	122
36.36	103
37.39	183
35.67	129
36.59	93
35.66	111
37.37	211
36.29	105
35.56	124
38.57	160
35.47	99
35.97	81
34.3	117
37.27	138
35.25	223
36.7	73
36.73	130
39.97	83
36.92	117
36.17	43
37.19	95
39.57	81
37.74	73
36.81	92
38.53	117
32.92	132
33.17	69
32.59	119
34.15	169
33.78	101
34.54	108
34.49	150
34.22	126
31.71	45
34.96	97
37.07	66
36.36	131
37.41	126
38.39	106
38.19	129
37.44	118
35.82	64
36.8	94
35.46	149
36.04	134
33.97	66
34.56	112
35.5	132
37.14	69
36.58	83
36.29	61
34.8	78
34.53	233
34.35	185
35.27	119
35.29	40
37.22	83
37.15	74
34.31	128
36.57	230
36.81	81
36.17	123
36.3	106
34.97	112
35.75	133
34.1	100
33.47	128
35.45	110
33.34	131
33.46	61
34.43	71
34.57	104
32.27	116
34.63	170
35.71	80
36.04	113
37.56	147
36.39	112
36.65	85
36.11	105
37.56	126
35.1	124
36.42	107
34.69	122
36.2	110
36.53	132
35.57	110
38.46	58
36.34	91
36.44	112
36.21	135
36.75	114
38.17	129
37.26	111
36.6	93
37.28	58
37.07	92
35.58	121
34.2	126
34.73	118
36.8	110
36.32	110
35.78	71
37.38	82
36.99	77
36.97	117
36.13	93
34.22	129
36.62	111
36.79	52
37.69	100
35.63	132
35.26	127
36.87	68
34.42	133
32.58	122
34.57	94
36.24	208
35.85	98
34.9	76
34.03	43
34.87	96
33.01	118
34.33	101
33.95	115
35.35	103
36.47	119
36.68	188
36.31	101
35.84	126
37.8	99
35.84	134
36.74	51
36.85	92
35.63	132
34.05	119
35.67	88
34.86	124
34.36	109
33.98	85
33.78	108
33.27	132
35.76	111
33.68	128
35.28	67
34.21	128
33.17	121
33.34	74
33.82	88
34.94	93
34.75	241
34.62	134
34.98	93
34.98	113
33.41	63
35.05	67
34.25	103
34.84	130
35.35	109
36.05	87
36.63	103
34.25	135
36.84	79
34.32	116
35.28	117
35.8	103
37.56	110
37.12	92
34.84	133
36.68	105
37.05	69
37.02	123
36.57	109
35.35	100
35.42	129
34.83	73
34.63	103
32.93	128
35.29	163
35.83	119
34.16	49
34.83	75
36.03	127
33.89	124
35.39	117
34.89	141
35.21	80
32	130
33.66	65
34.29	126
34.03	128
33.85	108
33.95	110
33.89	124
32.6	122
36.48	133
36.19	116
38.13	57
36.38	126
35.62	119
37.47	77
35.42	125
35.47	122
36.43	94
36.13	130
33.61	133
32.21	125
34.31	133
33.35	102
34.17	120
33.21	31
35.21	202
31.9	35
33.75	97
35.19	128
33.67	23
32.3	135
34.93	119
32.6	7
35.02	71
35.35	41
34.1	128
35.91	89
34.18	120
33.59	116
34.02	208
35.82	112
35.94	117
35.67	83
34.53	120
34.92	68
34.51	113
36.11	115
34.62	101
33.02	119
33.43	134
34.94	133
33.59	113
34.71	84
35.04	106
32.67	32
33.28	134
33.35	125
33.07	178
33.74	82
34.67	19
36.57	99
37.25	195
36.61	193
34.9	126
36.83	225
35.65	128
38.55	73
34.74	119
35.22	30
34.34	127
35.65	87
32.88	130
35.24	124
33.85	80
33.68	44
33.66	119
33.74	112
33.49	130
33.13	121
31.89	79
31.75	125
34.15	104
34.75	97
34.25	71
33.95	100
34.6	235
33.77	90
32.08	123
34.84	143
34.89	81
33.99	92
33.71	132
35.43	127
34.96	109
35.33	106
34.99	125
33.12	107
33.11	48
34.5	64
34.01	85
34.03	120
33.83	132
34.11	131
36.79	82
34.12	53
33.13	122
34.78	123
34.55	95
33.94	51
34.25	68
35.29	130
35.55	59
35.79	101
35.83	111
36.1	55
35.12	57
35.18	120
37.23	117
35.98	135
34.29	0
35.58	126
37.57	72
37.65	121
37.26	135
36.74	115
36.31	127
38.46	88
34.42	134
37.39	126
35.42	40
32.79	119
33.84	121
32.11	45
34.52	97
34.25	108
34.57	48
34.24	108
33.55	119
34.91	120
35.15	132
34.8	119
36.28	64
33.47	118
36.04	118
37.35	177
34.67	124
36.55	84
34.98	240
36.66	95
35.16	106
33.52	95
33.44	111
33.52	113
34.4	82
34.43	105
34.19	106
33.34	133
32.44	66
35.07	96
35.18	126
38.08	116
36.8	123
38.11	11
37	106
37.4	134
37.24	135
35.28	114
34.59	125
35.75	134
32.88	103
32.69	126
33.88	98
31.45	134
34.97	71
34.77	119
34.92	109
34.06	53
32.95	121
34.88	85
34.16	135
35.78	104
34.95	127
34.75	112
35.88	111
35.78	122
34.77	109
34.22	134
36.24	104
35.3	96
34.04	79
33.73	67
33.84	119
33.66	98
34.16	123
35.77	75
34.22	116
34.77	200
33.06	79
33.61	113
33.92	32
31.07	91
33.42	122
35.23	98
34.98	100
34.35	103
35.01	118
34.87	240
34.09	113
34.44	64
36.36	123
35.08	118
36.44	63
36.86	121
36.28	119
37.95	72
36.4	102
36.02	134
34.01	135
35.75	126
34.85	42
34.63	89
35.03	88
32.73	120
34.5	35
34.4	54
34.8	135
35.22	80
32.84	124
35.36	84
33.93	125
34.32	106
37.34	87
34.29	110
34.58	92
34.1	121
33.25	129
34.9	117
33.16	96
32.25	39
35.44	115
34	138
35.73	114
36.1	129
34.48	131
34.62	98
36.15	83
37.44	172
35.52	114
37.29	121
37.22	135
34.5	42
36.24	114
37.26	100
37.81	105
37.4	128
37.75	110
36.67	107
36.37	111
35.9	128
35.77	98
34.04	119
35.01	95
34.19	116
35.02	122
34.72	50
35.46	88
34.9	65
35.68	128
36.64	53
34.11	72
33.18	59
33.62	82
33.06	64
34.89	56
32.86	101
34.11	55
34.35	124
33.66	114
35.47	116
34.99	99
33.58	114
34.82	81
34.4	108
33.38	131
34.08	122
33.47	109
35.15	127
33.98	95
33.54	104
33.28	116
33.51	133
34.44	133
34.41	117
35.98	211
37.45	48
32.56	124
34.73	101
32.41	133
34.62	66
34.48	130
37.26	110
35.24	119
34.73	157
34.58	125
34.3	128
35.16	89
34.52	118
35.61	102
37.15	79
36.1	112
34.68	115
35.12	125
36.75	109
36.45	99
34.74	109
36.98	107
34.43	127
35.22	67
35.57	129
36.16	50
37.22	122
37.05	122
35.96	132
37.29	73
37.41	107
37.82	47
36.39	114
37.52	70
37.24	104
35.15	98
35.75	97
33.29	127
34.11	130
35.04	90
34.37	106
36.02	100
36.46	106
34.19	120
35.1	53
34.29	134
35.78	117
34.94	116
36.54	86
36.38	91
33.3	111
35.38	175
35.12	97
35.18	120
37.03	94
33.58	110
33.98	87
34.82	155
33.69	123
32.35	23
34.05	100
31.7	128
33.2	113
33	127
33.01	129
37.23	90
36.66	120
36.79	134
35.77	115
36.8	58
36.92	142
33.82	1
35.39	127
36.45	134
37.38	120
33.11	123
33.66	137
33.85	85
32.3	122
33.22	45
33.24	68
31.5	117
34.32	161
34.31	128
31.46	135
34.9	68
32.44	135
32.51	73
31.49	102
33	94
34.09	78
31.98	128
32.32	135
33.9	103
34.56	154
37.09	125
37.09	129
35.92	82
35.77	97
36.39	96
36.57	129
37.7	115
37.94	85
38.39	81
38.42	89
35.26	130
36.97	93
35.5	124
34.96	100
37.94	67
34.89	121
35.91	99
36.56	98
36.28	108
34.05	132
35.4	125
35.46	132
34.61	80
34.27	119
34.67	30
35.66	113
36.82	123
34.42	132
34.06	108
36.88	94
34.14	82
33.41	103
34.19	125
33.09	125
32.97	66
34.24	42
34.57	114
33.44	112
34.06	118
33.47	88
34.48	134
32.13	55
34.27	90
33.63	120
33	102
33.08	68
35.45	121
33.59	102
32.3	126
35.73	80
33.17	31
32.49	56
33.52	119
32.83	96
33.5	129
32.13	112
32.82	21
33.63	124
32.26	78
32.8	124
37.05	74
34.75	81
34.64	77
36.28	107
35.06	45
35	80
34.15	135
35.32	68
34.64	133
35.98	111
34.77	123
34.19	160
33.38	132
34.9	107
35.88	122
34.92	120
32.97	118
35.35	147
33.58	128
34.39	69
33.39	106
34.15	136
33.28	77
33.25	110
34.64	206
32.74	71
34.18	89
34.74	87
32.34	104
35.85	234
34.79	133
35.03	119
33.97	69
35.12	207
33.07	119
33.65	134
32.48	109
34.76	52
33.69	103
32.87	52
35.27	115
35.31	77
33.84	126
34.53	112
36.43	93
34.14	131
36.23	103
37.46	106
34.38	116
36.97	67
36.38	54
34.62	111
34.38	110
35.03	112
34.99	177
35.51	204
35.98	79
35.53	121
35.75	125
32.75	116
34.73	115
34.73	130
36.42	133
35.06	243
34.58	65
34.84	111
35.51	105
35.07	113
36.92	82
35.08	125
31.77	133
34.22	119
33.58	79
33.81	132
33.35	28
36.64	92
34.52	100
33.06	125
34.26	116
32.76	102
37.42	96
36.16	118
35.99	116
36.26	78
35.07	131
36.5	130
36.01	115
35.79	122
100	0
36.98	242
33.68	115
34.83	119
34.75	102
36.31	97
34.92	64
33.31	135
34.38	133
35.84	201
33.33	105
35.69	106
34.88	133
36.5	47
35.71	115
35.03	101
34.15	81
34.97	129
33.17	119
35.8	125
36.41	119
35.49	135
36.07	97
36.94	191
37.58	116
34.69	123
34.68	109
38.3	96
36.09	71
34.47	125
34.52	113
35.46	135
32.13	121
33.19	121
32.28	34
34.67	119
33.21	112
33.86	45
32.43	119
32.24	72
34.75	147
32.29	133
33.64	144
33.89	55
35.17	108
33.27	116
34.45	134
35.02	94
35.12	196
32.19	6
34.92	71
34.28	124
34.18	81
33.5	112
33.24	128
33.39	109
35.07	45
33.92	131
34.46	111
32.65	132
32.53	64
33.09	124
35.94	123
35.23	76
33.95	21
32.79	54
36.53	95
35.68	145
34.49	241
35.31	160
35.57	90
34.46	122
33.62	112
33.18	132
35.23	77
33.03	88
34.13	96
33.66	95
33.57	121
32.3	117
35.24	147
33.49	107
34.27	110
33.54	67
33.97	62
32.95	125
33.04	105
33.66	28
33.2	98
31.83	135
31.76	126
33.26	56
35.38	49
35.47	86
35.4	89
33.47	41
33.22	119
36.01	117
33.75	109
34.91	127
36.04	92
34.39	105
32.76	116
34.56	230
34.29	128
34.18	95
33.75	220
34.17	134
32.3	109
34.44	83
33.18	57
35.66	92
35.48	131
36.66	156
35.25	101
37.31	119
34.87	122
36.72	171
34.69	21
34.6	73
35.11	62
35.54	152
34.51	116
36.72	84
34.37	125
35.08	76
35.04	107
34.41	103
34.1	135
35.18	60
36.37	146
34.3	72
36.06	116
35.93	102
35.92	94
35.28	86
34.11	116
34.25	127
33.97	84
33.88	31
34.9	29
35.81	120
34.65	85
35.83	115
34.58	117
35.56	110
34.32	127
34.79	79
36.99	62
36.2	96
34.21	123
33.91	39
32.79	69
32.48	23
35.07	45
32.7	64
34.52	59
33.38	120
33.33	109
34.58	151
34.12	131
33.62	131
34.05	107
33.95	56
32.1	129
34.05	92
34.41	116
34.77	105
34.24	83
35.53	145
34.65	150
35.32	28
34.42	74
32.65	133
31.43	11
35.04	88
33.44	122
32.39	3
35.74	121
34.37	100
33.76	102
34.55	202
33.62	131
32.79	69
34.76	120
34.51	111
32.85	64
35.07	45
34.68	114
33.33	109
31.99	86
34.56	151
34.14	97
35.92	113
34.23	118
33.89	127
34.74	69
35.73	64
36.14	92
35.65	124
35.26	92
35.39	102
35.33	66
34.17	108
34.29	123
34.53	211
35.38	120
36.39	98
34.84	118
35.18	162
34.32	107
32.73	97
36.84	100
35.29	128
35.92	130
37.35	124
37.34	83
37.36	115
35.5	133
36	77
36.56	58
36.51	99
38.69	84
36.62	116
38.75	85
36.99	72
35.78	53
37.2	109
37.18	106
39.09	103
37.58	64
31.81	2
33.49	117
34.77	65
34.23	40
33.46	16
34.52	97
34.55	119
31.61	134
33.43	90
34.25	190
35.58	136
34.51	78
32.4	134
34.98	87
33.11	135
35.24	121
33.47	10
35.49	109
34.91	66
35.71	82
35.09	87
34.02	132
34.77	115
34.54	135
34.65	129
35.46	106
33.67	116
33.75	127
37.01	60
35.71	67
34.59	131
36.84	180
36.02	109
36.08	150
33.35	119
36.81	120
34.82	104
36.37	96
36.14	91
35.65	80
34.72	79
33.56	120
34.59	85
34.73	128
33.74	128
34.88	114
34.75	120
34.3	105
34.11	113
34.26	87
33.96	87
34.9	130
34.76	32
36	192
34.98	222
36.61	119
37.06	103
35.15	108
36.88	84
35.34	103
36.61	85
36.71	74
34.08	124
37.24	104
35.06	134
35.93	58
37	114
37.57	91
35.5	97
37.42	67
36.83	98
35.18	97
34.8	122
35.72	104
35.46	57
35.14	123
35.39	95
35.25	88
34.31	17
33.34	114
33.26	120
36.72	122
38.76	78
35.84	121
35.69	243
35.31	44
36.2	125
35.39	131
36.38	65
37.48	131
37.48	104
36.43	131
35.99	131
38.45	114
36.33	119
37.97	85
37.96	56
36.4	109
36.27	106
37.04	116
37.25	104
34.78	72
33.87	116
36.14	69
34.93	85
36.51	130
35.24	79
35.76	82
35.31	124
36.27	236
36	118
38.39	85
37.35	112
40.55	96
35.83	62
37.49	81
33.73	125
34.63	78
36.44	135
35.98	99
36.41	111
35.42	93
35.7	116
34.39	75
37.54	64
33.12	132
35.74	149
35.32	113
35.93	124
35.23	63
33.49	131
35.34	134
36.68	124
36.22	107
35.77	129
36.72	197
37.75	83
35.91	96
36.32	178
37.11	106
35.25	105
34.34	71
34.49	86
34.07	120
34.22	120
33.34	18
34.09	104
34.36	116
34.66	125
35.84	82
32.19	45
35.56	112
35.64	128
36.84	131
37.37	101
37.49	84
36.3	104
34.45	107
35.16	120
36.56	126
34.72	127
32.67	88
34.12	128
33.56	108
33.74	74
33.75	72
34.29	119
36.01	84
32.23	122
34.44	64
33.47	118
35.22	105
34.72	127
36.79	122
36.58	134
36.73	79
35.21	75
35.99	127
38.41	102
36.37	127
37.8	53
33.88	30
34.72	55
33.28	133
34.06	62
34.26	133
34.54	122
33.25	130
36.49	119
35.91	50
34.89	100
36.89	100
35.55	118
37.42	118
37.03	47
36.49	103
36.14	121
36.39	64
36.16	116
36.44	149
36.7	112
35.76	118
35.29	79
37.25	96
35.27	111
33.85	119
36.25	120
33.13	128
35.63	219
36.34	37
35.95	103
32.12	73
33.88	149
34.23	94
33.12	99
33.13	111
32.16	23
32.93	121
33.92	83
32.2	28
33.75	95
33.27	120
35.13	80
33.2	85
35.71	122
34.8	129
33.6	126
36.48	108
35.36	123
34.17	118
34.08	123
34.97	238
35.96	52
35.97	80
35.89	104
36.05	82
35.48	102
36	110
34.71	132
35.42	38
35.58	92
34.09	91
32.81	11
33.85	84
33.5	107
32.39	122
32.12	129
34.17	128
31.46	135
35.96	77
36.79	99
33.74	53
35.07	117
33.18	118
34.53	70
34.44	31
34.18	119
33.65	62
34.68	104
33.59	132
33.86	105
35.51	119
37.3	118
39.58	81
38.2	59
35.58	131
37.88	122
37.22	110
35.86	128
36.86	135
34.76	117
35.17	121
35.49	105
34.94	133
35.93	95
35.81	115
36.31	97
34.09	91
33.52	124
36.14	92
34.86	107
33.21	123
34.17	39
31.69	49
33.22	136
33.51	135
31.21	124
31.83	118
32.5	119
34.89	235
33.7	140
33.03	93
32	94
34.89	235
31.47	124
33.13	130
33.53	136
31.8	49
33.83	98
33.58	39
33.62	107
33.51	125
34.47	126
35.25	92
33.55	81
34.35	86
35.18	118
36.56	66
34.85	157
34.26	132
34.06	122
33.6	130
33.75	122
33.69	132
35.23	114
35.1	134
33.52	114
33.88	134
34.94	85
34.92	236
35.13	118
33.08	122
32.62	129
33.46	210
34.59	113
34.03	201
34.8	97
35.11	125
33.1	118
34.62	115
34.28	101
32.35	30
34.54	125
33.83	123
34.54	64
34.5	122
33.63	134
32.84	117
33.85	100
34.47	124
34.02	116
32.9	50
35.21	64
35.29	241
33.17	51
33.92	127
33.66	114
34.2	122
32.45	111
34.41	109
33.7	119
33.45	92
34.33	98
32.38	47
34.13	197
33.86	146
33.24	117
33.74	110
34.64	123
34.2	101
34.77	99
34.47	127
32.09	82
34.9	111
32.41	102
33.81	85
31.93	130
33.78	74
33.75	107
35.4	71
34.27	49
33.5	113
31.57	130
33.83	97
33.6	129
33.28	85
34.31	189
34.09	109
33.18	78
33.28	126
33.42	125
34.69	119
34.05	122
33.37	133
35.61	129
35.16	132
34.86	129
33.21	121
34.65	99
33.24	102
33.28	85
35	125
35.6	134
36.98	99
37.05	123
32.76	135
35.77	114
37.52	75
36.31	156
34.71	132
37.03	101
32.71	135
33.48	105
34.31	123
35.69	97
34.04	105
34.66	99
34.12	68
33.39	118
34.55	205
35.56	64
32.76	82
34.54	107
35.18	166
33.66	135
33.18	230
33.25	61
34.23	100
33.78	132
32.96	80
33.66	112
34.31	126
33.45	59
34.04	93
33.42	131
34.63	189
35.41	62
35.59	118
32.86	26
35.18	179
34.04	110
33.68	81
34	112
35.78	87
35.19	93
35.22	121
33.02	64
33.65	98
34.37	237
33.26	109
34.94	202
35.16	80
32.95	36
32.96	119
34.29	58
34.48	122
32.28	4
33.98	97
33.84	119
35.36	74
32.32	132
35.06	120
36.55	198
36.12	100
37.65	59
36.02	187
34.81	66
33.94	128
36.36	135
37.3	119
35.61	241
33.57	130
34.34	179
33.56	80
39.32	97
35.25	77
33.09	106
33.46	93
35.68	123
34.9	122
33.95	88
35.34	128
37.13	103
37.62	139
36.53	63
36.36	97
37.2	104
35.58	88
37.02	106
35.53	135
38.05	108
32.54	134
34.31	219
35.18	207
32.34	20
32.93	107
35.06	117
34.31	76
32.68	108
33.74	38
33.69	121
34.68	241
33.75	108
34.57	74
35.05	99
34.18	93
34.75	110
35.07	117
35.46	82
34.44	69
34.76	153
35.46	113
35.63	92
36.68	93
34.67	119
35.45	95
35.03	101
35.29	120
35.88	108
34.46	119
37.33	106
32.83	108
33.02	192
34.79	205
32.51	46
33.26	55
32.19	116
35.08	40
32.9	30
33.78	40
33.82	129
33.36	111
32.44	129
33.96	132
35.19	89
35.09	89
34.78	77
33.87	89
34.38	117
34.91	205
34.9	123
35.43	122
35.78	52
35.81	87
36.22	133
36.45	105
36.02	119
39.28	105
38.6	73
36	118
36.16	128
36.14	90
34.02	135
33.82	123
35	77
34.7	197
33.91	104
31.83	44
36.13	83
34.42	131
34.28	111
31.92	10
35.5	117
33.4	135
34.81	117
35.09	240
33.89	121
32.76	107
33.88	130
35.17	85
35.16	131
33.46	74
34.76	117
34.06	119
33.68	108
33.33	133
34.95	113
35.25	240
35.52	98
32.48	125
35.85	64
33.4	129
34.92	62
34.47	127
34.62	112
30.46	20
34.42	76
34.46	236
36.13	93
34.43	108
35.75	119
33.54	129
33.18	132
35.04	74
34.23	109
35.26	93
35.98	103
34.09	126
33.3	125
33.67	116
34.2	94
33.43	83
32.65	135
33.47	106
33.82	112
34.16	91
34.5	102
33.49	124
33.88	73
33.7	117
33.73	122
34.39	94
33.85	179
32.72	88
34.43	126
32.69	134
31.4	19
32.63	126
33.87	109
33.19	47
33.95	124
37.51	112
37.03	104
37.72	115
36.83	58
36.85	119
36.54	34
36.51	105
37.09	103
37.51	100
36.05	124
33.49	170
35.68	101
32.66	128
35.51	115
33.65	109
33.33	115
33.04	135
35.25	71
34.26	143
34.48	82
36.83	104
35.36	108
37.66	86
37.2	97
35.33	118
36.09	99
36.27	74
36.67	85
35.12	133
35.06	66
35.81	125
34.58	134
34.4	126
34.87	135
37.35	122
36.17	100
36.19	210
36.65	109
37.28	102
38.16	73
32.16	47
34.2	76
32.87	58
36.22	122
33	128
34.76	222
33.52	229
32.04	135
34.7	234
35.23	98
35.56	116
33.37	123
34.14	131
35.22	42
33.62	135
34.4	116
32.87	135
35.71	38
36.18	112
33.67	115
35.11	110
36.47	113
38.39	73
34.32	106
35.8	119
35.4	132
35.89	85
37.27	95
35.92	116
34.97	101
33.42	123
34.46	114
35.54	209
35.18	88
35.96	72
36	117
34.63	81
34.01	119
33.38	37
35.3	80
33.37	32
34.58	165
34.06	69
33.88	129
34.45	60
33.59	86
33.65	100
33.09	15
34.68	72
34.35	90
35.41	128
35.99	124
35.15	120
35.16	112
34.93	128
36.78	107
38.45	64
36.14	77
35.19	130
37.38	100
33.15	104
34.9	144
33.71	64
34.27	87
34.05	119
32.73	127
32	110
32.57	122
33.37	78
35.03	243
36.15	94
34.5	134
35.58	121
37.87	91
36.98	95
35.35	134
36.82	101
37.25	135
37.86	106
36.78	50
35.98	90
35.97	119
34.61	131
35.23	89
32.85	121
35.86	129
35.23	223
35.03	131
33.59	34
34.35	38
35.67	79
34.99	239
35.28	34
33.87	132
35.66	194
34.72	157
36.39	91
35.44	98
36.04	131
35.52	110
35.55	125
34.95	132
33.25	105
33.61	124
34.78	126
34.11	109
34.28	98
35.35	72
34.95	113
33.74	120
36.03	103
34.86	114
33.65	126
34.43	126
34.91	130
34.68	106
35.38	131
37.69	171
35.52	127
33.34	134
34.59	79
36.64	194
36.02	190
36.57	119
36.03	46
35.61	101
36.3	76
34.6	107
35.99	114
34.67	70
36.64	126
36.65	108
35.68	123
38.08	133
35.95	42
37.12	96
36.5	123
35.01	112
36.67	122
36.44	86
33.88	119
34.38	119
33.49	107
33.78	94
35.69	118
33.57	128
34.95	103
33.31	71
35.56	151
32.17	242
34.88	124
35	132
36.08	108
34.12	112
34.47	56
34.45	97
35.52	114
34.3	122
34.42	112
34.31	72
35.64	33
34.22	177
35.03	134
33.6	125
36.1	80
36.72	84
34.2	114
34.27	116
35.71	85
33.27	127
35.22	125
33.83	104
33.69	128
37.42	205
34.72	56
36.06	100
33.12	135
36.42	93
35.28	127
35.81	93
34.85	243
34.13	130
33.77	123
36.79	79
34.54	116
35.43	132
34.77	128
34.73	120
33.86	110
34.09	130
34.99	112
36.9	73
36.14	87
36.96	74
37.38	92
36.36	32
34.82	134
36.47	104
33.6	117
37.16	58
37.51	128
35.26	75
38.38	113
37.15	109
37.7	92
36.89	113
36.68	114
35.39	124
36.26	106
36.63	72
35.7	132
36.7	76
37.22	116
35.12	122
36.2	128
35.97	133
35.48	112
36.08	114
37.17	129
36.79	71
33.93	31
33.36	82
34.57	49
36.29	59
34.24	81
33.2	127
34.17	132
35.64	92
34.47	101
35.59	179
34.88	98
34.13	98
32.61	126
32.13	114
34.38	141
32.83	87
31.9	10
32.37	24
31.08	61
32.37	83
33.32	59
33.51	113
33.64	97
35.12	73
35.77	103
33.85	66
33.79	124
35.39	201
34	117
33.79	118
33.91	135
34.96	56
33.51	97
33.21	29
35.37	102
34.44	89
32.43	112
34.16	130
34	107
34.09	100
33.7	119
34.96	123
34.33	108
33.02	119
34.55	82
32.58	14
34.62	115
33.45	130
33.11	95
34.05	114
35.14	241
36.53	79
35.43	119
32.81	134
33.79	118
35.4	105
33.98	106
33.11	134
34.45	128
33.8	121
35.94	79
35.05	118
35.28	92
35.63	110
35.04	120
36.21	76
35.97	125
34.73	135
39.08	101
35	100
34.95	242
34.79	125
34.8	86
33.01	134
34.04	106
34.88	99
35.96	109
34.79	119
31.66	128
35.22	98
34.5	132
34.4	133
34.92	111
33.92	130
33.38	118
35.45	159
33.66	120
34.72	122
32.2	120
34.39	76
34.64	101
32.72	124
33.51	126
34.05	156
32.48	134
33.81	129
34.86	120
33.92	18
34.97	226
36.07	196
33.52	27
35.9	88
34.75	115
33.53	119
34.37	59
33.51	122
36.56	26
34.01	119
35.17	242
34.62	99
36.79	81
36.95	120
38.07	76
35.98	122
35.04	132
35.52	106
36.17	113
35.87	132
35.85	110
35.72	123
36.16	71
37.05	168
36.47	134
36	130
35.54	214
36.53	121
35.06	127
37.48	95
37.29	112
35.18	205
33.82	128
33.09	125
34.19	140
33.65	227
31.98	103
32.3	121
35.31	164
32.99	38
33.09	101
32.89	113
37.92	112
36.39	86
36.05	140
37.36	88
37.64	121
37.46	100
34.56	133
37.39	87
37.3	86
35.27	134
34.75	73
32.72	55
33.79	171
32.46	133
35.35	91
35.36	91
31.82	135
31.94	135
33.21	114
34.52	127
33.89	64
35.41	116
34.52	81
33.76	88
34.61	202
34.68	126
31.55	14
35.33	100
35.64	198
34.96	242
31.33	111
34.74	235
34.58	210
32.98	118
34.76	55
32.76	107
35	118
32.27	129
33.36	110
32.65	73
33.36	130
34.6	121
35.72	232
34.27	119
34.95	89
34.07	57
33.13	127
35.25	113
35.95	126
34.82	107
34.39	112
36.02	55
35.08	126
34.65	106
36.51	181
34.3	50
34.79	132
34.69	120
35.67	101
35.89	56
35.65	51
35.81	123
35.54	58
35.15	242
36.17	54
35.93	61
36.39	83
35.11	124
34.67	101
34.99	104
34.4	116
34.94	166
34.16	121
35.01	119
35.14	164
33.87	115
34.75	121
35.65	80
35.24	117
33.8	125
34.61	235
34.76	78
34.53	132
33.36	97
32.42	116
33.23	114
33.13	135
32.53	126
34.81	106
33.23	107
34.31	124
34.41	123
34.88	109
36.1	82
32.56	118
33.97	35
32.69	124
32.59	90
34.99	109
33.08	68
33.99	102
31.79	121
34.24	178
34.65	140
32.33	47
33.05	111
34.51	125
32.44	45
34.05	110
33.85	36
34.17	119
34.57	120
34.08	115
32.72	122
34.46	112
34.41	127
34.61	104
34.99	70
33.48	129
34.26	77
34.08	123
31.38	9
33.3	70
33.78	107
32.27	223
33.59	134
33.57	120
32.79	131
34.21	85
34.74	136
35.57	120
34.98	110
36.64	76
35.2	121
35.22	53
34.87	117
34.14	135
33.73	233
37.5	61
33.85	113
33.5	107
33.4	102
34.62	104
35.71	74
34.16	111
35	201
30.8	132
33.93	86
34.42	137
34.47	76
34.17	115
33.14	119
33.39	124
33.48	113
34.92	238
33.53	82
35.05	88
34.48	196
34.31	169
32.5	106
34.37	67
35.65	165
33.99	130
32.81	127
33.37	110
34.08	114
33.55	112
33.63	120
34.19	134
33.57	125
33.87	115
34.8	110
35.38	74
33.07	108
33.68	113
33.22	132
32.19	120
31.99	126
33.79	89
35.09	107
35.63	15
36.82	120
36.78	106
37.83	106
37.32	134
37.06	108
36.2	115
36.38	113
36.25	128
35.4	134
37.07	112
37.34	114
36.04	113
37.29	115
35.86	76
38.75	92
35.93	106
35.34	106
36.13	86
35.49	117
34.07	86
33.87	125
33.91	120
34.76	94
32.27	47
33.63	117
33.37	121
33.72	128
33.79	110
33.01	128
33.2	109
34.44	99
32.69	111
34.59	239
33.59	98
32.84	84
32.52	33
32.84	135
35.21	113
32.72	93
36.11	242
36.81	114
36.34	96
36.79	129
36.5	64
36.38	100
38.52	83
38.6	116
35.64	117
38.16	105
34.12	117
33.85	134
35.66	209
35.33	129
34.08	27
35.86	93
35.09	116
34.55	115
35.12	62
35.85	123
34.82	88
34.34	96
34.15	65
35.11	82
33.65	130
33.8	74
34.49	114
33.89	172
33.71	37
32.34	129
34.5	52
33.71	121
36.63	194
34.83	133
35.11	102
34.54	133
36.16	124
34.78	99
35.69	121
36.18	80
35.07	77
33.36	130
35.52	203
34.13	131
32.93	134
33.75	116
33.05	133
34.05	94
34.09	101
33.89	84
34.88	114
34.8	238
35.55	156
35.06	124
36.5	79
36.29	84
34.7	90
35.79	96
33.56	120
32.9	115
35.47	201
35.2	89
35.03	98
33.68	119
34.91	130
34.8	209
35.16	107
36.2	123
34.41	134
36.61	61
34.74	71
32.61	97
33.86	133
33.47	135
32.25	93
33.28	72
31.65	77
32.73	30
31.36	38
32.98	92
33.5	124
32.9	134
34.36	35
35.16	136
31.95	135
34.01	133
34.69	133
35.65	151
35.54	110
35.23	132
33.66	103
34.04	126
34.95	132
34.63	99
34.4	106
34.2	126
34.36	101
35.41	209
33.65	103
34.24	87
34.5	105
33.55	132
33.92	151
34.49	143
36.05	139
34.75	137
34.76	129
32.28	141
33.94	152
34.33	137
35.31	13
33.65	149
32.35	135
33.14	144
35.59	103
32.85	150
33.54	127
33.82	132
33.2	100
34.88	108
35.09	114
34.06	140
36.21	143
33.08	149
37.13	104
35.85	150
35.22	141
34.59	97
36.73	126
35.22	141
33.44	121
34.87	143
35.9	144
37.2	260
36.35	122
36.78	107
32.23	144
35.83	122
35.2	140
35.22	118
36.06	107
34.86	78
34.06	69
33.88	100
34.13	88
34.97	135
35.81	100
34.13	143
33.13	120
33.33	143
34.16	145
34.15	95
36.14	110
35.46	107
33.5	146
34.17	134
35.22	141
35.22	141
34.44	100
34.84	118
36.56	34
33.12	104
32.15	149
34.36	115
33.81	123
31.97	131
34.01	1
32.8	142
34.59	133
33.81	142
36.23	128
35.27	129
33.47	147
34.44	140
36.09	97
37.1	108
33.49	143
36.76	83
36.35	126
34.59	122
33.26	132
35.6	129
32.92	149
35.01	35
32.01	150
34.5	66
33.63	123
33.16	151
35.75	100
33.47	135
34.67	144
36.55	117
35.1	133
34.33	133
37.97	91
35.42	135
34.71	136
37.71	108
34.49	143
36.19	95
34.42	150
35.93	145
33.67	140
36.72	129
35	149
36.06	151
34.83	144
33.79	146
35.32	96
34.39	123
35.13	146
35.59	104
37	124
35.66	111
38.98	101
33.66	151
35.56	141
35.16	142
33.61	132
35.11	146
35.28	143
33.62	131
35.95	142
36.41	90
35.69	144
35.02	132
38.65	76
34.35	115
35.49	120
35.86	151
35.8	106
35.1	113
35.28	130
33.73	148
37.26	116
38.64	87
37.32	69
34.55	149
36.59	120
35.14	135
33.38	294
33.5	133
33.49	129
34.24	213
31.83	230
35.07	89
33.6	129
33.09	148
33.6	149
33.79	294
34.77	115
34.98	107
33.28	151
32.6	135
34.82	63
35.02	54
37.06	82
34.91	125
31.77	148
33.96	37
35.75	112
35.66	91
33.56	131
36.66	135
33.95	150
37.62	76
36.02	119
35.15	218
34.37	92
35.85	141
34.76	143
36.07	113
35.37	137
33.06	152
34.45	134
34.08	150
33.19	112
35.55	126
35.61	111
33.5	121
35.04	140
32.72	145
34.6	72
34.82	116
31.79	135
34.77	109
35.36	112
32.8	151
34.58	88
34.41	221
35.24	142
33.95	217
34	128
35.14	102
34.4	265
34.83	141
36.85	88
33.6	128
37.58	93
33.57	152
33.22	148
33.87	134
33.42	132
34.6	131
32.81	112
33.09	136
32.89	148
34.79	111
35.39	131
32.88	148
32.88	148
35	116
35	116
32.93	116
32.56	143
35.9	119
33.49	128
31.46	149
35.57	110
34.34	99
36.5	106
34.39	75
33.75	210
33.16	91
33.52	131
33.52	130
34.52	116
34.09	285
34.54	127
33.13	151
34.28	125
33.9	94
34.43	103
35.42	100
33.63	92
34.12	143
34.15	127
34.77	203
34.45	88
33.26	119
33.02	139
33.88	131
34.55	120
34.58	116
33.3	152
32.41	144
32.84	67
34.25	84
33.9	152
33.45	137
35.23	125
34.4	224
36.21	100
33.94	295
37.13	139
34.56	142
32.58	129
35.77	117
34.34	116
34.8	148
34.3	134
34.49	148
34.07	124
33.92	112
33.84	146
32.91	146
33.34	150
33.78	150
34.18	141
34.29	151
