sim	len_diff
34.71	230
31.95	255
35.14	218
35.91	173
35.75	200
36.15	222
35.12	244
34.41	250
36.86	206
36.22	236
34.6	242
33.05	247
34.43	242
34.46	224
34.36	226
33.46	245
32.48	255
33.71	252
34.34	177
34.55	137
34	177
34.88	218
34.51	228
33.71	242
33.97	254
33.41	248
35.14	215
34.26	246
33.23	247
33.7	140
34.46	157
34.46	157
34	207
34.13	175
34.25	206
32.31	250
32.31	250
31.9	255
34.2	139
34.3	181
33.28	213
32.64	231
31.4	229
34.78	211
33.55	228
34.84	223
34.84	223
35.63	237
32.13	248
34.2	233
34.66	156
34.14	113
32.13	247
33.98	239
33.66	214
33.66	214
34.74	190
34.79	156
34.06	244
33.34	222
33.29	239
34.62	227
34.93	223
33.24	254
35.16	213
34.39	164
33.88	241
34.07	225
34.08	224
34.07	225
34.27	212
34.54	213
34.35	249
34.09	255
34.13	218
33.58	234
34.09	192
33.79	229
33.54	254
33.82	182
32.17	255
34.54	182
32.27	255
34.55	175
32.42	254
34.95	195
35.11	196
32.56	223
34.05	255
33.6	251
34.34	301
34.59	215
34.38	219
35.07	183
35.32	282
33.8	252
34.58	86
35.17	231
33.53	241
34.65	157
35.41	206
35.14	195
35.69	243
35.41	225
36.3	185
35.78	232
35.59	197
35.51	218
34.3	255
32.95	235
32.58	255
34.37	250
33.11	217
36.13	263
34.49	172
36.03	150
34.52	235
33.77	159
33	251
33.22	251
33.1	250
37.36	211
35.55	245
33.55	243
33.37	240
34.58	250
34.36	249
36.13	221
33.69	252
34.08	251
33.93	213
33.09	204
33.08	241
32.71	201
32.27	249
34.15	176
34.8	195
33.39	225
33.87	250
33.83	189
34.26	218
32.2	213
32.87	234
32.15	238
33.35	200
32.65	236
33.22	255
32.98	255
35.76	214
33.93	156
34.63	198
35.01	212
33.54	251
33.58	194
33.03	246
33.99	188
35.33	182
34.69	200
34.98	212
35.04	229
34.39	400
31.88	252
33.16	245
34.1	228
33.1	241
32.44	255
32.93	180
32.27	234
33.04	188
34.71	200
33.98	211
34.47	230
33.45	215
34.03	247
32.13	245
33.59	204
35	189
32.98	188
34.33	154
35.65	223
32.61	230
33.31	245
34.33	117
34.25	218
34.14	242
32.85	212
32.15	242
33.7	212
34.88	159
31.4	254
33.46	239
34.62	214
33.73	231
33.53	224
33.91	234
35.15	209
34.81	194
35.02	190
33.01	247
34.49	232
31.83	248
33.45	228
33.6	244
38.13	133
33.93	173
34.15	195
33.35	248
36.45	125
35.5	247
34.51	199
36.79	116
35.91	203
34.52	238
35.19	195
33.53	224
33.2	221
34.14	157
34.9	214
33.56	240
34.4	224
32.98	219
32.83	242
32.62	235
31.95	237
35.02	120
33.98	211
34.43	206
32.64	248
33.98	211
35.47	125
32.4	255
31.89	249
34.17	109
33.4	209
33.25	235
33.48	229
32.87	232
32.85	242
34	227
34.28	251
34.7	193
33.13	199
34.31	236
33.04	199
33.38	242
33.93	227
33.04	199
32.78	252
35.21	170
33.93	231
32.77	218
34.65	158
32.46	254
32	242
33.68	210
33.9	247
33.43	235
32.46	249
33.46	249
32.57	180
34.14	188
33.39	188
37.15	197
34.81	237
35.22	187
32.59	251
33.92	236
34.51	144
33.87	210
34.84	169
34.11	238
33.57	243
34.97	97
33.31	255
34.08	226
34.24	103
34.85	186
33.18	251
34.58	227
34.02	241
33.44	247
35.09	216
33.5	199
34.17	253
33.46	245
33.14	248
34.3	236
34.13	237
33.22	249
36.21	193
35.06	186
34.93	119
34.1	229
36.22	215
36.79	188
34.66	209
33.09	249
35.62	215
32.38	250
33.46	209
36.5	218
34.61	241
34.36	228
34.79	166
34.17	249
34.34	206
35.49	174
36.27	237
36.79	213
36.48	218
36.05	164
36	221
35.52	214
35.25	146
34.29	242
35.36	227
37.22	141
35.98	230
34.01	242
35.56	250
35.99	233
35.58	246
34.33	206
36.45	204
35	181
35.46	246
35.03	231
36.85	202
35.43	203
33.66	237
37.23	178
32.38	241
34.58	133
33.57	205
34.57	254
34.83	216
35.98	166
36.14	192
33.46	243
34.41	242
36.72	181
36.36	195
34.55	254
33.01	246
34.41	236
34.13	250
34.95	190
37.1	210
37.18	174
33.99	246
33.07	224
33.34	185
33.86	197
34.08	226
32.89	36
33.23	202
33.48	192
34.26	201
33.8	110
32.51	221
37.03	167
36.05	165
35.63	212
37.42	204
35.68	106
37.37	195
37.42	116
36.02	189
34.92	198
38.08	143
33.97	225
34.78	220
33.22	161
33.57	208
31.99	190
33.71	199
34.48	86
34.01	205
32.59	56
33.55	181
33.13	199
33.72	198
32.22	59
35.93	110
31.76	212
33.4	65
33.81	162
32.17	218
32.6	205
32.15	225
38.65	122
37.04	122
36.02	204
45.49	21
35.99	221
36.37	196
35.6	224
37.2	146
36.17	213
36.29	182
36.81	191
36.19	176
37.32	145
36.41	186
37.1	176
36.96	185
37.05	205
37.87	175
38.29	216
36.77	214
35.24	167
35.61	182
34.38	180
34.35	202
32.79	192
35.65	182
34.09	201
33.46	222
32.64	221
32.72	212
34.84	178
33.68	221
33.7	155
34.99	135
34.11	177
33.32	126
33.8	183
33.06	104
34.26	172
32.39	192
35.8	222
36.27	216
35.71	218
37.6	153
35.99	192
36.85	152
38.17	199
36.45	174
34.96	227
35.24	183
39.01	104
38.01	169
35.78	209
36.37	208
37.51	175
35.06	210
36.04	211
38.75	110
36.58	149
36.26	159
35.17	160
34.85	174
35.62	146
32.74	220
33.61	211
33.92	225
34.36	207
34.61	214
33.89	227
33.75	226
35.96	203
35.31	185
37.43	48
37.96	168
35.74	189
35.25	45
36.02	126
35.29	12
36.94	91
38.11	222
34.07	170
32.93	163
33.38	172
35.49	119
34.48	205
33.09	226
32.67	219
34.41	137
33.84	132
32.78	189
32.52	216
34.69	187
33.55	213
33.57	197
34.91	216
32.84	144
33.7	223
34.29	188
34.35	92
33.86	180
36.19	198
35.35	173
35.16	225
35.02	212
35.57	309
35.89	172
35.91	194
34.35	211
36.05	138
34.91	226
33.58	203
33.77	175
33.6	218
34	202
32.67	159
34.54	151
34.45	184
34.8	185
32.79	70
33.47	217
37.92	224
36.26	218
39.36	112
38.01	185
37.15	194
38.91	128
36.32	210
36.68	168
38.23	158
36	217
32.82	218
34.57	174
34.05	214
32.24	214
34.75	165
34.25	114
34.07	223
34.27	183
34.07	203
33.93	184
32.62	202
33.78	155
32.86	115
33.55	188
33.14	209
34.61	172
33.34	182
35.41	114
33.04	165
33.98	147
36.69	83
36.93	223
37.8	400
38.63	158
35.49	178
38.23	159
38.66	176
39.35	152
35.91	199
38.53	202
36.47	132
34.61	191
35.42	210
35.47	211
35.58	218
35.69	221
36.07	183
35.3	185
35.48	126
35.97	112
33.88	187
34.35	106
34.35	106
36.72	148
33.58	208
34.13	184
34.13	195
34.78	208
34.59	206
36.65	135
35.61	224
35.95	111
34.1	226
36.24	221
36.75	150
35.66	214
36	182
35.57	200
37.66	196
34.99	219
32.7	209
34.88	208
34.82	143
33.34	188
34.42	205
33.19	220
33.14	226
33.04	102
34.71	150
33.74	205
38.07	185
37.19	179
35.97	354
37.74	124
36.96	98
37.37	217
33.93	218
36.77	224
35.61	196
37.05	134
35.68	212
37.75	163
34.72	179
35.9	197
36.56	152
34.3	215
35.76	227
34.79	213
35.58	200
36.86	166
34.94	222
34.15	211
35.27	211
35.95	159
35.44	162
35.42	224
34.97	220
35.57	221
34.47	226
36.9	162
34.02	114
33.59	219
34.27	201
34.28	134
34.08	192
34.74	158
35.17	175
33.88	80
34.46	139
33.52	128
35.55	189
34.02	199
34.13	183
34.1	218
34.86	139
34.07	201
36.43	201
35.06	193
34.18	199
33.27	211
36.56	208
36.97	187
36.48	222
36.62	219
37.72	144
39.8	200
35.83	187
37.67	221
35.47	179
38.45	123
38.63	90
35.89	227
37.32	81
36.63	227
35.5	225
36.36	197
37.28	145
38.91	263
37.08	86
36.65	206
35.73	190
36.44	192
37.91	140
35.8	215
37.53	139
37.66	130
38.06	204
37.66	160
36.97	203
38.29	174
33.9	140
34.22	193
36.37	127
34.74	170
33.09	213
34.72	179
34.4	181
35.2	202
36.43	156
33.54	220
33.81	221
34.12	217
35.04	164
33.24	211
34.08	183
33.85	225
34.31	154
33.73	178
34.9	161
34.81	161
31.7	189
32.01	195
32.04	209
33.85	182
33.03	137
31.86	203
33.04	177
32.25	172
32.36	192
31.22	210
34.85	187
34.99	187
36.29	225
36.61	216
35.8	154
36.45	204
35.64	137
35.45	227
35.21	215
36.08	183
39.27	206
37.43	134
37.18	122
37.68	149
35.83	220
36.12	223
39.28	202
36.92	194
36.54	221
35.99	217
32.54	212
34.01	113
32.96	215
35.03	134
34.86	65
35.31	58
35.1	181
33.76	201
33.31	215
32.25	217
33.32	185
34.53	162
33.07	179
32.54	124
32.56	76
33.28	205
33.84	130
33.27	177
33.82	202
32.37	225
33.25	146
34.34	214
34.16	96
32.03	220
32.97	213
33.54	205
35.48	145
33.16	219
34.9	133
32.27	51
37.99	215
38.11	133
35.99	205
36.13	216
35.37	177
36.21	217
34.74	212
35.93	221
38.59	141
38.08	148
33.58	224
32.4	224
34.8	238
34.11	169
34.01	147
33.31	199
34.34	169
33.42	177
33.95	175
34.93	150
35.88	200
34.52	177
34.81	210
35.74	155
34.94	223
35.3	208
36.84	170
35.13	213
34.71	184
35.21	204
34.74	187
34.94	220
36.1	224
36.44	155
35.7	215
34.71	221
35.07	215
36.26	75
36.98	139
35.7	226
34.91	221
35.82	186
36.43	117
35.24	106
35.88	168
37.29	172
35.16	218
36.31	139
37.32	150
34.94	197
35.02	175
32.31	162
34.11	167
32.52	226
32.27	57
33.54	170
33.69	166
32.98	194
33.18	196
32.77	200
34.64	90
34.44	216
34.7	194
34.58	220
33.71	224
35.18	184
35.06	188
34.09	36
33.31	208
35.55	96
38.08	210
37.3	218
37.41	212
38.46	192
35.35	169
39.27	215
39.22	222
36.32	144
36.6	397
39.48	150
34.61	227
35.56	211
35.87	169
34.6	224
35.76	163
35.51	220
36.1	201
35.09	225
34.5	126
37.3	226
35.36	188
33.22	211
33.44	224
34.54	178
33.64	177
33.36	216
34.11	219
33.54	189
32.71	220
33.67	222
36.23	168
35.59	222
36.57	212
35.81	111
36.03	209
34.77	225
35.75	215
35.33	163
35.7	190
35.26	215
36.14	136
34.51	210
37.11	212
35.27	146
35.58	219
35.89	192
36.21	160
36.03	211
37.46	197
36.05	215
38.45	288
38.95	207
34.93	169
36.78	359
36.83	20
36.65	226
34.87	224
34.26	227
40.84	2
34.77	188
36.04	215
36.69	205
36.09	202
36.07	220
38.05	312
37.03	190
35.83	121
36.43	204
36.31	222
35.96	205
34.01	223
36.62	122
34.6	86
33.73	78
34.99	227
34.3	215
33.43	191
34.67	191
34.07	198
34.5	126
35.15	221
37.13	185
37.42	110
36.41	112
36.57	171
37.8	90
35.94	195
35.46	220
36.67	215
36.57	146
37.63	189
36.65	211
35.17	217
36.73	203
36.38	214
36.22	179
38.55	121
37	206
35.65	162
35.85	214
34.64	207
35.23	215
34.7	129
34.06	224
34.37	261
35.17	218
37.44	174
35.25	218
35.35	207
35.94	192
34.65	201
34.78	159
34.09	186
34.24	171
34.63	195
34.23	209
34.38	171
34.81	221
33.53	216
33.04	211
36.08	140
36.95	120
34.49	187
33.34	226
34.6	222
34.55	188
34.31	165
35.36	135
33.36	219
36.07	170
33.51	192
33.46	173
33.09	169
35.6	161
34.73	171
34.46	196
34.47	118
33.67	85
33.2	73
34.18	216
40.12	98
34.65	198
39.05	109
37.94	143
36.83	163
35.61	215
38	178
36.35	152
37.69	184
35.01	218
35.38	162
36.16	178
35.21	225
35.88	212
35.18	169
35.56	200
34.35	187
34.66	200
35.8	94
34.44	83
36.42	316
34.19	168
33.25	200
32.97	206
34.27	220
33.16	167
33.26	153
33.94	191
34.09	82
31.69	5
34.95	141
35.01	102
33.75	215
34.07	214
34.64	186
34.36	214
34.56	88
33.12	226
32.61	224
33.56	287
35.46	385
35.9	90
34.15	226
35.46	148
35.33	116
36	178
35.21	102
36.87	144
35.01	176
33.8	214
35.79	164
34.6	145
35.15	163
34.93	177
35.25	193
34.15	221
34.01	191
34.01	211
35.49	76
34.85	195
33.21	225
34.12	224
35.33	144
34.05	199
34.64	206
35.27	214
35.53	277
33.86	211
34.23	227
34.44	202
33.35	74
35.68	224
35.82	218
35.07	117
35.8	176
34.84	206
36.38	183
35.75	225
35.44	116
37.58	177
34.68	220
34.12	167
34.49	203
33.76	220
34.55	214
33.68	219
34.27	210
33.61	204
33.74	215
34.64	193
33.24	202
31.96	225
33.83	347
33.72	175
34.03	202
33.65	198
33.83	208
34.23	176
33.55	166
34.36	203
33.55	121
35.4	152
34.12	195
34.23	221
33.7	206
32.67	205
34.18	196
32.53	208
34.04	136
32.42	222
35.66	211
36.22	365
35.68	66
35.37	204
35.09	220
34.63	205
36.61	172
34.09	224
35.26	207
35.39	196
33.39	206
33.46	157
35.25	146
35.69	181
33.19	207
34.39	179
35.02	174
34.91	196
32.93	39
33.67	191
38.06	177
37.15	209
36.14	202
36.31	36
37.3	145
36.28	218
37.06	129
36.01	164
35.91	227
35.25	221
34.36	222
36.39	94
36.62	174
35.71	170
34.6	160
35.34	195
33.57	173
34.79	223
36.38	201
36.09	136
33.33	198
33.67	192
33.28	175
34.71	98
34.17	195
33.92	140
32.52	47
33.06	176
33.92	93
32.2	31
34.07	218
36.83	193
35.34	184
35.02	124
35.18	225
36.41	186
35.34	183
34.34	222
36.99	84
35.08	225
35.47	217
39.19	106
38.75	142
36.54	206
35.5	213
36.2	188
36.48	223
37.11	206
35.5	169
37.83	105
32.64	222
33.68	188
33.22	161
32.41	220
35.83	124
33.83	197
35.45	127
34.82	199
35.29	165
34.74	176
34.75	86
34.59	200
34	186
33.84	217
34.78	95
33.46	216
35.08	88
35.23	147
34.65	142
34.61	144
38.24	184
36.73	193
35.45	226
37.26	140
34.84	207
36.4	214
35.71	136
35.63	188
48.49	33
35.18	187
37.67	214
36.25	218
37.6	88
34.64	227
35.06	198
36.15	205
36.78	208
34.86	173
35.75	222
37.09	223
33.94	206
34.89	145
34.92	144
34.39	189
34.59	208
33.84	227
35.78	171
36.83	154
34.97	139
38.02	290
36.34	147
35.73	168
34.81	203
35.54	206
35.73	168
35.73	168
35.36	150
35.29	201
35.29	196
34.63	174
34.59	210
33.7	222
33.26	224
34.07	227
35.3	218
34.37	210
34.16	226
35.11	185
34.42	216
34.26	223
34.12	208
33.79	183
34	218
35.35	212
36.21	201
34.9	193
34.36	199
34.3	200
34.79	222
33.28	211
37.57	145
37.27	363
37	133
34.57	209
36.85	204
36.78	44
36.82	199
36.22	100
36.15	206
36.92	178
36.1	202
35.66	197
36.9	201
37.28	136
35.67	186
36.56	112
35.64	125
34.08	220
33.78	198
35.33	195
36.36	218
35.53	197
35.65	214
35.29	182
36.77	99
35.02	128
35.73	218
37.04	154
36.25	202
37.35	180
33.92	215
35.57	211
34.72	203
35.23	227
34.61	187
33.35	219
35.88	183
34.27	218
34.76	192
35.81	138
34.36	178
33.76	186
35.19	130
34.27	184
34.08	221
33.52	203
34.53	187
34.43	115
35.01	103
34.21	63
35.61	119
35.92	196
34.35	219
36.01	133
33.91	129
35.73	54
40.64	46
36.31	184
33.66	211
33.56	223
36.96	213
36.64	221
36.6	217
37.21	222
35.1	204
35.92	196
35.19	225
36.92	190
37.07	183
37.85	136
34.26	216
34.74	160
35.05	195
33.82	223
33.66	193
36.06	113
34.18	185
34.68	221
33.04	204
34.12	136
32.9	202
34.07	172
35.67	185
32.76	227
34.37	223
33.52	224
33.01	190
33.69	179
33.15	218
35.8	191
36.15	177
35.27	196
35.2	212
34.79	227
35.62	125
35.7	130
35.54	213
35.41	199
34.8	194
34.24	220
35.39	216
36.09	208
34.14	222
35.58	224
34.73	173
34.83	183
35.22	222
34.47	224
34.51	159
35.35	197
32.35	217
34.89	135
33.54	224
35.33	139
35.56	122
34.3	218
33.15	215
33.64	135
33.36	186
35.27	175
34.94	176
34.25	168
33.73	194
33.26	227
32.94	79
34.37	203
34.63	179
32.84	218
33.63	194
32.48	207
37.75	125
36.07	209
36.72	212
36.19	156
35.89	219
35.5	212
35	112
36.14	218
35.98	77
36.06	158
34.06	217
35.64	198
35	227
35.86	207
34.8	171
34.31	212
34.95	160
34.63	189
34.22	227
35.14	131
36.44	194
35.58	175
35.33	214
36.08	179
35.91	186
33.83	212
35.42	203
35.09	26
36.75	208
35.08	208
36	206
37.32	196
37.1	183
37.58	184
36.91	166
36.11	225
36.79	131
37.03	208
35.67	201
37.37	194
34.13	158
33.13	102
33.32	180
35.42	124
32.77	225
32.78	99
33.27	156
35.1	176
34.76	127
33.85	154
33.73	257
34.35	192
34.67	167
32.45	176
32.95	56
34.6	175
35.04	125
34.9	124
33.1	205
33.07	141
34.36	93
34.88	223
35.14	71
34.45	106
34.87	214
34.79	207
35.63	226
33.94	219
35.01	219
35.94	152
33.56	101
32.92	219
33.09	162
34.03	165
33.34	222
35.17	73
32.4	221
35.21	217
33.91	209
34.93	218
34.91	201
32.73	154
34.35	195
34.39	315
33.41	219
34.12	220
33.14	204
33.98	176
32.53	213
32.3	216
32.91	212
33.75	175
32.03	210
34.97	178
32.37	225
32.45	117
33.32	112
33	125
33.36	119
33.24	144
35.1	206
33.92	195
36.14	193
36.41	136
36.96	150
37.91	178
34.77	173
35.03	218
34.12	194
35.73	168
38.47	221
38.09	199
38.95	102
38.45	112
36.86	205
38.55	220
36.45	217
37.87	227
39.23	141
39.42	162
36.28	192
35.59	137
35.59	201
36.26	98
35	98
34.45	217
34.75	209
35.01	59
35.52	80
35.37	215
34.75	188
33.97	206
36.66	201
34.31	203
34.22	189
34.97	141
36.22	227
34.69	221
34.76	192
35.84	255
34.49	147
35.03	201
33.36	205
34.56	225
34.49	256
33.84	162
34.42	213
33.28	169
33.9	173
33.32	225
32.85	219
32.98	212
34.67	227
33.44	195
34.08	103
34.84	212
33.9	215
34.63	184
33.17	201
35.87	186
35.87	219
36.43	204
36.16	204
36.1	186
37.03	222
36.38	170
34.93	210
36.89	157
37.86	145
37.74	80
32.59	214
33.72	214
35.22	200
33.36	218
32.66	71
34.26	172
33.06	217
33.37	80
33.47	159
33.89	189
35.91	219
36.27	172
37.5	202
35.48	221
36.69	216
36.32	200
34.6	211
36.78	155
36.8	223
35.78	174
33.45	129
33.56	216
34.11	170
33.81	387
32.62	225
32.1	201
33.5	203
33.18	205
32.29	218
34.14	107
35.92	209
35.46	218
35.28	216
38.53	186
35.11	216
33.33	226
34.71	203
35.13	200
35.45	227
38.05	172
34.04	206
33.71	227
35.23	190
35.26	213
35.98	118
36.58	150
34.46	217
36.68	137
35.87	221
35.73	151
33.42	217
33.41	225
33.6	175
33.47	219
32.56	213
34.8	174
33.7	227
33.08	213
33.97	131
33.5	180
34.99	163
33.16	222
34.57	222
33.1	165
35.13	177
34.14	147
34.69	145
33.49	213
34.19	183
33.88	169
33.16	120
34.24	201
34.83	180
34.99	275
34.93	135
34.85	177
34.11	185
35.75	144
34.51	153
33.37	213
37.24	175
37.33	173
35.36	222
38.15	163
36.41	87
36.43	226
35.25	211
35.98	213
36.72	225
37.15	173
36.53	216
37.64	129
36.9	195
38.13	135
35.5	227
35.42	204
37.31	220
36.79	72
36.35	204
35.79	225
38.15	182
36.81	169
35.54	221
36.23	212
36.36	159
37.41	145
36.69	186
35.55	210
35.79	184
36.32	38
37.23	148
36.27	213
36.79	183
35.84	182
35.48	182
35.5	194
36.15	201
35.13	222
36.66	164
37.51	171
36.27	201
36.76	78
34.95	208
40.66	135
36.67	205
36.79	175
34.83	190
36.03	216
35.7	211
36.81	179
38.95	162
35.5	199
36.84	179
37.39	216
35.7	205
37.7	139
36.84	137
36.76	159
36.04	223
34.87	220
36.79	284
36.21	164
37.33	156
38.5	135
37.99	173
36.28	225
36.81	145
36.08	203
38.32	143
37.87	188
37.44	160
38.14	86
35.36	210
36.3	219
37.8	209
35.89	164
35.51	205
32.89	223
35.42	227
35.97	363
34.93	205
37.08	161
36.81	207
36.62	137
37.34	212
36.84	122
35.92	226
36.54	223
36.47	186
38.59	185
34.66	152
34.52	203
34.62	180
33.16	223
36.3	180
35.13	153
34.58	74
34.82	172
35.9	162
35.92	127
33.06	218
33.66	221
33.88	93
34.39	180
34.48	205
34.16	198
34.34	203
33.17	227
33.89	186
34.71	189
34.82	206
34.14	210
34.36	212
34.92	180
34.23	114
35.11	202
33.28	218
34.03	194
33.69	220
34.86	183
34.75	200
34.31	217
34.37	153
36.72	181
33.5	223
36.24	129
33.73	227
33.68	220
33.94	216
34.75	184
36.21	165
35.25	149
38.19	172
36.01	183
36.43	206
37.72	382
37.39	133
37.63	219
36.13	201
35.81	205
39.35	103
37.35	161
37.67	191
36.86	172
38.11	145
35.43	190
38.51	169
35.71	221
36.55	207
36.81	211
37.23	200
36.62	187
37.29	404
37.66	194
36.18	187
36.6	226
37.04	180
35.9	224
36.91	214
37.42	152
33.58	209
34.93	160
35.63	178
34.75	212
34.26	210
35.63	172
33.1	219
33.17	203
34	181
34.28	83
35.82	186
37.09	209
37.39	184
36.36	183
35.74	227
35.53	210
36.48	220
35.78	184
36.55	154
38.43	165
34.96	215
37.53	211
35.46	198
35.66	181
35.69	212
36.33	117
34.75	216
36.07	185
34.09	210
36.49	164
34.6	213
35.81	154
37.54	142
35.88	206
35.29	203
35.11	200
37.29	116
37.19	206
35.68	189
35.21	224
34.02	162
34.2	216
33.83	227
34.27	184
33.93	207
34.7	143
34.98	51
34.2	181
33.85	192
33.38	177
36.03	177
35.85	203
35.38	201
36.27	224
34.65	215
37.41	124
37.34	183
38.17	44
35.55	161
35.22	223
35.62	167
37.15	187
35.36	215
36.72	183
36.72	204
36.2	220
35.41	223
35.43	220
35.28	202
36.04	166
37.65	161
35.68	218
36.06	225
37.23	221
35.45	219
35.25	217
36.24	139
36.92	142
35.27	210
36.08	165
36.34	198
37.45	138
37.99	178
34.83	207
36.65	191
36.24	209
37.7	283
35.55	193
35.84	226
36.11	219
35.01	210
35.28	170
35.27	157
33.98	209
33.7	162
34.31	199
34.95	129
34.98	169
34.53	193
34.54	175
35.16	225
36.61	194
36.94	181
35.41	218
34.95	223
36.81	115
34.19	223
38.34	162
36.8	197
37.78	162
34.78	70
33.32	200
33.63	214
35.65	118
35.03	225
33.79	156
34.13	206
34.29	114
37.94	332
37	43
35.15	171
33.59	214
34.34	96
35.37	169
33.5	209
34	181
34.14	188
34.63	183
33.42	121
34.41	167
37.05	44
37.38	151
35.15	58
34.43	173
35.19	176
35.94	202
37.2	108
37.1	165
36.41	117
34.46	213
35.54	192
36.46	203
36.14	219
35.26	192
34.18	220
36.8	196
34.86	209
37.63	209
36.55	149
35.44	217
34.34	215
35.04	190
36.09	229
35.16	206
35.14	212
35.88	118
36.38	177
34.58	168
37.58	90
35.33	156
34.52	173
33.72	225
35.66	152
34.07	165
33.51	227
35.07	194
34.84	200
34.72	181
33.93	222
34.74	188
35.83	154
37.01	175
38.09	213
36.6	142
38.15	95
35.55	202
36.02	222
37.5	212
37.07	32
36.36	194
34.02	127
33.44	212
34	155
32.63	181
34.81	199
33.55	144
33.43	189
33.09	209
34.89	172
35.96	133
33.58	204
34.92	179
34.02	179
34.38	175
33.92	224
35.1	183
35.53	214
33.5	220
34.46	225
34.28	206
34.51	190
34.63	150
35.05	176
33.95	224
36.66	207
34.87	176
33.17	225
34.82	176
34.06	205
36.27	289
34.52	189
34.87	188
33.8	218
33.73	141
33.79	210
34.34	190
33.25	219
34.66	188
33.45	204
34.16	221
35.56	204
34.19	198
35.54	210
36.63	187
38.22	127
35.1	218
37.98	129
35.46	191
36.32	190
36.16	174
33.76	185
35.5	167
34.18	185
33.14	204
33.76	158
34.2	219
33.92	221
33.67	227
34.47	173
34.4	218
35.16	124
32.85	199
33	179
34.2	192
33.45	217
33.02	209
33.57	186
34.78	155
34.78	222
34.98	175
34.34	220
33.24	216
34.62	116
34.47	207
34.45	172
34.71	201
35.12	201
33.1	222
34.36	211
35.29	177
35.01	222
34.76	168
33.41	181
33.41	222
35.99	114
33	202
32.86	215
32.41	9
35.21	165
34.9	221
38.05	166
38.63	157
35.71	36
37.21	362
36.12	151
37.14	157
35.89	184
36.62	146
35.77	210
35.55	170
35.24	225
37.58	213
36.52	152
37.94	189
37.19	260
37.92	160
39.61	179
35.65	181
38	192
38.81	165
33.11	219
33.81	171
35.54	151
33.51	39
35.18	167
34.38	85
35.75	145
32.23	193
34.15	142
35.01	211
35.28	203
35.32	219
36.93	127
36.47	100
42.7	27
36.62	194
34.7	202
35.91	188
34.9	190
34.47	190
32.8	226
35.65	184
34.2	167
33.31	203
34.19	83
35.44	173
34.53	89
34.26	207
34.63	193
34.58	170
36.61	173
39.39	139
37.04	212
36.24	210
37.31	75
38.3	181
39.09	115
37.31	179
37.11	205
36.59	197
35.15	184
33.37	149
32.1	194
34.97	181
34.61	181
32.8	220
34.65	188
33.77	54
33.5	212
34.1	219
38.28	178
36.32	157
36.2	203
36.44	212
35.78	133
36.58	186
35.39	216
36.37	159
35.6	57
34.77	214
33.35	211
32.62	222
33.79	226
34.04	186
33.83	93
34.15	178
34.61	219
33.64	173
32.63	190
32.92	221
34.99	220
34.34	119
33.96	200
36.13	207
35.87	136
36.13	207
34.5	216
33.79	218
33.12	215
32.31	211
36.21	191
36.17	150
35.79	185
36.83	203
37.02	167
36.59	191
36.48	179
33.91	20
35.04	226
36.26	225
35.48	219
35.41	168
35.45	127
33.57	222
36.41	150
35.06	201
36.17	137
35.86	195
35.24	192
34.95	187
33.45	179
34.29	130
35.72	191
33.65	206
34.23	196
35.19	141
34.16	217
34.32	217
34.76	225
33.32	63
37	119
36.96	96
36.48	126
35.6	179
37.01	149
38.13	178
36.2	205
35.38	162
36.54	136
36.49	208
37.41	145
36.09	216
35.95	212
36.11	217
37.37	190
36.94	193
36.28	159
35.86	125
36.13	175
36.73	217
34.23	218
34.62	118
34.32	184
34.79	93
35.48	177
35.47	203
35.63	189
36.14	138
33.45	190
33.88	225
33.49	208
35.6	211
33.35	191
33.92	176
34.09	156
35.63	211
34.17	110
33.34	219
33.76	164
33.28	214
33.85	181
34.29	173
33.71	210
34.47	93
34.03	203
34.51	179
33.6	220
34.13	154
35.07	163
34.82	175
34.31	208
33.03	152
35.1	156
35.04	168
34.26	222
33.24	195
34	226
34.42	167
34.69	177
34.59	154
34.87	209
35.54	215
36.68	179
36.6	129
35.87	132
36.38	125
35.13	225
35.02	192
34.5	219
35.92	69
35.19	208
34.39	150
33.52	223
34.25	45
34.59	156
34.62	157
35.89	168
35.51	202
35.11	203
34.76	176
34.26	53
38.59	146
37.34	176
37.1	185
37.17	147
35.49	216
36.74	194
34.69	217
36.37	223
36.75	185
35.63	192
33.96	211
34.53	196
35.81	207
34.52	186
34.86	191
36.29	199
33.74	224
35.44	209
35.52	149
33.99	219
35.52	146
34.89	181
35.14	136
34.49	221
35.15	178
34.48	225
34.55	217
34.28	214
33.77	218
33.82	45
33.45	205
35.71	151
33.38	111
33.93	70
33.36	176
33.65	224
32.84	193
32.03	78
31.71	225
36.02	200
35.77	192
36.72	225
37.03	123
36.89	137
36.55	175
34.69	220
36.14	224
36.98	206
35.93	183
33	227
34.33	127
33	227
33.78	206
34.4	176
34.58	189
34.44	184
32.93	203
32.16	200
34.44	184
32.12	195
34.43	226
34.64	180
34.13	161
35.16	145
35.29	171
33.15	126
32.55	186
33.77	182
33.15	226
36.92	199
36.64	226
39.48	99
34.5	187
38.43	136
37.05	216
37.71	105
36.6	224
37.71	176
36.01	226
38.4	205
36.44	198
37.05	205
36.84	152
37.26	225
36.52	138
35.66	222
34.69	220
36.27	224
36.09	201
34.87	187
36.72	141
36.63	170
37.22	91
37.68	178
34.37	208
35.84	221
36.29	170
34.61	219
37.14	104
33.92	190
32.86	195
34.27	176
32.45	74
34.43	190
34.06	209
33.89	194
33.29	205
38.74	19
33.98	191
33.36	150
33.22	205
33.12	186
33.37	182
32.91	205
35.12	243
33.12	186
33.03	208
34.1	186
34.02	195
34.31	178
33.43	166
33.35	176
33.94	208
33.24	200
33.8	133
34.54	218
33.63	205
32.92	179
34.09	216
34.94	185
36.25	141
34.66	198
35.07	133
35.91	221
36.14	118
36.12	227
34.97	225
35.45	45
34.42	222
34.28	161
34.48	121
33.45	202
34.95	87
34.63	213
33.18	218
32.99	225
32.97	212
33.88	151
34.25	177
32.37	216
33.25	182
32.94	223
33.2	223
33.9	116
34.54	169
33.35	183
33.98	199
32.46	209
34.73	383
34.34	164
34.48	169
34.45	186
33.97	189
34.67	119
34.82	168
35.08	185
33.03	166
35.11	74
34.27	149
34.58	226
35.75	158
35.7	150
35.18	225
35.54	62
37.74	166
35.57	333
37.54	152
35.27	225
33.95	227
34.1	100
34.23	100
35.16	126
35.52	227
34.2	100
34.2	100
35.49	218
34.45	192
37.1	127
34.23	100
35.29	72
36.37	222
34.74	222
36.31	185
33.63	220
35.8	205
34.68	204
35.04	200
34.42	203
35.18	205
31.92	218
34.7	220
34.75	173
33.38	404
35.65	172
35.72	145
34.2	197
33.3	214
35.31	120
33.79	222
35.78	212
36.36	215
35.76	213
36.99	371
35.99	227
37	216
37.26	140
36.21	219
37.86	119
100	0
34.37	211
34.11	210
35.53	197
36.33	180
33.84	226
34.83	111
34.12	143
35.18	184
33.91	216
34.29	150
34.83	218
36.27	177
36.41	140
35.25	218
35.94	218
36.74	108
36.06	220
35.42	113
35.12	180
34.99	219
35.11	219
36.92	212
36.64	207
37.22	185
36.15	175
35.24	217
36.07	191
34.75	223
35.45	208
35.38	226
34.73	170
33.1	189
33.12	225
33.24	219
33.13	202
34.09	185
33.08	93
32.76	191
33.29	60
33.95	76
32.45	224
33.69	186
32.54	225
33.46	99
34.69	76
32.33	224
33.15	127
34.57	180
33.9	215
33.06	208
33.32	219
33.23	220
33.56	206
34.48	172
34.25	203
33.35	209
35.81	180
33.16	215
34.19	215
33.93	193
33.8	201
35.79	223
36.01	125
34.33	175
33.56	221
34.93	186
34.56	209
33.46	225
34.82	141
35.36	152
35.24	215
34.54	160
33.52	211
34.31	174
32.72	226
32.08	66
33.01	158
34.26	195
35.18	117
34.48	115
35.04	121
34.28	220
35.03	203
34.13	169
33.53	214
34.02	122
32.58	72
32.45	191
34.07	179
35.15	123
34.37	188
34.08	219
37.05	181
34.65	138
35.63	184
33.78	207
34.63	222
34.42	200
36.03	195
36.21	172
34.52	154
34.45	124
34.24	218
34.81	196
34.18	210
33.12	214
32.69	211
34.05	134
34.07	152
34.56	187
35.24	222
36.19	184
37.17	129
36.36	175
35.67	190
35.72	181
36.27	196
34.68	195
36.5	218
37	167
34.47	227
34.86	220
33.81	191
35.05	149
34.36	217
32.85	189
37.18	180
35.47	189
35.62	113
33.96	198
36.6	146
34.88	187
34.73	194
36.82	160
35.55	225
34.27	220
34.73	208
35.43	128
35.65	187
35.18	175
35.74	199
35.36	207
37.55	98
35.59	75
34.78	226
36.53	156
34.63	203
36.91	190
35.65	225
35.04	221
32.96	222
33.62	193
34.01	176
33.36	203
33.44	190
32.82	215
34.66	227
33.37	207
34.35	206
34.6	172
34.66	181
34.71	211
33.21	205
35.19	171
33.64	208
35.37	117
34.5	209
34.56	226
35.03	152
34	218
34.38	159
32.48	199
33.06	207
33.08	204
33.03	205
33.13	217
33.46	116
30.77	27
36.76	108
33.11	205
33	222
33.62	193
32.9	203
33.68	190
32.79	215
33.58	207
34.32	206
34.13	148
34.6	172
32.64	183
36.06	181
35.86	139
36.02	227
36.23	186
35.19	208
34.74	222
35.5	189
35.23	133
35.28	221
35.39	154
34.43	214
34.39	96
35.39	156
35.8	127
34.88	128
35.96	134
34.79	217
35.52	175
32.61	61
33.79	190
36.24	168
34.59	222
36.46	217
38.1	138
34.93	208
36.84	186
36.76	219
36.23	225
35.89	151
37.7	129
36.23	155
37.13	214
39.32	173
38.15	150
36.18	209
37.03	143
37.76	185
35.79	198
34.57	219
35.31	210
34.18	211
32.45	176
35.75	128
33.51	187
33.98	212
33.85	207
31.74	51
34.93	174
33.73	212
34.71	71
33.77	221
33.83	212
34.56	145
34.41	220
34.73	180
33.54	211
35.16	145
35.29	141
35.35	195
35.25	295
34.99	210
37.31	193
34.88	48
34.58	214
35.81	151
35.8	199
36.54	130
34.9	30
37.13	216
35.15	167
36.35	132
35.92	197
35.26	215
36.53	112
36.95	212
36.96	130
35.2	204
36.06	199
37.64	117
37.15	113
34.39	90
35.23	140
32.87	210
35.1	127
34.02	168
33.6	216
34	80
33.97	177
33.14	223
34.38	177
36.63	350
34.99	173
35.59	206
36.08	220
37.36	173
36.83	96
34.76	227
35.09	203
36.41	161
35.53	203
35.34	193
35.74	210
35.63	147
35.64	220
35.23	203
35.84	227
35.84	175
35.4	220
37.05	160
36.85	227
34.72	216
33.92	225
38	152
35.92	206
35.11	220
35.38	181
35.9	157
34.42	173
36.62	165
35.19	220
37.25	177
35.66	219
37.03	153
35.39	216
37.12	203
36.85	173
36.99	212
35.26	227
36.11	212
34.64	221
36.17	227
33.95	222
36.64	223
36.28	224
36.17	201
36.85	185
36.73	169
38.32	184
35.26	205
37.25	161
36.35	198
34.65	220
35	143
35.93	73
36.53	118
37.26	309
33.73	219
34.68	223
36.52	186
37.87	300
36.01	204
36.09	216
35.6	151
37.8	135
37.9	205
35.41	226
37.57	187
38.35	137
36.54	204
36.13	193
36.09	161
35.37	160
35.36	216
36.19	127
35.32	95
34.56	212
33.44	22
35.87	144
36.15	198
35.3	123
35.79	219
36.53	127
35.57	224
36.38	225
37.15	166
36.89	209
38.19	192
35.82	203
37.89	126
35.9	208
35.41	129
35.01	183
33.67	204
34.95	163
34.76	222
35.19	369
34.09	223
34.81	160
34.86	221
33.03	216
34.13	216
37.9	234
37.59	90
36.35	168
35.94	191
36.46	214
35.89	212
37.77	196
39.66	229
39.87	125
33.17	169
33.99	189
34.43	118
33.04	100
34.96	117
34.52	189
34.05	103
35.46	146
34.52	211
32.85	181
36.26	220
35.94	223
36.31	191
36.16	210
34.89	227
35.53	177
35.91	224
35.53	218
35.53	211
36.02	225
34.67	213
34.59	219
34.42	151
34.12	203
33.21	217
34.15	205
34.88	216
35.23	171
34.64	217
33.58	211
35.33	215
37.45	179
38.98	85
36.64	174
36.75	191
36.42	189
35.29	205
36.3	189
35.71	204
38.76	128
35.42	211
35.96	115
36.39	177
34.62	169
34.67	220
36.04	155
36.22	143
34.88	214
36.31	22
35.78	170
33.04	214
32.94	225
33.61	172
34.49	147
33.6	188
33.66	124
35.04	225
33.06	220
33.73	203
35.05	189
35.43	135
36.82	185
34.59	226
36.08	166
34.79	174
34.72	220
33.65	224
34.19	175
34.91	82
35.27	203
36.81	287
36.51	168
33.07	224
34.93	115
36.08	185
36.86	136
35.67	156
34.87	183
36.83	194
33.85	220
35.17	121
34.21	132
34.27	134
34.05	190
34.4	216
33.99	91
34.07	207
34.54	76
34.74	206
34.76	169
33.93	177
35.45	95
34.81	211
34.62	222
35.05	126
34.92	213
33.57	223
34.56	173
34.79	157
35.6	165
37.26	184
38.66	151
37.28	205
36.33	226
40.43	185
38.03	207
37.16	226
36.51	214
36.51	220
36.46	214
35.31	227
35.14	177
34.95	215
34.36	227
36.81	151
35.19	210
34.84	212
35.67	204
35.32	221
35.44	211
33.2	222
34.52	168
33.84	199
34.3	176
33.39	90
32.65	193
34.73	204
31.7	50
33.69	165
33.94	202
34.53	168
33.21	194
34.1	202
34.91	171
32.12	50
34.86	204
33.68	174
34.25	176
33.65	174
32.27	214
34.2	79
34.85	206
35.59	93
34.25	216
34.37	181
35.96	191
34.99	190
35.35	99
34.46	218
36.09	205
33.77	191
33.59	212
33.55	214
33.75	189
36.85	170
34.96	169
34.48	150
34.55	227
33.57	222
34.06	208
33.54	184
34.97	180
34.14	208
34.5	172
32.84	195
34.01	193
33.7	227
34.58	148
32.83	193
33.94	219
33.91	205
33.28	191
32.42	51
34.56	204
34.4	156
35.1	217
34.02	210
33.29	198
33.69	209
34.17	184
33.66	136
33.87	221
33.4	160
35	131
33.56	88
34.75	223
34.52	104
33.38	195
33.56	184
32.99	211
33.48	185
32.94	215
34.39	147
36.39	182
34.81	190
34.25	171
33.08	226
32.7	222
33.84	179
34.68	55
34.14	221
34.65	180
33.9	200
34.02	218
34.01	176
33.85	222
33.24	201
33.24	201
34.04	218
34.53	157
33.68	148
34.16	205
34.06	212
33.15	226
33.24	209
33.03	81
33.85	173
33.58	213
35.38	207
33.85	189
33.79	218
35.23	159
35.26	156
35.41	219
34.29	212
33.79	218
36.83	165
35.71	191
36.96	245
34.67	210
37.17	299
35.95	199
35.27	49
36.16	219
36.48	135
36.91	192
36.35	121
35.76	221
37.94	137
36.8	204
34.51	205
33.75	222
34.08	204
34.58	192
34.61	188
34.86	172
34.23	158
33.29	206
33.54	193
34.59	131
33.83	291
34.43	146
32.22	42
35.1	193
32.98	206
34.2	223
33.26	203
35.13	207
34.76	94
32.57	176
34.54	207
35.98	186
34.9	165
35.74	167
33.7	203
34.48	216
35.01	344
34.49	216
34.86	180
34.92	211
34.78	97
34.08	193
34.07	215
36.14	133
34.17	221
32.54	146
32.36	220
33.27	190
33.16	209
34.59	172
34.66	206
33.26	207
34.69	148
33.06	52
34.18	135
35.71	200
35.14	203
32.82	211
33.91	201
33.02	225
36.24	216
37.21	168
38.1	216
36.82	139
36.43	160
36.65	170
36.95	199
35.83	158
35.88	222
37.9	176
36.5	158
35.36	217
35.29	130
36.21	135
33.84	219
35.52	214
33.98	198
35.04	189
34.65	147
35.07	188
35.38	157
36.99	197
36.75	192
37.06	188
36.82	157
35.93	226
35.8	227
36.2	196
35.33	204
36.33	185
33.87	204
32.36	217
34.43	174
33.77	216
33.31	204
33.43	180
35.28	145
34.48	196
33.86	136
33.32	70
34.8	221
33.29	226
35.47	180
34.13	208
34.18	217
35.27	143
35.09	173
34.66	177
33.77	221
34.41	177
36.12	121
37.48	132
35.11	186
36.7	95
34.99	226
36.57	172
35.83	199
35.43	207
34.77	194
36.67	156
34.93	179
31.66	49
33.18	177
33.97	221
32.92	196
35.52	167
34.97	211
33.49	198
32.54	141
33.19	40
33.88	169
34.05	186
32.74	72
33.65	227
34.14	208
33.65	204
32.16	227
33.33	210
34.38	186
32.81	199
36.74	198
35.77	215
35.97	103
36.86	232
35.67	59
35.8	199
36.62	215
36.82	206
35.56	206
35.93	213
34.65	218
33.93	208
35.35	178
35.69	217
35.43	163
35.32	220
34.95	192
34.31	195
34.24	218
34.78	168
32.65	221
34.39	217
35.42	187
34.81	199
34.01	227
35.02	197
33.38	208
34.36	212
34.64	204
34.67	181
35.62	170
34.83	138
34.32	110
34.6	222
35.23	135
33.18	210
34.24	171
35.04	188
35.28	162
33.99	138
35.15	224
35.25	177
34.44	212
34.72	222
35.06	147
34.79	177
34.4	210
33.94	204
33.54	201
35.44	174
34.33	198
34.45	226
34.16	395
34.33	153
33.57	214
35.22	219
35.77	170
33.97	98
34.54	138
33.26	152
33.11	206
33.42	215
34.02	195
32.45	217
32.41	207
33.51	85
33.94	175
33.95	225
34.35	217
33.89	194
32.04	221
34.18	178
33.23	223
32.49	226
32.87	218
33.77	170
33.15	199
33.45	201
34.04	142
34	170
36.21	193
36.42	226
39.35	150
34.95	220
36.05	195
35.49	214
35.49	182
37.03	116
37.1	210
37.02	198
33.21	187
35.93	214
34.16	157
33.21	203
33.94	226
34.47	201
34.95	176
34.14	142
35.01	186
33.94	202
37.44	159
36.76	173
36.2	194
37.27	120
35.79	217
35.19	200
34.82	219
36.96	218
38.52	103
35.49	182
34.76	224
38.98	189
36.17	203
36.08	192
35.65	225
35.34	193
34.7	224
37.22	200
37.06	173
35.31	62
33.74	168
35.12	170
33.28	221
34.48	172
33.45	219
33.56	172
33.11	140
33.04	221
34.12	146
34.09	171
34.03	212
35.76	166
35.22	202
34.86	217
35.22	158
33.81	223
35.46	171
34.9	192
34.33	206
35.03	168
38.14	148
36.25	220
36.59	196
37.85	163
36.08	225
36.62	176
35.38	223
35.76	217
35.72	223
35.16	199
35.97	214
38.34	119
35.05	218
35.32	201
33.94	98
34.64	159
34.46	177
35.75	81
34.28	221
35.04	203
33.54	227
34.64	194
34.2	167
33.93	183
34.11	118
35.56	204
34.44	205
34.28	211
34.63	161
33.81	220
35.4	190
34.98	222
35.88	155
35.92	201
37.22	178
37.02	161
35.72	178
36.46	154
37.53	164
35.39	136
33.39	74
33.78	201
33.63	219
33.98	214
34.27	117
33.7	189
33.57	224
33.1	198
33.14	203
34.49	208
38.05	138
36.71	194
36.52	191
36.05	200
36.46	203
36.03	211
35.08	221
37.4	95
36.33	145
37.22	115
34.38	167
36.3	214
34.96	213
35.15	209
35.72	218
34.14	180
34.82	224
34.21	207
34.94	194
36.68	135
36.15	153
35.15	357
35.65	189
36.46	199
37.67	140
34.8	203
35.97	158
34.69	158
35.21	202
38.1	209
33.95	206
32.81	197
33.66	196
32.67	214
35.88	195
33.01	211
34.97	199
34.87	223
34.18	213
34.59	195
34.96	182
37.23	169
35.65	191
34.64	113
36.95	152
36.41	187
35.85	224
34.59	204
37.03	195
36.22	143
35.41	211
36.55	162
36.5	185
35.93	199
33.83	227
36.55	161
36.69	163
34.96	218
35.12	222
37.37	109
35.31	193
35.7	226
38.39	166
37.3	191
36.81	217
38.04	329
36.77	188
35.3	200
36.38	74
35.48	76
34.17	177
33.81	216
33.19	182
33.52	150
34.59	84
34.43	201
33.89	199
34.12	178
33.54	219
32.91	35
34.11	199
34.69	190
34.32	185
35.25	178
33.81	178
33.75	222
34.19	218
34.61	138
35.18	190
35.07	186
33.64	199
34.17	214
34.14	211
34.27	211
34.27	211
35.6	178
36.63	61
34.43	203
34.27	211
35.1	218
36.21	124
35.94	211
36.47	99
35.56	181
37.07	117
35	125
33.86	217
35.5	174
37.05	95
34.68	208
33.23	225
34.1	206
37	212
35.88	156
36.08	304
34.57	168
34.83	223
34.83	185
34.19	221
33.74	116
35.58	161
36.21	155
36.6	206
33.83	5
36.28	123
36.68	164
35.22	198
34.76	87
34.7	202
37.5	75
37.22	197
35.33	95
37.15	179
35.11	199
34.99	158
35.65	218
33.29	225
36.32	205
35.75	204
35.73	218
36.19	200
34.24	222
36.19	192
37.67	190
36.83	218
36.27	176
35.72	194
36.75	203
35.96	180
36.3	204
34.54	208
34.74	192
37.42	169
35.13	185
36.35	200
34.63	186
34.58	210
35.75	200
35.36	194
35.33	102
33.78	156
33.66	224
35.34	123
34.11	192
32.59	50
34.78	218
34.38	194
35.09	215
35.66	154
35.13	177
34.45	209
34.77	195
34.33	114
35.49	135
34.6	202
34.36	195
36.03	178
35.3	143
35.38	181
34.51	163
34.28	81
33.19	215
33.22	227
34.54	172
33.4	155
34.94	180
35.51	125
32.96	182
34.59	225
34.81	207
33.46	115
33.41	62
34.57	396
34.3	193
34.49	201
33	192
33.48	160
35.57	179
33.71	227
34.06	213
33.22	226
35.25	217
34.15	214
33.84	216
34.36	99
35.47	224
34.65	226
35.08	180
34.86	183
35.16	222
36.22	199
34.87	221
35.49	227
35.85	190
36.79	77
35.17	212
35.3	81
36.51	213
35.33	227
35.33	227
34.95	199
34.17	141
34.24	221
35.78	224
33.51	214
34.93	183
36.02	150
33.24	201
33.72	215
34.68	186
33.4	180
33.9	168
33.38	220
33.89	134
33.44	226
34.89	164
34.05	201
33.53	225
33.45	195
33.23	227
33.24	207
35.44	182
33.51	226
34.02	216
32.93	227
34.25	224
35.34	132
35.54	155
35.49	222
35.96	174
34.19	211
35.09	209
34.42	220
35.27	197
34.15	201
35.1	224
35.09	214
34.56	110
34.6	110
34.17	197
36.78	207
36.4	203
36.69	124
38.11	111
38.2	139
36.61	210
35.51	183
42.86	86
36.78	206
36.34	220
36.54	202
35.87	99
36.2	160
37.35	203
36.46	94
36.21	213
36.99	169
35.63	202
36.23	223
34.83	2
34.49	196
35.59	182
33.11	128
32.72	223
31.53	68
33.18	226
33.16	199
34.04	169
32.65	224
32.34	223
37.63	97
37.51	197
37.56	199
35.69	211
36.7	143
36.94	201
36.33	210
36.04	184
36.85	198
36.39	222
34.08	224
31.16	174
33.09	205
34.25	175
33.77	204
34.34	224
32.73	199
32.69	215
34.88	118
33.57	217
36.34	156
36.32	209
34.95	208
37.28	333
34.71	223
34.76	218
34.9	224
35.96	175
34.49	199
35.5	197
33.53	197
33.27	203
33.46	216
34.09	181
34.56	168
33.5	205
33.47	218
33.06	162
32.46	178
33.5	217
34.9	207
33.91	211
34.56	227
34.2	162
35.02	117
34.31	130
34.54	208
34.86	202
34.31	130
35.29	97
35.49	198
35.7	192
36.08	167
35.55	197
35.97	204
35.26	192
35.42	200
35.49	195
36.49	198
35.19	202
32.72	43
35.38	193
33.64	72
34.94	54
37.38	105
36.44	191
35.06	207
35.35	146
32.89	44
36.11	178
35.6	161
34.56	227
34.43	327
34.32	215
34.51	194
34.56	138
32.95	222
33.91	222
34.58	221
34.78	176
33.76	225
33.32	218
34	178
34.82	145
35.31	140
35.25	221
35.01	144
35.21	143
35.09	184
34.21	214
33.77	219
34.78	163
34.19	157
33.91	216
32.22	221
35.9	125
34.76	208
34.12	153
34.41	175
34.13	84
33.86	110
34.81	171
33.77	194
33.23	227
33.74	118
33.81	127
33.81	147
32.84	213
33.1	221
32.7	201
34.04	212
33.98	201
33.79	48
35.39	84
35.41	152
33.11	104
35.5	290
34.79	205
35.26	172
34.49	200
34.3	224
34.09	224
34.44	112
34.32	179
35.07	177
34.02	210
33.83	224
35.37	169
35.25	178
33.36	189
35.14	173
36.16	179
33.67	192
33.48	221
35.41	197
37.22	200
35.44	223
34.73	225
35.09	32
34.86	199
33.46	74
33.51	205
32.55	180
33.09	224
33.62	223
33.79	208
33.74	227
35.31	119
33.53	191
33.43	165
33.7	158
33.92	191
32.39	218
34.01	205
34.02	168
33.09	220
33.41	199
33.22	218
33.2	190
31.72	203
34.19	207
36.02	178
34.01	213
34.96	215
35.58	223
34.09	97
33.84	97
34.62	205
35.32	217
33.49	199
34.09	218
32.73	198
32.9	227
35.39	135
33.47	210
33.02	120
34.14	176
33.05	202
33.17	193
33.57	191
36.52	202
38.54	120
37.51	225
36.92	196
36.09	205
39.58	195
37.11	162
37.42	197
36.73	181
35.63	214
36.92	223
37.24	188
36.75	219
36.33	203
38.08	179
38.58	130
37.97	202
37.79	193
37.86	173
37.12	204
33.9	184
34.23	203
35.97	152
33.37	203
34.14	143
34.67	222
33.96	160
35.18	201
32.93	228
34.52	202
32.41	206
31.89	206
32.7	193
32.79	211
34.42	115
34.35	162
33.54	67
32.64	226
35.2	187
33.74	160
35.43	196
36.76	362
35.06	225
36.91	200
37.33	122
35.77	219
36.28	194
37.88	192
35.35	193
36.91	195
34.47	209
35.14	148
34.89	211
34.63	207
33.88	180
34.92	163
34.67	212
35.38	111
36.67	152
34.1	219
34.33	220
33.85	217
33.65	206
33.18	202
34.97	123
33.56	209
34.27	204
32.92	173
32.73	203
34.76	170
36.99	178
36.17	213
36.52	207
34.89	227
36.3	166
34.69	182
36.56	147
35.25	213
34.52	222
35.69	155
33.07	198
34.22	198
34.71	125
33.72	208
34.16	222
34.74	135
32.97	220
36.56	207
33.53	218
34.42	207
34.97	217
33.86	227
33.65	211
34.1	214
33.75	208
34.02	91
31.83	23
35.2	201
34.69	127
34.01	211
35.1	200
36.44	217
35.86	204
36.4	168
36.52	173
35.41	170
35.26	223
34.93	188
35.72	220
34.67	216
31.83	25
33.17	223
32.86	226
34.13	117
30.86	202
32.72	161
30.86	202
30.92	202
33.48	148
32.95	224
34.46	225
33.9	213
34.69	214
33.81	217
33.38	223
34.97	174
35.22	182
34.68	193
35.8	140
34.79	169
34.53	163
32.59	203
34.31	116
35.2	183
33.5	33
32.98	221
33.22	213
33.96	163
33.53	141
33.37	354
33.63	234
33.26	239
33.55	233
34.25	214
33.9	248
33.23	245
35.29	226
36.07	196
37.05	100
34.79	231
32.71	229
34.07	229
35.57	218
34.69	226
34.2	222
33.23	213
33.77	234
33.63	225
32.35	255
37.84	155
34.76	203
34.6	211
35	207
33.4	215
34.27	215
34.61	240
32.66	244
32.57	254
32.63	250
34.66	246
32.45	241
34.4	202
34.99	225
33.7	231
32.65	238
32.58	246
34.27	218
32.76	241
36.6	166
34.26	24
32.95	251
34.44	202
34.27	203
34.04	195
33.92	211
36.05	209
33.17	255
33.23	230
36.54	122
33.96	190
35.08	163
34.39	212
34.87	176
34.12	231
35.27	226
34.98	213
34.37	230
33.33	252
32.08	246
35.25	163
32.52	222
36.62	136
37.9	119
33.33	201
35	158
33.63	251
33.58	248
32.41	252
32.37	246
34.05	249
37.71	63
36.04	186
36.34	160
35.59	200
32.9	219
33.23	250
36.66	161
34.96	188
34.36	233
35.49	227
33.16	226
32.51	244
33.6	255
33.27	245
33.32	248
34.54	98
33.72	214
33.23	237
33.53	211
32.61	253
37.38	191
36.4	195
36.53	199
37.31	134
34.09	241
35.87	132
35.85	203
34	247
35.46	236
35.65	209
36.27	123
33.8	235
35.55	228
34.98	237
35	237
35.42	252
35.84	221
34.31	205
32.67	239
35.62	216
36.14	230
34.66	196
34.29	238
35.22	237
35.31	151
37.08	141
35.18	194
34.58	228
36.62	223
35.65	212
34.76	252
35.91	136
35.99	227
37.06	222
36.77	223
36.6	150
34.86	254
36.32	158
35.73	210
34.27	253
35.81	177
36.45	192
35.66	241
36.75	198
35.21	220
36.27	83
35.69	228
37.19	160
36.26	229
35.65	234
34.52	136
34.52	224
33.45	212
34.67	148
35.04	210
34.93	219
34.63	148
33.61	188
33.45	227
32.81	237
33.79	250
32.19	255
34.73	214
34.47	134
35.32	219
33.74	217
35.41	371
34.06	236
33.15	248
34.87	244
36.71	190
34.45	229
35.87	212
35.07	214
36.39	198
36.81	234
34.67	227
35.1	221
34.42	231
36.7	170
33.63	230
35.01	153
33.19	255
33.35	247
34.16	223
35.44	208
34.59	112
34.24	224
33.21	494
34.16	248
32.63	252
33.08	254
33.73	248
33.71	222
34.14	151
34.07	209
33.24	251
33.81	127
35.18	77
34.38	151
35.12	248
34.01	225
34.17	250
36.12	235
34.69	215
33.59	214
36.61	260
34.55	243
35.34	148
34.07	211
33.66	251
33.25	219
32.93	233
35.53	204
35.16	163
33.94	242
32.33	216
32.77	241
34.94	131
33.45	230
32.8	203
34.25	201
34.75	189
34.28	213
32.57	234
34.23	225
34.23	225
34.23	225
35.19	106
35.14	126
33.73	77
35.26	333
33.48	217
33.78	208
34.94	183
33.75	229
36.51	139
34.63	203
33.39	134
33.01	251
32.75	240
35.41	241
34.18	129
34.22	211
33.6	199
34.9	118
34.41	64
33.67	235
33.8	108
33.95	250
34.84	236
33.91	240
35.19	149
34.12	188
33.39	255
33.38	243
34.66	168
32.05	247
36	134
35.26	147
33.02	254
36.66	107
35.6	213
35.38	222
33.17	255
34.55	249
34.9	203
35.43	219
35.23	252
35.33	222
34.62	242
34.91	219
34.76	252
34.69	227
33.82	251
33.77	254
34.33	214
35.89	131
35.44	201
35.06	227
