sim	len_diff
34.73	215
34.49	263
34.03	170
34.36	301
35.04	284
33.88	348
33.68	362
34.35	315
33.52	350
35	284
34.04	293
34.19	291
33.35	360
33.94	306
32.96	360
32.89	253
33.68	340
34.57	294
34.44	332
34.64	265
33.78	336
34.33	144
33.4	259
33.73	294
34.26	254
33.55	340
33.81	293
33.81	308
34.43	313
33.64	359
34.42	251
33.52	356
33.52	347
34.52	257
34.03	295
33.84	252
33.17	326
33.07	318
44.69	12
33.03	357
34.06	308
34.01	255
32.75	342
33.74	298
33.89	339
32.64	349
33.64	360
33.96	360
33.96	295
33.88	321
33.38	265
33.82	317
33.66	325
33.82	343
32.62	362
32.7	357
34.55	300
33.23	305
33.67	297
33.91	306
34.55	301
34.02	315
33.86	339
33.86	339
34.48	324
35.19	265
34.35	287
34.33	292
44.71	8
32.79	360
33.77	311
34.16	252
34.29	146
34.35	292
34.35	292
34.35	292
32.57	342
32.39	344
33.12	354
33.39	303
34.04	265
34.91	197
33.42	358
33.94	324
33.78	343
34.37	286
33.7	345
34.75	303
33.26	245
33.47	364
31.48	363
33.21	356
33.23	362
33.69	328
33.02	286
33.1	94
33.25	331
34.52	327
33.9	339
34.09	326
33.52	314
33.77	343
34.55	344
33.79	312
33.25	349
34.67	326
34.19	187
33.68	365
34.43	233
34.42	234
33.59	339
33.85	342
33.29	330
34.68	354
33.9	314
33.18	345
33.28	349
33.57	327
34.18	358
34.28	275
34.09	301
34.15	326
33.61	332
32.6	353
33.17	302
33.92	329
34.07	279
32.86	364
32.99	345
33.76	306
33.59	334
44.85	9
34	253
44.09	9
33.09	306
33.6	363
32.72	364
33.58	320
33.99	259
33.78	323
32.97	349
33.63	356
34.16	249
45.36	9
33.88	357
34.37	244
33.68	348
34.98	273
33.19	365
33.88	361
33.91	302
34.9	269
32.49	359
33.77	350
34.07	297
35.21	263
33.63	315
33.47	360
34.14	296
32.5	353
44.04	11
33.88	282
34.37	244
34.37	244
33.62	211
34.1	331
33.86	334
43.92	10
32.24	354
33.35	343
33.6	356
32.92	362
33.73	343
33.53	340
32.81	362
33.14	91
32.72	364
32.6	353
34.18	297
32.8	363
34.16	248
33.68	325
33.49	365
33	354
32.3	334
33.38	322
34.2	317
33.45	350
34.73	275
33.65	341
33.92	351
33.25	357
37.48	216
32.91	247
34.15	309
34.23	316
34.64	251
32.93	322
32.81	365
34.01	334
34.42	271
33.3	350
33.79	341
33.63	346
33.92	332
34.28	330
34.69	334
33.39	324
33.73	342
32.88	329
33.55	270
34.29	320
33.42	357
33.85	315
33.19	357
35.41	222
33.64	340
33.58	261
32.97	360
33.72	273
33.82	337
32.37	364
34.04	343
33.71	282
32.85	357
34.63	193
34.21	298
33.19	323
32.91	348
32.59	360
32.69	354
34.16	230
44.23	9
32.85	355
33.1	363
34.16	292
32.69	363
33.92	314
32.66	363
33.89	320
33.44	347
33.7	353
34.63	326
34.08	352
32.44	365
33.12	362
44.89	11
33.47	273
34.4	254
32.86	339
34.36	290
33.6	364
32.65	352
33.69	346
33.68	241
33.96	304
33.37	353
32.9	366
32.68	291
32.67	324
33.77	255
33.12	362
32.35	354
34.98	266
34.2	325
32.77	349
33.17	243
32.71	340
32.51	360
33.95	333
32.79	346
33.85	355
34.71	308
34.04	333
35.57	283
32.86	322
32.84	354
33.05	332
34.64	276
34.09	325
34.17	293
34.49	294
33.82	330
33.11	352
32.85	253
33.67	340
34.21	291
33.28	365
33.79	305
34.4	334
33.52	204
35.05	284
33.11	269
34.07	300
34.04	345
33.95	341
33.51	285
32.9	289
34.59	269
33.19	353
32.8	349
33.96	272
33.32	361
33.92	357
33.98	286
35.86	215
43.45	9
37.78	268
34.42	278
34.44	211
33.37	313
33.65	339
33.83	318
35.31	262
34.05	355
33.77	299
33.42	356
33.63	337
34.33	344
33.86	345
34.7	337
33.88	342
34.91	313
35.03	297
34.23	148
33.02	355
44.47	6
33.27	300
33.98	322
33.34	366
33.1	365
33.47	363
35.02	303
33.25	315
33.21	319
33.25	364
34.34	333
33.92	345
34.77	312
35.15	262
43.33	7
34.21	311
32.35	336
33.52	356
34.12	324
34.46	334
34.63	317
35.27	229
33.01	351
35	254
33.67	311
34.43	313
34.26	288
34.99	186
33.37	320
35.19	174
33.21	306
35.93	220
34.09	319
34.1	313
35.14	293
35.07	274
35.56	294
34.68	270
46.93	4
34.55	310
35.05	305
35	284
35.85	208
34.84	181
34.19	302
34.67	281
34.33	317
35.81	269
33.98	325
34.7	297
34.43	285
34.21	191
34.95	221
34.31	184
33.54	275
33.77	307
34.41	457
33.76	208
35.52	250
34.31	312
34.56	182
33.66	319
33.82	272
35.78	274
35.5	297
34.81	311
46.63	42
34.52	295
34.8	264
35.02	321
34.25	312
34.9	260
35.44	225
55.18	13
35.08	305
35.11	183
34.64	296
34.86	304
33.81	314
39.44	23
37.54	134
34.36	249
35.49	291
33.74	284
34.39	318
34.37	258
34.91	242
34.77	229
33.53	299
34.44	264
33.76	288
34.22	306
34.54	276
33.82	308
34.44	232
33.59	140
33.83	301
33.84	315
34.24	320
33.36	318
35.75	184
34.06	181
33.54	323
34.84	310
35.04	299
35.29	263
34.69	317
35.42	227
35.17	265
34.8	305
40.37	34
34.83	246
34.21	322
34.91	295
35.59	238
34.55	322
35.73	294
34.66	271
35.17	292
55.79	21
35.12	283
42.17	47
34.55	312
33.68	274
35.62	221
34.11	276
34.33	289
35.55	257
33.53	314
34.48	282
35.67	276
34.18	309
34.1	323
35.48	311
35.76	270
35.43	321
34.39	243
34.4	213
34.6	316
34.51	324
35.78	290
35.51	283
34.07	286
34.55	324
34.02	208
33.98	180
33.73	308
34.36	294
34.42	295
33.59	312
33.71	280
34.16	288
34.3	297
34.03	258
34.66	302
33.42	266
35.19	287
34.09	117
34.98	252
33.99	314
34.74	238
34.28	307
34.47	267
35.35	270
34.27	259
35.42	307
34.35	268
35.36	202
34.9	205
34.99	301
35.71	281
34.87	176
34.87	300
33.69	125
35.06	148
33.7	275
34.21	302
34.87	301
34.01	310
33.7	322
33.91	271
34.09	293
33.78	320
35.6	247
34.85	261
36.08	242
35.82	233
34.04	300
34.42	324
35.37	259
39.58	21
35.66	300
34.56	320
34.84	282
35.24	233
34.63	316
34.77	302
34.66	312
33.7	315
34.8	300
34.95	308
34.13	289
34.89	222
34.38	299
34.28	289
32.96	280
33.35	272
34.34	279
33.51	315
34	271
33.8	272
32.83	314
33.95	296
35.28	258
34.97	305
35.18	300
35.36	309
36.27	223
36.2	301
35.29	311
35	305
35.24	218
35.02	313
34.45	320
34.12	303
35.18	198
35.84	243
34.33	324
33.57	292
34.78	144
34.67	311
34.28	322
34.85	293
33.91	300
34.36	270
34.53	249
34.78	208
33.84	304
34.48	289
33.58	298
35.02	212
34.77	306
33.28	268
34.97	317
42	34
35.29	235
34.53	272
34.62	301
35.42	280
43.01	74
56.32	4
34.64	319
35.06	261
33.98	269
34.52	164
34.39	323
33.78	283
33.8	315
34.6	309
35.11	211
34	289
34.04	310
34.46	302
34.72	284
56.43	9
40.69	22
34.55	300
34.28	320
35.62	228
34.65	325
35.42	305
34.61	278
37.83	172
34.88	156
33.31	302
34.4	269
35.15	260
35.1	247
35.52	277
34.98	277
34.42	291
34.33	155
34.47	325
34.84	312
34.58	310
34.92	290
39.49	26
35.2	283
34.63	296
35.07	263
34.94	265
34.97	278
35.27	263
35.15	305
34.21	325
34.47	270
34.3	245
32.8	322
36.06	305
34.54	309
34.55	263
34.09	236
33.8	314
34.46	302
33.99	322
34.31	287
33.99	259
34.3	295
35.15	270
33.89	324
35.03	302
35.1	175
34.36	267
34.24	315
34.87	253
35.1	260
57.71	17
34.75	323
34.92	279
35.42	266
35.11	185
34.93	270
33.45	317
35.34	255
34.46	320
35.83	299
35.07	224
34.77	223
35.51	125
35.06	289
40.51	41
35.2	286
35.32	308
55.9	13
35.25	290
35.21	230
35.93	197
33.99	322
35.33	271
34.9	283
35.04	273
35	298
35.73	274
34.39	228
34.26	239
34.73	191
33.81	297
33.99	122
33.57	321
34.36	271
34.88	224
33.65	312
33.42	307
34.15	315
34.32	300
34.36	316
34.84	294
33.91	133
34.34	279
35.87	280
34.62	321
32.71	321
34.54	283
33.44	254
34.8	305
34.29	224
35.09	262
33.62	325
33.04	123
33.98	243
34.11	281
33.99	295
32.79	276
33.99	321
34.71	322
33.96	318
34.11	267
35.61	208
35.38	127
34.9	289
34.37	325
34.6	314
34.46	315
35.36	255
34.43	246
34.83	225
49.2	31
35.32	307
34.69	309
35.09	283
35.64	224
35.3	284
35.57	303
35.12	263
34.12	114
35.35	209
34.56	281
34.42	164
35.25	235
34.31	165
34.37	260
34.42	256
33.79	312
32.04	71
33.27	286
33.09	421
34.36	265
34.1	279
33.39	304
34.53	236
33.78	285
33.69	288
34.5	318
35.36	279
34.13	291
34.25	285
35.45	183
33.89	289
34.73	212
35.07	297
33.63	300
33.72	295
34.19	290
34.92	253
34.58	284
35.5	291
35.71	214
35.73	301
41.5	52
34.73	299
35.05	323
35.39	307
35.48	280
34.69	253
33.05	309
33.46	134
33.72	325
34.64	300
33.5	299
34.51	278
33.99	268
33.65	283
34.37	244
34.45	309
34.85	264
35.34	271
33.99	286
33.46	305
35.38	303
34.92	222
35.97	141
34.81	266
34.74	252
35.54	235
34.6	297
34.7	300
34.71	316
33.97	306
34.89	208
34.95	281
33.99	296
35.21	258
34.65	325
33.98	320
34.72	275
34.57	280
34.93	229
33.94	183
34.33	318
34.67	270
34.5	325
34.33	277
33.99	301
34.03	278
33.36	321
34.34	291
34.33	275
34.47	245
34.23	306
34.59	289
33.18	293
33.11	324
34.59	158
34.31	311
34.95	218
34.77	296
34.27	260
34.99	264
34.28	299
34.81	307
34.17	279
34.33	290
34.43	292
35.55	253
35.86	134
34.6	276
34.53	299
35.85	284
36.12	318
48.63	9
35.15	294
34.1	310
36.24	269
34.42	290
34.55	229
34.31	323
48.35	6
33.62	303
34.4	307
33.84	317
34.86	280
34.72	292
35.92	302
33.81	296
34.88	258
35.02	313
35.25	265
33.83	299
34.21	324
34.45	231
34.84	298
34.32	303
34.88	214
35.17	318
34.47	267
34.66	288
34.63	251
33.93	267
34.96	118
34.3	319
32.84	315
34.69	204
35.18	260
34.93	279
34.8	255
35.27	273
39.93	10
34.64	313
35.96	272
35.55	244
35.74	276
34.72	293
34.84	323
36.33	232
34.27	316
34.81	302
34.31	308
34.86	287
61.89	0
35.64	292
34.59	308
35.16	265
45.88	46
34	298
35.2	281
35.61	125
35.32	239
40.17	37
35.14	306
33.44	69
54.67	3
35.33	224
34.53	288
34.68	307
35.31	318
33.74	289
33.98	311
34.02	317
34.71	273
34.42	315
34.55	270
34.62	293
34.92	285
34.78	181
45.69	40
35.08	235
34.33	311
35.3	230
34.16	299
34.75	313
35.36	242
35.29	282
34.54	269
34.65	201
34.89	242
34.53	303
35.42	216
34.15	321
34.31	316
34.18	315
35	233
34.77	101
41.09	52
34.59	316
35.04	224
35.04	304
33.3	318
34.29	303
34.47	271
34.9	298
34.53	296
34.29	274
34.35	301
33.93	310
34.07	305
34.25	305
35.32	224
34.56	319
34.73	302
34.1	311
34.24	317
33.71	311
35.36	308
35	297
34.03	322
33.45	107
34.09	295
35.02	278
33.18	324
34.29	273
34.21	299
34.37	265
33.79	306
33.37	284
33.98	280
34.04	292
34.76	287
34.99	301
33.73	312
34.56	252
33.82	314
33.3	238
35.32	196
35.07	146
35.46	309
35.18	260
35.33	232
34.51	320
58.15	17
35.26	300
35.73	186
34.92	317
34.98	303
34.45	237
34.54	156
35.84	303
35.06	301
34.39	220
35.06	302
36.21	236
35.13	304
34.66	250
34.14	94
34.64	301
34.6	307
34.22	256
34.64	156
33.17	156
34.22	310
35.01	274
34.9	315
34.77	266
34.67	302
34.37	276
33.72	315
33.79	297
35.95	246
35.69	261
35.27	263
34.77	287
34.89	315
34.31	308
34.18	322
33.82	237
35.14	269
33.54	311
33.29	316
35.38	230
34.42	286
33.76	324
35.38	263
34.71	299
35	287
34.82	279
34.34	261
34.42	226
33.84	294
35.28	257
34.23	265
34.67	229
34.76	266
34.65	216
34.43	308
35.26	295
35.17	239
34.47	306
34.72	286
35.39	287
33.78	280
34.66	287
33.01	70
32.79	81
34.14	136
34.35	313
34.78	289
34.54	299
34.8	311
35.28	294
34.92	173
35.31	310
34.92	313
34.63	317
34.61	310
33.72	274
34.62	285
34.39	303
34.6	283
34.39	247
34.74	317
33.83	246
34.58	306
34.73	286
35.09	226
34.76	302
33.48	311
35.05	290
34.11	238
35.41	280
34.46	322
34.18	181
34.33	279
34.23	294
34.4	152
35.26	266
33.79	260
33.64	310
34.16	282
32.96	321
34.86	221
34.41	234
35.36	266
34.56	273
34.45	223
34.38	285
34.65	266
34.81	247
34.65	266
34.55	310
34.88	256
35.14	280
34.81	307
34.48	227
34.4	282
34.35	295
33.4	321
34.37	216
35.09	253
34.61	261
34.07	322
34.44	303
34.86	208
33.96	299
35.54	207
34.63	305
34.86	315
39	18
34.62	313
34.94	215
35.37	264
34.19	318
34.78	214
34.76	319
34.61	290
34.74	189
34.55	107
54.2	42
34.67	280
34.1	307
35.06	293
34.33	227
34.19	325
35	158
33.48	303
34.67	290
34.01	320
34.96	297
33.6	269
34.65	281
34.38	290
34.34	290
34.53	261
34.66	315
34.91	220
34.7	261
35.91	289
48.24	11
33.25	93
34.24	325
35.35	131
34.18	291
45.46	61
33.48	281
34.31	214
35.34	267
34.73	251
33.7	289
36.07	264
34.72	312
48.62	13
34.38	255
56.99	8
35.51	313
34.03	280
33.41	318
34.1	321
33.44	325
34.06	321
34.72	296
35.05	232
34.67	300
34.74	289
34.09	292
34.97	241
34.31	143
34.22	295
34.19	317
34.26	305
35.17	241
34.33	267
35.46	204
33.48	309
33.84	299
34.75	305
35.06	301
35.37	307
34.18	302
34.6	304
35.4	266
35.66	236
69.17	10
35.2	273
34.79	252
34.72	322
56.62	16
34.34	313
34.05	308
34.5	294
35.32	263
33.84	254
34.85	318
33.94	311
34.6	230
34.78	316
33.62	302
35.28	308
35.29	220
34.7	287
34.57	286
35.54	186
34.63	209
34.14	97
35.4	197
34.65	211
33.61	79
34.58	299
34.57	310
34.52	312
35.79	211
34.19	291
33.51	311
35.13	269
33.97	322
33.54	294
34.24	246
34.19	270
34.56	306
34.51	297
35.24	276
35.41	250
34.76	250
34.06	319
34.03	281
34.42	322
34.42	287
33.8	306
34.37	288
33.74	324
34.91	302
34.61	303
34.38	214
34.61	155
34.43	267
35.2	206
36.03	285
34.55	304
34.99	320
34.59	203
34.75	288
34.92	284
35.53	288
35.16	229
34.96	318
34.13	325
35.31	297
35.19	262
46.65	14
34.49	325
34.93	309
34.66	304
35.05	291
34.64	296
34.19	211
34.79	299
34.53	300
33.85	316
33.53	320
34.17	281
34.68	267
34.4	308
35.11	269
34.56	239
34.4	293
34.14	247
34.73	310
33.61	319
34.91	289
34.75	251
33.29	246
35.15	189
34.04	241
33.87	312
46.92	17
34.36	235
33.26	315
34.69	274
33.99	260
34.57	265
33.3	293
33.97	312
33.39	294
34	295
34.91	175
34.98	311
35.06	254
34.81	222
34.38	295
35.56	283
35.48	252
34.94	286
34.75	287
32.78	317
35.26	465
34.48	301
41.02	45
34.97	232
35.86	210
34.14	310
34.92	316
34.76	294
34.94	320
35.76	122
33.49	322
34.08	318
34.8	274
35	258
33.74	307
33.89	306
34.37	274
35.8	158
34.04	324
34.33	312
33.09	309
34.12	291
34.72	296
34.67	262
35.21	308
33.85	302
34.52	256
33.92	311
35.59	179
33.66	166
35	258
34.24	303
35.5	227
33.57	322
34.63	288
35.09	186
34.28	312
33.2	277
34.31	325
34.43	233
34.47	240
34.29	322
35.04	282
34.33	292
34.29	321
35.81	205
35.38	272
33.63	324
33.76	296
34.55	248
33.93	282
34.31	286
35.58	259
34.9	292
34.65	276
34.24	287
33.6	116
33.86	272
33.67	311
33.45	290
34.27	295
33.09	325
34.67	261
34.53	282
33.85	198
34.42	258
34.14	316
33.71	244
34.98	282
33.83	314
34.84	306
34.57	277
35.29	294
35.17	295
34.27	290
35.29	184
33.96	237
35.29	311
56.71	14
34.97	298
35.08	294
34.23	313
33.89	299
34.78	162
33.7	271
35.16	273
34.62	217
35.11	306
36.23	312
34.37	290
34.19	317
35.17	433
35.27	312
34.44	309
34.43	306
35.11	319
34.96	248
35.37	264
35.56	186
35.1	266
35.43	311
36.26	241
35.29	231
34.84	254
35.2	300
35.11	228
34.85	319
34.22	299
39.33	1
33.94	315
34.28	288
33.96	294
35.19	167
32.71	301
33.56	134
34.4	234
34.34	305
34.19	308
34.25	307
35.36	226
34.42	235
34.36	262
34.17	219
33.85	310
34.21	308
35.26	278
34.39	439
33.68	298
33.27	311
33.79	192
34.51	314
34.51	278
34.16	293
35.11	298
35.08	285
34.08	305
34.54	291
34.3	313
33.83	323
34.58	310
34.5	323
35.27	273
33.92	307
33.46	311
33.32	260
34.27	273
34.12	302
34.8	148
34.82	294
33.66	111
34.16	215
33.33	322
34.3	156
33.61	279
31.86	53
34.5	324
34.63	286
34.54	282
34.47	292
34.28	293
34.83	279
33.61	304
33.03	311
34.51	255
33.5	169
32.96	318
34.23	244
33.64	352
33.33	351
34.13	260
34.48	289
33.52	304
34.39	292
34.25	325
35.79	253
34.56	302
34.81	316
34.1	284
35.26	275
34.08	324
35.07	144
35.04	273
35.33	297
34.81	299
34.87	321
35.56	249
35.81	278
49.65	10
34.93	325
35.99	260
34.92	271
34.59	298
34.38	178
33.96	319
34.63	316
34.07	292
34.77	152
35.06	310
35.92	189
35.42	242
34.58	324
34.15	281
35.44	211
34.01	252
34.51	274
34.62	278
35.62	256
34.91	299
34.34	324
34.9	253
33.72	298
35.64	155
33.9	325
35.78	295
34.07	324
34.75	291
34.38	315
34.77	268
35.01	257
34.82	324
33.61	291
34.81	227
34.38	315
34.42	310
34.09	288
33.82	318
34.78	257
34.35	320
34.91	264
33.33	298
35.5	297
35.6	276
39.7	24
35.62	260
34.53	275
34.86	319
36.02	310
34.94	307
35.96	294
35.14	317
35.4	305
33.69	320
34.22	296
34.41	319
34.05	282
33.62	285
34.37	324
34.89	302
35.31	245
34.42	238
35.62	306
34.37	321
56.36	2
35.33	300
40.8	25
34.84	304
34.13	323
34.53	266
35.96	229
34.57	311
34.61	298
34.07	322
34.26	260
33.04	83
34.76	281
35.52	246
34.44	303
33.97	304
34.05	249
34.52	256
35.02	293
34.56	298
35.18	471
34.73	294
34.63	318
38.81	13
35.04	271
35.04	273
34.81	287
56.06	6
34.92	170
35.04	320
34.22	283
34.8	316
35.23	289
34.32	273
34.64	291
34.09	319
35.37	295
34.89	310
34.6	181
34.75	297
35.08	206
34.62	243
34.01	325
34.18	276
35.1	192
34.02	155
34.34	283
34.17	321
33.93	258
34.2	310
34.67	313
33.45	72
34.38	311
34.01	305
35	283
34.29	167
33.63	317
34.82	282
34.33	252
34.23	323
33.91	275
35.34	310
34.06	322
35.24	260
34.79	259
34.59	304
34.44	317
34.53	245
41.25	30
34.36	319
34.89	321
35.54	286
55.18	12
35.09	314
34.88	288
35.59	304
57.54	49
34.79	312
34.98	290
35.2	237
35.48	262
42.29	27
35.18	238
35.06	284
34.97	299
35.11	308
34.94	298
34.9	289
34.31	284
34.68	178
34.58	196
35.34	287
39.06	20
34.74	305
34.41	291
34.91	284
34.72	302
34.19	314
35.92	152
40.08	8
35.45	233
35.21	311
34.19	258
35.12	275
35.57	193
34.81	287
34.39	324
35.04	285
34.94	316
34.78	312
40.22	43
35.85	287
34.4	304
34.88	259
58.95	22
35.05	288
35.38	308
35.43	148
35.31	315
35.06	255
34.55	319
34.62	303
35.88	273
42.43	21
34.67	303
34.77	283
34.56	320
34.72	320
34.49	305
34.78	227
34.95	234
35.38	248
37.66	300
36.06	299
34.59	310
40.92	43
34.58	316
35.26	209
35.54	314
34.09	308
33.89	324
34.36	264
34.99	262
34.64	246
34.47	311
34.21	323
35.18	281
35.22	304
35.34	268
40.07	14
35.96	290
34.58	309
34.41	301
36.18	276
34.32	308
35.23	164
35.14	254
34.55	312
35.08	325
34.23	319
35.26	298
34.06	308
34.08	221
34.44	268
34.19	273
34.87	310
33.8	154
33.63	303
34.74	277
33.86	287
34.11	300
35.06	306
34.41	296
34.19	324
34.53	269
33.87	306
33.93	292
35.63	263
33.85	264
34.13	314
34.84	273
34.35	324
34.54	306
34.79	260
33.33	300
34.56	265
34.09	255
33.77	322
34.05	325
34.76	241
34.5	198
34.15	324
34.61	294
34.31	247
34.6	316
35.05	319
34.34	141
35.74	305
34.44	317
39.6	10
35.19	246
35.48	264
35.06	301
34.9	301
34.42	275
35.6	187
34.99	293
34.39	278
40.76	31
35.1	241
34.88	298
34.34	277
34.36	286
35.12	287
34.87	298
34.02	281
58.4	2
35.51	205
34.56	314
34.51	310
34.95	256
33.15	313
34.45	254
35.11	287
34.77	269
34.8	309
34.65	268
34.44	318
35.03	303
34.73	283
34.16	169
33.82	286
34.98	267
35.12	178
34.18	309
34.46	260
34.47	320
34.33	280
34.6	320
35.34	307
41.92	26
35.59	228
34.59	299
35.45	264
35.74	247
34.87	202
34.61	320
34.79	250
41.06	39
35.69	272
35.96	303
34.99	306
34.19	290
33.32	322
34.52	98
34.71	304
34.93	290
34.2	319
35.07	318
35.38	218
36.03	295
56.49	5
34.28	290
34.74	260
35.45	291
35.99	189
34.67	299
34.27	278
33.72	317
34.61	310
35.08	291
34.28	315
34.51	304
33.57	317
34.75	287
33.27	311
34.82	287
34.97	271
36.3	209
36.39	176
35.5	280
35.09	279
35.39	271
35.61	297
35.19	246
35.1	294
35.28	284
36.72	138
35.13	278
58.76	16
34.32	320
33.95	319
35.79	217
39.98	28
35.7	157
34.84	120
35.57	197
34.7	296
34.89	311
34.12	317
34.83	222
34.34	309
34.62	450
35.16	320
34.21	165
35.2	291
33.98	323
33.89	279
56.67	20
40.49	21
35.01	322
35.42	302
36.14	258
36.26	277
34.45	317
34.09	295
33.93	276
33.79	298
35.35	299
35.12	177
34.55	288
34.59	294
34.27	245
33.29	324
34.54	313
33.14	324
34.08	317
35.27	206
35.18	202
34.8	316
35.35	260
34.77	305
35.31	272
35.39	276
39.15	21
34.26	287
34.02	173
34.45	240
35.48	315
34.09	275
34.75	174
33.83	284
36.17	265
34.31	308
35.59	140
35.41	238
34.72	261
34.72	298
33.54	120
34.05	316
34.36	322
33.69	302
34.43	325
34.05	300
34.83	255
35.23	276
33.94	313
34.19	295
33.55	324
34.46	293
35.24	297
34.85	279
34.29	210
35.62	267
34.86	324
34.41	315
35.07	263
34.78	324
35.06	323
35.44	281
34.87	320
35.09	324
36	254
35.08	302
35	316
56.9	13
35.71	258
33.48	293
50.95	19
34.31	248
36.15	301
33.07	324
34.57	234
34.76	314
46.74	4
34.66	312
34.15	237
33.99	229
34.95	296
34.44	289
34.69	302
34.62	154
33.95	317
34.5	309
34.11	96
35.88	230
35.04	301
34.96	253
34.85	304
36.06	229
35.38	319
34.66	304
35.56	250
40.83	24
55.72	7
55.43	0
34.26	271
34.23	315
33.58	319
34.8	307
34.23	287
34.97	215
33.64	74
34.87	267
34.13	309
35.64	89
35.25	238
34.16	282
34.7	284
34.84	217
34.32	321
34.63	310
34.45	284
34.51	304
34.6	318
34.3	164
34.21	324
34.28	110
33.26	46
35.5	304
35.03	213
34.71	266
33.86	279
34.62	303
42.69	16
34.67	294
35.09	264
34.62	318
34.83	229
34.72	298
33.73	323
34.36	281
34.32	267
35.26	241
34.13	163
34.63	307
35.01	252
34.65	284
35.43	287
34.74	318
35.47	265
34	316
34.15	319
34.9	285
33.89	325
35.16	301
33.93	325
34.45	286
35.37	294
33.02	305
35.42	227
34.05	320
34.6	301
33.42	300
34.87	271
35.19	270
34.19	311
34.78	275
35.14	292
33.73	142
33.81	262
33.66	311
33.78	293
34.44	228
34.5	299
34.12	313
35.06	275
34.86	204
35.38	238
34.4	324
34.11	308
34.22	291
33.54	324
35.93	221
34.67	145
34.91	232
34.8	316
34.28	313
34.79	177
34.52	271
33	306
34	320
34.43	208
34.92	282
35.1	191
34.35	282
33.91	317
34.61	314
33.66	323
34.91	274
34.81	301
34.17	321
34	266
35.75	231
34.18	282
35.03	240
35.16	265
35.76	304
34.98	293
48.66	9
35.74	214
34.92	257
35.55	316
36.43	243
33.93	486
34.45	323
35.76	242
35.16	303
34.98	168
33.72	305
34.63	264
35.06	287
34.45	263
34.13	323
34.7	313
34.2	309
35.75	295
34.91	287
34.47	271
33.76	324
34.59	323
34.66	268
35.25	290
35.54	282
63.79	5
34.24	179
34.89	263
33.98	314
34.32	321
34.66	276
34.17	243
35.55	304
34.91	322
33.88	318
34.64	309
33.96	264
57.84	7
49.29	11
35.39	214
34.75	320
45.43	47
35.02	303
49.96	19
35.42	201
34.96	312
35.16	273
34.69	305
34.68	262
34.68	325
33.52	217
35.71	304
34.59	201
35.23	277
33.63	312
34.42	263
33.95	313
34.08	231
34.65	207
34.77	286
35.05	173
34.86	309
34.47	317
35.24	315
34.69	299
34.55	298
34.89	324
35.05	269
34.59	298
34.14	277
33.17	258
34.33	210
33.83	296
33.75	294
35.37	193
33.07	299
31.33	47
34.28	304
34.07	309
34.75	293
32.66	181
34.3	248
34.38	274
34.6	325
34.23	285
34.1	324
34.96	313
34.83	324
34.44	181
34.41	294
34.2	294
35.52	306
34.72	281
34.1	302
34.72	321
34.63	275
34.65	154
34.27	252
34.28	253
33.78	316
34.22	75
33.82	304
32.98	314
33.54	321
34.15	319
34.42	323
34.41	260
35.47	208
35.21	212
34.55	263
34.37	256
33.98	315
34.72	275
34.1	289
34.92	232
34.13	309
34.39	294
35.4	303
33.19	315
59.56	13
33.84	324
34.3	307
35.64	247
33.94	310
34.69	301
34.18	293
34.85	280
34.84	284
35.77	225
34.6	310
35.57	266
35.38	246
55.15	3
35.26	312
33.94	298
56.09	4
35.13	277
33.64	304
34.78	198
35.33	230
33.81	236
33.52	278
33.88	296
33.65	324
33.97	313
34.22	263
34.79	319
34.48	180
34.42	283
34.68	282
34.81	305
34.24	307
33.9	320
34.41	305
34.26	296
34.53	305
34	289
34.32	295
34.72	322
34.35	321
34.86	226
34.73	282
33.59	302
34.95	201
34.44	56
34.93	254
34.17	325
34.59	321
47.94	15
50.45	18
34.75	279
34.14	306
34.44	321
33.94	302
34.54	300
34.26	324
35.22	269
34.79	242
35.23	202
35.09	249
34.87	317
35.13	282
34.79	217
34.11	316
34.43	293
35.28	337
34.27	297
34.77	259
34.83	307
33.79	324
34.28	300
34.62	320
34.17	280
34.2	312
35.03	259
34.04	314
33.94	320
33.3	119
35.37	304
35.23	304
34.36	307
35.44	286
34.88	255
35.26	271
33.87	317
34.52	312
35.88	261
34.51	225
34.41	159
34	323
34.63	311
35.26	266
32.51	49
35.6	276
34.6	245
34.05	320
34.2	313
34.02	144
35.05	276
33.93	313
34.47	286
33.99	308
35.46	225
35	297
34.08	288
34.91	239
34.22	312
35.03	259
34.84	303
34.73	269
34.7	281
34.79	126
33.22	265
33.53	91
34.16	287
33.93	324
34.32	323
34.61	280
33.89	314
34.8	278
34.65	272
34.88	308
41.15	22
34.98	320
34.42	317
35.02	254
35.38	249
34.09	275
34.62	317
33.81	293
33.95	288
34.1	265
35.14	287
34.86	280
35.13	298
34.21	299
33.24	309
34.18	280
34.5	282
34.14	287
34.39	244
34.11	273
34.03	323
33.83	313
34.04	316
34.16	305
33.77	287
34.79	323
40.52	35
34.84	293
34.04	322
36.45	140
35.19	316
35.12	291
35.15	314
34.62	316
34.9	322
34.87	298
35.42	312
34.86	143
35.23	292
34.6	324
35.94	299
34.26	318
35.53	227
58.25	13
35.17	306
34.65	285
34.78	296
33.68	317
34.84	138
35.35	312
35.28	219
35.52	207
34.79	319
35.13	299
34.73	324
34.93	231
34.57	260
34.09	268
33.82	306
34.53	295
32.92	303
34.29	252
34.8	182
34.7	124
34.55	267
35.08	297
33.66	325
33.45	321
33.45	321
33.45	321
33.4	323
33.45	321
33.91	308
34.22	231
34.89	274
34.61	265
34.81	281
33.93	452
33.69	319
33.87	184
33.97	261
35.25	194
34.7	316
33.16	315
34.78	314
36.22	196
34.76	273
35.1	226
34.31	310
34.51	185
35.03	295
34.57	272
33.49	302
34.7	288
34.24	316
34.2	219
34.31	279
35.29	175
34.28	314
35.08	274
35.18	283
33.47	316
34	291
34.33	277
34.69	293
35	297
34.24	297
34.47	212
33.38	315
34.52	218
35.95	195
34.46	324
34.32	314
34.36	272
34.36	317
35.05	245
34.34	295
33.79	314
33.92	151
32.87	50
34.29	322
33.13	322
34.09	319
35.73	229
33.9	323
34.28	312
35.24	287
33.91	307
34.94	287
34.28	276
34.47	289
34.34	265
34.99	300
33.72	305
33.83	309
34.28	324
34.25	289
36.15	305
34.6	293
35.28	152
35.42	304
34.34	287
33.46	324
34.85	164
34.99	290
34.24	312
35.63	244
34.2	300
35.23	243
35.66	235
34.76	305
34.19	325
36.19	229
34.47	295
35.16	264
34.39	308
34.65	283
34.73	298
34.51	313
34.06	297
35	251
34.84	294
33.79	324
33.91	324
34.36	289
34	325
34.53	268
34.18	308
35.17	190
45.76	37
35.23	282
35.71	309
100	0
34.13	291
33.55	289
33.34	313
33.88	238
34.02	263
35.18	285
35.17	267
34.44	225
34.77	291
34.13	299
34.74	453
35.19	246
34.26	255
33.53	316
34.89	315
34.21	308
33.58	299
34.78	323
34.33	284
34.29	311
34.22	156
34.19	289
34.71	302
35.25	303
33.5	325
34.01	103
35.39	234
35.7	245
34.21	301
36.03	219
36.01	267
34.18	309
34.17	285
34.89	273
34.39	271
34.35	274
33.82	308
35.42	265
34.09	289
34.53	239
34.47	275
33.93	275
33.67	194
34.9	212
33.89	318
34.87	241
35.69	298
35.05	214
34.38	317
34.56	247
32.55	314
34.71	246
33.91	321
34.34	313
34.76	221
34.47	302
34.19	306
33.31	266
35.03	215
34.92	291
33.53	201
34.12	320
34.13	320
34.51	210
33.75	317
34.99	186
34.88	282
34.57	308
33.94	265
34.77	278
35.87	188
34.65	242
34.03	311
34.21	287
34.49	318
34.61	303
34.03	306
34.45	144
35.15	281
34.7	284
34.22	319
34.19	226
34.45	321
35.06	223
34.39	307
33.68	299
33.66	323
34.05	88
34.63	242
33.81	324
34.36	290
34.04	285
33.7	305
33.92	304
33.16	172
33.99	324
34.09	307
35.22	282
34.47	229
34.44	198
34.4	279
34.53	325
33.65	304
34.79	268
34.65	287
34.62	297
34.51	270
33.85	97
35.62	305
33.53	315
36.55	261
34.77	307
35.72	188
33.97	297
34.73	305
33.74	197
34.34	296
33	81
34.77	268
35.32	267
35.22	294
33.95	294
34.01	306
35.4	283
34.98	280
34.8	301
34.95	310
34.66	277
34.22	318
33.99	311
34.52	222
34.33	309
34.46	149
34.46	261
34.55	270
34.78	311
34.54	311
34.53	249
34.03	207
34.38	311
34.45	244
34.65	192
34.11	322
34.07	287
32.25	0
35.07	273
33.79	312
34.85	308
34.45	322
34.37	290
34.01	278
34.16	262
34.52	287
33.79	268
34.6	283
34.65	236
34.8	312
34.96	267
34.13	444
34.77	291
34.81	221
34.78	310
34.95	212
34.21	262
34.42	317
34.98	287
34.42	88
34.37	305
34.54	277
34.45	251
34.95	278
34.78	314
34.39	270
34.53	324
34.6	198
33.78	319
33.92	315
33.97	266
33.8	317
34.52	279
34.14	292
34.33	309
34.6	287
34.6	236
34.74	312
34.87	267
34.77	291
34.12	444
34.34	315
34.78	221
34.75	217
34.88	310
35.14	320
33.85	281
34.44	192
34.27	323
34.32	305
34.94	250
35.21	245
34.99	143
34.26	272
34.73	178
35.35	296
34.11	261
33.4	289
33.68	311
34.8	267
35.55	226
34.19	245
33.89	298
35.09	212
34.03	276
36.41	226
41.31	24
35.22	309
35.67	309
35.02	308
35.97	264
35.47	246
36.2	263
34.18	313
35.74	285
35	273
40.36	15
34.87	312
34.79	297
34.64	318
34.8	451
35.84	240
34.94	292
35.44	245
35.34	281
34.27	94
32.83	325
32.93	291
33.06	265
33.67	263
34.19	252
34.12	317
34.92	292
32.88	323
35.55	239
33.48	316
34.61	297
34.42	214
33.6	278
35.18	223
34.41	314
34.52	241
33.56	316
33.89	269
34.39	263
34.56	183
34.85	282
35.35	255
34.65	282
34.34	261
48.76	12
34.97	297
34.21	292
34.67	231
34.2	311
34.42	316
34.62	286
35.35	181
34.96	217
35.21	304
34.89	317
34.95	229
33.57	316
34.42	306
33.91	303
34.79	225
33.68	136
34.4	324
35.18	300
34.98	272
34.54	286
34.22	277
33.69	285
33.69	304
34.2	269
34.83	302
34.44	298
34.72	248
33.58	285
33.84	93
34.5	319
35.3	318
33.95	319
34.17	246
34.85	234
34.67	295
34.63	273
35.4	148
34.66	311
57.34	14
34.45	302
34.68	316
34.89	292
35.36	310
34.86	292
34.48	203
34.93	306
33.33	323
34.67	317
35.81	315
32.73	29
34.6	260
33.95	304
34.13	270
34.29	232
34.56	250
35.52	257
34.65	251
34.87	278
34.71	230
34.49	311
35.05	269
34.84	254
34.52	109
33.93	307
36.22	225
39.83	13
35.58	248
36.1	281
36.24	127
34.64	272
47.29	15
34.18	315
33.76	84
34.95	295
34.52	301
34.78	282
33.92	39
34.82	314
34.86	312
34.95	234
34.12	323
34	291
34.4	299
33.91	252
33.15	318
35.52	298
34.8	303
34.88	275
34.85	297
35.58	267
34.84	286
41.48	161
34.92	255
48.6	24
34.45	319
35.01	255
35.05	197
35.7	264
34.9	281
53.9	24
33.93	299
35	244
34.01	311
34.76	247
35.1	274
34.52	301
34.22	314
35.23	301
34.6	284
35.19	306
34.76	321
34.32	290
35.06	313
34.39	451
34.6	306
35.3	198
34.66	302
34.24	299
35.32	312
34.36	308
34.82	286
34.33	322
34.81	234
35.3	262
34.68	316
47.99	40
34.52	318
35.47	398
34.08	318
35.81	176
35.48	270
50.01	15
34.97	291
34.36	257
34.23	260
34.13	310
33.26	238
33.38	316
34.62	153
34.19	268
34	321
34.76	263
34.58	310
35.15	169
34.96	278
34.73	325
34.37	318
35.54	237
35.1	264
35.19	288
34.2	306
34.85	300
57.04	13
36.24	290
35.29	220
34.29	290
34.06	160
34.07	263
35.77	274
34.1	307
34.36	310
34.37	300
34.3	292
34.16	285
38.59	17
34.63	243
54.74	11
34.24	317
34.47	316
34.91	306
35.19	291
35	324
34.93	314
35.06	311
34.5	309
33.97	257
34.32	323
34.55	305
34.52	295
34.45	316
34.47	304
33.71	251
53.56	48
34.83	295
35.47	308
34.12	319
33.68	300
32.92	318
34.44	312
33.9	308
34.43	415
33.66	298
33.6	268
33.43	109
34.57	314
33.55	225
33.61	235
34.57	308
34.84	260
34.65	313
35.36	222
34.4	320
34.35	93
35.05	298
34.77	275
33.98	307
33.75	313
34.02	296
34.66	312
34.45	295
33.7	312
34.12	325
34.07	321
34.29	303
33.66	219
34.79	234
34.97	195
33.8	289
34.18	286
34.3	294
33.76	306
33.24	220
34.39	284
33.78	318
35.57	291
34.49	223
34.51	224
33.93	323
34.2	236
34.18	318
34.85	310
34.04	272
35.03	165
34.82	234
35.08	318
37.21	139
35.01	304
34.58	315
34.46	308
35.54	244
35.36	315
35.49	324
55.78	13
35.05	298
34.9	188
35.15	274
34.33	258
33.77	309
34.46	298
34.97	289
34.39	274
34.28	313
34.76	303
34.17	316
33.22	310
34.78	212
33.43	277
34.42	322
35.3	226
34.13	267
35.27	279
34.57	274
34.48	232
33.73	315
33.75	313
34.85	319
35.28	226
34.36	322
33.4	312
34.45	272
33.31	318
34.47	293
34.85	212
33.46	313
34.51	264
34.67	254
35.55	264
34.62	273
34.01	248
33.88	313
33.01	48
33.95	321
33.15	316
34.6	191
35.73	265
34.62	311
34.75	224
32.75	114
34.66	288
34.17	268
34.19	317
35.7	276
34.28	302
34.93	279
33.19	323
34.67	153
33.34	119
34.37	290
34.74	300
34.01	306
34.86	289
33.91	317
34.74	398
34.95	266
34.9	304
33.53	313
34.66	211
33.77	288
34.71	300
34.37	285
34.3	298
32.83	319
34.11	292
34.17	302
34.64	268
34.15	315
34.23	206
33.74	311
34.03	325
34.21	314
33.75	306
33.26	307
34.4	245
35.62	306
35.46	282
33.88	268
33.99	297
35.41	300
34.21	295
32.86	320
33.66	260
34.46	274
33.97	307
34.2	321
34.56	257
34.07	302
34.96	283
34.42	320
34.6	257
34.56	257
34.56	257
34.72	257
33.92	276
34.05	304
32.12	49
34.31	287
34.11	308
34.55	295
34.54	240
34.85	216
33.86	97
33.93	282
34.56	278
34.47	267
34.64	279
34.01	308
34.84	304
33.9	289
34.37	272
35.23	276
34.81	272
34.78	231
34.71	269
33.75	324
34.04	318
33.87	318
34.57	320
33.51	86
34.18	292
34.14	297
34.57	263
35.01	193
35.22	262
35.2	324
33.53	313
34.49	287
33.8	316
33.85	325
34.12	314
33.38	297
44.49	50
33.54	293
34.01	319
33.82	307
33.34	321
34.01	325
35.58	302
33.53	307
34.07	288
34.5	236
34.12	160
34.24	299
35.09	269
33.34	117
33.73	299
34.73	301
34.11	309
34.83	293
34.28	299
34.36	271
34.48	267
35.14	298
34.59	259
35.42	246
34.29	310
34.11	320
34.74	84
33.55	283
34.89	267
34.85	267
34.76	316
34.9	291
33.74	318
34.99	189
35.15	483
34.51	303
34.7	276
33.16	322
34.02	279
35.46	247
33.56	264
33.78	290
34.07	297
35.18	277
34.92	322
34.76	310
34.05	272
36.07	197
36.09	267
34.62	300
35.09	317
40.3	24
34.5	325
55.68	16
34.24	282
34.54	298
34.7	226
34.38	285
34.42	232
34.45	132
35.44	266
35.23	322
34.74	269
34.41	230
34.83	282
34.36	322
39.17	22
34.57	314
34.9	276
35.39	248
34.18	294
34.84	271
34.75	309
34.96	310
34.53	196
32.95	295
33.7	301
34.19	315
33.73	315
35.15	210
33.8	297
33.82	323
33.61	298
34.27	207
35	294
34.77	231
34.02	325
35.09	272
35.46	279
34.19	296
34.02	288
33.3	325
34.19	286
35.55	251
34.63	317
34.76	256
34.47	313
34.75	319
35.1	193
35.21	269
35.33	272
34.83	313
34.94	259
35.31	234
35.35	163
34.55	249
34.13	236
33.47	323
34.11	298
34.84	224
34.15	291
33.96	325
34.26	252
34.19	315
34.32	302
35.37	245
34.55	306
34.64	292
35.56	262
35.7	216
34.53	273
34.12	427
33.9	315
35.18	160
37.73	159
35.93	301
55.51	6
40.71	24
34.52	303
35.73	304
36.41	215
35.19	209
35.18	312
35.08	198
34.38	258
34.12	194
34.23	290
33.72	314
34.31	261
35.18	303
34.71	250
33.89	297
35.13	258
34.95	280
34.43	277
35.69	231
34.7	297
33.62	319
33.75	288
33.4	302
33.76	313
34.26	289
34.21	299
35.09	216
34.15	308
33.21	80
34.39	322
34.73	288
35.06	255
34.55	314
34.23	309
34.79	315
34.39	224
34.43	229
34.28	311
33.63	307
34.85	301
35.79	264
34.39	321
34.22	254
34.13	255
34.87	279
33.96	320
35.08	280
34.73	294
33.83	317
33.55	322
33.67	322
33.64	322
33.67	322
34.41	319
33.55	322
33.68	322
35.2	274
34.2	305
34.37	310
33.99	298
33.8	285
34.83	291
34.13	287
33.61	308
34.36	172
35	259
35.02	192
33.6	309
34.22	323
34.47	287
33.24	316
33.74	246
34.41	285
34.18	140
34.97	275
34.51	300
34.26	208
35.7	259
35.23	256
34.44	312
39.92	2
35.21	120
34.7	254
34.52	312
35.25	233
35.57	251
35.11	320
35.02	259
34.52	296
34.98	314
33.8	307
34.46	311
33.47	310
34.13	246
34.24	221
33.87	323
34.9	307
34.53	301
35.41	260
34.93	293
35.16	207
34.92	307
34.34	322
34.82	300
53.98	30
34.28	267
35.2	325
35.45	370
34.14	322
34.33	305
35.6	285
34.41	301
35.07	287
34.54	324
35.69	207
57.81	0
34.49	302
34.58	263
33.7	314
34.42	273
33.95	325
34.26	301
34.76	200
35.17	172
35.24	285
33.79	285
34.47	173
34.05	319
34.59	305
34.23	220
33.8	237
35.29	212
35.59	298
34.45	293
35.64	289
35.4	275
34.37	235
34.18	314
36.09	226
35.51	217
35.31	302
34.67	301
35.82	274
34.94	325
35.33	323
35.15	308
35.7	311
34.14	281
34.14	313
33.81	266
34.75	259
34.81	305
35.25	296
32.81	322
34.75	283
34.3	312
34.15	291
33.98	131
35.28	321
34.3	297
34.04	187
34.26	302
34.89	308
34.56	148
35.49	128
35.13	218
35.45	208
34.93	318
34.28	315
34.8	270
35.33	198
34.72	314
34.13	289
34.4	303
34.64	288
33.87	284
34.12	285
34.56	178
34.15	296
34.66	299
34.66	314
34.57	321
33.8	251
33.9	302
34.54	264
34.13	315
34.22	319
35.98	225
34.81	281
35.05	294
35.31	241
35.39	301
34.95	218
34.42	317
35.04	307
57.05	18
34.79	289
34.73	284
34.5	295
35.29	244
33.82	301
33.47	320
34.21	273
34.89	156
35.18	315
34.08	287
34.03	284
34.39	304
34.8	253
34.3	324
35.04	265
34.69	180
34.46	259
34.02	292
33.93	305
34.08	257
34.08	319
33.72	309
34.4	300
35.23	175
34.37	285
34.61	254
34.36	321
34.06	178
34.32	230
34.29	279
33.57	308
34.72	308
35.05	183
34.66	275
34.88	240
34.8	309
35.19	271
34.34	309
34.3	243
34.76	310
34.28	274
34.93	170
35.3	263
34.04	225
34.48	320
34.24	298
34.35	310
34.69	287
33.61	321
32.47	86
34.32	256
33.97	297
34.58	292
34.54	304
35.13	305
34.65	235
33.94	315
34.44	313
34.8	303
56.56	14
35.1	317
35.05	303
34.76	260
34.97	204
35.21	299
33.98	302
34.11	288
35.27	278
35.03	260
35.17	256
34.8	187
33.4	315
34.38	311
33.94	309
34.97	192
34.56	293
34.08	323
33.27	74
34.11	325
33.89	278
33.91	319
34.15	254
34.62	288
34.69	305
34.52	317
34.71	272
35.27	262
33.41	266
34.57	129
33.74	284
35.08	325
32.67	323
34.24	424
35.12	284
33.59	303
33.65	190
34.01	311
33.59	303
33.66	303
33.59	303
34.53	199
33.85	314
34.5	234
34.25	298
34.2	275
33.98	315
34.12	300
34.72	274
34.2	304
35.98	325
33.09	323
33.92	323
33.93	306
34.65	314
34.72	259
34.31	222
34.13	303
34.41	241
34.38	281
34.15	322
36.12	234
34.64	320
35.24	320
34.57	293
34.7	320
34.87	250
56.71	13
34.77	291
34.82	301
34.37	324
34.34	275
35.68	300
35.04	322
34.81	289
34.81	316
35.22	236
34.77	277
34.87	203
34.68	315
56.96	13
35.34	299
34.88	295
33.71	259
33.98	316
34.95	300
34.18	321
33.83	325
34.81	108
34.78	305
34.88	251
34.04	305
33.75	294
35	259
33.81	292
33.32	314
34.09	310
34.04	240
34.5	285
33.88	317
31.88	53
33.14	308
33.95	325
34.14	287
35.17	315
34.9	284
34.43	325
34.75	279
35.24	165
35	157
34.24	237
33.66	97
33.76	321
34.53	233
34.13	313
34.6	294
34.71	257
34.76	268
34.22	291
33.19	319
34.59	160
34.11	257
34.09	311
33.29	324
34.81	297
34.81	282
34.22	274
34.36	237
35.16	264
33.85	269
34.37	311
34.2	312
33.94	306
34.3	314
33.81	309
34.1	321
34.91	299
35.16	263
34.59	300
34.58	322
34.03	296
34.64	244
35.03	219
35.15	171
34.82	241
33.84	306
32.98	309
33.78	248
34.87	240
34.83	241
35.17	317
34.97	313
34	271
34.53	296
34.08	296
33.96	306
34.48	319
33.44	301
33.71	323
34.18	307
34.34	248
33.86	323
33.55	180
34.46	256
34.09	247
34.08	293
33.3	294
34.23	313
34.39	174
33.84	310
34.26	287
35.14	292
35.36	301
34.33	280
33.66	306
34.42	311
34.5	255
35.52	151
34.74	152
34.09	324
33.64	302
35.2	318
34.96	278
34.97	299
34.69	315
35.16	159
34.99	308
35.08	277
34.31	303
35.08	282
34.71	324
34.61	269
35.12	230
34.61	236
34.15	299
44.05	273
35	270
34.64	322
43.15	42
64.89	5
35.05	237
34.48	142
34.92	305
34.45	296
34.71	304
35.09	225
34.25	319
55.89	13
35.35	264
34.81	299
34.57	300
56.09	14
33.64	285
34.19	321
34.69	282
34.09	254
33.41	275
35.28	236
34.66	244
34.63	308
35.48	265
34.39	313
34.57	313
34.57	299
34.18	303
35.7	165
34.87	281
41.09	24
34.85	300
34.7	323
56.27	9
34.9	312
33.74	308
34.74	286
36.04	204
35.23	303
34.24	156
34.79	274
33.38	301
34.83	280
34.14	295
34.05	317
34.78	278
34.73	315
35	162
34.73	263
33.78	259
35.07	320
34.5	300
34.68	313
34	306
34.05	301
33.98	112
33.65	281
33.8	299
33.5	320
34.59	323
31.61	34
33.77	311
34.16	236
35.06	292
34.62	302
33.31	307
34.23	270
34.09	319
34.51	268
34.6	276
33.65	281
34.09	289
33.83	305
33.95	257
35.24	227
34.16	248
34.91	169
34.18	310
34.7	264
33.36	317
34.14	317
34.53	193
34.68	294
35.75	249
34.54	310
33.78	265
33.75	294
34.47	348
34.03	168
33.78	266
35.13	273
33.93	322
31.9	34
33.76	215
33.99	123
35.14	269
34.21	209
34.81	271
47.55	16
35.52	264
34.08	319
34	309
34.28	318
35.33	226
35.07	282
33.65	124
33.82	301
34.85	305
34.22	307
33.98	240
33.85	240
35.63	143
33.92	259
33.17	322
35.07	260
34.77	268
33.65	308
35.12	311
34.67	294
34.14	324
34.63	276
34.27	190
33.92	297
35.71	222
35.57	300
33.95	297
34	322
34.43	245
34.8	299
34.8	284
34.08	267
34.35	225
34.2	308
33.74	279
33.82	318
34.99	293
34.57	318
34.78	314
35.48	285
34.09	314
34.64	279
34.88	159
34.38	265
34.51	267
34.84	279
34.84	297
33.78	271
34.61	224
34.44	324
34.7	312
34.75	260
34.52	288
35.15	303
33.66	220
34.24	249
34.28	308
34.37	273
35.05	212
34.6	304
35.43	158
34.1	311
34.39	308
34.92	303
34.56	145
33.1	294
33.19	312
34.04	300
34.84	190
34.8	268
34.57	162
34.14	277
34.26	315
34.65	295
33.83	291
34.41	258
33.05	294
33.43	297
34.54	277
34.98	266
34.44	110
34.8	280
35.35	306
35.07	196
34.4	297
34.38	288
34.96	220
35.59	264
34.08	325
34	313
35.13	271
33.31	309
34.91	274
35.09	315
34.51	307
35.36	190
34.3	285
33.84	299
34.27	265
34.15	162
35.16	265
34.33	248
33.9	275
34.56	152
35.04	272
35.03	281
35.14	310
57.53	15
36.17	279
35.46	266
34.01	317
34.22	285
33.95	300
34.72	276
55.13	15
34.25	319
34.85	309
36.25	284
35.08	321
35.55	229
35.83	316
34.59	303
40.99	24
56.49	8
34.58	316
35.4	224
33.41	299
34.08	288
33.54	318
33.93	142
34.5	294
34.4	324
35.44	423
35.11	217
34.53	269
33.86	312
34.75	219
33.83	320
33.88	269
34.35	308
35.34	174
34.77	170
34.13	268
35.11	296
34.69	271
34.26	140
34.44	265
35.11	266
34.79	281
34.28	298
34.47	321
34.81	324
34.33	320
57.63	19
35.47	273
35.56	307
33.48	137
34.28	283
33.98	272
34.46	178
33.98	282
33.79	245
34.92	305
35.05	299
33.46	325
34.42	271
33.75	322
34.91	214
34.34	168
34.08	156
34.22	282
34.22	282
35.06	295
33.84	280
35.61	305
34.03	263
35	177
33.75	310
35.66	169
34.32	254
34.56	288
34.76	258
34.51	288
35.38	264
33.93	311
35.45	237
34.55	275
34.5	310
34.28	309
33.34	293
35.23	323
34.07	306
34.37	302
34.89	255
34.59	268
33.55	323
34.69	273
34.48	323
34.04	260
35.11	244
35.27	288
33.24	313
34.47	286
34.01	291
34.09	188
34.22	287
35.4	167
35.27	307
34.55	262
34.53	118
35.21	197
33.96	323
34.42	310
34.36	270
35.35	285
35.23	197
33.45	284
33.97	323
33.6	317
33.47	320
33.71	307
32.47	257
34.97	276
33.16	281
34.06	311
34.76	211
34.07	204
60.06	10
35.23	321
34.8	302
48.45	14
34.54	314
33.9	316
33.75	314
33.77	244
33.39	227
34.28	245
34.03	262
34.99	255
34.61	260
33.45	316
34.12	244
33.57	305
34.88	292
33.3	308
35.14	209
34.26	363
33.71	335
34.55	308
33.72	327
34.15	326
33.65	324
33.19	362
35.09	287
34.78	444
33.37	295
34.11	246
33.49	279
34.2	359
32.88	334
32.81	358
32.89	349
33.41	351
32.59	334
33.77	316
34.62	338
33.08	354
33.51	302
33.75	259
34.18	277
32.91	318
44.86	7
33.31	356
33.14	330
32.82	361
34.21	354
33.11	362
33.34	276
34.35	256
34.1	324
34.03	255
33.46	364
34.06	240
44.93	7
44.49	7
33.3	333
33.5	325
34.28	339
32.65	365
33.31	355
33.45	350
35.5	178
33.02	365
33.95	273
33.94	324
34.89	246
34.3	332
33.69	339
33.14	342
34.56	253
34.59	281
34.05	319
33.92	300
34.04	255
33.51	360
33.87	350
33.59	340
34.35	354
34.86	341
34.53	316
33.86	351
32.93	333
33.6	324
33.05	364
32.87	333
34.47	343
33.64	326
33.48	353
34.04	308
33.58	357
35.22	274
32.21	348
33.92	356
33.8	364
33.42	348
33.91	289
33.23	365
34.05	284
33.44	362
32.66	339
32.54	313
34.14	237
33.86	299
33.43	296
33.25	328
35.26	291
34.04	309
34.07	340
33.68	316
35.16	254
33.73	331
34.69	304
34.64	277
33.74	355
33.56	340
33.53	317
32.67	366
33.75	348
33.81	345
33.54	366
33.99	364
34.71	257
34.1	310
33.84	202
43.54	6
34.65	345
34.69	240
33.35	362
34.94	304
35.26	269
34.72	340
34.07	207
35.05	243
33.85	359
33.79	312
33.18	342
33.58	338
33.68	253
33.53	362
33.67	345
33.57	365
34.32	357
33.14	357
33.78	351
33.23	336
34.18	216
33.34	349
34.21	341
34.69	280
43.27	15
34.24	357
33.36	366
32.76	348
34.43	311
33.32	364
33.75	311
33.32	321
33.58	306
32.33	322
33.05	362
34.33	254
34.38	115
32.26	365
32.83	335
33.07	345
32.35	330
34.49	282
34.12	320
34.53	286
33.47	358
32.95	357
33.43	365
33.91	287
35.06	263
33.2	358
34.31	299
32.87	330
33.97	115
33.86	341
34.4	216
33.36	350
33.74	346
32.61	336
34.29	299
33.44	354
33.52	335
34.51	277
32.95	363
33.53	342
34.78	323
33.79	359
33.96	287
34.26	358
34.34	347
34.86	313
33.74	293
33.58	347
35.27	314
34.04	354
33.71	254
34.04	302
31.75	355
33.1	336
33.03	331
33.33	333
34.03	352
33.59	353
33.39	285
33.63	242
33.95	199
32.93	361
33.2	349
33.26	344
34.1	350
33.15	293
32.59	355
33.99	305
32.89	109
33.13	358
44.6	9
34.19	249
33.79	350
34.93	329
33.11	335
33.75	294
33.39	359
33.4	353
32.47	353
33.72	211
33.65	356
33.25	344
33.3	362
33.48	344
34.47	157
34.54	281
33.22	361
34.55	261
34.23	248
33.31	340
34.71	320
34.12	314
33.5	333
32.96	312
33.48	355
33.98	317
32.6	364
33.63	336
33.12	332
33.69	363
33.88	237
34.77	245
33.29	358
33.97	223
44.56	9
33.22	350
33.45	351
34.96	251
33.31	349
33.21	307
34.06	280
32.75	319
34.12	141
33.44	322
33.9	356
33.75	205
33.98	329
33.91	350
33.47	365
33.38	304
33.72	346
33.05	357
33.89	343
33.35	280
33.25	301
33.52	332
34.64	352
34.2	301
33.38	361
33.97	336
34.42	231
34.73	353
32.95	366
34.5	307
32.26	346
