sim	len_diff
33.15	45
32.92	100
33.12	126
33.23	97
32.82	10
33.33	19
33.77	48
35.64	15
33.4	55
35.04	118
33.93	43
33.54	52
33.07	56
36.26	40
33.38	69
34.96	42
31.65	1
31.06	28
32.38	52
34.42	26
33.26	50
31.1	21
33.73	87
32.12	29
32.14	44
34.22	112
32.95	62
32.48	56
32.82	124
34.54	59
32.61	62
33.44	35
33.11	52
35.41	49
34.35	37
33.4	51
32.65	63
33.38	57
32.91	62
33.33	59
31.82	60
30.61	54
32.23	58
32.33	56
33.82	85
32.6	60
33.53	15
33.53	15
34.29	52
32.81	51
32.7	63
32.64	49
32.61	118
32.59	61
34.58	1
33.01	63
31.98	14
30.85	63
34.37	53
33.03	38
30.8	63
33.83	119
33.83	119
36.7	33
32.78	49
35.5	30
35.13	34
34.4	26
35.5	30
34.4	26
34.95	31
36.22	51
35.06	20
33.48	53
32.78	49
34.98	43
34.54	62
32.65	63
33.41	9
34.89	58
32.57	106
34.41	58
36.32	11
33.53	47
34.92	68
33.75	41
34.21	73
34.51	46
35	56
34.11	84
33.11	98
34.08	45
32.06	89
33.16	34
35.35	27
34.59	40
36.52	51
34.5	77
32.73	126
34.16	122
35.55	55
36.26	31
35.29	43
35.06	46
35.68	53
34.11	63
36.2	45
34.86	41
35.34	58
34.81	61
33.35	87
33.65	60
33.18	56
32.37	114
34.84	44
33.33	26
33.81	60
30.7	5
35.33	102
33.52	13
32.49	56
33.13	53
33.22	63
37.33	35
32.92	20
34.44	12
36.59	51
33.57	56
34.32	106
34.58	16
34.14	41
34.3	41
34.14	41
34.3	41
34.3	41
35.96	36
35.96	36
32.9	51
31.35	56
33.85	15
33.87	60
33.61	40
35.18	38
33.96	61
32.55	120
32.33	51
33.51	50
32.45	15
30.94	127
31.9	58
34.07	58
33.75	63
33.4	50
34.33	47
31.7	13
33.25	50
32.53	86
35.8	50
32.08	13
36.61	72
33.4	32
32.47	5
31.88	58
33.58	50
35.53	51
33.2	42
32.49	28
33.33	90
34.64	102
31.2	27
30.34	27
32.69	90
34.64	32
32.91	19
31.59	27
33.73	56
33.54	50
33.85	53
35.17	42
32.11	58
33.9	63
30.85	13
33.01	77
32.57	52
35.69	62
33.96	90
31.77	61
33.26	15
32.82	62
33	33
34.22	58
33.04	127
35.56	47
34.96	62
31.7	63
34.13	43
32.81	45
33.03	57
34.62	52
33.95	47
35.89	33
35.71	42
33.87	29
32.79	52
31.66	32
34.65	54
33.12	105
34.28	22
31.92	59
33.53	60
34.44	40
33.97	61
31.56	57
32.37	60
31.07	60
34.52	28
31.06	58
33.55	82
33.6	56
33.12	60
34.85	50
35.01	57
33.33	62
33.33	62
33.06	62
30.6	56
33.14	21
32.69	61
33.06	62
31.83	62
34.7	44
32.34	60
32.44	54
32.43	43
32.87	61
34.32	58
34.65	57
32.44	62
32.31	61
33.37	47
33.11	60
32.88	50
33.54	47
32.32	57
32.83	56
34.75	60
34.96	31
33.33	63
33.66	63
33.05	62
33.33	52
33.81	58
31.57	35
33.77	62
35.92	33
32.65	50
32.66	58
36.06	35
34.11	60
32.07	50
33.48	50
33.9	36
32.93	60
32.86	62
32.74	46
30.74	24
32.9	33
34.69	53
33.85	47
32.52	63
34.53	57
32.38	116
32.72	55
32.85	87
32.89	12
33.28	125
33.87	74
34.5	23
37.84	45
35.79	48
34.85	39
34.85	49
34.9	39
33.48	61
35.66	49
34.58	55
33.35	66
33.68	95
34.74	51
32.97	116
34.21	29
32.91	56
32.02	62
32.22	101
36.59	27
34.89	62
34.4	54
32.11	59
32.35	44
34.33	51
31.6	63
34.83	14
32.71	50
37.1	79
35.18	41
35.29	40
34.29	59
32.99	65
33.3	55
33.5	114
33.34	33
32.7	125
34.32	26
34.49	34
32.97	63
33.85	59
33.14	62
32.22	15
35.25	23
34.29	34
32.26	60
33.38	59
36.14	63
38.15	41
34.13	63
32.5	59
33.16	57
36.58	26
32.87	55
31.75	57
33.6	56
31.92	45
36.46	78
33.81	44
37.4	31
34.16	14
35.18	14
32.11	14
34.81	61
35.37	39
32.18	49
34.33	32
35.7	53
35.49	63
33.55	57
34.91	48
35.08	19
35.92	31
35.08	44
33.42	111
31.87	12
33.96	30
34.63	78
36.74	35
31.65	27
32.49	26
30.3	12
32.26	69
34.24	50
32.34	96
34.34	92
33.46	76
36.15	90
33.75	39
33.79	84
34.68	29
32.66	9
33.57	63
36.27	38
32.69	82
34.34	20
33.17	38
31.54	7
35.93	45
34.19	56
33.7	60
33.55	91
34.81	56
32.8	25
33.43	49
33.03	53
33.44	85
33.15	50
33.96	48
32.68	80
33.55	56
33.69	45
34.25	44
33.62	97
32.33	48
35.96	61
36.14	35
33.57	99
37.89	51
35.24	20
36.74	41
34.4	32
34.03	72
33.81	44
32.96	46
34.71	92
35.5	61
34.18	78
35.83	41
36.44	35
36.19	80
34.81	31
35.12	72
34.37	31
35.12	72
31.29	29
32.78	39
33.27	99
32.06	66
33.9	71
31.86	30
30.08	21
33.47	90
34.58	27
33.33	93
33.69	73
34.88	72
35.26	61
33.13	80
32.61	53
33.13	44
32.93	38
34.35	33
32.53	90
32.44	100
33.96	73
32.76	45
34.39	80
34.06	48
33.25	57
34.51	96
33.07	24
32.49	54
33.5	28
34.79	53
34.9	29
31.67	53
33.78	53
37.19	41
33.1	53
33.32	98
33.22	50
33.9	83
35.44	37
34.86	50
34.68	62
35.19	91
32.08	49
33.95	51
34.73	29
33.62	85
34.63	71
34.86	52
34.54	45
34.53	19
35.09	43
34.22	51
34.17	62
32.51	96
36.59	46
33.35	47
33.62	55
34.08	53
34.63	46
34.29	33
33.13	49
32.22	12
33.2	45
34.06	88
34.85	45
34.32	56
34.77	45
33.37	45
33.94	92
32.7	14
34.23	38
36.12	60
34.62	70
32.81	50
33.5	86
32.92	43
31.31	48
32.14	38
34.51	47
37.12	22
32.86	83
34.07	34
32.92	33
31.5	56
32.96	49
36.12	36
33.62	86
33.76	38
34.63	49
34.68	88
31.95	48
31.55	37
33.59	45
32.44	30
33.01	45
34.18	33
32.15	48
31.86	50
34.22	29
32.06	50
33.6	96
33.85	44
34.26	38
33.75	77
33.11	48
33.94	74
34.69	99
33.64	82
34.02	35
34.47	84
32.3	33
30.38	22
31.52	16
35.23	91
33.76	65
32.98	48
30.59	48
34.58	41
32.29	38
32.98	36
33.66	47
33.66	47
33.69	81
32.57	49
32.91	52
32.77	38
31.91	42
36.66	41
33.89	58
35.07	41
35.84	49
36.01	45
36.48	67
35.57	19
35.07	73
36.75	52
34.3	47
34.02	60
35.92	44
33.55	21
33.78	54
31.76	47
32.96	92
34.67	50
33.95	22
34.48	99
33.75	83
33.16	23
34.33	31
33.7	83
35.3	48
34.77	53
33.65	34
33.47	56
34.61	41
31.23	55
33.86	53
33.43	26
34.09	76
34.39	37
34.27	28
33.62	37
36.28	37
34.39	55
35.53	24
35.48	51
35.27	53
32.91	49
34.14	14
36.72	45
33.33	76
32.33	35
32.56	47
36.05	45
31.55	49
33.9	51
34	29
32.69	22
32.2	69
33.91	52
32.44	55
33.51	76
36.8	56
34.67	43
34.91	50
33.29	48
33.96	34
34.68	53
34.29	82
35.94	56
31.61	13
33.45	54
33.8	53
33.54	53
34.41	40
36.09	29
34.44	45
32.69	49
33.4	17
34.61	55
33.02	61
34.73	55
33.92	49
35.39	16
34.14	101
33.4	42
33.69	48
33.07	39
35.46	49
33.68	79
34.55	52
32.33	48
34.55	52
33.13	45
34.84	37
33.09	51
33.29	41
32.01	19
33.03	50
34.69	28
36	37
35.63	35
32.1	17
34.4	49
34.4	52
34.79	54
35.58	21
32.03	56
31.71	43
32.1	53
36.04	41
34.52	64
35.03	40
33.88	2
35.63	36
36.27	39
35.29	41
32.64	75
34.38	35
34.66	52
34.27	46
36.22	37
34.11	39
37.05	30
33.79	85
33.33	9
34.24	85
34.82	72
36.79	48
35.65	91
34.52	6
35.73	50
33.36	94
33.9	9
34.96	28
36.57	46
37.7	39
37.01	54
34.69	52
32.49	54
33.11	43
32.53	51
35.29	51
34.53	61
31.74	53
31.4	76
33.92	55
34.2	43
32.12	18
34.1	71
33.99	99
33.57	37
36.22	40
35.37	42
35.81	40
34.44	36
32.66	1
34.22	40
34.37	38
34.37	65
34.54	36
32.92	53
33.04	95
31.8	28
31.32	22
33.34	34
31.71	27
32.75	53
32.99	53
33.6	47
33.76	51
34.59	83
32.78	80
34.07	50
35.63	78
34.77	47
36.23	9
34.08	46
33.16	5
35.55	37
34	28
34.49	15
34.94	73
34.62	27
33.81	8
35.56	60
35.47	26
34.71	61
33.21	30
35.37	36
34.38	56
36.07	40
34.58	51
33.34	31
33.2	36
32.43	27
34.37	39
34.34	48
34.18	56
31.06	10
32.44	40
32.89	30
32.79	23
33.05	36
33.67	26
31.79	8
33.62	41
33.96	44
31.03	56
35.62	16
34.31	54
31.5	45
32.05	53
31.79	27
34.66	19
32.13	75
32.35	26
32.55	55
33.88	15
33.3	32
35.81	39
33.34	12
36.43	10
36.48	77
34.47	35
35.84	65
36.36	34
34.07	22
35.71	43
33.63	48
31.71	40
33.11	39
33.81	56
33.12	43
33.79	17
31.73	29
33.33	18
31.15	50
32.29	49
33.86	35
37.67	48
33.43	26
33.83	51
34.29	67
34.43	56
31.38	4
33.86	22
32.37	39
33.1	85
33.08	34
33.37	34
35.38	47
34.01	88
35.44	52
37.38	65
33.88	53
34.39	24
34.56	14
37.22	31
35.24	35
34.1	65
32.33	54
32.7	73
33.69	42
33.62	18
34.62	64
33.38	87
33.24	96
33.37	41
33.95	26
32.25	57
33.03	34
32.64	46
32.79	28
31.87	35
30.86	56
32.66	41
32.44	45
33.01	82
33.23	72
35.55	33
32.27	5
32.66	55
35.65	36
35.52	28
33.44	100
32.33	32
35.72	41
35.66	28
33.74	17
34.17	50
33.59	40
35.8	49
32.9	50
35.53	91
34.25	26
34.51	81
36.1	52
32.07	1
35.39	61
33.21	8
34.62	78
33.47	85
33	8
32.99	86
33.53	91
32.7	22
35.79	75
34.83	95
36.07	17
36.06	46
31.53	0
33.49	65
33.45	53
32.4	51
33.03	52
32.46	41
32.4	14
32.63	61
34.91	73
33.12	53
33.96	42
37.08	15
32.89	7
32.21	19
31.07	7
34.1	52
35.69	48
33.05	53
34.26	72
34.29	60
32.22	51
35.6	36
34.36	44
34.47	25
33.44	36
33.54	50
34.51	16
32.12	51
33.7	19
31.97	34
34.23	88
36.75	39
36.03	50
33.92	66
32.29	31
35.24	31
32.81	44
36.14	36
34.91	60
35.02	88
33.97	101
32.63	50
34.99	86
33.86	92
35.35	16
33.38	80
33.59	24
35.14	49
33.89	24
35.06	40
33.66	81
35.45	43
32.43	55
34.64	42
33.42	43
32.37	27
32.55	54
34.85	52
34	47
33.74	49
36.42	47
33.75	100
34.92	52
33.74	80
32.36	42
34.42	32
35.11	52
33.97	18
34.46	99
31.91	50
32.76	54
36.25	52
32.26	27
33.63	52
35.1	55
34.95	82
35.99	18
34.08	87
30.55	56
36.22	37
33.92	12
33.62	44
35.91	77
34.15	96
34.04	48
34.61	25
34.75	8
35.74	49
33.55	45
36.6	27
32.37	43
34.13	42
32.64	20
35.22	52
33.43	41
33.6	40
35.15	68
35.52	77
35.66	43
35.77	52
31.56	4
37.03	37
34.3	72
33.24	68
32.73	82
31.31	58
31.96	37
32.2	43
32.86	65
32.46	17
35.53	37
31.36	6
32.48	18
33.22	48
34.54	48
35.56	47
33.4	55
33.54	53
31.44	1
34.53	78
36.96	43
33.84	85
34.94	42
34.79	40
34.14	78
33.03	47
34.09	99
32.07	52
34.32	49
32.7	2
34.27	53
33.78	47
31.81	0
33.82	52
33.4	49
33.14	56
33.79	97
33.5	11
34.79	44
33.23	56
33.15	86
31.76	35
35.28	28
32.62	38
33.15	85
33.47	71
31.77	46
32.83	89
36.44	53
33.44	51
32.34	54
32.19	24
31.6	56
34.05	58
32.8	29
33.79	60
34.63	38
33.12	83
35.06	48
34.08	15
34.48	84
33.24	55
34.01	75
33	54
35.73	41
31.97	45
35.17	34
35.05	94
33.37	89
33.11	95
30.81	50
33.44	85
31.88	56
35.02	40
35.34	47
33.5	53
32.01	13
35.04	65
34.66	38
35.33	36
35.06	76
35.7	66
32.83	17
34.6	31
31.15	44
33.01	48
33.57	25
33.89	97
33.2	33
34.59	53
33.03	36
33.54	85
34.03	52
33.7	33
33.84	55
34.23	54
34.81	56
33.59	93
32.77	47
34.58	58
32.84	97
35.15	26
32.55	55
35.39	73
32.24	97
32.64	43
32.03	56
33.23	46
34.13	18
32.54	49
33.45	46
31.91	53
31.88	49
32.77	43
33.92	40
32.02	33
33.42	53
32.49	64
33.76	88
35.44	89
32.35	41
34.02	52
32.36	83
34.6	33
32.44	25
34.43	83
35.44	89
36.25	39
37.12	27
34.19	91
32.99	75
36.03	40
33.73	101
31.77	55
34.65	20
34.81	47
34.39	46
36.79	31
32.92	55
31.62	51
33.81	16
33.46	56
34.52	26
34.07	49
34.31	98
34.35	45
32.21	38
35.31	53
34.55	41
34.52	94
33.95	69
34.23	41
34	27
34.04	31
34.67	74
33.54	9
33.44	96
35.96	46
35.07	49
32.84	49
34.27	100
33.23	52
34	14
34.8	25
34.3	30
32.5	87
31.69	40
35.44	54
35.68	17
32.39	27
32.45	30
32.37	101
32.4	87
32.79	43
31.97	26
32.91	43
33.02	70
33.23	46
32.74	98
35.65	63
32.79	24
31.96	55
32.22	41
34.55	35
31.9	44
35.72	59
34.31	32
32.57	92
32.7	51
34.14	65
34.32	50
35.25	17
34.98	33
34.35	69
31.87	56
33.88	86
37.22	46
35.1	92
33.17	55
32.64	55
33.5	37
32.68	45
34.65	32
33.54	46
32.4	53
34.77	30
32.04	32
35.09	50
33.02	17
32.33	100
32.56	19
34.21	66
35.01	56
34.7	27
33.07	55
32.66	51
34.69	29
35.9	27
31.94	54
33.54	4
33.13	14
36.32	35
34.06	70
35.48	54
36.46	38
35.8	70
34.33	50
34.4	16
35.81	98
35.3	47
35.42	19
34.28	45
34	90
33	9
33.52	79
34.53	56
35.54	52
34.1	90
35.96	26
31.93	51
35.01	21
32.83	96
33.04	35
35.79	74
32.83	96
32.78	51
35.01	25
33.57	21
33.64	22
31.84	23
34.22	49
35.42	45
34.97	65
35.13	29
32.88	21
34.47	22
33.74	73
34.48	34
40.4	8
32.07	42
32.14	13
34.14	14
33.21	57
32.95	17
34.32	92
31.44	49
33.27	48
33.55	53
33.07	82
34.74	32
35.18	35
32.4	17
31.54	45
34.99	52
34.15	31
32.76	53
34.07	95
31.43	43
33.53	55
35.97	60
33.95	14
34.01	41
34.42	74
33.87	24
34.5	43
34.51	37
36.59	28
33.18	5
34.86	100
33.83	54
36.59	56
33.47	31
35.59	42
33.91	52
34.86	89
33.39	91
32.88	67
32.98	72
33.65	86
33.25	25
32.88	46
37.46	53
33.91	47
32.57	39
32.59	13
34	56
35.57	71
32.4	49
31.39	56
33.09	56
34	41
34.25	42
33.42	12
33.1	47
35.22	46
36.06	46
34.81	37
34.64	61
32.13	47
32.76	96
34.03	99
33.75	53
35.95	77
34.64	55
32.16	55
35.09	79
33.37	46
35.58	71
33.84	20
35.06	23
33.91	53
32.32	51
33.97	91
31.55	55
33.05	96
34.69	38
34.4	42
34.81	56
34.7	99
35.09	86
35.43	46
33.7	86
33.57	33
34.59	54
34.95	9
37.76	36
34.64	92
33.71	47
33.18	30
34.52	45
32.12	48
32.07	16
33.24	35
33.11	29
33.18	48
32.06	51
32.23	26
30.77	55
32.8	13
36.95	41
31.4	33
33.11	47
32.66	85
33.88	30
33.5	52
32.97	55
33.33	54
34.64	52
32.6	90
32.42	82
33.38	46
33.11	98
33.61	63
32.62	54
36.28	46
37.46	42
33.86	80
35.72	86
36.37	49
33.29	27
35.28	40
35.92	29
34.37	49
34.83	81
34.3	13
33.49	57
32.05	12
33.64	27
35.49	56
30.29	51
31.7	32
32.95	92
33.25	32
34.97	27
33.62	80
34.64	51
33.32	71
32.41	15
33.28	56
33.29	58
35.13	42
36.24	41
31.67	43
32.42	49
34.84	72
30.24	22
34.92	79
34.6	42
34.32	100
34.91	86
34.39	62
33.19	14
33.69	93
33.52	76
35.17	40
31.72	18
31.24	18
34.88	72
33.69	74
33.33	39
35	73
32.09	31
34.48	54
36.81	39
34.86	49
34.33	36
34.79	24
35.23	54
35.69	49
34.74	33
34.31	68
33.4	98
33.4	57
34.03	47
35.64	82
35.09	37
35.22	21
33.13	42
32.51	55
34.02	77
35.48	36
34.83	85
31.55	45
33.55	49
35.5	26
33.91	28
34.05	11
35.9	53
33.33	47
32.54	46
32.59	25
33.07	32
33.45	93
33.57	46
32.93	39
32.43	96
36.02	37
34.06	53
33.76	48
32.28	60
33.41	80
31.33	43
32.98	64
31.92	44
32.8	35
32.77	53
31.66	55
34.51	56
33.85	55
35.23	17
35.02	69
34.7	40
33.32	56
32.96	56
32.44	55
34.44	54
34.95	90
33.7	34
35.22	53
32.83	64
33.17	28
33.56	89
32.98	51
32.33	37
33.28	69
33.44	77
30.17	13
33.78	51
33.23	55
33.23	12
31.98	55
32.21	27
31.98	47
32.77	82
32.3	51
33.7	52
32.08	27
32.02	2
33.68	55
32.32	88
32.87	51
32.4	49
32.16	73
33.39	49
30.97	54
33.15	66
32.57	40
32.58	19
32.59	60
34.55	74
36.07	36
34.14	39
34.44	27
34.18	51
32.1	78
35	37
35.52	54
34.81	95
34.7	4
34.05	56
31.51	54
34.6	93
34.37	46
33.54	20
35.33	38
34.97	81
35.17	48
35.4	96
33.28	12
35.03	49
35.44	18
35.11	94
34.97	80
32.98	21
32.56	51
36.36	56
35.05	55
31.44	42
35.42	97
33.69	87
36.42	38
35.29	54
33.11	45
34.07	100
33.92	41
33.03	52
34.82	69
33.59	45
34.38	34
33.34	68
34.67	48
32.54	56
33.41	35
31.62	43
32.15	36
34.13	34
34.81	20
34	62
33.68	6
34.13	59
32	46
33.2	45
35.18	45
33.89	36
33.72	44
31.61	50
32.34	48
33.02	51
37.71	34
35.42	79
37.19	29
33.67	61
35.64	18
35.26	56
33.92	25
33.98	71
34.86	22
34.19	49
32.4	38
34.26	45
31.81	54
32.52	30
37.08	35
34.1	50
33.04	41
32.14	23
38.87	35
33.56	14
33.12	21
39.2	41
34.66	46
34.75	33
33.93	30
33.75	42
32.92	3
34.45	51
35.25	56
33.38	99
36.22	51
34.12	53
33.5	48
32.69	44
31.77	37
34.56	41
33.09	49
33.09	49
34.29	48
36.13	27
32.69	58
36.54	45
32.44	56
32.76	43
35.69	34
35.39	66
32.34	22
33.54	56
35.39	91
35.22	41
35.69	53
36.89	74
34.84	32
36.34	36
34.76	61
35.06	93
34.96	43
35.33	53
37.08	42
34.18	49
38.49	39
33.23	86
36.33	48
37.58	39
34.06	52
32.99	29
33.18	48
31.92	55
32.33	50
30.9	46
34.37	20
32.02	53
31.93	24
32.8	31
31.4	55
35.34	55
32.28	46
32.92	55
34.52	51
31.89	36
34.37	53
34.98	34
35.22	38
33.43	32
33.51	82
33.06	5
34.6	51
36.15	43
33.87	95
34.57	44
34.22	66
33.25	42
35.84	26
35.59	95
35.09	83
34.77	38
35.35	53
34.08	101
34.25	44
34.57	94
34.13	50
35.39	54
37.63	52
34.62	100
33.87	82
33.46	3
34.48	55
33.21	51
34.28	96
34.77	100
33.11	46
33.26	44
34.77	71
34.45	94
35.48	45
33.34	55
33.93	85
32.74	49
33.5	99
34.14	56
34.35	83
34.37	77
35.19	48
34.85	97
35	80
33.7	48
36.67	45
35.28	48
34.94	83
33.54	51
35.09	36
32.35	50
33.99	49
33.75	61
32.9	17
32.54	4
34.42	76
34.74	46
35.33	30
34.77	44
33.89	28
34.96	17
34.64	48
34.71	46
33.84	51
36.42	34
34.16	41
36.22	42
31.11	5
35.69	46
32.19	47
34.22	46
33.36	76
32.64	101
32.64	6
37.36	34
34.9	34
33.64	36
36.31	53
32.45	48
33.43	50
33.79	16
35.26	42
35.55	23
32.33	29
33.27	51
34.79	50
32.23	5
34.07	50
35.22	13
35.8	54
33.18	81
36.91	31
32.45	8
33.95	74
33.88	93
34.4	20
36.83	35
34.7	48
33.17	49
36.83	35
33.13	59
33.51	66
35.54	61
34.5	34
33.22	56
32.35	76
33.85	15
35.47	20
32.92	66
34.59	46
33.34	57
35.15	34
31.17	44
34.13	55
32.46	69
34.02	58
34.2	33
33.81	46
33.11	17
33.71	50
34.08	66
32.33	55
33.01	56
32.44	67
30.62	40
33.6	32
33.32	96
35.45	68
31.64	19
33.11	54
32.19	17
33.38	33
32.89	49
32.62	80
35.62	70
33.54	88
34.05	101
33	24
35.11	53
33.57	99
34.49	88
33.92	48
34.26	52
34.83	97
34.21	70
32.29	49
34.18	20
35.07	39
34.26	59
34.43	60
35.46	72
33.84	75
33.75	91
34.53	46
35.34	53
37.08	20
34.98	45
34.42	96
35.65	45
35.09	91
35.38	30
33.14	96
36.75	35
32.41	5
34.96	31
34.74	86
34.33	47
35.97	70
34.09	95
34	8
34.82	55
35.75	31
35.23	41
34.43	86
33.07	50
33	43
33.91	87
31.54	4
35.13	14
35.25	72
35.98	78
35.21	96
34.02	9
33.44	53
33.64	28
34.66	12
35.17	84
34.95	46
35.92	51
36.85	44
33.87	42
35.07	39
33.28	14
33.55	100
33.63	55
35.79	55
33.77	39
33.72	53
34.3	46
35.3	17
33.31	101
34.94	98
33.18	54
33.47	39
34.45	80
35.75	22
31.91	42
35.53	55
34.92	72
33.8	53
35.45	58
34.98	86
33.8	44
35.02	78
35.07	43
34.23	56
32.79	35
35.19	73
33.38	52
33.24	42
33.52	78
33.52	20
33.39	101
32.15	6
34.95	54
33.23	40
33.77	51
33.28	10
33.5	51
33.92	52
33.17	20
33.22	20
34.65	51
34.37	100
35.94	54
34.02	78
33.82	53
33.36	20
31.5	42
34.92	53
34.96	42
34.88	48
34.23	52
33.99	96
33.39	52
34.86	53
34.33	81
34.09	44
34.83	32
33.48	78
36.87	37
31.84	54
35.15	32
37.17	48
33.22	62
37.81	55
32.16	47
33.71	90
33.33	55
35.37	62
34.89	78
34.77	38
35.18	54
32.2	96
32.79	82
33.23	90
35.69	52
34.11	44
32.76	51
35.17	27
34.98	42
34.61	83
36.13	31
34.32	43
33.98	85
34.98	53
34.22	43
34.84	51
33.23	56
34.97	19
33.68	55
35.44	36
32.86	32
32.87	94
33.48	54
32.21	20
32.21	20
32.14	41
33.72	83
31.82	8
34.23	35
32.94	81
34.46	27
32.74	33
33.3	53
33.37	55
33.62	2
33.54	6
32.98	24
35.65	47
33.31	95
38.11	27
32.75	7
35.4	35
32.56	51
32.65	5
34.03	78
32.93	46
31.18	10
35.35	69
34.76	53
35.06	52
34.52	87
35.6	50
36.68	48
32.91	39
33.16	70
33.44	42
33.79	48
33.84	85
33.59	42
34.87	74
33.5	51
31.47	48
36.91	45
34.99	54
35.05	21
30.75	11
33.7	46
34.05	95
33.3	42
34.28	82
31.92	45
33.81	47
34.29	83
33.71	34
35.44	38
32.18	35
34.7	30
37.7	44
34.19	81
36.62	82
34.31	77
34.6	53
34.98	30
34.12	44
34.61	35
32.61	50
33.06	50
32.85	55
31.07	52
32.02	53
34.82	38
33.45	24
36.7	54
34.11	55
33.63	45
32.97	69
32.85	51
34.47	78
33.72	53
35.42	36
31.85	33
32.13	32
33.41	76
34.3	51
33.8	70
32.59	49
33.59	101
33.16	55
35.77	41
34.79	81
33.51	34
33.21	54
35.67	36
34.44	34
34.28	52
31.96	41
34.33	55
33.92	48
32.63	64
33.62	48
33.11	93
34.07	71
33.96	50
33.61	98
34.39	34
33.51	100
34.37	17
37.85	21
33.81	51
32.76	77
34.54	78
36.13	35
32.71	52
32.35	30
34.45	24
34.92	47
32.55	13
32.85	54
33.92	55
35.4	89
31.85	37
34.29	52
33.68	23
32.63	45
32.88	38
35.53	73
34.81	27
35.02	72
33.77	56
31.96	32
34.75	37
30.83	8
33.08	91
31.97	59
31.71	78
31.2	8
32.73	53
32.44	43
33.16	7
33.7	32
33.73	91
33.96	52
35.07	27
32.03	55
33.89	17
31.36	34
32.44	49
33.44	47
30.62	16
33.04	55
34.51	40
35.34	44
33.85	50
32.33	37
36.67	87
34.46	45
35.34	52
32.45	19
33.53	54
32.92	50
36.62	39
33.7	45
33.81	98
35.29	43
35.12	75
32.29	50
33.05	47
34.71	55
33.46	81
34.52	73
35.49	35
35.03	68
36.59	49
33.69	85
33.17	34
34.53	42
33.98	90
33.78	52
33.78	67
31.38	49
32.54	51
33.31	94
32.07	35
34.07	62
33.19	40
33.96	57
32.46	45
32.2	9
34.84	71
32.46	42
33.68	92
33.59	46
31.68	44
33.04	31
32.35	39
33.53	28
33.46	7
34.63	88
33.46	50
31.82	49
32.7	38
35.73	44
32.78	40
33.67	30
32.22	49
32.72	88
34.95	42
35.3	39
33.47	7
36.51	71
33.65	50
31.9	32
35.55	92
31.21	10
34.53	37
32.83	46
34.81	84
32.51	52
30.87	55
34.07	47
36.22	41
35.4	35
33.46	88
34.15	83
33.54	70
33.32	29
33.1	26
34.33	39
37.23	48
35.26	90
32.99	53
32.32	96
35.46	37
33.81	46
35.77	85
34.54	47
35.31	61
36.96	39
34.32	89
31.77	46
31.66	45
33.15	12
33.9	79
32.71	52
33.32	50
33.72	56
32.98	40
34.73	67
33.94	24
33.1	22
33.9	27
31.59	51
34.22	78
33.25	47
33.45	26
33.65	95
33.18	50
34.04	54
32.66	51
35.81	76
33.18	46
32.16	50
34.22	42
34.71	54
35.93	63
36.5	24
34.33	43
32.54	50
33.61	40
32.39	26
34.92	14
32.01	35
33.16	36
33.54	82
33.49	77
33.69	49
35.12	40
32.79	55
33.5	50
33.42	56
35.48	84
34.75	62
32.12	96
33.13	66
35.49	34
34.03	62
33.96	19
32.01	14
32.92	21
34.59	97
34.65	70
34.78	60
33.97	98
36.17	43
35.18	29
35.77	82
33.27	57
36.77	76
33.82	16
34.26	78
33.79	84
35.01	65
34.32	51
37.16	37
34	74
35.28	69
32.78	48
34.7	53
32	40
35.37	48
33.33	97
33.81	47
33.23	53
34.15	59
34.21	49
33.23	101
34.04	99
33.76	101
33.69	48
34.22	53
31.67	7
32.83	88
31.09	33
34.37	29
30.54	52
33.16	93
34.66	95
34.97	45
34.37	17
34.49	32
33.19	81
34.24	40
32.58	50
34.44	40
33.5	88
33.82	74
31.34	15
33.66	100
35.19	99
32.92	43
31.91	21
33.26	37
34.92	32
31.64	21
33.14	80
33.19	85
34.27	44
34.85	47
34.59	47
33.76	90
32.82	55
32.59	51
32.44	54
36.25	45
34.08	41
34.96	51
33.94	0
33.7	90
33.23	24
35.15	52
33.18	47
34.54	16
36.08	27
34.43	52
34.26	61
34.62	25
32.51	54
35.57	60
34.99	82
34.62	14
34.74	29
34.67	42
32.51	22
33.48	86
35.27	97
34.22	48
32.92	80
35.83	43
37.64	45
35.07	97
34.98	88
35.4	52
34.61	54
35.49	95
33.13	3
32.96	67
33.33	39
35.48	38
34.57	38
32.9	25
34.39	86
32.77	62
34.11	39
37.22	29
33.11	46
34.74	52
33.17	27
32.58	94
31.74	33
31.55	50
33.66	34
34.35	80
32.38	78
31.02	52
33.5	23
31.17	54
31.32	50
35.2	47
33.19	44
34.48	13
37.77	18
34.43	51
38.01	36
33.76	98
33.37	69
32.69	47
33.44	76
31.56	35
33.33	48
33.29	55
33.3	31
33.91	56
33.51	55
34.4	60
32.59	20
31.79	55
33.97	80
33.81	53
33.81	53
34.64	28
32.73	38
33.81	53
31.23	74
34.47	57
35.14	50
31.1	76
31.81	61
34.66	43
33.64	39
35.38	78
34.91	65
33.75	55
33.28	37
34.85	11
35.1	9
35.32	41
34.17	53
33.92	63
33.75	53
33.44	77
32.98	48
33.73	88
35.11	50
32.4	54
33.73	75
33.7	26
36.15	40
35.49	30
35.48	24
35.51	33
32.7	48
36.52	33
33.63	35
36.54	54
32.21	38
33.8	8
33.48	8
33.93	58
33.59	47
32.72	74
31.89	52
31.96	33
32.46	41
32.81	100
34.49	36
32.66	47
33.19	19
32.26	43
33.09	38
30.77	56
33.92	28
31.07	6
31.51	8
32.3	5
32.44	76
32.62	38
32.36	92
33.86	95
33.44	51
31.06	19
34.22	52
32.73	92
33.02	96
33.28	43
33.43	63
31.89	99
32.55	44
33.66	60
34.55	34
33.73	54
34.96	47
34.27	46
32.34	42
33.9	35
33.73	29
35.96	51
36.01	40
34.63	32
33.92	41
32.75	53
34.64	75
31.99	31
32.21	32
33.53	23
35.88	46
32.43	44
33.91	81
34.32	47
34.67	78
34.86	35
35.41	30
32.15	27
32.64	33
34.79	31
33.04	91
30.48	17
32.55	76
32.71	48
32.98	55
36.61	53
34.17	52
35.63	21
36.11	37
33.57	46
36.04	29
33.55	39
33.08	55
33.98	55
31.81	53
31.19	15
35.65	37
33.55	30
35.48	20
35.37	41
32.72	54
35.81	29
32.61	28
33.33	42
33.73	66
32.07	56
35.85	35
32.26	46
35.66	48
32.91	55
34.91	38
32.43	27
32.95	49
33.6	56
34.48	60
36.73	25
34.28	34
34.62	28
33.76	36
34.46	50
33.7	24
32.07	53
32.73	1
32.33	39
33.26	77
33.94	37
35.63	52
32.06	26
33.42	41
33.96	51
33.36	50
31.7	95
34.28	36
35.02	64
36.29	39
36.14	32
32.92	51
36.96	29
35.71	41
35.42	53
35.63	67
35.17	98
100	0
35.02	58
33.6	51
32.62	53
33.13	38
34.48	24
33.66	56
32.42	71
35.94	30
31.79	19
33.72	38
34.76	72
36.01	75
36.07	43
33.47	55
33.63	34
32.95	79
35.04	85
35.04	87
33.26	41
34.63	40
34.76	75
35.42	35
32.25	17
32.81	56
33.94	92
36.03	47
34.51	39
34.45	45
34.09	65
32.42	48
32.99	71
35.18	43
33.53	5
32.97	49
35.19	30
34.99	40
32.62	9
34.7	55
37.12	48
36.56	26
31.95	56
35.45	83
33.15	42
33.35	81
32.37	37
33.59	34
32.6	34
33.33	36
33.13	18
32.96	18
33.78	57
34.45	100
33.54	45
33.94	40
34.51	63
34.26	54
34.25	39
32.55	55
33.79	99
34.08	72
33.23	44
33.48	98
33.22	49
34.74	92
32.57	14
34.14	28
33.5	47
33.38	20
34.62	100
33.42	77
33.97	43
33.87	48
34.83	32
34.49	53
32.19	71
32.86	18
33.15	86
32.61	54
33.34	88
34.76	45
32.79	79
33.97	49
34.01	47
33.74	55
34.68	79
32.09	16
33.28	69
33.16	101
31.88	46
33.71	71
33.25	6
35.12	50
33.7	46
33.03	56
34.12	91
33.65	36
32.97	71
32.41	53
32.52	52
34.35	48
35.14	81
34.36	46
30.79	1
32.29	33
35.98	41
35.49	89
34.44	73
32.77	55
33.54	50
33.33	29
35.87	43
31.19	16
33.34	50
34.53	50
33.94	14
35.58	53
34.14	52
33.04	47
32.81	29
33.66	47
34.81	100
30.87	51
34.45	23
35.03	14
34.31	39
31.43	18
32.64	41
33.77	90
34.38	85
36.83	34
33.91	80
36.19	37
34.36	32
34.55	42
33.45	56
33.14	29
33.71	88
31.9	56
33.8	37
35.37	63
34.17	52
36.16	56
34.06	38
36.09	37
34.42	90
33.54	44
34.41	52
33.59	34
36.18	56
33.69	100
33.02	56
32.54	55
32.87	45
34.51	63
33.63	45
35.38	54
32.18	56
35.47	34
32.88	98
33	53
33.98	63
34.14	18
35.12	87
34.86	95
34.63	91
32.75	9
31.08	55
35.17	94
33.23	28
34.32	39
32.18	50
31.21	51
36.22	41
32.26	62
31.96	57
36.39	26
31.09	22
32.72	55
34.65	64
33.62	57
34.04	100
33.61	99
32.54	55
34.1	40
33.63	45
35.38	54
32.18	56
35.47	34
33.17	98
34.37	53
33.46	54
36.53	47
33.49	13
32.84	87
31.42	39
34.75	64
35.39	98
33.37	33
35.84	19
33.4	32
33.82	40
33.07	47
32.33	41
34.71	38
36.99	53
33.95	18
35.19	57
31.56	18
34.22	31
35.85	56
34.25	48
35.84	17
35.74	5
33.11	44
33.47	53
36.06	40
35.66	55
37.01	28
36	24
34.95	52
33.12	54
34.52	81
34.04	82
33.6	94
34.52	22
33.57	97
33.71	74
33.81	29
35.65	23
33.49	87
32.56	86
32.95	99
33.35	14
33.2	85
33.97	75
33.86	38
32.57	37
33.36	41
31.65	8
34.94	52
31.75	22
34.97	26
33.96	32
35.25	52
34.49	34
33.9	40
30.08	50
34.28	98
33.27	32
34.77	35
36.2	53
34.38	41
33.27	98
33.69	83
34.48	57
34.04	83
35.93	18
33.82	59
33.7	54
33.36	100
36.46	43
35.11	91
35.04	35
35.57	44
34.19	52
33.81	74
34.39	96
33.7	79
32.24	101
35.48	27
30.74	29
31.03	55
35.97	51
35.69	50
34.4	85
33.34	48
33.12	28
32.91	100
32.76	49
33.91	49
33.98	77
34.35	70
32.85	99
34.52	39
32.37	38
32.91	77
34.25	97
34.27	51
32.92	55
34.85	79
34.51	94
32.1	55
35.55	38
32.73	37
34.91	80
34.69	23
35.74	20
34.02	47
31.72	39
35.23	30
35.11	27
32.85	38
34.23	33
33.58	37
33.91	11
36.22	29
33.35	19
37.79	37
34.76	27
33.73	78
32.93	84
35.79	36
35.94	61
36.48	31
35.76	38
34.84	56
34.59	54
34.59	45
34.94	72
32.98	47
32.67	47
33.88	96
35.16	42
35.61	41
36.84	45
34.11	44
35.22	49
35.26	56
33.95	78
33.73	80
35.38	56
32.93	95
32.07	48
35.66	38
34.19	56
32.07	50
32.47	75
33.83	49
31.12	40
33.26	18
35.32	58
34.54	73
34.61	49
33.73	53
32.66	51
32.86	52
36.29	27
32.9	10
35.54	80
32.05	23
33.67	86
35.27	93
33.96	82
31.1	76
32.82	42
34.22	62
34.49	76
33.53	45
33.32	87
34.14	29
36.22	42
34.48	15
34.98	46
34.08	96
34.6	97
34.12	96
33.34	90
34.41	51
32.25	33
34.83	91
35.31	48
31.18	55
35.31	48
31.18	55
35.31	48
31.18	55
31.9	19
31.18	55
35.31	48
34.59	50
35.85	47
34.75	80
34	66
37.16	17
35.71	96
33.79	41
34	100
34.48	50
32.07	48
33.64	101
31.14	47
31.08	52
32.7	44
34.02	50
32.98	79
36.82	56
33.6	49
33.68	39
32.33	19
33.63	98
33.33	55
35.7	20
36.03	34
34.25	45
35.18	51
33.42	48
33.82	84
34.37	97
33.7	76
33.96	32
33.17	31
33.4	49
33.28	53
34.32	34
34.06	56
32.16	88
33.89	70
34.72	76
32.96	46
37.11	37
35.83	90
34.16	52
34.39	54
35.48	14
34.08	48
34.74	55
33.4	56
34.14	67
33.25	27
34.79	85
35.04	54
34.97	46
34.69	57
32.9	95
32.97	51
32.85	35
32.37	5
32.72	83
33.7	45
32.64	85
34.42	54
32.62	36
34.96	48
34.95	12
31.1	54
32.79	46
33.9	97
34.32	92
34.18	42
33.91	91
32.97	35
34.51	46
33.44	42
36.55	16
33.77	35
34.04	73
32.96	96
34.84	40
34.11	37
34.31	50
32.91	99
34.16	47
34.71	90
35.78	34
33.78	89
31.99	21
35.01	53
33.22	39
35.36	31
34.07	50
35.67	73
34.83	11
34.03	40
33.02	55
32.65	55
34.29	46
35.29	42
34.81	50
33.44	29
35.17	46
33.58	28
35.53	48
30.88	17
34.34	45
34.32	24
33.25	62
32.74	55
33.14	52
31.53	3
35.62	35
34.48	51
33.98	43
34.63	58
33.26	56
35.27	49
34.86	51
35.82	35
34.09	35
36.53	54
33.67	17
35.64	54
31.97	56
35.96	40
34.32	60
32.77	77
35.88	42
33.33	15
35.1	43
32.24	50
33.29	40
33.83	49
32.99	43
33	55
32.5	21
32.19	51
32.44	49
33.16	49
32.9	32
32.27	50
33.8	49
33.92	56
33.03	53
33.71	25
32.8	49
33.03	52
32.68	21
33.52	43
32.93	43
32.41	43
32.77	51
34.51	34
35.04	53
34.24	52
34.03	55
31.87	45
33.13	49
34.03	47
34.94	59
33.76	55
35.29	26
35.01	53
33.65	47
34.16	81
32.9	53
36.07	69
33	91
33.7	96
33.97	70
34.06	34
34.34	92
35.69	46
32.81	51
34.32	93
35.31	43
33.57	99
33.86	49
33.15	36
30.42	6
35.69	47
31.3	46
32.84	41
37.04	36
33.77	93
33.5	59
33.04	90
33.33	48
32.67	51
33.07	33
31.9	32
33.11	31
34.22	45
33.16	44
33.02	40
34.5	54
33.16	75
33.23	49
33.03	37
34.21	43
35.07	40
31.55	53
34.39	49
32.07	39
34.21	46
33.14	82
35.01	39
32.58	95
34.19	20
31.46	101
32.82	40
30.96	38
32.28	68
31.44	28
33.27	87
33.71	12
30.45	54
35.66	31
34.53	73
33.5	55
32.93	40
32.13	88
33.38	25
32.67	51
36.74	45
32.66	42
32.89	51
33.32	95
32.38	36
32.38	36
33.76	29
35.12	31
33.79	56
32.97	37
35.81	30
35.39	43
33.81	45
34.17	46
32.51	70
33.81	38
32.14	55
34.17	46
34.01	11
35.44	38
35.06	60
32.99	59
33.85	84
35.77	59
35.32	75
34.89	47
36.22	11
34.48	55
32.3	12
33.89	12
33.18	48
32.91	35
33.1	91
35.05	45
32.07	22
32.19	33
34.07	51
32.92	43
32.95	9
36.62	18
35.51	24
34.13	18
33.19	27
36.62	18
33.25	44
34.77	46
31.45	52
33.55	33
32.86	97
33.7	80
35.85	40
34.07	36
34.03	20
33.83	76
34.71	23
33.86	26
37.13	30
33.75	57
34.1	100
34.18	56
32.54	55
34.84	54
34.25	39
34.23	63
33.54	45
34.22	33
32.55	45
33.55	31
33.11	24
31.93	5
33.23	54
31.86	42
34.25	47
32.57	55
32.91	42
34.54	69
31.28	56
34.24	98
33.01	67
34.81	37
35.04	19
34.7	77
33.72	87
34.42	48
35.22	28
34.4	37
34.29	56
32.18	56
35.17	24
32.29	41
32.9	4
32.51	45
33.96	100
32.04	100
32.98	44
33.69	82
32.97	50
33.39	16
31.97	55
34.77	50
35.64	55
32.81	86
35.29	26
34.11	54
34.42	76
33.6	42
35.69	86
32.59	101
30.9	46
34.45	56
31.8	26
30.61	4
34.71	39
33.04	23
32.79	101
34.98	40
34.35	13
35.85	41
32.93	79
33.09	18
33.95	75
33.13	43
34.47	79
34.21	5
35.11	55
33.54	85
34.37	48
34.35	78
37.25	33
32.7	38
31.8	21
34.74	22
33.6	39
33.47	84
34.15	51
34.54	32
32.81	56
33.56	19
33.43	92
32.45	39
32.66	49
33.71	46
31.14	24
32.58	53
33.2	14
31.91	45
33.24	54
34.42	54
32.27	36
30.37	66
33.45	35
33.25	41
34.66	39
33.87	62
32.48	31
37.33	41
34.19	53
33.54	101
34.51	47
34.48	10
33.98	67
33.66	1
35.49	56
34.1	74
34.33	49
36.24	24
34.95	87
35.89	54
32.34	54
34.71	98
34.89	48
33.34	42
34.39	46
32.36	38
35.18	52
36.19	85
33.91	92
31.39	10
33.19	78
34.33	41
34.38	80
34.81	94
36.58	50
34.51	55
32.08	49
32.33	84
34.68	46
34.42	50
31.98	55
32.77	42
35.18	26
31.33	54
33.96	53
35.82	13
32.65	81
31.49	19
37	43
34.69	75
35.04	73
32.86	42
33.15	80
34.03	92
32.94	9
33.5	10
34.94	58
32.92	41
33.22	34
33.82	44
34.72	43
33.14	94
32.36	84
31.1	13
32.48	70
32.1	84
33.09	48
31.96	31
33.03	24
35.1	46
31.89	55
35.37	42
32.37	99
33.41	32
33.62	21
34.27	38
31.4	54
33.59	53
34.49	55
32.59	19
34.14	34
31.3	17
33.4	88
32.99	101
34.29	41
33.41	98
33.73	25
33.07	43
36.11	94
33.65	82
34.25	71
35.59	36
33.05	73
33.76	7
35.63	53
33.96	41
34.2	30
33.86	33
33.16	70
32.96	57
32.13	2
33.71	44
31.55	18
32.66	54
32.24	28
30.96	11
31.72	17
37.75	45
33.68	44
35.52	26
32.45	54
33.47	26
35.73	65
31.82	74
33.92	47
35.92	43
33.81	46
31.92	55
35.4	41
33.09	76
34.6	32
34.29	25
34.61	93
33.58	87
34.02	64
33.68	34
33.95	22
33.64	4
32.47	51
31.07	56
33.74	56
33.96	34
33.86	45
34.36	52
34.16	79
35.4	65
33.5	83
32.52	42
34.27	49
32.62	56
34.24	38
34.99	79
33.49	41
35.66	48
33.08	45
35.4	52
33.71	40
32.92	45
36.45	41
34.3	84
35.39	12
34.51	55
34.86	84
34.49	54
34.7	24
34.43	47
33.87	31
34.47	37
35.39	33
33.08	36
35.39	33
35.6	92
33.91	53
35.39	33
33.16	31
33.09	36
33.59	50
32.72	60
33.75	86
32.37	51
33.84	43
33.66	48
33.72	27
34.14	33
34.26	89
31.71	55
30.79	34
32.62	13
34.07	25
34.87	31
32.84	39
33.53	69
33.61	90
30.95	54
35.57	51
34.01	39
34.96	52
32.06	26
33.38	41
33.01	91
33.93	47
31.82	31
32.69	15
34.35	93
32.89	63
32.55	13
33.56	90
33.36	52
35.2	28
35.82	40
37.33	54
33.57	30
33.53	92
35.22	34
34.29	32
34.03	48
34.7	94
35.7	64
33.69	11
35.36	42
33.85	20
35.02	73
35.98	40
31.03	8
34.1	56
34.47	29
34.63	56
33.26	49
34.26	4
35.9	67
34.54	46
32.36	97
33.72	8
33.18	42
34.28	95
32.24	41
35.65	40
33.13	50
33.91	36
33.5	85
32.33	56
33.24	52
32.4	54
33.3	53
34.07	36
34.72	94
32.82	38
34.55	53
34.97	53
35.77	59
35.91	72
35.41	53
35.39	64
34.75	42
35.11	49
35.79	42
34.4	65
33.52	50
32.37	55
33.53	36
33.84	39
33.47	92
34.69	55
32.25	38
32.78	85
33.04	80
32.14	91
32.81	95
36.65	38
36.37	33
33.29	101
34.7	39
34.99	91
35.62	52
36.63	55
35.22	39
34.21	90
31.59	25
35.7	34
32.92	55
33.44	52
35.56	72
35.07	87
32.68	24
33.21	28
33.42	39
32.24	46
32.29	51
32.23	46
33.44	25
32.11	51
32.49	10
33.96	57
34.07	52
34.66	81
33.4	27
33	50
32.92	86
34.23	25
34.46	39
35.03	36
32.32	50
32.07	55
31.96	44
32.29	49
31.59	55
32.03	56
34.45	36
32.53	56
34.46	34
33.2	15
35.16	29
34.62	51
31.24	55
34.25	48
33.06	88
35.25	52
32.92	15
35.19	31
34.44	52
33.22	24
34.07	43
34.05	39
34.33	28
33.78	29
35.05	35
35.06	35
32.44	22
36.1	45
32.35	41
35.06	33
33.45	60
33.06	16
33.33	91
35.92	49
33.4	88
33.68	43
32	53
35.99	79
33	98
36.37	40
36.19	33
34.18	49
32.95	36
36.12	29
34.79	31
33.21	83
37.16	40
34.6	51
34.73	34
35.02	48
33.67	82
38.17	48
35.12	51
34.33	53
34.22	50
35.01	48
34.23	75
34.48	14
35.12	56
35.09	81
35.47	22
34.08	46
37.03	43
35.19	96
34.55	77
33.53	100
35.51	97
31.59	32
32.11	40
36.79	29
34.4	78
36.17	26
33.7	31
34.12	29
34.19	49
32.69	47
34.56	60
33.7	53
32.6	101
30.22	18
33.22	2
31.6	30
34.88	48
33.8	99
33.77	44
32.23	86
33.56	51
32.29	49
33.09	57
31.82	97
35.74	82
32.52	42
31.98	33
31.78	101
31.66	51
33.78	44
34.2	31
31.93	55
35.64	63
32.38	22
33.17	95
31.8	23
32.22	16
31.77	35
34.19	85
31.46	49
32.65	92
33.85	44
33.96	57
32.56	6
33.92	52
35.14	50
36.59	75
33.49	18
31.92	22
34.3	86
35.98	56
33.6	94
35.22	50
34.07	99
34.81	61
32.88	46
34.67	40
35.07	41
32.22	51
32.62	56
32.91	53
33.22	42
33.7	50
36.51	62
36.81	24
34.71	79
31.23	45
32.85	23
32.24	22
34.22	34
34.12	39
34.06	25
32.51	54
33.67	80
35.46	44
32.37	56
32.03	51
35.73	70
33.24	52
33.53	49
33.46	42
33.48	48
36.78	97
33.46	86
33.74	38
33.2	45
33.18	53
30.91	55
33.42	42
35.69	73
33.59	52
32.35	97
32.03	41
33.4	49
32.9	13
33.29	71
31.45	52
33.78	68
33.41	86
34.01	56
35.04	93
35.13	58
34.22	38
34.66	33
33.18	52
34.11	51
36.48	48
34.3	78
36.05	51
33.06	56
34.25	75
33.11	77
34.14	52
33.53	49
34.48	101
35	45
33.89	40
34.65	45
34.18	30
33.92	26
34.7	50
31.97	73
32.5	50
33.14	11
33.59	83
34.28	84
32.88	43
32.49	80
32.79	64
32.82	79
33.7	35
33.48	54
34.41	45
34.97	45
36.29	32
34.75	55
33.98	2
36.79	35
32.22	48
32.5	56
33.99	48
33.01	34
33.36	48
32.95	36
32	46
34.45	15
32.23	33
35.51	45
33.36	46
32.88	51
32.25	33
33.88	25
33.64	92
35.72	38
33.81	26
33.96	88
33.66	37
32.17	43
36.5	70
35.24	83
35.64	47
34.8	60
32.61	53
32.61	70
34.44	51
36.27	39
33.98	87
35.21	48
35.13	83
32.77	52
33.65	56
34.96	54
34.26	56
34.09	47
33.18	72
33.91	82
32.58	31
35.12	22
34.05	65
33.15	52
33	55
37.54	72
33.85	55
34.29	40
32.94	36
34.62	45
34.33	45
31.72	49
33.24	46
34.2	63
33.25	16
32.56	54
32.35	35
33	13
33.66	75
33.69	51
35.48	42
35.69	78
36.54	30
34.16	44
33.69	73
36.14	25
34.5	56
34.66	56
35.05	9
31.29	3
34.12	32
34.81	38
33.59	51
34.32	46
32.85	42
32.03	36
33.02	47
33.2	20
34.34	32
32.76	44
33.85	49
32.24	54
32.55	51
32.72	51
35.11	45
33.4	51
34.93	38
31.37	51
32.49	68
33.89	39
33.39	52
35.04	49
32.77	49
31.87	45
34.59	38
33.13	51
32.61	98
32.77	44
33.66	55
33.01	76
33.18	50
32.8	56
32.8	55
34.13	41
31.77	52
31.69	51
33.44	31
34.92	49
32.28	45
33.4	76
35.34	75
31.9	47
32.44	2
31.92	47
30.84	14
32.62	30
31.59	51
32.55	54
34.92	53
30.56	53
33.44	49
33.27	83
34.25	18
32.97	74
33.92	38
31.76	86
32.78	48
32.69	18
37.64	35
34.07	45
32.69	53
34.65	30
34.36	80
32.67	76
33.23	50
37.55	41
33.69	46
34.55	34
32.17	66
33.28	13
33.98	79
33.14	90
33.3	42
33.2	15
33.66	79
32.81	0
33.43	88
33.33	50
30.83	22
31.57	23
33.25	92
31.48	54
33.07	20
33.33	50
35.97	81
34.92	37
38.62	41
32.98	56
33.79	51
35.21	42
33.88	72
35.46	44
33.58	50
31.89	20
31.74	15
32.61	53
31.73	49
33.36	42
31.71	44
35.86	42
32.48	55
33.56	60
33.99	48
36	28
35.27	80
36.44	46
35.51	46
35.86	50
35.88	70
34.81	45
35.54	88
34.78	49
36.41	48
34.74	41
34.24	37
35.51	14
34.02	56
34.18	54
35.21	93
32.42	47
34.74	44
34.33	87
33.55	48
34.86	28
35.15	47
35.69	37
33.65	46
33.22	19
32.34	51
33.93	55
33.66	40
34.22	33
34.37	55
32.06	94
34.19	90
33.74	89
32	18
33.98	50
32.69	85
32.19	22
33.27	46
31.8	19
34.8	62
34.55	27
33.51	46
33.89	36
35.4	35
36.96	44
36.03	28
34.37	49
32.44	37
33.66	55
33.53	48
32.89	56
32.19	39
33.15	100
34.06	29
32.76	55
33.33	100
33.43	32
32.53	49
34.94	51
34.08	45
33.02	55
34.76	39
32.32	36
33.54	48
32.24	32
33.25	39
33.09	10
34.66	90
33.92	44
34.91	58
32.16	46
34.91	65
33.14	52
35.08	82
32.71	49
34.26	91
33.2	52
35.02	75
32.51	55
33.43	73
32.62	52
35.07	55
31.52	28
32.52	43
33.75	93
35.64	51
33.45	34
34.94	26
33.66	51
34.55	44
33.7	89
33.68	23
32.44	45
32.18	29
34.75	18
33.34	98
32.96	12
34.37	66
34.77	56
33.84	43
35.7	24
36.15	43
34.07	59
33.61	96
34.81	40
34.13	42
33.52	54
34.89	33
33.17	100
35.31	23
32.91	54
33.61	80
33.12	48
33.87	49
34.85	24
32.17	3
33.7	31
31.1	9
32.71	85
32.64	55
33.7	39
31.66	54
33.76	95
32.83	12
31.57	10
36.28	54
35.89	18
35.26	39
33.32	33
31.55	47
32.37	18
33.4	88
32.72	66
32.27	49
35.18	37
32.46	24
33.35	27
33.39	35
34.64	55
32.17	37
32.68	41
31.99	55
36.7	42
33.29	48
33.47	42
35.33	28
34.43	56
35.69	51
32.43	35
32.73	44
34.81	36
33.62	43
32.45	38
33.08	59
34	15
35.68	63
32.22	49
31.45	62
30.81	63
34.09	38
32.18	37
30.7	61
34.91	34
33.75	50
34.01	57
34.06	53
33.33	43
33.8	60
31.72	62
32.98	59
34.01	58
30.48	61
31.94	34
35.1	55
32.4	52
32.52	62
32.55	61
33.48	46
32.26	60
34.51	58
32.75	54
31.22	62
32.8	60
33.03	50
34.14	44
33	86
34.08	9
36.12	24
33.85	55
33.08	62
34.87	57
31.56	68
34.01	57
34.32	60
35.31	53
32.27	124
33.94	60
32.95	98
32.65	55
33.59	57
31.88	59
34.46	45
34.85	36
33.47	56
33.41	24
32.86	55
33.17	46
35.03	59
33.6	24
32.33	62
34.03	114
32.59	60
35.07	16
35.27	24
33.88	43
33.93	55
33.2	83
33.36	54
38.42	52
33.38	54
33.63	22
32.96	53
36.74	45
35.36	53
36.7	45
31.16	123
32.69	70
31.44	63
31.7	15
32.96	43
34.94	79
33.18	53
30.85	63
34.71	116
33.2	80
37.56	36
35.17	67
33.77	57
33.33	107
34.59	65
31.28	59
33.74	60
32.28	120
34.48	52
33	81
33.6	67
32.23	53
35.16	44
34.62	58
32.77	32
34.07	45
33.58	56
36.79	32
35.5	50
32.95	106
33.66	52
34.61	49
34.9	43
33.18	41
35.04	76
31.08	21
34.62	31
33.27	55
35.81	32
32.5	46
32.44	127
35.82	38
33.07	50
32.32	61
34.47	43
33.88	66
33.85	120
32.86	33
34.03	51
32.59	60
33.17	60
33.11	51
34.02	51
34.53	108
34.26	45
34.81	28
32.18	32
33.87	28
32.34	31
32.61	49
35.34	39
30.13	19
34.87	28
35.54	28
34.48	50
32.51	83
33.85	38
33.37	53
32.7	63
33.79	121
33.03	36
33.03	41
32.29	40
32.87	53
33.42	52
34.4	32
32.39	127
33.13	59
32.69	112
33.09	123
34.51	92
35.75	94
32.02	57
33.74	84
32.88	99
35.69	52
32.31	127
33.18	61
33.41	54
31.67	97
34.69	14
34.42	32
33.25	59
34.8	49
35.36	60
35.18	43
32.54	61
36.24	38
31.72	51
33.14	61
34.96	57
32.77	62
33.85	49
33.09	63
33.32	62
32.5	46
32.12	94
32.02	112
32.55	75
36.62	51
33.94	51
34.04	116
33.7	93
33.15	26
34.36	42
33.78	6
32.48	63
34.94	34
35.82	30
32.41	117
32.72	39
32.36	112
33.11	48
32.21	61
35.44	37
33.84	37
34.49	46
34.87	24
34.91	62
34.27	75
34.27	75
33.9	58
34.72	35
33.43	41
34.18	33
32.64	40
33.26	29
34.26	92
32.88	57
31.97	75
32.18	39
31.51	57
34.62	61
34.56	61
35.07	52
33.74	59
32.49	36
33.27	72
34.75	29
33.44	61
35.26	89
33.57	94
33.89	29
34.47	66
32.7	60
36.17	34
34.7	54
35.08	47
37.07	37
34.01	99
34.01	99
33.64	51
33.31	50
33.44	116
32.87	60
33.34	60
33.16	99
34.65	52
32.7	22
34.84	31
32.95	54
36.08	70
34.89	62
32.8	117
35.33	30
32.93	110
32.45	55
32.13	58
35.11	40
35.13	99
33.7	59
31.91	54
34.37	110
33.89	51
33.81	54
33.53	88
