sim	len_diff
36.47	47
35.92	28
37.19	54
35.81	61
37.44	50
34.42	48
33.89	65
35.7	95
35.82	72
32.97	144
35.03	67
33.5	78
35.22	107
35.13	53
35.44	125
33.09	149
33.71	119
35.97	87
34.48	76
36.23	45
34.06	143
33.85	138
32.88	134
34.33	67
34.51	65
33.91	58
35.29	92
34.19	54
35.08	68
35.24	53
33.98	57
33.98	42
34.44	67
35.49	52
34.72	25
35.88	60
35.88	60
36.69	58
31.77	73
35.43	36
32.91	152
34.47	74
32.74	45
36.43	57
34.04	67
36.05	41
34.83	65
32.39	76
34.56	41
35.25	92
33.18	68
33.23	158
36.62	15
34.57	34
37.35	78
33.6	61
33.6	61
35.52	31
32.33	78
32.84	64
33.57	143
34.18	66
36.29	67
34.42	74
33.66	70
34	73
31.6	79
36.61	30
33.33	72
31.87	79
33.86	140
33.77	13
32.64	28
34.09	3
34.26	35
34.15	41
35.17	39
34.82	41
33.38	74
34.25	64
33.61	63
33.45	122
36.43	52
34.33	62
35.98	76
35.48	65
35.23	57
33.38	74
35.44	53
35.06	136
33.06	68
34.87	86
32.74	69
34.86	60
35.46	54
34.27	41
35.06	72
34.93	75
33.17	36
36.45	15
37.7	32
35.24	68
35.59	59
36.35	72
34.67	67
33.22	74
33.45	43
35.35	72
34.2	74
34.67	79
35.18	40
34	147
33.36	36
35.77	145
33.16	135
31.52	57
33.28	44
35.23	67
34.63	123
33.85	116
35.76	34
32.8	22
33.89	67
35.97	78
32.71	71
34.8	40
32.64	71
35.38	100
34.9	96
34.44	129
32.53	59
35.41	131
34.12	128
34.03	61
33.49	74
34.16	130
33.59	46
34.76	78
35.44	74
37.68	57
34.25	147
34.25	147
34.59	76
33.69	54
32.88	65
33.17	69
32.37	72
31.69	77
35.22	154
32.79	69
32.79	65
33.71	74
33.61	69
33.63	69
32.16	73
34.54	75
33.67	46
33.94	93
35.47	61
30.33	55
35.45	58
34.72	40
33.25	43
33.55	53
34.3	84
34.03	61
31.54	68
35.68	63
32.23	9
32.81	59
38.22	43
36.18	45
34.24	111
33.54	133
35.51	63
33.76	74
35.74	74
35.74	74
32.26	65
34.29	128
33.22	111
35.99	39
34.39	58
33.48	26
33.01	72
34.65	84
32.32	58
36.88	29
34.25	41
34.72	42
34.65	108
34.7	58
33.86	46
32.88	77
36.3	40
34.11	66
33.62	51
32.97	43
35.89	78
32.11	72
31.73	150
35.05	38
35.24	58
33.97	147
33.81	54
33.69	79
33.55	121
36.31	66
31.04	79
32.87	72
34.99	41
33.91	78
33.83	73
33.63	71
34.29	54
33.91	78
35.8	57
35.09	102
36.13	60
33.83	73
32.21	78
33.28	63
32.93	74
33.22	76
32.3	79
35.38	41
30.15	79
32.92	78
34.13	71
32.45	74
33.29	60
33.95	64
33.5	69
32.45	74
33.44	72
34.42	72
32.74	69
33.23	63
30.27	75
34.7	59
30.96	79
31.33	73
33.08	75
33.77	76
32.11	79
32.36	69
34.14	76
32.89	48
31.84	78
32.94	59
33.97	77
33.97	77
32.93	42
33.46	77
33.28	18
34.91	75
32.2	148
34.01	67
33.74	137
32.45	74
33.07	73
32.45	74
35	72
32.74	71
33.64	61
34	39
35.78	61
31.28	71
31.77	79
31.45	68
32.37	79
34.69	124
35.64	68
34.02	91
32.95	148
35.11	49
35.06	40
35.33	134
33.77	59
33.38	46
31.02	77
35.58	74
36.42	46
32.86	149
34.13	68
35.41	50
35.69	63
36.44	45
32.58	74
37.84	41
33.79	59
37.42	24
33.62	131
34.41	130
31.64	46
34.06	63
33.01	66
34.06	68
33.63	77
33.08	76
33.3	76
35.96	41
33.26	142
35.3	60
31.91	78
33.62	57
33.94	157
31.85	70
32.11	71
32.71	63
34.87	68
35.03	59
32.54	77
34.43	145
35.58	33
34.64	65
33.71	57
33.69	74
35.79	50
32.74	79
37.05	65
32.88	79
32.41	143
31.61	79
34.05	72
34.03	78
31.89	65
31.02	64
33.56	78
33.79	72
34.15	71
33.96	61
32.67	75
33.83	68
33.93	73
36.08	40
34.44	63
35.75	57
34.13	67
33.59	59
32.55	67
34.68	143
32.35	76
32.84	76
35.58	30
33.95	53
32.03	74
34.61	70
33.47	68
33.33	77
36.57	66
33.77	45
34.49	49
32.33	66
32.02	58
32.69	63
34.71	59
33.73	89
33.17	56
35.14	50
36.26	67
33.83	67
36.12	56
38.12	57
34.88	53
35.1	69
40.05	22
35.97	87
36.48	37
35.06	56
34.04	106
34.1	36
35.13	61
34.28	19
33.52	27
33.95	104
35.11	57
32.74	68
33.98	60
34.19	62
34.51	10
34.08	62
34.11	52
34.11	58
33.48	40
32.16	104
34.94	37
33.56	99
34.09	71
33.84	21
34.76	50
35.77	72
33.49	7
36.01	60
36.06	70
33.66	67
45.74	1
35.01	64
37.93	32
42.88	12
39.73	16
41.54	43
35.85	118
36.99	57
34.64	60
34.18	44
38.11	60
36.23	53
36.08	70
39.04	31
35.84	64
34.29	58
31.72	2
32.88	57
33.5	57
34.82	120
34.03	119
34.68	91
34.06	109
35.3	48
33.3	118
35.72	56
34.98	57
35.03	65
34.55	31
32.6	115
34.89	61
34.35	58
35.69	44
35.33	40
35.49	65
34.7	90
35.14	99
33.96	66
36.83	55
33.97	70
34.9	69
36.54	36
35.73	43
34.64	61
33.81	64
34.59	65
34.68	62
36.04	42
37.04	71
36.86	119
31.58	18
38.41	32
36.65	89
34.72	48
49.04	21
36.86	46
34.24	44
38.06	38
41.05	23
36.27	70
36.85	54
36.1	93
35.35	16
36	55
33.4	64
34.33	64
36.43	5
37.55	43
35.66	68
35.38	54
35.71	39
36.82	44
34.91	31
36.76	41
34.52	64
36.28	81
33.72	37
33.46	54
32.63	69
35.47	65
33.84	112
34.91	64
33.92	69
34.99	83
34.5	65
36.2	53
33.74	19
37.57	65
34.13	62
33.34	65
34.51	36
33.37	68
32.04	3
35.08	54
34.75	103
36.07	64
38.59	112
40.1	43
33.57	20
35.5	40
33.63	77
34.55	58
35.59	48
35.47	58
33.93	68
35.15	43
33.5	69
35.85	36
32.15	64
33.96	63
34.55	57
33.41	63
33.39	55
34.81	47
39.27	42
35.38	23
43.2	10
34.5	61
35.39	56
35.52	55
33.39	52
44.57	36
36.14	61
33.71	8
34.66	112
39.37	33
33.32	67
33.95	107
33.42	68
39.08	28
32.89	65
34.84	26
37.93	40
44.56	32
34.42	104
33.83	103
32.77	118
33.03	16
34.17	68
33.87	69
33.43	67
35.28	47
35	68
34.75	60
33.74	56
34.39	29
35.84	70
35.92	101
34.55	56
35.76	45
36.48	41
34.91	119
35.11	119
35.47	41
33.85	60
38.37	58
36.95	47
35.07	11
35.95	46
36.97	54
34.81	59
33.22	61
37.15	38
35.86	59
35.39	64
36.01	59
40.52	24
36.63	45
36.68	86
35.93	64
34.49	55
35.95	75
34.49	30
32.62	7
40.57	44
35.91	70
36.2	49
34.2	108
37.27	54
35.23	59
38.66	30
34.85	83
34.7	76
37.47	38
32.15	28
33.76	38
35.28	57
34.98	51
32.9	25
33.85	57
36.68	32
36.86	40
33.86	50
33.08	62
36.32	54
36.32	58
33.87	60
36.32	58
34.98	72
35.63	37
34.01	70
36.32	58
33.78	58
36.32	58
34.11	37
36.2	51
32.73	32
35.35	41
34.38	56
36.88	17
33.07	62
35	88
34.54	91
41.99	24
34.99	66
34.6	68
33.42	66
33.95	30
35.13	65
35.5	35
35.47	65
34.45	62
35.25	107
36.57	31
35.94	48
36.04	40
39.35	25
34.25	69
35.46	95
45.42	30
37.77	45
34.98	33
35.16	62
32.02	40
35.35	70
36.52	43
33.99	90
34.44	53
36.43	63
34.6	22
36.13	46
33.29	12
35.2	103
38.36	36
38.56	79
39.46	27
42.71	19
36.74	22
36.02	66
34.93	82
35.23	37
36.02	73
36.52	55
35.03	104
34.76	18
34.47	62
44.26	43
35.43	67
34.67	122
33.79	59
36.29	109
41.93	37
34.99	70
35.08	36
43.52	27
38.27	46
34.37	47
35.44	84
36.55	69
34.38	121
36.23	68
34.76	63
34.52	68
35.47	52
35.08	85
34.25	70
37.86	29
32.98	59
33.28	58
35.3	65
35.87	93
35.03	60
35.27	43
33.09	116
34.33	66
35.03	64
33.94	15
33.97	53
33.59	68
35.73	108
36.25	23
35.26	63
36.64	57
35.8	72
33.96	62
34.04	113
32.61	69
34.2	58
34.46	23
34.74	43
33.92	22
32.31	63
32.13	54
33.96	62
33.83	66
36.19	32
35.87	38
34.58	57
35.67	68
37.37	25
35.22	65
34.37	69
36.16	67
34.95	70
35.74	56
34.6	114
35.28	67
34.89	66
34.36	125
36.19	52
34.64	58
36.09	67
42.22	23
37.45	46
33.19	124
33.57	63
31.74	3
32.78	59
32.73	59
34.03	48
34.93	37
33.42	63
34.04	65
32.74	48
32.54	10
34.34	19
35.71	42
33.03	59
35.24	34
34.01	13
33.55	115
32.55	53
33.25	48
35.21	18
33.37	61
34.23	60
33.02	67
36.73	70
32.97	31
32.91	59
35.22	27
33.32	91
33.89	52
34.05	48
35.66	51
35.37	21
39.8	33
38.07	64
33.35	35
37.97	54
37.97	54
35.11	64
38.28	38
33.71	10
34.77	116
32.18	68
32.42	64
35.17	62
33.91	63
35.84	53
36.21	52
32.76	29
34.31	68
34.2	59
36.57	72
35.85	86
33.96	69
34.35	51
40.68	10
34.81	64
36.49	60
34.3	61
36.54	63
33.66	15
35.38	70
35.77	50
33.63	65
35.74	73
35.49	70
36.38	40
35.48	21
35.53	61
35.54	61
35.52	20
34.02	113
34.28	52
36.55	49
36.53	60
32.44	27
33.98	119
35.27	66
33.69	67
33.39	68
33.88	68
33.96	63
34.03	44
34.38	101
33.47	16
34.35	56
34.76	61
33.46	123
33.75	62
34.13	53
32.44	23
31.8	44
34.38	68
32.9	70
35.48	58
36.26	71
34.37	33
33.75	69
32.63	46
33.25	69
33.1	56
36.45	54
36.25	56
38.71	56
36.11	54
37.05	69
36.4	40
35.19	70
35.74	55
36.93	56
35.42	68
42.15	19
33.74	68
37.66	54
36.92	46
35.46	85
35.18	67
38.49	29
37.01	54
35.12	58
34.04	48
31.45	43
31.75	66
40.36	39
34.17	54
35.42	74
33.1	31
39.3	29
34.19	46
34.52	44
37.33	37
31.85	4
36.86	62
34.95	82
36.15	38
34.24	15
35.58	34
34.1	69
36.35	56
33.59	40
34.17	66
33.5	67
36.78	31
41.94	14
32.98	63
36.59	82
33.91	79
36.09	85
35.57	69
33.67	48
36.47	69
33.68	63
34.84	64
35.97	54
36.7	55
36	89
34.87	69
36.67	65
48.26	38
53.3	29
32.41	61
35.14	51
34.59	65
42.1	26
35.47	49
35.76	60
36.92	54
35.22	59
37.21	63
33.95	4
35.61	70
32.52	68
34.08	87
34.84	53
34.13	45
34.19	47
35.22	69
35.74	117
33.31	67
34.42	64
36.68	16
37.44	60
32.71	65
35.23	67
34.89	70
34.65	26
34.47	106
35.25	70
34.81	44
37.1	42
36.89	49
36.59	95
36.92	54
38.24	48
36.35	66
36.35	66
35.47	52
36.17	32
34.35	54
36.58	66
37.15	54
36.2	44
36.96	39
37.19	38
35.47	66
35.9	73
33.64	11
37.92	14
33.33	69
35.62	68
32.83	62
35.84	59
35.18	40
34.67	70
33.65	117
35.72	69
32.85	63
35.18	49
35.44	69
35.29	53
34.25	41
34.3	48
35.1	45
33.84	70
32.7	49
34.51	55
35.44	88
32.25	54
35.79	59
34.3	17
32.62	61
33.84	22
33.94	32
34.26	33
34.46	47
32.97	51
40.83	34
34.91	75
34.57	101
35.6	39
33.43	64
36.57	70
34.3	62
36.67	75
37.2	72
36.54	36
36.2	68
36.59	44
44.16	24
36.41	105
36.02	43
36.12	11
34.49	70
48.94	30
35.76	61
34.82	58
33.18	69
34.22	38
40.67	19
37.02	58
32.72	44
34.6	56
34.64	115
34.11	58
39.27	27
33.96	98
36.32	60
37.01	47
34.26	70
34.65	58
34.49	58
37.89	107
33.41	44
37.68	59
35.22	67
31.97	70
33.67	55
35.67	22
33.83	58
35.2	48
35.39	69
36.66	56
36.43	13
35.91	93
30.93	69
33.65	96
36.24	68
34.7	106
33.78	88
36.23	42
32.67	13
34.67	45
34.91	39
35.44	48
35.13	60
33.48	22
36.77	65
36.77	65
36.77	65
35.53	64
34.86	61
36.74	45
36.44	54
34.36	36
36.38	16
37.66	75
34.96	66
36.56	78
35.98	50
34.81	8
34.35	125
36.83	71
32.96	57
34.57	70
35.9	68
36.24	70
35.08	70
34.65	121
37.16	37
33.83	35
35.46	66
34.1	70
36.35	63
33.96	57
33.13	48
34.17	53
35.83	95
36.16	56
34.82	46
38.13	79
33.67	13
33.84	68
34.44	56
37.9	32
32.05	60
37.1	39
33.87	55
33.55	22
36.44	66
34.01	69
36.45	39
34.47	61
34.85	70
36.42	95
39.54	28
33.81	70
34.36	59
34.47	61
33.87	35
30.57	68
32.22	39
35.28	69
35.75	60
35.51	64
35.26	58
36.24	66
33.32	50
34.59	30
36.27	8
33.05	70
34.04	25
36.3	51
31.83	53
33.24	67
33.88	63
35.23	67
34.83	39
34.84	68
34.5	52
35.18	64
34.67	99
34.05	65
36.31	49
34.23	43
34.28	67
35.31	95
36.02	70
35.26	125
35.9	57
34.52	56
35.01	106
35.37	66
35.34	71
35.91	99
34.3	68
41.64	30
34.7	35
35.98	37
34.83	25
32.86	56
33.64	89
32.89	23
34.18	27
35.45	58
34.04	105
32.98	28
35.86	52
31.97	4
32.9	49
31.69	45
33.27	60
35.67	52
40.84	24
34.97	60
34.71	42
33.65	27
35.64	57
42.71	24
34.11	67
33.3	70
32.87	57
36.13	58
34.31	1
36.04	58
34.2	116
31.54	55
35.64	102
36.25	25
35.39	61
34.84	62
34.88	62
36.29	37
30.74	0
33.66	42
33.79	47
33.65	33
35.91	62
34.7	53
33.58	64
36.21	33
33.87	69
35.77	67
38.69	4
35.61	66
35	112
33.11	61
35.07	68
34.63	45
35.58	59
38.77	30
46.37	31
33.71	49
35.38	13
34.71	44
35.92	92
33.68	19
36.61	56
34.17	70
37.31	49
34.45	52
56.79	0
38.13	98
38.4	66
35.26	54
33.65	59
35.65	63
35.63	52
35.65	63
35.65	63
35.65	63
36.57	66
35.48	62
36.03	66
43.07	28
35.81	79
34.83	60
34.64	69
36.72	36
32.98	66
35.09	62
35.94	56
36.24	15
33.42	65
33.33	20
33.28	32
34.72	68
35.38	61
35.57	57
36.35	40
37.48	61
35.94	40
33.33	53
36.22	68
33.96	59
33.69	58
33.55	68
35.52	50
34.25	45
35.43	55
36.77	37
38.12	13
33.34	70
35.35	70
42.64	31
36.11	40
34.61	55
36.79	64
42.93	31
33.33	12
34.63	65
38.03	36
35.3	62
32.96	56
35.26	14
34.35	44
35.56	63
32.96	57
37.82	46
36.43	61
34.45	67
34.71	64
33.1	10
35.62	115
35.93	51
36.02	40
35.28	21
35.77	68
35.64	29
34.95	116
36.49	58
36.41	96
34.77	120
37.53	62
35.32	63
31.71	14
36.33	64
35.58	68
35.4	63
33.54	20
35.94	65
36.29	79
33.77	122
32.3	10
35.84	39
35.35	67
32.76	69
35.5	37
33.18	39
37.67	53
34.91	53
36.98	81
32.72	67
34.38	58
34	68
35.23	43
36.57	40
36.42	65
35.05	66
36.82	60
36.99	32
35.7	38
36.47	42
33.84	53
31.95	68
36.14	32
34.14	30
36.59	70
35.94	64
31.91	36
35.28	54
36.05	61
40.44	47
39.6	43
34.2	70
35.94	72
36.57	111
37.08	53
34.47	69
35.53	97
34.97	67
34.05	49
34.17	70
36.06	93
34.42	60
35.02	35
33.01	91
37.77	36
34.43	70
35.84	67
34.49	70
35.17	69
36.13	45
34.24	48
34.65	63
34.03	112
32.95	93
36.59	40
31.37	12
32.85	125
35.12	35
33.5	21
35.76	59
33.25	59
35.89	64
34.33	52
34.09	15
39.5	23
36.05	59
34.37	58
35.35	23
37.11	39
35.03	120
36.98	122
38.37	3
32.79	54
35.26	63
34.55	67
34.83	103
32.99	58
35.52	95
35.94	40
36.3	64
34.62	85
34.55	9
35.92	53
34.82	55
35.06	120
33.08	56
35.67	38
31.48	4
34.42	99
34.81	36
34.51	66
32.84	69
34.32	8
36.39	38
36.33	41
36.18	39
34.96	53
34	17
32.4	66
35.31	57
33.2	4
34.83	118
33.49	44
32.43	51
34.46	34
33.04	20
32.91	114
33.8	113
37.28	81
37.57	56
35.68	60
36.32	68
36.18	61
36.63	74
33.42	117
37.94	74
34.39	46
35.47	56
34.07	100
32.62	85
35.93	66
35.42	44
37.03	49
35.6	35
35.06	64
34.54	53
35.84	47
37.41	50
34.73	43
35.79	94
34.25	67
41.76	45
36.42	60
35.23	51
34.31	93
32.02	47
35.42	87
34.75	101
34.13	57
35.16	63
35.83	33
32.18	67
35.4	54
35.35	52
34.24	69
32.68	31
33.14	126
35.21	67
33.74	35
33.13	54
34.79	36
32.57	59
32.64	66
35.71	50
33.9	29
34.3	70
33.72	26
32.57	26
33.29	107
36.11	71
35.57	56
35.61	65
34.43	67
35.02	12
34.87	115
34.23	60
36	26
35.06	67
34.01	62
33.28	33
35.67	116
35.1	50
33.8	68
35.4	56
33.64	95
35.05	45
34.33	103
34.1	67
32.15	68
33.61	59
33.64	31
33.44	35
34.88	13
35.86	58
34.6	62
35.47	38
36.51	37
34.86	70
33.8	68
30.86	2
33.44	68
31.04	6
35.49	42
36.1	41
31.93	29
34	22
33.28	14
35.36	39
32.91	69
34.3	59
33.48	66
32.76	67
36.86	47
36.16	63
35.21	59
37.02	38
33.7	76
35.34	66
34.73	43
35.64	68
36.25	40
39.96	22
36.03	59
37.13	61
35.22	59
36.21	41
34.05	69
35.54	116
35.99	97
35.1	99
37	68
33.78	65
35.31	64
34.31	67
34.77	59
38.18	43
36.27	38
37.18	46
37.11	53
35.9	45
34.6	64
34.38	47
35.41	84
34.77	20
34.03	24
36.76	55
37.96	24
31.54	58
36.73	66
35.01	43
33.22	7
33.57	98
35.52	43
36.27	41
35.23	39
35.69	68
32.12	69
33.23	53
35.5	99
35.93	39
37.06	24
33.45	69
35.22	66
39.16	30
34.69	70
34.79	36
35.41	52
40.76	17
34.21	70
34.08	115
37.28	54
33.88	67
35.74	73
35.18	60
43.05	30
34.9	103
35.08	61
34.77	54
37.89	20
35.88	42
31.84	26
40.86	19
34.24	80
34.12	43
34.87	31
34.69	42
35.36	69
34.94	21
36.23	62
35.77	54
36.67	33
33.7	67
35.29	59
36.72	56
41.42	31
35.21	72
34.14	69
36.08	57
37.04	25
34.19	67
39.71	35
36.19	65
34.85	70
34.23	60
34.6	62
35.71	43
33.88	64
34.08	66
32.96	70
36.27	38
36.23	43
36.23	43
36.23	43
36.23	43
36.23	43
36.23	43
36.23	43
36.23	43
36.23	43
37.75	66
36.96	43
34.8	58
34.35	58
33.92	44
34.9	19
35.48	51
33.92	64
33.67	69
36.42	33
34.3	63
36.03	53
32.86	68
33.82	44
33.79	64
32.22	64
33.67	70
35.52	42
33.98	29
32.85	42
35.58	80
34.97	67
32.5	62
37.67	55
35.28	43
33.09	67
34.38	63
34.69	25
33.63	43
47.55	21
35.16	70
34.1	7
35.71	55
33.54	10
34	57
33.54	7
33.61	69
34.11	15
31.41	62
34.84	41
37.76	67
39.72	34
41.54	34
38.51	27
35.38	59
37.2	100
35.23	34
40.65	28
33.98	51
34.54	64
34.94	50
34.57	82
36.69	68
35.17	47
37.86	85
35.13	32
37.68	65
38.05	61
33.87	32
34.85	64
35.51	70
35.01	66
34.65	65
34.35	50
36.88	58
42.81	24
35.46	84
40.66	29
33.4	67
36.87	57
35.16	126
34.43	65
34.35	43
39.43	19
34.62	68
38.19	42
36.2	15
33.04	59
37.05	34
34.74	56
37.4	32
34.13	123
34.1	53
39.47	32
34.36	112
38.11	50
36.38	71
44.27	20
41.56	22
36	66
35.35	45
32.13	22
34.6	61
36.42	84
34.43	44
34.22	62
35.46	61
37.17	84
35.76	30
36.06	68
37.55	32
38.07	44
40.39	30
35.18	66
36.49	60
33.9	9
34.46	110
36.47	28
34.86	52
40.47	39
38.94	25
35.22	70
34.64	45
34.13	67
38.94	25
34.86	33
36.66	48
36.06	66
38.94	25
38.94	25
37.62	31
33.93	66
35.67	63
35.67	63
35.67	63
35.67	63
43.86	32
36.72	52
41.27	18
35.67	63
35.43	39
34.73	87
33.86	118
33.85	65
36.11	49
35.43	94
34.83	38
35.59	73
34.58	69
35.89	39
35.98	70
34.03	70
36.08	69
33.69	46
34.45	15
35.35	38
34.27	62
32.25	6
34.1	51
33.94	110
36.48	39
35.55	70
40.17	23
38.78	27
36.67	14
34.14	58
34.67	67
38.15	49
36.05	94
34.37	38
34.33	63
39.83	9
40.1	23
34.64	70
41.11	31
34.9	64
34.43	41
36.08	61
40.38	40
34.83	68
33.59	66
36.66	55
36.64	106
35.06	68
35.25	60
35.18	125
34.62	61
43.65	30
37.14	85
36.93	72
41.88	32
32.65	7
33.89	70
34.89	45
37.84	25
35.79	27
33.66	59
37.4	1
34.14	69
35.63	88
35.76	8
35.85	70
35.84	47
35.47	63
34.6	104
37.38	43
35.94	37
36.11	50
36.57	62
35.61	93
34.57	70
40.36	25
34.31	60
36.59	59
39.89	17
35.18	47
32.61	28
35.47	34
34.09	70
34.3	59
38.24	87
36.34	56
33.61	69
34.13	68
35.09	31
37.22	55
34.88	79
34.38	70
35.69	100
35.76	73
34.21	93
35.5	69
33.25	32
34.47	32
34.93	67
34.24	114
34.69	89
35.04	36
35.58	57
34.17	61
32.86	65
37.14	55
35.32	68
32.16	67
44.87	26
35.78	57
37.48	74
38.71	54
36.47	37
34.01	127
34.6	82
33.92	70
34.76	70
33.39	58
36.61	28
33.09	59
34.23	60
33.4	48
36.14	53
33.65	66
35.82	69
36.74	53
35.83	51
33.22	63
38.84	21
43.02	30
35.76	38
39.39	15
37.23	30
37.02	53
34.66	69
37.41	75
36.06	44
33.88	66
34.76	66
33.87	63
35.92	63
35.74	118
34.89	68
34.25	61
36.6	121
32.98	57
36.1	63
35.05	56
36.33	67
37.37	61
33.42	61
35.71	58
33.03	66
34.35	51
50.86	20
41.66	25
44.03	24
35.49	17
35.21	67
37.41	98
40.41	39
37.7	23
39.37	40
35.71	45
34.94	48
33.42	117
40.42	40
34.75	64
32.79	68
35.03	63
36.25	24
34.93	87
34.15	34
34.33	63
33.08	8
37.52	56
37.38	53
35.61	41
34.82	55
40.32	22
34.74	54
34.57	47
35.06	41
34.91	55
35.48	118
34.29	61
35.96	64
35.31	67
34.54	77
34.69	64
36.55	36
33.62	65
34.5	36
34.68	30
32.97	103
34.76	15
34.18	24
37.96	35
33.1	10
32.68	79
33.4	56
34.3	105
35.65	94
33.07	23
39.93	24
34.42	46
37.4	48
36.1	52
35.31	81
36.06	67
36.06	29
37.99	56
36.45	63
34.29	38
36.1	49
37.14	86
36.49	65
34.42	70
37.69	41
33.57	63
36.83	59
34.67	68
32.62	25
36.43	23
35.56	41
34.74	64
35.31	88
34.99	39
35.08	60
38.29	63
34	60
40.47	18
37.18	26
33.48	30
32.48	54
35.24	39
37.1	45
33.47	28
34.49	54
34.46	68
34.09	68
34.21	18
33.68	101
33.74	3
34.01	69
34.59	71
38.22	24
41.57	9
37.21	78
35.5	36
36.09	49
36.84	45
38.33	92
41.42	27
33.12	67
34.15	66
32.61	70
33.16	69
36.31	68
33.75	54
35.08	68
33.4	12
35.12	64
30.47	2
34.85	21
33.64	64
36.19	46
36.36	64
33.25	70
31.79	37
35.53	20
34.78	29
32.86	69
34.25	70
35.61	27
35.45	40
35.82	59
33.41	1
35.69	38
32.42	57
34.91	14
33.49	68
35.84	56
35	69
35.39	65
35.79	56
39.43	37
36.36	15
35.69	49
32.66	69
35.94	8
36.02	60
40.96	37
33.54	55
34.98	62
35.22	65
36.59	46
36.61	38
35.68	115
34.07	62
34.37	125
34.08	61
35.04	38
33.42	11
34.69	22
34.84	36
36.92	39
33.84	12
35.14	68
33.39	63
32.41	70
34.8	70
40.42	25
34.14	24
34.67	58
34.92	24
32.34	50
34.52	33
32.07	21
35.01	70
33.53	69
33.67	102
34.85	29
34.42	70
41.1	23
38.57	28
37.1	32
34.37	70
34.16	51
38.99	38
35.79	50
35.47	62
34.1	12
34.35	67
35.69	105
34.99	109
35.46	51
35.16	63
34.3	70
33.91	57
35.89	68
36.44	26
34.3	69
35.79	49
35.53	86
39.47	15
34.96	74
34.54	46
35.77	56
35.09	15
33.71	6
36.19	45
52.2	33
32.84	63
36.37	39
35.03	106
39.38	9
36.27	65
35.5	55
33.03	61
36.48	36
36.32	115
39.12	45
35.13	95
35.27	56
36.52	46
48.19	28
43.19	24
39.83	25
35.44	62
39.1	105
39.16	3
34.55	47
32.83	109
35.42	47
48.8	31
35.01	51
34.61	122
40.9	72
34.13	68
33.6	41
36.79	69
35.34	81
38.81	34
35.38	61
35	42
34.51	70
39.94	27
33.35	67
33.01	67
35.47	60
32.15	40
38.51	21
33.4	26
37.23	54
35.52	75
34.3	66
42.54	24
37.41	90
34.67	21
34.37	62
33.61	10
34.66	36
33.48	59
36.01	59
36.64	57
42.51	8
35.32	56
35.72	45
35.09	52
39.49	28
36.26	28
32.85	19
34.96	50
36.28	63
34.33	67
35.26	59
36.36	61
36.79	64
36.27	70
35.19	14
37.31	75
36.68	24
35.34	25
32.46	43
33.4	66
33.97	63
35.46	62
33.38	54
33.21	67
32.79	55
34.56	48
35.06	44
34.13	70
35.11	63
32	64
33.33	98
32.74	57
35.17	59
35.19	44
33.75	115
41.21	20
34.81	62
37.23	34
37.74	42
34.47	57
35.35	56
35.52	58
36.7	42
34.18	70
36.16	74
35.1	59
40.64	26
35.71	68
33.83	17
36.49	34
34.72	61
35.62	49
35.79	70
35.55	61
35.66	60
34.17	46
34.22	46
35.84	32
33.41	56
35.67	69
36.7	56
32.18	20
34.41	34
33.79	68
33.63	127
32.61	57
35.6	58
33.84	47
36.66	44
34.81	69
35.72	53
35.59	68
40.4	4
37.43	27
35.45	14
36.01	56
36.65	41
37.44	24
34.86	35
34.47	69
41.25	36
35.05	68
41.43	42
32.97	67
35.23	47
35.83	32
36.38	17
33.28	70
35.25	76
34.38	62
34.76	63
33.45	69
34.5	26
33.64	35
34.5	19
36.2	63
36.68	22
35.12	40
32.62	64
34.25	31
35.38	81
34.35	120
32.73	110
33.93	70
36.14	27
33.47	68
33.82	66
35.39	81
34.51	95
33.59	22
34.5	70
35.15	68
31.86	69
34.74	70
37.81	9
37.33	25
34.37	64
34.26	40
51.27	32
38.29	24
38.43	29
35.05	68
42.16	33
35.93	43
34.35	57
35.36	59
33.05	67
34.42	59
36.47	65
34.01	35
36.28	17
35.4	42
35.82	67
36.92	20
35.15	101
33.22	107
35.18	57
36.31	62
35.35	61
34.83	62
34.73	35
33.93	63
36.15	123
38.43	67
43.66	22
34.61	59
35.65	66
35.62	127
36.59	64
35.89	64
35.71	50
36.62	50
35.71	50
34.84	49
36.24	20
35.5	50
35.62	50
35.71	50
35.12	47
36.72	66
35.39	39
34.09	67
31.68	70
33.33	65
36.05	57
35.13	27
36.22	57
35.47	57
34.15	107
36.35	49
35.76	58
35.5	48
35.59	97
34.44	84
35.91	27
34.22	39
36.58	67
33.38	16
36.32	52
34.1	61
33.39	17
32.59	44
35.94	36
34.6	119
34.74	107
33.76	62
34.38	67
33.42	68
35.29	70
34.83	58
38.28	33
37.47	49
35.08	67
36.4	61
36.29	51
36.29	51
34.96	64
37.01	63
37.19	58
40.92	18
35.38	70
34.05	67
35.56	70
33.89	67
36.5	38
33.72	67
36.99	33
36.52	35
35.33	40
33.86	67
32.78	22
34.09	78
33.63	6
34.26	27
34.68	76
36.62	30
33.6	37
34.68	68
34.48	53
35.92	37
34.88	121
34.51	41
36.53	70
33.81	68
35.19	113
42.35	28
33.5	59
37.4	28
35.89	18
34.91	55
34.18	29
37.23	46
35.57	60
38.83	17
36.44	35
37.03	63
35.47	66
37.03	63
41.54	24
32.37	21
37.28	66
37.05	65
33.58	91
35.64	66
34.39	63
34.2	51
37.35	68
35.63	54
34.71	62
33.66	69
34.72	21
35.81	64
33.79	63
34.63	54
37.02	56
34.07	109
33.05	83
32.88	62
36.32	44
35.64	41
34	55
32.88	70
35.75	38
34.24	67
34.11	70
34.58	54
32.76	67
33.45	61
33.54	67
34.51	69
34.76	16
34.18	61
34.59	70
34.12	84
32.45	50
34.06	122
35.03	27
34.49	43
37.02	62
37.02	62
37.01	87
35.59	62
40.78	30
37.02	62
33.62	50
37.02	62
33.91	25
35.18	59
31.98	67
34.11	45
35.63	56
34.8	40
36.31	52
33.76	105
34.15	108
36.74	60
35.77	42
31.88	3
40.25	29
31.95	8
35.35	50
33.89	47
33.29	63
34.15	51
34.33	58
34.24	120
34.25	115
35.78	76
34.13	108
32.71	65
38.88	47
34.59	52
34.38	70
34.05	45
33.88	62
34.86	20
33.89	9
34.38	50
41.22	15
37.86	40
36.4	36
34.2	61
34.74	69
34.81	63
34.57	37
36.37	26
37.54	58
33.79	42
53.2	28
34.81	105
33.33	37
38.5	46
34.05	63
47.05	7
34.18	68
35.62	60
34.7	2
37.53	65
34.43	35
33.27	70
32.98	66
33.15	55
34.47	39
33.29	66
36.8	82
34.98	62
32.41	27
33.76	70
33.06	67
34.52	43
34.32	68
35.52	70
35.87	41
32.06	67
34.06	70
35.85	94
33.83	56
34.84	61
33.22	16
34.45	119
35.3	65
33.84	55
34.44	71
35.86	37
38.88	41
100	0
33.38	10
35.43	67
34.82	24
34.13	43
32.57	10
32.64	33
34.47	56
37.29	49
32.4	10
34.52	86
34.3	45
34.65	67
35.77	98
34.45	69
33.45	52
37.85	52
34.62	69
35.23	119
34.07	68
35.12	20
35.89	48
35.87	39
40.5	18
34.89	33
36.77	33
36.96	61
36.49	67
36.67	50
35.92	69
35.79	33
37.02	30
36.52	60
40.23	38
33.51	13
34.78	82
34.54	86
35.67	48
34.3	38
35.08	63
34.06	62
34.58	94
34.33	69
35.09	59
33.7	64
35.01	69
34.8	55
33.64	51
35.82	74
35.09	65
34.36	37
35.16	108
35.35	68
37.96	42
35.71	47
34.1	64
36	49
32.22	12
35.85	47
35.8	68
37.32	35
36.91	56
38.22	26
35.28	56
35.98	77
34.3	107
33.17	114
35.43	87
35.89	49
34.38	42
36.01	40
37.25	60
33.33	16
35.21	106
34.34	124
35.98	46
34.12	87
34.12	7
33.77	51
33.49	12
34.3	67
37.41	59
37.57	45
35.3	63
34.88	55
34.8	74
33.72	69
37.2	34
38.49	34
35.31	47
34.01	35
33.4	56
37.69	65
35.25	47
34.85	83
34.38	47
37.03	48
33.79	64
39.87	26
35.68	68
34.05	70
35.68	68
35.94	65
35.1	100
34.98	52
35.45	46
32.28	63
34.3	64
35.71	68
34.05	60
35.02	41
33.67	121
41.2	26
35.59	69
37.08	52
36.27	26
32.3	60
35.46	123
37.06	62
34.59	66
34.51	49
35.4	86
34.55	120
34.7	59
32.55	81
35.27	51
34.26	114
32.94	57
33	58
34.38	67
35.49	37
32.54	69
40.76	17
32.57	29
33.54	35
36.64	51
34	107
38.18	37
35.77	57
32.66	61
35.29	73
35.21	49
35.98	43
36.57	91
37.44	70
33.69	61
33.33	69
35.13	69
34.55	58
34.89	19
33.23	69
34.54	55
36.39	51
37.95	42
35.74	25
36.58	59
33.75	40
36.26	68
33.03	10
35.01	70
36.31	47
36.99	49
34.01	64
35.22	64
33.27	36
36.85	38
37.17	73
33.99	65
33.66	86
35.55	59
35.67	49
35.56	67
34.84	26
37.71	35
35.13	33
32.61	65
34.6	50
32.93	61
33.8	124
35.18	21
34.63	66
34.27	60
35.71	68
37.95	42
33.77	61
36.58	59
33.52	32
33.75	40
35.8	68
33.15	12
35.05	70
36.28	47
34.01	64
37.62	49
34.86	26
34.5	57
33.71	59
34.88	55
34.99	62
36.1	46
35.91	49
33.88	82
34.51	23
34.69	15
35.64	68
33.1	70
33.95	18
37.25	59
35.84	102
35.86	29
35.25	38
36.03	102
35.61	18
37.15	65
34.79	76
36.65	37
35.04	32
36.1	58
37.15	65
37.02	33
38.13	27
34.08	86
33.22	63
35.49	33
34.91	61
35.27	71
36.22	14
36.22	87
35.09	26
38.67	64
33.85	59
37.37	37
35.51	65
34.14	82
35.05	30
33.47	53
32.62	63
35.11	39
34.35	2
34.61	70
35.81	98
35.61	58
36.33	48
36.22	14
35.19	60
35.25	70
38.62	34
39.09	29
34.14	59
37.88	12
34	45
35.2	69
34.2	62
35.76	66
35.22	58
51.94	29
39.67	15
35.51	65
34.32	70
35.16	57
40.81	15
35.08	46
39.62	26
35.94	55
35.52	69
35.26	10
39.8	100
35.44	34
36.66	65
36.7	64
36.57	65
36.31	78
33.64	66
35.1	49
32.88	59
34.01	106
37.83	81
34.1	11
34.15	46
43.29	24
35.13	67
35.85	61
34.04	24
35.14	67
35.57	119
33.83	11
35.94	57
35.32	62
35.94	57
35.94	57
35.94	57
35.94	57
35.94	57
35.49	50
35.38	64
35.37	69
35.27	70
35.64	60
33.92	65
34.88	25
33.8	62
34.01	63
35.76	46
36.64	45
35.55	57
37.5	45
34.23	16
36.28	36
34.37	62
34.18	62
34.82	70
35.91	20
35.06	21
34.07	122
34.46	58
37.23	57
35.49	18
35.18	54
35.91	64
32.64	70
33.32	62
35.46	67
36.69	93
33.33	62
35.05	64
35.31	95
33.92	53
38.53	39
36.05	55
34.93	65
35.81	62
33.89	46
34.57	28
36.21	103
37.73	54
37.73	54
33.28	74
35.71	93
35.6	70
36	25
34.57	27
36.36	56
33.02	112
34.72	73
35.49	38
32.91	69
33.59	68
35.79	99
38.59	54
37.85	65
50.59	22
49.05	24
35.57	97
34.42	59
33.7	59
31.96	65
34.81	99
33.09	41
34.92	62
36.22	25
37.91	39
33.91	64
37.89	51
36.61	70
35.53	9
38	19
35.61	34
37.73	69
36.44	41
36.76	46
34.85	54
34.64	54
37.52	63
34.82	64
32.63	44
33.13	69
34.86	63
36.51	62
34.72	54
34.49	58
32.37	68
36.86	56
33.46	57
38.24	38
32.69	64
35.41	68
36.02	63
36.4	58
34.73	23
31.95	1
36.66	59
36.45	55
35.3	47
36.68	61
34.41	67
34.98	56
33.09	47
34.22	86
35.12	44
42.42	27
33.86	57
36.4	60
34.85	32
33.49	9
35.03	116
36.63	66
37.72	40
35.32	52
36.52	59
37.9	83
39.9	28
33.59	53
34.62	70
41.05	24
33.62	66
35.03	62
34.83	122
36.29	58
36.64	49
36.67	36
40.91	24
33.2	61
34.42	7
35.05	69
35.19	60
38.4	96
37.18	58
33.72	125
32.71	64
37.06	88
34.76	57
34.2	127
36.06	47
35.74	66
35.64	49
35.66	57
33.04	37
34.67	23
32.45	115
33.48	30
36.05	57
34.93	56
33.59	8
35.73	66
33.85	65
34.08	55
36.14	67
33.78	65
41.57	28
34.31	64
36.08	43
33.89	60
31.69	65
32.68	67
40	29
38.37	28
34.42	53
34.5	66
33.23	69
35.29	58
36.1	120
34.21	59
34.11	68
36.16	59
33.43	24
32.16	43
33.86	41
34.89	87
34.45	59
35.4	111
35.88	65
33.72	28
36.21	70
35.5	52
34.37	31
35.95	83
36.25	99
34.36	125
32.96	57
34.52	114
33.85	76
35.64	50
33.5	64
33.9	24
38.38	53
35.28	62
34.62	64
36.6	63
33.02	64
38.76	59
33.55	11
36.13	70
33.71	33
40.55	23
35.55	43
33.66	62
37.25	87
36.73	48
35.98	110
36.18	67
37.22	65
34.42	50
37.28	70
33.2	47
34.17	58
34.36	94
43.42	31
35.18	58
34.64	61
35.03	15
34.86	43
32.42	70
50.86	21
33.01	63
34.62	22
33.84	68
36.45	57
34.84	41
32.81	2
33.17	70
37.03	20
32.83	66
37.25	39
34.77	22
32.89	63
34.3	84
37.25	39
32.53	52
32.83	66
33.97	56
33	2
36.17	76
33.84	68
32.88	70
34.5	67
38.19	63
37.48	69
35.18	64
33.93	18
37.4	24
38.19	63
38.19	63
38.19	63
33.22	108
35.03	52
33.84	70
35.11	62
34.63	67
34.54	68
35.35	57
32.5	64
34.63	67
33.07	9
34.01	58
32.38	70
35.21	41
33.3	46
35.05	65
37.87	104
35.13	63
36.99	21
34.21	54
34.81	70
33.16	9
35.51	65
34.68	65
35	25
35.57	3
34.18	60
34.73	97
33.2	66
34.55	24
37.14	42
34.21	63
40.28	28
38.06	35
36.9	54
31.59	65
34.59	62
35.03	12
33.7	23
35.55	56
33.22	5
35.74	68
36.96	59
33.58	24
34.39	43
34.65	69
32.59	15
34.54	26
32.67	30
34.05	114
33.83	32
34.6	113
34.7	68
36	62
33.76	114
34.34	31
34.16	61
35.4	51
35.74	59
35.24	60
34.01	65
32.9	123
33.72	44
35.54	64
33.88	70
34.56	45
32.66	60
35.33	41
32.97	45
32.65	125
34.3	28
34.1	70
33.85	70
36.48	55
37.54	47
34.1	70
33.85	70
34.58	53
34.89	65
33.65	70
34.1	70
34.03	65
35.34	63
39.68	73
36.32	101
36.82	47
36.16	35
35.71	66
34.74	34
34.32	116
35.88	57
38.23	48
34.77	42
32.28	44
35.84	69
35.01	97
37.02	15
34.33	110
34.55	63
33.94	70
35.03	81
31.9	68
34.77	70
35.52	39
33.17	27
36.11	38
33.96	55
32.86	58
35.3	27
33.56	45
31.32	66
34.84	65
32.94	66
33.34	25
34.39	33
35.57	67
35.57	69
34.25	53
35.09	36
36.77	65
33.83	69
37.91	42
36.91	56
36	53
35.64	68
33.93	56
33.22	4
36.77	72
35.85	47
34.1	64
36.08	47
34.66	28
34.27	67
33.55	59
34.82	99
35.41	83
34.35	66
33.18	66
33.93	42
33.37	61
33.6	69
35.4	117
34.92	118
38.87	50
36.71	44
34.85	69
35.4	55
34.74	112
34.04	64
34.36	114
34.31	69
33.93	46
35.52	55
33.82	64
36.12	75
37.03	43
34.38	69
34.95	84
33.62	25
35.25	90
34.08	74
51.28	28
34.07	55
33.46	7
39.87	36
34.42	43
34.65	44
35.15	98
35.27	70
40.4	15
34.37	60
34.9	48
36.08	100
33.82	53
33.89	21
34.07	118
34.44	91
33.86	90
35.81	51
31.62	51
35.86	13
32.69	66
33.98	70
31	3
34.15	62
33.97	88
35.03	37
34.02	67
35	36
34.95	54
32.31	59
36.61	60
37.21	55
36.96	45
37.11	26
37.66	47
36.18	54
36.85	61
36.43	103
35.83	123
37.39	58
32.84	125
35.47	57
32.82	30
37.05	28
32.84	43
34.06	67
34.79	72
33.56	56
31.98	54
34.01	62
34.39	91
34.96	65
35.61	69
33.94	65
34.7	23
34.77	58
35.35	69
33.54	42
34.07	107
31.84	69
36.07	60
34.18	69
41.93	41
34.1	57
41.33	34
36.09	50
38.89	20
35.37	73
36.36	67
37.23	58
34.01	19
35.69	42
34.13	14
36.27	92
33.25	58
37.51	71
36.71	60
32.24	68
34.35	28
34.5	53
37.22	50
34.99	124
34.66	33
33.16	27
33.74	41
34.48	61
36.41	68
35.81	97
35.93	90
33.95	44
33.33	68
37.88	8
34.77	57
33.8	126
34.25	25
34.15	64
33.67	41
33.4	57
33.84	64
34.02	121
37.12	58
35.2	80
35.07	50
34.25	21
34.06	61
33.81	106
34.78	35
35.11	111
35.44	26
31.41	64
32.67	31
36.22	66
34.29	29
36.9	30
34.76	58
31.9	63
35.62	49
34.27	58
35.81	37
33.2	67
35.22	58
33.89	59
33.21	56
35.45	45
35.59	28
34.56	39
38.24	40
33.89	59
36.91	38
33.89	46
38.16	35
32.08	66
35.64	121
33.25	65
32.03	18
33	23
36.53	37
34.69	115
33.11	112
34.59	57
35.94	44
33.37	60
35.11	56
37.38	63
35.81	63
36.69	69
36.56	44
36.79	50
36.36	66
35.49	64
35.25	51
38.28	28
34.78	55
35.11	59
35.3	70
33.74	90
34.72	121
33.94	82
34.35	59
34.92	75
33.78	65
35.03	66
34.51	32
34.63	60
36.01	33
33.47	60
36.7	35
34.13	67
35.88	66
36.42	70
36.22	51
35.62	19
34.55	44
34.91	112
38.75	55
35.65	60
36.23	25
35.84	56
35.14	44
32.33	6
34.13	70
33.59	59
32.5	66
36.15	47
33.63	67
34.38	124
33.12	50
35.58	49
35.49	57
33.89	59
36.39	30
36.34	84
34.92	64
34.94	42
35.59	41
32.93	70
35.49	42
35.01	68
35.22	63
35.77	27
36.1	15
35.12	72
35.1	69
39.09	79
34.12	61
34.66	87
43.98	24
35.41	28
34.66	60
36.28	80
34.55	65
34.55	65
32.54	66
33.88	51
32.54	66
37.36	44
33.22	49
33.19	64
34.55	65
34.62	63
33.42	56
34.16	48
35.44	44
33.04	116
35.26	66
34.82	65
33.75	65
35.4	38
35.5	39
37.77	39
34.57	67
34.43	60
35.55	53
35.15	127
35.52	81
36.71	64
34.18	68
34.05	70
35.41	34
33.69	70
35.3	100
33.6	105
33.45	64
43.76	36
34.16	65
33.05	38
34.55	9
33.76	51
32.62	61
35.84	56
37.16	41
34.55	116
35.89	60
36.28	28
39.56	36
35.44	51
35.51	40
38.81	35
36.59	44
34.44	21
36.08	67
37.33	48
35.68	61
34.39	8
34.98	68
36.24	60
35.31	62
35	50
35.47	52
37.15	31
34.55	26
35.44	51
36.17	66
36.77	60
34.18	65
34.72	66
36.08	116
33.87	124
35.23	61
35.48	126
32.42	70
36.48	39
35.34	44
33.84	54
34.18	110
34.23	105
34.16	69
41.74	43
38.17	107
32.41	65
34.32	48
35.18	55
33.74	29
34	69
34.36	15
37.17	64
35.48	66
37.92	66
34.67	61
33.49	55
32.99	118
33.61	121
33.87	43
34.16	120
33.32	64
34.66	59
35.8	62
34.37	19
35.33	70
33.74	61
35.08	28
35.38	58
35.33	25
37.4	86
35.25	43
31.94	69
34.9	44
36.44	47
41.04	31
34.38	127
35.18	52
39.84	32
35.18	52
35.74	65
34.21	70
35.15	89
35.18	52
35.18	52
35.98	51
35.18	52
33.05	53
33.4	59
33.81	101
34.52	57
38.42	45
33.68	69
33.3	59
34.73	59
36.3	12
38.89	33
33.85	59
36.98	58
34.05	84
34.81	61
33.84	68
34.77	41
32.67	57
33.67	63
34.22	54
33	69
35.08	62
33.37	65
36.95	20
40.64	22
36.16	52
38.32	90
35.95	101
33.78	112
33.44	12
37.24	44
39.1	15
34.22	70
34.25	63
34.98	68
32.99	47
35.48	44
34.53	69
36.66	68
35.05	62
36.11	16
34.27	63
36.55	67
34.85	69
36.43	5
36.94	69
36.47	57
33.14	127
35.65	63
33.55	66
35.77	49
32.99	67
34.34	44
35.55	58
33.88	67
35.22	81
34.16	56
35.49	39
34.74	104
32.47	70
34.76	70
37.3	41
33.74	68
35.28	108
34.14	98
35.01	53
36.19	54
36.1	46
34.46	114
35.18	41
34.98	54
33.72	63
35.39	67
36.26	62
35.87	67
35.48	69
36.65	61
33.18	83
36.78	66
34.99	59
32.29	21
35.09	62
33.54	51
34.31	64
35.02	23
33.3	70
34.48	50
32.09	70
34.96	69
32.87	66
35.1	38
34.38	65
35.34	30
33.17	70
36.55	64
33.86	93
35.36	63
36.27	41
33.97	65
35.87	28
33.42	9
37.86	29
34.63	69
34.26	123
32.23	2
33.83	60
32.61	67
33.17	56
36.45	41
34.29	70
33.15	16
32.96	58
33.67	64
35.34	55
33.03	21
35.88	43
34.65	58
36.87	34
31.8	30
36.27	56
36.89	107
36.02	86
32.23	69
34.61	34
35.33	63
34.03	67
33.7	64
33.2	65
35.31	48
34.94	23
36.38	95
36.4	61
36.1	60
33.57	97
33.51	42
33.91	67
35.13	64
33.27	70
33.96	70
34.62	18
36.76	63
36.16	66
34.76	46
36.28	47
34.88	40
36.5	37
38.04	21
35.93	75
33.88	69
33.46	61
36.52	64
31.23	4
36.19	56
41.38	26
36.34	56
32.86	66
33.38	115
33.53	36
34	12
35.3	61
37.4	68
35.39	63
36.62	94
32.79	70
39.22	31
33.98	59
42.45	14
36.1	64
36.61	67
38.93	32
38.87	42
35.86	58
34.91	45
35.19	38
36.2	49
35.3	26
34.01	45
34.96	61
35.66	37
48.9	20
35.6	11
32.95	68
45.52	30
41.24	30
51.48	22
36.25	43
34.3	23
48.91	5
35.64	52
36.77	61
43.91	20
34.42	24
35.02	115
36.27	62
35.2	113
34.71	39
34.71	39
35.35	61
34.88	55
34.62	68
35.41	36
33.62	69
34.86	65
35.76	55
34.94	44
34.25	59
33.25	19
36.1	40
33.03	70
36.54	38
32.97	55
34.93	64
36.82	35
37.49	63
33.71	59
33.5	61
39.66	2
36.45	65
34.1	120
37.11	55
35.76	69
32.68	58
36.55	65
34.53	22
33.06	46
34.59	81
36.1	53
34.28	65
35.33	53
35.3	56
33.7	66
33.26	50
35.33	64
34.46	96
35.64	46
33.92	41
34.53	21
36.29	109
48.9	22
35	22
33.06	56
34.29	119
33.81	114
33.74	36
34.94	66
35.8	40
35.16	97
32.53	11
36.57	39
35.4	66
34.75	40
36.07	54
33.67	61
35.81	61
35.99	41
33.86	67
35.32	78
35.38	40
31.77	70
43	25
35.88	55
38.63	74
40	31
33.73	59
36.62	60
34.78	68
38.44	21
34.06	87
53.96	21
35.94	93
33.25	8
34.93	67
33.99	35
35.23	54
35.68	28
34.89	44
31.74	28
33.9	31
34.66	55
36.15	58
34.41	41
34.07	65
34.44	70
35.58	54
37.35	63
33.99	38
34.64	69
35.06	47
35.35	46
34	30
36.25	47
35.94	91
35.59	62
39.12	32
33.58	55
35.09	43
35.5	70
36.35	60
33.66	69
34.5	51
34.33	91
39.81	24
35.39	25
37.01	31
35.2	69
35	9
34.6	70
34.78	48
35.06	58
39.33	38
36.21	62
33.34	127
33.37	65
34.59	66
36.98	34
35.1	95
34.13	57
34.66	87
34.64	24
35.02	53
35.52	66
34.81	74
40.63	29
37.44	55
34.67	70
34.53	57
32.76	57
33.45	59
34.98	16
33.2	12
35.19	21
39.16	24
33.94	36
34.74	35
32.97	47
34.35	54
32.85	50
33.04	61
35	98
35.54	61
35.95	38
36.68	27
40.3	34
35.09	67
33.11	68
33.77	37
33.51	56
42.42	23
36	67
35.71	26
34.96	64
33.47	125
33.3	69
34.14	59
36.52	39
34.97	58
33.72	50
33.34	69
34.4	56
36.51	60
35.02	61
35.44	64
32.65	65
37.93	22
34.98	58
33.41	67
32.86	126
34.04	111
33.4	30
35.72	42
34.47	50
34.46	58
35.65	58
34.59	28
34.93	66
33.16	67
32.89	70
34.93	66
37.25	104
34.93	66
36.51	57
36.03	105
33.64	69
35.91	66
35.01	65
32.67	49
35.28	33
37.41	47
35.18	65
36.09	95
39.77	36
36.3	65
36.21	110
36.82	42
34.22	66
38.13	8
38.06	70
35.65	66
35.9	51
40.49	36
38.78	36
35.92	54
37.15	14
35.92	54
37.22	58
34.14	69
35.17	71
42.56	40
35.92	54
37.25	70
37.28	36
33.98	64
33.03	4
35.58	95
34.07	63
35.25	40
40.72	35
34.27	95
34.17	119
32.32	52
35	64
34.13	95
36.15	58
34.02	30
33.46	116
34.52	38
35.44	44
33.1	46
34.84	45
34.15	21
34.99	45
33.71	68
43.23	24
36.4	50
37.76	36
36.18	51
34.06	92
34.71	70
34.5	49
34.05	57
36.25	61
34.92	61
34.27	60
36.8	88
33.78	67
37.2	7
34.45	69
33.51	64
34.09	53
33.88	57
33.71	36
34.56	66
34.66	43
34.75	64
36.2	23
36.14	88
34.66	36
35.42	39
35.12	50
36.23	61
33.54	51
33.71	60
34.92	49
34.35	122
33.17	70
34.44	67
34.33	106
36.72	54
37.44	59
35.51	60
33.96	28
36.09	86
34.74	63
34.71	68
35.76	49
36.09	86
34.42	17
36.09	86
34.03	27
36.09	86
33.98	56
34.84	58
34.54	61
35.69	52
32.16	46
35.16	61
35.66	34
36.52	34
35.3	44
34.78	108
33.49	56
36.75	41
36.18	57
36.08	56
36.44	68
37.83	47
35.42	64
35.51	73
36.81	54
34.95	50
33.44	60
32.1	57
34.23	88
34.65	36
34.35	19
33.27	54
33.27	54
33.54	64
33.96	54
31.32	59
33.09	109
33.66	28
33.14	65
35.23	47
35.75	45
35.1	34
34.54	55
34.54	60
33.75	43
35.4	48
33.81	52
36.11	13
32.22	66
33.78	69
33.7	62
34.53	51
34.03	69
33.15	3
33.62	47
33.7	97
32.79	27
35.28	78
33.66	74
36.06	43
33.24	79
33.45	115
31.99	72
37.42	68
31.12	78
34	42
35.13	56
35.18	76
34.3	75
32.29	78
34.38	144
34.95	48
35.94	66
31.54	79
37.11	51
32.06	79
35.4	48
34.72	31
32.57	63
33.42	79
34.09	53
35.55	66
33.64	64
32.59	30
34.91	98
32.28	78
32.42	13
31.84	79
35.18	4
37.86	49
35.18	82
36.71	53
34.46	53
34.96	147
35.91	118
33.05	136
35.37	124
33.44	55
37.06	75
35.79	64
34.27	45
35.72	65
34.27	71
35.77	72
34.28	68
33.45	66
34.64	59
34.21	72
32.33	77
35.52	68
34.01	23
36.17	64
34.27	119
35.02	55
33.43	78
35.31	55
34.54	68
32.94	76
35.8	65
33.33	70
34.69	49
34.84	75
34.95	57
34.57	75
35.19	71
32.66	75
36.83	43
32.57	74
33.57	79
33.57	79
34.15	74
32.71	49
34.38	138
34.87	112
32.36	30
34.61	39
32.62	48
34.04	66
35.98	27
35.25	97
35.19	50
36.39	27
33.81	73
34.25	74
34.74	59
35.23	59
36.66	40
32.35	68
32.01	78
33.93	53
33.96	59
33.98	65
33.6	36
34.61	79
31.9	76
31.59	78
34.2	52
36.78	62
36.37	67
35.52	100
32.1	67
36.58	59
33.99	61
36.16	68
34.13	73
34.05	54
34.22	71
33.4	75
36.18	57
35.14	50
37.77	66
35.11	72
34.3	79
33.28	78
37.16	21
37.54	54
34.72	50
34.34	57
36.76	47
32.68	47
33.97	133
35.34	48
34.69	54
34.35	64
35.04	76
33.32	74
31.71	65
31.72	75
33.96	69
34.33	73
35.33	67
33.57	57
36.83	60
32.71	25
34.57	58
35.81	42
33.58	136
34.99	42
34.39	54
35.19	40
33.33	55
35.47	36
35.52	47
34.9	66
33.2	73
34	72
30.52	78
32.58	70
35.72	66
35.81	62
32.77	46
34.08	77
33.83	75
35.89	76
34.98	74
35.12	45
34.38	23
32.75	116
35.2	61
33.45	75
33.05	74
34.34	68
34.76	63
34.27	112
34.93	42
36.23	39
34.54	82
34.59	59
34.35	53
35.54	40
35.56	75
35.77	26
30.92	71
36.11	54
37.8	69
33.33	30
30.98	76
35.18	16
34.5	60
36.35	47
33.18	67
32.65	157
31.5	64
32.42	79
32.99	78
34.23	150
36.03	47
34.61	23
34.66	60
31.92	42
32.27	59
35.89	36
35.56	90
35.62	62
35.86	34
33.47	33
35.25	48
35.1	88
32.86	74
34.57	76
34.8	31
34.65	55
35.67	78
35.63	116
36.44	100
33.13	137
34.76	22
35.97	38
34.18	59
35	48
35.59	69
31.84	74
32.51	78
34.11	61
33.8	49
36.55	43
30.96	43
35.89	52
36.57	53
33.65	139
33.29	135
35.59	64
35.14	100
34.22	60
35.8	10
35.1	10
33.41	47
34.38	78
34.9	51
34.13	93
33.26	43
34.28	94
33.13	152
34.69	32
33.52	70
34.61	51
34.33	129
33.08	114
34.25	71
36.32	10
32.83	77
34.31	156
36.32	10
34.84	40
34.95	7
32.39	104
36.12	76
32.07	74
34.96	56
34.92	70
34.66	24
34.59	64
34.93	59
34.54	76
35.68	90
34.89	46
35.13	77
33.9	102
36.01	66
34.46	158
36.66	95
33.39	19
32.32	78
32.5	79
32.83	79
