sim	len_diff
34.53	224
34.33	232
33.45	215
35.61	168
34.62	239
34.19	202
35.29	160
35.59	141
35	155
33.05	236
33.6	238
33.84	240
34.32	216
33.69	209
35.77	186
34.7	213
33.71	239
35.66	206
34.38	211
33.19	239
35.19	211
34.63	154
33.96	239
33.87	244
33.64	234
34.31	206
34.73	414
34.68	232
34.17	210
33.51	245
34.03	244
32.68	234
34.14	224
33.1	240
33.1	240
33.1	240
33.1	240
33.08	214
33.91	235
33.63	237
34.9	233
34.65	163
34.62	231
34.37	246
34	148
34.42	132
33.85	211
34.72	122
31.09	11
33.6	232
33.36	232
33.36	232
33.36	232
32.59	209
33.57	210
32.81	210
32.54	229
33.29	207
32.86	409
32.13	231
33.31	180
33.34	189
32.85	219
35.53	169
33.98	381
33.93	383
34.38	214
33.12	237
33.96	236
34.94	214
33.76	212
34.08	224
32.63	241
34.4	176
33.7	240
34.53	186
34.57	214
34.6	228
34.12	230
33.47	230
33.01	241
35.11	161
32.79	244
34.42	194
34.41	211
33.09	404
32.75	240
33.81	152
33.76	227
33.85	216
34.25	224
32.96	239
34.11	201
33.76	239
34.25	235
33.98	131
34.23	190
34.62	303
33.75	231
33.58	242
33.42	239
33.11	230
34.02	244
34.09	232
35.51	194
35.51	194
33.59	226
35.69	147
34.93	195
33.95	226
33.82	245
35.36	157
34.68	198
33.61	240
33.59	206
34.35	195
33.68	193
33.28	211
34.71	205
34.32	209
33.09	236
34.92	161
34.84	174
33.37	236
33.27	234
34.7	178
33.81	220
34.52	237
33.92	234
34.56	241
33.42	228
33.6	243
34.41	214
33.21	238
34.53	210
33.61	198
33.55	200
33.77	199
33.61	198
33.2	212
33.77	199
33.77	199
33.52	228
33.31	197
33.62	185
33.31	197
33.34	204
32.67	243
32.71	242
34.05	186
33.14	221
33.54	164
33.58	190
33.35	245
33.96	163
33.52	237
32.37	244
34.22	186
33.3	244
34.11	195
34.63	237
34.23	225
32.6	230
33.94	79
33.55	223
32.97	245
34	199
32.92	216
33.21	244
34.26	229
33.59	237
33.54	228
32.54	238
34.33	230
34.34	167
32.94	239
34.89	165
33.28	238
34.25	222
34.45	182
32.84	224
33.69	232
34.5	193
34.04	174
33.18	204
32.82	220
33.1	216
33.85	222
32.97	166
32.45	210
33.8	194
34.33	215
34.14	228
33.71	238
33.79	217
34.83	161
33.39	219
34.25	234
34.22	233
33.76	199
34.58	79
33.45	239
34.42	238
34.48	80
35.07	219
35.78	168
34.29	120
37.22	174
34.09	199
34.8	206
34.03	162
33.12	238
32.52	208
33.71	206
32	240
33.25	199
33.8	217
32.73	152
32.88	220
35.57	134
34.25	179
34.81	249
35.1	135
32.24	231
33.74	227
33.42	239
35.23	163
33.22	205
35.03	189
35.66	151
33.44	199
33.74	198
33.71	187
33.83	240
33.27	215
32.93	170
33.82	232
33.94	230
33.18	225
33.21	214
31.56	220
34.17	194
33.08	201
32.53	199
32.35	190
33.43	221
35.38	160
31.85	244
32.35	238
34.23	208
34.18	135
33.05	218
34.36	206
33.15	213
34.49	140
33.92	219
33.62	238
32.33	232
33.76	219
33.66	361
34.72	196
33.71	179
32.56	227
31.97	205
34.3	202
32.84	212
33.9	226
32.72	239
33.41	212
33.54	146
33.34	240
34.47	159
33.37	120
34.72	215
33.81	179
34.53	208
35.03	172
36.07	193
34.84	226
33.44	240
34.07	214
34.37	211
34.06	216
33.64	227
33.33	235
35.73	206
33.18	230
33.09	238
34.44	220
34.49	197
34.11	176
34.11	137
35.29	166
33.63	225
34.48	189
34.62	220
34.26	211
32.78	216
33.47	243
33.96	187
33.48	181
34.47	197
36.03	143
32.76	235
33.13	218
34.13	214
34.57	206
35.4	201
35.33	119
34.16	234
34.8	179
35.11	231
33.89	213
35.15	229
35.62	225
35.34	225
35.92	188
35.45	223
33.56	238
33.94	245
34.56	179
34.03	217
34.99	174
35.17	122
34.2	198
35.07	179
33.34	201
35.7	90
34.32	206
34.83	170
33.74	240
33.07	235
34.2	199
33.95	193
32.8	245
32.95	243
34.98	243
32.86	239
35.64	221
34.37	233
34.43	223
34.29	171
35.51	228
34.65	206
35.17	168
35.24	137
34.85	191
34.06	232
34.94	237
34.94	193
42.92	60
32.94	64
34.74	164
33.21	102
33.33	71
34.83	156
34.25	206
33.43	188
32.67	217
34.09	102
44.55	18
36.69	228
34.78	33
35.03	154
36.4	183
35.14	197
34.57	214
35.17	209
33.79	205
34.54	212
43.18	47
33.73	156
34.02	132
34.97	217
33.53	208
34.61	161
33.9	171
33.35	200
34.6	140
34.1	216
43.59	5
33.6	217
34.39	131
34.12	191
33.22	138
33.14	211
32.84	196
34.61	163
35.62	163
34.44	198
53.28	46
35.64	185
36.9	162
34.46	217
34.47	215
36.27	195
34.77	211
34.61	208
35.05	169
36.54	187
35.88	201
35.54	207
35.99	111
36.54	191
36.36	167
36.01	210
42.61	139
35.88	186
35.26	188
34.18	180
47.15	45
34.23	158
33.45	54
34.77	170
35.25	181
33.48	214
33.41	191
33.18	187
34.15	194
34.68	187
34.16	134
34.2	114
35.33	121
33.78	216
34.92	181
33.7	200
34.04	149
34.77	180
33.95	184
32.66	215
44.97	74
36.49	134
36.37	127
34.76	187
35.76	177
35.3	206
36.01	164
35.59	194
34.63	180
35.38	152
44.23	103
35.27	122
35.76	175
35.09	346
36.24	125
36.72	176
35.94	286
35.79	210
35.57	186
35.92	191
48.68	37
35.74	208
34.21	203
34.84	210
34.08	216
35.4	215
31.4	17
35.4	215
34.94	172
35.2	177
34.67	131
35.3	180
34.73	150
44.26	25
34.6	200
37.2	149
35.38	204
35.7	191
36.24	183
34.21	140
32.42	212
33.17	127
34.56	170
33.89	95
33.68	193
34.5	188
33.47	207
45.08	47
32.79	58
33.79	189
43.4	40
35.4	132
34.81	152
34.95	198
33.76	151
35.1	217
35.6	191
34.46	172
34.84	181
34.98	214
45.19	74
35.93	171
36.26	157
34.26	175
34.03	334
34.22	175
35.82	123
34.94	102
35.23	205
34.97	116
45.12	43
33.95	166
33.2	194
35.43	166
33.63	170
33.88	78
34.07	179
34.6	201
34.11	129
33.57	217
35.44	163
35.91	120
35.2	197
45.13	19
36	195
35.93	137
36.84	177
34.19	208
35.05	177
35.34	149
48.63	43
34.42	190
33.55	177
34.63	217
34.16	203
34.54	177
34.14	193
34.44	94
34.26	202
32.8	34
46.06	38
33.69	89
33.46	215
34.12	167
32.86	214
35.86	151
34.79	133
33.95	178
34.03	187
35.65	171
45.06	9
35.81	177
36.56	56
35.9	121
36.02	175
36.22	192
42.94	105
35.46	198
35.11	176
36.75	181
45.3	31
34.55	375
34.81	168
34.96	149
33.95	217
35.38	204
34.7	199
33.22	29
35.6	199
34.68	158
44.87	26
34.05	207
35.53	183
35.97	130
35.36	178
33.96	212
35.01	207
34.79	194
34.65	187
34.79	180
44.32	102
36.1	197
34.8	169
36	216
36.24	137
34.74	214
35.91	213
35.36	153
35.75	170
36.57	255
44.36	47
31.99	43
34.02	187
34.04	159
33.35	132
32.96	51
34.43	180
34.01	217
35.35	246
33.66	173
35.05	211
35.09	211
35.31	155
42.09	184
34.3	214
34.76	166
35.26	189
35.9	203
34.53	213
35.64	149
47.32	44
34.59	217
35.72	165
34.67	114
34.49	213
35.05	206
34.77	206
34.86	191
34.38	197
34.49	211
46.42	12
34.67	207
35.38	88
34.95	205
34.66	212
35.33	195
33.96	197
37.22	200
34.66	212
35.12	217
47.5	40
33.49	162
32.51	216
35.17	159
34.96	170
33.64	191
33.06	179
34.27	155
34.11	150
33.78	205
47.81	42
34.61	201
33.31	213
35.18	159
34	156
36.39	194
34.66	212
34.7	172
35.52	167
34.05	208
40.46	231
35.22	216
35.57	201
34.74	211
35.93	204
35.13	193
35.22	202
34.9	195
36.23	117
35.04	213
43.32	126
35.53	197
35.57	359
36.64	133
35.47	179
35.92	146
35.65	107
35.81	203
34.69	201
36.39	161
43.49	99
35.27	199
34.95	193
35.01	194
36.72	164
35.62	198
35.35	186
35.64	200
35.68	208
36.72	178
41.34	170
33.68	185
33.93	217
33.53	212
33.82	186
33.16	212
33.41	202
33.71	170
35.08	198
34.45	190
40.37	56
35.1	174
34.24	150
43.14	30
35.33	163
34.86	200
34.02	131
34.33	159
33.57	214
34.06	211
39.56	11
33.4	82
32.83	198
33.15	189
34.48	195
33.49	260
34.03	178
33.74	180
33.64	180
34.38	180
35.25	211
34.2	200
34.26	189
48.35	48
33.85	214
34.07	193
35.93	127
34.38	173
34.95	198
35.61	194
46.48	40
34.64	207
35.56	170
35.82	162
36.83	99
34.15	189
36.14	181
35.69	190
34.43	206
35.9	206
36.47	34
33.53	127
34.55	161
33.44	208
35.06	196
33.76	195
34.74	198
32.89	206
35.49	157
34.4	130
34.58	141
34.26	197
34.59	179
33.62	198
33.9	195
31.59	25
52.5	27
34.11	129
33.36	67
33.17	175
33.38	188
32.21	172
32.95	172
34.66	184
34.14	167
33.24	211
34.24	157
33.9	200
35	97
35.76	175
44.69	28
36.41	97
35.45	200
36.83	158
36.08	160
35.28	203
36.98	227
35.75	188
35.76	212
41.23	39
34.02	174
33.77	190
32.57	205
34.16	201
34.31	153
33.79	154
43.99	29
34.21	208
33.95	196
35.13	179
51.26	6
35.17	186
35.09	153
35.42	142
35.55	53
35.96	103
34.35	199
34.63	160
34.56	105
48.7	46
34.58	208
35.69	204
34.67	144
34.24	81
34.16	212
34.54	138
34.63	186
35.19	212
34.78	138
45.22	10
34.83	107
35.57	92
34.01	217
35.67	184
33.37	215
35.08	209
35.53	192
35.12	167
36.35	86
33.87	79
34.28	157
31.72	42
34.75	91
33.13	200
32.42	52
40.85	6
34.37	155
33.5	200
33.2	173
44.65	3
34.31	199
34.84	158
34.41	145
34.6	85
34.75	191
34.77	159
32.98	19
34.62	146
35.09	207
46.07	33
35.15	176
36.28	160
35.72	194
36.82	193
36.39	190
35.85	190
38.15	137
36.46	215
35.68	179
47.61	5
34.01	169
34.84	151
33.99	208
35.25	203
35.63	81
35.06	182
35.32	271
35.78	203
35.32	187
47.32	41
34.33	102
33.6	195
33.38	175
34.38	70
33.54	214
34.91	97
33.88	206
33.45	138
33.84	164
47.13	53
34.82	120
34.83	180
35.03	204
35.4	207
36.3	202
34.87	194
34.46	160
33.68	217
35.44	126
45.2	16
35.54	175
36.86	148
35.73	181
35.19	199
37.12	181
34.04	194
35.89	192
35	138
35.08	210
52.66	15
34.24	101
35.84	192
35.98	177
33.12	21
34.87	189
35.75	187
34.88	203
35.64	182
35.9	190
45.38	38
36.54	176
35.09	174
35.14	391
36.18	149
35.75	166
35.4	206
36.01	333
36.45	197
34.58	206
35.08	203
33.52	46
34.85	205
34.9	192
34.15	214
41.94	3
33.91	97
34.25	191
34.3	198
34.26	136
50.58	47
34.7	213
35.79	148
34.57	207
35.08	130
35.85	112
34.52	188
35.41	201
35.43	195
35.33	171
48.98	32
36.86	167
36.07	153
35.12	211
34.02	211
34.98	131
35.07	194
34.81	200
35.55	197
35.15	185
35.02	118
33.87	217
33.82	339
35.39	152
34.15	360
34.18	172
34.69	167
35.32	200
34.52	137
35.09	107
45.68	54
34.67	215
33.92	137
34.33	190
34.61	156
34.54	204
33.72	145
35.07	188
34.58	200
34.05	194
48.94	23
33.76	94
33.36	214
33.78	156
34.12	154
34.94	203
36.1	165
34.23	147
33.02	40
34.23	209
43.1	55
34.83	171
34.01	162
34.18	204
33.09	215
33.73	142
34.9	160
35.07	157
33.87	384
34.06	172
41.34	172
37.08	133
36.58	186
35.77	136
37.07	174
35.72	178
35.18	192
36.48	137
34.99	200
36.35	173
47.72	40
34.77	199
34.29	69
34.98	155
33.73	216
34.8	213
35.07	190
34.1	110
35.14	108
34.41	200
46.8	36
34.68	73
34.17	337
34.45	160
34.13	175
34.68	186
34.16	194
34.39	162
34.25	196
34.05	184
48.65	39
34.86	214
35.36	177
34.46	193
34.38	208
34.97	156
34.12	163
34.82	188
35.06	198
34.91	194
48.46	40
33.33	207
34.5	165
33.72	201
35.29	167
35.28	127
34.6	216
34.39	199
33.38	217
33.95	208
47.71	39
35.17	95
34.89	201
33.37	106
34.31	74
34.67	170
34.6	148
33.74	209
33.8	208
35.11	160
47.73	40
34.62	172
34.75	197
35.14	121
34.16	207
35.02	159
34.53	195
34.41	210
35.13	167
35.12	207
48.98	47
37.02	154
33.73	59
34.75	102
35.02	203
35.04	195
35.25	179
34.19	206
35.54	194
35.66	111
45.74	42
36.29	136
34.31	173
35.29	165
33.23	209
34.86	199
34.46	210
33.78	210
34.7	80
34.83	63
46.76	36
33.85	156
33.74	135
33.16	147
34.43	149
33.47	197
33.83	187
32.4	215
34.2	151
34.36	221
47.21	40
32.81	217
33.46	185
35.1	214
34.31	101
32.57	165
34.35	130
33.56	162
33.15	46
34.36	110
46.27	34
34.51	386
33.31	39
34.44	186
34.87	52
35.41	178
35.16	189
35.55	183
34.54	206
35.82	185
34.93	209
34.4	134
35.83	161
35.1	188
33.82	179
34.24	182
33.59	337
34.94	175
45.66	24
34.71	141
45.82	72
35.34	186
36.95	189
35.92	181
34.98	168
35.38	211
36.12	184
35.47	174
36.1	95
35.38	214
42.91	93
35.74	168
34.73	208
35.11	93
34.88	173
34.57	215
35.48	84
34.55	214
34.53	207
35.11	212
33.29	169
32.98	196
32.79	207
34.58	206
45.96	46
32.08	194
33.61	178
33.03	166
34.45	202
34	182
47.91	41
33.39	180
34.3	180
34.85	201
35.19	196
34.99	196
34.65	198
35.3	172
34.54	188
34.49	181
46.13	40
35.82	127
35.13	213
36.25	168
36.35	95
37.17	119
35	205
36.89	140
34.78	217
35.35	184
42.28	46
34.19	185
33.42	209
34.87	191
35.18	156
33.59	214
33.7	175
33.47	215
34.46	184
34.2	194
48.23	41
32.35	210
35.05	162
34.77	183
35.04	215
33.99	74
34.98	159
33.89	210
34.64	182
34.27	152
35.24	142
35.14	201
35.02	209
35.53	127
35.57	173
36.22	137
35.44	193
33.78	215
46.52	33
35.82	199
35.79	213
34.97	185
34.12	216
35.72	171
35.65	181
35.76	165
35.06	197
35.47	184
44.79	2
34.98	206
46.7	41
34.68	215
34.45	160
34.77	159
33.98	172
34.66	192
35.28	174
34.51	190
35.17	314
35.3	176
48.83	29
33.17	209
34.12	83
35.19	392
35.21	192
35.48	163
33.04	212
35.52	155
34.85	178
33.65	152
42.04	18
35.83	109
34.51	173
35.11	107
34.55	185
33.65	131
33.53	202
34.2	150
34.44	184
36.42	144
48.25	39
35.44	136
35.28	159
33.61	216
34.81	172
35.44	167
35	105
35.76	155
35.69	148
35.65	178
46.47	10
35.21	384
34.66	132
34.22	215
35.57	187
35.17	200
35.58	93
36.02	203
35.87	214
36.08	148
45.65	34
36	159
45.03	74
34.83	188
34.79	166
34.84	203
36.19	146
35.84	120
34.19	214
35.84	171
44.6	9
36.68	145
35.12	93
35.11	334
35.04	133
34.53	111
36.17	200
34.87	85
35.7	212
36	173
45.77	33
34.82	203
35.29	76
34.89	175
35.38	182
33.7	126
35.56	129
34.02	133
33.73	217
34.14	206
44.59	26
35.26	168
33.88	87
34.12	207
34.35	177
34.96	213
34.08	202
34.72	64
33.84	204
32.74	48
33.43	209
34.95	102
34.34	210
35.53	97
34.5	112
56.81	19
34.3	181
34.58	170
34.87	186
35.82	178
44.81	97
34.27	146
35.97	334
35.61	196
34.02	172
35.61	147
35.6	186
36.9	152
34.14	207
36.05	215
44.91	39
32.49	204
32.88	38
34.3	145
34.81	143
34.65	163
34.59	238
35.15	134
34.65	203
35.2	163
46.09	27
33.25	117
35	146
31.86	206
34.01	204
33.99	179
34.06	89
34.77	194
35.12	168
33.24	169
47.03	18
35.24	174
35.01	178
35.29	175
36.34	79
34.05	94
34.48	110
34.47	194
35.04	159
34.59	214
47.32	41
34.17	191
35.73	98
35.03	161
34.04	157
34.92	203
34.01	201
34.76	176
34.96	161
33.81	212
39.28	46
33.62	214
33.71	180
33.84	143
33.07	202
34.67	180
34.56	215
34.4	191
33.55	106
35.62	172
33.3	150
32.51	89
31.08	32
33.58	193
32.36	32
34.05	102
33.28	213
46.76	42
33.26	209
33.06	160
44.38	1
35.05	103
34.78	71
35.63	197
35.34	204
35.11	215
33.89	199
35.08	172
33.86	200
35.32	180
47.63	47
35.05	146
35.8	195
35.03	128
35.46	199
35.59	173
35.62	209
34.16	186
35.84	180
35.54	197
43.15	82
36.44	177
35.96	120
35.06	174
36.08	155
35.91	204
35.41	212
35.02	160
34.73	178
34.38	206
43.26	75
35.95	217
36.22	109
36.23	91
35.76	121
35.3	200
36.63	115
35.71	160
35.54	144
35.64	189
43.34	50
33.97	181
34.54	162
34.64	185
34.39	177
34.19	189
34.03	114
32.62	192
34.22	122
33.1	190
39.55	53
33.47	175
33.86	202
33.24	210
34.24	187
33.24	194
33.07	116
33.35	214
34.42	195
34.6	191
47.91	31
33.57	207
34.12	193
34.77	199
35.32	146
33.72	203
34.62	206
36.16	157
34.8	215
34.25	58
40.8	12
34.83	246
33.81	172
35.05	141
34.25	158
34.75	118
34.47	204
38.11	50
33.4	191
33.4	214
39.08	36
33.15	131
34.19	212
34.91	155
33.83	215
33.33	216
33.83	184
34.28	181
34.1	197
33.56	197
33.16	211
34.14	163
33.81	107
35.12	157
32.38	216
33.02	133
33.99	99
33.74	91
33.44	149
34.05	198
46.31	32
34.55	134
33.66	209
35.35	160
35.58	208
34.12	63
35.89	290
35.94	290
34.96	161
35.35	183
47.58	30
35.19	185
36.86	154
36.31	211
37.16	187
36.57	194
35.23	142
36.81	168
36.2	216
37.92	123
48.46	40
34.65	172
34.88	207
34.47	205
32.04	23
33.74	215
34.45	214
35.2	87
34.35	207
34.77	170
44.25	30
34.34	119
33.71	212
34.79	210
34.05	96
35.41	160
34.45	232
34.47	205
34.13	210
34.56	217
46.15	50
35.72	160
34.23	190
34.94	203
34.45	178
34.31	277
33.66	118
33.39	151
34.53	95
33.35	212
48.17	25
34.3	124
33.87	197
35.04	133
33.57	201
35.79	65
35.03	178
32.92	211
34.3	197
33.2	192
44.95	14
35.05	202
34.91	215
36.6	150
34.59	208
35.51	145
33.75	211
36.08	191
34.87	212
35.98	172
43.74	31
33.38	210
33.69	202
33.81	197
33.76	114
33.58	50
34.08	140
33	211
33.37	197
34.45	185
34.5	207
35.87	183
35.02	211
35.42	158
36.42	138
34.8	214
42.97	163
36.27	168
36.63	115
34.37	213
46.74	39
33.45	140
35.04	85
31.8	56
32.88	80
32.72	88
35.26	99
32.48	71
33.1	162
33.6	194
45.14	23
35.82	200
34.69	207
35.91	196
34.27	216
34.33	213
34.98	140
35.82	193
34.85	208
34.84	196
48.24	45
34.67	103
35.44	207
34.92	169
33.71	187
33.31	102
36.61	126
33.73	198
34.75	183
35.23	176
46.96	42
34.63	102
34.32	206
32.45	184
34.8	206
32.62	209
35.03	154
33.47	192
34.86	187
32.86	165
33.36	214
34.92	148
33.86	282
33.82	216
34.82	197
34.96	178
34.62	199
34.19	208
34.3	196
33.41	214
35.07	164
33.22	80
34.12	172
33.81	204
34.56	184
43.52	38
34.93	150
34.53	128
35.37	138
33.67	143
43.8	87
36.46	172
36.55	167
35.93	152
35.7	217
36.1	154
34.76	205
34.52	207
35.88	109
36.6	177
45.36	44
35.93	263
35.45	136
35.75	204
35.44	199
37.06	210
32.36	27
34.82	187
34.77	212
35.84	182
42.66	162
36.27	206
34.85	193
34.37	175
35.87	195
35.65	174
35.46	198
35.12	176
35.23	213
35.07	188
45.66	0
35.78	189
35.64	207
35.26	180
36.21	206
33.83	16
36.32	163
36	176
33.94	212
34.2	192
45.06	76
36.47	171
35.43	213
36.54	191
36.48	174
34.91	126
35.35	175
35.75	180
36.2	121
35.26	143
46.45	22
35.5	165
36.51	116
34.93	213
35.37	198
33.44	213
36	155
36.54	188
35.09	159
36.72	146
43.62	123
35.59	196
34.65	199
36.53	148
34.59	186
35.49	197
34.77	216
35.91	131
36.26	189
37.74	195
47.04	23
35.65	196
34.79	170
36	276
35.37	152
36.22	181
37.25	166
35.76	158
35.14	160
35.11	216
45.42	16
34.1	213
34.92	86
35.15	164
35.66	154
34.13	180
36.4	193
36.23	122
34.88	207
36.71	164
34.91	217
34.16	360
33.75	67
34.34	205
33.37	177
33.71	199
34.66	213
47.27	22
32.74	64
34.88	197
47.83	37
34.02	133
34.61	161
33.99	207
33.75	147
34.55	200
33.83	210
34.5	188
33.5	205
33.27	217
47.79	44
33.88	217
34.09	185
34.25	136
34.21	112
34.32	194
34.04	181
34.66	178
34.63	216
35.01	204
47.66	40
33.99	207
33.63	193
35.67	171
33.34	193
33.66	134
33.37	152
34.03	34
34.62	145
33.86	209
47.09	25
35.6	104
35.91	119
35.63	195
36.16	209
35.64	201
34.64	207
36.11	205
34.98	183
35.57	101
46.57	37
35.24	190
34.7	199
35.76	198
34.19	214
36.07	134
35.14	204
35.45	198
35.77	203
36.02	171
46.43	37
35.45	212
35.3	206
35.87	207
35.88	205
35.42	217
35.83	207
36.09	206
36.85	153
35.14	199
48	40
33.05	194
33.86	195
34.6	209
33.17	208
33.99	216
33.24	198
34.23	204
35.36	182
34.51	145
44.96	1
36.63	171
36.04	179
35.32	36
34.53	213
36.32	159
35.55	148
35.65	215
35.01	68
36.61	124
46.41	14
33.88	211
36.18	140
35.82	157
35.2	191
35.12	195
34.97	169
36.01	126
34.05	212
35.03	192
43.44	107
35.85	207
36.02	206
36.11	200
34.88	99
35.16	171
35.18	215
35.69	208
34.46	206
35.66	198
33.99	205
34.72	170
34.38	77
33.91	212
34.22	217
34.61	178
33.54	68
34.27	120
34.27	158
35.4	162
45.7	16
35.37	200
35.71	206
35.79	155
34.74	165
36.08	170
34.49	99
36.2	188
34.45	212
35.6	190
44.98	80
34.94	207
36.38	165
35.71	216
35.57	184
37.23	165
35.57	215
36.26	217
35.52	200
35.84	181
45.88	19
34.65	189
35.54	203
35.89	170
34.78	202
35.3	180
35.77	207
35.03	212
34.52	208
36.21	190
43.46	114
35.74	211
36	209
35.6	201
36.51	189
35.62	214
36.12	195
34.78	213
35.22	175
35.19	104
41.8	34
35.16	180
34.32	156
33.75	214
33.5	207
33.84	202
35.16	169
35.7	172
35.98	170
33.88	199
44.37	17
34.63	196
33.9	217
36.34	137
35.41	194
35.01	203
35.23	162
36.18	134
35.37	94
35.7	156
43.03	45
34.15	211
33.37	49
33.26	216
34.27	189
34.8	211
35.45	183
34.7	353
34.69	76
34.43	193
34.48	148
35.01	189
32.58	28
34.68	190
41.86	91
34.81	137
34.38	216
34.15	167
34.22	209
33.31	198
34.48	129
35.74	216
41.85	156
35.04	206
35.24	213
35.38	125
49.53	48
36.27	210
35.15	208
35.66	152
44.8	17
35.96	216
35.87	202
35.66	214
34.87	97
35.76	186
34.97	144
34.96	185
35.05	386
34.47	217
34.51	319
34.91	158
34.09	205
34.72	166
33.74	72
33.43	96
50.68	23
35.01	170
34.35	107
34.28	158
48.29	41
35.47	157
34.23	179
34.03	215
35.03	170
34.11	176
33.99	211
34.19	159
33.44	206
35.41	190
35.17	200
35.71	168
35.53	167
42.7	166
34.63	216
34.9	196
35.45	209
35.51	185
37.06	170
36.96	165
46.85	47
34.1	152
34.26	219
34.23	217
35.4	133
33.89	203
33.62	152
34.94	164
34.34	206
34.2	124
34.07	167
34.84	206
34.79	178
34.93	91
34.31	216
34.66	207
34.52	193
35.03	208
47.2	36
35.65	204
49.88	43
33.79	215
33.62	197
35.29	145
35.5	206
36.14	126
32.94	208
35.54	198
34.5	117
35.18	180
46.37	39
34.48	197
34.47	190
33.49	216
33.58	189
32.97	214
34.27	207
33.91	189
34.6	160
33.54	199
41.59	8
36.71	121
35.29	183
41.04	46
36.16	175
33.54	197
36.91	169
35.98	137
33.49	214
35.72	158
35.75	119
34.89	191
33.37	215
47.73	31
34.35	177
34.91	170
35.35	197
34.27	150
34.64	212
35.86	190
33.22	174
33.75	178
34.11	189
34.4	172
32.69	212
40.35	52
33.84	200
33.66	182
34.71	194
34.78	191
47.36	42
34.86	210
33.91	185
34.76	167
34.2	215
34.57	163
34.11	206
33.48	202
35.12	180
34.98	189
47.69	44
33.57	208
32.95	199
32.97	37
33.85	206
35.41	177
35	194
34.03	147
32.97	214
34.22	200
35.23	196
35.36	217
37.47	136
36.62	187
37.07	113
32.54	18
35.53	181
47.61	7
34.02	141
34.45	208
45.96	19
34.81	167
35.12	217
36.03	359
35.45	204
35.26	211
35.76	185
34.64	168
34.82	204
35.36	150
48.31	43
32.88	199
31.7	29
34.28	217
36.28	169
34.37	184
34.85	169
34.68	193
33.99	214
34.86	217
35	197
35.65	186
35.96	145
50.34	30
35.23	189
34.52	78
36.81	164
36.22	187
34.49	174
34.94	184
48.73	43
33.5	210
34.58	153
34.11	175
33.33	207
34.6	107
33.99	214
33.72	207
32.98	217
35.16	197
46.02	8
37.94	128
35.18	189
36.72	181
36.3	203
35.54	340
34.94	191
35.37	208
36.54	109
34.77	143
47.73	40
33.27	199
33.66	159
33.33	211
33.72	192
33.91	209
33.01	172
33.57	216
33.7	190
34.95	170
46.66	51
35.41	78
34.89	198
33.64	183
35.84	118
36.11	167
35.11	181
34.55	205
35.02	196
35.68	171
46.54	34
33.92	190
32.74	206
33.83	212
34.22	99
34.61	176
33.79	164
35.46	152
34.71	198
33.03	210
47.14	36
33.3	216
33.55	214
33.98	193
34.74	199
33.21	133
34.39	192
34.23	195
34.05	205
34.47	208
50.33	35
34.35	213
33.44	211
35.94	205
35.26	200
34.43	189
33.98	217
35.66	101
35.43	196
36.11	204
35.25	72
34.93	213
33.11	215
34.37	136
35.51	174
40.98	39
34.95	197
34.07	381
34.96	185
42.29	30
45.03	6
33.73	215
34.35	176
34.36	195
35.15	184
33.13	205
33.87	192
33.78	217
32.43	39
33.95	157
44	13
35.04	211
35.44	172
34.93	96
36.41	161
34.35	192
35.72	211
35.29	205
34.11	54
34.68	201
44.61	0
35.69	188
33.76	216
35.25	216
34.73	216
34.73	216
35.38	162
34.73	216
34.73	216
36.95	144
37.55	360
34.65	206
33.87	66
34.66	171
35.26	178
34.4	277
34.13	167
37.37	137
34.58	105
35.12	192
41.14	43
34.27	187
33.64	190
33.98	131
34.17	204
33.4	205
34.1	189
34.16	172
35.05	182
34.24	148
44.69	44
34.64	130
33.33	208
33.68	157
33.81	217
32.3	216
34.91	139
33.68	191
32.61	210
34.25	183
48.78	29
35.56	174
33.95	212
34.34	189
34.42	174
33.11	210
34.99	291
34.28	126
33.15	209
34.06	191
33.87	215
34.95	299
36.14	116
39.12	33
33.57	189
34.7	197
33.56	208
40.6	8
35.11	214
35.11	195
46.5	34
34	160
33.8	195
35.07	70
34.65	187
34.67	193
34.86	190
35.3	208
33.11	214
34.45	77
47.83	32
36.62	171
36.58	178
35.26	178
35.19	200
36.81	137
36.75	188
35.85	216
35.6	208
35.65	208
35.48	130
34.5	204
34.21	23
34.19	201
35.69	170
33.34	214
39.66	64
35.5	199
34.2	82
34.32	196
46.69	43
34.73	124
34.16	212
35.61	98
34.84	109
35.27	174
34.51	190
34.91	184
34.61	177
34.95	105
45	31
34.5	207
33.71	97
33.56	215
33.91	181
33.6	216
34.26	137
34.64	171
33.82	203
33.81	132
43.54	67
35.3	96
35.36	203
36.27	145
36.97	189
35.22	214
35.81	199
34.62	70
35.25	205
34.63	211
43.15	38
32.36	15
34.33	214
32.41	210
33.3	170
34.12	179
33.12	213
31.57	23
34.35	215
33.77	119
41.79	31
33.83	284
31.95	156
34.16	192
35.47	95
32.06	204
34.47	168
34.95	171
34.81	155
33.21	206
43.78	94
35.71	193
35.59	166
35.65	151
36.91	173
34.97	213
35.56	160
35	193
34.72	188
36.61	191
44.45	19
34.34	180
36.81	184
34.38	216
36.78	186
35.5	177
36.46	183
36.81	173
35.13	204
35.82	209
47.66	51
33.56	32
35	77
34.86	202
33.85	189
33.45	180
35.28	164
35.35	203
34.71	216
36.04	185
34.43	206
33.71	172
35.03	152
33.07	72
33.58	209
34.92	145
48.08	12
33.59	217
33.7	186
34.3	146
50.83	30
33.6	137
34.92	165
33.53	200
34.92	165
33.85	201
30.91	35
32.76	209
34.68	202
34.03	194
47.41	33
33.46	106
33.65	171
32.89	204
34.58	196
35.06	98
33.45	42
34.89	189
34.36	132
35.22	227
44.65	83
34.73	132
35.9	98
35.08	216
34.98	215
34.57	190
34.19	198
36.08	191
34.52	194
34.42	207
35.21	102
34.28	206
33.46	188
34.18	175
33.83	118
35.17	153
33.84	191
43.85	53
34.13	194
33.89	183
32.72	190
46.64	49
33.27	183
33.87	160
32.86	194
33.46	164
35.42	153
35.09	130
33.41	81
33.83	120
32.68	76
33.7	98
46.92	52
34.36	142
34.73	199
34.08	210
32.91	203
34.05	71
33.8	209
33.55	211
47.61	21
35.47	143
35.02	151
35.95	90
34.79	205
34.66	208
34.75	201
35.05	142
34.38	347
33.53	207
49.65	40
34.9	176
35.96	200
36.4	149
35.73	141
35.2	179
34.12	198
34.2	202
34.44	211
35.63	170
34.86	205
35.17	64
34.1	211
33.69	212
35.49	68
35.31	92
35.31	163
44.7	7
36.14	189
34.81	83
47	42
34.47	105
33.37	167
35.13	193
34.43	176
32.99	210
34	206
34.72	169
34.65	187
34.56	206
35.51	31
35.87	200
36.36	168
35.1	144
35.95	120
35.07	196
35.39	180
36.02	179
100	0
35.32	90
45.7	32
35.66	153
33.24	204
35.82	90
34.41	177
34.01	51
33.28	216
34.03	217
34.98	169
33.98	171
50.41	37
36.47	204
34.27	196
34.84	212
36.4	131
35.27	198
34.91	214
36.54	120
34.63	203
34.34	206
35.38	177
35.83	196
35.71	171
46.63	25
35.31	170
36.13	282
35.31	184
35.23	146
35.4	209
35.99	173
44.65	54
34.78	78
35.47	149
32.91	56
33.92	344
34.64	170
31.94	12
34.42	164
33.33	60
34.69	102
34.39	197
34.95	163
33.56	173
35.47	160
34.23	153
33.16	54
34.82	179
34.84	204
34.03	120
33.83	173
46.72	47
34.43	218
34.11	159
33.81	216
34.12	110
34.59	75
33.84	194
34.63	126
32.38	209
35.11	184
45.49	48
34.49	196
33.87	205
33.64	179
34.43	209
35.02	171
33.63	81
35.55	171
34.69	141
34.68	152
45.83	24
33.74	198
34.9	216
33.41	110
35.44	161
34.04	217
33.99	205
34.13	199
34.28	127
33.6	213
47.4	39
33.02	52
33.4	153
33.5	211
33.76	176
33.9	147
33.18	145
33.75	338
33.17	163
34.21	102
46.18	19
34.97	170
35.33	177
33.9	199
34.26	195
33.51	205
34.81	148
35.92	121
33.94	216
35.78	272
47.8	41
34.35	259
34.5	92
34.27	171
34.64	117
34.67	123
35.11	127
32.83	20
33.77	217
34.35	174
44.53	3
35.86	194
36.02	213
35.82	181
35.41	122
38.31	51
34.6	169
36.22	139
34.8	215
34.81	83
34.67	212
34.59	196
35.13	154
36.23	170
44.67	10
34.72	170
35.48	193
34.59	173
34.1	216
33.58	210
34.61	148
34.88	116
34.14	89
34.36	125
34.97	192
34.47	217
34.94	182
34.7	167
44.35	51
34.79	144
42.07	54
33.66	120
41.83	29
33.65	210
35.06	194
33.86	215
34.31	128
34.45	133
34.47	197
34.83	185
46.87	47
35.82	133
34.37	126
34.11	110
34.56	124
34.68	193
34.38	159
33.87	217
33.87	193
34.99	184
45.71	50
35.13	175
34.33	176
34.75	92
34.08	200
34.08	200
34.36	49
34.14	199
34.37	205
34.56	214
46.37	47
34.87	124
34.34	221
34.39	161
33.18	216
33.77	132
34.36	110
34.61	178
33.34	186
34.28	184
46.87	47
34.62	162
33.96	159
34.26	126
34.32	168
34.59	124
34.24	159
33.82	215
33.87	193
34.82	184
43.15	39
34.99	194
36.29	199
34.72	211
36.24	181
35.63	167
34.52	209
34.58	194
35.95	122
35.01	177
44.33	104
34.35	108
34.41	108
35.72	188
34.91	205
33.39	191
45.38	28
35.86	203
33.74	216
34.96	215
45.07	10
35.87	154
35.22	205
35.41	198
35.94	216
35.93	212
36.84	152
35.5	204
35.54	135
36.55	128
45.63	13
36.72	110
32.31	3
34.94	200
35.43	136
34.55	61
35.19	197
35.78	207
35.9	193
34.27	195
34.89	149
35.12	169
32.97	76
33.67	303
43.68	40
33.55	202
33.62	162
32.23	21
33.95	164
33.23	69
46.42	35
34.32	209
34.35	216
35.2	144
33.88	176
33.52	217
36.03	168
33.84	162
34.79	147
34.58	216
47.07	21
35.04	140
34.85	202
35.24	155
35.4	158
35.5	191
35.24	207
35.14	101
34.04	204
34.81	182
34	131
35.84	129
34.78	191
35.15	166
36.33	193
34.73	128
42.18	42
34.45	207
35.37	155
35.3	165
33.17	200
34.41	91
35.78	147
34.57	146
42.31	96
34.57	172
33.82	207
35.4	153
34.81	324
35.54	119
44	56
34.85	70
34.96	390
35.63	140
33.95	204
36.11	173
34.85	192
35.45	198
35.45	204
36.29	195
44.67	3
34.03	155
35.57	299
35.45	216
35.44	191
35.67	170
35.91	65
34.71	212
36.01	187
35.19	206
44.21	37
33.92	139
36.55	171
41.72	58
35.04	209
35.37	100
35.08	212
33.25	214
35.51	171
34.97	184
36.29	194
34.81	214
35.35	118
52.38	3
34.87	148
37	181
37.42	139
35.33	135
35.3	215
35.18	202
45.1	22
35.67	170
34.61	149
34.43	217
36.55	180
32.43	4
34.36	177
36.41	186
35.56	216
35.12	205
44.28	54
34.18	73
34.56	216
34.82	209
35.02	180
33.69	208
33.18	214
35.52	122
35.08	209
34.34	202
44.67	48
35.45	192
35.5	162
33.91	199
33.71	43
36.01	184
47.53	33
35.02	216
34.78	60
34.48	181
42.8	115
33.38	81
35.23	210
33.79	206
34.61	150
34.42	134
34.51	202
36.18	201
33.42	182
35.19	190
49.53	31
34.28	213
35.84	211
35.28	150
35.7	184
36.74	171
34.34	209
35.98	182
35.31	199
34.39	163
47.86	44
34.11	183
34.05	193
35.13	215
34.58	154
33.37	203
34.78	101
34.73	208
34.84	217
34.13	198
45.85	46
32.26	2
37.03	171
35.37	198
35.88	173
35.48	196
34.62	188
35.07	202
36.24	173
35.34	42
48.22	39
33.8	182
34.89	166
34.12	103
34.17	136
34.22	65
34.82	200
34.23	182
33.12	180
34.11	164
44.16	14
35.23	186
36.13	199
34.9	210
36.15	148
34.4	215
35.76	214
35.98	182
34.73	206
34.77	211
46.22	30
35.43	201
34.12	170
34.06	202
34.72	164
35.38	210
34	186
35.6	171
35.2	196
34.38	200
34.44	217
34	213
35.59	161
34.63	198
34.97	191
35.09	66
45.75	10
34.34	200
36.2	196
35.8	164
43.25	94
35.85	190
36.01	138
35.58	164
35.71	215
34.87	131
34.58	201
34.61	117
36.06	193
35.26	190
39.72	28
33.79	65
33.82	207
34.75	168
34	115
33.39	212
33.36	207
33.5	208
33.77	199
34.16	108
44.7	43
33.86	196
34.63	216
34.3	137
34.2	207
36.41	197
36.27	197
34.21	117
34.4	134
35.1	180
48.04	38
34.53	84
35	158
35.21	158
34.98	187
35.78	91
33.93	209
34.04	200
34.35	161
33.37	216
34.9	204
44.21	20
33.7	174
34.6	160
34.12	158
33.53	152
34.43	109
33.55	214
34.27	193
35.32	171
33.79	216
34.44	211
34.45	164
35.26	191
35.63	190
35.67	163
35.61	203
34.96	163
34.79	197
34.73	304
45.66	65
35.57	207
35.97	185
37.95	173
35.75	172
34.89	189
35.36	213
35.54	169
35.67	257
35.43	194
47.99	35
35.04	203
35.79	86
33.73	214
34.18	177
34.29	206
35.93	200
34.38	205
35.59	131
34.82	189
46.87	36
33.77	201
33.17	210
34.44	221
33.83	75
32.22	214
34.25	151
34.37	200
33.14	215
34.72	207
46.62	36
33.2	200
33.92	135
33.55	140
33.82	175
34.46	221
33.03	210
34.14	201
32.39	31
33.7	341
34.96	212
33.83	64
33.73	132
36.28	108
33.7	215
34.67	196
35.42	161
34.95	210
42.45	70
42.45	101
47.07	39
41.12	151
34.59	209
34.19	172
35.08	172
34.53	147
34.03	170
33.21	213
34.6	216
34.86	160
45.34	44
35.35	181
34.11	202
34.38	120
32.35	216
34.9	178
34.23	76
34.82	156
33.79	213
34.9	207
41.3	50
34.32	147
32.79	217
34.55	212
34.88	189
33.41	199
33.58	211
34.49	198
33.76	168
33.94	213
33.63	205
34.64	138
33.97	190
33.65	68
33.73	202
42.46	91
34.65	215
34.43	199
33.58	177
33.86	203
46.8	47
33.53	181
35.19	157
33.79	178
33.25	207
34.01	126
33.35	97
34.18	191
33.58	196
33.79	177
45.18	46
33.96	217
33.4	171
33.46	194
33.54	160
34.93	167
33.33	203
34.77	120
34.79	197
34.12	340
46.08	56
33.92	206
33.95	212
34.11	207
33.26	121
33.82	168
33.48	89
34.03	205
34.3	203
34.86	170
45.74	53
33.82	208
35.43	151
36.01	186
35.17	189
35.6	58
36.06	189
34.75	113
35.61	117
33.99	159
43.93	4
35.22	200
35.96	178
33.96	81
35.72	185
36.59	117
35.13	87
34.48	215
35.25	180
34.76	104
34.82	162
35.35	158
31.98	27
33.89	174
33.15	190
49.45	39
34.38	178
34.43	177
34.15	167
33.68	168
43.97	14
33.63	207
33.16	167
33.8	200
33.44	133
34.22	206
35.32	156
34	79
35.08	173
34.25	126
46.67	30
33.8	197
34.02	185
34.41	174
33.38	214
33.58	177
33.27	186
33.52	165
34.28	197
35.19	209
46.73	47
35.18	184
34.43	214
35.95	133
34.64	126
33.8	194
33.78	141
34.13	110
35.1	98
35.07	164
40.15	31
34.51	315
33.66	208
34.44	185
33.78	192
33.94	168
32.59	210
34.8	122
35.19	166
32.28	211
34.8	211
35.45	78
35.02	212
36.31	107
36.63	138
44.46	107
35.17	214
35.51	216
35.69	143
36.32	185
42.58	52
35.12	87
34.76	186
35.65	228
35.38	144
34.58	165
34.95	200
33.97	206
35.36	168
33.56	108
43.4	89
35.03	200
34.11	213
34.55	211
35.82	140
36.29	201
34.42	211
35.05	178
34.16	70
35.61	197
33.39	200
33.77	185
33.46	138
33.75	79
33.87	213
34.2	160
34	189
34.06	206
35.39	96
34.77	152
34.18	184
34.82	149
33.51	129
33.88	217
35.47	170
42.58	24
34.26	156
34.29	202
35.23	189
33.8	214
48.02	43
34.84	118
35.79	191
34.43	208
35.95	191
36.34	202
35.51	203
37.21	99
35.42	94
36	159
33.29	136
33.46	88
34.25	172
32.74	182
53.31	35
33.49	209
33.5	217
33.27	129
32.93	177
45.58	32
34.03	160
34.59	200
34.38	158
33.21	216
35.02	187
34.21	215
35.64	156
32.56	185
34.85	166
36.79	179
35.86	178
35.22	215
44.16	128
36.04	122
34.98	203
35.57	193
35.52	162
35.9	162
35.24	213
47.16	48
33.83	210
33.95	208
35.45	198
34.1	184
33.91	208
34.57	214
36.2	214
34	216
34.19	193
45.53	17
34.25	146
34.8	150
34.53	77
33.88	166
34.33	216
34.5	198
33.16	216
34.21	190
33.44	207
39.9	9
34.99	162
33.5	216
35.94	181
32.93	154
34.67	191
43.11	49
35.13	310
33.92	213
33.55	175
45.15	20
34.22	179
35.76	125
34.37	205
34.2	195
34.2	171
35.44	219
34.83	122
34.67	210
34.89	153
40.41	43
33.32	171
33.02	196
34.42	127
34.64	170
34.75	197
34.88	183
34.7	188
35.05	191
33.66	179
34.47	195
34.03	166
33.92	186
34.19	182
33.83	83
34.5	173
35.33	88
33.85	208
34.51	172
46.9	46
34.27	157
32.41	201
33.83	214
33.8	178
34.13	208
43.27	47
33.56	199
33.93	200
34.8	149
31.73	33
46.27	18
36.36	137
36.83	163
34.52	188
35.51	215
35.61	151
34.98	190
34.63	197
35.44	194
35.6	205
45.08	21
34.52	92
34.52	203
34.09	155
33.64	180
31.49	22
33.34	209
34.28	191
34.26	207
33.4	307
44.32	74
35.59	198
34.9	75
34.87	189
35.2	196
34.51	179
34.67	208
35.41	206
35.96	163
34.46	207
44.98	11
34.73	212
34.84	106
34.85	208
36.22	176
35.42	211
34.61	188
35.65	144
35.52	156
35.17	178
46.65	37
36.82	158
33.69	63
34.64	186
33.54	164
34.8	200
34.14	129
34.59	150
34.22	173
33.84	214
47.14	48
35.44	147
34.38	213
35.56	196
34.49	105
34.52	205
34.38	147
32.41	27
35.07	194
36	147
47.79	42
35.25	217
36.17	83
36.04	191
35.13	179
35.5	387
35.15	131
36.48	157
37.85	165
35.26	100
46	48
34.44	159
34.93	210
34.04	210
34.37	149
34.66	181
35.07	141
34.56	167
34.98	57
34.87	89
46.49	40
34.68	123
33.74	181
34.29	206
33.84	105
34.73	196
33.98	171
34.63	119
34.07	195
35.38	118
44.76	2
35.07	189
34.33	142
33.93	216
34.79	210
34.83	171
34.76	115
34.58	216
36.55	108
35.24	208
34.69	133
32.93	25
33.9	216
41.39	21
33.1	89
31.7	29
33.09	206
34.44	174
33.75	49
33.41	213
44.15	1
35.33	213
35.63	132
35.8	203
36.05	127
35.85	201
36.27	139
36.4	175
35.12	189
35.97	204
40.68	29
33.8	84
34.19	345
34.53	171
35.17	168
33.21	206
34.22	215
33.98	213
34.02	212
34.48	168
42.15	53
32.98	214
34.59	192
40.95	1
34.7	207
34.15	101
35.23	200
35.48	122
35.45	169
35.56	193
33.54	166
34.56	167
33.82	202
33.64	77
35.44	116
33.21	138
33.79	189
45.79	41
32.79	216
34.48	202
42.06	36
41.47	54
36.83	148
35.37	175
35.77	177
34.48	149
33.73	214
34.78	196
35.87	165
34.86	93
45.78	30
33.18	33
35.15	108
35.21	216
34.54	208
35.22	194
34.9	194
35.83	163
35.03	198
34.55	293
44.81	8
35.55	173
34.74	192
35.98	177
35.67	193
34.73	190
33.79	192
34.56	217
36.22	178
34.25	214
48.03	42
35.01	156
34.05	212
33.03	86
33.92	69
34.89	127
33.61	178
34.45	216
32.83	35
33.4	198
46.84	45
34.59	192
35.34	120
33.73	171
34.06	209
35.61	135
34.69	212
35.08	142
34.74	208
32.57	216
47.26	52
34.37	145
35.64	76
34.76	208
34.38	344
34.01	155
33.45	46
34.83	161
33.63	194
36.03	88
34.85	175
34.77	208
35.62	160
35.09	213
35.7	165
34.13	72
35.66	176
34.87	180
48.45	40
34.25	193
34.91	182
47.36	45
34.98	151
34.42	198
35.45	137
33.8	211
33.54	162
33.95	205
34.98	177
34.51	212
46.27	11
37.05	167
35.49	175
35.42	184
34	216
34.56	86
35.64	153
34.98	192
34.88	174
34.76	167
36.04	148
35.49	166
44.06	12
35.97	212
34.44	82
35.63	202
35.56	147
35.75	213
35.53	191
34.54	126
44.94	10
35.66	172
36.63	125
34.54	204
35.05	79
34.96	210
34.85	210
34.94	171
34.11	215
36.02	161
34.36	171
34.51	198
45.21	43
34.73	172
34.9	216
34.86	193
35.44	186
35.97	178
34.81	110
35.29	162
39.55	41
35.52	169
34.44	84
33.48	208
34.55	181
34.78	132
33.15	200
32.99	154
33.18	100
34.26	134
47.16	15
33.86	171
34.39	212
35.08	211
32.99	200
33.31	91
34.25	109
34.46	194
34.06	215
34.46	209
45.99	45
33.23	171
32.94	39
34.24	209
34.47	197
35.04	181
34.08	208
34.7	152
33.97	190
33.52	210
45.64	39
35.07	146
33.22	213
34.78	154
34.21	145
33.3	204
34.73	206
32.8	216
33.41	208
34.52	186
34.07	205
47.35	38
35.59	98
36.46	165
35.19	164
34.77	201
34.84	214
34.74	144
35.38	159
33.87	208
48.95	39
34.97	206
35.49	200
34.24	150
36.4	125
36.33	176
34.42	184
34.51	202
35	210
35.45	206
34.02	217
35.48	96
34.37	158
33.89	205
47.12	41
33.94	105
33.82	201
34.49	216
35.17	150
34.43	185
44.29	51
33.4	204
33.32	208
34.23	159
33.16	206
32.85	207
33.58	108
33.5	198
35.09	85
33.58	174
48.15	37
34.17	216
34.61	172
34.14	157
34.31	195
34.7	202
33.15	198
34.77	63
34.06	156
34.13	202
35.41	160
33.04	216
47.83	37
34.45	185
34.69	199
35.04	170
34.48	163
33.81	217
33.99	104
34.93	175
50.94	1
35.24	178
34.74	215
35.7	154
35.5	190
33.88	214
35.53	190
34.99	195
35.36	192
34.68	176
45.46	78
35.55	195
36.14	110
35.74	103
34.6	121
36.88	122
36	210
35.55	207
36.22	199
34.59	212
33.47	54
33.14	197
33.34	197
34.61	165
32.27	212
47.27	39
32.88	182
34.94	162
34.94	189
34.42	161
35.21	217
36.88	199
44.67	113
35.91	183
37.13	175
33.82	210
35.52	208
36.34	163
35.72	158
36.23	190
39.47	36
33.44	213
33.67	204
34.36	193
33.86	212
33.31	209
33.71	198
33.54	142
33.3	195
33.53	207
33.54	208
47.82	37
33.84	208
33.25	158
34.81	354
34.53	213
34.53	203
34	205
34.64	194
34.34	202
39.83	42
33.85	162
33	116
33.58	206
34.05	207
35.01	161
35.18	197
32.66	204
33.54	146
33.38	204
44.79	25
34.45	200
35.12	194
34.73	138
35.11	156
35.11	209
34.58	217
34.2	190
35.65	178
35.02	198
47.33	36
34.14	182
34.97	183
34.69	209
34.96	215
35.12	81
34.64	68
34.43	215
34.89	173
34.94	295
34.91	135
33.03	51
34.78	265
35.01	84
35.19	79
34.97	170
34.92	86
35.37	132
35.15	113
34.89	166
43.9	19
34.32	304
33.95	207
33.34	2
34.32	199
33.59	176
35.98	91
34.23	219
35.72	213
34.83	140
46.02	43
33.84	144
33.27	182
33.42	203
34.49	207
34.88	164
34.23	150
33.9	188
33.85	215
34.83	197
34.04	197
34.66	130
33.85	185
34.26	187
34	193
33.73	61
35.4	178
47.97	43
34.02	192
34.99	147
46.49	46
34.82	182
33.95	180
35.16	167
34.92	160
34.63	201
34.18	274
33.56	103
33.28	214
34.42	197
46.63	29
33.41	153
34.89	170
34.96	184
34.84	170
34.41	150
34.41	212
34.53	142
34.02	172
36.18	175
47.39	44
33.64	213
35.47	200
34.29	193
33.54	215
34.26	156
34.64	178
34.03	111
34.81	208
34.86	204
47.83	37
35.82	166
35.3	157
35.11	167
34.42	85
33.84	165
34.96	160
35.81	184
34.31	114
35.56	189
46.63	44
33.44	159
33.28	216
32.86	204
33.63	178
33.53	168
34.3	213
33.17	161
34.13	197
33.47	156
45.59	51
33.29	191
34.4	201
33.86	186
33.1	195
32.84	210
33.66	191
33.82	187
35.01	161
33.66	191
46.85	45
34.21	161
32.7	183
34.98	211
33.6	210
34.44	67
33.85	101
35.04	118
34.67	185
34.39	166
46.12	42
32.97	192
34.02	108
33.59	145
35.1	98
33.98	196
33.69	184
34.02	209
33.82	163
33.54	163
41.44	174
36.13	189
35.61	209
35.96	188
36.13	201
36.36	120
35.39	178
35.46	185
35	191
35.18	203
37.26	163
35.71	182
35.45	202
34.24	213
43.8	129
36.16	206
36.12	191
36.21	214
35.74	182
34.65	216
46.47	50
35.15	168
33.52	200
33.9	206
34.71	180
32.95	58
34.65	91
33.98	185
33.44	171
33.92	85
34.24	188
34.11	90
34.81	139
33.89	176
34.69	134
34.26	94
33.34	59
43.21	148
34.01	171
33.23	163
44.45	10
35.81	130
35.4	172
35.18	217
35.41	209
34.72	217
37.41	137
36.89	120
35.47	181
36.37	187
34.54	191
48.03	36
35.81	163
34.14	186
33.95	215
34.33	307
34.18	172
34.61	111
34.35	62
34.85	131
44.78	26
33.79	205
33.86	203
33.17	210
33.04	150
34.24	102
35.16	182
33.67	182
33.59	128
33.37	217
43.67	62
35.95	165
35.47	180
34.62	177
34.73	107
34.95	212
34.66	203
33.77	214
35.52	166
34.63	134
35.64	185
34.4	122
34.65	135
43.49	50
36.34	176
35.24	197
34.07	199
35.15	202
32.8	48
35.24	192
44.34	12
33.78	199
36.03	157
34.85	203
34.02	73
33.84	92
35.05	217
34.95	163
34.53	156
34.75	214
45.76	48
36.21	88
35.08	212
35.31	127
35.08	176
34.86	134
34.65	192
36.07	195
35.02	160
35.12	200
40.01	17
33.58	367
30.93	33
30.4	33
30.72	26
33.44	296
33.75	156
33.76	139
33.86	148
30.66	33
45.8	9
34.3	193
35.6	192
34.49	160
33.53	177
34.73	204
35.1	205
35.13	163
33.6	196
35	195
45.13	16
34.01	124
33.9	194
33.03	196
34.74	189
34.38	131
33.94	200
32.42	217
34.89	163
34.26	189
34.24	198
34.98	200
33.44	223
33.9	245
33.74	211
32.91	236
34.5	233
32.94	212
33.84	227
33.72	206
33.24	245
34.37	233
35.21	156
33.91	227
32.49	45
33.78	187
35.17	158
34.94	156
34.58	113
33.2	241
33.67	241
33.3	212
34.41	177
34.29	225
33.47	232
32.99	443
33.76	189
34.84	118
33.12	236
33.75	159
34.25	204
32.81	240
34.38	174
35.3	241
32.86	241
34.21	209
32.85	238
34.07	153
35.04	203
34.27	224
33.95	219
35.15	102
33.84	153
33.34	240
34.36	216
34.55	228
34.78	142
33.17	242
34.76	181
33.47	241
34.34	230
33.41	235
34.56	87
33.24	233
33	241
33.87	229
34.04	187
34.45	239
32.99	220
32.41	211
33.09	242
34.38	163
33.53	194
34.81	211
34.41	153
32.53	237
32.97	241
33.55	245
32.9	241
33.59	226
35.41	42
34.3	220
33.74	240
32.92	234
35.48	168
34	220
32.94	245
34.24	199
34.36	161
33.82	234
33.79	302
33.85	216
33.37	218
33.65	164
33.39	233
33.3	198
32.48	234
34.99	150
32.15	245
35.81	144
35.21	167
34.27	197
35.77	223
33.45	223
33.8	240
34.51	205
34.78	174
34.93	197
33.39	240
35.44	82
34.86	98
35.06	100
34.89	193
35.62	215
33.26	244
34.4	207
33.22	243
33.73	222
36.28	149
34.15	238
34.74	149
34.26	224
32.61	245
34.64	201
35.68	114
35.2	107
33.82	198
35.01	216
34.19	217
34.36	139
34.3	217
34.47	136
34.72	77
33.89	243
34.36	234
35.53	215
34.99	174
35.69	187
33.36	232
34.07	243
33.24	245
34.94	140
36.92	133
35.19	180
32.84	55
34.63	220
35.22	210
35.18	225
34.94	240
34.3	237
32.95	239
33.18	235
33.12	208
33.79	237
33.79	237
33.79	237
34.24	189
34.19	195
33.15	226
32.9	235
33.75	225
33	242
34.9	211
33.28	237
34.09	159
32.64	234
35.63	112
32.9	240
34.06	199
32.32	224
34.74	223
34.94	126
35.44	157
34.51	236
35.8	171
35.58	177
33.1	425
34.13	213
35.48	241
34.27	387
33.63	231
34.27	202
34.25	211
32.71	235
34.63	158
34.57	153
34.19	196
34.14	133
32.81	243
33.48	154
33.87	245
32.97	245
33.64	183
33.84	192
33.97	128
33.05	210
33.79	201
33.83	213
33.32	234
34.54	190
34.35	204
33.6	229
33.67	192
34.87	147
34.13	220
34.1	213
34.31	39
33.33	217
33.92	126
33.67	192
33.07	224
33.73	176
35.37	128
34.66	201
33.17	241
33.41	236
33.38	143
32.61	237
33.42	176
35.18	227
33.67	177
34.48	256
33.47	232
33.7	231
32.68	236
34.58	193
34.39	193
32.63	234
33.84	213
34.04	167
34.83	240
34.83	240
33.22	226
34.47	218
33.51	193
34.18	216
32.27	215
33.47	238
34.73	132
34.92	143
33.29	180
32.78	236
33.62	232
34.44	219
32.96	232
34	126
33.78	234
34.58	205
35.46	93
34.84	222
34.85	192
33.46	171
33.26	73
33.85	199
32.94	459
34.11	107
34.54	183
33.04	243
33.9	208
34.12	237
35.14	130
34.52	200
33.38	203
32.94	244
33.27	232
34.87	244
34.52	186
33.13	232
34.2	201
33.8	212
34.23	153
33.71	237
34.34	133
32.42	244
33.85	473
33.4	185
33.74	239
34.35	140
33.7	204
33.91	242
