sim	len_diff
34.75	100
34.19	88
35.48	89
35.08	138
35.53	140
34.95	86
33.8	98
33.95	98
34.27	102
33.96	100
36.46	76
33.61	102
33.31	31
32.51	104
33.18	151
33.2	102
36.96	30
33.67	92
34.57	85
34.22	64
35.02	96
34.73	94
32.48	105
33	200
34.6	68
33.04	163
35.58	54
32.99	199
33.74	104
35.5	56
33.75	103
34.4	100
34.4	100
32.56	90
33.31	100
33.7	98
34.44	55
33.64	53
33.57	141
35.43	63
34.83	97
34.83	97
32.62	98
34.81	90
34.81	90
32.52	95
34.74	100
34.74	100
33.22	100
33.22	100
32.97	53
34.94	94
34.71	101
34.71	101
34.71	101
33.64	98
33.64	98
33.64	98
33.42	98
36	76
33.92	60
33.4	100
33.79	100
34.61	95
32.12	99
30.82	100
33.22	100
34.13	83
33.79	100
34.86	93
33.85	76
34.18	103
34.18	103
34.18	103
32.99	106
34.21	48
34.51	81
32.02	106
33.66	69
34.6	65
34.17	103
35.31	102
34.65	99
33.01	26
32.87	103
34.8	96
35.04	71
33.79	74
33.73	61
35.01	57
35.59	65
32.66	100
34.05	96
33.34	40
33.96	103
36.3	45
33.33	104
32.91	102
34.04	67
33.89	101
34.17	164
35.09	53
35.82	89
34.8	98
34.96	92
31.77	104
34.3	92
35.87	47
35.79	106
36.68	68
34.28	32
32	97
34.08	85
33.81	80
33.34	43
32.28	102
35.66	89
32.9	104
34.53	101
33.86	205
34.07	99
35.38	81
34.41	97
33.29	76
35.05	79
36.8	74
34.53	95
32.86	106
32.79	91
36.28	70
34.13	94
33.66	100
33.3	100
33.3	100
32.53	102
35.74	43
33.22	93
34.06	91
32.65	98
32.26	90
34.38	80
34.37	44
34.54	114
34.34	105
35.21	97
34.21	99
33.34	98
34.23	103
32.31	101
33.07	79
35.77	77
34.51	91
36.27	81
32.3	105
35.55	89
33.85	91
33.59	94
32.72	101
34.21	119
33.4	100
37.47	75
33.76	100
33.68	100
33.8	99
32.32	92
34.39	100
33.69	100
30.79	83
32.62	101
36.18	60
34.27	81
34.04	79
33.38	95
34.36	79
33.93	103
32.3	101
34.75	104
33.83	103
34.74	70
34.67	101
34.47	76
32	95
33.12	99
35.35	83
33.37	91
32.48	97
34.94	75
31.51	100
33.6	106
33.72	76
33.26	100
35.78	53
33.82	103
32.6	93
34.54	88
34.91	83
34.87	97
33.92	68
36.13	53
33.15	93
34.61	99
34.72	74
33.79	85
34.51	93
32.84	104
34.29	102
32.11	103
32.5	91
33.24	99
35.71	71
33.41	74
33.77	84
33.7	99
33.03	89
34.95	84
34.38	79
34.39	95
32.75	94
33.63	64
33.51	93
32.48	104
33.53	103
33.68	97
32.89	105
32.78	77
35.09	65
33.33	106
34.81	65
35.27	65
33.54	101
34.99	105
33.76	47
34.63	105
33.01	93
34.8	73
35.44	112
33.68	72
31.88	103
32.81	104
33.94	141
33.79	209
32.83	71
33.91	140
32.39	106
33.75	99
33.91	91
34.73	97
33.58	105
34.93	100
32.57	102
34.99	75
35.05	82
34.42	93
33.83	26
34.52	70
34.41	96
33.21	97
34.73	62
34.49	106
32.68	32
33.22	106
33.89	92
32.48	104
33.25	74
36.56	82
33.14	82
33.64	57
35.29	90
33.51	98
37.41	77
32.5	25
35.52	104
34.5	101
34.68	82
31.48	89
35.84	66
32.9	103
33.36	103
33.27	102
33.37	104
36.09	85
33.88	30
33.21	104
33.05	151
33.9	47
36.41	89
33.99	49
33.02	58
36.26	76
32.83	106
34.68	92
35.49	83
33	122
35.2	89
31.88	100
36.56	86
33.41	88
34.03	50
34.08	99
32.81	210
32.04	98
35.51	76
32.95	104
35.55	56
33.71	91
32.32	103
36.38	87
34.72	93
34.37	103
36.15	84
34.12	104
34.26	103
36.33	87
35.21	167
34.55	100
33.95	203
35	40
33.49	103
34.84	96
33.12	97
35.51	92
35.61	25
33.8	91
33.33	100
33.79	103
33.67	25
32.57	95
34.24	77
36.14	63
34.31	65
34.6	94
34.79	103
34.86	105
34.75	92
34.96	82
34.2	99
35.93	79
35.01	82
37.95	80
35	78
34.56	103
33.67	97
34.16	6
34.77	85
33.21	104
35.68	86
34.72	98
35.17	94
34.86	82
35.2	92
35	77
34.59	138
35.13	101
33.85	89
32.74	76
34.04	39
33.36	90
35.22	145
34.86	82
33.96	91
35.6	138
37.86	37
35.02	165
35.13	137
34.17	67
37.04	87
34.01	68
37.08	51
35.26	85
33.44	16
33.68	84
33.7	33
35.76	84
33.39	119
33.65	116
33.76	104
34.75	73
31.73	93
34.18	92
36.03	112
33.04	58
30.93	22
34.18	70
34.98	57
33.87	78
31.25	1
33.87	68
32.98	51
33.32	148
33.13	71
36.39	71
35.17	28
35.52	53
36.48	114
35.32	71
35.41	89
61.13	9
33.93	92
35.77	153
35.13	37
36.73	53
34.05	86
36.76	80
38	48
38.19	65
35.81	72
35.09	86
35.99	91
36.07	115
35.09	86
34.69	79
32.98	93
34.41	54
33.02	91
34.47	48
33.91	84
34.27	64
32.64	60
34.06	150
32.43	91
34.71	81
32.91	25
32.91	42
32.64	31
34.93	61
32.94	163
33.51	141
33.71	60
33.97	97
34.69	88
36.21	116
35.46	69
36.26	63
35.41	164
33.76	23
35.59	87
36.3	152
34.21	86
34.92	79
35.33	55
35.83	58
35.31	84
35.9	43
34.7	94
36.09	66
35.29	55
36.45	98
35.45	72
36.37	89
34.47	90
33.62	81
33.23	73
35.11	45
34.58	86
35.44	47
32.53	69
34.63	77
35.4	85
33.92	18
35.4	94
33.83	88
35.68	107
38.07	51
34.39	113
34.31	158
35.01	161
36.14	69
34.74	92
35.09	87
36.14	75
35.46	38
33.8	118
33.22	14
32.93	91
32.18	87
33.29	34
34.42	71
35.04	85
32.77	87
34.24	84
33.07	33
34.3	53
34.01	23
33.5	109
34.62	102
34.43	121
33.66	146
33.87	30
33.41	44
34.66	105
35.5	117
33.73	91
34.34	73
36.64	49
35.11	152
33.53	102
36.01	80
34.3	41
33.02	14
34.36	161
33.94	32
33.54	60
34.36	91
35.77	34
34.87	81
34.06	84
34.46	93
34.19	118
34.07	56
33.99	49
36.84	68
35.72	45
34.12	42
36.32	79
36.28	50
36.69	71
36.14	75
34.44	139
36.07	77
35.62	82
34.63	55
33.97	48
33.88	84
34.19	84
34.46	66
35.22	67
35.26	91
34.64	63
35.44	70
34.46	44
33.41	87
34.55	39
34.55	39
33.59	153
33.62	81
34.65	110
32.5	83
35.08	41
35.39	24
31.95	69
35.4	128
36.58	79
35.1	88
36.03	82
36.93	78
36.45	128
34.3	82
32.61	11
36.01	101
35.72	125
36.31	57
35.4	61
33.86	134
34.26	167
36.01	36
35.07	55
34.37	66
37.44	66
34.81	35
34.88	76
34.4	86
32.74	35
33.24	64
34.01	13
35.28	116
34.03	42
35.71	48
35.28	81
38.89	33
34.27	79
33.53	90
34.76	34
36.38	60
35.4	71
36.97	29
35.46	84
35.41	44
35.91	90
35.61	60
36.98	67
33.7	91
34.25	113
34.07	87
35	104
32.69	87
35.31	108
35.25	85
33.41	138
33.67	79
32.67	54
36.24	42
38.11	82
37.47	90
35.79	79
34.85	35
36.88	65
36.11	91
33.84	89
35.99	78
35.52	78
34.71	150
34.39	93
33.7	93
33.43	89
33.45	89
34.02	82
34.81	59
34.73	93
32.81	64
36.49	55
34.87	92
34.01	17
35.76	64
35.35	128
35.51	51
35.12	88
34.1	155
35.15	26
33.66	38
34.48	123
32.7	94
34.95	64
33.75	66
33.44	67
33.98	73
33.49	89
33.42	156
34.14	59
32.89	77
34.05	76
34	91
34.2	112
33.22	91
34.37	46
31.88	10
35.03	79
33.72	44
32.65	13
33.44	59
35.43	71
36.62	32
35.45	126
34.24	73
35.23	85
34.93	81
34.51	78
35.08	76
33.34	86
35.52	55
36.95	106
34.34	11
34.23	88
36.12	91
36.47	91
36.39	79
34.86	85
36.53	81
33.93	93
34.19	78
35.43	86
34.56	82
35.33	36
35.77	36
35.5	90
36.83	57
36.55	150
36.21	53
33.89	91
37.21	85
34.6	74
33.16	68
33.72	55
35.43	76
33.67	13
32.2	77
32.67	92
33.53	65
33.6	90
33.55	81
32.8	11
34.28	80
33.79	48
35.2	113
33.77	10
31.81	73
35.56	28
34.77	130
35.53	70
34.61	86
34.26	58
31.84	71
35.22	105
34.49	68
31.91	88
30.91	93
34.7	81
33.1	33
32.83	91
33.7	76
33.78	100
35.19	54
34.58	85
35.17	162
35.03	77
33.58	93
35.76	77
34.85	77
35.64	35
35.15	87
34.34	22
34.66	91
33.75	51
34.85	89
36.83	88
35.38	93
35.92	61
34.52	94
36.23	61
35.34	89
36.46	58
33.61	65
34.68	121
32.09	24
33.98	77
32.56	144
33.24	91
33.04	147
33.76	64
34.08	92
34.55	74
33.24	68
33.36	76
34.26	121
32.31	45
33.03	48
34.01	65
30.43	14
33.53	64
32.88	75
32.83	170
35.13	82
33.37	88
32.65	87
32.12	75
33.14	32
35.38	78
34.26	23
32	87
34.38	41
33.7	42
35.76	82
34.98	81
35.59	92
36.38	69
36.54	89
33.83	91
36.88	40
34.9	89
35.81	28
34.27	86
33	94
34.34	81
33.57	52
32.5	94
33.17	74
35.85	84
34.84	79
35.59	41
34.12	70
34.87	30
35.07	70
34.18	39
33.65	53
35.23	126
33.2	80
34.7	80
33.65	94
32.75	81
33.87	47
36.09	53
34.82	77
35.35	67
35.97	82
34.71	139
35.49	139
35.42	83
35.3	53
34.68	118
36.41	64
34.98	118
34.95	61
35.76	93
34.66	73
35.6	145
33.91	68
36.27	77
36.06	79
34.96	42
34.79	89
35.7	139
34.2	66
34.97	123
32.67	31
34.09	87
33.8	89
34.45	51
31.8	94
34.93	88
36.04	67
34.16	60
33.21	94
34.67	72
36.07	70
34.31	138
33.65	94
32.76	22
34.95	71
35.7	45
33.54	140
34.44	130
35.11	78
33.71	73
33.99	92
33.91	82
38.58	34
35.42	64
36.25	85
35.33	80
36.91	124
37.23	67
36.96	45
35.56	91
37.29	69
34.71	57
36.65	120
36.24	86
33.64	94
36.17	89
36.02	83
34.89	55
34.19	76
33.36	94
34.34	82
31.71	73
34.64	49
33.53	80
33.69	98
34.31	66
34	90
33.23	67
37.5	6
35.85	65
35.31	47
35.65	60
35.08	60
33.52	80
34.01	79
34.41	78
35.22	92
33.27	94
36.71	83
34.43	73
34.47	70
34.79	91
34.78	50
35.68	59
34.3	58
34.59	94
36.26	56
35.31	18
34.9	168
34.91	71
36.31	62
34.36	79
34.57	77
36.34	44
35.15	70
35.13	90
34.08	26
35.42	68
36.38	133
33.6	17
34.99	91
36.75	86
36.52	67
35.73	88
36.46	32
36.58	34
36.2	138
34.57	68
34.03	38
34.23	48
34.77	67
34.33	27
34.88	110
34.8	131
35.2	121
33.77	69
33.23	85
33	13
35.03	87
35.93	131
34.89	91
34.17	34
36.88	64
34.49	29
34.34	81
35.07	133
34.59	57
34.35	35
35.62	59
35.24	66
35.39	78
34.38	90
35.6	115
36.64	88
35.17	163
35.11	95
35	82
37.37	81
36.01	28
35.1	94
35.24	73
33.91	29
34.58	43
33.69	56
35.03	74
33.92	94
34.28	144
34.66	89
34.36	155
33.17	61
34	65
35.61	76
34.84	18
34.3	89
32.82	69
34.19	62
34.1	79
31.98	87
34.08	60
33.39	87
34.89	47
34.15	72
33.73	94
34.09	76
32.84	35
34.35	66
33.96	83
35.49	93
34.59	115
33.53	36
32.55	86
34.09	91
31.81	81
31.73	37
35.13	82
34.48	81
34.26	39
33.07	85
35.9	51
35.24	94
37.76	64
36.1	105
34.38	83
35.28	90
35.02	46
34.89	83
34.43	19
34.57	77
35.2	93
33.29	82
34.56	94
34.41	42
34.41	45
34.44	72
34.17	42
34.21	35
34.09	167
35.37	104
33.8	144
33.64	87
33.61	78
35.3	86
33.36	44
33.03	44
34.46	83
34.8	99
35.17	82
33.89	57
35.06	57
36.22	61
34.75	66
34.71	67
35.66	89
33.93	63
34.58	82
33.24	61
34.93	83
34.17	53
33.29	97
36	86
32.76	94
33.49	83
35.59	86
34.93	106
36.8	42
36.31	79
33.11	29
35.1	94
32.64	82
34.83	67
35.78	64
32.4	19
33.35	116
33.47	10
34.18	89
34.63	78
34.13	142
35.03	61
34.48	43
34.9	148
35.61	39
34.17	62
34.77	99
36.45	97
35.63	94
34.8	150
34.26	92
33.18	65
34.58	82
34.32	74
34.51	84
33.68	83
35.35	165
34.15	50
33.68	85
35.01	69
36.05	70
36.72	64
33.06	81
33.42	35
33.22	85
32.81	14
34.4	53
34.39	158
33.78	85
33.83	67
37.61	73
34.57	142
33.82	73
32.99	87
35.13	67
33.22	76
33.15	9
33.71	143
34.15	85
34.56	83
32.23	34
34.4	81
34.69	75
33.75	60
33.25	93
33.95	69
33.63	77
33.47	74
35.51	66
33.95	88
32.83	73
35.38	70
34.68	90
34.36	51
35.98	79
35.43	64
38.09	24
35.38	73
35.49	89
33.49	10
36.35	56
34.16	92
34.01	42
35.11	90
34.33	83
33.04	90
35.55	103
35.63	127
32.93	79
34.57	58
34.3	119
33.69	146
34.82	162
33.23	86
35.42	40
36.38	92
34.65	69
36.11	34
35.66	52
35.4	73
37.51	62
35.62	93
35.55	82
36.57	61
35.26	145
35.16	90
34.74	160
36.36	65
34.41	106
34.11	82
35.11	84
35.31	84
34.05	116
34.33	63
34.34	82
33.18	81
34.99	92
33.22	133
31.9	101
33.79	75
33.23	63
33.25	123
33.51	90
31.88	35
35.51	93
33.82	27
36.3	58
34.9	84
34.97	57
34.24	77
36.25	58
38.9	12
35.1	130
34.84	21
36.15	42
36.91	47
35.94	112
35.08	83
34.78	82
37.38	34
33.83	36
35.02	88
33.57	162
34.16	146
33.14	93
34.22	47
34.67	111
34.76	72
34.86	84
34.8	79
34.25	85
32.44	159
34.34	84
34.73	35
35.56	34
34.18	42
35.63	75
34.69	131
35.49	26
32.32	21
33.78	80
35.85	95
33.46	90
34.7	75
36.82	61
37.22	81
35.84	89
36.92	69
35.33	124
33.77	75
63.57	8
34.33	82
33.79	81
34.74	42
35.52	63
35.18	67
36.74	60
37.67	19
34.29	51
35.18	48
34.07	69
35.45	94
35.83	81
33.68	58
32.89	75
34.77	81
34.84	77
37.46	76
33.95	50
36.16	83
33.86	90
35.77	66
35	74
33.41	80
34.9	64
34.17	19
34.5	58
35.3	81
34.46	94
33.87	20
35.35	85
35.46	83
35.06	91
32.65	92
35.06	89
33.67	80
34.38	76
36.02	62
34.2	64
32.84	89
35.22	84
33.2	86
35.18	116
32.37	10
32.33	17
34.73	85
34.11	24
33.47	94
33.19	82
34.71	153
34.89	85
33.39	87
36.96	114
35.65	86
34.33	157
34.2	71
35.89	123
35.74	27
35.12	43
35.28	50
35.53	38
36.2	68
34.74	78
34.98	63
33.93	34
35.92	64
36.32	90
35.54	145
34.5	129
35.47	73
35.55	51
35.09	170
34.66	154
35.59	57
34.15	88
34.68	139
35.58	73
36.06	87
36.38	86
35.51	75
34.46	81
35.48	115
32.3	64
34.63	58
33.32	80
34.15	60
34.69	112
34.69	144
33.85	80
33.72	79
33.82	19
33.45	79
33.07	91
34.46	72
33.03	93
33.96	84
32.86	94
35.72	60
34	70
32.18	79
34.01	87
33.51	45
33.97	27
44.96	1
34.36	36
34.15	35
34.84	92
35.62	77
35.66	101
34.94	80
34	85
36.1	89
35	115
35.22	125
36.08	108
34.68	158
36.3	72
37.5	61
36.53	62
35.74	77
35.64	52
35.38	67
34.53	38
34.98	111
34.74	105
33.29	103
34.79	89
34.66	36
34.25	86
33.56	142
34.04	33
34.65	53
33.16	48
34.18	89
33.42	38
32.53	93
33.29	89
33.99	54
33.07	87
33.61	77
32.56	52
35.96	58
35.61	94
35.01	84
34.57	92
34.3	76
34.66	49
35.7	71
34.05	40
34.83	90
36.17	38
35.08	90
34.34	59
34.45	46
33.27	93
35.43	75
34.71	91
32.87	84
35.93	29
34.08	76
33.8	78
33.6	41
33.59	83
35.65	84
32.75	81
32.04	77
34.78	81
35.23	41
32.97	39
33.01	94
33.56	25
33.66	111
32.85	83
35.47	107
33.95	122
33.65	90
32.92	87
33.02	86
33.55	91
34.6	67
35.1	75
34.19	69
34.89	56
35.18	80
33.84	24
34.82	63
34.5	54
35.62	58
35.02	10
35.13	140
33.7	94
33	85
32.84	44
35.98	166
35.61	78
34.07	92
34.51	40
36.28	97
35.07	109
35.05	90
35.03	86
34.3	84
36.78	86
35.58	75
34.95	137
36.04	71
36.18	88
36.78	45
33.34	70
35.81	87
36.86	60
35.65	83
39.04	81
35.35	52
34.32	81
35.61	58
34.58	90
36.03	148
35.89	133
36.11	41
36.52	112
35.07	82
34.33	71
33.65	79
34.22	79
34.44	89
35.53	56
34.15	50
35.67	76
34.96	131
34.61	81
34.98	60
34.49	81
33.22	150
33.53	142
32.52	93
31.05	21
30.12	9
32.58	139
34.54	84
33.88	167
32.04	14
34.82	61
33.46	56
35.28	128
33.87	76
33.9	90
34.08	94
34.55	66
33.15	35
36.03	43
33.72	76
34.89	46
35.22	61
33.42	58
38.57	49
34.62	55
34.28	73
33.13	88
32.58	57
34.36	41
34.1	68
34.43	46
34.45	141
33.48	69
33.7	118
32.52	94
34.4	69
33.33	123
33.66	133
33.53	82
32.26	84
33.07	61
31.4	138
35.89	120
32.12	78
34.07	140
32.4	170
34.19	83
33.57	48
32.38	90
33.99	82
35.22	64
32.31	24
34.88	77
36.18	37
33.78	89
35	155
34.69	20
35.1	59
35.5	83
34.34	49
34.11	31
37.89	51
34.59	91
34.47	30
35.51	84
36.94	84
36.95	68
35.77	83
37.6	76
37.28	93
35.62	65
35.25	113
35.63	57
33.91	94
35.61	88
36.4	69
34.61	63
34.75	122
35.27	86
35.34	54
36.14	65
34.97	53
33.02	80
34.68	54
35.1	70
35.46	39
34.53	90
32.98	85
36.41	66
32.8	34
33.53	44
34.24	134
35.24	94
35.64	82
35.95	55
33.55	82
34.62	81
34.32	165
34.03	144
33.97	66
34.53	84
32.36	47
36.23	89
34.09	33
32.4	69
34.66	73
34.05	166
32.45	90
34.83	73
33.26	84
35.26	61
36.14	144
36.51	76
35.44	51
34.63	52
37.47	91
33.65	90
35.34	94
35.35	14
35.14	73
34.27	64
34.44	76
35.05	90
33.46	68
32.04	69
33.54	45
34.14	133
34.45	70
35.36	63
34.7	59
35.84	76
36.73	60
34.5	91
34.52	91
36.48	58
36.53	108
34.24	80
36.06	73
34.56	85
36.65	76
33.58	86
33.48	76
33.39	83
34.77	71
32.66	94
33.18	106
33.57	123
34.36	90
34.18	79
32.55	73
35.55	70
37.86	81
37.34	47
35.54	158
35.72	50
36.1	81
35.43	79
34.32	53
34.52	94
36.29	84
35.87	87
34.38	57
35.64	47
34.55	93
36.63	31
34.42	57
32.34	85
35.13	50
36.63	1
35.56	63
34.22	83
30.53	5
32.62	93
34.11	70
33.53	71
33.46	94
32.76	77
34.69	69
33.89	101
35.08	86
33.17	88
32.2	55
34.74	52
34.12	91
31.84	66
34.63	50
35.46	64
35.33	87
34.44	84
31.95	54
33.67	113
34.06	82
33.24	55
33.92	89
32.69	79
34.37	81
33.61	87
35.8	75
34.81	84
32.66	62
35.48	93
35.53	87
36.13	85
36.65	142
35.28	160
35.12	86
36.93	42
34.53	89
35.58	85
36.4	77
35.49	81
35.18	73
35.73	56
34.35	23
36.35	94
34.94	111
35.73	78
36.87	75
36.51	86
34.97	123
35.46	61
36.22	94
36.6	100
36.85	80
37	80
35.63	53
35.93	160
36.03	90
34.23	169
36.4	71
36.93	60
34.81	92
36.43	78
35.29	58
36.21	69
37.06	78
34.98	88
35.03	90
35.53	78
35.74	157
34.76	89
36.45	36
34.29	48
36.37	51
36.93	47
35.83	36
36.44	78
35.75	87
35.58	71
34.76	59
35.25	76
34.67	35
35.27	92
33.74	92
35.27	70
35.57	81
37.21	93
37.72	45
33.18	86
34.87	62
35.76	160
34.38	93
37.4	70
35.84	90
34.66	94
36.18	57
36.92	69
36.16	66
35.46	93
36.69	91
33.91	14
36.03	90
34.83	54
35.78	79
34.68	121
35.08	143
35.34	73
34.19	89
36.13	77
35.13	90
36.29	60
36.25	50
36.18	85
32.97	94
33.95	87
34.74	85
36.26	47
34.49	72
34.8	104
36.9	42
37	54
35.36	95
37.02	65
34.34	55
37.21	80
34.87	121
35.34	103
34.48	136
34.51	125
34.32	78
33.86	79
35.84	116
33.38	54
32.28	82
33.35	169
33.5	49
32.89	70
33.13	81
34.1	151
35.31	72
33.73	65
34.82	82
33.2	35
32.95	147
34.45	96
34.12	34
33.09	82
34.22	85
35.01	120
34.16	91
34.72	31
34.36	98
35.26	88
35.76	24
34.34	166
33.49	70
33.95	96
35.62	90
34.13	59
37.33	75
35.33	162
37.75	55
34.56	90
36.11	158
35.74	51
37.19	53
36.27	35
35	20
34.49	80
36.26	48
36.15	71
34.27	108
35.22	37
36.58	42
35.43	90
33.97	88
33.53	168
35.08	155
35.39	81
36.75	94
34.56	75
34.83	63
38.34	61
35.9	106
35.88	3
35.23	78
34.49	35
35.3	78
34.84	78
35.5	153
33.71	84
34.27	71
35.67	125
34.08	94
34.74	88
32.51	58
33.55	134
34.29	166
33.63	66
32.49	65
35.73	69
35.83	49
34.23	21
34.78	93
35.98	82
36.37	81
35.6	41
35.03	8
35.48	94
35.91	87
35.11	74
35.3	87
34.25	61
33.76	92
34.98	114
35.29	72
35.33	140
33.43	84
34.48	56
35.14	58
36.09	82
34.58	77
35.23	77
36.07	69
34.46	94
35.59	44
37.67	150
33.79	80
36.16	86
35.31	69
33.82	89
33.06	45
34.17	82
33.68	80
35.17	124
35.08	70
34.96	61
34.17	84
33.2	21
34.35	93
34.08	72
34.7	50
34.43	94
37.1	74
34.99	89
34.92	92
36.35	75
35.17	7
35.82	96
33.53	85
36.5	67
35.96	67
33.68	22
36.53	92
35.31	50
38.12	77
35.22	53
36.56	68
34.53	103
35.6	31
36.36	64
34.37	79
36.71	132
35.15	11
35.03	90
35.85	85
35.58	60
37.15	75
34.18	43
33.65	72
35.6	88
35.89	119
36.12	117
36.59	71
36.5	60
35.81	137
34.73	149
35.14	101
33.96	75
36.86	63
34.77	127
36.3	86
34.89	93
32.53	94
33.31	88
33.23	81
34.63	112
35.31	118
33.69	88
33.6	64
34.86	89
34.77	29
35.96	75
34.47	87
34.1	94
34.68	93
34.79	169
36.09	82
34.43	121
37.44	47
34.75	66
34.94	64
32.96	93
34.36	81
34.9	74
33.91	63
36.38	49
34.09	144
34.88	82
35.54	35
35.12	94
35.9	60
33.38	52
34.24	64
32.83	136
34.16	80
34.87	65
32.67	87
33.13	88
32.93	69
35.15	82
34.58	145
34.15	76
34.9	93
35.56	169
33.52	86
32.75	94
34.59	69
35.33	56
35.55	82
33.42	30
34.19	66
36.44	61
34.23	58
35.23	163
34.26	84
35	58
36.18	95
35.99	82
35.66	78
36.52	11
34.69	127
34.92	152
32.67	76
35.49	76
34.4	71
33.28	89
34.29	128
35.43	48
34.18	76
33.34	30
32.42	64
34.31	93
31.94	23
35.48	66
34.8	74
34.29	148
34.52	131
34.12	107
35.51	68
34.9	57
35.04	59
35.49	82
33.42	72
36.31	93
35.55	61
35.99	91
35.46	68
34.66	76
35.16	146
34.46	87
34.15	78
34.53	43
35.45	160
33.86	107
34.12	93
33.84	86
32.49	18
33.38	83
34.63	167
34.05	9
35.46	75
34.83	83
33.12	69
33.93	92
33.69	39
33.64	162
32.15	87
34.73	89
35.09	54
34.24	66
35.6	7
35.57	65
33.83	78
33.93	83
36.57	115
33.49	73
33.89	92
37.76	66
35	90
34.12	42
33.67	55
34.32	86
32.74	94
33.9	84
32.92	57
33.4	92
33.46	83
34.38	76
35.37	57
35	85
35	71
35.3	63
34.08	52
36.31	78
35.77	90
33.96	91
35.08	58
34.81	170
36.55	61
34.59	66
32.61	62
35.44	113
35.54	92
32.86	44
35.75	93
34.13	69
35.48	77
35.08	79
31.92	77
34.09	48
35.3	81
35.92	85
33.09	127
33.22	57
33.46	150
34.77	82
34.28	77
33.15	71
31.43	60
34.99	81
34.95	45
35.71	86
34.08	157
34.44	76
32.54	69
32.9	72
31.89	16
36.75	46
33.71	87
33.04	77
33.47	88
34.5	42
34.08	87
33.93	120
34.34	58
33.35	94
35.83	83
33.19	163
34.35	68
33.89	170
37.63	40
36.14	47
35.81	142
34.95	141
35.95	158
36.68	53
35.43	130
34.42	67
36.58	56
37.09	94
37.46	73
35.79	85
34.13	87
34.57	56
35.19	85
35.73	73
36.16	88
35.38	59
36.29	76
32.91	63
35.26	67
34.68	93
35.48	130
33.62	153
34.61	70
34.26	166
32.4	73
34.53	52
33.7	76
37.32	58
34.45	85
33.17	92
34.03	55
35.37	48
35.35	118
61.2	3
33.21	84
36.12	73
34.06	85
34.68	93
33.94	94
34.69	46
33.41	65
32.86	55
34.49	74
32.94	61
34.63	45
35.69	88
33.12	65
33.66	34
35.56	83
37.27	67
34.37	77
35.61	90
35.18	63
36.52	79
36.82	75
35.81	127
36.22	76
35.04	90
35.35	34
35.09	75
34.96	78
35.77	102
36.76	58
35.35	15
32.62	89
33.62	138
34.05	167
35.62	94
34.96	68
34.14	57
34.09	56
34.92	85
33.96	87
35.64	68
35.06	75
34.93	107
34.14	57
33.63	153
33.31	70
32.55	77
34.3	23
33.48	91
34.89	67
33.02	52
34.54	86
35.32	78
33.43	34
33.99	154
33.77	113
33.99	76
32.71	35
33.35	85
35.46	107
33.36	97
33.92	72
35.39	75
34.34	125
35.12	56
35.53	65
36.04	83
35.96	93
34.74	87
35.85	121
34.99	88
34.92	91
36.23	91
35.85	62
35.78	70
35.56	50
34.2	59
34.33	59
34.94	93
35.58	75
34.95	84
35.73	159
35.4	106
34.76	86
35.57	82
33.38	51
31.98	27
34.26	91
34.74	64
32.96	9
33.34	69
35.22	80
35.09	66
33.69	49
35.66	34
35.39	87
34.08	24
32.82	143
35.07	73
34.81	91
34.78	89
33.49	61
35.59	82
35.58	80
35.48	69
34.14	89
36.38	42
35.06	126
33.98	55
34.37	62
35.72	165
34.48	91
34.86	84
34.18	72
34.92	65
34.79	70
33.89	81
32.98	86
35.38	87
34.57	32
32.27	24
34.96	77
33.73	76
34.62	121
34.46	47
32.85	92
35.25	61
33.62	155
33.98	52
33.8	63
34.65	90
31.59	1
32.71	67
32.94	26
32.02	33
33.92	80
33.67	52
33.13	69
34.38	70
35.64	77
32.95	85
34.7	86
34.05	69
32.58	78
34.31	74
34.3	80
34.1	50
33.35	57
33.4	80
34.76	150
34.19	131
36.62	88
33.18	91
34.46	145
33.94	52
34.06	58
35.16	143
33.66	86
32.89	87
35.49	121
34.88	30
36.14	60
38.2	23
34.01	55
34.93	160
35.09	27
34.81	73
35.61	85
35.56	56
35.49	140
34.6	168
34.81	29
34.25	53
34.49	42
33.34	17
35.81	59
35.78	47
34.94	65
35.14	84
36.21	167
35.66	52
34.04	92
32.68	14
35.46	68
34.9	83
36.1	79
33.86	88
37.19	100
34.12	51
34.86	67
33.71	88
33.52	49
34.15	91
33.49	93
34.81	22
34.91	66
35.22	52
34.64	50
34.47	54
33.95	94
34.39	73
35.57	80
35.66	150
36.12	67
33.33	50
32.44	77
35.74	86
34.03	114
33.39	67
34.82	57
34	84
33.76	83
33.97	79
35.7	38
35.65	92
33.42	86
37.39	91
35.72	155
34.27	75
35.34	111
36.43	68
33.76	90
36.84	33
35.66	5
33.17	63
33.99	88
32.32	55
35.7	107
34.33	76
34.04	88
34.6	124
32.46	91
34.27	78
33.52	40
33.95	102
31.46	90
33.95	102
34.3	81
36.03	85
31.46	90
33.95	102
32.27	70
33.12	67
35.23	77
34.17	126
35.84	91
35.62	70
34.78	83
35.97	83
33.77	16
35.72	91
36.95	86
36.3	70
36.79	155
34.87	137
34.34	37
33.37	89
36.27	65
35.13	148
35.62	72
33.59	48
37	88
37.38	71
35.7	48
34.75	124
37.36	38
36.04	147
34.86	84
37.01	63
35.03	53
35.3	138
34.86	74
35.28	94
35.11	113
35.19	75
33.98	87
51.19	10
33.45	90
34.87	94
33.21	52
36.51	101
34.61	54
32.74	92
34.64	88
34.53	68
33.87	93
31.51	39
32.37	89
33.27	91
34.98	103
34.07	80
32.27	32
32.71	168
34.1	115
33.95	94
34.25	82
34.2	46
35.7	41
35.05	46
34.1	166
35.21	67
34.72	94
34.49	80
33.9	88
35.12	29
36.43	56
34.53	64
34	84
36.59	45
37.11	96
36.5	46
35.77	131
33.95	159
37.17	83
36.48	89
34.97	64
37.18	76
35	139
34.5	73
33.56	35
33.56	48
34.29	90
36.27	64
33.3	87
33.35	83
33.49	25
31.55	19
33.38	93
34.28	63
34.08	101
33.75	66
34.83	74
32.67	71
31.95	84
35.4	85
34.04	85
34.04	85
32.44	49
33.48	25
33.69	168
36	66
33.96	53
32.79	90
35.81	70
34.68	90
36.54	64
36.24	87
33.92	90
34.55	134
35.28	88
34.82	108
33.46	132
35.45	73
35.87	74
34.23	166
34.02	133
34.55	69
33.38	76
34.83	46
35.82	133
33.46	88
35.15	67
33.94	78
35.38	65
34.28	69
34.6	94
34.68	68
34.31	69
37.28	14
34.16	126
34.67	51
35.71	88
35.96	114
34.99	137
34.35	85
34.35	148
33.91	33
32.21	55
33.28	57
34.82	165
34.57	17
32.85	64
35.31	70
33.99	94
36.39	65
34.13	90
33.48	19
35.44	85
35.67	85
34.08	90
35.93	81
34.59	86
35.42	88
100	0
35.38	62
35.33	28
34.15	88
32.83	73
33.7	93
37.28	68
35.08	43
35.83	83
35.27	83
35.18	64
34.68	68
35.97	69
34.42	61
34.53	93
35.1	57
33.33	91
35.78	61
36.14	75
35.99	80
37.24	85
36.27	108
37	135
36.4	62
36.64	55
34.85	81
38.62	58
34.57	82
35.53	90
35.55	92
34.5	88
35.27	64
33.08	66
33.09	73
32.11	85
33.61	93
36.4	72
31.96	89
34.65	8
31.21	45
33.35	104
34.77	64
34.53	46
34.37	165
35.18	93
33.21	76
34.33	79
34.13	74
35.58	122
32.86	28
34.39	63
34.41	43
32.97	23
31.87	75
33.78	74
32.21	29
34.1	81
33.7	83
34.6	75
33.71	91
33.26	168
35.96	29
32.33	84
36.05	53
32.01	90
33.03	49
34.94	91
34.72	67
35.72	47
34.38	126
33.17	27
34.3	51
33.67	127
33.71	78
34.33	77
34.2	57
33.29	49
33.43	59
33.61	70
33.05	78
33.81	41
34.06	84
31.62	21
33.63	136
33.6	64
33.29	76
34.66	94
32.79	18
31.73	12
33.2	86
35.38	121
34.9	111
35.14	170
35.75	92
34.75	87
33.72	68
34.34	123
34.41	78
34.81	141
33.89	88
33.59	91
33.58	4
34.32	65
35.11	89
34.65	68
34.5	91
34.31	93
34.57	53
32.66	82
34.98	90
35.12	79
35.37	87
35	85
34.42	58
36.3	59
34.1	90
33.52	82
35.78	29
33.39	90
36.75	130
35.74	63
36.99	69
34.66	90
36.35	37
35.07	50
33.43	20
35.91	57
34.49	137
34.24	88
35.57	93
32.05	92
35.9	51
34.04	135
34.36	67
34.4	103
36.5	76
34.83	70
34.42	69
35.77	134
34.49	41
33.78	90
32.57	48
35.69	74
34.37	76
35.7	57
34.55	40
32.97	7
35.75	95
34.56	89
34.87	74
34.85	84
32.89	74
33.4	136
32.75	93
34.27	75
33.55	83
31.98	65
32.13	75
31.97	19
32.95	168
36.02	24
34.3	42
33.59	63
34.23	66
33.55	92
33.98	65
34.21	77
35.58	82
34.48	52
33.86	66
33.53	167
33.12	132
34.25	80
34.09	87
34.05	91
33.68	167
33.24	91
35.65	39
32.61	71
32.27	59
34.24	131
33.34	136
32.75	93
34.27	75
33.55	83
34.11	75
32.2	23
32.13	75
31.94	19
32.04	65
34.37	26
35.7	126
33.49	39
36.71	40
34.47	151
35.94	71
35.25	45
35.09	88
33.59	89
35.35	53
33.28	19
35.47	137
33.32	44
32.52	79
33.75	79
35.49	67
35.47	81
35.55	83
37.16	44
33.99	121
36.3	102
35.51	79
34.94	60
34.78	22
34.43	129
34.8	79
35.95	93
35.27	161
35.44	87
36.52	93
35.65	85
34.83	20
33.29	50
34.86	85
35.9	74
38.17	49
34.26	94
34.74	78
36.57	164
34.71	81
34.44	89
33.6	76
35.29	95
34.42	66
34.47	91
35.71	124
30.2	5
33.23	5
35.71	79
33.54	136
34.24	88
35	63
33.44	80
33.95	64
32.95	87
33.3	98
34.46	87
35.55	60
35.08	73
34.4	74
32.26	11
35.82	63
35.16	76
32.76	90
35.18	23
38.31	65
35.48	137
35.8	106
35.71	58
33.68	62
34.39	54
34.88	55
35.02	64
34.27	63
34.26	170
36.81	99
34.07	83
35	119
35.55	38
33.8	90
34.74	68
32.81	91
35.66	76
34.9	78
34.85	88
35.33	29
33.53	84
36.96	83
34.02	90
33.48	159
35.71	90
35.81	66
36.4	71
37.17	65
34.6	87
34.84	151
35.61	59
37.08	55
34.32	75
34.64	61
33	30
35.62	91
34.92	119
35.37	90
37.12	59
35.13	161
34.94	76
36.54	50
36.24	104
34.44	88
33.23	85
31.95	8
35.23	109
34.3	49
33.97	91
35.24	157
37.69	96
37.21	76
35.4	67
34.94	89
48.17	4
37.06	70
35.89	58
35.22	76
35.47	140
33.99	111
35.57	103
34.96	89
36.53	63
35.24	71
37.28	83
35.7	10
35.91	122
36.19	28
36.46	47
34.16	89
35.71	155
38.07	64
35.55	65
34.85	70
33.77	9
33.4	83
34.31	40
33.96	85
35.02	74
34.93	93
33.65	57
35.99	113
34.61	126
35.04	95
34.68	132
34.99	76
36.01	74
35.51	147
35.81	74
35.45	148
35.5	47
36.4	127
33.96	86
33.49	94
32.76	5
35.41	82
36.52	125
35.02	91
34.49	62
33.13	92
33.72	50
36.13	77
35.25	79
34.22	49
35.64	42
34.22	84
35.76	105
36.94	55
36.38	66
34.38	92
34.07	94
35.77	96
35.68	94
34.32	24
32.48	94
32.96	127
36	89
35.29	75
34.07	64
34.07	64
34.07	64
35.27	47
34.7	87
34.07	64
35.62	34
36.12	81
34.28	72
36.25	107
36.03	15
35.7	85
33.73	92
33.76	82
35.93	86
33.69	20
33.56	60
33.87	66
33.61	81
34.51	102
32.41	18
34.5	94
33.18	87
33.51	84
34.11	166
32.46	80
36.64	63
36.06	14
35.53	71
34.07	52
35.53	71
34.47	89
38.02	34
36.63	94
34.39	82
35.55	73
35.2	85
33.15	71
35.19	85
33.78	89
34.56	84
34.93	63
33.97	73
34.94	92
33.9	166
35.15	5
36.79	85
35.14	91
37.72	61
35.51	168
35.55	126
35.82	80
35.78	85
34.29	144
37.43	64
36.73	106
34.99	153
36.7	47
35.43	94
34.07	77
34.71	103
34.43	90
34.21	62
37.22	40
34.62	92
36.83	77
32.54	38
33.29	41
32.61	35
33.92	86
33.62	88
33.81	77
33.99	91
34.13	64
35.78	62
32.39	33
34.37	62
35.36	79
35.96	76
34.4	56
35.74	124
34.04	94
35.21	140
34.2	167
34.22	61
34.46	45
35.15	132
34.25	67
34.38	18
35.2	88
36.32	91
36.22	89
35.7	80
35.61	41
34.61	81
35	82
32.4	66
32.39	86
32.39	86
32.39	86
32.39	86
32.39	86
32.39	86
32.39	86
33.68	86
31.83	94
33.16	156
34.28	91
33.02	83
34.21	83
34.34	54
35.38	67
35.68	84
33.88	105
34.49	70
33.38	86
36.62	77
37.9	50
34.87	37
35.39	19
34.46	93
35.34	93
33.84	93
35.93	54
34.61	15
34.91	94
35.07	71
35.58	67
36.52	82
37.69	122
33.79	80
31.97	4
32.35	91
34.77	82
38.14	120
36.02	86
35.88	66
32.55	87
32.48	87
33.9	143
34.31	82
33.69	81
36.16	68
34.65	73
34.06	66
34.56	83
33.33	87
35.88	66
34.56	83
34.43	81
34.17	66
33.45	165
33.45	81
34.67	156
33.9	143
35.49	66
35.1	20
35.31	64
33.57	38
37.32	68
33.87	56
36.04	83
35.34	70
35.02	70
34.8	109
35.14	84
33.22	29
34.42	50
35.69	75
34.74	93
33.49	31
34.02	54
35.35	80
32.89	64
34.45	134
33.55	87
34.5	62
30.84	19
33.09	112
32.39	32
32.6	13
33.6	79
34.06	166
36.13	90
34.24	45
34.81	52
33.37	118
33.89	36
33.27	55
32.67	50
33.98	93
33.39	100
34.24	124
34.05	33
35.33	79
34.25	72
35.02	78
34.34	34
33.95	52
33.34	28
33.08	7
33.88	66
36.02	84
35.2	82
34.48	77
33.85	88
35.02	65
34.12	136
34.32	126
34.15	79
33.06	83
32.15	22
35.63	55
32.95	2
34.62	81
34.55	79
32.05	36
35.61	59
32.88	86
32.03	41
34.01	71
32.85	55
34.29	88
34.01	71
32.45	91
33.84	165
34.04	60
32.87	160
33.41	69
35.03	84
32.8	90
34.99	88
33.37	43
31.8	36
33.64	66
34.63	66
34.87	66
34.4	49
33.39	75
35.48	32
36.34	103
35.3	69
34.79	133
34.16	62
34.74	75
33.57	81
35.75	107
34.68	80
35.63	129
35.14	90
35.14	90
35.96	106
35.37	160
34.52	63
35.66	91
35.17	138
33.75	63
34.88	159
32.73	138
35.01	47
34.04	77
32.62	13
32.82	119
35.62	68
34.94	65
34.66	138
33.61	134
32.41	18
33.53	54
35.18	105
34.62	92
34.23	52
32.27	79
33.53	61
33.67	85
33.02	97
34.21	44
34.67	145
35.27	123
33.74	51
33.83	146
32.68	86
34.35	72
33.82	76
36.48	66
34.83	61
34.47	43
30.93	41
34.66	75
32.21	81
33.63	83
34.35	91
34.36	56
32.85	65
33.78	74
32.57	19
34.22	59
34.63	70
33.23	61
34.63	126
35.04	35
33.53	123
36.78	19
34.41	66
34.15	88
32.86	62
34.41	94
35.66	69
34.84	86
36.81	53
36.83	76
35.53	86
34.71	87
36.37	91
35.6	45
34.96	91
33.65	65
34.73	116
35.19	110
34.32	142
34.01	129
33.37	11
34.61	79
34.87	141
33.94	46
33.47	66
36.52	127
35.89	78
36.23	94
33.23	75
35.66	65
35.45	79
35.65	131
34.5	52
35.81	68
34.04	90
35.38	66
33.93	32
34.85	77
31.87	75
32.22	68
35.26	75
33.82	15
34.28	37
34.49	166
33.49	90
33.92	79
34.4	63
33.49	91
33.59	143
33.22	80
34.33	94
33.58	29
33.84	66
33.23	19
34.34	67
35.1	94
37.5	71
37.31	82
37.3	72
36.18	81
37.5	99
33.71	60
35.08	94
36.61	60
34.88	94
34.46	141
33.11	84
34.82	87
34.7	51
34.44	63
33.91	91
32.77	92
33.18	69
34.58	133
33.83	60
34.07	70
35.03	72
33.97	90
34.23	83
33.1	77
34.95	133
34.26	52
34.75	121
36.97	41
33.28	91
35.35	93
35.4	78
36.07	60
35.3	77
36.13	86
36.43	57
35.5	49
36.84	65
35.34	87
35.34	81
35.32	83
34.83	73
34.89	124
33.84	78
33.52	84
35	74
36.24	101
34.7	99
33.95	70
33.61	84
34.47	84
34.03	91
33.91	84
37.16	73
33.09	84
35.58	74
34.93	91
35.07	87
33.28	43
33.61	54
33.67	91
35.15	93
34.54	161
33.86	155
31.84	19
32	90
34.22	93
34.49	150
33.82	31
33.2	156
34.37	109
31.94	38
34.36	152
34.07	93
32.21	17
35.47	94
34.79	145
33.59	20
33.16	87
34.32	165
34.11	60
33.78	145
34.68	56
33.23	78
34.63	131
34.86	13
34.1	126
32.96	55
32.81	87
34.01	61
34.31	35
33.11	58
32.21	83
34.57	91
34.81	102
33.33	90
36.44	93
34.54	30
31.48	36
34.22	72
35.66	87
32.96	88
32.71	90
33.98	90
35.15	84
31.92	52
31.87	94
32.67	155
35.12	68
34.02	102
36.29	84
35.59	91
36.01	89
36.88	72
36.84	74
36.01	136
36.54	99
35.76	85
36.77	65
36.14	76
34.62	70
33.14	104
34.38	72
33.81	88
35.68	90
34.92	77
33.35	63
35.46	84
34.07	34
33.83	74
34.86	59
35.11	66
35.27	136
35.25	113
35.06	122
34.61	91
37.15	100
35.17	58
34.9	88
35.41	84
34.52	87
35.39	90
35.57	143
35.83	63
35.36	139
35.56	154
36.47	47
35.42	63
34.73	56
35.23	81
34.75	60
31.85	89
35.82	78
34.55	148
32.54	69
33.39	10
34.66	74
34.44	70
32.61	20
34.02	40
35.58	56
36.71	63
33.66	50
33.97	84
34.9	99
34.44	75
33.46	79
35.12	70
34.49	84
33.95	79
36.05	146
34.96	59
36.44	62
34.97	86
34.68	90
34.8	71
37.03	50
35.3	155
35.15	82
34.56	34
36.07	50
36.54	72
33.22	123
36.59	42
34.62	40
36.46	68
33.99	88
32.84	10
33.63	91
33.02	12
34.48	37
33.53	57
34.9	16
34.53	126
34.38	43
33.29	82
34.38	52
33.72	42
32.61	92
33.59	75
36.43	91
35.84	71
35	72
33.9	88
35.08	40
34.74	45
33.86	87
34.55	76
35.92	83
35.43	74
33.09	163
33.76	148
34.73	94
35.26	73
34.81	50
34.44	138
34.97	87
34.55	40
33.73	67
34.58	79
35.13	86
35.04	66
37.69	76
36.89	47
34.8	49
35.48	152
35.01	83
36.87	75
34.47	79
35.64	84
33.36	29
35.01	138
35.11	72
33.23	94
35.71	82
33.22	91
34.22	89
34.03	64
34.44	54
35.68	43
34.17	91
35.66	89
35.98	11
34.72	77
37.12	54
35.92	78
34.67	77
37.26	76
33.9	89
37.96	43
35.74	74
33.32	89
35.18	162
33.42	75
35.73	53
35.34	67
32.82	79
33.32	89
34.75	78
33.57	22
36.64	74
34.56	156
34.39	90
35.11	39
34.27	90
35.25	51
34.98	50
33.35	90
34.45	83
35.81	84
35.16	83
33.96	68
34.92	155
34.95	65
36.89	102
36.39	45
35.64	64
34.39	94
33.74	59
36.71	66
37.2	69
34.83	48
35.91	66
35.38	60
34.09	77
34.96	90
36.23	77
34.96	94
36.88	50
35.15	15
35.06	33
34.21	102
32.73	58
33.16	72
35.13	81
34.6	69
33.8	71
34.18	81
33.99	165
34.47	84
34.17	87
34.91	80
35.02	53
35.44	72
35.59	65
34.04	86
35.07	125
34.02	87
34.09	112
34.82	126
36.31	61
36.53	83
34.95	134
33.52	80
35.2	136
34.66	45
36.37	52
34.94	72
34.59	43
33.84	59
36.25	50
33.69	24
34.6	52
34.55	46
35.68	81
35.08	91
34.17	33
34.13	80
34.54	53
33.1	6
34.46	94
34.48	64
33.83	87
33.71	86
35.85	140
34.8	74
33.69	84
35.13	57
33.15	91
34.89	50
34.66	32
35.07	106
34.6	78
33.15	76
36.11	68
36.06	73
34.82	58
34.84	84
34.07	71
36.87	148
33.47	79
36.24	46
34.71	88
36.96	81
34.9	73
35.64	68
34.32	65
36.26	73
36.57	49
35.34	24
36.31	88
35.4	22
35.15	93
35.78	50
36.3	53
34.59	65
35.93	95
33.89	167
35.37	103
37.15	63
35.75	100
35.61	143
34.46	76
36.33	92
34.99	79
34.59	61
35.73	136
33.95	149
34.74	93
36.27	125
32.79	83
33.73	90
35.55	37
33.87	77
35.36	89
33.2	57
35.79	53
33.12	84
33.98	167
34.77	81
35.26	66
33.86	89
34.18	78
32.44	83
32.92	37
34.73	90
33.55	93
32.89	79
35.14	91
32.06	76
35.98	67
33.73	92
34.06	87
34.17	39
35.35	57
33.56	39
33.83	111
35.41	92
34.5	80
34.67	115
33.53	88
36.17	67
33.6	61
34.35	50
35.34	121
32.98	86
34.37	93
32.05	85
31.46	92
34.46	83
34.14	94
35.14	60
36.18	54
33.49	93
33.24	91
33.77	76
35.34	148
35.15	70
33.99	54
34.94	92
34.91	145
35.79	7
33.44	14
37.2	100
36.47	93
35.35	72
35.46	79
35.91	125
35.8	50
37.53	108
35.49	93
33.14	59
33.21	85
33.63	139
32.8	93
33.53	81
35.3	73
33.57	84
34.99	58
33.01	166
34.27	89
34.06	78
34.93	71
34.22	164
33.49	105
33.28	37
33.27	84
35.22	90
33.67	59
32.78	29
35.89	62
35.41	67
33.46	154
34.87	85
34.65	127
33.81	82
33.26	60
35.16	47
32.67	17
35.3	81
34.59	127
33.94	79
34.44	57
35.28	81
34.44	132
33.6	166
35.84	91
34.27	164
35.74	49
35.31	67
37.58	64
36.94	105
35.3	116
35.19	81
37.14	49
36.96	64
34.97	34
35.84	83
61.24	2
35.39	100
37.25	85
35.74	85
35.8	57
34.39	92
35.76	81
35.09	70
36.55	79
35.25	66
34.94	55
35.55	88
32.19	112
34.35	84
33.35	91
33.45	80
32.53	93
33.69	87
31.95	2
33.38	39
33.5	89
33.9	7
35.49	59
36.29	74
35.02	75
34.53	94
36.71	57
36.96	77
36.31	87
34.41	140
34.7	90
35.01	89
38.53	7
35.86	86
35.11	75
32.2	105
31.51	106
33.69	105
33.5	83
34.44	83
35.05	56
34.39	79
35.08	57
35.08	81
33.78	133
34.65	62
33.41	75
35.16	47
34.72	71
34.2	71
33.81	56
34.98	76
32.36	84
32.79	60
34.41	29
34.53	43
34.38	84
32.22	39
32.99	91
34.41	128
34.07	147
34.24	57
35.28	79
32.37	91
35.33	65
36.98	74
35.09	94
34.38	87
35.01	155
34.92	90
35.73	6
34.67	98
35.37	170
33.09	84
35.05	62
35.34	61
35.37	64
34.16	94
32.25	93
35.03	61
34.31	78
33.88	73
35.12	65
36.5	68
35.03	149
33.22	85
34.33	82
35.33	57
36.3	78
33.53	26
34.2	90
34.43	92
34.22	160
34.94	156
35.54	96
34.61	52
35.17	106
35.25	63
34.19	56
35.7	74
34.33	93
33.48	54
31.63	41
31.67	82
34.18	47
34.08	66
34.23	89
34.18	74
31.58	9
32.21	93
34.13	74
35.26	158
34.28	75
34.76	22
32.94	57
36.3	68
33.39	81
34.05	52
34.7	106
34.19	84
34.62	66
33.44	73
35.15	81
33.17	126
33.66	68
34.97	70
32.96	94
34.04	18
34.9	34
34.89	81
35.15	85
35.37	57
35.05	75
35.78	101
34.11	80
35.02	53
33.05	93
33.93	91
35.05	69
33.39	88
33.88	79
33.75	73
33.93	66
34.57	82
33.7	93
33.03	70
33.95	66
33.35	85
33.16	79
32.93	86
34.51	166
34.06	87
33.85	87
33.03	54
35.3	82
35.13	91
37	84
35.69	90
35.74	92
34.42	26
35.39	150
33.79	94
33.61	87
33.88	70
34.35	5
33.82	75
34	38
33.74	126
33.98	62
34.21	77
32.76	94
32.53	67
33.74	81
34.76	125
32.72	48
33.02	130
35.25	122
32.36	53
33.32	87
34.71	66
31.98	88
33.5	91
33.21	62
35.87	74
35.2	46
33.32	91
31.67	51
35.81	64
35	86
36.34	44
33.69	39
32.52	93
33.43	92
33.25	132
33.16	140
33.26	51
33.94	74
34.49	59
32.44	71
33.59	79
33.36	27
36.13	64
35.31	78
35.3	87
35.41	90
36.39	90
36.11	147
33.71	92
34.97	77
35.12	65
34.03	90
35.15	49
37.35	62
35.45	89
36.67	89
35.8	90
37.33	86
37.4	94
36.09	46
36.77	90
34.4	92
30.97	28
33.69	60
34.38	88
35.07	74
33.79	81
34.4	69
33.13	90
33.93	47
35.12	81
34.33	90
34.38	68
33.5	85
34.24	77
33.07	57
35.59	86
33.46	61
32.56	41
32.52	27
31.69	59
32.02	2
34.34	70
36.07	101
35.18	145
36.14	65
36.28	66
33.04	74
34.24	70
35.46	87
35.87	71
36.46	78
34.62	87
35.56	167
34.31	77
34.96	69
34.72	89
36.13	38
34.41	80
35.71	60
34.51	86
34.68	146
31.96	20
33.83	92
32.2	42
32.22	36
33.7	151
33.22	57
32.98	58
33.7	65
33.58	84
33.08	77
36.59	57
33.48	157
35.91	66
34.54	24
35.52	135
34.9	56
35.74	104
34.82	5
35.02	89
35.72	44
34.31	90
33.2	70
34.13	80
33.26	40
35.53	91
32.73	49
33.78	72
33.84	76
34.57	93
34.45	88
34.71	71
33.61	41
32.84	34
32.21	20
34.36	148
33.77	26
34.21	94
34.94	94
34.71	86
36.64	93
35.35	62
35.09	93
35.34	138
34.74	89
34.63	83
35.95	89
35.3	32
34.27	90
35.31	156
35.08	52
32.6	26
34.15	84
33.62	42
33.59	87
32.81	92
35.36	77
33.79	71
34.12	57
32.2	50
32.58	134
31.05	6
34.27	91
32.43	1
35.11	102
34.76	60
34.97	38
34.41	55
34.16	59
35.5	102
33.95	68
37.16	41
35.3	88
35.64	50
31.57	40
33.8	69
34.77	110
34.12	59
33.8	78
33.06	58
33.31	57
35.21	52
34.83	88
33.13	104
35.05	115
33.76	78
33.67	96
34.07	99
32.76	98
33.25	106
33.24	85
34.42	66
34.69	60
33.61	97
32.05	87
33.44	61
35.46	63
31.1	102
33.39	76
34.5	96
33.32	72
33.87	90
34.55	81
35.11	106
32.84	96
34.01	58
36.3	92
33.74	90
34.64	46
34.38	101
33.73	102
33.61	95
34.76	91
36.92	62
33.96	52
34.69	50
32.6	104
31.83	97
34.57	94
36.64	43
33.69	100
34.23	48
34.61	98
35.81	93
34.81	88
34.05	50
32.53	87
34.51	117
32.79	103
37.13	76
35.37	79
37.37	72
33.8	97
34.17	90
33.06	92
33.24	94
33.12	69
32.7	92
33.07	100
33.23	96
34.76	104
34.32	55
36.24	104
34.31	61
34.38	182
33.48	97
32.28	91
33.69	95
32.91	99
35.11	94
35.24	80
33.06	38
33.2	105
34.3	94
33.23	93
34.18	34
33.47	99
34.19	74
32.86	93
33.29	103
33.4	101
33.3	99
34.34	103
33.81	90
34.1	101
33.72	72
32.77	106
31.14	80
34.27	79
34.62	31
33.78	96
37.36	89
36.38	72
35.75	84
33.97	91
32.92	95
35.34	89
34.29	92
32.94	55
33.27	102
34.83	74
34.17	100
35.6	92
34.26	89
35.77	85
34.1	95
34.85	72
34.07	83
35.49	57
35.23	86
37.08	29
33.45	102
34.97	95
35.68	80
33.8	90
34.9	86
32.66	98
37.77	88
32.44	86
33.65	105
31.86	105
36.58	73
35.46	90
35.14	66
35.24	67
34.09	69
33.67	87
36.05	83
33.76	95
34.98	101
34.24	105
37.26	89
34.25	84
35.58	60
35.08	85
35.3	90
33.68	138
33.62	105
34.74	79
33.62	100
34.58	93
34.04	196
35.02	76
33.61	103
34.5	96
33.27	104
31.77	93
33.12	103
33.58	23
35	31
33.78	103
34.9	50
33.91	95
32.39	105
31.97	105
33.12	164
32.45	77
33.77	162
33.46	92
34.32	53
34.39	103
33.17	103
35.43	105
35.05	82
34.27	94
34.66	77
36.25	106
32.59	77
35.17	46
33.48	80
33.41	103
34.92	87
34.36	96
34.11	104
34.53	90
32.89	101
34.88	120
35.96	66
35.25	94
36.15	75
37.78	78
33.46	106
33.04	102
35.55	51
34.72	68
34.17	187
33.98	102
34	141
35.89	32
33.92	102
34.82	105
34.66	77
33.48	94
33.56	30
32.07	93
35.03	68
33.28	88
35.92	106
34.16	146
32	106
32.88	106
32.94	79
36.92	45
34.42	74
33.44	100
33.44	100
33.71	62
33.84	62
33.84	62
35.52	88
33.36	8
31.17	101
34.29	81
31.69	89
35.53	75
34.41	76
33.19	75
33.52	100
35.49	79
35.68	72
34.18	110
32.33	97
32.33	97
34.05	155
34.17	182
33.58	134
33.89	106
33.61	154
34	100
34	100
34.13	99
36	36
35.5	76
36.16	77
36.16	78
34.79	110
33.47	101
33.63	65
33.38	53
36.29	65
35.44	132
34.58	147
32.62	51
32.88	96
32.88	96
33.45	25
33	101
32.65	195
30.05	103
34.86	87
32.61	182
34.06	125
34.78	193
33.93	96
35.47	105
34.68	143
33.57	90
34.39	74
33.63	102
33.56	111
35.08	59
34.86	98
34.78	85
32.75	93
33.22	158
34.4	110
33.84	93
34.47	88
34.23	105
35.11	98
34.78	80
