sim	len_diff
34.15	43
34.25	67
33.39	52
32.57	69
33	48
35.09	15
32.84	69
34.42	16
32.1	69
30.89	17
31.68	65
31.56	56
34.41	25
32.87	18
31.59	0
31.88	32
32.92	53
32.41	61
33.05	68
31.11	10
37.49	30
32.61	56
34.47	4
34.19	31
32.51	62
36.36	20
34.81	19
31.9	61
31.45	61
34.35	48
32	59
35.11	24
31.88	18
34.43	44
33.07	35
31.38	61
32.88	49
33.11	66
31.78	31
35.56	11
32.3	51
33.14	64
34	44
33.02	31
32.81	42
33.35	10
33.17	19
31.78	47
32.58	46
38.62	13
34.39	15
35.95	14
32.56	33
30.72	29
31.78	47
35.07	33
34.21	24
31.85	33
34.49	23
32.01	69
32.01	69
31.68	33
31.78	47
32.28	29
32.34	28
33.52	32
31.95	23
33.37	29
32.79	66
35.85	29
32.55	31
32.85	31
32.85	31
32.85	31
31.11	60
31.05	6
35.89	46
33.63	27
32.45	64
32.45	15
33.88	29
33.39	67
31.96	62
31.88	45
36.26	11
30.51	25
32.81	32
31.47	42
30.72	61
34.99	46
33.06	34
32.94	53
31.21	31
33.96	30
32.5	41
32.23	3
35.71	13
32.11	40
31.96	63
35.62	34
36.81	43
32.05	66
35.96	22
35.24	3
32.02	29
36.69	11
35.18	47
36.94	10
32.35	53
34.76	6
34	32
34.1	33
35.11	43
32.69	32
32.85	54
34	21
35.36	17
34.79	19
32.83	49
32.41	63
32.21	55
36.86	24
35.11	26
33.47	49
33.26	46
32.56	61
30.56	34
33	53
36.46	13
35.19	30
32.01	61
32.73	63
32.95	7
34.35	54
31.75	18
36.53	23
30.97	64
35.99	34
35.4	31
33.54	29
32.41	40
32.09	36
34.52	49
33.55	30
32.29	59
33.62	17
33.77	53
31.45	69
32.92	18
34.43	32
32.81	44
32.81	0
34.22	49
33.14	11
31.63	69
32.47	58
34.36	15
31.48	60
34.89	34
33.14	64
33.19	48
30.2	32
35.83	35
32.87	50
36.42	32
31.71	32
32.15	69
34.43	45
34.76	61
36.38	23
34.87	59
31.08	25
33.34	58
30.96	34
32.21	49
32.56	33
35.81	3
35.81	3
31.89	20
31.3	54
30.8	63
32.84	46
30.45	66
32.9	64
33.18	22
30.56	47
35.54	40
34.58	32
32.23	44
32.7	33
31.28	34
36.07	16
38.52	0
32.56	11
33.05	31
35.05	25
31.92	68
33.05	34
37.4	31
33.34	16
36.56	22
35.98	19
34.58	48
34.59	15
33.42	64
32.46	68
36.63	18
34.71	19
34.19	48
34.61	61
34.39	19
32.1	14
32.47	40
38.43	16
34.61	61
32.81	47
38.43	16
32.2	14
32.68	45
35.81	1
32.78	16
35.08	15
31.51	16
33.52	17
35.28	0
35.08	16
35.02	9
33	58
36.43	12
33.02	65
33.72	17
36.01	43
32.42	14
31.08	66
36.9	51
34.68	14
35.05	5
34.12	38
32.82	59
32.86	50
32.72	28
31.31	17
33.9	18
33.48	59
36.03	60
33.44	56
33.59	15
30.37	61
33.28	20
34.57	12
36.3	12
34.02	17
31.97	38
32.16	49
37.11	19
32	39
32.25	42
32.82	16
35.4	2
32.55	48
35.68	2
34.41	44
35.79	18
35.88	7
34.26	4
33.47	25
32.39	19
33.47	66
36.08	31
30.68	55
33.12	47
34.67	36
33.51	62
31.63	41
32.73	50
34.63	28
32.84	57
33.93	54
34.12	32
33.27	50
33.19	23
33.33	43
32.24	69
36.14	9
32.76	18
30.92	60
30.49	41
31.65	62
32.02	47
35.3	26
34.9	2
33.64	1
35.18	20
33.39	63
37.62	13
32.39	28
34.69	38
32.92	29
31.81	22
30	62
36.48	6
31.55	44
32.93	54
33.15	23
31.55	26
34.78	30
33.53	11
33.22	62
35.49	22
32.2	41
32.13	47
35.7	21
31.98	6
33.66	17
32.37	39
32.92	29
32.02	39
36.36	21
37.55	27
33.27	52
33.64	27
33.76	52
34.75	9
36	16
31.9	67
35.21	16
32.4	67
32.24	64
37.5	32
36.92	44
31	53
34.04	44
33.15	47
34.78	50
32.42	61
32.19	48
31.93	20
32.4	32
31.02	35
35.57	26
31.9	37
34.91	18
30.65	39
33.76	50
33.49	36
31.14	59
32.3	59
35.21	54
30.01	7
31.86	40
34.24	26
33.2	50
32.44	36
33.66	31
30.79	10
33.03	16
31.1	48
31.34	54
32.84	42
31.57	36
33.66	54
33.78	6
37.72	31
33.44	8
34.13	40
32.59	15
34.69	33
35.77	46
30.31	20
30.51	7
32.83	54
31.23	40
33.03	45
32.2	55
34.23	15
31.01	22
33.58	44
31.61	34
33.3	26
31.65	28
31.85	38
33.4	53
33.87	11
32.92	39
32.68	39
30.09	15
34.18	52
35.66	46
36.62	7
34.99	33
34.21	28
34.96	35
34.6	29
36.51	19
34.8	36
34.74	21
35.15	26
34.66	20
33.74	48
34.1	28
36.34	26
31.8	32
32.06	36
38.72	13
34.55	26
35.05	54
31.86	34
32.95	52
32.19	46
32.04	55
35.49	31
33.58	33
32.54	53
30.8	36
32.71	34
32.3	17
34.5	29
34.92	33
32.19	52
30.55	45
31.5	47
33.26	39
31.98	14
32.43	39
33.03	39
33.21	18
35.31	55
34.55	40
31.97	7
33.95	47
37.31	14
35.95	27
33.79	18
33.65	54
34.43	47
36.28	29
35.06	46
32.66	29
33.89	30
34.68	54
32.77	48
35.29	51
33.92	21
36.65	32
33.89	47
31.31	30
35.17	18
36.94	25
35.59	37
34.47	20
36.79	29
34.65	22
33.53	26
35.45	32
33.81	26
33.43	23
33.42	5
32.06	55
35.55	42
33.89	9
34.25	39
34.11	39
34.94	47
33.58	1
34.15	44
31.17	53
33.52	41
31.3	1
31.6	19
32.92	50
33.5	21
34.54	31
36.35	21
34.5	33
30.52	55
33.33	49
32.67	48
31.53	24
30.14	14
31.31	19
32.39	7
33.79	31
32.89	11
33.2	36
34.79	29
30.35	11
33.93	44
34.22	24
34.2	52
31.04	19
31.71	1
34.72	23
35.73	40
31.48	9
34.57	26
31.21	54
33.48	36
32.13	30
30.56	28
31.89	29
32.36	46
30.46	22
35.28	37
32.85	25
33.88	17
39.81	13
36.3	1
34.63	55
32.57	52
35.48	55
32.36	4
36.55	20
33.37	6
35.95	28
32.79	43
31.78	42
33.49	36
35.07	29
30.89	10
31.4	25
34	33
36.15	33
33.27	45
33.7	2
31.94	16
31.09	23
31.84	30
31.63	15
31.17	42
32.31	1
34.93	28
30.87	1
32.31	17
31.43	19
33.86	29
33.51	28
34.1	34
35.73	17
34.11	42
34.21	21
33.02	37
33.26	15
34.53	42
33.2	34
31.75	45
34.11	48
35.44	36
34.12	9
36.01	19
34.47	4
32.46	9
34.53	42
30.65	14
33.08	27
32.49	55
33.45	47
32.5	40
33.62	55
31.7	30
36.33	25
35.76	8
32.89	32
32.07	29
37.28	24
36.14	24
34.54	28
37.2	14
32.27	26
33.05	27
33.66	37
32.95	35
32.07	30
30.73	27
34.1	24
30.37	30
31.62	29
32.15	3
31.52	38
32.65	25
34.11	16
32.28	19
31.16	34
33.31	22
34.47	28
32.53	46
33.68	5
32.97	20
37.49	11
32.95	12
32.17	29
34.07	7
34.34	22
32.58	55
32.91	55
32.18	47
34.21	29
32.26	36
32.3	26
32.47	14
34.26	33
34.29	8
31.58	54
35.39	47
31.98	30
31.89	28
34.52	30
35.02	2
36.44	23
32.6	25
33.66	36
34.21	29
33.75	44
35.09	52
32.49	2
33.46	35
33.34	21
34.41	35
37.21	19
33.44	24
33.33	3
33.81	40
34.04	55
33.34	43
31.09	42
30.44	25
32.13	6
35.19	40
30.64	39
34.48	43
31.65	40
32.89	9
36.34	33
34.69	44
32.66	52
33.45	18
35.65	12
35.73	17
34.01	19
36.35	18
34.08	48
34.27	41
36.48	28
34.15	32
34.11	17
34.83	43
32.4	42
34.54	53
36.4	24
32.01	38
37.86	21
32.65	35
36.58	8
31.7	20
32.8	37
35.46	18
33.91	43
36.85	32
33.73	46
31.66	22
36.63	13
35.92	11
31.77	21
31.52	28
34.59	20
31.69	23
33.65	30
32.56	28
32.37	25
33.23	42
31.35	36
34.71	11
34.13	23
34.2	49
33.44	28
31.95	23
34.86	22
36.62	25
32.2	31
33.72	25
34.1	17
31.22	19
32.86	25
32.79	24
33.21	40
32.14	52
33.26	36
35.08	38
34.78	38
30.5	21
30.03	18
32.72	53
30.18	47
30.33	21
35.65	2
34.46	7
33.26	9
33.81	27
34.33	53
32.18	51
34.93	46
34.81	40
34.71	39
37.11	24
31.73	37
33.16	37
33.11	53
33.31	10
33.92	20
31.66	43
31.21	54
34.16	28
33.98	13
31.05	27
33.43	21
32.67	47
31.15	4
30.47	17
32.65	19
33.07	44
36.25	11
31.95	24
31.06	53
32.62	17
32.56	30
31.82	26
32.12	3
33.97	5
35.31	20
32.68	28
32.54	46
33.15	46
32.33	46
34.2	51
33	48
35.47	7
34.78	29
34.38	32
33.76	23
32.5	41
32.52	51
35.42	39
36.79	36
34.29	39
34.77	41
33.2	37
32.07	14
34.19	48
30.04	8
35.08	8
32.42	40
33.06	51
30.9	30
34.34	25
34.09	32
33.59	15
30.29	10
34.77	24
32.41	33
35.92	22
34.63	39
33.49	54
33.17	49
34.89	36
32.08	4
31.81	31
34.78	7
31.74	49
32.23	16
31.68	36
34.51	10
31.68	13
31.59	33
33.83	29
38.61	21
33.71	53
31.37	18
33.79	42
34.69	18
34	54
30.18	16
33.55	8
35.17	23
33.16	49
32.03	20
35.62	27
32.66	46
31.1	13
32.36	18
32.73	51
31.35	26
33.17	12
31.96	37
30.63	3
32.09	17
35.41	6
33.41	20
33.6	16
32.85	26
31.15	19
33.36	8
34.57	7
36.38	21
33.99	32
32.86	52
31.83	28
34.36	53
33.79	29
33.04	32
35.21	34
32.66	42
33.5	53
33.74	42
33.89	33
32.6	21
35.1	28
31.59	53
32.02	14
34.36	17
32.14	12
33.81	45
33.01	33
31.65	53
34.33	42
32.68	29
30.14	22
31.97	19
31.08	44
31.5	37
34.5	17
32.72	16
33.47	19
31.97	48
32.46	20
33.47	14
33.89	20
32.25	44
31.83	16
34.06	35
32.63	50
33.18	12
31.75	35
33.16	52
36.3	46
35.81	24
33.39	44
33.92	55
33.38	49
36.42	43
33.39	45
32.4	41
33.49	41
32.12	39
35.01	16
32.79	14
34.93	28
34.42	8
32	43
35.68	51
30.81	13
32.04	43
33.74	30
31.12	45
34.45	38
33.39	22
34.08	46
35.27	20
34.35	20
35.76	3
35.43	36
33.47	24
34.36	41
36.3	19
33.27	54
33.96	47
30.99	55
31.57	38
32.03	28
32.29	20
31.84	34
31.9	50
33.82	23
32.08	52
32.57	21
33.41	22
34.74	55
36.58	23
32.43	10
34.98	6
33.78	23
35.14	20
36.21	14
35.26	29
35.53	11
37.81	31
34.26	46
30.64	54
34.71	16
32.16	54
33.14	28
33.08	14
34	46
33.52	1
34.31	21
33.84	29
33.76	36
33.96	28
34.72	3
33.68	32
33.61	51
33.04	37
31.33	37
34.25	21
33.83	55
32.54	35
33.1	6
34.08	40
32.79	37
33.04	42
33.99	44
32.89	41
34.6	15
34.36	33
31.92	33
31.5	54
31.28	15
32.7	42
30.25	41
34.06	25
32.08	48
35.18	21
35.57	7
34.31	47
32.46	14
34.24	45
30.67	51
37.08	27
30.58	33
33.04	27
31.65	51
31.74	21
32.33	52
33.44	0
32.5	0
35.6	50
35.57	18
33.17	41
34.14	54
33.57	46
38.07	11
33.87	44
32.94	9
34.3	43
35.24	17
35.18	37
31.33	28
32.12	51
34.79	42
31.37	39
31.62	6
37.52	11
32.46	20
33.66	17
37.69	27
35.82	17
34.75	30
33.55	25
33.62	47
37.59	29
31	43
33.05	22
32	26
32.87	35
30.86	54
32.96	43
33.19	27
31.88	2
34.81	4
34.49	41
33.68	35
34.49	47
35.76	21
33.27	24
33.57	18
31.49	42
33.57	55
36.58	28
34.57	22
32.39	19
31.07	14
30.04	22
36.39	7
32.98	7
32.56	29
34.66	54
34.22	45
32.56	40
33.1	14
34.01	30
31.5	40
33.1	14
33.2	23
33.93	32
34.01	30
33.42	15
35.14	27
32.83	51
32.48	33
33.54	26
32.95	11
31.55	40
34.5	45
32.81	41
30.69	4
33.13	23
32.94	26
33.6	21
32.47	29
35.5	19
32.47	29
30.14	17
36.85	17
32.28	19
31.5	18
33.52	22
33.76	42
32.62	14
33.6	41
33.48	15
31.81	41
30.27	7
30.57	27
34.44	34
32.63	13
34.44	17
32	50
30.14	16
32.22	38
32.22	38
31.04	52
32.72	30
35.04	40
32.18	28
32.16	3
30.62	5
31.62	25
30.84	26
32.62	22
35.47	25
32.58	55
32.67	50
34.23	53
32.92	28
33.98	30
32.86	14
35.71	23
32.86	28
31.74	37
32.91	23
33.19	42
33.15	41
33.09	40
33.94	30
33.95	21
35.44	19
33.91	9
34.81	49
34.3	26
32.47	28
32.49	18
34.73	20
34	41
34.51	40
31.11	26
33.54	23
34.56	31
34.79	53
34.45	24
36.65	19
33.52	45
32.68	26
35.49	4
33.5	25
34.02	13
33.56	26
37.37	8
34.57	15
34.42	27
34.19	40
32.57	23
31.08	52
31.35	22
33.38	50
31.82	38
32.88	36
31.36	25
34.34	37
31.91	46
32.71	45
35.56	7
35.93	11
31.5	27
35.39	54
32.4	41
37.93	43
34.67	12
31.92	11
36.54	22
35.15	23
31.5	4
32.37	25
34.47	25
38.94	16
34.69	20
30.76	23
35.27	6
34.51	33
32.35	41
32.2	36
35.03	37
33.03	42
33.35	50
35.34	17
31.85	47
30.69	54
36.98	3
32.16	50
32.18	18
31.06	30
31.33	35
32.18	19
34.28	4
33.19	17
33.57	17
31.2	50
32.75	26
35.3	9
32.05	26
33	45
34.33	6
33.59	50
35.66	30
31.72	52
32.18	4
34.86	4
31.84	55
33.84	38
35.67	34
34.66	25
34.56	44
35.14	14
34.1	43
32.98	20
33.6	17
32.51	13
33.73	50
34.15	36
33.96	29
35.22	48
33.77	33
33.95	40
32.92	25
34.86	25
31.9	48
32.77	34
33.52	52
33.12	33
34.4	27
36.9	38
31.93	35
33.15	18
33.55	34
34.12	32
32.36	44
33.82	26
34.48	54
33.56	47
35.54	38
35.48	16
33.35	51
36.63	25
33.6	44
31.81	13
34.35	39
31.27	42
33.81	23
35.12	27
32.75	26
31.63	18
33.89	6
32.38	16
33.24	43
33.24	22
32.32	23
36.26	9
35.19	40
34.07	13
31.72	28
33.69	44
32.25	42
33.21	43
31.59	33
33.63	19
34.18	12
34.94	46
31.78	37
32.16	45
32	18
33.13	33
31.52	28
34.97	18
35.72	29
34.75	50
33.89	52
33.25	25
32.94	46
35.06	18
33.41	9
36.97	23
33.82	45
32.9	17
34.2	47
37.95	15
31.76	34
35.25	40
34.9	8
33.71	38
34.13	14
32.32	43
30.84	27
34.11	43
32.78	46
32.73	10
32.1	55
32.4	44
31.29	42
31.63	20
34.33	3
31.14	13
33.04	33
32	47
31.83	37
34.69	51
32.27	50
32.27	23
32.33	5
31.47	28
33.16	49
31.78	29
34.04	19
32.76	27
34.28	27
31.68	25
34.5	20
33.72	33
34.69	54
34.43	20
33.33	25
32.94	25
38.18	18
38.18	18
37.03	16
34.85	31
32.86	55
40.45	8
33.81	34
37.17	9
35.27	25
34.68	24
32.68	42
33.71	27
30.94	20
31.45	19
33.09	33
31.91	30
32.01	32
32.78	18
31.88	30
35.31	53
32.13	42
32.4	22
31.39	18
33.26	14
32.86	18
36.03	26
30.65	10
31.49	13
31.77	7
33.29	44
35.45	40
36.51	5
31.83	31
35.59	7
35.3	47
33.55	49
34.25	55
33.4	51
32.25	53
32.53	19
34.25	50
35.82	17
31.98	33
32.31	53
31.36	49
35.08	2
33.74	28
31.38	49
31.79	25
34.1	3
32.5	50
31.76	34
31.56	54
32.53	39
31.4	17
31.14	43
32.99	55
32.56	11
33.52	21
32.48	42
33.13	34
30.54	41
31.52	0
31.88	23
34.42	37
34.32	45
33.29	45
32.9	31
30.73	36
33.55	47
32.77	46
34.8	32
33.27	34
33.17	33
31.31	3
34.55	48
31.49	22
33.07	33
31.32	6
32.09	42
30.82	42
35.48	17
31.89	29
33.84	4
33.62	12
33.18	50
35	48
36.68	23
32.02	17
33.39	37
36.82	10
33.16	50
34.41	49
33.19	24
32.72	40
34.55	15
35.76	24
33.97	50
35.73	30
32.97	45
35.4	41
34.6	24
34.83	43
35.12	47
37.44	3
31.97	25
33.07	25
31.9	53
33.56	18
33.21	39
30.3	47
33.51	53
32.13	10
32.46	22
30.29	54
34.14	26
32.37	21
31.15	19
31.15	32
33.49	22
33.26	23
33.39	45
33.88	3
33.38	29
37.16	31
35.48	1
36.11	15
33.96	36
30.73	6
33.5	13
34.86	49
33.47	32
34.35	30
30.45	43
30.56	26
31.82	20
32.77	40
31.81	19
33.25	22
30.64	34
33.31	43
31.31	31
32.32	50
33.57	43
32.74	30
31.46	8
30.79	47
31.8	42
31.89	27
34.13	3
33.67	24
32.1	18
30.85	39
32.85	52
35.48	15
30.71	53
31.57	19
32.11	13
33.71	36
32.48	40
31.95	54
32.28	5
34.22	41
31.67	39
34.21	16
35.52	32
31.49	44
33.96	49
33.16	51
36.91	41
35.23	44
33.53	40
32.84	2
32.76	45
32.82	17
31.96	29
32.27	27
31.88	16
32.97	37
37.28	21
31.58	34
32.9	29
32.46	20
36.02	15
32.02	52
33.22	40
33.29	41
31.35	51
34.11	41
31.36	23
32.25	17
35.26	10
33.64	28
34.61	41
32.31	39
33.4	39
30.14	26
36.03	26
32.26	30
31.31	54
35.15	20
32.82	33
32.97	3
30.52	29
34.29	27
31.72	6
32.17	7
33.18	30
33.5	41
33.7	30
31.21	24
33.31	35
33.15	49
33.2	17
32.48	53
34.42	55
33.81	24
33.67	29
32.54	5
34.19	18
32.38	21
32.66	26
35.25	38
33.78	50
34.38	27
34.4	22
32.5	14
33.86	15
30.62	37
32.26	2
31.57	50
31.89	47
35.75	16
31.78	49
35.44	33
35.34	47
33.57	52
34.05	43
33.62	25
35.45	41
33.68	5
34.47	54
32.76	37
32.66	17
32.01	46
33.44	46
31.97	32
32.68	41
33.15	49
31.95	47
31.37	47
31.72	47
34.49	11
32.69	53
35.33	21
37.12	35
33.52	24
36.24	31
36.08	8
34.6	10
33.24	25
34.28	20
32.95	24
30.78	23
33.65	28
35	35
35.08	42
34.07	7
33.91	20
32.27	11
34.14	30
30.5	30
39.37	7
30.91	28
32.76	19
33.82	20
31.25	39
35.14	20
30.09	19
32.24	13
32.11	2
35.75	28
32.96	45
36.67	21
30.75	28
33.13	18
34.63	2
33.56	14
34.3	18
32.66	26
32.76	30
34.31	16
35.49	19
31.39	7
33.35	28
37.35	22
32.37	19
33.05	43
34.85	32
30.98	49
31.28	29
32.27	27
38.22	35
34.9	51
33.29	42
32.08	7
33.79	20
34.81	43
34.59	28
34.97	24
33.77	52
34.39	49
38.31	17
33.13	20
33.21	45
32.84	38
32.66	51
33.13	24
34	13
35.5	10
34.11	55
36.16	41
32.67	16
33.41	45
34.47	27
34.36	11
35.37	12
33.68	48
34.11	34
38.76	6
33.24	22
36.42	15
34.23	19
34.38	41
33.11	55
34.34	18
33.46	47
37.81	12
36.89	28
32.88	36
34.32	2
32.61	44
33.41	24
34.1	54
31.56	35
35.06	46
37.22	15
32.99	52
36.21	20
33.96	29
34.54	47
34.49	24
32.29	52
35.13	24
35.56	27
35.17	16
37.82	29
39.4	20
33.71	42
34.31	29
33.08	12
32.94	28
32.89	14
34.6	11
36.05	21
40.01	24
34.78	30
34.28	26
34.03	55
35.65	14
37.98	28
32.88	23
32.31	16
36.25	31
33	52
34.9	28
32	27
32.99	50
33.01	22
36.02	50
32.2	51
36.73	25
34.83	18
33.5	55
36.37	43
35.33	50
32.39	25
36.34	20
36.02	6
32.67	41
33.84	2
33.18	54
30.72	27
31.34	40
32.44	45
34.17	24
31.61	46
32.63	22
32.97	26
33.5	15
32.85	30
32.57	48
31.76	20
32.2	44
33.33	55
34.52	22
32.72	8
31.78	47
31.55	46
33.37	1
32.97	36
31.76	2
34.76	9
32.82	7
32.9	42
35.37	24
33.27	6
34.69	29
32.06	34
32.65	13
30.18	50
32.57	3
31.23	19
33.42	15
33.46	49
34.36	21
35.02	47
34.37	46
33.62	43
34.05	32
31.71	30
34.96	18
31.23	6
35.2	54
32.79	40
35.71	12
34.95	19
34.56	41
32.44	51
32.94	44
33.23	17
35.25	35
36.47	21
32.47	47
32.66	49
33.43	9
32.97	24
30.7	29
35.01	27
32.66	12
36.02	16
33.81	40
35.25	54
33.1	47
33.79	46
36.85	46
35.81	47
34.16	43
36.14	20
34.78	45
34.07	32
33.47	47
32.39	46
33.52	25
34.57	30
35.09	8
30.57	39
31.63	21
36.24	19
32.5	0
33.11	11
34.14	5
31.3	24
33.2	10
33.9	28
35.37	49
35.66	29
37.16	46
33.02	42
35.67	45
35.39	54
34.23	20
31.28	5
33.48	18
34.49	17
34.22	51
35.16	9
35.16	9
35.61	28
32.74	44
34.97	24
35.28	17
31.86	53
36.08	25
34.07	42
33.45	8
33.45	46
32.45	24
34.26	54
33.71	14
33.86	23
32.24	46
33.95	53
34.68	28
33.35	22
35.16	18
32.69	22
31.68	36
33.7	23
33.57	33
32.17	27
34.8	19
33.63	41
32.05	55
35.57	27
36.21	28
34.89	22
34.42	39
34	31
34.44	38
37.37	30
31.5	29
32.66	14
35.33	17
34.51	42
39.42	5
34.79	51
37.29	10
36.24	24
38.07	17
31.58	53
33.63	29
30.26	18
36.56	27
35.53	29
33.3	16
34.01	29
33.08	37
33.68	20
32.47	39
31	51
35.08	27
34.31	13
31.87	40
37.05	13
34.03	35
36.2	29
35.36	26
32	51
32.89	13
35.06	36
32.44	14
33.59	42
34.36	53
33.93	46
30.81	19
32.2	29
31.28	22
33.55	32
31.73	22
33.8	31
36.42	28
36.42	28
34.48	39
32.67	43
34.67	47
36.53	25
35.08	43
34.27	18
33.55	51
34.09	35
32.15	28
35.68	23
32.59	42
32.44	45
32.44	45
32.44	45
35.9	29
32.98	35
32.85	29
31.7	55
31.67	53
32.33	35
32.38	43
33.58	55
33.76	24
32.7	33
32.13	42
34.59	43
34.6	20
32.37	17
33.85	4
32.59	48
32.57	17
31.98	26
32.49	49
31.98	26
34.32	30
33.63	53
33.27	46
34.87	26
33.51	34
34.65	27
32.65	40
33.48	17
33.09	46
33.75	21
34.31	14
33.34	27
38.65	6
32.92	50
32.69	27
32.67	22
34.57	23
31.91	20
33.36	11
34.31	1
31.95	55
32.14	53
32.65	52
32.97	28
31.37	26
31.04	8
31.88	31
34.84	10
32.36	50
32.6	19
34.11	33
34.92	11
32.88	21
33.73	54
33.75	22
38.94	30
31.45	45
33.15	26
33.6	52
34.23	20
32.04	19
33.6	55
32.42	46
32.35	51
34.42	3
34.38	46
30.46	21
33.71	33
30.6	25
32.18	9
32.98	29
31.43	4
30.79	23
30.71	26
31.49	30
31.23	0
31.89	3
32.05	46
31.43	36
30.85	27
33.63	52
34.77	52
34.19	27
33.41	22
34.38	52
34.6	54
33.17	31
32.85	40
31.89	22
36.46	44
33.37	27
31.69	53
35.25	28
30.95	24
31	33
30.74	51
34.21	39
30.49	36
33.08	49
30.4	53
33.47	49
33.06	30
36.58	35
34.41	25
32.49	34
34.66	11
32.08	26
34.51	18
33.91	37
32.77	51
35.73	2
32.53	46
32.66	11
30.33	29
34.41	29
33.63	13
32.84	3
32.05	8
34.81	32
33.97	3
33.19	20
32.62	21
32.16	51
32.16	55
35.56	24
32.78	28
30.71	27
37.56	16
31.13	24
33.16	48
34.19	31
34.31	43
35.47	19
32.43	9
34.1	19
32.9	6
32.11	50
33.42	4
33.71	18
32.6	12
32.33	27
35.65	17
32.34	21
34.2	4
33.97	24
32.76	9
38.08	15
32.39	46
34.51	23
30.37	33
32.82	28
35.49	7
35.32	41
38.6	17
36.1	13
35.22	41
33.73	46
32.82	28
32.66	52
34.27	7
34.55	41
34.16	35
33.44	19
32.37	26
32.59	54
34.77	42
34.9	42
31.04	24
35.27	17
31.5	39
35.07	15
35.67	23
32	55
33.21	11
35.27	23
35.62	7
31.47	13
36.87	37
31.8	39
34.57	18
33.7	48
31.19	20
33.62	44
31.91	17
33.2	49
32.01	52
33.13	10
32.82	9
35.76	16
33.85	18
32.37	39
35.1	17
30.55	2
34.58	54
35.82	1
31.36	42
32.55	40
31.96	24
40.5	7
32.17	23
34.78	29
35.12	13
30.17	3
31.89	32
34.52	54
30.75	27
34.01	26
32.66	12
34.75	39
33.27	51
33.98	6
33.58	45
33.52	14
34.2	17
31.2	36
34.23	30
32.9	18
31.3	9
34.76	21
30.84	26
37.26	27
32.2	55
34.11	41
35.62	21
37.37	23
32.47	29
36.68	32
32.72	39
33.43	15
31.81	19
31.37	28
30.96	27
32.01	1
32.11	9
35.08	11
32.21	48
32.07	25
33.31	39
30.94	29
32.47	11
30.14	29
32.37	28
34.7	33
32.86	21
31.24	29
34.75	10
33.23	16
32.86	29
39.53	17
33.01	45
33.27	38
33.1	14
32.5	24
34.94	15
33.6	15
38.47	30
35	25
36.45	42
32.31	42
31.97	1
32.44	2
34.23	25
33.23	29
37.38	22
32.68	24
34.23	52
31.97	24
32.34	11
33.12	47
34.66	23
35.52	48
32.43	45
31.5	54
34.61	25
31.08	52
31.15	20
31.37	49
32.53	32
31.95	46
36.85	27
34.67	44
32.73	38
31.28	30
31.69	34
31.78	17
34.49	30
30.66	9
31.86	18
34.06	55
34.09	22
37.79	31
33.79	40
31.92	12
30.79	48
37.33	9
34.49	16
35.55	40
31.62	1
32.79	45
33.61	27
34.94	27
34.34	18
33.88	54
31.4	6
34.45	21
31.88	26
32.08	23
31.14	10
34	24
31.34	38
35.34	19
35.98	3
32.77	15
31.67	11
30.53	25
30.93	42
34.04	6
32.92	25
34.73	51
32.14	6
33.84	50
32.86	27
32.98	21
31.01	51
33.48	21
31.68	49
34.71	14
35.07	27
31.76	54
35.93	12
35.24	22
31.85	20
33.95	21
31.6	49
34.69	24
33.17	39
31.04	23
32.07	28
33.22	49
36.43	38
35.23	35
33.83	15
34.45	45
30.08	15
31.95	51
33.34	33
34.72	3
34.03	42
36.66	19
33.67	32
31.89	26
33.35	22
35.47	26
32.83	45
33.66	33
32.11	34
33.55	6
32.78	43
34.93	20
33.16	44
32.11	39
35.14	48
33.84	9
36.03	43
30.8	1
37.51	38
34.24	26
36.37	37
33.17	54
32.78	50
35.69	31
34.57	2
33.25	38
31.71	28
32.46	24
33.67	55
32.42	36
32.02	2
34.47	20
33.56	47
34.4	23
37.78	18
31.75	55
33.73	45
33.42	23
33.24	24
35.79	29
36.06	33
31.05	4
33.42	19
31.88	33
33.81	34
32.56	10
32.87	43
35.14	21
32.08	21
34.58	34
33.95	27
33.37	37
34.11	16
33.21	5
34.64	29
33.27	53
33.35	41
35.29	48
36.53	29
33.63	28
30.65	10
33.44	47
32.73	47
33.21	23
32.19	35
31.84	26
33.64	21
33.61	45
34.17	27
33.31	27
30.27	13
32.74	53
30.85	14
30.27	13
30.1	22
33.3	40
32.64	6
34.63	8
33.46	9
35.08	27
32.94	1
34.79	44
34.75	41
35.26	12
39.04	12
35.94	21
34.44	39
33.58	37
32.38	28
33.52	29
37.68	20
38.64	42
34.5	40
32.99	46
33.66	44
33.82	10
34.6	46
35.23	43
34.07	10
34.16	21
36.6	13
30.41	10
33.34	26
32.5	10
32.88	16
32.39	54
34.71	11
31	22
31.97	41
32.73	51
31.35	49
32.67	53
34.05	20
34.07	31
35	22
32.17	53
32.72	26
31.29	19
34.58	54
34.58	54
34.58	54
32.31	34
30.68	52
31.28	8
33.35	22
31.59	25
33	29
30.64	48
34.01	18
34.03	47
32.76	18
32.66	48
32.73	45
35.15	26
34.03	27
31.49	51
32.51	13
33.47	51
33.65	16
33.6	16
31.83	36
34.05	46
33.57	30
33.25	40
34.18	42
34.17	27
30.66	34
32.94	18
33.01	23
31.72	24
33.3	29
35.78	28
31.84	43
31.07	2
33.2	5
30.02	29
32.33	28
30.44	26
31	55
31.62	29
31.4	30
32.09	48
32.59	7
31.49	51
32.56	25
32.96	49
32.97	18
32.87	47
30.63	39
33.79	3
32.06	46
31.68	24
32.15	24
32.93	18
33.69	31
32.7	29
35.55	30
31.97	34
32.5	28
32.3	46
33.68	43
34.29	20
33.35	33
33.4	42
32.91	27
36.52	30
32.95	30
34.21	4
36.35	13
33.15	44
35.66	20
32.15	19
31.76	4
35.88	49
33.11	25
33.83	31
33.92	22
33.91	17
34.98	44
31.02	25
32.3	27
34.65	22
32.63	15
31.86	13
33.63	43
35.11	22
32.98	22
32.32	12
31.13	24
33.92	7
31.75	44
32.3	45
31.31	13
30.82	28
38.49	16
35.08	24
32.47	20
36.1	6
34.24	43
34.82	24
37.15	22
34.49	22
35.65	7
36.88	25
100	0
34.86	23
31.86	20
33.11	3
30.82	26
35.05	5
34.96	42
33.64	45
31.34	26
34.23	36
35.2	35
34.41	38
33.01	34
33.19	51
33.33	3
33.14	44
36.49	40
32.06	20
32.78	7
35.95	14
34.36	0
33.63	48
40.4	28
33.15	30
34.42	26
33.67	33
33.26	25
35.5	19
30.91	55
34.69	26
33.89	24
33.22	49
32.24	42
34.88	30
33.55	48
32.61	40
31.49	28
31.05	17
31.71	25
32.37	49
31.27	42
32.44	40
31.77	53
34.23	41
32.61	52
32.4	43
33.92	55
32.59	45
32.7	43
34.94	26
31.86	53
33.56	17
32.18	0
32.3	18
34.3	14
32.69	3
31.88	49
33.67	18
34.47	36
32.69	39
30.52	36
31.02	27
33.02	1
33.83	43
35.51	30
32.87	17
32.86	22
32.29	44
33.33	40
35.05	21
31.25	53
32.25	36
33.1	16
33.92	9
30.96	12
35.75	20
31.5	39
33.65	20
34.72	17
33.78	40
32.88	48
32.49	18
32.34	54
34.11	28
35.95	9
33.35	48
32.88	46
32.09	8
32.09	8
32.09	8
31.89	32
32.6	15
34.46	24
35.64	19
31.29	53
32.99	53
32.98	29
31.66	26
34.3	25
31.04	51
34.68	27
30.75	1
31.69	44
33.07	26
36.43	2
33.99	37
32.36	39
32.37	13
35.29	12
31.01	27
34	29
33.64	24
34.49	8
32.28	15
32.47	24
31.88	41
33.96	17
33.81	8
34.92	26
33.72	41
32	39
34.65	17
32.6	55
32.96	18
30.72	8
32.46	9
33.46	1
34.01	30
34.6	45
35.44	26
32.11	55
34.21	41
34.21	2
32.42	20
33.96	23
33.86	48
32.47	54
34.62	17
31.11	50
34.25	21
31.06	30
33.44	55
34.68	21
33.87	55
34.03	55
32.18	45
32.9	17
30.17	30
34.14	8
30.05	6
31.89	0
31.2	28
33.09	8
35.11	48
36.21	40
31.43	18
30.1	4
32.25	42
33.77	39
32.56	17
31.73	21
32.46	1
38.03	36
32.09	33
32.82	21
31.79	10
32.2	5
30.08	44
33.84	2
32.47	55
30.65	52
32.8	46
32.88	27
34.03	55
32.18	45
33.91	21
32.9	17
30.17	30
34.33	8
31.89	0
31.48	20
30.45	24
31.3	30
33.06	48
37.61	39
33.04	6
33.18	23
34.13	50
31.25	47
30.76	20
33.97	30
32.73	24
30.7	35
32.34	29
30.99	55
33.53	5
34.96	42
34.78	48
32.68	5
32.14	48
35.31	52
31.29	19
31.52	48
34.85	25
38.36	15
34.6	46
37.08	5
35.75	39
32.23	53
35.38	53
33.07	39
36.74	35
33.4	32
35.91	4
34.56	13
31.13	18
34.37	26
34.6	26
33.5	51
33.14	18
33.59	41
33.35	45
34.05	51
32.6	34
31.54	54
32.12	53
31.96	44
31.19	53
31.12	29
31.21	53
33.05	32
33.35	41
33.16	15
32.55	10
30.36	30
31.17	2
33.76	22
33.86	22
31.18	46
33.57	40
35.2	37
33.05	45
34.86	19
35.78	19
34.27	44
35.07	20
33.42	20
33.44	42
34.1	35
34.47	25
36.33	25
33.83	37
31.88	40
32.82	24
35.78	13
35.09	14
35.23	52
34.42	28
36.43	16
34.99	44
34.37	35
37.18	30
34.32	18
31.57	45
32.16	38
30.65	31
33.16	10
34.2	22
34.29	28
31.78	36
31.39	23
35.47	23
31.48	39
31.97	24
33.95	22
32.53	31
34.22	12
32.7	54
34.94	32
34.25	25
31.65	33
32	28
32.72	15
33.08	22
33.45	47
37.04	32
32.68	27
33.44	43
33.9	35
33.51	10
33.35	26
34.11	51
34.92	33
32.14	19
33.42	2
35.2	15
31.42	14
30.23	31
35.66	12
33.15	50
35.23	27
32.4	31
30.23	30
34.95	50
33.46	44
33.57	21
33.94	19
38.07	10
32.02	16
34.01	28
32.68	36
31.69	28
35.09	33
35.72	24
37.08	17
34.06	55
35.27	28
36.31	27
35.66	26
33.99	55
33.34	17
36.25	22
31.72	42
32.27	19
32.76	48
33.99	39
35.73	30
33.43	13
33.51	52
38.32	18
34.32	53
32.08	26
33.87	55
34.55	21
36.23	20
35.11	20
33.92	36
34.65	48
32.63	25
33.06	53
36.98	5
35.5	9
33.79	24
34.91	12
35.86	46
33.72	23
31.36	34
31.71	26
32.43	54
32.75	14
35.27	11
33.17	42
32.85	52
34.11	51
34.12	42
32.54	55
33.13	35
35.6	4
34.88	27
36.71	12
33.65	55
32.22	39
35.16	49
31.33	47
33.98	33
33.8	47
33.2	37
32.47	23
33.1	39
35.85	3
33.35	54
33.81	47
35.35	8
34.51	22
33.31	52
33.87	47
33.69	22
33.78	50
32.75	12
33.01	43
31.39	13
36.84	25
32.65	23
30.24	23
32.47	5
35.05	33
35.7	33
31.83	40
30.73	13
33.56	12
34.97	21
33.52	28
33.53	5
36.91	13
35.18	20
34.51	45
32.41	26
33.73	29
34.96	39
36.07	12
32.98	13
30.9	54
32.7	51
33.4	55
33.72	4
34.81	20
33.58	44
34.65	52
31.72	15
33.62	14
33.1	53
33.75	8
35.61	25
34.54	27
34.06	30
31.78	22
36.19	32
34.27	22
35.62	27
32.56	20
32.89	6
33.73	45
33	51
33.94	12
36.07	8
31.55	51
33.98	6
34.4	37
32.81	46
31.25	44
33.39	18
30.94	46
33.62	25
35.43	31
30.05	11
36.39	45
32.66	30
32.49	21
34.81	22
31.67	51
34.6	20
34.66	32
34.25	54
32.91	43
35.05	18
33.17	20
34.21	50
36.9	22
33.45	49
32.18	31
33	52
33.1	50
31.46	6
30.04	21
34.51	19
33.99	45
35.21	31
35.45	53
31.99	55
31.77	28
35.91	30
31.55	24
33.1	51
31.41	45
33.67	17
33.45	15
33.82	27
31.46	46
32.45	29
31.57	30
31.06	12
32.76	7
36.82	28
34.51	27
33.35	46
34.72	23
32.81	31
33.14	30
35.85	2
35.85	28
35.48	12
33.47	32
32.47	25
36.18	24
33.35	40
32.56	55
34.84	37
34.37	33
33.04	44
31.94	25
32.17	16
33.82	24
35.97	48
34.78	2
35.82	28
33.22	52
34.42	43
33.5	54
33.04	13
30.3	51
33.34	17
32.92	8
30.53	50
35.46	6
31.27	38
32.72	30
31.31	29
32.81	29
32.72	30
30.69	27
37.68	5
31.35	51
33.43	17
32.1	22
30.68	51
36.24	27
35.26	19
35.57	24
32.46	36
33.43	11
32.34	22
32.3	30
33.91	27
34.62	52
33.53	24
31.34	37
32.66	20
30.59	53
30.08	4
34.22	53
30.65	32
32.28	2
33.97	35
33.96	40
31.34	54
33.31	22
34.47	17
34.78	29
31.07	28
33.17	45
35.26	25
31.04	53
31.96	51
33	17
31.79	10
31.22	3
33.37	16
31.45	51
31.74	30
33.22	50
34.08	25
32.84	50
37.44	3
31.34	45
31.44	27
32.14	14
35.28	14
35	33
33.66	36
34.03	28
31.55	55
32.01	29
30.23	12
33.14	49
35.84	27
31.71	42
31.66	18
33.95	32
33.66	23
34.3	26
30.43	10
32.81	2
32.74	49
31.78	16
31.04	8
34.6	4
30.34	20
30.36	11
31.34	12
32.64	7
33.79	2
31.65	9
31.29	54
32.98	23
33.72	26
30.52	24
32.1	14
33.22	30
31.78	19
32.52	33
31.01	12
30	13
36.54	29
33.27	10
32.28	9
34.62	11
33.36	22
34.81	48
34.42	48
35.98	6
32.17	7
33.05	9
33.52	30
34.4	16
37.42	27
33.03	21
32.86	46
35.62	49
31.37	2
33.8	36
32.24	21
32.66	31
35.93	32
32.24	34
31.5	21
31.71	53
32.49	31
35.52	21
32.47	24
32.47	46
36.02	28
31.49	55
33.62	55
33.81	26
34.75	39
30.43	25
32.69	35
31	15
34.07	49
35.36	21
33.7	44
31.02	23
32	30
31.1	25
33	43
33.56	3
33.01	12
31.98	49
32.36	33
33.53	24
33.51	45
34.17	29
33.92	55
32.59	45
32.9	17
31.49	9
32.18	0
32.67	11
30.6	24
32.73	21
30.55	4
31.99	43
31.66	21
31.14	1
33.38	45
35.08	54
32.43	24
34.22	28
35.21	35
31.88	30
34.91	14
33.89	26
33.15	16
33.23	42
33.97	5
33.81	10
34.58	4
31.3	33
36.07	14
31.28	54
34.81	23
40.24	21
32.23	13
35.13	3
30.94	10
34.42	10
33.07	24
33.6	54
33.8	16
30.71	23
31.61	24
31.67	31
36.6	8
34.51	33
33	1
33.55	49
33.73	43
34.97	42
32.94	45
35.49	22
32.76	20
33.81	14
31.04	11
33.4	37
32	2
32.72	16
34.22	37
31.41	29
32.43	24
34.45	21
33.61	46
36.02	17
31.21	30
34.21	42
32.18	24
33.08	34
33.14	26
30.15	28
34.72	24
33.05	43
34.36	21
34.15	46
34.62	12
34.05	25
37.02	25
32.17	11
34.88	16
31.39	27
35.44	16
32.55	42
32.93	14
33.19	19
36.49	24
33.18	50
30.1	44
33.03	45
31.33	13
33.61	33
32.48	55
33.15	29
31.9	51
33.05	26
33.21	2
34.44	14
36.16	11
31.76	47
32.37	25
33.48	30
37.1	12
33.1	48
35.87	36
34.31	19
34.41	55
32.68	29
33.29	19
33.38	27
33.87	45
40.57	14
34.47	11
33.13	21
36.16	14
33.49	54
32.01	17
32.15	22
33.7	2
34.79	25
31.6	54
30.92	32
32.82	45
32.98	51
31	3
33.55	38
33.4	51
31.28	40
32.32	24
34.08	28
33.65	51
36.05	26
32.68	10
33.6	37
34.04	22
31.78	18
30	30
34.34	26
33.89	48
32.55	46
33.15	40
32.87	27
33.94	12
33.05	33
34.71	29
34.1	19
33.96	6
34.08	6
34.82	19
32.14	48
30.76	7
31.21	13
32.43	2
34.85	11
34.85	11
32.37	11
33.53	38
32.6	23
32.31	23
34.94	21
32.12	35
32.58	34
31.34	27
31.25	40
35.84	6
32.84	28
32.82	45
33.04	29
31.63	25
30.37	24
34.39	14
32.19	41
31.27	5
32.79	41
31	54
34.55	20
31.98	34
30.14	41
32.08	54
34.48	18
36.64	32
34.46	21
33.93	47
34.11	16
33.57	13
33.23	16
33.51	29
36.72	29
35.83	17
35.04	27
31.5	47
34.56	13
31.57	23
33.89	24
33.21	24
32.2	29
33.15	8
32.45	13
32.89	50
32.84	28
34.78	10
33.85	32
32.17	40
32.17	40
32.96	42
31.57	9
34.21	10
32.84	55
36.55	45
32.17	40
33.95	39
34.22	51
34.55	52
33.95	39
33.54	45
35.11	12
32.11	25
32.73	10
35.83	35
33.95	39
33.76	44
31.97	42
31.52	30
34.9	53
32.56	24
32.56	30
34.29	23
30.15	12
34.09	22
32.65	16
34.84	22
35.75	30
32.26	4
35.08	23
34.76	10
34.55	20
32.3	44
33.1	2
32.92	27
31	22
32.85	53
34.44	21
31.84	40
36.04	19
34.96	13
34.15	17
36.33	27
32.13	7
35.67	42
33.61	33
34.08	54
32	49
32.48	39
32	55
32.03	23
33.52	54
32.69	13
33.49	24
32.37	39
34.77	27
33.51	42
33.04	31
33.32	45
34.04	49
32.27	27
31.89	41
32.46	9
35.75	21
33.27	8
32.56	24
36.48	5
33.43	35
32.73	24
32.9	51
34.63	13
33.89	4
34.45	46
32.69	19
32.12	44
33.27	23
31.4	3
32.61	44
32.7	15
30.56	3
32.74	53
30.91	49
31.3	22
32.21	45
31.08	5
31.82	30
32.36	17
33.63	0
33.86	33
35.47	13
34.61	23
34.95	4
31.33	27
36.13	30
31.66	23
34.57	45
31.76	27
36.3	7
33.68	31
30.31	24
34.86	27
33.36	28
35.34	46
33.4	13
38.18	17
32.62	43
34.57	8
32.75	28
34.56	21
32.03	51
33.01	30
33.51	40
32.59	24
40.76	11
35.4	28
33.63	27
31.89	20
31.81	29
34.97	17
34.65	38
31.89	20
31.89	20
32.47	28
35.08	2
31.89	51
32.89	38
32.85	43
33.87	44
33.71	28
33.5	54
35.56	27
32	55
31.28	54
32.54	38
32.46	39
33.41	49
33.91	48
34.97	9
34.74	49
35.92	26
36.43	24
34.98	47
33.08	55
33.69	55
32.67	29
34.31	36
33.29	54
34	27
33.41	51
33.98	10
37.54	47
33.32	24
33.48	33
35.15	1
33.31	4
34.23	4
33.7	45
33.22	55
33.76	16
31.7	29
33.39	13
32.57	26
33.05	26
32.9	37
33.87	34
31.34	45
33.99	31
32.13	15
33.73	22
33.29	51
32.83	23
35.16	43
32.92	45
33.48	23
33.83	31
34.27	45
34.71	27
32	27
36.89	2
32.85	7
33.58	16
33.02	16
30.44	28
32.55	51
31.69	52
30.78	29
34.1	21
34.65	27
33.19	19
33.65	26
32.2	23
33.68	38
31.45	17
33.41	22
32.1	28
34.69	6
34.63	14
31.75	7
36.59	19
31.98	7
31.13	27
32.75	17
32.33	3
32.07	28
33.42	17
33.6	13
33.55	30
32.85	12
31.78	8
32.59	29
35.88	26
31.82	54
35.47	27
33.33	34
32.96	38
35.72	15
34.94	45
36.46	38
33.98	37
34.23	45
32.95	35
35.88	43
32.36	30
36.1	16
35.28	17
33.41	27
32.12	27
35.94	40
36.64	35
34.4	51
35.95	18
34.48	45
32.7	34
35.86	16
33.62	14
33.56	49
33.63	52
36.28	47
34.28	7
36.42	20
36.15	16
33.76	7
33.34	47
33.56	24
34.35	48
31.72	25
34.19	40
33.89	3
30.79	37
32.62	55
34.34	24
32.9	31
33.04	27
31.97	30
33.15	43
33.6	30
32.42	19
33.48	33
35.64	44
32.73	31
34.71	28
32.43	26
35.69	51
32.78	26
32.34	5
34.53	30
31.64	33
33.44	38
32.11	52
32.27	53
33.7	49
32.85	45
32.47	17
32.75	48
33.01	53
33.57	38
33.82	2
32.47	0
31.39	20
33.35	35
31.24	20
35.54	21
34.74	47
33.94	21
33.68	8
36.61	8
33.79	17
33.92	12
32.15	19
34.11	25
31.69	33
35.08	2
34.66	35
35.33	35
32.76	12
31.52	23
32.55	37
34.79	23
34.93	25
33	48
33.88	32
37.44	27
32.97	23
33.91	49
33.08	33
31.77	55
33.97	5
32.69	19
31.67	43
35.28	11
35.18	2
33.04	47
30.96	30
31.55	8
31.51	34
34.11	46
34.49	26
32	40
32.84	21
32.28	45
31.32	39
32.06	50
32.17	51
37.11	19
32.47	29
32.87	44
31.45	26
33.22	42
31.15	29
33.53	27
31.33	25
30.84	22
34.02	2
30.95	24
35.47	43
34.5	45
35.36	14
33.01	36
33.92	21
31.98	45
32.75	28
36.91	38
33.56	20
33.29	51
34.5	29
33.32	42
33.23	48
34.05	27
32.75	32
32.69	55
32.18	0
33.43	24
33.51	38
35.1	27
30.26	27
34.69	38
33.57	42
37.3	21
33.79	29
34.05	43
34.32	33
31.56	19
33.11	8
30.32	51
32.64	28
31.43	19
31.24	51
33.99	49
35.92	19
33.53	26
33.8	4
34.47	5
36.5	5
33.17	5
32.26	11
32.88	34
33.73	39
34.61	34
32.38	11
32.4	51
32.82	22
32.07	45
30.68	17
32.16	39
33.19	23
34.25	52
31.68	25
33.44	26
33.7	32
31.41	37
37.55	15
31.81	14
33.47	41
33.94	18
31.44	8
33.24	25
32.08	28
30.94	23
32.57	45
32.45	42
32.8	53
31.28	38
32.62	53
31.12	34
33.34	21
34.03	30
33.24	9
32.52	43
33.85	27
35.79	50
32.93	39
36.67	37
34.65	32
32.39	29
31.05	15
32.79	48
32.48	40
30.92	25
31.6	29
34.01	30
34.91	29
34.32	44
32.56	9
32.17	30
32.82	31
35.64	47
31.85	22
35.36	4
34.4	41
33.71	38
34.98	23
33.61	24
31.62	52
33.09	35
31.81	53
34.28	52
31.57	25
34.08	33
34.87	21
31.41	22
36.27	28
33.84	9
34.35	32
32.49	43
31.13	29
34.18	0
34.91	3
36.23	44
30.64	5
32.66	25
31.75	44
31.1	53
30.64	5
33.24	23
32.25	51
32.65	25
32.02	42
32.62	18
31.79	30
33.26	22
33.95	23
32.08	52
34.14	27
33.33	21
33.22	33
34.2	25
33.6	4
32.11	49
36.04	27
32.83	55
31.82	55
32.54	54
31.89	33
34.24	2
33.03	14
34.67	30
32.88	32
34.31	2
31.82	49
30.62	30
32.41	23
33.1	48
31.63	53
32.27	17
34.37	30
34.26	18
33.84	13
31.69	39
31.77	24
32.89	37
35.53	8
34.68	21
32.51	13
34.25	30
35.31	32
36.08	26
34.49	35
34.94	17
32.29	38
33.23	17
31.51	47
34.24	6
32	20
31.24	42
36.34	22
31.28	23
32.85	45
30.22	15
32.46	30
31.11	36
31.52	54
31.4	5
31.86	28
30.36	4
35.42	29
33.13	34
33.76	26
33.37	16
34.46	26
31.38	36
35.34	28
30.34	12
33.81	26
32.38	52
33.53	22
33.47	23
35.39	2
35.19	47
32.8	41
34.07	29
31.6	46
33.04	12
33.52	13
34.76	30
34.39	27
32.88	40
32.57	52
33.25	30
32.95	4
31.28	18
32.14	49
31.99	42
32.42	27
34.38	21
33.29	50
31.87	12
33.89	37
32.49	53
34.04	33
34.21	45
33.93	27
31.85	52
34.3	4
36	37
33.65	54
34.57	5
34.3	27
33.04	4
34.21	51
32.85	30
35.1	17
36.91	24
36.24	23
36.79	29
34.3	27
31.47	14
32.76	54
31.7	47
33.59	37
33.55	20
31.29	51
34.64	23
31.52	27
33.04	25
33.18	54
31.4	54
32.63	37
33.41	36
31.32	44
30.96	52
32.53	50
32.05	33
35	48
33.95	44
31.78	35
35.47	21
35.48	23
35.93	3
33.97	10
34.2	29
34.78	36
33.73	27
33.59	27
33.92	21
37.1	21
37.01	24
31.13	30
34.72	26
32.09	53
34.62	16
31.13	30
31.68	52
36.65	10
33.05	49
32.36	17
35.31	32
30.04	6
35.27	26
34.49	20
31.35	11
32.18	18
32.42	24
31.98	54
31.96	22
31.38	6
32.64	7
34	34
33.63	10
34.89	13
34.5	51
35.07	38
34.05	29
33.68	10
36.56	7
31.2	16
36.21	12
33.23	30
30.98	9
32.69	30
32.9	42
30.44	29
31.76	55
34.21	28
32.95	29
33.2	19
34.86	18
32.3	54
33.07	14
36.2	29
34.23	13
32.02	18
33.44	28
35.55	51
33.36	33
32.52	25
35.48	13
32.89	34
33.57	53
34.49	12
34.39	17
33.44	16
35.02	50
34.13	14
32.83	37
31.33	27
30.61	27
30.29	27
30.61	27
30.15	27
31.07	27
31.46	27
32.9	55
32.58	23
32.56	51
32.98	23
32.83	47
33.59	14
34.91	20
32.75	10
32.69	43
35.15	4
32.34	19
33.39	19
30.84	48
31.83	32
32.5	35
33	46
31.21	41
32.35	32
30.88	40
31.79	55
32.17	54
33.59	25
32.1	29
34.68	63
34.85	21
31.49	33
31.79	46
35.52	22
32.23	69
33.36	24
33.44	54
33.4	44
33.3	2
33.85	22
32.98	63
35.52	13
33.68	64
36.06	36
32.78	55
33.11	53
32.36	44
36.65	34
33.07	6
31.34	20
33.25	51
34.79	54
35.05	39
34.3	49
34.86	11
33.3	56
31.77	29
32.86	67
33.37	60
32.31	66
34.08	14
31.11	63
33.02	41
33.55	34
34.18	44
34	23
32.8	52
34.3	10
32.59	44
32.13	57
37.23	16
32.83	12
34.16	21
32.57	52
32.36	44
34.06	23
37.1	10
33.85	22
33.18	58
33.77	68
30.33	19
34.15	30
34.45	34
36.03	24
34.23	19
34.93	35
34.02	46
32.59	67
35.05	10
35.44	17
32.57	41
30.69	63
33.63	19
31.44	57
36.82	13
33.59	64
35.74	53
31.99	67
36.15	13
35.58	25
32.9	11
37.28	15
31.24	15
35.45	36
34.44	28
33.52	11
32.33	68
33.07	32
33.54	58
31.96	47
32.01	25
32.18	31
32.27	29
32	50
32.94	28
32	32
32.68	29
33.27	27
34.39	28
32.21	52
34.01	23
32.68	14
32.66	27
33.14	43
35.03	61
33.69	54
33.21	60
34.62	17
32.97	17
34.26	61
33.54	61
32.72	60
32.05	55
31.79	21
35.18	36
35.44	52
33.39	51
36.48	26
31.94	51
32.63	28
34.21	26
31.82	11
34.23	30
32.95	41
32.23	69
34.1	9
33.02	27
32.55	59
34.29	8
37.23	25
32.47	26
32.02	45
31.29	53
35.23	6
31.37	19
31.61	31
33.09	58
32.54	30
31.8	66
34.65	15
30.56	64
30.56	18
34.34	27
31.49	2
34.05	48
32.19	42
30.43	25
35.28	45
33.9	67
33.77	41
35.71	20
34.26	33
33.92	25
32.07	65
31.96	63
31.21	34
32.65	28
35.63	24
32.21	12
30.14	33
32.4	30
33.62	29
39.83	9
35.18	33
32.47	33
31.24	58
34.11	15
36.07	1
33.06	49
32.96	28
32.84	46
32.41	48
33.06	56
33.85	48
32.52	39
32.28	45
34.62	62
34.53	32
35.93	32
30.92	20
33.62	19
32.8	41
32.29	65
33.71	34
32.51	66
34.21	32
34.24	29
34.04	33
32.19	53
35.46	14
31.53	11
32.42	31
32.15	60
33.79	2
30.56	26
34.07	38
32.85	65
32.55	60
33.42	64
33.6	56
33.9	61
35.12	50
35.29	48
31.8	32
31.6	60
34.92	27
35.43	23
35.34	27
34.92	27
35.43	23
33.98	40
32.72	49
33.53	23
31.39	22
33.06	45
34.79	22
31.59	68
31.02	41
33.44	17
31	41
31	41
32.32	1
33.79	6
36.33	21
36.33	21
36.69	3
30.38	8
32.51	60
34.85	34
32.11	16
32.11	16
33.94	27
32.65	66
36	17
32.01	66
32.6	50
33.73	51
31	8
34.13	11
34.7	39
34.7	39
33.3	33
31.71	32
30.73	26
31.71	32
35.65	3
33.42	58
32.56	23
31.51	66
34.02	26
32.64	49
36.02	20
31.79	53
32.92	40
32.85	31
33.87	67
33.62	4
34.83	43
34.86	56
31.4	56
33.53	21
34.34	12
33.88	63
31.67	12
32.18	64
31.6	49
31.72	46
33.54	59
31.68	64
33.7	52
34.82	34
