sim	len_diff
33.18	112
33.51	124
34.72	116
33.02	251
34.76	99
32.83	125
34.51	88
33.59	126
35.9	119
33.96	96
32.95	48
34.35	98
34.35	91
34.04	182
32.74	96
33.93	116
33.37	120
32.07	124
33.82	70
34.1	60
32.83	117
34.98	99
34.04	104
34.68	97
32.44	111
33.02	116
33.37	48
35.77	89
33.48	123
33.88	83
33.23	126
33.22	96
32.3	223
34.23	84
32.3	223
33.78	117
32.01	121
32.95	119
31.96	83
33.48	103
33.77	106
32.14	115
32.45	122
32.31	117
32.23	122
33.33	91
32.45	116
32.23	122
32.23	122
33.06	126
32.62	88
32.32	122
31.8	123
35.21	121
32.41	97
32.21	121
32.08	123
35.1	83
34.07	117
33.55	126
32.88	116
32.53	121
32.29	229
32.29	229
34.11	105
34.36	108
33.02	98
33	116
32.96	83
33.46	192
33.46	192
34.09	39
34.52	95
31.87	117
32.32	111
34.2	117
32.3	46
34.55	116
35.22	139
32.25	122
33.8	93
32.22	66
33.02	98
33.84	123
36.1	46
34.55	63
33.78	120
32.92	123
33.48	93
33.4	99
31.7	122
33.73	64
32.53	120
33.4	68
32.91	125
33.92	36
33.44	88
33.72	125
35.17	26
36.25	50
34.13	108
34.55	111
32.37	124
34.55	117
32.4	121
33.86	121
35.94	97
32.03	122
32.03	122
33.89	90
33.12	90
32.57	106
31.75	108
32.61	115
34.1	88
31.8	122
33.31	109
34.02	109
32.71	124
33.3	113
33.83	122
33.3	224
33.89	111
33.89	109
32.41	111
32.85	125
34.34	88
34.98	46
33.97	87
35.19	111
31.58	125
32.15	118
32.11	125
32.65	97
31.93	117
33.15	117
33.05	89
32.64	117
32.71	119
31.98	36
32.92	111
33.15	102
33	102
34.96	64
31.21	121
35.2	62
32.59	111
32.85	119
33.3	117
34.7	118
32.92	92
33.2	49
31.65	105
35.24	104
32.17	112
34.33	50
32.13	126
32.79	229
33.06	183
33.22	117
32.92	94
31.76	110
33.22	117
32.59	110
32.7	104
34.4	92
32.96	116
33.94	92
33.46	97
34.03	109
32.65	120
34.34	109
33.95	109
32.49	112
32.14	126
34.58	98
33.03	210
32.61	116
34.54	95
34.11	83
33.21	115
32.63	111
33.46	118
32.7	99
32.42	32
32.29	119
31.48	100
36.5	108
33.67	94
33.06	102
34.11	108
34.32	105
33.02	104
33.14	119
34.55	101
32.9	118
32.95	104
33.91	47
33.21	32
34.35	105
33.78	86
33.78	110
34.44	68
33.21	94
36.26	70
33.63	109
33.3	113
34.23	108
33.59	111
34.92	93
32.63	110
32.47	125
31.35	124
33.58	105
33.89	110
34.51	98
33.5	125
33.47	104
32.86	104
30.53	124
32.24	94
32.38	124
31.92	97
33.15	123
32.6	243
32.59	245
33.4	114
31.64	111
32.73	242
33.43	52
34.78	97
34	98
32.75	111
32.07	122
32.13	122
33.18	87
32.57	102
33.1	87
32.88	90
32.6	243
33.08	79
31.56	125
32.59	118
33.54	123
32.47	114
33.59	104
33.43	32
32.67	110
32.68	123
32.5	245
32.73	242
32.72	116
33.03	113
34.59	104
31.93	126
33.42	111
33.78	111
32.55	123
31.61	61
33.42	100
34.17	112
32.96	121
32.99	121
34.13	95
34.06	104
33.17	43
33.17	117
32.99	121
33.17	117
32.09	124
33.61	106
33.86	89
33.73	104
32.61	40
33.92	72
35.64	78
33.3	113
34.96	51
34.46	113
33.81	109
33.92	116
34.93	74
32.7	121
32.73	117
34.19	70
34.42	59
33.97	104
32.76	98
34.55	98
33.02	122
34.15	140
34.31	81
34.78	127
33.62	110
34.34	80
33.8	71
33.83	80
33.47	88
32.03	235
32.97	96
31.19	126
35.69	101
32.35	126
32.53	115
34.08	121
34.57	105
35.41	75
33.13	120
35.65	95
38.08	81
33.27	121
35.25	68
32.25	122
35.15	105
33.74	121
35.15	105
35.04	82
34.01	108
32.57	106
35.05	84
35.16	112
35.12	89
33.19	113
35.23	98
36.55	76
33.05	119
32.09	116
33.08	90
34.74	120
32.44	123
32.38	114
35.19	118
34.09	166
33.91	99
32.53	110
34	108
36.16	101
33.92	121
34.62	124
32.25	122
36.27	117
35.06	102
32.42	10
34.56	124
34.01	97
36.52	74
34.55	75
35	99
35.17	94
33.78	110
32.65	94
33.05	87
34.91	62
32.14	59
32.27	102
32.53	96
33.18	105
34.15	78
34.34	90
35.12	87
34.82	100
35.63	53
36.61	55
35.39	84
35.64	175
34.38	111
33.56	99
35.63	76
34.48	106
33.78	150
33.99	92
33.38	98
34.34	102
34.18	98
33.83	77
32.51	41
34.4	65
33.61	59
31.76	61
32.56	126
33.76	56
34.23	176
34.46	72
32.47	34
32.86	109
31.83	42
31.44	96
31.99	102
32.47	110
33.1	2
34.55	78
34.26	98
33.45	99
35.07	92
35.36	46
34.64	110
34.54	53
34.26	101
34.74	68
35.21	95
34.38	66
35.55	70
37.73	78
33.69	184
36.09	84
35.34	104
36.96	84
34.64	57
35.29	101
32.2	110
31.99	92
32.67	94
32.4	109
34.72	94
33.73	144
33.52	109
31.66	14
34.76	107
32.28	93
32.64	103
34.45	68
33	53
32.46	30
32.22	78
34.62	78
32.69	102
32.79	174
32.46	30
34.95	45
36.65	112
34.2	104
36.98	76
35.3	62
34.34	93
36.1	145
34.35	38
37.26	65
35.16	47
33.82	76
35.32	102
34.75	109
34.43	106
34.98	76
34.38	149
34.53	91
36.19	101
34.96	31
33.88	110
35.73	86
34.03	63
33.28	109
33.84	107
34.02	112
34.93	144
33.25	79
34.01	106
33.5	138
33.33	106
34.24	122
36.32	101
35.56	83
34.31	54
33.05	87
33.21	176
34.97	88
35.44	100
35.93	61
35.99	45
35.2	78
33.84	99
33.94	72
34.21	45
34.6	73
32.32	98
31.36	45
33.8	63
33.58	63
34.59	184
31.52	20
33.93	111
34.63	108
33.68	92
33.46	188
33.67	178
33.8	112
32.72	95
31.88	23
32.34	55
31.73	26
34.95	165
34.3	96
35.16	101
35.52	121
35.03	102
33.5	102
33.8	103
34.94	127
34.59	110
35.35	39
31.06	10
33.58	111
34.36	112
33.26	93
33.14	109
33.44	75
32.28	108
34.04	79
33.78	111
33.74	103
36.36	42
35.08	30
35.51	147
34.14	67
33.13	6
36.21	67
34.09	103
35.98	179
36.78	89
34.55	45
33.91	112
32.73	76
32.62	111
33.76	111
34.77	110
31.94	108
33.74	101
35.89	52
32.5	77
36.01	90
33.91	75
34.3	78
34.3	78
33.07	68
32.29	112
33.61	97
31.42	94
33.83	78
32.41	112
33.33	81
37.64	60
35.78	81
33.83	109
37.03	101
37.25	74
34.96	81
34.53	55
36.64	81
36.31	76
34.38	82
35.06	52
35.01	88
34.2	131
35.13	83
34.19	92
33.22	81
35.53	98
35.17	109
33.9	91
33.73	41
34.97	51
32.35	105
34.59	72
34.01	104
34.18	87
34.57	97
33.11	85
33.61	110
34.46	49
33.62	80
33.16	111
37.96	57
37.14	92
34.82	94
35.58	101
36.76	63
34.26	109
35.45	125
35.95	46
32.4	40
32.86	91
33.51	106
32.69	106
32.44	61
32.4	37
33.83	77
34.34	49
32.92	90
33.06	101
33.25	178
35.82	72
35.57	91
34.04	195
37.68	69
37.36	103
34.63	100
34.59	104
34.6	112
35.31	106
35.76	133
33.8	94
34.15	106
34.1	54
34.38	81
33.5	109
33.06	107
34.3	111
34.95	37
34.14	93
36.29	93
34.06	93
34.96	108
35.46	47
34.64	82
33.46	45
33.5	78
33.6	94
32.82	112
33.48	194
33.8	89
34.2	111
33.26	105
33.58	102
34.61	120
33.99	100
33.2	112
33.15	111
33.76	36
33.84	44
33.5	192
34.71	59
33.86	201
35.64	131
32.9	112
32.44	112
34.2	93
33.06	111
33.75	89
36.08	91
36.86	49
35.43	98
34.98	81
36.16	71
35.97	115
34.06	94
34.92	72
36.76	44
36.65	6
33.54	111
36.75	69
34.17	100
35.2	160
35.2	134
36.05	71
36.15	92
35.81	111
35.95	146
37.5	109
36.13	91
35.73	92
36.41	95
34.32	59
35.27	85
36.62	103
37.58	87
36.47	79
35.87	81
34.96	93
33.95	30
35.36	109
33.58	109
32.23	105
33.1	104
32.43	87
33.38	102
33.26	98
33.39	111
33.29	35
34.38	118
34.93	46
33.61	68
34.41	69
35.49	127
32.71	109
33.54	73
32.28	99
35.27	101
33.95	160
32.78	99
34.87	142
33.93	45
32.24	111
32.82	91
31.73	110
33.27	68
32.68	200
31.46	82
34.54	124
33.17	110
34.64	42
34.43	101
34.25	153
32.3	112
33.53	99
33.67	109
36.02	69
34.18	45
33.75	108
35	94
37.53	35
35.01	161
35.55	112
34.67	90
36.93	102
35.32	105
35.81	103
35.75	89
36.51	98
36.35	103
31.94	67
32.13	95
32.34	58
30.88	35
30.65	50
32.76	97
30.83	28
32.34	84
36.26	59
32.3	58
34.79	83
33.57	100
32.39	108
34.78	104
33.39	100
30.26	89
31.42	110
31.79	27
32.72	108
34.38	75
32.77	91
31.49	69
33.95	68
33.4	104
34.94	92
34.33	84
33.9	64
31.67	108
32.42	42
31.88	112
36.42	111
34.73	192
34.8	35
35.81	186
37.04	75
35.16	34
36.3	34
36.92	102
35.06	94
36.58	116
33.01	9
32.14	112
33.53	89
32.03	99
33.49	91
33.72	143
33.88	110
34.03	86
33.48	91
33.01	100
32.96	110
33.92	183
33.65	180
34.47	171
33.25	105
32.27	28
33.9	10
36.77	81
34.91	66
33.33	42
33.69	86
34.76	110
34.56	140
33.36	101
33.7	101
34.15	98
33.79	101
34.67	74
33.95	112
34.01	103
35.92	51
35.47	109
35.25	97
34.83	99
35.98	111
33.39	107
35.36	120
34.78	94
33.84	110
33.26	22
30.47	110
32	82
32.81	109
32.03	41
31.96	107
32.46	20
33.62	80
34.11	89
33.88	76
33.65	59
32.65	85
33.12	155
33.77	47
33.79	103
33.78	56
33.27	108
35.42	129
34.43	101
35.25	174
33.78	93
35.4	112
35.43	96
35.4	38
36.37	166
35.98	104
35.91	83
36.06	141
36.34	75
37.07	50
36.4	77
33.93	108
33.69	106
35.05	88
34.81	67
34.77	83
34.58	85
32.97	81
35.54	47
35.21	32
33.21	101
33.06	111
32.81	87
33.81	165
35.71	112
33.71	94
34.44	75
33.16	109
30.66	7
32.92	166
33.84	113
33.57	103
35.91	87
34.26	106
35.29	93
34.02	88
33.66	105
33.75	103
36.06	112
31.53	104
34.63	28
35.71	77
32.42	0
33.95	112
35.59	53
35	82
36.32	99
34.78	95
34.34	76
35.57	59
34.5	3
34.59	62
34.58	100
36.47	32
35.64	146
35.55	147
34.48	151
35.52	116
33.04	92
35.51	51
36.09	94
36.36	40
36.94	73
37.23	95
35.75	151
34.79	102
35.31	104
34.03	72
35.62	108
36.24	160
35.35	125
33.23	40
34.64	82
33.74	101
33.17	111
34	103
34.67	88
32.19	112
32.3	45
33.98	51
33.63	104
32.11	109
34.68	37
33.67	104
34.72	112
35.38	68
35.95	93
34.42	190
36.61	64
35.98	83
33.8	107
36.32	106
34.6	104
34.44	112
34.01	106
35.57	108
34.61	108
34.59	51
35	102
34.03	183
36.24	41
33	112
34.09	92
35.17	185
34.9	81
33.21	110
33.94	106
33.8	108
34.63	104
33.63	104
34.09	105
34.58	52
32.25	36
33.86	99
32.5	111
34.87	39
32.98	109
32.74	105
32.88	78
32.52	107
33.57	110
33.14	38
33.76	93
33.77	43
36.58	81
34.18	93
33.64	109
34.9	88
34.05	101
35.03	84
34.35	83
31.57	109
32.63	90
33.88	198
33.86	106
33.88	151
32.78	39
32.88	102
33.45	97
31.93	112
34.28	147
36.1	106
34.94	52
36.57	110
34.95	73
35.11	109
35.15	79
35.19	172
33.9	103
34.98	106
34.82	94
33.32	52
33.95	107
30.7	105
35.05	87
34.37	66
34.03	99
32.96	99
34.13	51
34.89	39
32.15	3
33.92	111
34.01	105
32.13	95
32.59	63
34.38	108
31.02	14
32.71	78
33.75	184
35.04	54
33.27	109
33.55	111
34.31	90
32.61	38
33.35	95
35.33	46
32.43	105
34.54	82
34.73	95
32.8	30
32.59	101
35.32	87
34.13	94
34.1	98
34.05	57
33.18	91
34.5	82
34.72	70
34.02	72
35.78	88
32.97	17
33.24	111
33.54	90
33.53	90
32.54	110
34.17	85
33.23	112
33.5	197
35.65	45
34.27	49
31.69	45
34.34	99
35.3	79
34.54	67
34.67	85
33.05	20
32.71	92
35.04	90
37.41	55
34.34	57
35.26	93
35.46	141
34.99	80
33.21	108
33.13	108
35.08	62
34.48	59
33.49	112
34.68	109
36.39	96
33.66	58
33.5	197
32.31	0
33.34	112
33.49	194
34.26	111
34.41	65
34.76	107
32.62	112
33.86	105
34.28	97
32.27	104
31.79	112
32.67	97
32.82	104
33.83	168
32.83	111
33.08	80
33.89	107
33.25	112
31.9	107
32.25	103
33.77	123
32.75	71
33.45	96
34.14	102
33.62	161
33.17	170
32.98	111
30.54	10
32	90
32.2	111
36.13	81
34.71	100
36.32	80
34.17	87
35.01	102
34.41	46
33.71	98
33.9	95
33.53	111
31.72	109
34.03	42
33.47	82
34.58	29
34.82	91
33.68	95
34.02	142
33.19	92
31.79	101
33.48	137
34.11	81
34	98
34.9	106
35.08	46
35.42	194
35.12	78
35.07	111
33.95	110
35.61	83
35.5	109
32.99	5
34.38	91
35.4	85
33.22	26
34.92	42
35.14	74
36.13	71
33.21	82
33.59	82
34.12	106
33.47	102
31.93	77
31.67	191
31.98	105
32.75	65
32.97	132
34.36	73
33.8	151
31.86	71
31.68	107
35.08	120
33.73	101
32.67	111
32.26	112
34.78	101
33.21	94
36.8	86
31.88	105
35.15	102
33.09	105
34.01	111
32.86	86
34.18	65
34.24	195
35.59	69
35.33	94
34.19	83
35.21	78
34.23	199
34.31	54
34.17	138
32.14	63
34.92	79
30.45	15
34.88	111
33.91	86
33.63	101
34.08	173
32.16	51
32.08	90
32.2	92
35.09	99
33.78	111
32.05	105
32.84	107
33.28	109
34.47	93
34.28	92
34.23	97
32.21	74
35.5	75
35.44	69
34.34	108
35.57	91
35.7	148
32.06	18
34.46	86
34.87	106
35.36	98
34.87	67
35.62	88
34.19	111
35.07	104
34.95	104
34.67	105
34.24	90
36.02	83
33.63	96
34.94	48
35.32	60
33.25	89
34.93	68
34.53	80
34.81	116
32.47	109
35.06	105
34.93	127
33.49	68
34.47	91
33.75	95
34.44	77
33.87	35
33.7	104
34.48	61
35.91	111
32.62	95
33.86	61
33.62	65
33.48	108
33.58	48
34.47	22
36.03	109
33.23	69
33.25	103
34.32	108
33.12	111
35.12	94
34.75	79
34.92	97
32.68	109
35.96	104
33.73	123
30.4	0
34.76	109
33.29	30
33.06	111
33.99	89
36.16	91
36.22	49
31.83	70
35.8	90
33.26	105
35.32	109
35.28	48
35.94	139
32.41	78
34.43	198
34.97	123
33.86	106
34.23	104
33.84	89
33.58	21
34.74	104
33.97	84
35.15	62
35.74	24
34.17	110
35.47	118
34.7	72
33.92	38
34.09	96
34.97	112
34.51	101
33.88	93
35.33	98
33.87	61
35.1	54
33.59	109
34.82	106
34.25	111
35.71	52
33.57	112
34.17	100
33.82	61
33.25	103
34.12	72
34.29	156
34.67	99
35.05	105
32.71	88
34.55	59
33.8	69
33.3	112
33.43	108
34.05	111
34.67	80
33.82	72
32.77	62
34.43	107
32.83	95
34.5	89
36.92	40
34.5	126
34.46	105
33.63	24
35.04	72
34.63	71
34.86	43
35.45	106
34.36	38
34.49	65
36.98	77
36.53	101
35.82	85
34.52	186
36.32	77
33.6	18
35.3	110
36.51	58
37.5	56
32.29	17
35.21	63
32.18	29
32.62	188
33.24	96
34.26	73
32.9	97
34.71	88
34.06	88
34.12	86
34.04	67
34.75	200
32.65	90
34.37	78
34.36	97
31.26	110
33.36	108
31.57	47
34.37	78
33.02	175
34.87	82
33.31	97
34.44	182
34.06	168
35.63	170
33.79	65
34.42	87
33.53	103
33.02	104
34.11	87
33.96	85
32.29	96
34.1	45
33.29	65
33.38	107
34.73	108
33.09	40
34.4	76
33.49	144
33.78	100
33.87	110
33.17	105
35.24	95
33.88	117
32.52	112
33.64	35
32.26	104
34.05	111
31.54	111
33.42	127
32.83	72
33.56	49
33.61	103
33.52	111
33.11	40
34.14	81
33.96	85
31.93	40
33.73	94
31.49	98
35.52	44
36.49	129
35.84	126
34.73	96
35.92	69
35.89	102
34.24	46
34.75	113
33.62	22
36.91	75
34.13	91
34.07	102
33.93	115
33.38	109
35.11	49
32.26	68
32.67	77
34.18	152
33.55	51
31.94	3
34.15	101
35.48	40
35.57	74
34.93	59
35.22	59
32.84	43
34.32	127
34.97	75
36.47	75
35.23	80
34.58	90
34.39	48
36.17	67
34.94	110
34.71	108
34.45	81
35.41	64
36.5	96
34.6	94
36.1	94
31.93	7
34.05	86
36.54	87
34.19	112
32.96	200
33.41	173
33.77	100
32.17	86
32.98	102
33.7	91
32.52	92
33.28	105
31.34	85
31.6	104
34.44	149
33.26	147
32.34	27
32.17	109
33.63	111
32.51	47
32.13	20
33.95	95
34.77	107
35.15	103
32.75	109
31.94	4
32.89	101
32.3	107
33.35	101
35.79	83
34.36	75
33.5	95
32.9	107
33.99	79
30.55	112
33.45	110
33.77	150
32.98	88
32.62	90
32.63	95
33.59	119
33.16	91
32.51	54
30.42	112
33.26	101
33.48	103
31.75	107
33.65	91
35.31	58
33.26	54
33.94	74
31.76	107
31.11	92
34.67	112
31.71	102
32.98	93
32.79	73
32.52	35
32.51	102
32.77	79
35.28	99
33.82	111
33.35	109
34.82	61
35.46	82
31.59	4
33.41	109
35.52	117
33.54	65
34.17	41
35	101
35.25	110
35.06	80
35.94	35
36.22	109
34.28	87
34.35	111
35.6	91
34.37	90
34.23	107
34.3	61
35.28	78
33.15	100
36.25	82
35.21	93
35.45	58
33.59	106
35.27	197
34.05	111
34.3	47
35.42	81
34.13	73
34.26	120
33.02	108
33.81	158
34.43	120
34.21	50
33.08	85
36.71	61
34.4	107
32.36	71
33.33	171
32.94	99
33.25	111
34.9	100
31.11	42
33.34	21
33.99	98
31.58	100
32.95	111
32.9	179
34.46	108
36.32	84
34.8	49
34.14	132
33.32	106
32.23	81
33.54	110
33.83	79
33.91	108
35.51	49
36.29	133
35.97	159
36.8	99
35.03	100
34.94	32
36.46	81
35.57	112
34.86	92
36.41	12
33.42	110
31.13	106
32.49	70
33.9	46
32.65	73
32	44
33.77	112
33.23	87
34.34	97
31.74	22
34.76	81
35.92	94
34.63	110
35.44	152
37.11	79
34.91	99
35.14	95
37.01	72
35.23	146
35.07	112
33.09	87
34.04	92
34.18	92
34.17	95
31.54	195
33.75	110
34.33	61
32.43	22
33.03	110
33.76	74
35.1	69
34.71	110
34.5	90
33.44	90
34.32	55
36.78	59
33.44	105
36.1	107
34.93	83
33.22	108
33.4	200
34.34	85
35.05	102
35.93	85
33.43	112
34	77
35.69	50
32.49	98
34.22	89
35.07	109
33.25	90
33.55	109
32.36	40
33.44	84
32.34	108
32.65	110
33.03	108
33.4	105
32.92	111
31.48	94
34.2	64
34.02	110
32.44	108
34.49	66
33.42	104
33.8	124
35.78	54
33.89	111
32.86	63
32.63	106
33.39	115
32.29	24
33.18	107
34.68	80
32.11	69
34.3	81
34.65	95
36.05	76
33.86	178
33.12	95
34.73	105
35.3	176
34.91	111
36.66	69
34.94	87
35.88	92
35.73	107
36.46	100
35.6	165
35.15	73
36.62	84
35.45	98
35.46	106
35.81	91
35.6	80
34.88	65
36.05	49
36.84	81
35.05	97
35.94	145
34.79	151
37.38	42
34.45	111
34.67	103
36.46	88
35.12	191
35.2	85
35.57	85
33.72	110
36.18	46
35.13	99
36.76	52
34.27	90
34.5	86
34.3	93
34.36	198
34.82	49
36.51	103
35.19	95
36.66	67
35.51	63
35	57
35.25	81
34.57	161
34.76	112
33.95	101
34.12	66
33.66	112
35.65	105
34.63	109
35.26	97
35.94	101
35.23	82
34	47
37.05	65
33.61	112
34.61	67
35.12	112
35.21	70
35.43	111
36.96	67
34.49	105
37.9	56
35.75	99
34.89	85
37.26	64
34.07	105
35.38	129
34.59	109
36.39	60
36.25	101
35.63	79
35.01	111
34.62	70
33.81	102
36.09	59
33.36	68
35.77	90
37.61	40
34.87	78
36.28	152
35.59	80
34.87	96
36.14	88
34.86	106
32.65	112
34.51	24
35.52	84
35.41	69
34.96	3
33.08	44
32.82	53
33.15	109
34.85	118
32.62	30
33.8	104
34.36	81
34.53	61
35.55	61
34.18	109
34.48	86
33.69	109
34.17	129
34.31	111
33.83	146
34.44	92
35.49	51
33.73	61
33.38	104
34.28	71
33.5	64
33.38	99
33.53	65
33.88	96
34.57	169
34.18	139
33.84	93
33.47	103
36.12	50
33.89	173
34.25	99
32.98	53
33.47	111
35.54	103
34.02	161
35.07	56
34.67	133
32.91	112
34.77	51
33.05	76
37.39	94
36.59	100
35.64	51
36.93	105
34.21	71
36.55	140
35.01	107
36.58	111
34.15	102
34.64	86
34.44	98
33.34	59
35.34	101
34.83	96
34.5	99
34.76	39
34.1	107
35.54	104
31.98	98
34.51	78
35.88	102
36.09	24
35.24	112
35.36	63
36.36	88
35.25	61
34.5	104
35.09	28
35.27	108
34.47	111
31.83	40
33.91	107
33.9	106
34.46	93
32.89	106
34.8	121
33.71	182
30.93	3
33.84	60
33.73	111
35.26	83
35.09	106
34.87	86
34.28	111
35.9	101
35.58	136
35.34	99
35.46	112
37.12	102
35.31	81
34.28	112
34.38	91
33.16	31
34	49
34.57	103
36.73	68
35.33	117
34.13	92
33.5	95
32.63	107
35.1	107
36.19	101
34.5	44
33.17	105
35.13	89
34.71	109
34.74	79
33.25	40
35.15	86
36.26	53
34.9	109
35.71	86
35.27	59
31.51	33
34.66	103
33.23	107
34.02	112
33.36	103
32.1	82
33.53	101
36.09	103
35.42	68
37	83
35.2	83
34.25	60
33.05	50
34.5	74
34.76	169
36.83	121
34.09	147
35.12	38
34.85	30
35.15	106
32.36	110
35.06	71
36.4	112
34	86
35.13	57
35.08	76
34.96	107
34.83	95
36.29	112
33.34	106
35.49	128
33.69	92
34.89	123
33.4	58
36.11	97
34.95	43
34.64	111
34.18	111
36.32	105
33.86	157
35	102
36.28	79
34.34	110
35.81	96
35.55	76
34.04	30
35.04	106
33.34	107
32.86	18
33.93	151
33.59	49
35.24	87
35.77	46
33.23	93
33.49	113
33.56	198
32.93	67
36.36	91
36.09	63
36.22	57
35.45	92
35.65	110
35.14	84
35.11	98
33.9	54
34.15	109
33.35	74
36.05	97
33.42	97
33.67	153
32.38	109
33.36	93
33.8	60
34.42	88
36.42	73
32.18	94
33.49	112
34.09	101
32.62	94
33.94	84
33.98	70
32.69	84
32.48	107
33.73	103
33.39	180
34.11	127
32.44	67
34.31	78
34.06	93
34.38	118
34.91	109
35.83	70
32.55	99
33.66	108
35.12	93
33.64	44
35.02	100
35.53	92
33.98	108
36.18	78
36.44	56
34.22	87
36.74	109
36.46	100
34.29	110
35.71	32
36.09	92
34.67	99
34.21	179
34.51	105
34.57	101
33.95	160
33.75	85
34.73	110
32.96	93
34.15	51
32.96	101
33.94	111
33.1	94
33.61	95
34.69	48
32.21	32
33.94	95
34.54	79
34.86	122
33.81	93
33.28	88
37.12	99
35.5	33
36.35	109
36.32	139
34.15	112
33.07	105
33.71	99
34.92	86
35.68	93
34.68	64
33.64	90
32.85	106
33.05	92
31.5	42
33.55	111
33.84	186
33.67	112
33.85	55
33.69	45
33.9	76
32.15	82
33.63	65
33.36	62
33.23	110
33.53	66
33.54	104
33.74	109
34.84	111
34.16	52
33.59	162
32.82	82
33.8	112
34.84	95
33.53	70
35.12	178
33.36	97
33.94	71
36.02	186
34.74	96
33.89	193
33.58	182
34.17	127
34.47	107
33.53	69
33.98	105
33.99	95
33.49	44
32.23	101
33.95	101
35.77	50
35.35	100
35.11	108
35.26	43
33.92	110
34.36	112
34.92	98
34.2	100
35.77	94
34.13	90
33.88	42
35.04	67
33.32	190
35.56	90
34.58	160
32.42	110
32.4	97
34.15	111
34.09	98
35.4	53
34.12	86
33.82	61
32.94	105
33.31	88
32.8	88
32.8	78
32.74	101
31.11	10
35.22	76
33.66	103
31.11	99
33.34	41
34.69	92
34.75	110
33.12	111
35.31	106
32.93	6
36.54	51
33.86	105
33.17	88
35.61	48
33.75	152
33.24	103
34.06	112
33.38	107
34.05	85
33.29	114
34.02	112
32.95	104
34.65	199
35.23	112
34.61	23
35.05	121
34.91	95
34	110
32.69	10
33.86	51
35.74	85
35.21	152
35.11	98
34.17	62
36.43	107
34.82	75
36	52
34.5	101
34.94	100
36.25	106
34.62	112
34.66	49
33.69	98
35.05	81
32.86	37
32.57	12
34.49	92
34.39	95
33.42	90
33.55	99
33.15	108
33.24	103
33.76	86
33.69	120
35.34	85
33.97	99
35.12	106
35.88	116
38.21	53
35.93	107
34.14	107
34.87	85
34.21	91
33.06	112
34.52	111
33.78	81
33.38	110
32.02	94
32.98	83
32.89	108
33.42	121
34.16	54
33.81	56
34.38	57
33.23	111
35.32	87
35.06	109
36.82	97
34.86	76
34.81	103
34.85	106
34.75	42
35.39	108
36.09	81
33.94	111
32.44	32
33.14	90
32.6	98
33.28	104
34.82	95
32.98	104
33.06	80
36.88	78
33.9	94
34.07	95
37.26	45
34.57	175
33.82	107
35.75	53
36.03	70
34.51	62
33.44	102
32.84	106
34.74	99
33.09	111
35.19	72
34.92	72
34.02	80
32.81	109
33.25	105
31.4	106
34.48	108
33	77
32.81	100
33.64	76
34.08	48
32.99	100
32.53	88
34.69	78
32.9	27
32.71	66
33.38	139
33.12	84
33.38	101
35.88	134
34.84	99
35.1	137
36	92
33.85	111
34.6	173
34.77	64
35.9	89
34.14	191
35.18	73
33.85	68
34.26	98
34.8	92
35.36	122
32.36	41
30.38	14
34.57	89
32.65	107
33.55	107
34.52	97
33.15	105
33.77	165
33.4	88
34.27	99
33.38	81
34.08	81
33.01	97
34.14	101
34.21	95
32.67	106
34.51	72
33.66	92
33.9	162
35.11	68
33.05	112
34.1	86
35.64	94
34.74	112
33.55	69
34.24	102
35.7	106
35.6	39
36.3	111
34.51	107
35	116
35.53	89
34.21	100
34.73	118
35.12	110
34.28	110
32.47	106
32.67	82
33.38	76
33.85	96
35.59	159
35.43	101
33.5	111
34.74	104
34.05	107
35.37	85
34.03	76
30.35	5
33.55	103
32.63	31
34.34	101
34.62	167
34.29	125
32.38	103
33.94	76
32.02	98
33.15	92
34.38	68
33	110
33.22	105
32.9	98
32.94	107
35.23	73
32.36	83
32.64	96
34.65	62
34.34	100
34.92	140
33.05	112
33.82	139
34.13	99
33.48	79
33.45	99
34.03	74
34.36	102
33.33	46
34.38	58
35.33	52
34.17	91
33.16	48
34.88	74
30.93	98
35.44	82
33.2	112
33.75	105
35.65	74
35.25	29
33.9	100
33.1	85
33.08	107
35.57	196
35.48	63
34.74	109
33.47	31
35.6	69
36.58	91
33.46	19
35.1	110
34.58	112
35.44	80
33.56	173
36.51	55
36.98	52
36.4	79
35.09	108
34.37	48
33.54	111
33.9	94
34.91	59
33.2	92
34	48
34	102
35.12	89
33.96	57
33.5	106
34.04	96
34.2	102
35.75	82
30.81	0
36.11	109
34.78	59
35.44	73
32.31	105
33.42	51
33.95	159
34.47	197
33.13	73
32.01	97
32.82	93
32.88	106
33.01	90
32.94	111
32.5	97
33.54	94
32.87	105
33.4	110
35.38	105
35.61	89
35.42	112
33.98	111
34.09	107
36.9	83
35.18	51
36.17	91
35.63	108
33.78	97
34.4	106
33.78	52
32.89	41
32.36	98
33.39	110
33.71	41
32.11	106
33.63	38
33.59	86
33.91	42
31.91	111
33.63	116
34.58	97
33.12	97
33.11	110
33.95	103
32.15	18
32.98	109
34.17	30
30.49	22
36.08	55
36.06	158
36.61	100
33.75	112
35.6	108
36.9	85
35.88	155
35.26	118
36.17	60
33.77	110
33.42	75
34.78	84
34.46	111
35.32	85
36.28	75
35.02	96
35.74	162
34.61	104
35.71	86
32.74	107
33.76	97
32.46	20
33.57	107
35.43	74
35.07	109
35.95	89
35.15	71
37.3	47
34.57	110
34.58	169
32.12	132
34.17	91
32.57	90
32.76	96
32.17	111
33.78	148
32.92	108
33.29	159
32.58	99
31.09	106
32.11	100
33.7	96
32.61	98
32.49	98
32.92	89
32.49	98
32.61	98
33.04	71
35.17	80
33.46	146
34.11	110
31.35	18
33.28	158
33.44	76
34.43	108
33.82	108
33.58	76
33.7	102
33.24	85
31.69	85
33.76	93
34.43	67
34.78	95
34.95	94
35.23	60
34.1	108
33.4	104
32.98	7
32.91	98
34.79	190
33.22	148
34.82	55
33.69	80
33.23	112
34.38	174
33.46	87
32.92	67
30.97	12
32.49	4
33.75	111
34.35	87
34.3	95
34.16	79
33.6	59
31.75	50
31.69	34
34.75	77
34.51	45
32.77	108
31.96	34
33.23	76
32.34	55
33.49	182
32.67	102
32.71	28
33.76	112
33.19	108
33.22	103
32.56	196
33.91	97
33.08	66
33.99	93
34.77	103
33.96	105
35.15	67
33.4	110
35.45	77
33.48	102
34.36	108
31.82	109
34.73	92
34.29	81
32.63	111
35.22	147
34.57	99
33.85	83
35.06	43
34.77	126
34.35	95
34.26	85
32.64	191
35.25	158
34.04	138
33.87	166
32.6	39
35.14	74
33.81	89
34.76	51
34.39	192
33.34	45
33.72	109
32.96	104
35.22	73
33.34	54
34.34	91
33.03	97
34.34	154
32.62	7
33.7	84
35.51	107
35.83	59
35.76	79
35.69	61
35.02	109
34.44	90
33.47	83
34.48	87
100	0
36.95	79
31.41	86
33.25	190
34.48	103
34.68	103
34.65	54
33.58	103
33.86	97
34.38	109
33.69	107
33	83
33.28	37
34.84	102
34.81	108
33.75	108
35.29	122
34	32
33.17	90
36.05	39
33.39	92
34.26	91
34.21	101
32.98	108
33.96	88
34.08	93
33.92	163
36.23	82
35.05	44
33.94	100
35.01	110
34.92	117
32.49	103
32.45	46
32.67	89
32.3	64
33.55	97
31.15	77
33.58	67
34.42	96
32.81	66
32.09	48
33.37	191
34.04	96
32.88	57
31.82	23
33.51	78
32.36	99
32.5	111
31.6	101
34.56	65
34.38	80
33.97	89
31.9	74
31.92	85
32.8	104
33.81	36
33.45	82
34.51	112
33.27	42
34.17	72
33.08	175
33.35	44
34.88	139
33.15	161
33.05	97
34.86	88
34.19	112
33.31	162
32.92	19
33.87	87
32.47	109
32.77	128
32.89	107
35.18	78
32.81	80
33.82	87
33.86	73
32.74	109
33.39	157
33.82	144
32.76	194
31.57	64
32.09	85
34.6	97
31.1	107
33.16	109
33.59	111
33.68	67
33.86	62
31.25	28
32.4	50
34.41	134
33.9	56
34.03	127
34.08	151
33.7	107
34.87	99
33.09	76
33.88	104
35.59	97
33.3	110
33.44	98
34.21	89
33.01	153
34.17	80
33.31	111
33.1	199
32.09	23
33.67	116
33.52	40
32.13	48
34.12	120
36.73	39
33.49	34
33.86	70
33.18	106
36.86	58
35.12	104
33.78	91
34.65	157
33.28	110
34.54	52
32.9	43
34.31	118
35.97	60
34.7	91
34.46	163
35.72	55
33.99	137
34.03	99
33.08	47
35.4	104
34.39	101
33.75	108
35.35	102
35.56	101
35.36	122
34.21	74
32.43	109
34.95	105
32.6	103
36.33	105
35.79	67
34.48	96
33.25	101
33.05	108
34.37	85
34.18	84
35.85	136
31.89	112
34.7	50
32.41	79
33.15	63
34.41	112
31.75	106
35.44	92
32.15	85
34.01	98
33.69	50
32.38	42
33.55	96
35.09	90
34.23	77
32.67	99
34.34	71
33.88	33
32.9	46
34.71	98
33.78	112
33.58	168
33.3	98
32.89	59
33.3	141
33.87	52
33.73	86
32.79	77
33.81	104
32.77	95
32.76	169
34.21	111
33.46	161
33.57	68
33.27	42
34.29	122
34.52	154
31.75	106
35.44	92
33.86	119
33.69	50
32.18	47
32.38	42
36.21	96
36.01	83
33.94	108
33.5	64
34.78	72
34.22	103
34.5	101
34.36	154
34.89	112
33.65	103
34.71	101
34.81	85
34.9	180
35.05	109
36.24	112
34.3	56
32.55	105
33.75	89
34.4	107
34.17	59
36.07	92
35.96	56
35.95	108
35.52	63
35.97	60
37.21	57
35.77	54
35.34	112
36.71	79
36.59	66
34.98	101
34.92	183
36.87	88
35.23	69
34.29	89
36.49	70
35.92	63
35.44	109
35.16	104
36.01	57
32.68	82
33.02	104
31.76	43
31.98	97
34	82
34.67	98
31.46	25
33.51	188
33.68	97
32.14	96
33.06	195
34.68	95
33.78	82
32.95	98
33.66	104
35.73	103
33.78	92
34.86	70
34.11	36
33.27	112
35.58	104
33.4	86
33.69	110
33.96	104
32	82
35.08	84
34.26	95
35.65	56
32.97	39
34.45	103
35.85	76
34.4	94
35.04	105
35.21	102
33.86	90
35.35	80
37.03	58
33.96	111
33.34	95
33.71	76
33.29	104
32.59	103
34.91	90
34.33	83
33.74	112
32.62	91
33.44	30
31.65	107
34.37	183
33.84	91
33.73	25
34.78	31
35.06	114
33.32	19
35.2	129
35.33	86
33.65	108
35.58	133
34.11	85
36.57	102
33.92	90
35.01	102
34.79	34
35.03	122
34.38	111
34.45	81
35.09	73
35.75	158
34.71	106
33.63	95
36	93
34.59	102
33.47	109
35.12	120
33.14	100
36.8	112
34.98	88
34.89	155
35.08	108
35.83	116
34.92	99
33.24	112
36.35	64
34.64	160
35.94	94
35.51	64
34.88	97
34.87	38
34.99	167
34.46	82
36.99	54
34.99	108
34.89	99
36.14	168
36.42	94
34.86	111
36.51	83
33.72	104
35.61	154
32.96	98
34.41	107
34.1	76
34.92	144
33.51	182
35.47	101
33.03	96
34.69	187
33.35	156
34.76	83
34.68	83
35.31	93
34.55	101
35.07	104
36.48	80
34.07	25
36.21	105
35.66	134
34.83	108
35.88	92
32.02	102
33.19	87
33.81	66
34.86	98
32.61	110
34.45	103
35.19	96
34.46	102
34.04	90
33.23	82
36.57	138
34.65	100
35.95	100
34.13	43
34.44	105
35.64	41
35.26	36
36.15	100
34.19	173
35.34	96
33.47	92
34.53	162
34.42	76
33.26	34
33.46	111
33	42
33.16	102
33.65	105
34.17	147
33.97	126
35.05	144
34.29	96
35.87	74
34.74	12
35.21	145
33.24	201
35.75	64
33.93	105
35.45	100
37.41	77
33.72	111
32.36	110
31.19	94
32.24	110
35.03	86
34.85	87
33.82	102
35.94	91
36.09	49
32.48	106
35.09	88
34.67	89
36.01	154
34.64	44
36.65	87
35.92	112
33.85	104
35.76	104
35.59	98
33.69	110
31.8	107
33.6	91
33.3	103
33.64	109
35.21	78
34.05	102
34.58	193
34.81	70
33.34	107
33.19	98
36.49	47
33.28	107
34.67	55
34.29	62
35.98	73
36.41	87
35.01	69
33.82	108
35.52	91
35.91	104
33.11	125
34.48	54
35	68
35.44	63
33.98	165
35.15	87
34.3	98
33.84	42
34.97	73
35.38	87
32.46	110
33.17	104
33.82	108
32.64	70
33.28	31
33.49	107
33.7	111
33.51	101
33.28	112
31.48	8
35.26	74
35.07	72
35.05	84
34.52	112
33.09	89
34.44	107
35.96	55
35.98	77
32.87	106
35	167
34.56	171
34.53	88
34.09	98
33.96	97
33.76	24
33.37	99
36.16	57
35.35	72
33.57	109
33.11	111
34.86	56
32.07	104
32.15	108
34.8	105
32.88	50
33.49	184
33.95	93
32.42	85
32.65	75
34	201
33.98	112
33.73	104
32.54	47
33.53	93
33.8	166
34.57	55
34.5	106
34.88	70
33.59	75
35.51	84
33.73	97
34.05	110
36.18	81
34.08	89
35.67	105
36.54	82
35.3	75
35.88	78
37.04	65
34.12	101
36.11	86
35.09	84
34.22	71
32.89	52
35.35	156
35.9	83
32.92	104
33.44	15
33.4	106
32.87	111
33	105
33.5	101
33	112
32.72	159
34.5	69
31.59	109
32.91	82
33.93	86
31.27	108
31.24	73
32.87	111
33.64	86
32.76	112
33	95
33.81	170
32.68	159
33.01	79
33	112
31.71	46
34.26	143
34.84	82
32.31	33
35.23	24
34.95	110
34.62	96
33.13	93
33.5	50
33.83	106
33.94	112
32.59	95
32.15	10
34.54	65
33.93	73
35.09	63
34.4	58
33.65	197
32.04	107
32.24	41
34.23	72
34.1	106
33.75	50
34.94	150
33.36	52
34.94	65
31.59	22
34.03	106
34.24	75
34.12	77
34.26	85
32.3	174
34.85	143
32.29	179
34.59	95
32.92	49
32.88	175
34.57	91
32.44	41
33.98	144
35.09	111
33.81	110
34.17	173
31.71	62
33.92	62
32.9	104
33.94	105
33.82	76
33.48	73
34.73	82
34.37	163
33.92	106
32.94	103
33.15	103
33.8	87
32.53	60
34.05	97
33.4	93
34.15	94
31.08	2
34.33	99
32.48	102
34.99	127
32.99	191
33.19	109
33.57	68
33.44	91
33.41	88
33.17	161
33.79	112
32.22	102
32.53	83
34.24	91
30.72	0
32.39	89
32.31	48
35.06	70
34.17	106
32.44	93
32.64	105
30.27	1
35.32	107
34.57	56
34.59	162
35.17	51
34.21	72
35.74	37
33.85	89
33.55	109
33.4	99
33.92	52
35.11	70
35.4	73
35.11	89
34.69	59
35.44	104
35.21	101
34.77	106
34.82	88
34.51	104
33.48	38
34.54	175
32.17	8
32.09	100
34.55	61
33.9	110
33.82	91
32.93	135
32.65	101
32.55	110
34.49	101
32.38	129
32.21	65
34.57	88
34.42	100
32.25	112
32.22	56
32.15	80
33.75	105
32.77	69
32.77	60
34	164
32.68	186
30.7	16
34.59	175
33.63	98
32.15	108
32.21	102
33.16	57
32.67	56
33.9	134
31.81	13
32.63	98
33.41	42
34.51	112
34.09	181
32.01	85
33.32	91
33.45	121
32.08	47
34.54	67
33.58	89
33.87	43
33.46	102
34.12	111
35.14	95
34.53	104
33.48	78
35.09	90
34.38	92
33.91	78
33.15	110
36.86	84
36.55	77
33.58	101
34.94	132
35.07	176
36.31	56
34.68	181
35.5	71
34.6	109
34.32	127
33.8	97
34.41	73
34.86	86
35.34	45
34.55	103
33.42	56
37.8	103
33.53	54
33.37	43
36.08	82
34.74	53
34.48	52
35.77	84
35.11	191
35.69	106
36.07	86
35.34	106
36	58
33	109
33.02	59
32.51	49
32.12	110
34.37	85
31.95	66
30.31	7
32.84	54
33.41	173
33.06	107
32.97	39
32.78	90
33.88	85
34.75	112
33.42	172
34.28	95
34.05	134
33.87	108
32.11	104
34.01	159
33.06	110
34.03	107
34.42	111
33.88	51
34.5	60
34.02	104
32.86	14
35.6	54
33.09	71
33.97	99
32.34	32
32.26	111
33.11	45
33.69	108
32.28	88
34.18	184
31.1	162
32.23	97
34.48	115
32.82	111
35.36	71
33.38	82
33	186
32.09	104
33.15	132
35.5	110
32.85	86
34.05	86
33.62	39
33.21	51
37.07	73
34.55	156
35.64	96
34.57	110
36.05	91
34.76	200
35.74	50
33.67	23
34.34	108
34.57	102
34.05	106
34.23	77
34.5	85
33.18	111
32.92	103
33.21	110
34.26	104
33.34	57
32.99	100
33.44	103
34.33	68
34.62	103
33.99	93
35.84	109
34.48	47
33.73	62
32.77	109
35.7	113
34.47	104
34.52	113
33.09	97
34.79	106
32.89	193
34.09	93
33.79	99
33.57	89
33.73	67
32.16	112
34.33	106
35.46	101
33.94	113
32.98	68
35	84
33.98	109
33.95	103
34.99	176
32.76	64
33.83	109
33.47	160
33.14	104
32.34	90
33.6	102
35.55	60
32.66	48
33.42	107
33.69	99
33.56	50
34.9	88
33.9	104
33.94	105
34.03	142
32.66	107
31.63	73
33.79	97
33.12	50
33.94	69
33.44	188
34.71	50
30.34	23
34.21	112
32.71	201
32.75	111
30.86	33
32.67	108
31.3	79
33.42	58
34.56	108
32.62	97
32.4	169
33.59	96
36.07	106
35.91	98
35.79	74
36.57	62
33.62	101
34.92	67
36.06	158
35.59	121
35.23	164
33.99	103
32.57	101
33.15	196
33.58	182
32.65	131
33.26	173
33.74	40
33.37	102
33.38	138
35.27	69
34.93	94
36.42	55
34.69	97
35.51	81
34.76	115
35.65	66
34.43	102
33.96	99
34.96	88
35.13	41
35.63	64
35.41	89
34.73	110
34.51	96
34.64	71
34.62	106
36.28	70
35.16	109
36.01	87
33.95	180
34.47	47
32.75	24
34.05	190
34.54	100
33.12	92
31.87	107
34.54	100
31.85	100
33.53	60
35.35	101
32.57	66
32.58	91
32.6	31
32.81	112
34.06	110
33.93	96
35.18	75
35.23	155
34.63	104
34.09	42
32.27	104
33.09	108
34.59	61
35.01	90
34.63	99
36.39	87
34.59	111
36	95
35.94	87
34.77	167
33.68	105
32.78	106
34.53	83
34.21	110
34.87	98
33.75	111
33.7	84
35.71	40
34.42	49
34.59	49
32.97	20
33.14	76
33.64	88
32.91	67
34.62	67
33.25	24
32.95	192
33.76	152
34.07	88
33.44	87
32.77	110
34.23	103
35.1	21
33.95	107
32.21	107
33.24	111
34.47	95
34.84	111
33.98	59
33.19	19
33.91	95
33.58	112
31.97	40
33.24	111
33.63	170
33.1	104
31.17	99
34.85	65
31.65	13
35.78	97
32.18	109
37.01	77
35.83	97
33.13	7
36.2	113
33	35
34.37	39
35.84	97
35.8	82
36.25	95
35.97	92
35.72	97
32.95	106
31.61	94
32.4	101
35.52	99
34.17	97
34.22	60
34.72	90
32.14	32
34.36	69
35.03	93
34.18	97
35.59	60
33	35
34.8	64
34.05	99
34.86	89
35.27	61
33.77	93
35.46	97
32.88	78
33.61	88
35.64	97
33.6	155
32.67	82
32.88	106
34.64	88
34.16	104
35.03	105
34.85	98
34.57	163
36.06	84
34.69	67
34.44	185
33.87	95
33.48	65
34.7	90
35.57	125
34.09	102
30.98	11
35.15	107
36.11	97
30.84	5
33.15	103
34.94	59
33.13	105
35.45	83
35.11	140
34.21	74
34.24	10
34.93	54
37.75	48
34.12	95
35.03	101
35.05	104
34.54	44
34.01	107
37.06	65
33.32	108
34.83	104
34.13	178
34.3	104
34.28	130
32.77	140
34.04	97
32.3	107
32.71	26
32.76	92
33.58	103
33.73	111
33.44	16
34.94	60
35.79	80
33.91	99
33.2	105
33.69	83
36.98	62
33.05	53
35.44	66
32.04	3
34.25	103
35.41	91
32.88	106
33.78	112
34.04	90
34.15	8
31.9	111
34.92	84
33.33	23
33.62	95
34.19	107
37.2	89
34.29	192
33.88	108
34.73	71
36.41	63
34.51	61
34.95	92
32.95	110
34.97	57
31.23	9
33.5	111
33.07	125
34.88	56
33.36	109
33.86	88
34.35	96
33.97	140
34.78	103
33.28	103
36.05	99
34.87	58
34.34	88
33.56	97
34.44	90
34.59	171
34.93	138
34.66	103
34.33	106
34.72	82
36.69	91
35.86	103
33.7	108
33.11	104
33.73	73
35.25	118
35.99	147
34.07	100
34.32	15
34.86	15
34.6	100
34.41	38
34.42	105
33.92	110
35.41	69
36.05	111
35.79	90
35.23	102
34.62	73
33.77	97
36.29	61
33.61	167
33.06	111
33.69	67
35.11	106
33.94	110
35.11	106
33.08	75
35.79	84
32.7	107
34.39	111
33.12	103
32.32	84
33.49	81
32.38	48
33.56	133
31.89	91
35.59	87
33.79	102
32.83	52
34.77	101
34.21	110
33.63	70
35.55	77
34.14	90
33.3	85
34.64	134
33.52	69
35.71	91
33.51	107
33.07	107
34.51	82
33.68	159
33.63	176
33.4	105
34.74	50
34.19	111
33.45	79
34.18	85
32.96	89
32.06	99
34.81	91
33.28	88
33.77	142
33.52	106
35.22	103
34.39	83
31.58	33
31.06	104
34.71	43
33.02	40
34.43	108
34.13	98
34.54	89
33.46	188
33.22	191
33.54	51
35.59	33
34.81	107
34.57	124
36.02	55
32.06	110
36.65	96
34.92	162
34.03	99
36.12	51
35.26	58
35.95	67
32.99	30
33.9	103
35.01	112
32.57	104
32.64	76
33.55	49
33.84	34
34.54	71
33.33	193
32.78	101
31.85	97
33.3	103
32.42	86
31.84	88
33.55	81
32.23	103
33.57	95
33.72	96
32.83	91
33.53	138
31.72	111
33.95	90
34.78	94
32.74	197
34.33	133
32.74	140
33.07	99
32.71	104
34.69	77
32.76	168
33.45	89
34.1	111
33.42	59
34.21	76
32.83	74
34.17	93
33.04	179
34.14	187
32.85	102
33.32	87
32.11	106
33.94	175
34.35	107
35.07	73
36.21	102
35.48	171
34.84	102
35.01	103
34.89	44
36.56	97
34.18	111
34.6	47
35.04	84
34.63	111
34.64	35
34.55	69
34.41	160
35.4	92
34.59	90
35.44	92
34.42	100
34.94	76
33.49	119
33.13	66
31.58	95
32.83	107
32.69	78
32.68	41
33.17	102
32.36	96
34.76	72
32.85	107
34.78	98
35.71	104
34.8	38
36.09	96
34.67	104
35.59	99
34.55	83
36.37	80
35.67	116
34.98	87
31.93	109
32.58	105
32.48	92
33.65	50
34.08	108
33.36	82
33.43	81
33.59	118
32.84	102
31.48	27
34.19	98
32.56	110
33.82	198
35.03	72
34.74	72
34.6	93
33.18	102
32.5	130
33.98	175
32.95	104
31.94	105
32.13	69
33.25	73
33.68	110
32.9	91
33.87	111
35.81	106
30.3	7
32.52	65
32.54	84
31.98	103
33.37	38
33.68	177
32.93	94
34.11	112
32.4	106
33.7	83
33.93	108
35.78	84
34.88	41
34.73	96
35.8	74
34.67	88
34.52	125
34.69	103
36.15	68
33.86	96
35.79	75
33.67	112
33.96	107
35.03	103
33.94	110
33.69	50
34.5	154
35.23	159
34.7	49
36.29	96
34.72	81
34.58	72
35.11	81
34.16	80
33.73	85
34.44	78
34.69	94
33.23	95
34.32	58
34.38	96
34.98	88
34.8	68
35.49	84
31.89	107
32.82	89
35.15	52
34.32	103
33.25	80
33.03	38
34.41	112
31.84	106
32.82	96
32.65	90
34.05	106
33.32	78
33.86	52
33.98	99
33.57	174
33.97	38
34.6	96
33.36	56
34.05	82
33.78	108
35.52	89
32.12	108
33.14	43
32.45	91
31.8	82
33.54	105
33.08	112
33.4	160
33.35	76
33.01	111
34.92	104
33.32	93
33.72	44
34.23	61
33.81	102
33.15	85
33.55	175
34.66	53
32.81	50
33.56	60
32.91	80
33.11	101
35.64	52
33.73	93
34.6	98
33.24	98
33.47	143
32.75	101
31.56	98
31.91	86
33.96	149
33.71	105
34.28	104
35.53	39
35.17	92
35.56	45
36.07	47
35.86	33
34.86	73
33.19	112
32.93	98
30.73	106
32.87	53
31.51	107
32.98	111
34.52	79
34.36	110
33.48	111
33.06	35
33.55	110
32.82	169
31.98	94
32.37	42
32.48	124
32.41	67
33.93	175
31.41	103
32.75	111
34.83	109
34.85	90
33.31	102
32.63	108
33.96	92
31.45	103
34.52	86
31.98	103
33.23	52
33.65	78
33.26	91
34.22	76
31.62	107
32.28	64
34.1	137
34.13	100
33.34	150
33.2	168
33.63	111
33.15	152
33.48	108
32.77	92
34.65	101
34.46	80
35.9	59
35.69	94
34.84	163
34.65	110
35.12	105
34.92	112
34.61	107
35	58
36.74	81
34.92	103
35.63	110
35.31	104
36.08	182
34.78	200
34.02	85
35.11	200
34.82	112
34.71	107
33.19	89
33.58	57
31.96	111
33.81	94
34.89	86
33.43	100
33.79	111
33.67	101
33.01	73
31.49	13
33.43	148
33.44	109
32.11	104
33.32	111
33.07	94
33.65	108
33.82	84
32.81	105
33.77	163
33.79	84
35.29	111
35.62	32
35	34
33.82	107
34.98	111
34.46	102
34	32
34.04	105
35.3	108
35.48	43
31.73	112
34.26	76
33.22	194
33.82	82
33.57	101
33.88	109
34.06	77
33.41	88
33.43	87
34.03	81
33.7	94
33.11	98
32.26	9
33.46	41
33.08	95
36.58	60
33	34
34.1	110
33.23	167
33.82	104
35.68	89
34.36	73
32.9	99
34.51	112
34.57	62
35.7	79
34	108
34.32	45
34.4	86
34.51	86
33.73	56
32.65	51
35.11	116
34.36	111
32.71	68
33.55	104
34.65	84
31.81	97
34.57	79
31.82	20
33.31	109
34.08	70
35.68	72
34.46	143
33.39	196
33.12	169
35.15	73
33.2	26
34.61	60
34.98	105
33.24	25
34.19	41
34.71	78
32.52	112
34.55	104
34.98	138
33.72	108
34.3	54
34.26	56
34.14	99
33.43	72
35.12	81
32.38	111
33.16	174
30.99	50
33.26	103
33.78	45
32.35	102
32.84	93
33.18	170
33.45	91
33.96	86
33.68	126
35.18	64
35.37	138
32.84	77
33.72	100
33.76	94
33.13	28
35.34	69
32.25	51
33.41	108
32.88	196
31.02	111
32.22	103
32.25	90
33.88	95
33.9	109
33.92	173
35.84	89
33.24	94
32.99	121
33.91	112
33.92	64
33.02	223
32.76	125
33.9	124
34.8	67
33.23	77
34.09	62
33.92	92
33.19	125
33.19	125
32.29	124
32.22	125
34.2	116
34.07	67
32.21	122
32.17	118
33.65	53
33.31	126
35.76	102
33.05	64
32.21	122
31.16	126
32.51	124
31.3	119
33.28	126
35.4	115
34.92	92
32.08	126
34.24	98
33.15	125
32.76	119
33.53	117
32.64	117
32.43	117
32.85	125
32.54	107
33.62	114
32.08	124
33.38	111
32.32	121
32.83	108
32.53	124
32.67	121
32.77	98
35.11	71
33.42	93
31.89	122
31.89	122
31.89	122
33.5	124
32.55	100
33.6	97
34.97	85
32.32	121
31.9	114
33.19	125
33.26	108
32.88	117
32.83	121
32.46	115
32.83	121
33.21	123
32.67	122
34.3	101
34.3	101
33.54	119
33.97	119
32.93	112
34.5	112
31.76	125
33.92	123
33.97	125
32.28	151
32.15	88
34.16	86
32.42	123
33.7	113
33.35	117
33.78	78
33.35	117
32.88	114
31.42	121
34.06	94
34	126
33.05	88
33.05	88
33.46	88
34.04	124
34.39	118
34.05	125
34.77	106
32.46	122
34.48	101
33.89	113
35.13	92
35.94	58
34.83	78
35.76	115
34.95	27
34.73	110
34.16	114
34.88	60
33.7	175
32.12	122
35.84	96
32.86	114
34.51	92
35.1	64
34.02	113
34.01	19
35.75	37
34.45	113
35.23	104
32.45	112
33.75	87
34.99	103
33.74	223
33.93	102
33.36	121
32.09	120
33.12	119
34.6	82
33.05	116
33.86	104
35.07	82
34.04	244
33.67	110
35.59	116
34.16	126
34.76	114
33.88	111
34.63	109
34.38	50
32.2	122
34.35	170
32.59	126
35.57	91
33.35	125
32.08	102
33.44	121
31.31	111
32.75	126
33.52	120
32.72	100
32.68	55
32.41	246
34.49	90
34	89
32.11	110
32.52	126
34.74	110
32.55	125
33.38	65
31.96	123
34.41	96
32.28	94
32.48	104
33.45	105
34.03	240
35.69	50
34.74	83
34.05	98
33.08	124
34.17	105
33.52	164
33.35	123
33.93	123
32.18	125
33.9	105
32.9	87
34.44	125
31.97	120
34.66	101
32.87	108
33.28	180
33.36	111
34.07	109
32.58	126
32.71	126
32.3	119
35.45	82
34.02	121
32.76	105
33.04	123
34.76	121
35.98	81
32.86	121
33.45	124
35.73	99
32.46	120
33.01	126
33.79	98
34.59	119
35.16	106
33.34	87
33.73	126
34.29	121
32.15	124
33.72	179
33.84	179
33.83	179
31.88	125
33.22	96
33.22	96
33.71	184
32.37	122
33.54	95
32.88	116
32.53	116
32.86	116
32.74	116
35.04	102
33.18	111
33.32	112
34.44	71
33	125
34.53	80
32.71	105
34.54	69
31.82	120
33.49	217
32.53	94
32.93	126
34.4	102
34.36	78
33.63	108
32	114
34.01	87
33.11	122
32.3	113
32.77	120
33.67	95
32.01	119
34.47	29
33.2	123
33.96	199
33.74	117
33.82	110
32.25	95
35.88	46
34.14	198
32.37	122
32.37	122
33.7	102
33.36	123
32.65	121
34.41	94
35.07	108
34.15	91
34.47	105
34.19	111
35.85	87
33.71	208
34.24	105
31.81	124
33.67	91
33.32	126
33.91	117
33.37	121
33.74	115
32.45	104
34.39	76
32.66	122
33.24	125
33.27	108
33	115
34.48	121
