sim	len_diff
33.62	250
34.07	449
33.34	251
34.78	152
33.75	251
34.2	228
32.87	218
34.9	153
34.3	241
33.96	222
33.85	226
34.31	169
33.06	252
34.41	222
35.48	158
35.4	175
34.97	232
35.23	257
33.25	255
33.27	211
34.46	239
34.76	157
32.48	257
35.4	158
34.68	203
34.56	236
34.1	434
33.27	248
34.69	223
33.56	126
33.58	172
35.14	180
34.34	471
32.64	251
34.73	170
34.13	128
34.13	212
34.13	210
34.13	210
35.33	149
33.77	236
33.72	236
32.62	221
35.93	153
34.79	182
34.79	182
33.4	256
32.87	242
32.79	253
32.92	226
32.98	249
33.68	198
33.68	198
33.13	207
31.84	254
35.11	193
32.72	258
32.41	68
32.19	232
34.71	190
33.43	213
33.3	247
34.79	182
35.58	252
33.01	218
35.1	162
34.17	254
34.17	254
34.17	254
32.7	203
32.33	250
33.93	244
32.88	258
33	238
33.36	255
35.14	114
33.7	246
34.85	211
34.43	239
33.84	257
33.01	240
35.15	204
34.36	225
34.57	219
31.78	214
34.38	257
34.53	206
34.18	69
33.92	141
34.36	172
35.81	176
34.28	203
36.22	156
34.22	187
33.08	220
34.08	178
33.94	252
33.34	254
34	159
34.77	152
33.54	257
34.6	236
34.1	246
32.35	258
35.33	220
35.33	220
33.49	251
35.09	164
36.32	195
32.87	253
33.2	229
34.96	232
34.7	185
34.83	187
32.83	222
33.37	246
33.84	210
33.59	232
33.93	203
34.58	387
35.21	217
34.56	205
34.5	109
33.65	258
34.55	158
33.01	218
34.46	410
34.25	234
34.03	214
34.43	231
33.18	248
35.72	218
32.6	248
33.14	166
32.8	237
34.52	200
33.41	216
33.94	231
32.88	225
34.29	168
33.53	230
33.62	147
33.69	233
32.62	251
32.78	257
33.81	256
32.95	238
33.69	212
32.8	257
34.08	221
33.52	224
34.17	227
32.64	255
33.97	273
35.53	210
32.44	249
33.64	128
34.28	228
34.14	251
34.7	215
34.35	486
33.32	247
31.97	251
33.66	220
33.02	256
33.45	256
33.17	242
34.26	187
34.61	185
34.79	166
33.86	233
34.53	207
35.39	221
32.66	254
32.81	257
33.72	229
33.45	247
32.94	230
33.98	248
32.77	257
31.86	257
33.04	231
34.59	165
34.61	227
35.6	213
34.43	151
34.26	223
35.51	152
32.95	245
32.85	214
35	106
34.15	214
35.19	167
34.17	257
34.59	220
33.75	227
33.51	225
35.68	129
34.97	227
34.88	237
34.6	205
33.7	227
34.84	95
34.9	225
34.27	253
33.02	257
32.83	258
35.2	165
33.46	253
33.92	60
34.11	223
33.36	221
35.49	197
33.37	207
31.86	257
34.02	239
33.05	233
32.55	224
35.97	201
33.75	224
32.63	231
33.13	197
34.24	227
32.98	252
33.32	156
32.68	232
33.56	225
33.71	248
33.17	240
34.04	149
32.67	242
34.72	241
32.14	242
32.04	244
34.04	218
32.18	236
32.14	253
32.46	239
33.51	170
32.87	250
33.83	238
34.75	219
32.41	239
34.66	347
34.39	222
33.99	246
33.48	251
34.74	232
33.7	186
33.53	211
32.71	236
32.69	248
33.71	224
34.52	213
34.17	214
33.55	217
33.18	218
34.33	135
33.31	254
33.6	233
36.02	137
32.88	249
34.75	219
32.7	203
33.36	256
33.14	175
32.86	251
32.8	236
34.53	164
32.18	253
35.37	146
32.91	232
34.42	237
34.89	195
33.81	226
32.92	247
34.42	235
33.07	213
33.53	222
32.69	252
34.68	240
32.94	252
32.81	247
33.08	255
34.25	234
36.06	146
34.62	197
34.39	222
35.58	181
34.41	239
34.33	230
35.11	188
34.76	234
35.37	165
34.46	225
34.28	233
34.99	132
35.32	229
34.82	220
33.92	243
34.14	255
34.07	215
34.58	197
32.97	255
34.31	211
34.81	220
34.92	181
34.23	224
35.22	228
34.03	246
33.78	229
33.39	99
36.09	210
32.92	232
33.37	197
33.4	253
34.5	233
34.09	231
35.77	113
34.37	255
33.51	91
34.1	211
33.91	242
33.53	253
35.35	218
34.18	206
33.74	190
33.26	258
34.54	253
33.38	244
33.26	258
32.73	205
34.88	175
33.35	258
34.32	238
34.37	229
33.41	201
31.79	253
35.35	219
33.8	493
34.42	247
33.93	219
33.56	251
35.21	218
33.92	232
33.88	256
35.52	184
33.64	215
35.34	179
34.98	199
34.31	229
33.52	202
33.17	222
34.12	190
33	119
33.96	96
34.34	299
35.16	174
33.89	212
33.06	227
35.81	90
36.17	72
35.33	196
34.59	217
35.56	209
35.22	220
36.2	228
35.23	227
35.2	217
34.87	64
35.44	220
34.38	222
35.39	166
34.99	200
34.39	186
34.44	226
33.11	92
32.59	166
34.55	212
33.27	215
33.16	213
33.39	64
34.79	260
33.05	217
33.29	219
34.78	127
35.26	164
33.86	95
58.71	34
33.48	218
35.47	126
35.1	124
37.39	162
35.23	218
35.71	208
64.5	41
35.5	218
36.12	217
35.14	211
36.18	153
35.3	222
36.09	138
34.8	210
35.78	145
36.04	166
34.83	217
35.37	205
35.87	111
35.83	219
35.63	149
34.15	205
33.68	229
35.01	207
33.13	156
62.27	36
33.27	166
34.07	217
34.15	201
33.84	206
34.42	190
34.7	180
34.77	186
33.88	86
33.2	228
33.7	183
33.37	185
34.73	353
33.57	191
34.73	195
33.19	206
35.44	221
36.64	179
35.3	177
36.29	189
36.1	203
35.7	97
34.72	213
36.03	273
35.78	211
56.91	16
35.5	204
35.85	223
35.72	109
34.98	226
37.15	177
36.03	189
36.81	160
35.74	223
35.47	214
34.93	201
33.55	206
34.86	184
34.29	181
35.06	197
32.65	180
34.6	167
34.03	206
34.26	79
35.12	174
33.88	191
37.32	187
35	217
35.12	193
33.4	222
34.83	181
33.37	222
35.65	227
34.81	210
36.04	167
35.55	100
32.83	229
33.06	219
32.27	212
33.52	181
33.17	228
33.96	178
34.33	144
34.14	125
34.62	198
32.68	90
61.12	7
35.04	130
35.1	192
33.5	135
34.14	218
34.57	157
33.97	170
32.6	82
34.94	205
33.73	83
35.26	212
34.84	190
35.73	159
35.97	163
35.07	176
34.15	64
35.13	192
34.54	203
36.14	121
36.09	83
33.12	224
32.84	217
33.9	228
34.08	223
33.07	221
33.75	225
33.12	217
34.1	60
33.59	188
34.5	273
36.4	229
35.81	190
35.18	209
36.05	310
51.35	136
36.01	214
35.54	179
34.97	172
36.35	175
35.62	214
33.88	216
34.85	189
33.65	229
33.78	218
34.04	120
34.98	178
35.06	164
33.9	206
33.77	223
34.25	182
32.75	220
34.33	191
33.27	184
34.25	214
36.07	119
34.31	207
34.3	130
33.48	201
33.26	215
33.19	162
37.05	110
35.64	209
35.79	148
35.43	218
36.04	160
35.26	214
37.44	157
34.47	195
35.2	213
35.77	206
35.39	162
33.96	206
34.98	226
35.02	215
34.97	170
34.98	151
35.14	58
35.06	206
34.83	91
34.62	219
34.35	186
34.25	190
32.6	24
35.27	211
33.75	219
34.65	213
33.17	225
35.81	145
33.88	218
35.11	190
35.23	172
34.54	225
34.89	88
35.68	221
35.49	151
35.53	224
35.75	104
34.67	49
36.01	195
34.93	221
33.08	226
33.5	227
33.66	190
33.84	223
34.96	204
34.67	202
34.57	220
32.93	224
34.96	211
33.81	167
34.41	182
35.03	63
35.65	216
35.48	220
34.81	227
36.59	104
36.05	106
35.08	212
35.02	224
36.31	190
34.32	226
34.4	179
34.8	141
34.28	206
35.7	215
35.62	198
35.11	304
33.46	173
35.01	169
35.38	212
34.6	228
35.09	180
35.18	163
36.18	199
34.42	215
35.02	226
53.77	7
34.47	176
35.2	176
34.9	42
33.66	161
34.79	157
33.1	225
34.37	104
34.31	199
33.75	171
33.47	175
34.27	80
34.13	166
33.72	201
33.9	209
34.49	158
35.26	209
34.74	147
34.46	221
34.46	213
34.68	176
34.17	95
34.17	207
34.69	208
49.38	80
35.46	224
35.71	141
34.48	228
36.12	205
37.02	226
34.06	212
35.84	198
36.05	164
35.04	187
36.25	133
35.61	405
36.04	164
36.03	206
36.22	124
35.03	182
36.12	219
35.57	219
55.63	20
35.94	211
35.12	202
35.85	105
35.35	214
35.69	213
34.99	187
36	104
36.52	63
35.86	226
35.79	177
34.09	172
34.18	170
33.81	219
34.27	217
34.45	139
34.85	213
34.61	205
34.06	190
34.97	201
34.41	216
33.64	225
32.76	161
35.36	168
35.68	226
35.45	222
34.29	186
34.95	161
33.59	96
35.53	223
34.54	186
33.91	198
34.17	152
33.06	184
32.46	109
33.83	182
33.72	206
33.91	208
33.34	254
31.82	221
35.07	199
32.95	197
35.72	219
36.18	203
34.55	220
35.34	221
34.14	204
35.41	72
34.16	213
34.83	153
35.24	168
34.1	223
34.56	222
35.16	213
34.87	151
34.96	174
35.49	207
35.3	132
35.47	198
34.51	184
35.56	197
34.87	220
33.91	160
34.24	179
33.94	217
34.42	161
33.63	186
33.85	80
33.12	64
32.52	175
33.59	197
34.07	204
34.35	213
33.91	136
34.51	205
34.35	175
33.98	268
35.08	186
33.8	176
35.29	124
34.61	90
34.44	199
34.38	283
33.33	229
34.23	95
33.66	213
34.11	147
34.39	181
34.45	208
33.3	191
33.83	193
35.7	123
36.05	136
35.52	221
37.06	147
36.19	200
35.59	215
36.72	172
34.98	102
36.8	177
35.58	330
35.18	161
34.18	229
33.48	189
33.86	124
34.81	123
33.71	197
34.98	179
33.67	198
34.13	182
33.52	225
33.76	129
34.84	179
34.45	218
33.75	214
35.05	221
33.61	197
34.69	184
35.29	181
34.79	175
35.28	215
34.69	110
33.12	8
34.26	209
36.1	160
34.37	189
34.19	95
34.79	207
35.04	192
34.14	228
34.89	206
34.1	160
35.88	71
34.63	89
35.18	221
33.93	193
36.34	150
34.81	130
34.81	237
35.33	155
34.64	95
34.65	212
32.3	217
32.77	144
33.51	150
34.59	137
33.07	173
33.41	221
33.52	165
32.32	29
32.57	229
32.97	209
35.44	197
34.67	164
34.03	182
34.16	144
35.17	228
34.42	205
33.1	192
33.63	215
34.58	225
34.63	159
36.68	179
35.95	175
36.42	108
36.48	209
35.85	63
35.76	180
35.41	204
36.45	311
67.7	25
35.61	220
35.15	205
34.37	219
35	202
35.16	229
34.84	225
35.7	142
35.11	227
34.31	131
35.92	121
36.13	182
33.81	354
34.16	193
34.64	178
34.79	210
34.49	181
34	168
34.07	195
35.33	189
34.04	194
34.56	135
35.22	225
35.55	192
33.81	228
35.1	188
35.11	220
34.4	225
35.36	319
33.99	227
33.71	42
34.74	204
35.66	276
35.88	194
35.34	226
34.81	209
56.08	63
33.87	214
34.3	229
37.09	202
32.91	220
34.52	212
34.39	212
66.33	4
35.34	228
35.59	189
35.81	158
34.23	200
34.57	216
36.4	226
36.37	166
35.12	209
35.61	204
35.77	205
36.27	154
35.18	204
35.47	51
35.48	172
35.28	209
34.54	223
35.14	222
56.14	13
34.36	148
34.32	204
33.88	214
34.42	199
34.02	170
34.45	220
35.06	221
35.68	147
33.8	224
34.45	163
36.11	159
34.73	214
34.56	219
35.83	197
34.32	158
32.97	2
35.43	128
34.97	189
34.58	221
34.98	212
35.01	171
35.48	220
35.47	198
36.26	198
34.18	229
35.53	226
34.92	229
35.14	221
35.87	197
34.14	228
35.75	207
35.5	185
34.18	221
34.97	151
35.07	154
34.68	218
36.51	179
34.21	180
64.33	23
36.26	136
33.99	228
35.47	93
35.11	214
34.29	162
34.64	215
35.47	149
34.34	149
35.68	156
34.23	216
34.41	208
35.04	187
35.25	177
34.11	225
34.83	220
34.76	180
35.28	227
34.91	102
34.06	161
33.75	210
35.66	98
34.95	188
34.56	118
34.47	191
34.69	221
34.49	148
34.37	209
33.29	224
34.4	225
34.26	189
33.25	102
53.92	9
35.86	226
36.43	179
35.5	195
35.58	211
36.46	223
35.24	227
34.27	169
35.04	229
34.62	222
34.12	65
35.04	156
34.21	197
34.47	49
34.99	229
34.73	217
35.06	165
34.31	82
34.86	130
33.36	142
34.78	58
33.53	194
33.73	218
34.41	91
34.15	134
32.72	212
34.95	125
34.16	214
33.89	212
34.03	168
33.2	212
33.15	225
34.56	226
34.52	195
34.54	179
35.12	151
33.25	170
33.64	218
35.1	213
34.13	226
35.93	46
34.85	221
34.5	208
34.44	206
35.03	97
35.32	190
35.56	187
35.01	201
34.53	118
34.47	216
35.26	159
34.39	169
34.03	224
35.23	121
35.91	181
33.64	141
34.75	173
35.23	87
34.74	215
34.96	369
33.85	201
34.75	219
32.78	220
33.79	209
35.57	175
34.09	221
35.75	207
35.1	180
34.6	99
67.94	28
34.87	212
36.39	139
34.02	218
33.13	228
34.71	229
34.13	223
35.27	201
35.01	164
35.11	184
35.16	197
34.83	201
34.09	220
35.01	224
35.21	183
34.04	224
34.9	202
34.86	220
34.44	205
34.45	179
35.01	89
32.65	176
34.05	85
33.6	173
33.73	101
33.16	223
34.06	189
33.93	135
34.63	195
33.98	188
34.1	208
34.85	157
33.78	225
34.18	164
33.73	150
33.92	207
33.5	73
33.93	178
32.51	218
33.88	209
33.29	223
34.83	202
34.62	212
35.31	179
34.06	229
36.2	124
35.03	189
34.78	203
34.99	225
35.24	184
34.22	202
33.39	200
34.1	159
33.97	198
34.53	218
34.71	187
32.64	207
33.53	50
31.99	46
34.22	164
34.17	229
37.03	126
35.95	121
34.27	200
35.95	202
36.06	188
34.95	400
35.5	135
35.24	119
35.38	140
34.91	206
33.65	73
34.79	213
34.86	226
35.77	184
34.63	159
35.86	159
35.44	149
35.9	201
34.69	193
33.8	226
34.1	197
33.14	202
33.41	180
34.43	94
32.9	94
33.74	190
33.82	182
35.57	150
33.9	208
34.52	148
34.54	42
35.11	142
34.2	219
35.56	182
33.86	217
35.12	197
34.61	222
34.29	228
35.19	184
35.34	187
37.03	235
36.18	153
35.6	159
35.68	219
35.94	220
35.24	228
35.73	195
36.23	229
36.63	305
35.41	199
33.95	209
34.17	208
34.71	223
33.57	203
35.43	180
32.51	226
33.57	213
34.67	226
33.64	222
34.67	205
34.58	217
34.38	98
33.58	152
33.15	47
34.41	222
31.82	14
33.88	199
33.8	200
33.31	222
34.14	162
34.32	228
36.36	198
34.77	219
33.89	212
35.8	178
33.54	38
67.37	2
35.57	229
35.84	219
33.77	393
35.53	191
55.31	10
36.44	186
34.9	227
34.84	223
35.39	198
35.28	227
35.88	199
36.21	185
35.92	115
34.23	173
34.22	221
35.88	188
35.26	211
35.27	154
35.64	118
34.9	229
35.89	175
35.15	135
34.5	285
34.35	174
35.3	342
35.19	175
34.71	185
34.98	216
34.5	229
35.66	163
35.36	214
35.31	202
34.91	169
34.18	180
34.74	144
35.66	200
35.51	198
34.22	217
34.88	145
33.55	229
33.22	77
34.99	222
34.57	211
35.02	209
34.93	132
34.97	100
34.58	158
34.65	225
34.21	184
33.1	227
34.67	211
35.03	220
33.87	228
35.94	166
36.55	197
34.94	354
35.63	123
36.94	170
35.66	114
35.34	205
35.41	175
34.81	202
35.32	217
36.42	212
35.45	155
34.73	98
34.54	226
35.7	135
37.08	142
36.42	270
35.43	181
35.83	81
36.3	191
36.29	64
35.91	104
35.14	228
35.15	195
36.87	197
37.21	186
37.15	184
36.09	195
34.13	192
36.81	182
34.79	178
35.33	151
34.2	219
34.72	130
34.26	98
34.37	175
33.64	186
67.01	20
35.31	208
34.55	60
35.33	156
34.29	60
33.74	220
34.48	194
34.33	218
35.04	211
35.1	202
34.59	222
35.14	95
33.54	222
35.16	151
35.5	172
33.83	178
34.4	180
33.81	229
34.88	182
63.31	73
34.24	86
35.45	196
33.54	221
35.65	191
35.68	173
37.14	162
34.33	95
36.44	141
35.14	185
34.99	178
35.16	217
34.66	217
37.21	208
33.74	166
33.7	189
35.1	224
34.64	170
35.06	223
35.49	220
34.58	138
64.59	16
34.43	225
34.21	217
35.1	179
35.07	103
34.57	180
33.65	228
34.92	160
33.82	185
35.11	135
32.92	229
34.39	210
34.52	160
34.44	229
35.64	228
33.94	206
35.31	154
35.85	179
35.59	213
35.54	215
34.83	195
35.13	177
33.53	220
33.35	225
34.87	190
35.67	180
33.47	1
33.97	203
33.47	214
34.04	189
33.37	196
35.92	172
34.46	155
34.08	159
33.36	159
35.44	104
34.78	229
34.21	159
33.5	184
33.77	223
34.6	205
35.16	210
33.58	198
34.83	179
33.78	124
35.61	122
34.7	181
32.8	219
34.26	174
35.1	159
33.27	200
32.68	229
33.51	142
36.39	94
35.56	214
35.74	155
35.54	217
35.14	211
51.97	8
36.93	184
35.82	210
35.02	206
35.87	134
33.85	227
35.35	144
33.9	160
34.62	204
35.42	215
34.77	221
33.79	228
34.14	208
34.29	226
34.14	193
34.34	228
34.53	218
35.91	190
36.75	146
35.28	209
33.6	223
35.33	191
35.32	188
34.84	199
34.07	97
36.71	140
35.49	157
35.23	119
35.76	208
35.31	215
35.71	227
36.14	108
35.96	213
35.5	76
35.25	198
34.43	173
34.81	223
34.26	222
34.69	208
34.07	229
33.99	189
34.62	207
35.45	223
34.27	182
34.97	201
35.32	213
33.25	187
35.56	125
34.17	184
33.03	210
34.16	204
32.97	228
33.89	219
34	200
33.03	183
34.23	214
35.77	210
34.14	225
35.44	228
34.75	210
33.96	223
34.93	206
34.7	169
34.51	158
65.21	14
33.69	218
34.99	301
35.08	161
33.89	223
34.52	220
33.75	74
35.52	222
34.07	209
32.92	38
35.66	117
33.21	224
34.65	153
33.52	97
33.47	210
34.58	211
35.15	182
35.78	150
33.82	224
34.19	203
32.71	189
35.67	190
33.8	216
31.67	205
34.77	183
33.21	174
34.69	135
33.5	115
34.21	117
33.35	140
34.57	224
35.26	159
34.16	152
34.71	228
35.78	142
34.76	143
35.72	211
35.67	157
34.96	135
33.83	181
34.41	189
35.16	214
35.47	216
36.5	226
36.08	213
35.18	188
37	142
36.55	149
35.46	223
68.68	28
35.56	219
34.9	202
34.7	218
35.09	207
33.84	226
35.84	224
35.27	56
34.41	78
35.32	127
69.18	34
35.49	85
35.01	305
35.47	168
35.84	206
33.54	224
35.08	179
34.97	93
34.05	171
35.02	189
34.37	207
33.73	161
34.32	229
34.69	311
32.63	223
34.12	207
33.17	225
33.69	213
33.45	219
34.5	179
33.69	209
33.33	222
35.04	138
34.53	140
34.64	196
34.78	209
33.77	155
34.06	178
34.21	82
35.23	148
34.97	191
33.89	229
35.47	174
35.33	215
34.86	219
36.54	141
35.07	212
35.88	190
35.39	220
35.28	215
34.56	222
35.51	196
33.9	93
34.06	223
34.68	128
33.37	143
32.55	199
33.81	194
34.13	162
35.62	127
33.82	205
33.57	220
36.53	204
36.18	186
35.24	201
35.99	214
33.93	226
35	226
55.14	8
36.29	206
35.89	121
36	206
34.44	181
34.4	144
33.81	225
34.41	119
33.96	223
34.37	205
33.99	209
34.49	182
32.84	177
33.12	226
35.6	224
35.17	207
55.38	14
34.97	220
34.56	215
35.87	137
35.81	154
35.3	179
36.03	163
34.76	196
33.5	175
34.31	203
34.91	213
34.33	221
35.18	214
35.27	214
35.75	200
34.27	186
33.76	103
34.34	73
34.89	208
33.51	210
34.6	209
34.27	156
34.77	147
34.98	202
32.96	224
32.01	219
34.39	197
34.21	223
35.04	221
34.82	135
34.66	227
34.4	97
33.12	202
35.68	178
34.82	194
33.96	186
35.56	175
34.87	172
34.8	174
34.64	143
33.71	220
33.76	72
34.44	162
34.26	208
34.83	202
35.1	181
34.51	350
34.3	185
35.36	219
35.54	182
35.84	139
36.03	217
36.1	223
35.77	219
36.69	157
35.66	111
36.23	146
35.84	222
35.42	225
34.82	73
35.98	197
57.88	2
35.78	409
35.82	173
35.54	170
35.42	135
35.97	173
37.21	197
35.96	182
34.91	219
35.3	218
36.22	197
35.33	198
35.38	196
35.89	161
34.37	369
35.63	172
35.79	204
36.71	204
34.75	195
35.98	156
34.95	229
35.31	213
35.68	215
35.69	129
36.69	142
34.67	161
34.99	226
36.11	174
35.56	206
35.14	205
35.13	210
34.63	219
34.32	222
35.93	206
34.47	218
34.61	206
35.32	229
36.36	175
36.37	196
37.12	196
36.28	159
34.79	212
31.5	3
57.37	44
34.51	217
35.9	168
34.88	223
37.06	142
36.02	187
35.69	202
34.84	221
35.61	219
34.95	219
34.92	219
36.27	203
34.85	178
37.24	211
34.36	215
35.77	192
34.25	225
35.63	189
35.33	228
37.38	167
35.61	219
34.63	209
34.4	147
34.55	89
34.72	225
36.46	165
35.35	229
34.22	204
36.48	174
34.31	224
35.18	225
56.85	52
35.75	143
37.27	190
34.05	90
35.13	181
36.47	108
34.57	182
35.54	189
33.41	39
34.61	226
34.32	224
34.94	195
36.25	167
34.76	173
33.78	217
33.8	168
34.08	225
33.42	180
34.76	217
34.66	219
33.61	217
34.05	197
33.4	219
36.09	217
34.64	199
33.94	172
34.24	136
35.08	145
33.18	217
35.09	204
34.84	218
34.62	228
33.75	208
35.75	130
34.25	201
33.64	200
34.48	215
33.91	215
34.42	219
34.89	199
35.16	221
34.23	176
34.16	211
34.78	206
35.54	100
35.76	163
37.84	171
35.15	228
34.92	222
35.31	215
35.53	170
35.82	178
34.46	194
34.96	220
35.87	224
35.49	199
58.8	8
35.19	190
34.86	112
36.82	174
35.89	182
36.17	198
35.25	135
35.03	183
34.77	226
35.83	201
34.44	218
35.54	165
35.99	167
36.27	225
36.1	219
34.88	214
35.48	173
34.29	129
33.49	61
33.56	225
35.15	149
34.32	81
33.7	208
34.04	217
33.73	175
33.45	191
32.85	222
35.51	221
35.76	205
52.5	113
35.82	219
36.62	183
35.89	183
36.07	185
36.03	177
34.87	143
35.24	224
34.7	196
34.82	214
35.09	45
35.26	168
35.27	203
35.26	118
34.77	89
34.77	89
34.48	218
35.53	183
36.13	193
36.18	184
35.01	65
36.28	147
35.08	229
35.28	210
36.13	71
35.88	218
35.79	194
35.64	153
34.58	186
33.54	207
33.41	220
34.17	226
66.06	24
33.78	194
34.24	207
34.8	224
33.58	222
33.71	220
35.44	206
36.82	135
34.13	96
34.68	176
35.55	151
36.2	66
54.33	24
35.62	217
35.55	188
35.06	47
35.69	211
54.48	36
36.02	194
35.1	175
36.42	69
34.61	221
35.06	226
34.55	193
35.7	138
36.42	125
35.12	226
35.67	136
34.51	177
34.49	228
35.45	183
37.57	158
36.4	224
34.63	196
34.73	225
34.73	77
35.15	211
35.12	129
34.86	185
35.1	195
56.54	6
33.66	227
36.41	174
34.4	57
36.45	111
35.54	224
34.84	204
33.75	195
35.15	126
35.02	182
33.96	168
34.78	173
34.6	184
35.04	97
34.13	224
33.83	77
35.64	210
35.62	156
36.24	172
36	154
34.81	196
35.57	127
34.58	229
35.13	170
35.28	182
35.69	135
34.75	143
34.53	145
35.64	205
34.9	171
34.85	123
34.53	98
34.9	124
34.83	124
34.61	191
35.2	48
34.21	222
34.64	107
34.32	226
34.05	188
34.44	181
34.63	116
33.55	167
33.85	168
35.21	91
34.02	168
35.32	124
36.2	191
34.76	138
34.24	207
35.45	63
35.3	174
35.06	181
35.66	98
34.84	122
35.13	198
34.69	131
36.43	200
35.81	214
54.97	17
35.65	221
34.75	202
34.35	208
34.13	225
35.73	221
36.16	214
34.66	202
33.79	56
33.76	195
34.41	206
35	182
34.07	229
34.88	170
65.63	16
34.3	196
33.98	213
35.85	126
34.29	207
34.94	221
35.08	164
35.62	186
34.85	187
34.27	210
35.19	198
34.7	182
34.25	202
35.44	196
36.29	129
36.1	182
35.44	224
35.5	181
36.21	210
36.46	207
36.5	153
34.77	186
35.6	163
32.59	228
34.67	181
34.28	198
33.18	219
33.31	209
34.33	203
33.78	194
33.79	223
33.8	219
33.57	164
33.01	204
34.75	203
34	214
34.5	211
35.53	190
34.85	169
33.82	223
35.45	140
35.48	152
33.49	207
34.28	162
34.54	159
34.93	149
33.87	213
35.09	196
34.95	220
35.12	74
34.93	222
34.54	184
35.33	370
34.35	154
34.39	210
33.68	223
34.29	221
34.56	195
33.57	216
33.76	144
33.39	227
33.62	189
32.97	45
35.81	198
35.87	183
36.31	225
34.77	171
36.73	172
35.86	190
36.18	154
35.18	350
34.89	96
36.06	151
34.25	138
35.24	164
34.65	141
35.15	198
34.46	222
34.19	207
35.03	159
33.17	221
34.04	226
34.82	164
33.64	122
35.64	125
34.48	96
33.1	219
34.32	226
33.47	225
33.36	227
33.68	201
32.63	207
32.88	69
33.79	200
33.37	222
35.51	170
33.47	165
33.19	213
35.37	191
35.62	187
36.37	151
34.91	110
34.87	216
33.99	216
35.55	213
33.52	222
33.51	176
33.52	176
33.16	203
34.73	134
34.67	229
35.23	170
34.96	140
35.29	211
35.56	210
34.79	212
35.67	194
35.57	202
34.98	194
35.32	187
34.41	226
35.26	229
35.75	200
36.54	98
34.41	184
36.06	220
35.55	206
35.19	156
35.64	207
35.04	195
34.91	197
35.27	229
36.08	355
32.41	223
34.52	212
34.34	193
33.51	226
33.44	206
34.87	195
35.67	150
34.72	205
34.6	181
33.6	217
35.06	185
35.24	187
35.04	86
34.44	221
35.85	124
34.77	180
34.42	226
35.14	211
36.3	191
65.99	4
33.63	178
34.35	204
34.31	136
33.81	221
34.04	220
34.54	105
34.45	187
35.11	187
34.46	228
33.24	127
36.91	139
34.72	190
36.65	217
35.4	199
34.91	213
34.31	196
36.14	77
35.09	201
35.4	227
36.56	125
35.04	221
35.33	221
33.69	227
34.07	205
34.57	136
33.87	127
33.83	203
33.97	165
34.18	123
34.17	223
34.8	211
33.16	59
36.14	198
35.04	214
35.75	109
35.38	216
34.33	175
35.54	186
34.22	174
34.94	212
33.27	38
33.65	124
33.01	122
34.8	98
33.52	218
34.99	214
34.77	206
34.75	180
34.46	121
34.63	351
34.81	112
34.1	207
34.84	190
33.38	57
34.54	170
35.11	125
33.8	209
33.85	196
34.87	136
35.94	178
35.76	193
34.75	217
34.42	219
35	195
33.9	221
36.48	104
35.39	181
34.7	228
35.49	79
36.69	150
34.3	209
34.94	191
34.04	55
35.65	221
35.09	142
33.89	184
34.59	211
33.47	70
33.46	229
34.76	152
35.61	193
32.24	7
34	224
33.92	221
34.87	163
34.74	138
33.92	196
33.18	210
34.67	86
34.6	195
34.77	206
36.26	127
34.55	179
35.32	211
34.44	227
35.02	205
36.23	173
37.37	183
35.42	200
35.74	180
35.27	225
53.55	1
35.43	223
35.5	144
35.98	156
35.62	168
36.9	182
36.46	203
36.16	194
32.81	48
34.3	153
33.43	225
34.8	206
33.78	185
35.04	220
35.3	182
34.07	226
34.7	110
34.73	191
35.56	184
34.1	187
34.1	211
32.97	225
34.34	91
34.29	186
34.44	224
33.78	224
34.44	195
35.57	139
34.49	193
34.9	219
32.86	215
34.01	215
31.66	2
34.53	103
35.32	201
34.18	181
34.97	141
34.36	202
34.34	220
33.08	222
35.51	76
34.77	137
35.16	126
34.23	187
34.36	194
34.55	218
34.58	208
67.01	29
34.06	228
35.69	127
35.31	199
35.04	223
35.14	115
35.79	242
35.08	207
35.05	187
34.07	204
33.97	181
35.05	210
33.95	215
35.46	197
34.07	221
34.3	219
35.55	171
34.67	196
35.8	190
36.36	208
33.96	145
34.65	225
35.86	129
35.62	154
38.03	153
35.8	228
37.02	176
36.23	82
35.23	130
35.95	206
36.7	206
36.17	108
34.57	212
34.94	222
32.93	53
34.87	197
34.98	175
32.52	228
67.62	20
35.12	226
34.05	200
35.41	149
35.3	190
35.23	153
35.36	150
35.56	83
34.05	219
35.02	198
37.16	105
35.22	213
35.46	180
34.54	192
35.63	133
35.04	156
33.56	117
35.07	137
32.99	79
34.45	228
34.09	187
34.87	194
34.07	159
33.91	171
55.9	39
34.35	196
36.1	159
35.57	180
36.31	162
36.03	171
35.58	197
35.58	228
35.27	205
36.2	226
33.32	92
33.91	77
33.17	224
34.26	214
33.83	223
33.61	151
34.39	175
34.23	203
33.61	191
34.85	184
34.45	139
33.16	37
32.95	220
34.07	204
36.04	150
34.14	135
35.36	343
32.85	205
33.07	212
34.27	157
36.78	173
36.35	211
36.17	129
35.87	195
34.89	189
35.43	193
36.08	223
36.45	113
35.65	192
36.55	147
35.3	137
33.19	39
34.99	126
35.67	175
53.4	17
35.35	203
35.56	174
35.34	60
36.26	152
36.16	160
35.99	153
35.99	153
35.99	153
35.99	153
35.78	188
35.99	153
36.11	186
35.99	153
35.18	48
35.05	221
34.05	215
33.8	220
34.85	100
33.63	199
33.24	198
35.22	136
33.02	205
33.54	219
34.22	172
35.26	175
34.97	142
34.12	210
33.81	229
34.08	169
35.37	123
34.33	187
34.32	222
33.98	219
33.76	175
32.85	107
33.31	226
33.99	225
33.55	222
34.2	150
35.59	135
33.77	107
34.98	156
34.03	181
33.42	136
34.55	97
35.4	213
34.88	156
35.35	142
35.55	170
35.83	187
34.75	227
34.95	217
34.08	205
34.14	213
34.38	87
34.5	194
34.3	211
34.32	219
35.14	191
35.31	256
35.17	155
34.82	163
34.62	180
33.66	191
34.45	207
33.13	210
35.1	271
33.55	157
34.15	190
33.02	221
33.54	70
32.8	214
34.59	126
34.55	131
34.01	220
33.8	201
35.03	180
34.33	201
34.27	205
34.5	204
34.5	204
33.48	220
34.68	165
32.96	207
33.97	217
34.6	74
33.67	183
33.31	55
35.17	191
34.66	381
64.93	26
34.58	223
34.07	225
32.71	15
33.93	114
34.87	185
34.41	200
35.79	143
35.08	222
34.67	98
34.2	208
36.07	192
34.86	200
35.5	136
33.51	229
33.31	217
34.38	150
35.22	368
33.06	8
35.91	218
36.1	163
35.78	149
34.31	219
35.93	207
34.97	206
36.15	175
33.97	296
34.71	195
34.53	143
34.28	122
33.44	181
34.48	174
34.11	68
35.04	125
33.46	227
35.55	366
34.95	191
35.09	165
34.67	211
35.72	194
35.32	170
35.51	221
36.42	145
100	0
34.67	116
34.72	106
33.51	147
33.25	209
33.59	215
34.52	170
34.45	227
33.4	228
34.18	193
34.5	202
36.04	181
34.24	225
36.34	102
35.33	197
34.66	226
34.39	226
35.06	255
35.17	227
34.78	188
34.83	228
34.41	220
35.34	118
35.96	162
34.59	121
34.97	217
34.91	219
35.33	214
35.49	227
35.35	212
34.82	320
35.41	227
34.17	145
34.63	193
34.08	171
33.85	299
34.07	178
33.82	221
31.98	197
33.25	218
34.65	137
34.08	145
34.2	197
34.47	90
34.51	219
34.77	160
33.9	90
34.19	218
35.49	185
34.1	220
34.61	160
33.35	227
34.37	181
33.51	211
34.37	209
33.96	156
33.34	116
33.94	171
34.04	200
34.29	176
34.29	275
34.25	198
34.99	228
34.87	222
34.73	223
34.55	182
33.73	186
30.94	29
34.87	176
35.78	171
34.13	167
34.28	60
35.33	180
33.83	228
33.93	205
32.42	216
33.64	212
33.93	229
34.45	266
34.61	348
34.75	223
34.58	217
34.02	222
33.35	223
34.88	158
33.78	221
34.82	174
33.87	161
33.13	208
33.24	226
33.97	210
32.87	159
33.74	221
34.03	177
34.14	198
34.54	198
34.28	224
34.98	209
34.89	184
34.79	224
33.83	217
34.91	189
34.52	217
35	114
35.01	188
33.2	112
34.64	187
33.57	210
33.01	45
35.44	95
34.62	199
33.93	206
35	138
35.38	146
36.21	196
34.31	218
35.16	223
35.27	208
35.29	213
34.23	208
36.04	196
34.46	212
32.98	28
34.68	49
35.5	169
34.22	178
34.28	228
35.72	206
36.6	145
34.97	204
34.57	49
35.18	220
34.03	190
64.76	22
34.75	170
35.43	185
35.15	177
34.98	204
33.99	129
34.11	221
34.73	175
35.44	212
33.83	216
34.5	128
33.94	207
35.6	127
34.82	193
34.95	207
35.45	97
35.02	220
35.89	128
34.29	153
33.48	211
34.05	185
33.99	176
34.2	77
34	154
34.23	205
32.79	223
33.27	222
34.5	209
33.18	173
34.18	185
34.73	111
35.4	95
34.02	224
36.24	174
35.84	207
33.98	228
34.44	210
34.8	186
34.24	213
34.26	181
35.29	208
33.29	76
33.77	205
34.23	142
31.71	0
34.38	204
33.29	229
32.74	213
33.26	223
33.6	211
34.02	154
33.97	185
34.23	205
35.47	203
34.19	213
33.26	222
34.03	171
34.5	209
33.18	173
34.31	220
35.21	211
35.55	213
35.34	86
35.01	193
34.9	208
34.89	200
33.37	226
35.71	118
35.6	169
34.61	113
34	218
35.45	140
35.21	214
34.44	179
33.31	183
34.73	220
34.81	214
34.72	172
34.54	213
36.78	199
34.83	229
36.38	156
37.42	195
34.64	224
53.65	79
35.96	180
36.3	201
34.45	228
37.25	182
36.03	167
52.93	93
36.19	149
36.35	125
35.08	203
36.44	206
34.59	229
35.67	153
35.27	224
36.01	189
33.71	228
33.26	227
34.7	302
33	86
35.54	150
33.9	121
34.03	96
33.99	182
32.91	30
34.9	167
34.2	208
34.33	205
34.27	228
33.85	191
34.17	224
35.26	163
33.49	218
35.21	167
34.2	218
34.43	144
35.96	110
34.94	111
34.14	42
35	217
34.45	222
34.61	178
34.54	114
35.19	206
35.24	227
34.21	227
35.44	213
34.57	229
35.58	219
35.77	137
34.17	62
34.98	217
35.47	228
33.48	194
33.38	22
34.71	181
34.28	215
33.16	229
35.05	216
34.36	213
35.05	172
35.09	148
34.6	118
34.46	194
34.6	214
32.91	210
36.18	86
35.35	212
35.3	182
34.31	216
35.47	133
35.41	208
35.27	165
35.38	227
34.16	183
34.02	204
36.15	151
35.29	336
35.65	207
35.96	205
36.62	186
35.52	127
34.53	222
36.06	159
52.4	10
35.55	217
35.56	190
35.46	185
34.32	197
34.3	229
66.16	23
33.34	76
35.75	163
34.1	193
35.89	199
36.25	115
35.1	148
35.33	196
35.4	211
34.87	199
35.06	224
35.77	256
36.04	227
34.38	181
34.02	208
36.6	190
34.82	228
36.88	178
35.69	213
36.12	163
36.03	210
36.57	155
35.4	104
36.41	146
37.38	158
35.05	200
34.46	228
33.93	184
35.6	186
35.4	228
35.72	176
35.62	111
34.52	227
35.72	295
53.64	86
34.93	187
35.25	199
35.04	223
35.95	212
36.94	147
34.48	207
35.69	216
35.39	214
35.52	69
34.86	202
36.55	203
34.42	135
34.5	107
34.59	222
33.76	158
35.63	131
34.69	354
34.54	216
35.83	143
34.09	220
34.87	183
34.87	169
35.61	202
35.31	206
36.54	141
35.13	92
34.33	224
35.83	229
36.13	194
35.64	207
35.27	210
34.98	186
34.65	219
34.79	260
34.25	209
33.86	165
33.1	189
34.37	95
33.96	90
33.3	47
34.41	74
36.93	178
36.33	217
35.75	224
35.79	370
36.38	166
35.83	113
35.65	216
35.36	220
35.17	184
34.54	113
34.09	158
33.9	213
33.38	205
34.9	98
33.93	165
34.21	220
34.27	179
35.3	150
34.26	123
33.84	83
35.1	190
35.31	193
34.98	202
35.14	197
35.95	223
36.46	215
50.75	93
34.56	200
35.27	267
34.15	211
34.01	203
34.88	185
34.8	173
35.7	179
34.46	192
35.85	174
34.41	187
34.29	207
34.4	220
34.23	174
35.1	211
35.65	219
36.35	82
33.89	226
35.57	216
35.72	89
34.94	191
35.48	142
35.17	224
34.44	210
36.12	150
34.83	216
34.93	191
35.6	177
34.42	104
34.2	215
34.79	211
34.87	217
35.94	205
36.38	185
33.94	219
33.26	169
33.97	224
33.36	144
32.42	221
33.82	63
34.16	148
34.94	135
35.6	184
33.12	220
35.99	145
34.01	185
34.34	168
34.36	209
34.94	111
34.75	204
34.75	122
35.27	180
34.89	206
33.57	81
35.06	182
34.86	214
35.34	171
35.13	216
34.98	213
34.38	221
35.29	225
34.16	165
34.39	90
33.06	53
33.13	216
33.69	223
33.84	412
35.4	136
32.78	201
34.05	190
34.27	213
34.09	204
34.47	178
34.03	127
33.58	229
33.67	197
35.47	74
35.6	193
34.79	162
34.83	178
35.73	188
34.2	187
34.29	89
35.39	215
35	212
35.69	212
35.86	187
36.07	141
34.82	227
35	390
36.95	198
35.59	182
54.94	4
35.19	85
34.45	221
34.19	208
34.72	222
35.65	76
34.06	217
35.22	183
34.68	102
35.76	221
35.2	210
34.79	229
33.69	227
34.32	133
33.2	223
33.81	226
35.18	226
34.13	195
34.28	199
34.13	187
33.19	170
33.94	176
34.58	134
33.69	227
33.51	176
33.17	214
34.42	209
34.45	175
33.35	191
34.24	201
33.7	217
34.77	315
34.74	185
35.11	190
34.83	210
35.78	188
36.55	154
34.99	169
34.47	182
34.6	187
35.96	221
33.94	221
33.83	198
34.16	180
34.75	147
33.79	179
35.87	187
36.11	98
34.19	192
33.37	218
34.39	174
33.37	220
35.64	208
34.32	197
33.37	187
32.43	211
33.36	213
33.76	73
33.67	222
34.65	91
34.5	176
33.5	212
34.75	210
34.69	171
35.07	205
36.43	122
34.7	197
33.1	184
34.81	197
33.9	184
34.75	165
34.74	169
34.24	226
34.88	216
33.73	94
35.31	158
32.85	160
33.58	203
36.2	141
34.27	225
31.33	15
34.71	214
34.54	147
35.59	152
34.58	193
33.47	203
34.24	198
33.45	225
33.52	225
34.46	100
33.87	179
33.06	67
34.11	179
32.91	216
33.83	226
33.04	77
33.9	229
34.95	192
34.24	124
33.98	225
34.55	169
34.18	215
34.71	352
33.33	166
33.53	225
34.24	141
35	209
34.33	191
33.71	214
34.31	207
34.34	124
34.63	128
34.83	207
34.12	199
34.87	222
33.62	224
33.83	255
35.68	183
34.23	213
33.26	228
32.93	205
36.1	202
34.96	219
35.87	201
35.47	203
35.75	186
35.88	94
35.48	206
36.07	146
33.91	217
34.84	225
35.83	130
34.22	188
35.27	112
34.42	163
35	227
35.27	168
34.56	148
35.33	165
34.41	185
34.67	125
63.66	53
34.61	324
34.24	168
34.03	199
32.96	175
34.32	124
33.37	95
34.33	212
34.53	192
33.52	228
33.89	206
33.93	216
33.93	203
34.51	210
34.57	181
34.13	135
33.16	226
33.95	100
35.08	166
35.33	183
34.53	150
34.48	275
34.05	77
33.77	207
34.38	213
33.91	156
34.4	171
33.69	201
33.44	223
33.23	166
34.35	198
32.79	221
32.96	207
34.77	217
33.86	121
34.8	227
32.79	229
32.97	217
34.18	180
33.92	182
34.67	161
35.69	95
36.82	219
35.79	180
35.17	169
34.73	172
35.69	205
34.41	45
53.95	20
36.28	140
34.61	227
35.18	174
33.42	215
35.51	202
36.03	182
33.95	213
36.38	191
34.88	131
33.66	91
33.59	148
34.47	147
35.65	146
34.92	209
34.86	215
35.65	193
36.13	165
34.34	225
56.04	2
36.02	179
34.97	195
35.03	104
32.8	222
32.8	221
33.82	209
34.8	178
32.97	223
34.27	200
33.48	169
33.03	45
34.8	284
32.36	80
34.06	134
33.45	223
34.69	205
33.32	214
33.01	201
34.63	171
33.97	207
34.93	195
34.87	110
33.92	228
35.47	214
35.23	117
35.25	215
36.05	120
35.09	167
34.92	229
36.47	96
35.84	176
35.44	173
34.93	208
32.73	226
33.48	211
34.27	180
33.91	203
33.1	218
32.61	217
34.62	134
34.2	204
34.04	206
33.99	208
33.75	183
35.43	165
34.7	184
34.89	168
33.59	220
34.97	188
34.34	156
34.09	211
34.79	114
34.46	213
34.8	208
35.14	207
35.6	221
36.24	211
34.13	225
36.57	173
36.08	181
36.73	132
36.96	127
35.26	152
31.4	18
34.87	226
34.71	193
35.32	220
35.19	344
34.15	211
35.41	144
33.36	227
35.17	156
34.16	223
35.4	205
34.05	215
35.25	181
33.97	212
34.87	149
35.55	153
35.5	224
34.03	176
34.35	181
34.31	185
35.26	223
33.92	213
34.91	155
32.55	128
34.2	199
33.57	219
34.84	167
34.01	161
33.62	225
34.56	191
34.29	199
34.85	157
35.65	124
34.19	153
35.35	126
33.82	222
34.53	181
33.68	145
34.34	177
34.88	179
34.45	196
34.74	140
34.11	223
35.09	224
34.68	107
33.91	180
33.33	215
33.77	197
34.51	116
34.46	187
33.97	220
34.42	202
33.26	188
34.63	200
34.34	229
33.08	213
34.11	218
34.49	174
33.85	201
34.34	217
33.51	87
34.5	183
33.13	218
33.56	114
35.15	182
34	183
31.2	2
33.33	112
34.26	141
34.65	126
35.25	222
35.19	227
35.89	118
36.56	217
35.04	99
33.19	47
35.44	287
35.83	150
34.9	191
36.33	217
34.26	145
61.34	1
34.57	146
34.96	191
34.07	152
33.83	197
34.3	188
33.44	220
34.2	211
33.66	224
35.6	190
35.43	219
35.33	392
34.46	218
36.24	209
35.34	178
35.46	203
34.07	212
35.34	218
35.14	211
36.3	266
35.69	136
35.18	152
56.22	35
35.75	219
37.47	188
35.98	123
34.73	205
34.02	221
36.39	119
33.8	171
33.44	68
34.78	135
34.71	207
34.36	216
35.45	123
35.45	266
34.39	199
33.92	229
34.67	176
35.11	216
34.45	210
35.17	137
33.5	227
33.87	222
34.6	201
34.26	221
35.54	198
34.05	224
35.38	179
36.08	196
35.23	212
35.13	215
36.38	204
35.99	148
36.94	125
34.55	139
35.87	191
35.36	202
35.35	218
34.74	66
34.24	120
34.01	204
34.92	196
34.01	69
35.14	88
35.32	151
34.25	95
34.92	126
33.51	210
33.97	176
34.83	207
34.51	222
33.53	169
34.43	188
33.77	220
35.02	123
35.74	112
34.89	184
34.49	217
35.01	179
33.85	223
36.24	164
35.95	167
35.46	220
35.6	105
34.66	227
35.31	322
35.97	181
33.16	52
33.55	84
33.94	165
34.25	94
34.07	223
33.28	187
34.17	178
34.18	228
34.34	214
34.58	201
35.32	200
54.77	4
35.99	137
35.9	213
34.98	211
35.53	200
35.73	188
34.71	123
36.01	214
31.36	30
35.76	112
35.31	210
35.28	199
35.18	215
34.92	203
34.62	176
34.89	147
34.81	139
35.48	178
36.03	226
35.21	199
34.55	229
34.68	185
34.08	176
36.79	284
36.23	204
33.74	213
34.31	221
33.78	226
35.43	183
35	197
34.42	218
34.37	156
33.84	209
35.39	192
35.9	151
64.81	31
33.95	207
33.75	212
33.9	139
33.62	217
34.55	220
35.05	204
34.53	197
34.51	222
34.74	213
34.37	209
35.89	188
35.58	162
36	200
35.66	158
33.4	223
33.6	207
34.85	138
34.75	200
34	71
35.18	224
35.24	199
35.09	189
34.38	204
35.06	212
34.72	167
55.2	11
34.86	202
36.79	130
35.43	334
35.9	255
35.68	174
36.39	192
35.66	215
34.99	227
33.45	227
33.29	82
34.96	180
34.25	224
33.88	195
35.64	204
32.54	199
33.87	379
34.08	191
33.65	224
35.53	185
35.35	126
34.11	179
35.05	192
34.25	170
34.87	212
34.33	216
34.27	155
34.59	180
34.11	220
32.85	218
34.49	107
33.82	224
34.39	205
35.44	212
35.88	164
35.12	200
66.2	15
35.16	229
34.56	223
35.08	189
34.71	210
34.8	218
33.33	225
34.05	167
34.65	227
33.73	208
34.92	169
34.71	167
35.17	190
33.95	226
35	159
34.61	227
35.57	217
34.34	200
35.12	220
35.29	140
34.89	103
34.77	224
35.31	149
35.33	165
34.81	155
35.13	211
33.88	227
36.83	139
36.66	173
35.16	210
35.05	326
37.06	125
36.2	215
34.27	225
34.93	183
35.75	408
34.61	30
35.77	164
34.92	206
35.27	202
55.78	13
34.07	218
35.17	134
34.78	212
35.33	198
35.12	200
34.34	165
36.54	141
34.99	222
55.8	12
35.78	200
36.05	187
37.04	194
34.84	157
35.16	136
35.4	216
33.64	168
36.33	146
34.85	208
34.99	224
35.4	282
35.12	178
35.09	188
34.94	158
33.59	211
34.33	174
35	205
33.58	226
33.97	205
33.53	178
33.37	225
33.3	198
34.02	311
34.3	203
35.44	197
35.01	178
34.25	83
33.93	100
34.71	214
35.08	225
34.3	217
34.58	223
34.44	206
33.74	227
33.69	209
36.07	120
34.36	202
33.99	165
33.63	205
33.87	221
34.7	215
33.99	224
34.27	216
33.73	212
34.57	215
34.22	131
34.52	197
33.49	106
33.38	66
32.8	225
34.35	196
35.22	185
34.78	197
34.75	111
33.75	195
34.33	159
34.37	179
34.56	164
34.32	166
34.79	217
34.88	197
35.73	173
34.82	205
35.71	204
34.71	190
35.18	136
34.61	153
34.66	184
34.45	210
34.51	210
34.3	213
34.35	209
32.55	36
65.31	14
34.63	219
35.17	180
34.93	227
35.25	97
34.62	152
33.58	192
34.44	173
35.32	155
34.1	127
34.51	136
53.81	3
33.81	95
33.14	224
34.55	212
34.08	203
34.36	190
34.4	215
33.94	101
34.9	224
33.73	102
34.41	221
35.11	183
35.75	131
34.77	176
35.07	144
34.75	95
35.32	147
35.79	139
34.87	219
35.31	216
34.63	223
33.66	226
36.61	137
33.51	174
32.81	225
35.36	157
34.88	215
34.42	208
34.53	229
35.45	193
35.26	194
34.92	227
34.89	227
34.94	198
34.15	210
66.09	18
36	223
35.2	219
34.67	145
35.73	132
35.08	229
35.64	188
35.46	91
35.41	193
34.35	212
36.06	168
34.81	118
34.93	182
34.93	112
33.65	119
34.09	197
33.5	163
32.75	226
34.07	202
34.9	206
33.29	208
32.68	199
34.27	210
33.43	225
35.52	225
35.4	63
35.48	162
34.88	203
34.78	177
35.88	136
35.51	221
35.99	222
34.11	83
35.74	204
33.72	70
33.87	216
34.88	200
33.01	107
33.54	226
33.24	197
34.14	214
32.64	180
32.99	215
33	206
34.68	216
33.93	135
34.98	228
35.12	176
34.85	225
33.55	228
34.82	177
35.87	157
34.81	215
34.87	190
33.77	214
33.42	170
34.35	215
33.7	176
34.65	128
33.71	194
34.32	221
34.38	218
34.42	157
34.01	164
35.28	195
33.82	79
34.59	203
35.04	170
33.8	173
34.02	213
34.4	221
34.91	224
34.79	214
34.57	224
35.33	172
35.08	188
33.1	224
35.27	184
35.29	180
35.23	215
35.51	225
36.47	139
35.47	203
34.48	206
35.05	118
34.74	154
35.37	125
34.89	110
34.73	56
34.98	105
34.32	196
35.06	183
33.89	84
34.59	205
34.86	262
34.11	190
33.54	224
35.19	182
34.9	202
33.97	221
35.14	322
34.99	222
34.21	212
34.22	220
35.25	206
34.51	191
35.36	202
34.48	185
33.94	201
33.17	226
35.28	145
34.47	188
34.41	204
32.75	224
35.21	134
34.75	180
34.37	138
34.27	196
34.26	229
34.75	172
34.08	214
34.74	204
33.96	198
34.41	193
33.52	119
34.01	219
34.34	225
34.15	220
33.2	220
35.23	205
34.25	179
34.04	55
33.52	204
63.25	16
34.24	104
34.05	215
34.92	174
34.91	60
33.82	196
34.75	202
34.67	128
34.4	190
34.73	198
34.88	172
33.51	97
34.15	162
34.33	209
33.65	202
33.69	156
34.15	228
34.4	94
34.45	180
32.76	222
35.06	111
35.05	205
35.48	169
34.51	169
34.45	224
34.46	214
37.27	124
35.94	159
36.81	218
34.49	212
35.68	187
33.6	211
35.3	105
33.3	197
34.07	206
32.26	210
33.5	213
34.17	182
32.75	208
33.65	209
34.45	196
33.49	200
32.4	225
33.49	68
33.26	220
34.56	192
34.54	197
34.95	208
34.01	207
33.33	229
34.79	169
34.04	68
34.34	226
33.65	219
34.34	210
34.17	207
34	228
34.26	201
33.61	222
34.53	203
34.48	217
33.97	209
34.6	179
34.29	99
33.37	225
32.78	225
33.93	125
34.22	182
33.76	191
34.17	224
33.25	155
49.88	72
35.68	187
36.73	192
35.39	193
34.75	221
35.57	174
35.72	166
34.99	219
35	226
36.27	133
34.89	224
34.4	216
35.88	203
54.12	4
35.77	106
36.27	135
36.18	168
34.87	210
35.37	155
37.21	198
33.63	203
34	220
32.94	223
34.42	174
32.47	101
34.21	192
34.23	225
34.82	85
33.47	221
34.64	173
34.08	153
33.87	213
34.46	122
33.32	225
35.08	178
33.53	125
34.54	181
33.34	173
34.07	99
34.75	145
34.96	175
34.87	209
52.56	6
36.09	203
35.26	203
35.61	136
35.55	221
35.75	215
35.37	225
35.35	221
35.89	172
35.33	159
35.23	176
68.68	30
33.99	134
35.38	170
34.29	96
34.55	189
33.79	168
34.54	151
34.78	222
35.26	132
33.09	194
34.78	217
34.4	150
34.09	214
33.99	208
34.07	170
33.31	216
33.4	212
35.05	206
34.37	168
35.13	214
33.39	36
35.49	169
33.89	191
34.34	172
33.48	229
35.35	174
35.19	160
34.32	204
33.6	224
35.84	187
33.56	215
34.26	186
34.1	216
35.97	212
35.18	130
34.71	172
65.25	17
35.42	222
35.17	136
33.84	218
33.54	213
34.52	202
34.81	303
35.16	202
34.94	206
35.17	218
35.13	167
35.53	158
34.12	211
35.85	195
35.16	148
35.78	183
35.48	215
35.77	209
34.39	220
34.85	91
35.55	159
33.15	102
33.47	210
33.16	225
33.26	70
33.51	160
32.29	222
34.1	182
32.33	200
33.23	174
33.82	145
34.56	173
34.4	163
34.86	208
34.62	51
35.27	139
35.24	90
34.99	189
36.29	139
34	141
35.05	172
33.8	158
35.17	126
33.59	189
33.46	209
33.14	223
33.75	198
34.03	95
35.21	168
34.56	191
34.76	381
35.36	209
33.48	248
33.98	213
32.64	258
33.46	244
34.7	206
34.48	161
33.19	256
34.11	230
35.05	194
32.34	238
33.85	218
34.12	167
32.62	222
33.36	232
32.94	180
34.55	208
33.58	237
33.48	256
33.17	258
33.76	233
34.47	196
35.41	156
32.93	255
32.75	222
34.35	218
34.21	252
35.44	211
31.81	258
33.15	232
33.65	203
32.86	245
33.07	256
34.94	254
34.3	129
32.69	256
33.65	238
33.62	250
33.5	207
32.93	258
34.93	171
34.01	249
33.94	204
34.22	188
34.96	224
34.18	251
33.86	154
33.14	253
35.14	237
33.98	214
33.4	60
35.39	199
34.07	164
34.45	220
34.01	246
31.88	252
34.87	208
33.3	252
32.96	253
35.93	196
33.63	206
34.76	125
33.44	258
35.11	207
33.6	206
34.63	193
33.69	206
33.62	250
34.35	252
35.83	185
33.63	239
34.17	238
33	202
35.08	223
35.44	189
33.77	254
33.21	492
34.64	189
33.49	240
34.12	230
34.18	219
32.18	251
33.13	258
33.07	255
32.59	255
32.9	237
33.75	233
32.94	239
33.36	233
35.18	256
34.14	199
35.92	204
36.42	107
34.07	181
35.3	218
34.05	122
34.85	246
34.4	258
33.26	238
33.22	29
35.37	217
34.09	221
34.3	109
32.66	255
34.5	203
34.3	235
35.08	181
34.49	108
34.81	160
33.08	182
35.55	201
32.17	34
34.05	187
34.6	177
33.56	56
34.91	159
33.69	247
34.2	95
34.49	247
35.12	228
35.15	251
35.4	214
33.25	75
35.77	123
34.69	183
34.75	216
34.38	152
33.55	244
34.73	236
33.7	157
33.68	207
36.59	165
33.24	257
34.78	168
35.26	153
32.77	243
35.19	234
33.5	244
35.78	131
33.02	207
34	257
33.34	253
32.03	245
33.9	184
33.14	226
33.08	246
34.3	217
32.9	252
33.52	110
34.05	258
34.87	182
34.73	249
34.42	210
34.51	193
35.22	230
34.61	159
34.59	228
33.1	250
34.05	219
34.88	198
33.75	231
34	219
35.34	202
34.64	210
35.12	201
33.77	236
35.43	195
34.46	252
34.08	195
33.84	255
32.31	247
34.67	204
33.98	246
34.49	258
35.09	198
33.94	169
34.71	255
34.08	181
34.18	232
34.81	133
34.18	173
34.21	90
34.15	210
33.84	228
35.39	234
33.32	244
34.17	251
35.14	202
34.68	228
33.83	140
34.21	205
34.2	89
35.12	194
34.94	216
34.1	220
35.44	188
33.95	243
34.02	228
33.47	255
33.39	197
34.38	114
34.33	215
33.56	176
34.78	235
35.04	120
34.55	183
33.68	195
33.9	229
33.28	232
33.28	232
35.3	189
36.07	149
36.07	149
33.52	252
33.6	252
33.6	230
33.87	223
34.99	193
35.23	193
34.87	193
33.98	216
33.75	216
33.02	258
32.8	257
32.81	230
34.48	240
34.33	161
32.7	258
34.26	96
32.59	256
32.76	36
33.66	183
33.47	238
33.1	157
33.83	243
34.29	208
34.24	169
33.55	96
34.17	136
33.62	254
33.19	210
33.06	245
33.93	197
34.25	247
34.28	219
33.46	241
33.57	232
33.86	433
34.48	213
33.49	224
32.96	229
34.54	99
34.03	195
33.03	208
33.18	253
33.53	235
34.71	212
33.47	254
33.94	234
34.42	237
33.61	244
34.9	219
34.25	232
33.6	248
34.33	77
34.29	184
33.97	208
36.1	112
33.92	252
