sim	len_diff
35.16	52
33.99	57
32.8	195
32.33	99
33.07	52
32.83	80
32.89	174
32.65	39
33.95	132
35.47	83
32.91	109
33.11	182
34.65	112
33.48	125
32.63	202
30.14	11
33.08	167
36.06	91
33.18	149
32.43	103
33.88	94
33.47	103
33.68	191
33.19	80
32.66	40
34.04	97
34.53	42
32.95	63
33.95	184
33.09	115
33.48	156
33	98
32.96	94
32.36	50
34.42	141
33.75	48
33.46	179
33.18	97
31.39	103
31.39	103
33.4	86
33	93
33	93
33.89	137
34.75	77
31.96	87
34.93	94
31.83	96
36.81	139
33.92	98
33	93
31.91	177
36	73
34.5	60
34.81	82
32.5	79
33.39	95
32.64	102
33.06	88
34.81	76
33.04	97
30.08	7
34.44	59
33.39	95
34.42	68
36.27	45
32.06	10
33.35	103
33.33	101
32.61	92
32.36	83
33.63	85
33.22	73
32.24	103
34.91	38
32.75	92
33.26	94
33.02	144
33.03	73
33.27	102
33.39	59
32.94	55
33.12	91
31.47	103
33.43	175
34.27	81
32.83	57
37.77	145
34.19	77
34.17	117
32.59	189
31.22	20
34.91	94
33.8	49
33.56	167
36.14	81
33.81	53
33.62	169
33.41	186
32.82	52
34.31	95
34.21	101
34.96	81
33.3	99
34.87	78
32.49	98
33.67	77
34.18	92
33.64	79
34.85	76
33.42	103
31.14	100
34.14	94
34.1	97
33.38	93
32.39	84
33.1	92
36.92	50
32.37	96
34.77	73
34.47	94
33.66	84
34.15	86
33.58	86
31.73	99
33.17	74
34.21	79
34.52	79
32.27	91
34.94	100
33.7	63
34.71	50
34.09	113
31.93	99
32.24	55
33.26	117
37	152
35.64	76
34.66	103
34.5	67
33.17	155
32.14	102
33.27	58
33.31	81
31.98	38
32.97	165
32.93	187
33.64	205
37.46	152
39.62	105
33.52	81
32.08	83
32.88	102
33.79	87
32.21	29
33.8	87
35.47	43
30.82	21
32.79	99
33.65	55
39.56	105
34.49	82
32.31	99
33.75	101
31.59	95
31.87	99
34.95	67
33.02	31
32.07	94
31.56	101
34.36	174
31.63	101
35.08	81
33.43	56
33.12	71
32.05	199
34.37	62
34.74	119
32.69	99
33.25	66
34.15	52
34.59	160
33.39	101
31.55	103
31.96	100
34.17	110
32.9	47
33.09	31
31.78	99
33.52	79
33.33	92
32.25	64
33.57	124
34.41	86
33.3	100
32.78	70
34.43	90
33.36	78
33.01	87
34.38	94
35.07	74
32.94	93
33.66	93
33.84	102
33.81	100
35.87	49
34.96	96
33.21	77
32.04	95
33.7	98
33	97
33.63	19
33.48	72
33.5	100
33.66	60
34.05	97
33.83	78
33.84	68
33.25	59
33.06	71
33.2	97
32.51	85
34.59	70
31.59	101
33.72	90
37.1	153
31.88	99
33.95	102
32.09	93
32.52	94
32.01	89
30.9	92
32.91	89
33.27	99
33.04	103
34.68	62
33.8	103
32.98	100
33.2	102
32.26	97
33.25	100
31.54	102
33.91	56
35.23	68
34.18	100
33.81	98
32.56	101
32.38	43
32.39	35
32.21	95
33.81	86
34	76
32.44	98
33.2	79
32.48	99
31.07	87
32.77	95
32.92	69
31.88	89
33.14	93
32.02	99
31.84	96
32.33	90
32.83	103
32.83	82
34.19	66
32.33	74
32.75	97
32.98	91
33.04	61
34.54	73
32.38	94
35.46	58
33.24	97
36.45	81
33.05	89
34.07	139
31.26	100
34.21	55
33.36	103
32.53	118
34.88	82
33.06	167
32.73	109
32.92	182
34.17	167
33.18	149
34.11	96
34.01	99
34.5	69
33.01	98
36.01	102
32.82	90
34.72	181
36.43	48
34.66	89
34.12	51
32.8	49
33.28	147
33.74	72
32.62	87
32.69	88
31.49	3
33.09	89
33.09	89
35.17	103
34.03	94
35.86	91
34.19	75
33.3	89
34.76	75
34.82	52
33.47	59
35.46	80
34.56	79
34.92	97
34.5	63
34.6	103
33.32	101
34.57	94
34.16	200
33	103
34.04	78
34.31	91
34.45	97
33.2	93
34.57	94
33.77	93
34.68	70
32.57	94
34.73	66
35.08	54
32.92	119
34.29	90
32.39	168
34.54	109
32.22	103
35.75	67
35.14	89
35.34	103
32.68	97
33.4	87
33.95	86
34.84	124
36.82	67
34.92	119
33.71	86
34.66	73
34.1	98
33.86	95
34.28	84
34.33	90
33.56	60
32.69	128
32.73	76
33.83	119
32.48	58
32.05	78
33.83	59
33.21	152
34.62	62
36.08	139
35.77	38
33.97	44
34.94	117
32.71	52
34.76	144
35.54	69
34.53	77
35.01	88
31.98	81
32.21	96
31.32	20
33.46	56
32.78	55
34.26	139
34.65	69
33.73	146
33.7	103
33.19	51
32.27	164
33.71	48
33.27	89
32.38	137
32.63	73
31.96	87
33.25	64
32.2	71
31.63	63
31.9	45
36.79	68
36.19	29
31.15	4
35.54	128
32.24	6
57.24	60
34.55	64
35.44	91
33.89	68
33.46	89
34.5	53
37	56
35.36	127
35.14	72
34.63	84
35.07	68
45.99	31
36.22	88
35.53	39
34.95	89
33.89	84
32.68	66
33.09	64
31.21	39
33.05	152
33.7	76
33	87
32.99	144
32.99	124
31.67	84
31.38	53
33.47	114
32.57	123
32.92	148
32.5	162
33.63	67
31.87	35
32.04	74
34.22	132
32.24	59
34.98	32
34.52	138
46.63	30
34.86	108
36.33	70
34.67	81
35.92	84
36.13	110
35.61	122
35.72	87
36.23	77
35.2	162
37.56	77
35.12	91
36.51	98
35.56	86
35.46	88
36.7	39
34.79	86
36.34	132
34.51	62
32.54	54
34.11	90
31.86	21
34.32	31
32.96	17
33.45	60
34.59	121
33.04	136
34.33	164
35.04	87
35.12	147
34.4	37
35.17	83
36.02	97
34.41	125
35.9	31
36.34	78
34.09	82
36.41	70
31.51	44
33.72	87
33.51	57
33.4	78
35.09	60
33.05	64
33.67	127
34.12	72
30.37	64
32.61	50
33.86	47
33.08	85
32.19	119
33.17	40
34.2	68
32.66	91
33.9	87
33.62	72
32.4	84
33.96	100
33.75	91
33.75	91
34.34	50
34.81	41
35	90
33.44	129
34.99	137
32.01	27
33.47	55
34.49	162
32.97	110
33.72	83
32.49	83
34.07	85
34.03	66
32.19	160
32.88	156
33.28	53
32.87	76
32.73	122
34.04	75
35.44	88
36.11	80
34.74	89
35.1	38
36.32	57
35.78	93
33.55	32
33.86	164
35.42	115
34.08	136
32.12	75
34.04	62
32.36	59
31.28	30
34.21	53
33.11	122
33.27	47
33.91	89
31.63	56
31.58	52
33.94	59
30.22	26
32.47	88
32.74	74
33.38	133
32.14	85
32.05	83
34.1	123
32.48	86
33.4	91
34.95	87
36.02	32
34.88	62
35.07	135
35.23	24
34.96	136
35.18	47
35.71	108
36.18	83
33.03	88
34.82	91
34.06	78
34.1	91
35.36	70
34.24	49
35.02	71
34.69	82
34.72	61
33.26	57
34.64	148
34.94	83
33.92	89
34.05	60
35.5	59
34.76	103
34	155
33.84	87
33.68	50
35.19	129
34.15	54
35.07	40
35.78	82
48.99	11
35.56	88
35.16	161
34.55	157
34.11	87
35.02	15
34.58	158
33.37	72
33.36	66
32.09	147
34.68	108
31.41	55
33.44	55
32.85	134
33.13	109
32.98	30
32.5	58
35.38	90
33.12	66
35.78	123
35.3	83
35.19	74
35.09	82
34.39	140
35.95	69
32.95	62
45.98	36
34.72	70
32.55	74
33.54	88
34.92	85
33.94	79
34.72	76
35.17	72
34.3	90
36.21	82
31.5	89
32.63	149
36.02	74
35.53	153
33.65	60
46.6	18
34.46	89
35.64	153
33.41	8
35.16	130
34.02	132
31.47	27
33.51	85
32.55	144
33.95	57
33.51	48
33.43	145
35.07	79
31.71	86
32.18	5
34.56	66
33.07	91
32.91	70
34.36	122
34.01	90
32.13	131
33.34	81
32.83	87
34.08	78
33.76	69
32.52	67
34.78	79
35.74	75
33.67	78
34.79	8
33.46	22
35.01	160
36.42	63
35.92	86
37.14	45
34.11	86
35.3	75
33.3	14
36.41	87
36.38	82
33.43	81
35.9	40
34.94	72
35.29	63
34.83	83
36.22	70
35.62	141
33.56	37
35.32	67
35.13	82
36.45	64
33.95	21
35.03	47
34.59	75
35.36	70
36.41	81
34.56	91
33.74	84
34.07	134
34	71
33.97	91
33.78	85
32.03	60
34.14	89
33.44	103
33.35	73
32.24	75
34.74	142
33.68	149
34.09	67
33.11	54
33.16	91
34.04	69
32.66	11
32.07	88
34	149
34.07	43
33.96	85
30.27	44
32.66	22
32.61	104
32.01	55
33.24	85
31.64	51
31.91	133
32.17	118
34.52	129
33.92	90
32.87	35
35.74	46
34.17	85
35.1	147
34.55	108
33.42	43
34.68	113
34.97	58
35.88	77
35.62	59
35.73	67
34.34	78
34.86	78
36.23	75
35.17	74
35.78	54
33.55	53
34.08	108
31.5	25
33.71	44
32.78	104
34.34	91
31.62	85
31.74	90
31.24	34
32.83	82
30.99	24
32.35	91
33.76	151
32.65	89
32.53	31
33.44	62
32.18	139
31.36	49
32.14	98
33.57	84
33.57	108
32.73	28
33.27	162
31.25	76
32.2	40
33.39	90
31.16	83
35.66	89
34.01	66
33.25	91
33.55	161
34.06	79
34.74	55
35.95	62
34.37	76
33.81	77
34.3	35
33.06	72
34.18	88
34.26	87
34.88	63
35.65	127
30.16	19
33.03	139
32.99	67
33.36	81
32.43	85
33.95	150
33.52	131
33.03	139
49.66	16
34.08	136
34.23	108
32.26	86
33.03	84
33.38	44
34.48	135
33.03	22
33.67	73
34.96	64
35.32	40
33.02	89
31.85	3
33.46	29
36.26	63
33.54	50
32.13	18
33.61	84
34.2	47
35.23	121
35.86	89
34.41	159
34.09	107
33.71	162
35.18	160
34.08	83
35.01	65
35.26	71
33.99	82
31.73	12
33.7	69
33.5	49
34.18	141
32.54	95
32.7	73
33.35	70
31.58	23
30.85	72
34.39	82
32.6	85
32.29	80
33.07	62
34	132
33.37	77
33.57	74
32.85	53
34.02	116
33.2	121
32.87	54
32.27	68
35.48	112
34.58	31
35.62	23
35.56	23
35.28	50
36.1	33
36.23	82
35.53	76
33.56	20
34.85	129
34.39	153
35.04	136
33.66	82
35.03	89
34.79	61
35.12	84
33.62	27
33.51	16
36.38	43
33.33	53
35.42	68
32.91	91
32.97	91
33.17	61
34.19	77
33.41	63
31.17	79
31.84	112
31.04	27
32.4	111
32.96	84
33.79	75
36.08	66
34.2	50
34.28	52
34.93	58
55.54	8
35.19	104
34.22	111
36.63	57
33.21	60
36.56	68
35.29	64
34.45	130
34.33	43
34.94	55
34.52	101
35.04	42
34.62	29
33.85	80
34.5	46
34.83	85
34.41	61
34.82	121
57.99	10
33.69	74
36.45	50
34.49	67
35.07	60
32.95	49
34.14	91
33.71	74
36.3	86
34.92	54
33.74	65
35.64	47
36.17	73
35.67	63
36.24	67
33.81	37
34.8	69
34.86	90
33.32	83
31.87	81
34.2	37
33.87	79
35.14	53
33.37	27
33.42	112
33.59	91
33.9	31
33.62	88
34.34	87
36.47	73
33.43	88
34	58
34.4	90
35.27	82
35.31	69
34.2	146
33.46	138
34.47	159
35.16	68
35.67	80
35.9	54
34.14	86
34.51	88
33.5	67
35.79	46
34.54	34
34.61	81
35.53	59
35.05	62
34.23	85
33	43
34.9	71
33.48	91
32.72	66
35.25	71
34.62	46
34.66	51
34.24	80
34.44	77
32.61	148
32.38	75
34.23	118
34.28	72
32.11	53
31.7	22
34.03	122
33.07	55
34.16	95
33.31	17
32.2	89
32.33	41
33.27	140
30.05	13
33.94	30
32.37	42
33.07	86
34.14	123
33.98	157
31.4	88
33.26	144
33.39	58
33.02	73
32.7	79
33.78	65
33.92	146
32.27	82
31.85	163
34.75	81
35.94	76
35.53	91
35.42	88
34.76	90
33.95	89
35.32	96
34.33	66
33.46	89
34.46	71
37.82	79
32.2	14
33.72	81
33.61	88
32.6	75
33.63	35
34.22	91
33.27	55
33.9	85
36.38	78
33.42	129
31.76	85
33.68	104
31.04	87
32.84	76
32.93	63
32.75	37
32.55	66
32.75	56
32.38	63
33.46	99
33	84
31.4	88
34.35	127
33.71	66
36.07	108
31.38	2
33.49	47
34.4	66
34.37	63
34.81	77
33.88	97
33.2	22
34.97	136
35.59	53
35.67	100
33.89	66
35.17	57
33.26	78
34.75	37
34.4	66
33.2	73
32.14	52
33.53	35
34.19	127
35.11	78
34.19	144
32.97	69
34.51	108
33.91	64
33.98	65
35.4	129
35.27	81
33.5	62
34.25	136
33.18	43
35.12	103
32.86	43
35.75	72
35.04	125
33.8	152
33.02	66
34.92	60
36.99	57
34.61	63
34.35	57
34.66	64
34.49	77
35.48	48
35.54	84
34.6	60
32.68	85
34.82	66
33.39	60
32.07	120
33.19	136
33.23	76
33.35	105
34.73	124
35.7	55
32.99	91
33.27	46
33.54	65
33.34	144
31.95	67
34.53	101
34.56	92
32.96	76
30.81	164
32.43	85
33.64	68
34.55	128
33.58	163
33.8	86
33.2	123
33.71	63
31.73	90
32.51	146
30.97	89
31.97	77
33.75	89
35.28	67
44.86	24
32.66	85
34.01	115
33.5	58
36.12	79
33.06	85
33.38	162
35.83	64
35.51	109
33.43	40
32.92	85
33.66	53
33.28	67
33.19	106
32.83	54
33.75	65
32.83	91
32.36	82
32.03	36
34.74	62
35.48	90
36.44	94
35.04	91
34.73	110
34.54	139
34.82	86
36.02	91
34.76	70
33.55	75
36.04	34
34.68	102
33.96	73
32.94	87
35.76	67
34.04	72
34.82	100
31.58	13
32.2	74
35.01	77
32.97	138
33.06	77
32.44	87
33.78	111
33.08	151
32.51	68
34.08	68
31.24	61
32.24	49
31.46	47
33.19	122
34.12	137
34.06	158
34.51	121
35.24	77
34.55	103
33.35	87
33.43	126
35.75	73
34.78	68
34.66	89
33.83	87
35.58	163
36.46	69
34.32	101
53.66	9
35.55	46
36.42	40
34.24	81
35.5	80
32.73	50
34.71	62
34.14	61
33.4	112
32.69	147
32.75	155
34.67	43
34.25	61
33.36	88
31.23	22
35.08	66
33.16	54
32.48	90
32.44	40
35.05	105
33.59	80
33.02	28
33.27	85
33.12	121
33.33	91
35.98	73
34.25	89
49.54	10
36.39	102
35.21	53
33.08	77
34.56	85
35.05	145
34.97	103
34.03	79
34.66	74
34.96	67
34.89	52
33.12	85
35.04	154
36.18	88
35.26	47
35.47	141
35.26	78
35.26	70
32.16	69
33.39	114
34.19	76
33.71	76
35.11	89
33.97	114
34.14	65
34.04	88
34.84	83
34.8	63
50.37	8
33.96	80
34.32	68
31.96	23
32.05	53
34.34	62
33.63	87
33.08	75
33.01	18
36.08	71
34.17	31
34.44	74
33.24	87
35.34	72
33.04	158
35.35	57
31.79	38
35.3	44
34.5	53
34.9	127
33.14	43
33.78	86
35.18	54
33.86	90
34.36	78
33.38	125
33.76	69
33.14	88
35.63	61
31.89	79
35	98
36.08	67
35.61	160
33.89	98
35.54	55
34.04	163
33.61	124
32.82	44
35.47	47
34.04	85
34.5	88
34.2	67
34.5	70
33.15	85
33.83	11
33.65	74
34.88	57
33.31	57
33.97	91
34.85	70
34.94	74
35.85	54
33.41	130
34.39	128
35.56	89
32.43	75
34.84	31
34.63	113
33.89	79
33.6	90
33.21	81
34.91	43
33.52	80
33.12	83
33.09	83
35.85	46
32.05	34
32.27	69
33.33	74
32.7	87
33.76	109
35.48	78
33.54	54
32.52	54
33.15	49
33.37	70
32.37	26
33.76	59
34.22	136
32.41	68
33	89
34.72	47
31.96	66
34.69	129
34.72	105
34.77	62
34.91	52
34.93	88
34.57	39
34.25	53
34.55	84
33.4	90
34.87	81
34.24	84
34.44	100
35.39	85
33.66	64
35.54	112
35.54	88
32.97	24
31.69	33
33.56	136
34.93	93
34.25	74
33.79	74
33.92	49
34.66	84
34.06	54
33.03	78
33.65	80
32.4	91
33.76	120
33.39	91
32.25	54
33.22	84
33.47	43
32.29	22
34.06	145
34.16	75
33.04	53
35.81	52
35.74	62
36.48	61
33.08	16
34.64	123
34.33	33
34.38	22
33.99	77
34.53	101
32.94	86
32.93	61
33.65	80
32.14	10
35.89	51
34.17	49
33.22	91
33.68	85
33.56	62
31.96	12
33.41	84
33.57	123
34.31	61
33.74	123
32.86	139
33.52	70
34.57	138
33.85	57
34.25	97
31.83	153
34.03	72
31.78	85
33.39	142
33.7	64
33.22	75
33.14	126
32.65	131
33.5	84
32.16	49
31.4	86
36.69	49
34.36	145
34.56	84
33.41	16
33.8	161
34.19	46
34.16	80
33.66	86
34.78	93
35.62	97
33.28	71
32.57	52
32.69	72
33.4	72
33.87	76
33.84	55
32.84	91
33.35	35
33.35	70
34.3	83
35.97	66
35.29	83
35.56	59
34.56	48
35.48	87
45.69	24
33.94	51
34.24	38
34.93	60
33.02	163
34.83	44
35.27	111
35.54	87
34.67	84
35.49	49
34.4	146
34.17	85
36.71	44
35.5	80
35.73	93
34.03	55
34.21	83
33.67	161
33.45	87
33.56	75
32.59	78
34.93	54
35.15	128
33.74	67
32.83	46
31.56	80
34.04	56
32.97	87
34.22	147
32.33	62
31.57	29
32.49	49
32.92	137
33.58	70
32.94	60
35.84	51
32.74	21
33.08	82
34.31	85
34.85	72
33.12	29
33.14	149
33.46	35
34.49	75
34.21	127
33.35	113
34.28	125
32.77	47
34.52	129
32.71	157
34.66	81
32.69	130
30.75	11
32.58	50
34.33	73
32.32	79
32.81	70
31.82	50
33.79	56
33.67	56
32.49	151
33.16	102
34.87	62
33.48	25
32.5	162
31.3	19
33.07	162
33.32	89
32.8	81
33.22	96
30.62	48
34.66	101
32.92	16
31.71	89
34.31	90
32.47	13
33.39	39
33.85	145
33.74	87
34.16	10
34.1	142
36.47	76
35.03	57
33.78	37
36.61	80
36.54	76
36.25	42
35.68	65
37.11	87
37.84	81
34.95	59
34.19	34
34	132
35	21
33.79	61
35.22	90
34.37	74
33.17	57
35.35	79
34.86	70
34.11	72
34	90
34.69	67
34.81	65
33.74	152
33.29	163
34.53	73
34.3	144
34.21	88
34.18	44
32.68	53
34.05	121
33.85	81
34.48	123
32.76	39
32.36	89
34.37	133
31.5	76
32.8	106
32.29	81
35.61	111
32.97	87
33.5	73
32.86	111
32.22	88
33.87	75
32.95	69
33.09	19
32.93	49
32.46	88
33.96	22
33.09	91
34.51	52
32.98	132
34.43	91
33.38	161
35.12	143
34.47	134
35.11	87
34.28	43
35.43	40
35.16	128
34.79	59
35.74	70
32.11	161
32.38	64
33.67	69
32.98	72
34.16	90
33.2	159
32.58	91
34.01	46
32.2	81
34.64	47
35.46	75
44.74	16
35.4	77
35.34	48
34.58	129
34.97	74
34.81	65
35.95	49
32.94	12
35.24	71
34.61	63
32.81	118
33.15	32
32.99	83
34.06	91
33.13	75
32.7	102
33.2	87
34.22	89
32.89	79
34.34	74
33.7	90
34.61	103
34.26	164
34.94	51
34.27	85
34.23	70
34.49	78
33.42	42
33.82	19
34.69	87
34.82	134
36.2	55
33.99	73
35.2	89
35.44	84
34.51	72
36.03	93
32.92	64
34.5	87
31.62	87
33.48	86
33.56	163
32.96	123
30.38	91
31.69	89
32.97	160
30.29	10
33.94	90
32.65	61
32.7	89
33.75	61
33.67	44
33.77	31
31.69	91
34.63	53
35.74	106
32.48	87
34.87	73
33.6	144
34.58	55
33.22	101
33.94	52
34.01	118
33.74	144
33.01	147
32.6	102
32.73	157
32.86	40
33.52	80
36.26	140
35.04	157
35.89	28
35.95	115
33.71	59
34.73	79
36.52	68
33.9	85
35.44	91
34.08	161
34.7	15
34.9	67
35.39	49
35.23	132
34.34	89
36.92	65
35.5	143
36.23	160
35.23	85
34.5	82
36.59	136
34.36	30
34.43	93
36.35	124
35.28	8
47.32	30
37.16	75
34.47	49
35.15	133
34.97	65
36.83	70
35.31	73
35.99	25
34.26	163
36.08	46
33.48	13
35.33	141
37.11	103
35.5	70
36.26	116
36.16	75
48.95	7
35.63	55
34.99	115
35.66	91
34.54	88
34.09	128
35.23	83
34.59	63
34.27	72
33.51	164
35.35	51
32.81	88
34.96	78
34.79	84
35.21	70
34.85	87
35.2	35
35.48	95
34.85	112
33.94	164
33.46	90
33.91	59
36.36	75
34.54	68
34.42	127
36.51	68
34.37	160
36.86	78
33.38	70
36.39	50
33.55	85
33.77	85
33.77	114
35.74	78
34.78	67
35.82	99
34.28	116
37.16	84
34.97	72
32.58	91
35.45	139
34.83	130
34.1	38
35.22	126
34	95
33.52	36
35.06	141
35.3	137
34.72	85
33.19	43
36.01	73
33.64	59
34.6	66
34.48	76
35.13	85
34.98	106
34.97	19
35.82	88
35.08	113
34	109
33.58	142
34.01	71
34.03	63
33.11	80
32.94	86
34.9	119
30.63	20
32.52	86
32.27	44
33.56	45
34.06	116
33.13	67
33.62	67
33.15	160
33.39	124
34.39	69
35.78	89
33.01	81
32.84	143
32.63	33
34.97	84
34.21	65
33.24	84
33.67	70
33.14	16
33.5	120
34.62	57
35.12	89
33.83	85
33.8	132
34.91	111
34.51	10
34.5	76
35.12	152
32.94	154
32.62	128
33.94	25
35.15	104
36.62	55
34.42	40
36.17	86
35.92	79
35.38	111
35.84	70
34.15	160
35.6	75
36.34	117
34.79	72
35.15	82
34.93	90
35.58	78
34.45	83
35.26	87
35.23	85
35.2	72
32.97	73
35.45	74
35.33	60
34.94	108
32.82	45
34.24	75
33.46	161
34.39	155
33.23	81
33.31	89
33.95	82
32.15	44
33.83	75
32.19	11
35.15	137
34.91	130
34.95	26
35.56	99
33.41	85
35.43	69
34.78	118
35.1	35
35.41	54
34.49	90
33.75	12
34.09	80
35.33	50
34	110
45.86	25
36.57	79
32.92	25
35.38	82
33.52	163
34.83	95
35.25	124
34.78	89
34.82	81
34.59	56
34.02	56
36	91
36.09	28
34.19	87
36.28	69
35.33	72
35.14	127
33.88	87
33.34	57
33.72	94
34.66	35
35.61	107
33.96	59
33.46	85
34.6	103
34.68	84
34.92	132
36.11	110
33.54	87
46.53	22
34.52	148
35.04	151
35.85	64
46.43	17
35.01	67
33.9	164
34.92	88
35.63	45
34.33	59
34.5	155
34.92	153
35.25	51
34.65	89
36.83	67
34.68	60
35.05	80
35.2	85
35.87	70
35.65	127
35.28	46
35.25	151
34.24	86
33.6	29
35.42	44
34.6	65
35.7	91
35.45	54
36.96	23
36.65	66
35.27	60
37.22	77
33.86	87
34.22	34
36.09	83
34.33	83
33.57	24
33.24	84
34.6	65
33.08	24
33.52	144
33.91	41
33.04	46
30.6	7
35.12	63
33.33	162
35.14	47
35.01	23
34.01	88
35.19	100
35.09	88
33.06	9
35.29	88
35.24	67
35.4	32
31.83	3
34.89	117
32.69	20
33.99	72
34.02	79
31.05	15
33.23	64
33.99	18
33.5	66
34.61	43
34.46	73
34.81	66
32.61	76
34.62	26
33.08	162
32.75	68
32.72	115
33.56	43
31.65	22
31.22	53
32.96	81
34.83	87
34.57	71
35.26	89
36.03	125
35.02	78
35.37	69
32.39	0
34.57	91
33.8	96
36.11	95
34.56	71
35.68	70
35.49	74
34.87	57
35	71
34.31	80
35.96	65
32.93	53
35.59	91
34.18	55
35.58	76
34.75	111
33.66	76
51.02	10
34.09	144
34.55	83
32.5	79
32.81	13
33.75	41
33.68	158
34.5	140
32.58	90
33.12	68
32.73	88
34.35	50
32.96	54
34.24	140
33.47	71
31.93	64
33.08	40
33.34	68
46.39	10
37.1	46
34.85	154
34.78	88
34.33	64
35.76	89
35.43	59
35.21	89
35.42	90
34.59	79
31.87	81
32.65	44
32.22	30
30.04	16
34.27	148
33.41	149
32.41	81
32.2	87
32.53	37
32.6	68
33.93	61
36.16	71
35.82	134
33.61	140
34.49	86
35.55	88
33.93	61
33.2	92
32.25	85
34.19	45
34.5	83
34.76	77
34.82	52
32.92	69
34.62	136
34.36	85
33.05	45
33.86	158
34.52	77
33.24	83
31.53	82
34.45	125
32.38	58
33.69	98
33.82	161
34.2	54
33.56	33
33.05	160
34.5	109
33.2	77
34.86	76
35.65	74
35.05	52
34.97	59
33.68	31
35.36	66
34.84	124
36.01	78
33.8	74
36.9	101
33.92	87
33.29	76
35.08	130
32.42	87
34.4	73
33.84	139
31.87	64
32.65	160
34.14	81
35.3	148
32.32	78
32.83	65
34.3	70
33.11	109
31.46	86
34.51	57
34.01	96
33.63	84
33.92	124
34.15	63
34.9	82
31.06	86
31.58	74
35.42	31
34.51	89
32.86	72
33.7	91
34.45	123
32.72	59
33.39	86
34.46	65
32.82	55
34.47	120
33.5	83
32.68	76
34.31	43
34.68	91
34.24	57
33.4	83
33.46	72
34.43	60
33.72	84
35.76	91
36.07	78
33.97	67
33.96	64
34.35	82
52.07	7
34.04	36
34.57	158
35.16	148
34.44	86
36.4	66
34.36	51
34.09	104
33.73	39
36.28	68
34.84	128
34.92	91
34.18	140
34.17	133
34.85	47
33.09	148
33.4	120
33.13	89
33.14	75
33.41	23
32.42	160
32.58	81
34.06	129
35.51	130
35.51	85
34.87	89
34.86	98
36.47	81
35.08	60
34.79	59
34.58	123
34.17	54
35.82	66
33.06	51
31.02	17
32.66	55
33.39	68
32.81	88
32.75	124
33.19	121
34.03	44
34.73	112
31.24	33
56.15	13
33.82	113
38.08	120
34.8	135
35.9	68
34.74	31
34.64	46
34.89	61
36.33	68
35.49	88
33.32	59
33.4	56
33.72	80
31.94	36
34.61	139
32.36	50
33.44	128
33.81	87
32.72	58
34.07	59
35.51	35
34.35	76
34.83	43
33.73	53
35.82	63
34.56	98
34.82	136
35.68	72
33.41	87
33.52	1
31.55	90
33.66	84
33.82	86
34.28	114
33.1	154
32	138
31.53	15
33.21	58
32.43	18
32.75	107
33.94	82
33.67	161
33.94	138
34.64	56
33.55	94
32.6	103
33.85	101
33.77	68
32.72	90
34.37	75
33.11	85
34.29	67
33.69	50
34.31	40
33.81	14
33.32	88
34.82	88
35.13	150
36.2	66
36.2	50
33.94	53
35.64	75
33.56	88
34.81	54
34.81	54
32.63	68
36.61	81
33.79	64
34.81	57
34.24	118
33.48	81
33.46	69
33.76	64
33.9	61
33.7	65
32.1	41
33.53	154
32.88	69
34.27	63
33.59	59
34.89	68
35.99	44
35.43	111
33.31	37
33.83	76
36.05	67
34.16	133
36.11	61
34.16	81
34.68	31
34.91	89
34.76	97
35.69	82
35.23	122
33.71	45
34.41	77
48.2	15
33.49	86
36.11	100
34.5	81
32.18	43
34.56	43
33.44	88
34.4	74
35.13	83
35	94
33.76	128
34.98	83
35.25	62
35.07	77
33.4	123
33.97	164
32.85	61
34.01	58
34.09	39
34.04	101
32.09	71
33.86	147
34.15	86
33.58	89
33.03	78
31.82	61
32.92	70
35.52	60
34.48	128
33.46	154
35.03	90
33.12	84
33.31	35
34.58	81
35.12	141
32.79	78
33.36	132
35.26	116
34.43	134
35.16	60
33.11	21
33.24	92
33.4	159
34.5	77
34.68	63
34.71	65
33.46	61
35.33	107
33.57	52
35.92	16
33.84	30
33.16	63
33.59	81
32.26	10
35.15	71
32.98	84
33.36	140
33.7	82
36.18	79
35.12	119
35.59	87
34.72	138
34.15	32
33.45	66
34.91	71
36.27	61
36.18	158
34.72	152
36.82	119
34.55	79
35.27	90
35.65	126
35.2	100
36.24	79
33.28	77
35.62	66
34.56	88
33.86	68
34.74	83
35.32	90
33.63	68
34.73	154
32.26	89
34.2	52
35.68	110
34.08	138
33.66	67
34.92	58
34.36	45
35.82	80
34.31	85
35.03	67
34.17	113
33.73	60
33.85	119
32.49	79
34.81	62
32.17	137
35.54	50
32.84	83
31.99	91
33.47	81
33.53	65
32.07	59
35.4	64
33.3	23
34.44	120
34.03	37
35.07	77
35.58	45
37.36	73
34.22	22
36.2	72
35.74	66
32.73	43
33.18	86
33.54	82
36.86	61
34.17	130
34.01	128
31.94	80
33.8	85
32.56	31
32.49	82
33.88	162
34.33	49
33.35	61
32.99	61
33.89	63
31.27	79
31.8	90
33.45	34
33.69	67
33.56	54
37	79
34.35	66
35.07	90
35.29	84
33.55	156
36.31	61
37.83	56
37.33	90
34.51	89
35.65	81
37.72	52
34.81	46
33.06	71
35.77	121
35.02	52
35.71	57
36.03	80
34.22	52
34.31	77
35.12	83
34.54	57
36.01	145
35.37	55
32.77	83
35.4	63
34.07	67
34.87	129
34.03	67
33.24	53
34.94	57
33.24	76
33.61	83
34.25	17
31.77	75
32.07	83
33.59	135
33.48	151
33.23	123
34.27	90
33.11	89
32.89	80
33.83	142
32.89	80
32.89	80
32.81	63
33.83	142
33.83	142
33.41	48
32.81	63
33.36	74
32.92	83
32.93	87
32.52	160
31.26	77
32.2	107
32.84	65
32.57	156
31.16	44
32.8	87
32.24	47
34.28	119
36.15	57
32.66	26
43.9	31
33.39	78
34.22	68
34.9	104
33.3	86
34.09	81
35.85	128
32.98	88
34.32	66
34.08	65
35.53	69
34.79	117
33.53	57
34.61	76
35.45	113
35.33	137
33.2	83
34.14	55
31.58	89
31.39	52
33.67	60
33.06	48
32.56	150
32.79	151
33.73	51
31.54	49
32.52	40
33.48	50
34.09	60
31.54	33
32.97	56
32.53	71
32.09	88
33.54	136
31.83	69
34.34	119
32.62	137
34.89	72
34.65	130
33.88	95
35.05	107
35.17	118
35.62	105
35.87	71
33.44	48
31.81	0
35.41	76
33.91	69
34.74	92
35.17	68
33.16	53
33.28	11
34.44	90
35.23	68
35.1	86
35.54	58
33.65	72
34.94	86
33.63	91
34	18
33.63	83
33.14	86
33.53	164
35.33	103
35.14	103
35.16	104
35.85	144
32.94	41
33.1	103
34.12	89
34.86	53
33.19	91
33.52	81
34.73	79
32.64	75
33.39	139
33.79	69
33.05	76
35.98	79
36.64	62
34.71	87
34.62	89
34.61	159
35.44	103
35.97	76
100	0
33.96	160
32.86	83
32.53	79
34.38	70
33.67	76
33.62	81
34.14	73
33.41	87
31.89	86
33.88	36
34.89	81
34.09	143
35.24	76
34.37	83
33.64	88
34.02	76
34.8	151
35.44	40
35.7	128
34.92	56
34.42	82
34.41	141
34.37	101
35.91	76
34.27	46
37.18	93
33.95	128
35.1	90
33.95	74
33.71	47
33.52	69
32.6	99
32.81	65
33.5	68
32.34	66
31.79	49
32.57	159
32.3	46
33.38	41
32.91	76
32.74	61
33.1	74
33.11	67
33.91	131
33.08	119
32.12	84
32.78	45
31.8	47
33.11	86
32.62	49
33.7	140
31.78	84
32	30
34.04	115
32.94	46
31.56	81
33.19	45
33.41	89
34.66	84
33.58	91
33.45	50
33.48	27
35.51	91
33.54	100
33.82	50
32.75	83
32.59	67
33.15	89
33.45	35
33.05	25
34.42	123
31.85	52
33.05	88
33.91	145
33.9	128
33.24	137
33.08	77
32.3	60
32.27	114
32.82	129
32.71	150
33.99	75
33.04	86
33.28	48
33.12	90
32.56	152
33.75	72
31.89	65
33.45	151
32.06	122
35.69	67
31.17	86
34.05	89
32.58	34
36.29	81
33.36	63
33.14	81
34.37	82
35.18	45
33.62	65
32.94	87
33.9	38
32.02	62
34.83	136
33.83	20
35.28	14
34.31	145
32.98	43
34.18	85
34.3	68
34.43	130
34.71	81
34.75	71
34.74	65
33.72	77
34.35	120
33.9	37
35.15	46
34.71	146
36.17	65
35.27	63
35.12	122
33.04	110
33.3	29
32.72	54
33.17	25
33.81	104
35.22	106
33.53	73
33.3	83
33.39	77
34.39	60
33.61	128
34.79	67
33.87	86
32.93	72
34.94	100
35.72	57
34.1	149
34.58	117
36.08	138
34.2	69
33.12	50
35.79	152
34.28	103
33.73	84
34.9	57
34.11	76
32.98	68
34.81	50
33.77	86
32.25	30
32.64	124
34.75	148
35.73	49
33.43	133
32.46	85
33.29	60
33.24	46
33.42	70
32.83	91
33.12	53
33.91	101
33.03	78
33.7	102
33.31	121
33.48	19
35.88	57
34.05	30
34.92	71
33.38	56
33.13	46
34.86	75
32.44	83
35.07	104
31.7	52
31.67	66
33	80
34.29	95
31.09	22
33.77	86
32.25	30
34.29	148
35.73	49
32.86	115
32.43	85
33.29	60
34.12	58
32.98	46
33.42	70
34.85	50
34.04	68
34.1	120
33.26	10
34.8	87
33.62	73
36.5	70
33.48	75
34.14	75
34.29	80
34.37	99
32.17	82
33.46	43
31.35	36
34.62	81
31.88	29
34.39	76
34.14	78
33.39	160
33.88	132
36.88	83
36.34	109
36.64	74
35.39	120
36.01	140
34.85	83
33.76	10
34.32	25
37.33	53
35.63	74
33.91	85
35.26	125
36.28	132
36.14	90
35.63	44
34.15	84
35.07	39
34.6	88
36.25	61
35.83	89
33.71	129
32.36	36
32.89	163
33.52	65
33.05	56
33.48	48
31.46	90
33.84	86
33.77	21
32.56	68
33.83	143
33.22	73
34.7	84
31.54	7
33.85	59
34.81	73
33.44	78
33.34	99
33.33	79
33.5	76
34.12	130
34.08	88
33.33	71
33.87	45
34.9	93
35.17	47
35.34	83
34.05	122
52.38	22
34.76	55
35.52	81
33.3	17
34.76	163
33.85	51
33.66	110
35.29	67
34.66	157
34.12	142
34.05	96
35.25	112
33.41	89
31.6	2
34.98	84
32.86	76
32.48	128
34.43	131
32.33	39
33.91	87
33.81	58
33.33	76
34.78	101
35	47
34.19	98
34.23	53
34.04	148
31.27	54
34.82	78
35.01	104
35.72	40
33.13	91
34.9	159
33.9	41
35.12	137
33.25	56
35.83	89
34.36	71
35.54	81
33.83	54
44.92	18
35.92	124
32.61	55
35.29	55
32.55	90
31.93	88
33.59	60
34.58	152
34.86	129
33.45	82
34.96	54
33.51	75
34.54	105
35.12	149
34.42	113
35.47	56
33.47	8
37.9	89
36.58	78
50.97	19
35.41	32
35.88	80
33.2	86
34.72	154
34.86	88
35.23	86
36.22	112
34.2	39
34.78	58
34.46	82
32.8	69
35.23	91
33.41	47
33.5	98
31.98	5
33.95	91
33.48	70
34.66	72
32.74	20
34.82	74
34.74	68
33.86	154
33.92	21
33.9	58
33.92	88
33.32	85
32.1	84
35.3	121
33.74	50
35.2	153
35.31	83
34.45	74
33.96	48
34.49	117
35.59	74
32.95	81
34.17	134
34.48	47
34.53	157
31	12
35.03	62
35.07	64
34.7	75
34.18	86
33.63	77
34.77	89
35.6	85
34.99	146
35.45	102
35.82	34
36.2	55
34.97	84
32.97	59
33.71	130
34.48	22
34.21	132
34.44	68
35.55	49
33.71	102
33.5	35
32.96	70
34.27	127
34.01	85
36.8	78
35.17	102
34.75	130
33.64	41
34.7	26
34.69	89
32.85	54
36.16	106
34.63	123
32.99	59
32.15	2
32.53	164
33.47	81
34.36	77
35.97	108
33.23	59
33.63	72
31.38	62
34.87	113
33.5	32
35.22	161
33.91	162
34.76	36
35.86	90
35.12	89
36.13	145
34.67	72
34.45	74
34.94	64
33.82	142
34.4	59
31.32	2
33.1	91
31.59	35
32.91	82
33.86	133
33.83	91
34.85	66
33.32	60
34.84	153
35.62	55
35.05	71
35.53	80
35.16	86
34.18	43
35.07	86
36.78	47
33.76	91
36.68	49
33.66	78
33.13	87
36.14	47
31.64	6
35.53	70
33.88	164
34.78	73
34.67	85
33.53	92
33.37	63
32.47	69
32.5	134
32.45	136
32.54	71
32.54	88
31.41	130
32.21	42
32.21	52
33.71	101
35.47	83
34.14	88
33.87	87
34.48	85
33.87	87
34.8	85
33.87	87
33.66	121
34.47	38
33.91	142
35.49	63
32.6	82
34.65	161
34.98	105
33.62	151
35.08	44
33.07	76
35.3	43
34.82	78
34.71	124
32.34	48
32.72	155
34.77	72
32.09	65
32.51	88
33.79	85
33.08	37
33.3	69
32.2	87
32.57	82
32.77	53
31.98	55
34.85	57
34.26	56
31.52	84
34.7	64
33.68	100
33.85	75
32.61	84
34.31	140
37.54	40
34.66	66
33.23	91
37.29	82
35.58	86
33.62	152
36.44	62
33.94	16
35.43	89
35.7	79
33.57	76
34.94	106
34.99	52
36.63	75
34.97	129
35.62	118
32.67	85
32.81	91
31.95	13
36.13	118
32.43	85
33.54	65
34.42	128
33.38	68
33.47	82
31.26	164
34.19	94
34.02	108
33.47	143
32.27	154
34.06	65
33.41	83
33.32	143
33.1	91
33.68	140
33.23	156
32.6	23
31.27	57
31.55	80
34.17	128
36.36	63
33.48	87
34.36	40
35.24	63
33.56	80
34.93	147
33.76	90
34.41	46
35.42	89
35.29	75
30.54	8
33.87	67
34.18	85
33.02	121
33.58	144
34.89	83
32.77	85
33.7	48
33.98	45
31.22	27
33.22	74
33.22	64
32.1	50
32.94	82
31.04	8
33.2	146
34.27	69
35.05	73
33.75	98
32.63	13
31.27	85
32.86	55
33.1	32
33.04	92
31.72	46
33.06	147
31.88	90
32.59	22
34.64	130
32.85	89
35.23	64
33.85	82
34.33	115
31.55	22
33.24	89
32.83	82
33.69	62
33.74	85
34	88
34.16	128
33.26	152
32.19	25
32.95	164
34.05	96
34.06	68
35.14	124
33.4	156
34.38	50
33.75	162
31.42	72
32.7	133
32.14	153
34.12	123
33.56	74
34.19	108
34.02	90
34.96	73
34.65	74
33.68	118
33.82	159
32.7	90
33.76	62
33.01	81
33.39	48
33.69	148
34.61	101
32.54	70
34.78	83
33.65	132
33.98	85
33.06	91
35.13	77
34.66	139
33.21	57
34.83	63
34	74
34.2	134
32.85	79
35.2	33
34.6	42
35.13	40
35.26	80
34.53	118
34.44	45
33.45	90
33.22	81
34.49	33
36.96	30
35.84	39
34.61	132
34.3	65
32.22	11
34.79	73
34.07	163
31.65	89
30.61	12
34.24	69
32.67	62
31.72	80
33.08	40
32.86	146
32.04	55
33.19	135
33	28
32.42	51
33.47	117
33.36	54
33.69	102
32.8	60
33.4	44
33.98	88
33.43	127
34.53	103
33.25	32
33.4	75
33.46	160
33.28	156
34.17	141
35.29	144
33.7	140
32	30
34.45	148
32.16	74
33.56	67
33.98	94
32.55	68
32.87	45
32.87	46
33.96	115
32.33	79
33.23	36
32.32	86
32.63	89
31.69	59
34.1	103
33.1	73
33.39	82
33.83	139
32.63	72
36.22	81
34.99	78
35.11	65
34.7	87
34.83	79
44.47	49
35.54	85
35.12	145
34.92	82
35.93	64
34.13	142
32.38	78
34.67	91
33.84	160
35.73	145
34.51	60
32.69	45
35.25	71
34.15	160
33.42	94
35.91	85
35.52	77
34.17	86
36	81
35.59	59
34.37	101
32.73	5
35.15	126
36.78	104
35.18	110
31.28	22
33.61	69
33.64	62
33.96	94
33.57	86
33.8	127
33.4	118
32.86	48
33.52	86
33.57	105
33.52	85
34.11	71
33.7	44
34.89	96
34.65	66
34.21	40
32.95	81
35.83	84
33.33	83
32.2	89
32.67	58
34.88	67
34.65	84
34.07	10
34.19	104
38.08	74
33.21	81
35.18	78
34.35	85
35.99	79
33.14	84
33.23	79
31.73	51
31.97	84
33.49	137
34.84	56
33.49	143
30.38	7
33.76	76
33.15	83
33.41	64
34.05	83
34.34	54
34.07	58
33.85	129
33.39	63
33.25	108
34.69	58
31.49	73
33.48	62
37.8	91
34.12	149
33.33	82
34.89	91
35.09	51
34.42	68
35.59	77
36.25	93
42	2
33.33	67
32.83	45
33.54	72
35.16	66
35.5	83
33.86	102
35.05	57
33.13	73
32	21
33.21	80
33.84	82
32.99	62
33.99	140
34.85	116
33.28	90
34.9	78
34.66	90
33.31	88
31.53	90
33.12	56
33.65	163
33.58	71
33.6	74
33.44	89
31.53	48
31.26	54
34.22	97
33.67	62
35.44	117
35.33	55
33.69	67
32.76	14
33.55	68
34.16	128
33.46	86
36.24	20
35.15	62
33.06	41
32.12	83
33.47	76
35.06	73
34.75	71
32.78	88
34.82	58
34.42	113
32.41	86
33.49	142
33.38	101
33.59	95
32.17	84
33.22	84
32.52	69
32.92	120
32.64	72
32.56	90
31.89	90
34.93	83
34.92	80
32.8	20
31.38	32
33.31	57
32.71	41
32.42	83
33.15	15
34.01	49
31.59	35
35.5	88
33.25	80
33.54	162
31.52	70
33.63	61
33.85	163
34.09	90
34.27	117
35.52	94
34.89	81
33.86	77
35.92	78
34.77	131
35.99	72
37.19	87
33.52	84
34.95	79
33.84	61
33.52	66
33.3	60
33.43	103
33.78	40
33.44	99
34.9	88
33.4	76
34.57	57
33.95	103
34.44	92
35.52	74
36.88	121
32.42	75
35.49	55
35.2	63
33.87	29
46.03	17
35.94	71
34.64	124
35.84	121
35.21	67
35.89	140
35.42	41
37.17	52
32.84	83
34.52	69
34.47	81
33.66	139
32.36	84
33.41	71
33.31	158
34.21	44
33.79	150
32.99	90
33.88	144
33.2	129
33.81	57
34.5	61
33.15	39
32.86	78
33.7	84
33.85	88
33.38	127
33.67	86
31.97	42
34.28	82
32.2	87
35.77	61
36.72	51
34.47	67
33.51	76
34.55	103
36.51	43
35.21	129
34.15	88
35.37	71
36.11	67
35.05	58
35.75	91
35.25	108
34.55	127
32.82	19
33.93	56
34.4	162
33.4	74
33.88	71
35.06	82
32.22	87
32.66	61
32.87	112
33.26	53
32.5	85
33.29	80
33.56	114
34.54	86
33.34	144
32.86	86
32.9	162
33.51	39
34.33	134
34.83	25
33.83	24
33.99	63
35.9	71
33.15	16
33.85	76
33.42	48
31.74	43
31.16	11
31.17	5
32.5	28
31.07	20
31.92	84
32.24	90
32.16	78
32.54	110
33.89	107
34.99	143
34.73	81
33.65	85
34.93	38
36.52	121
35.36	111
36.04	21
33.38	63
37.4	28
36.78	64
35.37	52
35.61	51
34.89	98
34.37	116
36.03	50
34.08	75
32.59	14
36.69	44
35.17	83
33	68
36.17	62
34.83	124
34.81	89
34.49	85
33.34	31
33.5	43
34.41	59
34.9	119
35.58	89
34.3	143
31.98	90
34.53	86
34.2	44
34.53	57
33.82	25
32.52	42
32.44	85
34.38	136
33.68	76
34.21	50
36.71	124
33.77	147
34.29	150
35.01	68
34.05	39
34.35	56
34.28	66
34.61	116
33.99	78
34.37	91
35.2	103
32.89	38
34.14	58
32.2	91
33.21	108
34.59	100
34.29	132
33.92	81
34.37	87
35.31	48
36.1	78
33.05	86
34.71	97
35.92	50
35.66	83
34.27	89
34.92	104
33.79	64
33.91	42
34.44	103
33.26	47
34.79	63
34.33	72
33.52	44
31.42	61
33.62	70
33.9	95
31.76	79
32.59	85
32.5	87
32.81	26
34.05	91
34.72	78
35.22	76
33.41	0
34.11	67
33.23	75
32.83	47
35.44	79
34.41	64
35.9	87
35.31	86
33.56	62
32.2	79
33.83	141
33.41	75
33.25	71
33.11	87
33.87	46
35.49	71
32.37	150
35.8	76
35.9	88
33.72	89
33.16	141
34.89	99
32.51	88
33.38	140
32.34	90
34.76	61
33.5	96
35.05	88
34.04	102
31.66	91
34.58	69
35.53	83
33.38	74
34.22	76
34.11	42
35.82	51
34.56	99
33.14	15
35.12	95
35.97	42
35.94	53
35.6	78
34.51	138
31.79	39
36.63	30
33.84	90
34.47	88
33.38	91
34.08	130
35.64	26
34.44	90
35.58	74
34.14	55
33.81	138
35.27	89
33.64	111
34.29	144
33.73	162
34.84	144
34.79	110
34.96	133
34.55	102
36.72	62
33.93	128
35.21	113
34.63	68
35.01	113
32.79	159
34.04	48
33.59	21
32.35	81
35.27	72
34.01	137
33.98	90
34.75	110
32.59	40
33.73	128
33.7	84
33.5	47
33.73	79
32.86	157
33.89	26
33.07	53
33.16	76
32.2	90
34.02	94
32.98	80
34.17	116
35.16	58
33.51	90
33.05	76
33.17	61
33.06	80
33.64	162
32.38	33
33.52	64
31.7	33
32.42	36
32.06	58
33.15	85
34.17	79
34.15	32
34.43	97
32.09	157
32.5	155
32.27	144
34.53	113
33.39	44
33.95	88
32.75	83
33.7	77
33.56	67
33.7	76
33.77	79
33.42	68
31.64	85
34.32	73
33.34	82
33.77	152
34.08	51
32.41	90
31.77	74
36.16	59
33.27	163
32.98	39
34.08	52
36.27	69
33.56	91
32.41	86
34.78	50
33.51	88
33.85	65
36.66	59
34.55	88
35.83	86
34.92	81
33.04	158
33.96	154
34.16	62
34.01	43
33.97	49
33.93	86
32.97	163
33.38	78
32.62	39
33.91	62
33.79	136
32.07	40
33.28	59
32.42	145
32.25	15
33.2	161
33.04	83
33.21	72
32.78	78
32.62	78
34.07	95
33.59	66
33.35	123
33.87	87
33	26
34.66	65
33.84	50
34.97	91
33.91	131
34.8	75
34.14	132
35.36	81
33.27	84
34.19	123
34.15	59
35.21	88
33.17	83
33.97	49
34.16	154
33.63	83
33.68	39
33.41	20
33.36	4
36.44	75
34.71	90
37.09	95
35.69	129
37.67	33
34.2	89
65.49	0
33.12	71
36.86	121
35.01	56
35.32	146
34.86	67
34.39	84
34.98	152
35.77	60
34.96	163
35.3	82
32.96	87
32.77	72
32.84	70
33.59	66
33.41	76
31.32	68
31.96	25
34.04	52
34.46	53
33.13	118
34.16	162
36.75	78
35.6	85
34.17	77
36.13	155
34.82	147
33.76	87
36.17	87
46.61	10
36.48	91
30.85	87
31.2	88
31.94	131
33.77	68
31.93	11
33.59	76
34.8	120
32.74	122
32.51	56
31.67	85
34.31	18
33.45	164
32.34	40
32.89	66
34.33	59
34.4	88
34.8	91
34.18	62
34.19	90
33.86	135
32.6	66
32.69	76
33.42	102
32.32	89
31.96	38
32.47	75
31.89	90
33.36	87
33.89	62
32.81	66
33.26	90
34.66	144
33.6	78
34.49	58
33.38	62
33.19	38
33.79	62
34.8	90
34.11	16
35.92	81
33.86	22
33.36	15
34.6	86
33.59	86
33.44	61
35.06	86
34.61	42
32.84	89
32.42	11
33.87	76
35.69	58
35.43	156
34	72
34.07	122
31.2	20
34.6	78
35.99	98
36.38	37
35.35	85
32.71	35
32.88	50
34.43	102
34.61	115
35.24	47
32.57	30
35.23	77
32.53	89
33.75	61
32.97	81
32.21	16
32.81	42
34.02	157
32.79	140
34.37	67
34.18	75
33.53	73
32.92	132
34.11	103
34.09	119
34.36	88
32.55	78
34.72	19
33.47	77
33.1	80
33.44	82
31.59	79
34.99	74
34.53	85
34.59	128
33.19	76
34.7	124
33.01	129
33.58	72
34.79	84
33.6	57
31.43	84
33.17	122
31.46	22
33.78	83
33.36	78
33.14	83
32.44	70
33.65	77
33.2	17
33.13	67
33.94	66
34.95	78
33.63	151
33.5	124
35.14	133
33.83	38
31.31	15
33.68	76
31.6	45
33.44	69
33.08	37
35.26	60
33.21	70
35.52	81
35.21	60
33.55	81
34.88	90
32.27	45
34.39	88
34.14	79
34.63	52
35.7	31
33.85	70
34.88	21
34.21	20
33.44	143
32.19	56
33.06	49
33.55	83
32.17	147
33.1	52
33.89	65
34.34	116
32.64	64
32.93	91
33.9	144
33.52	119
33.54	133
33.44	85
33.67	83
33.2	133
32.65	63
33.27	104
32.25	78
32.16	47
33.56	163
33.6	60
33.84	47
32.71	94
33.69	75
32.53	91
33.52	38
32.74	31
33.89	41
35.22	98
33.31	73
30.68	69
32.61	87
33	52
33.39	69
33.04	70
33.57	122
32.7	50
32.83	80
31.75	64
35.14	80
35.12	97
34.98	82
35.1	53
34.72	53
32.9	82
36.01	67
35.62	12
35.21	76
35.67	122
34.78	91
36.34	58
47.38	10
35.35	62
34.47	85
35.94	79
36.07	50
35	26
34.2	80
34.79	88
33.46	114
33.92	88
32.8	77
33.19	114
33.78	80
32.75	42
33.96	62
32.25	68
33.41	135
34.72	57
34.1	97
32.18	29
33.17	73
33.45	139
32.87	48
31.44	91
34.51	119
34.07	133
33.57	44
32.51	51
34.5	49
35.39	62
33.78	75
34.62	68
35.86	52
36.39	78
34.83	69
36.5	52
34.85	69
33.96	23
34.34	133
32.65	152
48.17	17
34.02	69
33.1	83
34.25	81
34.08	142
30.98	23
33.99	122
33.91	84
32.93	59
33.68	54
32.9	75
34.27	63
34.61	77
34.61	77
33.08	82
32.13	83
33.13	91
32.51	86
35.68	113
44.95	40
33.39	63
34.31	67
45.31	26
33.56	30
33.86	83
33.5	77
34.71	82
31.1	1
33.39	77
33.21	57
34.22	124
32.64	76
34.27	155
34.14	117
33.34	119
33.9	48
33.91	110
33.66	64
33.89	75
33.27	82
33.66	16
34.39	81
34.91	74
33.79	148
36.89	45
33.4	45
35.27	89
34.94	66
34.65	148
34.73	90
34.92	78
37.08	86
34.05	108
35.3	75
35.23	77
34.36	44
34.97	68
33.43	26
32.85	35
33.42	129
33.42	70
32.76	80
30.54	71
33.69	87
32.93	89
30.54	71
33.69	87
33.32	89
33.6	91
32.82	124
33.16	41
33.95	50
33.53	91
32.94	137
33.39	116
33.01	82
34.39	81
33.78	68
34.23	108
33.43	88
34.61	71
32.96	15
33.05	88
31.9	50
33.08	102
32.12	90
34.34	52
32.58	66
32.17	86
33.64	103
34.19	99
37.36	91
32.65	71
33.25	63
35.1	54
33.63	97
32.33	89
34.07	96
33.77	73
31.71	98
34.4	100
33.14	42
33.49	93
32.32	100
36.8	147
33.44	84
34.52	94
34.01	103
34.16	82
32.89	95
33.38	70
32.78	87
33.45	84
33.07	93
34.01	94
30.24	98
33.78	58
33.35	85
34.97	82
31.16	79
33.3	98
32.49	77
34.3	91
34.6	101
31.85	101
32.05	42
32.63	96
34.57	65
33.25	94
32.08	99
33.13	97
34.04	94
33.77	84
36.59	57
33.27	98
33.82	63
34.3	91
34.88	81
32.74	87
34.87	63
33.13	76
32.76	62
32.97	189
33.8	65
34.06	98
31	102
33.03	97
32.99	96
33	102
33.07	83
33.19	83
32.8	103
35.12	83
32.28	93
35.68	85
34.47	73
34.07	77
37.83	80
33.69	79
32.66	94
34.72	64
34.06	102
31.59	87
33.75	49
33.37	27
31.66	103
32.68	60
32.86	89
32.56	99
33.13	95
33.33	88
35.74	82
35.68	82
35.91	73
32.91	101
33.01	103
31	93
33.72	58
35.44	86
34.21	87
30.97	101
34.09	164
35.5	92
34.88	84
31.68	95
33.75	70
32.92	83
33.18	81
35.19	68
33.23	111
32.07	100
33	87
34.51	163
34.31	95
33.95	103
34.58	41
34.07	17
35.43	14
34.49	91
33.89	52
34.17	172
34.61	157
32.92	96
33.76	158
35.26	93
33.77	95
33.97	88
34.58	58
33.75	96
36.77	156
35.39	88
33.99	98
34.65	53
35.37	73
37.42	79
34.48	74
33.6	87
34	62
32.68	77
35.52	56
35.2	94
32.91	94
33.98	98
33.02	83
30.71	101
33.45	61
34.33	10
36.25	80
33.3	66
35.11	84
31.76	73
34.13	37
33.28	89
39	96
33.25	116
34.42	74
32.86	28
32.83	30
30.73	100
33.26	94
34.19	80
34.33	29
33.02	68
33.93	91
32.75	103
33.86	81
33.19	97
34.21	72
33.5	75
34.26	93
32.7	81
32.72	102
33.38	162
31.44	14
34.69	100
34.45	151
32.69	198
35.09	127
33.16	85
34.75	77
36.48	49
33.98	125
34.48	86
33.44	87
34.83	78
35	78
32.67	101
34.34	63
33.37	60
33.25	92
35.4	79
32.34	204
33.54	89
32.7	144
32.97	94
33.16	61
33.92	50
32.7	95
33.35	46
33.32	47
33.05	170
32.66	68
35.39	82
35.24	98
32.71	97
34.78	89
33.6	75
33.01	83
34.03	95
33.19	76
33.91	90
32.75	99
36.5	154
32.98	114
33.63	132
30.38	99
33.36	94
32.88	204
32.7	205
31.87	70
31.88	95
33.45	118
33.18	147
31.27	15
32.53	76
35.28	78
32.46	82
32.75	92
32.53	179
33.68	100
33.87	172
32.3	103
33.25	163
33.73	100
33.28	94
32.8	204
33.77	186
32.93	94
32.8	89
33.86	80
32.87	92
32.16	187
32.68	103
34.23	87
33.08	80
33.19	138
32.71	97
34.27	68
34.46	152
32.58	98
33.58	192
33.92	100
34.29	86
33.73	77
35.28	70
33.47	69
33.48	177
31.84	75
33.33	100
32.03	98
33.28	110
34.59	79
32.32	148
32	102
34.92	59
33.69	93
33.6	76
32.83	94
33.39	103
33.95	84
33.76	91
31.94	102
31.9	4
37.46	104
33.91	100
32.17	102
31.77	81
