sim	len_diff
35.02	85
33.61	163
34.31	85
33.84	157
33.92	139
34.05	149
32.3	125
33.78	137
33.2	162
33.29	154
32.96	160
35.3	87
32.68	137
34.03	69
34.6	129
32.57	148
33.21	163
31.48	161
52.94	44
34.43	122
33.19	161
34.49	142
33.37	155
34.73	40
34.09	141
35.34	87
33	149
33.62	138
52.96	44
34.22	47
32.52	144
54.99	24
36.08	109
47.62	84
36.13	103
33.17	144
54.66	23
34.2	138
33.69	135
33.71	106
30.99	146
33.58	73
35.51	104
34.58	53
33.15	153
32.84	158
45.16	109
32.88	159
32.59	140
32.87	29
33.14	130
33.25	49
33.85	135
52.29	24
32.23	162
33.98	72
33.59	137
32.49	158
32.49	158
31.7	163
53.49	24
34.98	84
34.02	146
32.11	136
34.58	53
33.94	97
41.76	91
34.3	84
47.47	92
47.54	91
47.47	92
53.52	21
32.86	24
33.03	153
33.03	153
33.66	97
32.74	158
32.74	158
32.7	158
34.01	158
33.17	162
35.97	105
33.17	152
33.18	151
32.79	162
32.98	127
33.49	162
32.54	130
33.46	154
32.48	138
33.62	133
32.44	35
34.75	58
33.64	84
33.58	75
50.17	46
34.69	32
32.68	149
33.51	125
48.91	63
38.98	43
34.06	161
33.78	112
33.97	119
34.51	107
34.89	131
34.24	129
33.48	140
34.33	94
34.43	161
32.78	139
33.76	153
34.33	146
33.07	129
32.63	151
39.94	5
33.93	63
33.65	140
34.13	110
33.53	145
33.84	98
33.29	148
32.54	163
37.76	41
33.08	143
34.81	125
33.48	163
32.75	85
35.15	74
34.03	139
34.11	155
51.79	64
54.02	23
46.52	89
52.36	23
46.58	88
31.95	163
34.11	80
51.57	61
33.47	149
32.69	135
32.46	154
33.4	303
33.69	122
34.21	158
46.48	88
33.36	162
33.59	119
33.98	139
32.03	148
32.51	163
33.47	130
33.29	119
33.5	113
34.24	105
31.89	130
32.4	153
33.13	138
33.47	118
32.46	154
34	121
32.44	161
32.5	154
34.02	139
33.26	125
52.38	49
33.97	147
32.98	144
53.62	24
31.91	160
52.33	23
32.27	145
32.98	156
36.08	111
32.97	135
34.41	142
36.02	111
46.37	89
34.08	111
33.85	118
32.88	162
31.7	106
34.03	126
31.97	123
33.45	139
33.43	134
32.79	111
32.26	23
32.56	144
34.61	133
34.08	133
34.14	163
34.04	131
37.34	116
33.33	84
34.58	171
33.75	134
33.21	163
35.18	45
39.3	256
35.17	151
34.42	52
33.63	143
33.77	138
35.85	12
38.74	44
33.32	150
33.47	271
32.91	188
34.34	150
33.96	112
33.65	142
33.06	145
32.48	143
32.88	96
42.94	107
33.94	124
32.39	131
36.41	105
33.2	157
32.7	160
32.88	138
32.11	148
33.66	138
32.82	106
32.44	155
35.57	113
31.12	65
32.8	156
33.62	117
31.72	144
32.81	320
32.05	141
32.63	157
32.48	141
32.15	163
51.38	65
32.62	144
33.24	162
34.08	108
33.03	74
32.62	161
34.4	120
34.15	134
32.2	114
33.07	148
34.15	161
32.68	159
32.66	50
33.48	40
34.44	105
32.37	156
31.12	65
32.66	146
33.91	140
30.33	12
33.32	148
32.38	146
48.27	70
45.66	61
34.77	98
54.5	22
48.68	41
33.4	158
32.23	148
33.91	160
31.04	151
32.85	160
31.62	163
32.12	159
32.89	156
33.84	63
32.87	163
34.74	192
34.69	93
34.7	113
46.24	53
44.82	110
33.53	133
33.69	161
33.72	128
35.8	86
34.09	142
35.72	67
52.95	44
44.99	87
32.89	158
33.42	115
32.32	148
33.16	156
32.42	156
43.58	132
33.72	89
38.02	45
33.4	182
34.83	103
35.31	89
33.48	144
33.35	161
36.6	97
35.61	135
35.16	142
33.62	144
34.95	135
33.64	138
33.87	159
34.1	119
35.27	105
46.63	101
33.25	162
33.13	132
33.31	116
34.35	147
54.33	27
35.39	153
32.74	135
34.76	155
34.1	138
36.7	18
33.55	137
34.34	155
35.1	143
47.65	94
34.18	144
34.94	163
32.44	161
32.8	163
34.19	160
32.48	145
48.9	79
35.55	137
51.7	81
35.36	151
54.01	42
34.45	112
50.47	46
34.48	92
35.74	147
35.24	156
34.51	98
34.64	98
34.8	118
32.88	134
33.67	152
36.55	110
34.17	157
34.49	139
33.4	155
33.38	124
32.31	152
32.73	107
34.59	104
35.55	88
31.17	24
33.25	139
34.04	92
34.64	78
33.07	79
34.05	118
34.36	62
35.02	137
33.96	142
47.29	5
35.28	89
33.45	134
37.47	9
35.01	78
36.16	121
38.15	17
35.62	74
33.79	138
38.14	23
35.02	100
33.99	132
34.02	78
34	94
33.2	68
34.35	106
33.88	116
34.23	123
32.2	140
32.74	47
34.38	136
32.73	33
32.56	58
32.88	142
33.07	85
35.09	102
33.83	113
33.28	113
43.62	7
34.29	139
35.12	91
35.07	183
54.98	3
35.81	92
35.21	111
36.73	141
38.31	2
35.28	137
36.2	101
46.9	18
35.7	94
53.81	3
58.74	8
34.51	136
35.27	141
35.6	132
36.39	108
34.96	135
32.77	109
33.2	252
32.69	104
34.44	91
32.54	141
36.17	106
36.76	9
32.76	133
35.78	79
33.09	141
32.01	143
33.33	48
33.39	53
32.32	141
34.27	102
34.37	127
33.34	137
32.15	17
34.97	94
33.36	133
35.35	57
35.98	131
35.04	110
36.63	73
38.68	90
39.52	20
35	133
35.59	109
35.63	107
55.67	11
34.26	80
36.36	103
34.4	142
36.61	94
35.58	136
37.46	101
35.25	122
35.18	63
56.6	3
34.95	140
36.91	5
35.24	110
33.7	74
35.34	81
35.49	101
32.09	140
33.93	116
33.48	53
38.73	9
36.18	120
64.94	10
33.86	118
34.11	139
39.03	13
33.81	138
37.01	85
40.59	6
34.55	137
35.06	113
34.95	96
35.08	106
33.62	89
34.44	74
52.65	15
34.29	119
33.52	101
34.2	76
34.62	128
39.04	4
33.85	97
35.24	100
32.85	35
54.66	10
34.57	129
34.25	115
33	137
34.87	73
32.17	20
32.73	10
33.86	125
34.88	134
34.48	30
34.93	71
34.17	69
37.65	102
49.41	58
33.99	101
34.75	216
35.25	92
33.52	98
33.64	108
32.96	121
33.8	190
32.15	39
33.79	123
33.27	12
57.55	2
33.19	131
37.52	47
33.59	71
35.31	116
34.78	133
35.22	109
40.85	48
38.14	23
34.92	126
52.95	15
36.18	131
34.63	143
38.75	41
32.57	140
37.13	11
34.03	99
43.94	86
35.34	122
32.44	135
33.23	99
32.74	133
35.31	75
35.01	75
36.58	3
32.07	135
49.73	6
33.4	136
33.11	115
32.66	73
32.46	131
33.31	81
33.45	121
33.01	140
57.05	15
41.75	39
35.19	185
35.63	55
55.88	9
35.05	96
36.2	78
36.34	120
35.63	68
34.44	142
40.78	17
42.86	10
34.05	56
33.73	128
35.21	11
34.56	131
45.16	9
35.74	126
58.69	2
40.37	17
41.87	17
34.34	79
35.24	96
38.34	16
36.6	22
33.99	159
43.47	13
34.34	87
33.22	145
59.86	6
35.95	133
45.81	48
36.4	79
58	7
34.93	83
34.93	141
34.58	145
36.43	98
41.33	3
35.8	73
31.72	143
46.07	17
32.81	84
39.1	29
32.95	116
37.44	38
38.4	2
41.18	18
33.74	184
35.5	79
36.6	131
55.25	5
39.08	79
42.96	13
41.08	9
59.62	7
54.7	4
34.91	68
34.74	141
35.12	56
33.85	133
34.69	15
34.07	59
35.25	119
38.23	5
56.3	12
45.9	20
35.51	134
33.97	118
34.42	142
35.52	92
52.76	16
33.48	128
34.37	142
33.93	62
35.06	98
34.53	70
35.46	93
51.94	8
34.93	75
35.55	140
33.9	97
53.25	21
44.93	22
58.73	2
35.28	61
34.86	116
33.74	119
34.91	105
52.13	30
33.62	108
34.14	139
35.23	130
60.01	2
34.86	131
32.64	59
40.39	17
34.88	65
37.5	36
34.23	142
34.65	109
54.18	1
39.86	35
35.13	83
56.61	1
35.46	121
37.81	34
35.29	135
35.2	132
36.48	120
34.45	254
41.91	25
34.63	133
38.22	80
35.97	125
36.51	109
35.78	121
57.62	10
34.82	117
53.55	4
33.99	70
36.98	114
35.77	19
36.71	107
36.23	100
44.04	5
36.07	91
57.07	10
35.06	141
37.42	113
34	131
34.26	129
34.77	134
32.65	122
56.94	8
34.94	116
34.34	142
33.58	141
33.65	104
33.33	135
37.12	8
39.34	8
38.79	5
33.51	137
33.73	37
35.01	86
57.32	3
33.46	118
33.09	14
33.9	84
34.5	75
30.67	36
32.97	144
32.89	114
32.7	189
32.68	32
48.54	7
48.54	7
37.58	117
34.98	101
34.55	68
34.49	120
33.89	75
35.26	68
35.45	78
36.01	144
59.6	10
41.88	4
34.85	144
35.78	84
35.74	119
43.63	10
36.17	73
35.24	140
35.44	111
36.96	119
49.8	21
40.87	37
39.76	7
35.93	45
30.52	12
33.84	125
33.6	242
32.8	30
34.81	96
32.42	94
34.45	171
31.7	67
33.88	134
32.46	58
33.09	145
33.12	14
33.34	127
33.72	122
33.77	126
33.11	118
32.95	79
32.97	249
34.33	185
32.72	123
33.25	140
33.47	134
33.12	141
34.99	17
35.72	7
38.92	3
35.41	3
40.41	2
52.1	4
41.17	6
36.29	114
34.9	59
35.35	23
36.91	26
54.15	7
35.69	138
35.73	120
39.86	3
36.06	100
35.53	81
36.27	92
55.37	5
34.13	116
36.17	1
33.16	134
33.19	116
34.38	107
33.2	130
32.35	143
33.34	83
34.56	51
34.78	121
35.93	80
31.04	21
33.88	143
34.94	121
35.42	137
33.07	73
35.28	148
34.76	99
35.24	138
35.88	128
34.58	130
36.21	101
50.38	17
34.65	147
31.9	96
33.49	99
35.92	110
34.72	120
34.02	145
33.36	83
34.79	78
34.85	101
33.61	42
35.32	115
51.72	2
34.65	77
33.86	123
35.15	154
33.14	124
32.1	116
33.26	132
33.02	143
32.26	141
32.98	77
36.98	28
32.85	75
32.76	141
31.99	213
33.72	142
34.54	208
33.59	133
32.11	36
33.82	118
34.8	144
33.87	82
54.63	5
36.95	26
35.27	222
35.68	85
48.62	17
34.94	145
34.03	140
35.61	232
34.87	144
41.66	9
39.59	8
35.61	89
34.22	124
35.09	155
53.93	46
35.65	106
35.6	114
34.87	109
35.78	140
35.53	114
35.96	101
35.72	78
35.48	129
33.93	143
34.34	132
33.91	128
33.09	121
39.55	22
36.22	31
31.44	71
33.7	73
54.97	3
33.4	90
35.38	115
34.96	132
34.64	107
34.62	66
36.56	80
43.74	10
40.17	12
54.88	20
37.48	113
34.49	145
34.51	133
34.44	116
35.48	252
35.96	88
33.88	144
53.45	10
34.92	116
35.03	83
36.63	5
34.01	43
34.25	96
34.51	86
34.55	109
36.4	45
35.3	92
35.08	132
34.81	67
35.52	119
34.29	136
35.37	73
35.14	107
34.14	19
33.74	136
35.04	138
35.7	125
34.63	87
34.12	127
34.84	102
51.88	7
39.47	13
55.33	15
33.15	110
34.1	128
36.11	112
34.55	105
34.92	145
54.8	15
38.21	12
38.55	18
33.91	84
34.54	75
34.25	100
35.74	121
34.24	140
33.3	136
36.57	85
34.94	126
35.55	104
35.5	108
40.28	47
41.83	3
34.65	136
33.27	130
60.36	1
47.55	6
34.54	229
34.56	138
38.02	24
35.19	137
36.7	86
35.22	66
35.32	120
56.88	9
45.34	15
34.81	101
35.05	23
39.45	15
35.04	105
33.71	130
33.29	141
32.53	43
33.31	130
33.23	98
33.48	69
46.89	25
34.01	132
34.29	71
40.5	4
41.66	10
34.31	139
33.65	145
33.46	88
37.03	6
36.68	4
39.23	18
33.42	121
34.22	85
35.31	88
33.69	109
34.69	122
34.33	65
33.31	71
33.29	203
32.57	91
33.53	124
34.19	113
33.28	222
32.13	13
33.67	96
37.73	22
36.92	115
35.09	132
37.65	108
35.2	134
36.07	71
34.56	122
56.77	1
35.74	115
35.42	141
35.22	75
34.66	188
34.59	120
59.56	1
33.75	139
34.55	132
33.28	112
39.19	4
35.13	124
60.2	4
35.48	109
34	135
32.92	142
58.23	3
34.26	138
33.45	139
32.11	96
59.45	4
32.8	109
35.35	176
32.18	7
34.9	73
33.84	106
33.74	137
35.3	128
34.94	121
55.24	11
34.71	57
43.77	17
35.5	117
30.71	11
34.01	134
39.3	9
56.92	10
60.2	3
35.61	94
39.44	35
34.85	114
34.09	137
35.01	79
35.24	134
33.66	110
34.14	122
34.11	182
35.95	78
35.23	77
37.57	9
39.47	45
58.37	6
35.44	135
34.7	104
34.58	132
35.48	82
34.72	142
34.8	121
39.57	35
55.17	4
34.85	130
39.9	19
36.42	65
35.51	88
34.33	141
34.36	139
35.39	116
36.31	78
32.88	51
34.29	96
41.57	36
33.85	9
47.31	17
60.8	4
30.87	8
34.66	184
58.13	3
33.87	116
34.13	69
34.83	79
34.91	94
58.17	3
33.46	126
33.56	103
32.56	57
34.36	136
59.75	1
33.48	144
32.25	48
33.64	105
33.66	119
33.47	63
33.18	111
31.59	137
33.53	142
61.3	1
33.94	103
33.15	114
34.08	124
35.83	79
38.36	24
34.54	110
32.55	140
32.4	82
35.79	109
36.86	45
34.64	111
55.08	2
34.94	241
33.48	250
36.63	82
36.21	120
33.8	132
33.4	66
33.54	138
33.98	177
33.81	116
36.73	13
35.6	29
33.55	124
35.01	78
34.58	145
36.72	21
49.29	20
36.62	140
34.18	126
38.54	19
34.25	126
41.41	20
53.66	28
34.81	136
36.35	15
34.74	137
46.47	7
57.25	17
35.28	101
34.65	109
34.29	77
34.68	45
34.56	108
32.05	16
34.64	134
33.74	55
36	133
33.22	98
33.13	144
32.88	103
33.43	41
33.35	131
42.99	9
36.49	35
33.37	141
34.66	12
31.34	143
34.53	155
43.56	7
37.35	22
54.47	11
37.95	9
35	35
34.73	132
34.92	87
39.04	31
33.56	137
35.12	92
34.47	137
36	144
35.01	143
34.98	104
35.51	139
35.79	96
46.87	13
34.98	142
35.49	142
47.51	22
34.15	125
37.04	12
33.2	58
34.64	88
34.28	140
33.92	133
33.19	91
34.7	114
33.67	87
33.22	126
34.47	102
34.4	137
34.34	106
35.43	74
35.09	93
33.38	133
32.98	63
56.9	4
35.28	91
60.94	8
34.28	74
35.63	176
34.15	124
37.87	13
34.4	79
35.56	153
34.7	167
41.15	38
37.22	2
35.71	102
53.9	2
34.15	138
34.07	77
34.65	108
36.27	100
36.24	71
38.94	23
36.61	133
33.46	96
46.59	18
32.43	144
34.45	106
33.58	125
40.85	3
37.95	31
55.85	0
35.4	77
39.9	34
39.74	9
34.64	108
57.27	4
36.14	105
33.71	130
34.53	90
43.41	5
34.06	132
33.99	144
32.71	141
35.29	106
33.12	113
39.67	33
34.49	120
62.65	2
34.06	79
33.48	131
32.87	143
35.81	115
33.42	128
32.74	144
34.12	115
34.22	142
35.37	130
36.17	91
34.29	98
60.11	2
32.77	59
44.71	16
34.83	65
34.73	123
33.65	200
34.77	121
56.45	2
34.32	135
36.2	67
36.95	53
35.99	130
35.59	104
34.71	120
34.22	122
57.04	1
37.95	20
34.74	141
36.29	100
33.67	141
33.28	139
35.71	53
40.81	0
35.84	190
33.88	95
36.12	125
56.96	1
35.16	116
36.32	91
35.47	122
38.71	22
47.5	14
38	3
34.39	94
40.41	1
40.51	36
33.99	119
34.45	137
34.07	19
36.94	17
39.91	9
39.5	47
34.55	67
39.96	4
57.89	4
48.18	5
39.93	16
33.35	67
34.07	164
33.09	112
35.22	96
32.81	137
33.83	79
34.09	122
34.44	130
34.22	118
32.96	145
35.08	126
35.37	105
35.46	44
35.24	159
58.51	12
34.08	120
33.6	142
37.74	2
33.84	133
37.53	99
36.04	37
40.32	8
34.7	137
33.75	144
36.4	144
35.04	135
35.28	41
58.09	0
33.42	138
33.8	35
34.14	107
35.2	75
30.16	14
34.08	126
33.14	133
33.87	127
35.52	75
34.14	128
33.46	111
33.63	160
34.28	115
33.82	137
33.23	81
60.71	1
34.29	127
43.55	9
34.23	140
33.85	135
33.55	123
37.81	22
56.46	1
34.61	117
36.03	129
34.62	136
35.07	137
35.58	96
45.18	15
35.18	84
34.65	89
30.92	14
36.11	99
34.87	144
33.16	140
57.73	16
33.17	65
32.58	141
35.4	123
39.8	1
32.71	123
32.99	55
48.19	16
34.09	117
33.19	135
34.09	104
33.34	109
33.23	96
32.34	14
32.47	141
33.18	142
34.03	95
33.22	91
31.95	136
33.67	121
33.28	127
60.56	4
34.79	160
32.71	72
39.64	8
34.23	143
34.85	120
36.7	75
34.59	104
36.61	135
35.05	114
34.93	117
44.97	17
33.97	127
34.59	101
35.34	115
33.33	66
34.8	133
34.17	103
35.1	86
35.5	128
47.14	4
34.4	94
34.3	36
33.67	220
36.68	123
34.36	124
57.62	1
34.85	127
34.81	140
34.88	121
46.72	15
35	126
34.53	130
38.41	47
35.44	134
34.92	123
35.58	108
35.85	81
34.86	143
36.74	104
36.51	112
35.4	110
34.33	133
51.94	5
34.02	176
33.96	139
32.54	39
34.09	75
33.97	132
48.25	18
34.81	75
33.27	145
35.82	63
33.55	136
62.01	6
32.7	96
47.79	17
34.19	128
32.88	60
62.01	1
37.92	12
32.48	88
34.12	126
34.37	132
33.18	144
34.29	98
35.83	127
32.98	143
33.64	79
34.89	135
38.57	10
39.17	30
35.16	123
56.34	3
33.86	97
38.86	12
32.6	22
33.13	136
34.01	81
60.32	3
33.25	90
34.02	83
33.08	93
36.95	9
56.11	1
33.98	23
45.11	14
34.92	83
33.74	136
33.23	124
33.36	58
33.85	76
33.09	137
34.64	81
32.27	140
33.31	82
33.38	143
32.83	112
34.54	87
32.66	141
32.9	132
34.05	79
32.51	144
32.92	124
39.14	4
34.48	88
35.92	42
56.37	2
35.21	77
34.17	132
40.26	0
42.25	39
34.54	75
38.78	43
36.54	74
47.28	15
34.58	141
35.19	55
36.89	96
34.91	145
42.47	9
35.44	145
34.96	141
35.37	140
35.77	67
32.38	123
59.09	3
35.01	81
36.33	97
58.09	1
39.3	9
35.14	132
35.83	130
34.25	132
35.36	135
33.96	138
33.9	1
57.35	10
37.58	35
34.8	108
38.18	8
33.32	131
39.07	24
41.78	22
33.81	65
34.33	167
61.25	1
34.88	72
34.28	132
33.46	60
33	137
33.48	102
35.2	91
33.39	119
32.8	140
33.71	121
34.41	129
34.19	137
31.79	10
32.95	145
34.13	65
56.98	3
52.75	11
36.55	3
35.69	127
35.14	125
35.99	69
37.56	10
36.48	100
35.57	113
35.27	80
52.79	5
35.24	116
34.27	145
40.21	15
33.29	46
33.39	76
37	57
32.53	103
39.05	1
32.04	138
31.81	16
53.25	14
33.96	125
39.69	63
55.7	1
51.49	1
43.44	8
59.56	8
35.75	129
41.7	6
35.66	58
53.96	1
35.14	143
33.13	145
60.47	1
33.38	124
32.97	243
34.51	101
33.69	97
34.55	145
35.22	145
34.55	145
35.22	145
53.88	10
33.81	29
35.44	106
36.05	115
34.72	137
32.82	38
36.7	94
35.1	137
34.4	143
37.3	103
34.82	214
35.7	88
35.36	82
33.99	59
39.68	9
57.88	1
39.22	9
33.98	132
35.24	103
37.63	13
32.57	79
33.56	131
31.15	143
47.06	20
33.93	141
45.23	22
32.6	14
58.01	1
35.49	115
33.55	139
38.41	7
34.74	144
41.93	19
33.26	58
32.04	107
34.15	140
34.49	75
34.22	136
32.54	50
35.9	79
43.24	19
34.5	88
34.26	108
33.64	124
35.08	83
62	3
33.04	125
39.73	10
33.24	143
32.86	143
57.15	7
35.46	127
56.42	5
35.6	108
35.74	77
36.42	86
35.72	131
34.97	103
36.91	124
41.06	3
35.65	57
36.02	31
35.51	126
35.91	90
36.5	118
34.82	141
50.93	1
34.49	140
38.82	42
34.45	126
36.26	142
36.31	76
34.77	133
35.58	73
53.87	10
37.07	98
35.52	130
34.78	126
33.82	78
35.62	128
37.13	35
35.53	110
35.48	137
35.57	224
34.01	128
35.01	225
34.09	128
53.12	4
33.71	105
34.98	143
35.9	120
35.34	133
34.86	100
36.88	92
34.95	132
35.25	134
51.16	3
35.54	109
35.91	130
55.24	6
37.19	70
35.11	139
36.3	78
35.74	120
34.28	259
35.07	116
35.82	75
57.05	12
35.62	128
35.53	91
36.91	118
35.65	84
44.64	8
40.21	10
35.47	141
37.14	101
38.55	48
36.48	106
57.43	2
37.62	78
34.79	33
34.28	144
35.43	121
32.96	143
54.44	9
60.21	3
33.64	108
34.52	72
37.19	1
39.83	3
33.96	133
35.41	115
35.69	195
34.47	45
33.77	45
35.83	88
35.76	112
53.07	10
38.14	6
35.15	83
35.09	126
58.02	2
34.95	139
33.8	145
30.59	7
33.21	43
35.16	56
39.43	23
35.53	111
44.94	19
33.84	122
33.18	192
54.17	1
35.1	49
33.67	133
33.96	108
47.06	13
33.78	245
32.77	79
34.51	88
33.84	137
33.42	60
34.16	126
33.79	140
32.96	234
46.67	18
38.6	26
59.77	3
33.81	79
38.93	7
61.02	4
39.55	49
36.1	107
39.75	45
36.78	107
38.65	21
46.42	25
36.58	116
34.01	76
51.43	14
36.22	136
35.92	118
35.18	67
34.62	130
51.09	6
35.81	128
34.43	134
34.89	71
36.01	188
35.46	122
35.04	116
33.66	70
37.86	101
48.61	24
34.68	136
33.87	60
36.79	20
59.33	8
34.62	134
37.16	100
34.74	133
35.19	140
36.17	109
36.18	136
43.53	2
35.02	97
35.49	139
49.38	18
56.57	1
35.46	123
31.92	145
34.43	92
33.08	102
58.84	1
34.88	108
33.18	119
33.97	136
31.59	12
34.85	70
34.66	81
39.99	26
43.14	17
52.47	9
37.34	113
36.25	111
36.64	129
41.75	25
53.28	5
34.77	113
37.59	120
34.58	79
35.42	109
35.11	99
33.97	143
36.59	81
36.2	100
55.77	1
33.3	15
32.63	17
35.85	56
34.46	143
35.43	135
45.11	19
59.4	6
34.03	134
35.58	120
41.65	14
34.63	120
35.85	97
35.45	122
33.5	138
39.42	15
35.12	98
34	134
54.94	12
37.51	10
34	134
34	134
33.58	138
34.2	86
36.01	116
34.44	15
53.59	10
36.1	123
34.93	104
33.85	132
35.11	209
37.14	112
35.54	87
34.36	168
35.03	126
55.64	4
36.1	95
34.43	106
34.7	137
35.1	237
36.31	65
36.4	116
52.53	8
35.28	143
56.79	1
35.45	117
34.13	85
36.38	58
37	76
34.18	134
45.08	33
34.78	116
35.64	115
40.48	18
37.14	82
35.43	135
36.44	121
35.13	98
35.28	54
36.38	108
35.66	119
35.57	81
35.78	137
35.88	107
33.66	131
33.71	140
33.71	144
45.03	21
46.04	20
58.38	2
32.87	121
35.08	127
34.92	118
33.92	118
34.15	120
34.23	125
33.7	135
34.17	144
34.89	133
40.91	2
53.41	7
36.18	140
34.45	113
35.67	157
34.28	145
35.52	25
33.57	94
42.58	15
34.28	84
34.15	20
34.18	139
33.31	25
34.18	139
35.12	141
33.91	142
33.02	49
41.86	17
34.9	124
33.08	106
57.15	0
31.95	21
40.7	6
32.91	141
33.15	130
36.83	5
39.76	30
35.18	129
34.71	135
34.64	126
38.26	9
57.9	14
36.11	74
33.9	143
39.55	3
34.48	138
38.95	13
36.68	101
33.91	23
34.85	64
35.13	58
35.16	139
35.96	67
44.43	13
35.06	140
33.02	120
41.2	34
34.45	135
33.2	40
35.16	131
40.9	28
34.69	110
34.95	41
34.31	140
55.05	11
59.01	7
33.34	87
33.65	40
33.74	133
33.56	181
33.74	137
46.04	19
32.5	130
46.79	16
38.4	16
32.92	7
34.59	223
35.8	122
54.21	1
34.95	143
59.68	6
34.69	100
36.54	103
34.12	141
35.49	72
33.4	104
32.33	136
30.83	8
34.44	80
35	94
60.88	2
34.37	115
35.19	132
34.34	120
33.8	133
46.17	14
33.43	144
35.14	102
33.85	82
33.78	229
56.22	0
33.73	143
34.4	144
33.67	132
41.75	18
40.68	2
33.77	69
34.09	89
36.13	82
38.25	8
35.66	94
34.85	133
33.22	129
34.75	80
60.75	10
34.62	96
33.11	143
37.05	51
34.64	104
33.72	64
56.42	0
34.99	76
33.72	155
33.47	115
33.58	142
35.77	197
59.17	29
39.47	13
38.1	8
35.91	87
36.28	84
34.51	131
35.42	136
36.32	67
34.04	132
39.04	23
33.97	20
54.13	11
34.96	110
33.8	127
33.96	108
33.96	123
34.07	138
36.08	81
34.72	132
33.51	107
34	108
32.13	122
47.22	17
34.21	180
32.63	117
62.01	3
33.78	115
34.89	123
34.26	131
61.18	2
33.16	136
45.43	22
32.83	99
33.42	119
34.73	63
37.07	5
33.34	174
36.05	75
34.02	130
34.48	105
33.71	129
39.83	16
45.57	14
34.83	121
33.82	131
54.08	10
53.14	10
58.44	3
33.72	120
37.25	82
39.55	34
34.73	95
35.92	132
35.27	177
34.22	86
33.92	81
36.48	72
32.56	11
35.48	124
42.26	4
35.72	121
38.15	18
36.76	78
55.94	11
43.08	21
35.87	89
40.93	45
34.41	117
34.73	73
34.19	115
34.35	229
32.9	177
33.84	133
36.05	114
58.25	11
32.79	53
34.14	140
33.44	136
34.28	101
35.9	131
60.61	0
33.49	145
35.95	113
35.69	44
71.42	1
40.85	24
38.5	29
39.15	29
53.09	16
36.55	45
34.9	64
33.6	120
42.93	18
32.52	142
33.26	115
37.84	13
33.35	133
32.59	63
33.59	132
45.82	4
35.19	84
59.62	0
36.96	46
33.77	127
35.69	74
34.35	101
35.86	65
40.39	46
35.01	133
33.9	127
33.44	187
36.56	77
33.47	83
33.77	129
33.95	94
33.69	137
38.33	14
34.44	141
33.83	139
34.74	94
35.58	89
35.53	80
42.25	15
52.89	7
34.41	121
33.65	132
33.37	255
34.51	104
34.83	105
33.32	113
34.03	145
33.15	107
36.97	2
58.39	2
34.56	91
33.54	80
39.31	23
33.39	102
33.85	106
33.6	126
33.18	101
33.28	144
34.02	75
33.03	128
34.54	165
56.57	6
33.65	113
36.56	4
33.96	89
35.06	78
34.9	137
34.87	225
40.69	23
39.01	8
57.73	1
33.46	137
34.71	42
33.61	109
38.6	9
34.44	112
37.19	4
34.99	90
34.68	63
56.84	1
36.26	58
40.01	10
39.2	12
34.8	139
34.06	114
33.66	127
32.98	116
32.64	140
62.51	2
35.86	14
33.91	100
33.42	126
33.41	139
34.61	117
33.77	90
36.12	94
35.73	62
48.87	17
38.09	19
35.22	115
34.54	71
36.61	33
33.87	143
35.35	141
35.04	109
34.76	145
35.26	68
34.92	76
57.03	0
34	123
34.25	142
35.11	144
34.61	135
38.03	11
34.27	62
39.96	1
35.99	118
34.81	79
33.82	113
38.29	8
40.65	15
38.12	10
34.92	138
33.4	32
33.56	108
30.86	39
35.09	106
34.48	123
34.71	99
47.61	14
33.83	97
34.51	78
33.62	78
34.03	130
32.15	17
34.45	107
32.89	114
33.07	121
33.29	124
34.05	218
33.9	77
36.03	33
38.12	30
34.36	52
33.54	145
35.49	85
34.57	140
34.76	69
33.4	134
33.71	51
33.8	110
32.84	74
33.07	131
33.94	75
33.03	129
38.94	13
37.65	32
34.19	67
34.19	128
34.1	141
57.29	1
36.56	23
37	11
34.64	90
33.57	24
33.92	130
34.19	119
37.11	121
56.64	0
33.92	111
42.23	9
35.5	140
34.14	79
35.41	111
35.4	131
33.95	140
35.04	144
34.92	122
36.19	142
34.4	143
35.79	138
36.26	85
35.15	61
42.54	1
44.74	15
38.23	30
33.62	52
34.65	69
34.51	121
39.22	8
39.78	14
38.14	8
38.57	1
32.96	95
55.57	5
34.56	132
53.74	12
35.77	106
35.2	66
39.39	32
38.51	9
36.47	95
34.28	122
35.19	104
34.46	164
33.73	145
35.25	62
33.11	43
33.65	174
34.14	115
34.97	122
52.8	14
34.47	131
34.21	64
32.82	125
35.59	114
53.86	7
34.06	54
35.82	86
34.67	62
35.94	92
37.36	76
53.09	5
36.21	144
35.36	135
33.27	112
43.83	23
31.82	100
34.14	116
32.17	100
32.87	113
60.96	2
34.37	125
33.73	134
33.78	62
32.61	144
35.75	26
31.76	122
57.62	3
32.07	12
34.19	96
34.53	140
33.89	75
33.92	90
38.23	24
34.14	68
36.76	70
36.08	98
37.06	104
38.95	21
35.63	91
50.38	2
57.2	11
35.06	142
36.02	51
34.2	126
34.95	145
37.09	75
36.97	32
34.28	123
34.94	71
35.64	140
36.72	108
35.95	111
36.81	85
52	10
33.59	116
34.63	131
36.19	78
33.93	144
42.29	4
39.27	87
38.1	19
34.31	128
34.1	86
61.38	6
32.21	43
33.26	123
32.62	48
32.83	135
32.33	141
33.62	75
33.39	117
33.38	109
32.06	101
33.88	182
33.36	186
34.16	176
33.45	105
34.65	100
34.54	143
34.24	115
33.54	40
34.03	66
33.88	143
34.31	93
32.31	142
34.45	85
34.58	110
33.1	135
33.18	119
61.85	1
34.85	145
51.28	11
34.9	140
35.19	83
36	130
34.77	123
58.44	1
34.5	68
33.15	84
33.67	74
35.63	87
37.76	13
43.12	20
32.07	130
33.74	67
45.18	14
33.27	145
31.13	23
34.35	111
34.06	40
34.31	65
34.16	101
34.6	114
34.13	95
58.29	2
33.48	68
31.5	11
34.29	123
32.51	29
33.8	188
33.52	99
30.98	14
34.53	120
40.39	3
40.83	4
39.15	9
32.7	142
32.13	138
33.89	144
57.55	1
31.74	145
33.56	101
33.25	106
61.55	4
36.31	92
34.59	120
39.9	28
33.29	131
35.37	104
36.92	87
38.98	7
35.14	133
35.12	130
41.52	2
37.86	77
35.82	132
36.19	59
34.85	133
33.64	130
34.89	73
35.5	53
57.86	0
45.29	6
35.3	93
34.07	100
33	35
34.81	61
36.06	86
35.12	113
34.44	116
35.18	119
53.04	14
34.37	70
32.95	135
39.12	48
33	138
34.49	59
60.07	3
34.07	109
34.44	77
32.96	64
33.67	72
60.08	7
36.4	119
34.87	122
34.69	115
89.42	0
33.91	143
33.73	140
34.6	85
40.55	29
34.36	138
100	0
46.36	20
35.06	114
33.78	142
34.45	112
33.94	92
61.03	1
45.85	12
32.94	137
38.58	1
33.71	139
55.38	8
65.45	4
33.73	33
40.26	13
40.4	28
35.63	76
33.97	134
34.04	128
34.79	124
35.02	64
34.21	139
34.55	130
57.2	2
35.12	117
41.76	17
35.13	125
35.24	112
34.37	34
35.29	64
33.46	18
33.96	85
33.59	100
34.6	76
34.18	115
51.02	7
33.86	94
33.49	143
34.65	108
35.67	68
32.58	34
33.62	82
33.06	102
32	89
60.22	2
34.96	5
38.31	40
33.51	134
34.3	137
37.1	18
38.54	33
33.12	104
35.09	80
34.79	73
34.35	113
32.63	80
32.85	136
34.29	88
60.6	2
32.5	133
34.73	97
34.88	81
33.56	115
33.67	137
33.45	120
34	52
36.73	36
33.63	77
33.72	118
33.48	107
34.24	118
58.11	2
34.4	107
34.56	93
34.96	81
34.37	140
34.57	116
39.86	10
45.78	24
33.9	155
33.52	144
33.51	141
33.93	109
34.41	99
41.11	15
31.99	119
33.92	121
56.42	2
35.41	71
43.95	10
32.83	103
33.61	128
33.05	110
56.01	10
34.24	95
33.61	35
33.61	137
35.76	119
33.46	200
36.98	13
34.63	193
32.71	120
34.95	74
33.55	132
33.96	65
32.68	132
34.43	106
61.77	2
33.52	106
33.69	132
34.31	141
34.46	41
34.86	58
34.88	172
34.63	137
58.04	4
36.88	24
34.79	122
31.66	7
35.38	136
34.42	89
35.41	174
52.23	13
35.88	96
34.42	107
52.15	10
34.48	140
34.97	30
35.94	65
35.92	134
33.08	119
35.15	103
34.57	79
35.19	125
34.81	124
35.52	101
38.74	12
54.06	16
34.17	95
36	105
39.52	15
41.25	13
61.33	0
35.22	132
38.07	8
35.11	145
38.87	14
37.08	114
37.93	20
43.22	8
38.19	41
34.55	80
34.04	88
33.95	93
60.3	2
32.45	145
32.96	138
38.92	1
34.65	118
36.69	29
42.02	39
34.77	79
34.29	92
33	13
34.04	130
59.82	3
34.67	124
39.75	9
37.82	11
34.44	119
34.81	219
32.14	143
30.7	8
35.77	80
32.17	124
34.73	73
34.06	91
34.26	72
60.12	2
33.07	129
44.74	8
34.51	80
33.95	93
60.13	2
34.04	88
32.91	138
32.85	136
33.55	138
33.54	96
34.73	116
42.74	15
35.25	142
34.51	105
34.94	141
35.5	87
33.96	248
38.58	8
57.22	26
33.79	144
35.21	37
35.13	119
36.51	100
33.55	137
34.01	28
34.37	139
34.12	113
34.51	117
60.58	2
37.81	5
38.65	26
46.55	22
35.99	117
37.19	97
39.25	39
39.09	45
34.43	90
35.96	122
52.96	8
38.07	106
37.56	42
35.72	127
34.31	130
35.37	139
35.65	112
35.7	106
35.88	79
53.94	7
40.73	42
36.29	103
36.37	104
37.96	76
34.33	73
33.89	64
32.62	122
33.77	97
32.9	51
33.85	173
31.65	28
33.8	110
33.74	72
34.09	90
42.33	12
35.07	114
43.24	14
32.53	141
35.1	150
33.84	137
33.98	56
34.47	132
58.15	7
60.22	4
31.48	9
53.72	15
35.76	100
34.01	140
31.99	8
34.26	89
34.03	65
38.97	5
33.64	37
35.54	121
34.57	58
34.53	131
35.35	123
53.36	24
34.94	130
35.88	116
35.33	126
34.39	111
35.42	115
34.63	129
33.44	101
37.81	5
32.91	117
33.33	143
34.16	105
35.5	113
33.57	140
34.96	144
57.74	0
41.82	5
35.69	123
57.04	0
34.53	68
35.27	115
35.13	101
34.03	247
35.05	243
33.12	49
35.33	63
34.15	23
45	16
35.77	71
36.03	115
33.65	136
35.1	185
35.55	85
35.14	95
34.28	140
34.04	142
34.44	70
53.18	14
34.66	114
34.19	134
34.51	138
37.81	8
33.87	137
34.86	66
38.82	11
38.57	9
34.37	144
35.02	117
34.33	144
35.14	142
35.35	80
32.84	22
35.62	93
35.18	82
35.19	139
35.47	101
57.9	24
37.97	19
36.38	66
42.4	20
35.51	127
45.42	4
44.73	12
52.84	44
37.05	14
34.25	196
54.53	14
35.37	96
53.69	11
33.8	145
34.59	253
35.49	112
34.76	117
35.05	110
33.35	121
33.76	108
34.63	142
36.15	57
34.78	76
48.91	15
36.22	107
45.13	25
39.13	23
40.11	3
41.82	3
40.46	5
33.62	36
34.31	134
56.39	3
33.1	61
34.78	133
35.08	86
35.08	111
35.27	114
34.63	49
34.58	68
35.78	120
34.8	130
34.69	144
31.67	12
36.76	111
34.49	144
35.65	115
41.62	43
47.2	5
36.83	150
34.83	145
34.73	140
52.94	14
57.63	3
33.87	138
35.17	126
33.75	254
33.61	75
33.48	140
37.37	39
34.1	129
34.69	69
57.51	1
43.7	7
38.23	0
38.2	79
42.12	28
35.71	197
36.08	59
35.49	108
35.86	141
58.09	2
33.31	256
33.23	100
34.16	164
38.41	5
36.93	43
54.06	8
33.29	59
39.61	46
33.36	181
35.49	96
36.56	135
36.06	93
34.76	98
36.55	124
34.96	68
37.07	15
35.7	78
35.83	68
35.21	110
35.39	48
33.1	145
34.22	131
40.51	19
34.98	135
38.05	19
40.32	64
33.6	145
34.33	106
33.47	144
48.24	4
36.85	128
43.7	1
35.07	70
40.91	20
35.05	47
34.86	57
34.59	123
38.94	4
38.92	30
34.66	141
34.28	223
34.46	253
33.71	129
34.24	93
33.59	118
51.25	20
34.81	97
35.2	131
35.15	52
32.87	30
39.38	5
33.87	172
33.85	135
55.79	4
33.09	143
33.81	82
33.31	94
34	127
32.1	16
34.21	136
34.47	103
33.38	71
34.7	124
35.25	145
34.25	139
33.45	140
53.75	16
54.59	13
34.86	107
32.94	143
35.06	101
38.04	51
34.61	123
33.4	124
35.03	152
59.31	3
38.59	23
36.18	101
34.81	192
33.58	126
38.07	26
34.11	176
33.89	145
33.84	126
33.35	95
33.59	125
52.46	17
34.96	178
33.49	132
42.3	8
32.68	129
34.72	124
59.05	1
34.88	101
33.92	105
35.08	103
35.81	80
33.91	131
33.68	70
36.55	123
36.78	89
35.78	80
35.05	90
60.42	8
35.18	104
35.03	110
36.14	186
35.77	140
34.2	17
33.24	28
56.39	1
34.37	144
38.69	4
34.26	135
41.99	30
45.75	23
32.14	27
33.77	134
34.82	104
44.67	22
33.59	103
33.74	144
58.25	1
34.18	136
35.18	106
35.33	77
32.92	56
33.75	119
33.81	105
31.59	106
33.84	105
33.76	119
35.36	106
32.33	56
33.63	89
59.07	0
32.1	143
33.92	126
44.22	22
40.58	21
39.89	65
39.87	44
33.91	119
55.2	78
39.22	33
35.86	145
41.54	3
34.97	92
32.26	143
33.51	137
35.43	124
35.79	80
33.37	132
33.81	121
41.05	1
45.49	19
34.64	118
34.4	138
34.47	112
33.99	108
38.49	32
34.27	18
33.75	140
32.04	128
57	3
34.74	112
38.48	0
38.24	16
32.62	145
48.61	20
34.04	136
34.82	90
34.38	67
34.9	104
34.6	77
34.1	177
33.25	145
31.16	10
32.81	80
32.94	48
40.47	2
33.4	113
55.99	3
34.55	134
38.61	7
41.3	21
31.83	145
34.25	59
33.25	110
37.27	52
33.44	121
38.47	12
61.44	2
32.66	144
37.39	1
33.91	140
43.27	13
35.06	143
33.74	182
32.84	138
33.22	113
33.56	34
57.51	6
32.21	139
32.8	73
34.07	127
35.66	107
33.32	64
38.35	8
34.19	127
32	141
34.17	100
34.42	144
30.85	143
32.95	11
33.9	136
33.66	132
32.69	103
33.43	132
35.68	117
34.62	113
34.52	98
34.15	132
36.11	98
36.54	82
35.29	131
34.34	102
36.78	134
35.62	104
36.76	103
34.6	139
35.2	92
34.03	143
34.05	142
33.61	143
33.68	132
57.55	4
35.33	144
34.49	137
33.54	205
34.86	19
34.19	96
34.43	131
34.95	109
33.33	110
36.5	21
41.87	4
36.75	12
32.42	129
31.8	145
35.8	82
33.28	131
33.64	132
34	85
34.76	116
35.48	140
34.28	129
32.85	22
33.32	87
34.93	61
33.84	120
40.67	13
33.37	129
33.57	135
35.19	118
35.65	63
34.98	79
34.54	58
35	142
33.11	104
35.33	80
59.11	2
33.55	43
32.18	145
34.14	43
33.73	102
34.67	114
47.36	16
34.51	97
32.79	125
52.82	9
32.79	68
31.77	29
34.11	110
33.02	69
33.73	145
34.77	16
33.48	130
34.94	60
34.92	135
34.51	149
59.73	8
44.85	11
34.23	79
56.29	0
38.66	51
35.68	107
53.94	4
35.01	68
32.99	106
33.36	89
34.08	121
33.48	115
34.78	108
49.73	11
34.02	127
35.36	120
34.8	180
33.92	37
35.94	58
40.65	24
35.77	59
53.45	11
34.8	135
44.78	13
35.56	79
34.95	99
36.66	118
37.22	103
51.89	11
35.74	79
33.6	145
33.65	93
33.56	121
33.33	144
33.07	54
34.69	102
33.02	108
34.54	67
50.25	5
33.15	143
33.5	103
35.38	91
34.29	128
34.59	142
34.91	86
34.51	171
32.65	34
34.41	115
34.07	145
34.78	119
35.94	74
34.68	145
36.25	100
33.07	17
34.99	89
37.22	117
36.48	82
47.93	17
32.8	134
32.79	232
33.37	145
34.42	14
33.88	106
33.59	131
33.09	113
53.58	2
32.97	124
33.01	14
33.81	106
57.33	1
35.05	100
33.6	236
37.23	18
61.81	1
34.93	87
33.36	117
33.73	95
33.37	142
41.42	6
51.79	1
36.01	119
57.34	3
35.13	96
35.79	54
35.49	101
36.76	78
35.01	112
35.07	64
33.71	134
35.33	85
36.07	125
33.93	121
34.35	144
33.18	122
49.26	19
38.04	11
36.92	0
33.94	98
33.35	143
34.36	118
34.17	110
52.81	1
33.89	115
33.51	135
39.74	1
33.72	126
39.02	26
38.88	26
33.81	111
34.19	117
33.57	99
33.75	91
33.29	139
34.79	70
39.07	0
35.21	78
52.47	11
33.86	176
31.23	13
39.89	12
34.68	69
33.85	115
34.82	101
34.42	127
34.05	112
33.64	77
35.31	142
55.2	3
31.13	8
33.69	134
34.3	97
33.93	65
33.87	98
33.25	41
33.93	111
34.38	71
32.49	124
47.74	13
34.84	133
34.22	102
31.23	114
43.41	13
58.1	2
33.86	144
33.22	18
37.93	10
33.58	131
38.59	45
33.64	137
32.95	140
40.1	44
32.15	142
33.4	120
53.28	8
33.04	108
31.9	88
39.81	4
35.41	105
32.76	31
35.01	127
56.11	13
36.11	116
35.98	69
35.48	9
36.7	102
49.15	51
34.28	122
36.55	67
33.55	104
34.2	87
33.6	91
38.3	35
33.68	140
34.58	123
32.17	136
53.19	12
33.6	124
33.87	91
34.91	40
34.8	136
56.5	5
34.64	126
35.17	137
38.24	31
33.81	33
34.25	145
36.16	89
34.07	100
38.42	16
35.09	92
34.93	242
35.99	135
34.92	119
33.91	110
35.03	134
33.47	145
36.38	115
36.58	179
34.9	81
32.44	128
32.24	59
38.05	26
34.33	117
31.71	17
34.8	94
32.8	143
35.57	104
33.92	135
35.63	86
35.07	139
35.11	114
34.41	189
50.02	21
31.84	140
36.7	93
59.05	2
34.4	71
33.98	115
36.22	116
35.35	190
34.92	143
33.7	24
35.46	105
39.17	86
36.56	119
36.25	74
34.57	139
38.8	24
32.97	65
34.85	83
34.22	124
35.45	140
34.44	113
34.2	120
33.34	138
33.53	125
55.11	9
34.73	126
33.7	145
34.27	142
34.21	142
33.71	140
33.62	53
33.93	21
51.23	10
34.74	68
34.85	133
34.22	166
33.01	135
35.28	57
48.99	17
32.9	141
58.67	2
35.24	110
32.8	41
35.14	98
35.74	71
35.66	119
33.82	133
34.36	177
36.78	36
62.11	0
32.76	43
39.12	3
33.26	100
34.84	113
34.56	76
34.81	134
34.51	135
36.1	50
37.12	89
34.93	110
35.13	179
45.14	13
35.59	129
35.7	121
36.83	41
35.22	124
39.58	8
34.58	162
34.62	142
34.28	126
34.88	188
36.4	86
35.11	200
37.77	8
43.88	15
34.49	72
33.84	129
61.11	4
39.96	13
34.78	131
35.73	97
34.76	85
36.4	120
39.31	14
37.44	8
35.13	89
34.59	97
33.97	137
59.3	3
40.4	3
42.47	113
33.94	118
40.4	3
34.54	20
33.38	73
33.41	145
34.85	97
35.57	1
34.49	111
34.84	130
34.69	134
62	1
34.41	140
35.21	142
33.72	134
35.23	98
33.33	144
34.42	100
34.58	139
33.61	34
35.19	124
34.56	63
34.38	105
34.68	128
51.76	13
33.88	124
35.77	125
35.43	118
34.43	144
34.51	202
35.45	113
34.55	162
37.1	105
34.97	76
34.11	78
38.48	17
33.11	95
33.9	103
34.65	124
33.73	132
38.49	46
39.15	13
53.73	13
33.76	142
31.68	140
32.49	219
34.47	2
35.43	110
32.89	60
35.58	183
47.17	11
33.96	122
33.77	104
34	142
34.29	135
34.62	106
39.45	8
34.54	129
54.6	21
34.55	136
34.78	116
34.08	137
42.41	11
34.56	118
35.1	111
33.29	132
33.61	132
37.53	109
35.22	141
33.29	50
35.47	124
47.09	71
56.1	13
35.18	106
60.07	3
34.78	53
33.91	69
36.19	105
34.97	143
34.38	132
55.23	19
32.64	131
33.64	135
48.3	9
39.17	14
35.73	141
37.11	15
43.02	10
37.93	19
35.68	93
34.15	129
41.48	7
35.36	115
35.66	111
56.72	0
34.14	236
36.93	106
34.81	116
51.86	2
37.19	79
38.25	13
35.51	132
36.22	132
35.75	129
34.87	199
35	118
35.3	127
40.8	22
37.85	14
35.2	86
35.04	197
35.3	81
35.08	223
34.72	92
35.11	138
37.03	104
34.4	228
48.91	19
33.8	133
34.08	64
51.82	9
34.56	111
41.38	2
35.5	54
46.76	18
35.72	50
34.52	26
35.14	118
61.94	2
32.16	143
32.4	54
33.9	83
34.07	114
33.66	143
33.27	121
34.45	141
35.66	63
34.14	76
33.39	142
32.9	138
58.07	2
37.08	7
51.59	12
37.43	7
33.42	140
51.57	11
32.62	51
33.91	143
52.27	17
34.33	188
34.19	104
57.07	5
33.23	119
33.97	131
33.97	156
33.11	144
32.11	16
32	60
57.42	2
33.89	137
34.16	89
33.78	127
34.58	145
32.58	118
32.92	138
33.04	133
33.3	134
33.41	100
34.52	198
34.32	114
35.53	75
34.23	65
41.48	3
33.37	61
58.71	3
31.03	14
42.02	33
60.09	5
32.72	110
34.68	121
43.07	29
36.51	87
58.02	1
38.4	53
34.51	159
35.43	7
33.92	93
34.94	142
33.11	34
32.41	6
58.43	3
59.7	3
36.79	1
31.82	141
31.4	14
33.52	144
40.51	12
32.87	177
32.54	128
33.08	120
33.44	111
33.24	70
33.49	80
33.92	129
39.6	10
32.61	145
32.48	137
34.32	118
33.21	130
32.52	144
33.77	139
43.21	16
33.63	103
39.32	9
60.45	1
33.4	238
33.75	104
34.87	81
58.01	3
40.52	1
34.99	89
34.48	144
36.67	43
35.37	128
33.04	143
33.39	110
35.04	78
35.57	145
35.62	103
57.1	2
35.75	118
37.19	76
34.46	139
35.02	72
39.11	9
33.69	255
35.94	112
57.14	5
34.46	129
35.62	117
34.49	102
36.34	96
34.29	138
36.13	115
35.21	107
34.47	102
33.75	96
32.98	135
32.54	143
33.69	111
34.13	126
35.02	106
35.8	109
32.8	64
33.77	135
32.71	72
35.79	80
36.17	68
34.6	163
57.53	16
36.85	79
52.88	4
35.57	99
43.41	6
34.53	98
35.53	249
33.41	80
40.61	4
53.01	10
33.66	250
33.78	129
34.32	59
32.46	142
33.62	76
32.85	136
34.13	113
34.69	65
34.16	62
39.39	1
58.95	3
34.73	126
34.13	81
34.11	125
33.31	139
35.08	63
33.59	116
33.99	87
32.83	53
33.38	133
34.29	142
42.26	3
53.37	0
32.82	144
33.59	140
40.38	4
33	126
34.52	109
33.71	144
33.89	106
35.29	120
34.43	129
34.02	94
33.76	37
38.43	14
44.59	11
56.39	4
34.98	78
56.6	10
35.07	120
33.63	42
34.77	143
34.88	92
34.02	71
34.57	261
37.62	76
34.62	128
33.78	238
30.66	1
34.29	79
34.62	77
35.93	77
35.29	124
36.2	118
34.46	122
34.62	127
32.32	3
34.56	114
32.81	131
37.79	8
33.5	91
35.27	98
34.29	75
32.96	32
33.85	224
33.78	103
33.69	136
33.56	101
33.7	56
42.59	3
34.52	99
58.69	3
33.88	62
34.53	140
34.91	18
33.24	133
58.61	2
35.19	81
33.31	70
32.39	138
33.87	142
33.14	136
33.97	85
37.14	8
58.71	1
33.14	137
31.51	10
60.49	2
33.91	128
34.4	71
35.12	123
34.52	97
42.6	13
37.77	1
33.82	140
33.58	140
33.35	129
33.81	126
35.23	93
33.65	144
36.72	84
38.44	18
40.5	21
58.94	5
33.53	130
33.37	144
35.06	130
32.76	136
34.92	124
33.18	133
32.6	37
33.78	49
32.07	140
33.91	87
32.53	133
56.26	12
33.79	215
34.96	176
34.63	125
31.94	4
35.41	93
33.36	102
54.22	8
34.13	114
61.05	3
35.2	81
34.37	144
33.4	75
60.92	0
33.07	139
34.19	114
44.97	26
33.88	80
31.6	145
55.19	2
35.28	109
34.56	126
34.65	127
34.51	138
32.53	133
33.4	136
33.4	84
32.64	122
54.48	10
33.45	106
33.39	131
32.63	79
40.21	16
37.86	5
56.58	4
37.5	34
35.37	20
33.64	140
33.12	145
33.82	129
33.64	102
32.92	138
34	122
33.84	82
34.23	114
33.28	140
33.77	131
45.33	16
61.39	1
34.82	131
61.28	1
34.3	132
34.28	144
37.86	17
35.77	111
35.38	137
57.55	1
41.19	28
34.01	98
34.76	110
35.54	132
48.77	17
34.93	127
53.82	4
58.23	7
35.06	121
35.87	80
36.4	80
53.95	4
39.85	2
42.97	4
35.04	139
59.54	1
32.65	121
33.64	136
34.31	121
32.98	128
32.74	145
32.16	19
53.53	10
33.1	98
32.57	138
33.79	101
33.55	151
34.02	1
33.4	124
32.33	134
35.74	99
33.54	76
59.46	5
32.43	141
32.88	66
33.22	126
35.15	140
35.97	78
37.13	118
34.61	126
33.53	84
35.82	128
38.57	15
35.14	121
36.33	56
40.39	36
55.96	1
42.73	24
34.95	73
33.87	94
35.11	84
31.99	23
34.36	114
33.66	138
33.33	15
57.83	3
57.83	3
32.76	137
34.15	249
32.55	141
34.21	227
33.82	73
34.19	137
33.61	57
32.36	41
57.07	1
33.86	107
35.32	44
35.31	148
35.75	115
34.18	135
35.77	114
40.05	8
35.84	127
34.11	125
34.18	245
39.55	15
33.86	233
37.85	18
34.28	87
32.97	137
34.81	66
33.99	139
53.01	10
34.17	128
33.62	131
37.3	40
38.3	0
33.67	142
33.39	247
33.59	143
31.03	4
35.2	119
30.26	8
32.55	63
34.54	125
35.18	121
34.51	97
37.45	35
34.24	135
63.85	7
33.99	131
34.39	57
34.7	136
34.54	131
34.52	94
31.7	134
32.05	54
31.87	121
31.87	121
31.86	128
31.22	107
33.86	94
30.92	34
32.11	55
55.13	16
33.32	138
32.64	132
35.39	64
35.47	94
34.19	92
34.2	89
35.3	117
34.21	108
37.37	17
34.26	137
33.46	126
36.14	21
41.31	4
35.95	64
33.76	138
34.11	128
32.39	8
51.23	12
33.14	136
33.59	147
50.72	45
34.59	138
32.67	151
33.8	84
32.59	159
34.04	147
33.13	146
36.17	102
33.57	160
33.31	93
33.66	140
32.23	159
34.62	135
32.81	162
31.54	154
34.2	107
31.41	155
34	135
32.7	106
32.91	148
33.25	158
35	150
33.57	154
32.39	135
33.66	140
32.92	142
32.26	158
34.11	112
33.26	138
33.31	132
33.5	135
34.27	146
46.71	90
36.53	76
49.15	63
47.3	90
35.43	69
34.11	121
34.32	122
37.25	78
33.91	139
33.89	153
32.85	96
32.51	155
32.58	160
32.75	163
50.63	51
33.66	214
34.83	122
53.46	23
54.71	21
54.26	21
33.51	131
34.17	125
33.42	159
33.75	146
34.23	87
33.51	142
34.11	107
45.63	124
32	162
33.21	155
43.9	129
33.27	141
33.21	161
32.72	151
34.09	61
33.43	154
32.99	159
32.6	151
33.1	158
34.47	105
43.8	141
33.21	131
33.29	127
32.35	161
34.6	129
32.96	162
33.76	148
33.21	129
33.41	162
33.41	162
33.72	109
33.96	29
31.95	126
33.56	135
32.92	132
34.14	105
33.19	134
34.04	153
34.51	141
32.24	159
33.74	155
34.17	162
34.11	156
35.94	150
34.78	99
36.97	113
32.69	137
34.73	143
50.31	96
34.54	99
34.54	99
34.52	149
34.92	177
34.1	149
33.43	162
35.87	133
49.06	80
35.22	145
36.12	83
54.44	28
51.67	37
34.55	147
33.94	163
35.99	110
34.01	153
33.96	145
35.73	99
34.23	160
33.83	76
47.61	103
33.87	148
36.75	112
33.28	290
54.35	39
34.2	160
31.85	9
34.91	138
35.09	131
32.45	148
33.47	109
32.37	157
34.29	134
33.93	109
35.78	107
32.69	155
33.53	158
36.06	143
32.59	159
33.15	161
35.41	85
33.97	128
34.72	111
53.6	28
33.09	181
32.48	142
33.96	125
33.12	128
33.07	158
33.34	139
32.92	147
33.51	161
34.57	107
32.31	126
32.01	140
33.16	155
32.3	139
33.46	118
33.96	63
33.89	151
49.07	48
33.43	79
33.45	158
34.39	158
33.29	136
32.74	99
34.27	115
34.06	138
32.66	8
34.38	124
37.04	45
33.64	135
37.53	25
32.74	135
33.29	156
34.38	124
34.38	114
35.07	122
52.7	40
34.44	143
33.25	143
34.45	109
33.72	82
34.28	116
32.95	85
33.25	137
33.64	128
36.2	62
34.68	139
31.56	34
33.76	138
32.85	207
34.24	147
32.91	151
47.54	72
33.79	137
33.12	124
33.01	151
33.54	119
32.6	155
34.18	156
32.97	158
47.68	91
34.03	122
35.38	61
31.65	159
33.36	159
34.18	156
33.39	154
34.56	116
41.74	247
50	86
33.73	180
33.05	219
33.88	106
33.15	119
35.97	106
34.35	185
33.84	92
52.5	23
34.34	125
34.34	125
33.99	127
33.62	221
32.68	132
33.25	129
32.51	149
32.68	152
47.9	90
34.9	107
33.12	302
31.74	161
33.32	150
34.44	116
32.77	155
33.72	136
34.34	150
33.52	139
34.06	140
33.67	268
34.38	96
34.57	189
33.54	101
33.46	104
34.1	234
33.97	107
32.53	160
34.82	115
38.77	0
32.72	150
34.76	78
31.97	157
31.03	4
34.24	162
33.2	143
33.96	131
53.52	42
33.3	149
35.51	117
32.03	159
34.96	138
33.36	153
34.96	113
33.81	149
33.98	81
33.73	152
51.79	43
36.07	63
