sim	len_diff
35.48	129
34.05	94
33.72	26
32.53	30
33.79	117
33.08	139
35.48	133
34.29	86
32.29	124
35.25	85
35.61	123
33.18	108
33.22	143
35.32	89
35.22	132
33.22	130
33.46	274
37.2	86
33.14	130
32.03	134
35.24	255
35.13	185
34.2	119
33.29	140
31.92	144
34.09	25
35.67	93
33.71	61
34.95	132
35.36	146
34.85	133
33.71	135
34.7	129
33.44	138
34.2	144
33.52	130
34.73	122
33.93	262
33.87	116
33.95	134
35.41	130
33.58	147
35.01	127
35.5	97
34.46	130
34.86	92
34.12	221
32.73	135
33.99	123
34.9	130
35.45	122
33.03	130
35.9	108
34.5	110
33.43	145
36.13	129
33.72	145
31.72	146
33.43	145
34.21	118
33.08	127
32.98	134
36.36	116
34.41	144
35.44	166
35.44	166
36.11	93
33.29	248
33.28	247
33.11	271
33.02	143
35.46	104
34.57	106
34.95	110
36.19	83
33.38	110
34.04	45
33.47	85
34.17	128
33.93	183
33.24	231
34.85	123
31.76	134
34.79	116
34.28	225
34.32	107
34.16	148
34	93
34.87	269
32.76	137
34.06	161
35.94	84
34.33	68
34.39	23
33.4	116
34.55	132
33.28	133
36.23	99
35.79	155
35.08	140
33.29	136
36.21	132
36.18	123
32.67	140
34.39	134
34.73	102
32.54	143
35.88	172
34	71
33.44	113
32.83	136
31.44	147
36.37	111
33.95	148
35.22	239
32.51	138
34.27	134
33.63	143
35.25	92
35.32	207
34.15	114
34.56	148
34.91	66
34.14	86
35.36	127
34.46	110
34.96	51
37.1	85
35.89	109
35.47	61
35.69	128
34.56	60
35.12	115
33.9	145
34.55	106
33.35	145
34.51	135
31.94	32
35.25	122
35.67	122
33.29	129
32.63	142
34.17	136
35.13	218
34.35	86
34.5	123
31.51	143
32.88	148
34.53	96
33.36	61
34.46	146
34.82	117
32.56	146
32.68	135
35	116
34.15	145
35.39	83
34.66	132
34.2	139
34.84	107
33.83	145
32.52	139
32.52	139
32.89	243
33.73	119
32.74	145
33.71	145
32.45	139
31.61	6
35.54	115
33.71	119
33.86	142
32.92	147
32.81	147
31.9	143
32.62	145
36.67	100
34.66	106
35.05	128
35.08	58
33.62	231
32.88	148
33.4	91
31.75	52
32.67	78
34.31	114
34.47	141
36.5	26
34.36	173
32.82	146
35.67	120
32.51	145
33.05	124
36.06	92
31.88	145
33.81	92
37.59	79
35.31	186
33.23	72
32.96	148
34.64	126
32.8	90
38.25	141
31.01	7
35.87	124
34.04	136
32.89	31
33.67	132
34.92	140
34.93	110
32	139
37.3	127
31.97	141
33.12	282
35.76	74
33.21	113
33.83	135
31.98	133
33.38	148
34.12	131
36.07	100
35.15	132
32.8	113
32.74	120
32.91	61
32.37	148
32.84	143
33.76	136
34.37	134
34.96	105
33.54	142
33.02	118
31.78	145
32.82	146
32.78	145
33.99	113
34.5	130
35.91	68
34.72	112
33.32	143
34.27	60
32.45	147
32.75	117
33.09	138
34.31	124
32.51	141
32.9	120
34.21	213
34.61	220
33.94	143
32.86	113
34.09	145
33.91	103
35.4	121
35.87	82
36.19	86
35.84	106
31.84	145
33.82	101
32.36	52
34.24	135
32.56	144
36.12	112
30.79	137
32.64	127
34.77	94
33.86	279
36.12	112
32.52	148
33.3	242
36.28	64
34.72	119
32.75	142
33.09	45
30.97	120
33.6	240
33.24	134
34.51	127
32.28	147
32.79	125
33.26	141
32.38	144
33.59	143
33.23	274
34.39	124
35.21	96
35.18	109
35.31	144
32.93	138
34	119
35.29	114
34.28	44
33.14	117
34.5	50
32.78	139
34.61	131
32.33	146
35.88	82
34.82	172
34.73	165
35.91	64
34.54	87
36.71	135
32.86	148
33.09	130
33.97	146
32.78	14
34.4	137
35.23	121
36.14	133
36.87	75
32.86	140
36.51	130
35.42	45
35.01	97
33.78	79
34.17	132
33.89	125
31.79	145
35.22	127
34.75	147
34.96	130
35.45	118
34.49	123
33.43	108
34.29	148
31.81	145
33.5	134
34.78	67
34.41	116
34.86	119
36.41	175
34.74	127
33.05	147
33.88	112
36.03	31
36	115
36.12	107
33.15	135
32.94	146
36.69	56
33.6	46
35.43	146
34.68	102
33.67	138
35.65	170
31.88	125
34.02	80
34.53	162
35.61	125
32.92	126
35.73	136
33.78	99
33.35	85
35.67	99
36.6	76
34.64	84
33.67	120
33.61	44
32.27	106
36.08	203
34.01	109
35.81	129
37.81	23
35.56	69
34.36	129
35.18	95
36.05	118
34.23	104
33.9	127
32.99	34
35.59	96
32.13	76
38.42	5
35.69	47
35.86	88
33.43	125
32.82	122
34.1	114
33.89	83
38.77	5
35.5	114
35.99	67
35.2	101
32.49	101
34.78	90
34.49	126
35.16	126
31.25	6
34.57	118
38.63	22
35.83	122
41.31	7
37.88	90
35.4	116
35.92	48
37.07	2
38.04	75
43.11	10
40.03	26
37.23	106
37.46	19
35.49	130
36.48	8
36.17	110
34.15	18
35.57	231
35.39	141
37.09	51
35.27	132
34.25	65
35.18	72
35.82	7
35.52	192
33.03	90
35.15	74
35.32	59
41.49	12
34.41	59
36.45	98
34.55	151
32.9	129
35.45	151
34.27	94
35.22	79
31.8	128
35.95	216
35.57	69
34.8	170
33.74	124
35.52	33
36.17	112
35.9	212
33.65	111
38.47	60
33.9	40
35.2	7
35.87	99
35.63	96
34.73	48
35.82	130
35.63	205
35.29	91
35.96	73
39.03	22
37.15	139
35.59	95
37.72	131
38.02	110
35.87	105
35.74	119
35.41	76
35.02	98
36.59	105
35.03	122
35.92	1
35.77	78
34.29	67
32.91	98
35.87	124
37.34	116
36.53	2
37.46	72
33.86	127
34.56	56
34.85	115
36.02	132
33.99	128
36.09	91
38.63	4
32.77	120
33.95	132
31.94	127
34.83	145
34.97	131
33.63	126
35.82	50
33.16	115
35.31	129
35.27	4
34.66	115
34.16	111
34.93	118
34.58	76
34.98	127
33.8	129
34.76	100
34.7	51
36.18	66
33.75	17
34.12	53
35.26	77
35.61	132
35.99	187
34.81	112
36.65	215
35.92	230
33.35	13
34.17	134
34.94	77
35.85	68
32.71	47
34.21	32
33.78	128
33.95	219
32.51	22
36.1	123
35.74	98
31.94	7
34.49	66
35.93	146
34.58	132
34.72	26
39.46	99
35.85	53
33.47	37
35.55	128
37.1	54
36.76	88
36.97	113
36.41	75
31.45	4
34.02	94
35.4	118
35.28	96
35.13	7
35.14	237
33.95	99
35.23	44
36.3	2
32.23	209
32.28	90
34.3	114
33.85	119
33.36	33
32.83	130
34.63	119
35.05	154
34.88	105
34.4	70
35.65	118
34.66	129
35.42	95
36.38	70
35.51	54
34.21	156
36.81	106
37.95	126
35.36	70
34.91	105
37.55	97
35.93	124
36.44	129
36.22	81
34.23	103
38.64	14
35.8	200
36.23	55
34.13	101
36.28	144
33.15	102
33.05	108
34.26	125
35.55	128
35.08	96
34.73	56
35.71	185
33.86	176
35.77	103
34.32	90
33.95	116
35.38	112
38.71	36
36.77	132
36.95	14
36.56	32
38.59	26
35.58	184
41.31	21
37.19	69
35.8	85
35.43	36
34.37	55
36.03	97
34.04	53
32.85	64
33.47	119
35.94	87
33.52	125
33.93	121
35.86	51
37.57	124
34.44	126
35.77	123
34.31	108
37.02	149
34.55	131
36.75	96
36.28	156
35.04	132
35.08	114
36.84	148
35.89	123
37.42	93
36.3	97
36.09	82
35.74	73
35.78	125
33.53	39
34.29	129
37.28	101
33.06	128
34.56	111
36.3	79
36.83	95
38.98	58
37.95	111
36.1	115
36.87	88
37.25	94
39.44	21
33.74	131
34.54	211
36.43	186
37.01	64
36.43	102
36.24	113
33.06	17
35.83	63
35.21	93
34.93	171
34.56	110
33.33	46
33.42	71
34.91	208
34.83	78
35.26	172
35.92	128
37.53	105
36.81	78
36.36	95
35.88	96
35.73	224
35.69	100
36.67	81
36.04	11
35.01	126
39.32	18
35.64	121
35.47	129
36.43	193
37.57	110
33.81	130
35.71	69
35.45	96
36.72	17
34.26	121
34.54	54
35.5	29
38.02	81
35.76	86
37.78	110
35.21	54
37.51	96
37.04	109
38.16	78
36.39	86
36.62	171
36.66	104
35.02	104
33.83	121
35.31	79
35.47	125
35.74	71
36.65	112
33.26	114
36.72	89
34.82	119
33.01	127
36.8	113
34.05	130
35.52	85
35.51	61
36.23	121
34.98	125
34.96	130
34.05	94
33.98	67
34.5	130
35.22	40
34.82	117
36.34	91
33.51	154
31.76	24
34.8	208
30.57	3
34.91	90
34.91	90
34.42	127
33.69	132
35.67	3
36.13	38
37.05	93
36.14	90
37.41	113
36.62	6
37.76	103
36.44	112
34.69	115
36.28	106
35.91	130
37.68	205
37.2	102
35.77	2
36.73	82
34.1	127
35.78	105
36.6	132
34.73	41
38.24	62
32.72	72
33.19	41
34.69	201
33.62	132
33.61	93
33.35	63
33.6	66
33.9	58
32.57	87
35.45	103
31.94	83
34.39	39
43.52	3
34.2	112
35.15	94
33.76	46
35.05	92
33	117
35.19	118
34.64	66
34.55	111
32.56	36
34.09	122
33.5	132
35.25	93
33.74	81
35.77	123
35.43	192
34.12	107
35.84	74
36.28	234
35.66	118
36.38	100
36.16	96
37.7	96
37.35	168
37.14	18
37.09	73
37.71	45
33.78	118
33.43	56
32.05	14
32.57	113
32.19	10
34.08	106
35	122
35.88	108
31.37	21
33.94	97
33.9	116
35.21	35
34.5	109
34.47	62
35.88	129
35.04	176
32.62	69
34.28	31
33.87	25
34.39	178
33.84	1
35.71	64
34.34	31
37.08	86
35.59	125
36.58	106
36.01	75
36.94	71
38.06	114
34.28	142
34.32	88
35.06	132
34.7	83
34.76	84
36.49	100
36.58	65
36.18	119
34.87	119
33.01	86
35.95	83
35.64	80
33.49	35
31.92	50
32.01	223
31.87	29
31.94	122
33.62	125
34.88	148
34.12	150
34.54	142
33.08	99
34.69	124
32.64	49
31.72	4
36.13	79
35.7	63
31.01	4
37.43	67
33.84	95
36.16	50
34.99	129
37.33	13
37.82	30
36.57	71
34.47	118
35.54	128
38.05	64
34.7	130
35.97	77
37.49	129
37.08	44
36.59	83
36.64	132
45.1	16
36.36	8
36.7	84
35.27	114
35.68	125
35.81	95
33.31	127
35.77	123
33.99	119
35.21	92
35.97	72
41.22	11
33.87	124
32.78	81
35.47	171
34.64	167
34.89	80
35.37	108
35.87	123
34.17	125
34.71	127
35.59	112
34.66	11
36.67	113
35.59	113
35.11	100
35.65	98
36.94	40
36.68	141
35.6	150
33.65	113
35.65	121
34.27	132
34.46	127
34.64	106
37.34	89
36.9	131
36.28	173
45.26	11
44.2	24
43.88	8
42.45	6
42.29	36
45.55	8
43.11	17
44.21	8
43.11	12
46.77	9
35.79	99
36.18	41
36.84	116
36.2	127
37.45	21
36.72	97
37.11	162
37.88	118
37.9	49
35.58	129
36.94	8
41.88	5
33.59	2
35.94	164
33.41	125
33.67	130
36.09	70
34.38	71
34.83	119
35.17	188
35.76	198
42.88	44
36.59	141
36	120
37.41	91
41.71	12
35.68	129
36.52	71
45.18	1
34.39	107
36.23	185
36.39	84
35.89	129
37.82	114
34.79	132
38.47	84
33.82	107
33.96	120
35.91	120
35.81	14
36.06	125
36.62	150
35.02	41
35.09	43
38.1	11
35.05	214
34.44	107
34.34	114
36.63	115
36.18	132
35.52	62
36.5	60
35.32	90
34.74	106
34.07	48
34.96	177
34.46	97
37.31	102
33.91	87
35.52	76
35.83	105
34.51	60
35.55	79
35.57	129
34.36	92
35.15	130
33.11	8
34.76	226
35.9	92
33.18	110
31.78	15
32.79	124
35.08	220
32.86	121
33.63	128
33.71	148
38.54	2
34.84	118
33.72	128
36.05	94
36.15	131
33.87	129
37.23	173
35.16	126
37.03	174
36.64	100
39.01	18
36.51	182
36.7	164
38.09	131
36.98	5
35.38	91
35.47	130
36.85	120
35.83	118
33.18	127
37.54	75
34.56	80
36.03	104
36.01	153
32.93	130
35.99	94
33.88	69
34.04	103
36.31	112
35.93	111
35.43	98
33.52	88
35.14	165
37.71	119
35.15	63
34.51	171
34.76	66
34.19	127
36.67	110
31.92	5
36.21	9
35.2	127
34.86	5
36.41	118
35.67	129
33.4	72
36.77	194
36.22	102
33.69	68
33.72	126
35.2	126
35.19	49
37.71	101
33.77	28
37.31	70
34.3	123
35.29	92
35.68	220
34.41	87
33.5	111
36.28	56
34.54	209
34.78	128
35.23	160
36.29	94
34.24	125
34.94	95
34.99	119
36.68	91
34	90
34.76	51
34.22	106
35.64	87
32.24	119
36.54	71
36.34	21
35.59	128
35.45	63
33.1	130
36.39	119
34.95	123
36.16	75
35.12	96
33.67	88
35.17	66
36.23	54
34.18	26
33.73	23
35.74	163
37.13	94
34.17	63
34.26	129
35.72	116
34.22	81
34.93	65
35.98	148
34.6	31
36.89	82
33.01	4
35.09	105
34.48	108
34.24	68
36.38	87
34.93	82
36.43	75
33.57	108
34.87	69
33.15	9
34.68	92
35.99	81
35.75	178
35.45	125
34.36	77
37.34	7
36.43	96
34.39	79
36.22	45
35.83	37
35.02	131
35.2	211
35.16	100
34.98	127
35.81	111
35.31	102
32.53	31
34.18	166
33.75	210
35.01	99
33.24	115
33.63	102
37.47	117
34.08	78
35.26	125
32.51	99
37.12	153
35.03	124
34.59	107
36.12	123
35.66	213
35.9	100
35.75	62
36.87	110
35.23	111
34.96	126
36.84	113
32.67	27
34.64	126
36.98	28
34.69	118
37.65	10
37.25	33
34.89	114
36.11	84
34.09	63
43.06	27
32.84	127
37.43	0
35.07	65
33.23	93
35.47	82
46.07	3
33.6	99
33.54	108
35.04	185
35.5	216
34.61	175
36.16	202
35.4	196
36.14	123
35.22	132
35.65	165
36.59	150
35.04	104
35.18	24
36.28	7
35.53	114
36.57	48
32.79	124
34.96	89
33.64	128
36.41	112
35.64	89
36.56	115
34.9	15
33.38	24
32.46	107
32.49	22
33.71	16
35.93	125
32.87	123
33.71	14
32.81	58
32.94	130
35.72	157
32.65	130
33.54	34
34.06	101
33.5	113
34.47	125
35.24	98
36.08	105
38.51	23
36.12	104
34.21	85
37.31	52
37.22	146
37.07	141
37.66	98
36.23	126
50.16	23
34.89	101
36.34	104
35.59	106
36.97	96
36.32	103
37.52	111
36.19	42
36.55	144
34.37	123
42.99	2
35.03	123
35.3	115
35.09	130
35.17	73
35.12	41
34.75	40
33.69	66
35.27	109
34.25	128
37.34	121
34.82	119
36.98	62
35.11	45
34.34	51
35.8	20
34.44	69
35.05	82
35.02	125
35.47	110
34.37	114
36.93	182
35.63	146
36.9	132
35.05	98
36.74	25
34.27	59
35.36	83
34.5	122
35.55	57
33.84	232
32.03	109
34.93	112
33.91	71
34.19	130
34.04	127
34.87	128
34.53	208
34.87	121
34.92	78
34.42	102
34.18	122
35.54	128
34.7	120
37.23	78
35.68	56
36.74	73
36.03	166
37.37	94
35.08	98
35.59	4
38.37	100
34.15	129
35.49	74
36.38	113
34.85	87
35.64	124
38.92	17
34.04	124
35.38	116
36.92	198
35.96	121
34.99	173
35.75	123
34.85	125
37.06	177
35.62	72
34.41	196
34.86	16
36.06	229
36.47	64
37.05	116
34.68	161
37.43	109
36.03	129
33.14	8
35.51	95
34.34	118
34.45	139
34.16	55
34.7	151
34.95	40
34.66	120
34.26	124
33.75	81
35.34	126
33.39	127
36.43	97
35.75	122
38.22	24
34.04	203
33.53	131
35.84	35
37.26	113
34.53	79
34.14	127
32.71	130
35.28	78
35.63	219
44.98	19
42.13	3
35.26	89
35.1	47
36.63	3
34.5	75
38.09	59
34.62	86
36.4	125
37.42	105
34.09	41
34.48	131
35.52	56
36.62	74
36.82	93
33.46	131
35.31	112
34.91	143
36.39	117
37.5	69
33.2	41
31.68	27
35.06	117
34.53	88
33.84	66
34.55	83
34.94	81
37.17	112
35.35	11
34.72	104
34.89	81
35.07	124
35.89	61
34.65	6
34.64	80
36	55
33.8	83
35.26	107
35.77	67
36.1	145
35.95	128
35.81	80
35.05	48
36.89	229
33.93	126
34.2	112
35.52	4
36.38	127
35.74	39
35.6	201
33.47	70
35.87	88
36.63	73
34.2	76
35.63	101
38.27	1
33.61	121
35.29	104
35	2
33.5	125
30.53	6
34.55	76
34.59	36
33.97	106
35.36	123
33.84	18
34.56	125
39.35	17
33.3	41
35.82	0
36.56	61
38.92	15
35.32	147
34.72	117
33.39	75
35.82	98
33.6	47
36.55	99
35.67	131
35.08	121
36.22	149
37.23	135
36.31	110
35.53	134
33.75	131
35.63	120
34.73	113
33.46	122
33.72	127
34.85	109
35.74	123
35.08	73
36.86	57
34.03	130
35.58	171
33.92	13
32.98	85
35.47	213
36.44	113
36.67	52
36.44	94
34.92	27
37.31	48
36.69	144
35.04	7
36.18	77
37.17	104
36.38	68
35.65	224
35.38	117
36.41	125
36.47	103
37.03	154
36.6	91
36.6	121
34.3	23
35.1	126
35.05	101
34.22	41
33.53	124
34.91	106
34.38	32
33.49	54
35.32	73
33.57	108
34.19	44
34.36	120
34.83	116
35.45	93
36.11	9
33.16	18
32.43	118
33.46	113
35.2	175
34.55	109
32.4	125
36.07	114
34.37	62
33.24	104
37.3	103
35.16	63
36.97	108
35.24	70
35.45	50
36.18	44
36.78	84
36.78	138
34.48	78
34.72	130
34.82	158
33.76	106
34.01	230
33.71	128
34.28	124
33.32	117
33.85	66
35.56	79
36.12	85
35	82
33.74	44
34.84	84
34.45	126
31.76	52
33.93	38
34.06	101
33.28	119
32.18	120
32.34	119
33.38	148
34.47	168
33.98	80
31.81	116
31.25	130
33.67	81
33.19	56
35.21	95
34.71	217
36.5	125
34.57	73
37.24	1
33.38	121
36.3	109
36.36	106
35.15	121
35.75	123
37.95	115
39.68	7
37.24	77
36.67	128
35.54	125
36.98	92
36.65	127
36.68	201
36.59	192
35.03	132
39.28	7
35.97	85
33.14	117
35.24	128
34.19	66
34.83	107
33.16	31
35	97
34.89	90
36.72	91
34.85	101
35.14	202
34.94	89
35.51	210
30.81	6
35.39	107
36.24	137
36.53	97
35.47	209
36.61	88
36.6	129
32.56	30
32.84	114
32.48	101
35.14	177
36.01	104
32.68	130
33.06	124
34.14	38
36.11	137
32.19	116
36.09	121
34.78	173
34.49	129
35.64	112
33.68	19
35.37	3
33.61	26
35.51	17
36.35	100
34.86	86
38.12	81
34.31	118
34.82	47
37.61	165
36.15	88
38.48	89
35.76	127
34.93	66
37.03	140
36.48	115
34.57	214
36.42	114
34.71	152
35.71	107
31.71	117
31.67	115
36.06	133
35.48	102
32.37	22
35.54	204
38.07	169
34.12	81
35.37	45
35.2	96
35.64	29
35.14	126
33.58	128
36.52	93
38.14	38
36.96	116
35.73	75
36.01	167
34.62	39
35.36	171
33.97	68
33.17	114
31.98	115
34.46	124
35.43	126
34.91	112
33.38	132
34.35	110
34.61	35
35.74	130
33.34	120
35.18	94
34.06	131
36.18	55
35.08	130
35.73	124
34.57	94
32.99	31
35.92	2
35.92	119
33.82	26
35.53	5
36.94	103
36.65	11
40.33	11
36.01	95
34.95	168
34.18	116
34.62	100
34.87	27
36.13	183
35.33	133
32.11	15
36.08	105
34.15	119
33.48	116
35.31	31
36.5	114
35.17	8
36.67	7
36.87	111
36.2	118
35.42	145
34.91	153
35.72	42
35.1	1
35.33	193
35.9	173
34.3	132
35.95	120
35.88	78
33.91	128
34.63	183
32.56	132
32.59	109
33.81	45
37.28	83
37.57	90
36.9	60
35.77	67
37.41	74
35.1	212
37.44	129
36.79	113
34.79	131
36.1	223
36.58	115
36.45	72
34.63	88
33.86	84
36.3	27
36.73	47
38.61	107
36.87	119
34.54	86
35.87	209
36.28	171
39.1	38
37.29	76
37.2	160
36.1	178
35.04	81
36.47	18
35.45	21
35.16	23
35.99	76
35.2	75
37.49	117
36.95	48
34.79	116
36.3	150
38.1	6
36.64	88
40.16	9
37.08	149
35.92	231
33.8	108
37.2	177
36.4	36
36.95	72
35.98	112
36.15	96
35.52	96
36.61	50
35.97	88
35.11	128
35.39	92
35.82	55
37.04	127
38.55	0
36.95	102
36.61	77
37.47	98
35.26	226
36.82	55
34.1	88
36.52	117
35.1	54
36.73	106
33.45	22
34.3	92
37.33	74
34.04	115
36.86	118
34.55	114
36.77	48
38.07	85
34.36	98
36.3	72
35.99	101
45.03	10
35	175
37.38	23
37.58	128
37.1	116
37.16	129
36.34	143
35.15	125
36.97	87
36.55	81
34.7	130
35.48	102
36.08	68
36.8	160
36.18	128
36.35	37
34.77	7
35.18	130
34.7	148
35.51	71
33.89	77
33.63	77
34.83	63
35.87	115
34.08	84
32.4	129
34.07	90
35.56	62
34.89	185
34.77	177
33.14	115
35.2	114
35.26	117
35.29	117
36.02	116
35.21	158
34.77	97
34.19	118
35.59	87
34.96	93
36.79	99
33.54	87
34.48	114
36.51	71
35.4	112
34.97	6
35.9	97
38.11	1
36.76	3
35.26	100
36.39	108
36.41	9
36.03	67
33.53	130
35.41	120
36.51	9
36.42	180
36.03	127
34.35	128
34.99	224
34.84	82
33.97	121
35.32	96
33.8	129
36.96	130
37.84	71
33.53	128
34.41	56
35.5	131
35.29	20
34.79	123
36.51	19
35.81	112
36.23	21
36.3	46
36.05	93
35.77	132
36.72	194
35.07	108
36.96	15
36.39	89
37.59	102
36.21	35
35.92	42
35.95	90
32.72	1
35.47	144
34.06	81
35.65	131
37.26	75
34.4	58
36.18	110
32.12	113
35.7	90
35.8	147
35.36	14
35.18	19
38.91	113
36.39	43
36.14	117
36.83	175
35.99	99
37.84	2
38.6	89
34.96	132
37.8	143
35.56	54
33.56	124
35.13	32
34.25	126
35.62	148
36.01	24
36.32	103
35.83	83
36.2	47
36.76	158
34.31	127
35.2	46
36.58	141
37.9	127
36.16	116
36.59	90
35.38	130
34.75	128
36.31	25
35.27	29
34.48	126
35.91	70
32.8	19
31.99	80
34.92	105
33.77	57
32.51	16
34.88	59
37.31	5
36.11	55
35.73	70
35.47	121
38.2	80
36.97	118
36.16	197
38.24	59
36.04	99
37.5	127
34.09	71
36.42	105
35.45	3
38.46	34
34.71	117
35.29	132
37.52	17
34.99	132
38.08	104
36.53	206
35.41	110
33.98	97
35.55	12
35.04	109
36.28	235
35.08	30
34.37	100
37.12	57
36.8	8
35.7	186
35.78	117
36.49	111
38.42	3
36.52	154
37.4	120
36.85	94
34.49	111
38.69	72
34.84	103
34.84	38
35.74	106
38.39	4
35.61	74
36.03	75
34.49	109
33.22	101
39.37	2
35.96	100
36.33	109
34.52	129
35.74	127
35.22	131
35.74	130
36.68	93
34.35	45
35.16	106
37.76	117
35.27	72
36.07	87
33.13	40
36	130
36.66	164
33.07	93
35.21	107
34.11	29
35.98	130
35.87	143
34.29	132
33.64	115
34.23	46
34.28	114
36.15	96
33.37	87
33.61	98
33.3	92
35.86	72
34.36	93
36	117
36.01	118
35.78	132
35.92	77
36.55	57
35.29	128
37.82	72
38.95	2
36.23	120
35.06	111
33.91	74
36.63	99
37.37	112
35.71	76
34.37	115
35.59	69
36.52	221
35.76	230
36.6	48
35.14	108
34.8	131
38.21	170
34.95	43
36.62	106
35.58	132
35.17	9
36.56	198
36.7	188
35.46	78
34.14	34
34.6	185
33.91	22
34.42	30
35.44	4
34.55	115
35.67	97
35.44	61
35.12	61
37.49	105
31.86	132
35.11	109
33.14	25
36.37	123
35.46	163
33.36	44
37.67	108
35.46	124
34.3	129
35.37	110
35.6	130
35.51	51
35.56	110
34.24	28
36.21	105
34.21	41
36.59	97
33.06	106
36.84	16
33.89	43
36.67	132
37.17	147
36.21	9
36.6	115
36.02	111
34.55	121
37.4	10
36.65	58
33.94	234
35.09	50
36.42	126
34.78	51
35.81	1
34.38	226
34.6	105
35.76	127
36.58	126
34.4	96
35.3	125
33.06	29
51.2	20
34.72	78
37.27	76
34.49	214
34.23	77
33.49	127
34.96	48
36.1	192
35.07	67
34.79	189
34.87	88
32.84	131
36.44	73
36.13	135
35.67	174
35.14	122
38.63	108
34.69	120
34.18	131
37.04	68
36.71	23
35.02	217
35.08	124
36.65	72
36.34	97
34.29	88
35.19	91
33.49	127
35.99	160
37.17	142
37.15	83
35.67	62
36.13	189
35.17	91
36.39	105
35.07	124
36.14	62
32.14	124
34.76	120
33.44	35
33.48	67
35.57	100
33.95	52
35.05	125
33.24	130
33.09	97
35.34	117
34.83	27
34.75	114
35.53	153
34.22	71
36.61	78
36.52	133
36.33	142
35.16	92
33.02	115
34.41	76
34.62	101
36.27	97
32.65	121
34.5	49
34.62	55
34.98	104
33.25	120
36.84	154
35.45	109
36.13	2
37.31	170
36.11	68
42.68	1
37.4	130
38.07	125
42.13	13
39.93	2
37.56	111
35.16	111
37.41	114
34.6	119
37.72	85
37.22	171
33.5	116
37.17	85
36.14	22
36.3	87
34.07	25
37.13	118
36.72	91
34.33	101
34.49	2
35.72	0
33.19	119
35.46	72
35.08	128
35.35	224
34.89	132
32.3	127
34.92	83
41.84	1
44.04	25
38.79	30
43.25	19
44.24	3
42.52	2
43.69	6
33.73	132
45.34	14
32.7	127
31.81	15
35.84	102
36.92	75
34.37	113
35.26	125
33.93	116
34.5	122
34.24	45
34.85	31
35.68	83
33.44	130
36.52	92
35.33	122
36.07	202
36.16	132
33.27	39
34.15	117
33.89	117
34.2	117
33.72	127
33.45	119
36.16	2
37.13	105
34.39	112
36.64	12
35.56	160
34.27	123
35.04	161
35.14	131
35.05	125
38.05	102
36	34
34.81	93
35.67	6
34.88	41
34.29	128
34.39	81
35.95	61
35.54	113
35.59	167
35.38	141
34.1	124
30.74	11
34.2	116
35.37	87
41.95	4
36.1	70
34.48	125
36.14	109
36.18	140
33.19	78
36.41	68
34.71	54
33.53	142
35.23	116
33.94	104
33.38	112
33.16	1
36.02	114
36.53	108
34.98	49
36.05	112
35.91	200
35.08	210
36.42	182
33.56	132
34.95	44
37.31	98
35.07	119
36.5	61
34.72	108
36.97	50
35.82	116
34.19	123
34.7	208
36.26	135
33.72	132
37.46	93
36.18	64
32.55	114
33.94	114
35.77	53
32.68	124
35.52	121
32.39	127
36.1	109
35.74	125
35.81	74
32.66	90
33.5	129
41.61	20
37	114
36.16	110
39.36	10
36.63	163
36.86	131
36.3	3
35.81	100
34.6	115
34.25	74
33.59	125
36.4	113
39.16	96
35.08	213
36.73	79
33.74	121
37	27
35	10
37.1	157
36.7	59
33.92	87
35.55	81
36.5	191
36.72	126
34.53	26
34.12	206
33.64	108
33.48	56
35.7	97
35.86	125
37.13	22
34.36	128
35.57	92
36.09	121
33.94	128
35.37	80
33.9	19
36.19	83
34.04	128
32.37	120
35.12	130
34.01	50
32.9	118
35.65	88
35.46	127
38.48	6
34.92	101
35.61	160
35.04	109
37.15	7
34.67	73
35.34	16
33.63	88
35.38	95
33.63	111
36.75	31
32.99	115
33.78	65
34.48	137
35.81	109
36.7	90
36.35	141
36.64	97
35.26	75
33.47	130
37.36	4
36.66	12
33.07	72
36.43	41
30.92	3
35.64	136
35.39	130
37.57	118
33.76	0
36.34	98
36.4	52
33.51	2
36.61	129
35.28	1
36.54	156
38.19	94
37.58	118
35.55	98
33.74	124
34.95	131
36.15	53
36.61	4
37.48	3
33.39	98
36.87	48
35.82	83
35.02	117
32.93	125
35.92	109
35.45	63
36.16	87
37.49	92
35.6	128
36.67	119
34.04	117
36.15	45
34.14	80
32.58	130
34	102
33.03	125
34.87	85
34.36	45
34.78	74
36.66	3
36.03	111
33.54	28
33.8	15
36.46	124
31.99	15
34.79	184
33.62	39
33.44	88
34.6	106
32.11	58
36.97	71
34.37	120
38.29	55
36.96	50
35.66	77
37	84
36.51	83
36.29	65
36.97	113
35.38	112
35.36	116
33.6	82
35.76	111
34.26	129
32.19	25
34.94	4
35.9	123
35.24	8
32.54	29
36.07	60
35.02	179
38.97	14
35.57	99
32.99	39
36.34	71
36.89	81
36.06	121
36.38	104
34.78	78
35.15	112
37.31	116
36.52	8
38.11	83
35.09	53
36.7	118
35.53	126
38.09	141
36.97	100
37	176
34.79	115
36.8	160
34.81	88
34.87	101
36.14	114
35.62	123
36.19	15
39.27	107
38.82	114
35.12	221
35.6	83
35.78	160
35.84	131
37.47	123
35.36	122
34.09	16
37.64	79
37.72	99
36.19	64
37.04	98
37.94	85
34.88	164
33.42	120
33.53	87
34.23	221
33.85	111
34.87	19
32.87	121
34.62	67
34.26	82
31	3
33.07	127
32.43	129
34.56	127
34.08	148
32.61	129
33.69	124
34	34
33.31	52
34.5	149
34.97	122
33.41	109
35.98	138
39.25	0
34.99	119
41.31	10
34.27	212
34.29	132
32.68	124
36.23	127
34.25	89
34.66	31
37.18	157
36.15	225
36.67	198
36.78	189
36.13	108
35.17	148
34.86	107
36.61	38
35.51	74
35.03	132
35.2	210
38.56	17
36.73	12
36.16	100
35.82	99
33.38	125
33.47	114
34.95	188
33.75	89
33.85	119
32.32	4
34.47	207
36.02	128
34.83	11
36.54	7
32.97	124
34.62	112
31.51	47
35.43	90
35.46	126
34.64	64
35.69	60
33.97	39
35.73	50
37	99
34.37	100
35.55	101
33.28	79
35.28	17
34.25	129
37.71	110
34.88	119
33.25	13
35.36	122
35.27	48
35.53	95
35.26	112
34.43	100
34.01	79
36.89	73
36.89	110
35.37	102
33.54	103
36.19	117
33.11	171
36.14	6
38.11	125
36.37	113
36.35	104
35.15	69
35.38	50
36.18	91
35.06	83
33.78	132
35.52	70
34.75	210
36.08	98
33.88	24
35.42	40
35.77	173
31.29	24
35.23	101
34.62	112
36.03	79
32.86	19
35.29	122
35.77	193
35.64	115
34.09	128
34.55	131
36.89	129
37.08	93
35.41	80
36.13	130
37.52	13
35.74	127
36.97	112
36.55	116
100	0
35.56	99
33.98	125
36.56	98
37.08	90
36.65	11
35.4	108
33.53	123
34.93	57
39.73	11
34.97	151
38.56	126
38.31	113
35.67	125
35.33	129
34.54	87
34.08	130
38.23	91
35.95	214
35.82	31
35.81	73
34.39	112
34.07	131
34.7	124
33.66	44
36.05	227
37.55	141
36.98	87
35.41	106
38.54	6
34.26	129
35.7	67
35.63	62
32.73	26
35.66	131
36.56	95
36.93	114
33.96	123
34.63	102
35.5	77
31.83	126
35.05	216
36.32	82
34.21	132
35.56	207
35.94	85
35.1	125
32.71	127
31.72	123
35.58	112
34.94	17
35.99	90
33.68	125
35.23	126
35.94	11
34.96	124
33.33	59
35.75	16
36.4	122
33.38	59
34.38	99
34.78	89
35.31	128
35.38	197
33.88	114
37.66	148
35.63	136
33.04	128
35.18	62
35.81	113
33.8	125
35.16	154
34.27	74
35.51	77
35.7	101
41.08	0
40.34	2
34.02	128
34.83	44
34.67	109
35.77	132
35.17	125
34.69	70
35.21	158
34.61	56
33.96	125
40.87	15
42.62	13
32.34	132
34.76	81
35.06	107
34.58	107
40.6	8
39.05	17
35.76	114
35.73	35
35.42	63
34.35	117
34.58	72
34.58	157
35.04	94
34.29	126
35.05	99
35.96	1
33.4	1
35.27	75
32.86	80
35.51	205
35.44	127
35.84	105
36.85	129
36.13	176
37.24	85
35.17	196
37.4	95
35.87	58
36.89	105
34.11	114
35.24	61
35.61	103
36.25	65
33.17	31
33.45	77
36.53	188
35.25	92
37.33	80
34.94	123
33.86	129
33.47	196
34.33	36
34.11	20
37.02	86
35.42	209
33.76	29
34.98	100
34.7	119
35.29	4
34.25	125
37.26	82
35.27	6
35	67
34.3	30
36.54	72
35.17	59
35.49	97
35.38	102
35.64	43
34.27	54
34.63	129
33.59	130
34.81	126
35.47	90
32.25	129
33.53	80
36.94	122
35.75	16
34.86	228
35.12	88
35.57	10
33.52	125
34.65	124
34.65	125
35.72	118
34.47	76
36.96	100
34.78	96
37.35	109
31.82	124
36.02	9
35.49	131
34.61	74
36.03	110
34.23	131
34.01	76
35.6	132
33.86	64
33.58	23
36.84	105
34.39	124
36.55	9
35.15	116
35.43	90
34.47	124
32.36	129
36.76	122
34.99	16
34.82	228
32.3	113
35.77	42
35.6	10
33.52	125
36.39	123
35.91	111
35.54	94
37.01	75
32.91	130
37.59	85
34.3	128
33.43	117
34.51	100
34.82	133
33.76	0
34.22	34
38.97	18
35.65	75
35.74	76
33	85
35.31	5
34.24	128
38.03	9
35.86	149
36.38	84
38.07	15
40.52	16
34.57	116
36.34	15
33.89	123
36.32	198
35.73	111
40.44	6
37.21	166
37.62	39
35.22	34
37.43	121
36.51	131
37.57	104
36.57	99
35.62	115
36.15	116
37.19	53
37.01	115
33.01	107
35.71	113
34.62	196
33.33	71
34.08	81
35.3	26
32.31	128
35.29	100
35.28	95
34.55	50
34.36	56
34.62	96
35.99	91
36.11	130
32.78	64
35.75	161
37.24	110
36.79	97
33.69	27
34.79	116
37.16	6
41.96	9
37.76	116
35.8	103
35.97	76
34.92	122
38.39	74
38.07	112
35.8	101
35.79	43
35.31	103
35.05	232
35.49	37
32.53	38
33.78	125
35.31	96
35.62	193
36.18	42
34.44	85
35.47	133
34.83	78
34.04	51
34.58	128
35	72
34.43	83
34.27	123
36.22	87
33.88	101
36.38	56
36.45	23
34.26	82
35.97	106
34.99	61
35.91	112
35.75	83
35.04	122
36.26	13
35.47	172
35.46	90
35.29	59
36.81	155
35.08	212
34.8	54
36.37	66
33.17	37
35.86	219
36.7	137
36.41	90
36.21	86
35.18	103
36.08	118
36.28	116
36.25	70
36.93	130
36.28	136
42.44	4
36.54	115
36.65	100
34.87	104
34.04	47
36.75	89
35.21	10
36.97	105
35.72	94
35.22	123
36.25	83
37.77	112
37.61	137
35.16	26
35.27	138
37.57	28
35.78	119
36.57	94
36.7	221
36.53	36
37.25	158
35.63	65
36.38	14
35.68	119
36.96	51
34.35	27
36.78	49
37.7	100
35.33	121
35.57	19
35.49	35
35.8	127
36.21	85
36.07	114
35.85	110
35.35	105
34.2	129
35.78	99
35.76	133
35.97	45
34.57	118
35.37	131
34.6	93
37.3	98
35.51	215
36.19	151
33.56	26
36.21	112
31.8	112
34.72	87
35.91	128
34.98	123
35.64	94
35.41	92
36.17	41
37.13	99
33.88	117
35.03	114
36.55	153
36.15	75
36.98	221
36.84	153
35.88	124
40.36	2
36.73	174
35.38	134
36.59	114
33.29	73
35.93	108
33.54	230
34.05	97
33.26	130
34.86	157
36.41	111
36.51	86
37.84	168
36.95	48
34.45	122
36.01	109
35.53	115
37.5	5
35.38	75
37.93	22
36.35	125
38.08	123
33.54	42
34.74	92
35.29	92
35.55	151
33.11	131
35.2	64
35.07	94
36.03	158
34.96	179
34.85	121
35.85	6
37.34	33
38.13	61
34.87	100
35.41	100
34.7	15
34.93	121
35.28	79
36.78	117
37.09	134
35.69	216
36.04	89
35.16	223
34.08	37
37.36	94
35.04	66
35.51	98
34.87	118
35.37	125
35.99	129
34.12	110
36.12	93
35.26	98
35.16	122
36.5	78
35.24	50
34.18	129
36.4	25
35.24	18
35.16	83
37.08	72
34.95	99
34.7	207
37.7	100
34.05	107
36.14	60
36.15	135
36.67	110
38.05	124
34.95	4
34.87	83
32.86	114
33.71	120
34.73	108
32.98	76
33.32	131
35.61	132
34.5	204
34.17	195
35.93	80
35.92	102
35.62	113
34.42	101
34.27	101
32.56	126
36.26	118
36.68	72
34.67	110
34.16	69
33.99	116
35.61	140
36.36	61
34.19	49
37.38	154
36.8	116
37.26	5
34.97	115
35.26	119
35.32	121
35.17	22
32.89	96
33.03	59
33.52	79
33.31	129
35.16	72
33.39	104
35.64	197
32.59	113
35.82	92
36.95	107
35.19	6
35.48	40
33.08	110
34.79	95
33.9	24
33.57	77
33.67	23
33.92	4
34.22	21
35.21	48
37.76	118
37.46	132
38.83	82
35.67	2
34.84	72
37.57	107
37.42	142
34.81	124
35.87	56
39.6	31
35.43	114
35.8	78
36.04	40
34.38	131
36.19	127
37.88	12
35.21	96
35.96	116
36.79	121
32.24	9
34.65	114
35.32	115
33.7	96
35.62	112
31.21	5
35.65	131
34.95	106
35.6	71
34.93	104
35.44	105
34.73	65
32.59	131
34.75	81
33.61	63
34.93	106
34.62	104
34.69	106
35.97	113
32.89	127
33.22	205
34.26	174
35.84	125
34.7	156
35.55	171
34.9	94
33.27	86
36.01	75
34.59	56
35.48	73
34.12	4
32.58	47
35.42	72
37.04	128
35.84	64
35.31	88
37.06	107
34.27	32
33.89	112
35.81	13
34.74	28
33.36	113
35.83	99
34.49	109
34.15	91
35.6	111
35.35	11
36.22	10
36.07	118
34.94	158
35.23	111
32.35	17
35.35	39
30.81	5
34.59	3
35.94	123
32.13	86
35.1	25
35.16	174
32.92	18
34.49	100
33.24	192
35.8	78
32.31	73
32.66	132
35.82	110
34.35	78
34.02	50
35.1	95
32.98	48
33.69	104
35.62	51
36.07	159
36.81	103
35.28	97
34.56	119
33.6	118
33.35	110
36.31	102
36.05	114
32.83	12
35.18	127
35.27	114
36.72	84
34.07	67
32.76	37
35.74	141
34.42	20
37.4	104
35.36	113
34.05	132
35.19	130
34.1	107
33.06	113
34.55	128
33.91	38
34.67	84
34.93	86
35.47	95
32.62	30
35.08	110
37.87	112
35.13	111
34.18	131
34.75	126
35.88	124
36.65	125
40.92	6
35.99	103
36.53	126
34.16	113
36.71	101
37.24	5
38	16
34.46	57
35.31	38
36.52	131
35.47	126
36.69	163
34.93	124
38.11	65
35.38	149
33.89	25
32.94	62
33.82	19
35.16	128
34.45	131
35.85	228
35.81	76
40.91	0
34.01	130
40.6	26
34.52	109
32.87	237
32.16	84
34.63	44
39.11	26
34.79	84
44.47	1
39.88	8
35.08	91
32.62	124
36.19	108
36.59	93
35.09	217
35.45	132
35.67	113
34.42	125
32.72	119
32.38	42
35.57	120
34.5	124
35.81	90
37.73	80
35.39	117
36.47	119
35.73	16
35.06	190
35.84	10
33.59	125
35.88	104
35.49	113
36.08	96
35.4	100
35.35	130
33.4	176
34.16	231
36.34	110
32.45	101
33.54	119
35.12	85
35.36	81
36.76	214
35.44	37
36.74	41
37.5	71
35.98	107
35.82	130
34.34	36
35.18	129
38.41	134
39.7	1
36.13	79
39.81	90
35.27	100
33.7	220
35.82	122
34.52	113
34.3	75
35.88	100
33.61	88
35.32	121
35.21	17
35.02	157
38.13	109
36.25	120
35.96	10
38.13	78
34.87	128
37.37	82
37.86	101
34.42	81
35.15	125
33.63	37
36.3	3
33.94	110
31.7	35
35.82	72
34.87	111
35.44	99
33.24	82
35.44	12
33.51	94
36.1	123
32.67	60
35.41	83
36.11	50
36.27	105
33.36	23
35.94	117
35.08	222
33.95	8
36.27	35
34.68	124
36.33	96
36.36	125
39.04	20
37.51	81
36.52	52
35.92	49
35.38	74
32.1	104
33.04	3
34.08	97
34.67	1
32.34	13
35.83	128
41.95	7
40.39	9
36.24	7
35.01	234
34.03	58
34.48	26
36.05	120
34.39	182
35.27	95
34.4	50
34.71	43
38.86	15
32	128
35.32	126
36.7	114
37.92	65
33.92	121
34.99	123
34.02	125
36.84	90
36.25	219
37.51	188
35.06	64
35.97	34
35.67	125
36.05	50
34.81	130
37.3	106
34.83	65
35.08	114
34.79	119
36.31	105
35.19	104
37.56	92
36.29	98
35.38	14
34.91	73
36.49	117
35.96	112
34.09	41
34.16	130
34.5	106
36.28	98
35.02	120
35.45	150
33.29	101
31.92	18
35.86	93
32.13	8
33.15	130
34.4	126
35.17	97
35.78	118
34.1	119
34.68	20
34.36	55
36.14	47
33.5	90
35.94	113
36.18	72
34.83	65
37.4	86
35.06	65
35.81	112
33.67	237
33.47	235
33.45	78
33.3	114
36.41	110
36.24	119
32.65	22
33.14	25
36.26	113
35.07	77
34.84	23
33.63	128
34.74	159
33.99	99
33.41	29
36.64	99
35.16	79
36.34	98
34.53	118
33.19	66
33.42	130
33.98	55
34.01	18
34.93	69
35	93
35.01	131
32.58	119
35.69	98
36.59	106
32.63	33
35.56	76
36.01	114
35.45	19
38.02	88
35.07	172
37.95	64
35.75	216
36.45	163
38.64	86
38.25	52
32.65	47
33.6	118
34.52	125
36	121
39.15	2
35.45	154
33.67	94
35.64	89
34	131
36	99
35.91	137
35.22	100
32.23	19
36.32	195
35.67	143
35.92	33
38.28	103
35.59	80
38.23	133
34.3	86
35.35	74
35.77	232
35.25	97
34.07	30
35.25	78
36.08	152
34.3	63
37.5	102
33.83	132
35.56	41
34.69	148
35.28	90
35.7	64
35.75	37
34.58	117
34.38	59
35.6	2
36.23	86
34.43	4
34.83	147
33.77	110
35.61	125
36.8	24
37.61	4
34.85	119
34.56	125
37.45	6
34.99	226
35.62	66
33.7	122
35.7	114
37.26	70
36.58	86
36.09	91
37.29	5
34.24	104
38.1	46
35.02	22
35.84	200
35.02	118
33.55	128
35.45	168
35.63	216
33.46	102
36.05	30
36.9	73
35	68
36.44	56
41.02	5
35.56	211
34.48	139
35	68
35.99	113
33.39	103
35.51	69
36.37	127
31.9	9
35.32	112
34.41	53
35.32	118
34.73	4
37.19	132
36.36	101
34.24	48
36.32	154
36.45	107
36.21	70
33.16	132
37.19	107
34.4	107
36.25	188
32.93	116
34.45	128
35.01	104
33.11	47
36.95	130
34.72	92
35.75	94
35.54	98
35.38	116
34.34	130
35.26	109
37.32	54
35.91	93
36.11	44
35.08	197
33.97	92
36.58	108
35.35	131
35.81	68
34.64	210
35.65	65
34.39	208
33.44	124
37.35	132
36.15	52
34.21	67
35	102
34.25	45
34.09	12
38.62	3
36.53	72
35.22	103
35.84	107
34.16	28
35.53	97
34.56	102
33.93	126
35.77	176
35.4	79
35.93	127
37.2	126
36.41	103
33.7	124
36.29	3
35.43	7
35.29	164
35.44	108
35.36	1
34.69	7
36.2	132
34.69	116
34.82	84
35.39	88
34.98	117
36.36	40
35.33	234
36.95	121
34.89	128
35.85	126
39.49	29
34.66	21
33.84	131
35.66	108
37.31	127
34.67	119
35.36	229
33.74	93
37.09	102
35.64	104
36.03	90
34.14	132
37.58	62
36.36	50
37.28	101
38.95	9
35.3	36
33.91	33
34.29	131
35.2	193
36.41	6
35.16	47
30.95	44
36.12	123
34.48	82
36.22	18
36.67	105
34.21	67
35.84	127
34.04	120
35.28	206
34.77	68
32.54	119
35.73	64
35.61	88
34.94	187
34.56	91
37.03	84
35.55	113
33.9	117
36.82	104
32.87	132
34.73	124
33.37	127
34.72	132
34.91	198
35.12	82
34.6	228
35.38	82
36.35	67
35.07	39
36.43	4
36.6	124
36.84	167
37.54	68
32.61	7
36.86	111
36.23	126
35.44	123
35.02	75
36.33	81
35.19	132
35.65	62
35.37	42
34.29	66
33.5	230
34.12	111
34.69	32
34.25	33
36.23	50
35.9	82
38.02	119
34.39	131
36.87	129
35.73	109
35.19	120
36.59	207
35.28	89
36.27	220
41.77	4
35.34	130
40.63	17
35.78	106
36.33	131
35.16	40
35.17	46
34.58	123
34.63	105
36.97	11
35.81	236
36.17	105
34.9	49
35.32	46
36.32	59
36.11	131
36.99	65
35.78	110
36.57	42
35.48	106
34.46	127
35.83	97
35.63	107
36.53	130
36.34	99
41.99	17
37.11	126
34.38	79
36.5	105
38.55	118
36.92	186
34.92	28
34.98	105
34.07	112
34.3	6
32.85	125
34.97	135
34.16	116
34.85	54
34.26	83
33.88	30
34.72	213
35.21	102
35.89	89
34.11	115
35.38	57
35.63	155
34.39	116
35.2	193
33.9	120
34.52	73
36.35	123
33.84	23
34.7	173
36.04	90
33.78	17
35.49	106
35.72	97
36.92	71
34.37	31
36.39	86
31.62	10
35.2	131
35.1	116
34.41	154
34.04	163
33.86	215
35.23	119
34.5	127
36.69	130
35.43	107
35.64	86
33.7	70
35.7	70
34.89	101
37.24	8
36.27	127
35.77	173
35.67	79
32.65	66
31.08	116
36.56	115
36.98	138
34.76	211
36.32	184
35.5	127
35.01	129
34.55	132
35.08	68
33.27	130
35.23	109
33.47	95
32.85	38
32.69	132
35.01	92
36.16	90
34.4	37
35.55	206
35.08	138
34.79	146
34.87	85
35.29	173
32.95	123
35.77	126
31.89	65
33.55	112
35.51	89
33.6	35
33.88	88
37.45	98
34.18	111
35.02	60
32.81	122
35.66	156
35.84	117
35.65	98
35.55	121
34.79	141
34.11	10
35.37	103
35.08	62
35.68	158
34.64	82
34.64	82
34.9	6
36.32	5
36.24	80
33.37	30
35.81	130
34.14	6
36.24	64
39.13	93
47.23	37
46.77	40
39.47	74
42.53	3
35.71	60
44.62	18
37.5	113
42.17	16
38.52	1
35.46	91
37.52	82
35.7	113
37.58	114
35.65	42
33.2	28
34.94	125
36.19	44
33.6	107
35.27	43
34.29	124
33.68	113
36.68	58
35.59	86
34.51	55
35.09	91
33.88	49
33.8	221
40.5	6
35.18	155
35	130
35.91	75
36.72	215
35.64	213
36.42	176
35.77	119
36.43	128
36.23	44
40.36	3
36.08	103
34.22	82
34.3	11
34.66	39
36.11	107
33.53	216
31.74	111
31.78	21
31.3	53
31.66	104
33.54	66
36.45	119
36.61	152
35.68	158
36.65	56
34.74	3
35.74	5
36.08	24
34.64	130
36.48	130
34.97	87
34.62	43
32.34	20
33.69	70
33.39	75
34.29	64
33.63	93
35.2	128
32.54	131
35.11	112
34.4	35
34.49	36
34.62	122
34.59	3
35.81	6
35.24	62
36.67	67
34.18	29
37.39	131
34.46	95
35.36	129
36.18	170
36.18	112
34.03	98
35	112
35.86	90
34.19	4
34.16	131
36.31	22
36.79	108
35.3	98
34.75	58
34.67	95
33.83	170
35.27	109
35.3	217
34.12	114
32.15	7
35.88	88
34.29	94
35.77	126
36.03	123
35.1	15
34.28	107
34.91	53
34.79	34
35.3	88
36.76	129
36.29	86
35.03	58
32.15	110
35.63	115
35.56	96
35.16	202
35.35	122
36.57	97
33.18	29
34.38	129
35.45	80
34.54	128
34.48	128
32.98	132
35.71	112
32.82	102
37.19	78
36.55	143
36.75	75
34.46	129
34.77	110
37.57	121
32.53	42
32.43	126
34.13	102
35.06	126
35.47	110
36.06	84
35.6	95
34.86	110
33.66	118
35.43	104
34.75	123
37.92	103
36.63	96
36.2	111
37.05	122
34.96	124
33.48	130
35.38	82
37.15	115
36.51	0
35.21	64
35.8	122
34.9	182
33.31	70
36.63	135
35.64	71
36.63	169
35.19	72
35.96	107
33.78	113
37.33	99
35.7	110
35.52	91
36.79	14
36.68	11
36.65	90
35.83	49
36.38	79
34.11	42
34.87	132
35.62	144
32.25	122
35.5	113
32.3	125
34.87	74
33.76	97
35.03	120
35.17	132
33.23	226
35.16	175
35.57	118
43.18	1
37.66	17
34.46	110
35.53	150
33.46	128
33.76	127
34.75	122
33.14	129
36.03	101
35.88	70
34.38	131
34.1	82
33.06	44
36	75
31.42	121
35.39	131
34.74	69
33.55	129
34.96	198
35.79	74
34.36	10
36.11	5
35.66	85
33.94	110
34.97	101
33.1	112
35.2	179
36.79	90
34.39	72
33.77	25
37.23	90
37.79	121
34.94	124
35.91	104
35.93	132
37.44	96
34.87	81
35.85	67
39.53	13
37.41	75
35.47	94
35.84	107
36.58	127
36.19	109
36.61	127
38	131
37.64	81
36.89	177
37.07	19
36.79	112
35.48	123
36.12	126
33.77	4
34.7	79
35.2	157
34	82
36.06	111
35.78	131
34.78	63
33.31	226
34.19	125
42.19	20
35.38	85
36.03	82
34.98	123
31.62	9
34.64	104
35.7	118
33.82	32
33.92	31
34.42	11
34.43	127
34.79	128
36.02	175
35.84	51
34.98	106
34.47	131
35.48	218
36.23	115
34.07	123
35.45	208
36.14	55
35.5	89
36.58	3
32.62	131
34.97	69
34.64	84
32.2	14
36.82	79
33.31	125
33.98	41
36.39	124
35.29	158
34.44	116
35.93	80
33.34	52
33.59	167
34.41	204
35.45	103
31.98	33
35.71	22
37.09	133
34.88	91
34.04	97
36.76	116
34.12	130
36.67	129
35.09	131
36.45	77
37.53	100
35.27	71
35.31	81
34.92	236
36.08	50
33.82	106
34.16	21
34.12	120
35.66	90
35.82	81
41.29	11
33.42	105
33.61	115
35.59	125
34.54	72
34.16	128
37.46	96
36.41	101
35.96	103
34.56	64
35.95	103
34.83	80
35.4	80
35.64	237
36.91	134
37.69	70
34.67	118
34.62	33
38.21	45
31.82	4
36.2	92
33.99	113
33.43	101
33.36	126
34.08	84
34.4	158
31.61	105
34.27	64
32.65	116
35.03	45
33.5	57
34.99	131
33.82	22
34.07	176
35.36	132
34.31	122
34.82	74
33.73	81
35.68	96
35.9	84
35.85	83
37.36	8
35.48	3
32.95	3
34.81	100
35.78	212
36.11	96
34.44	217
32.73	120
33.92	54
32.06	132
35.16	33
35.67	158
33.11	125
32.85	97
33.86	136
31.86	139
34.72	122
33.94	143
33.43	261
33.17	148
31.59	139
33.97	53
35.03	117
33.51	110
31.96	147
34.23	147
33.52	111
34.81	91
34.32	104
35.31	63
33.67	146
33.69	105
34.97	140
34.16	148
34.04	145
34.71	143
35.26	109
33.75	131
34.2	31
34.98	128
32.91	146
33.34	137
34.84	114
34	135
35.71	104
34.17	131
35.32	121
34.44	98
32.56	147
34.41	143
34.17	140
33.99	147
34.57	98
34.49	115
34.28	134
33.31	70
34.95	115
34.96	145
35.02	112
33.03	131
32.98	121
33.16	132
31.91	146
33.69	70
33.1	132
33.39	257
34.21	100
34.37	140
33.17	148
32.95	121
35.01	114
32.41	135
35.53	131
34.2	234
32.07	146
33.44	107
32.17	135
33.3	132
34.4	112
33.27	122
35.25	124
35.36	133
33.93	121
33.28	99
37.83	58
34.11	76
36.97	119
36.65	147
33.38	148
34.76	115
33.64	125
33.58	83
32.66	105
32.89	144
33.12	136
35.31	97
34.51	97
35.49	117
34	112
34.54	117
35	82
35.24	103
34.51	145
34.31	110
33.51	140
35.74	102
34.06	138
36.07	128
32.48	132
33.68	161
32.54	132
34.16	128
34.43	113
35.35	129
33.84	137
35.1	119
35.04	78
34.09	132
34.44	120
33.73	20
32.6	120
35.6	99
34.14	120
34.4	123
35.03	106
35.55	53
34.78	122
33.28	144
34.95	138
32.86	146
35.84	122
36.26	166
34.56	132
33.4	145
33.61	106
33.74	142
35.63	58
33.21	118
35.68	48
34.52	154
36.58	140
33.53	52
33.18	136
35.28	99
33.54	47
35.2	183
34.3	139
33.87	128
34.94	113
38.03	113
35.11	75
33.27	122
32.69	97
32.76	246
33.63	133
34.34	107
34.02	222
32.88	143
34.7	117
32.19	24
34.16	147
34.59	116
34.57	39
33.66	91
34.76	88
33.99	221
35.73	97
31.49	148
34.03	230
33.87	147
35.15	249
35.44	189
33.19	143
34.19	59
32.91	141
34.28	271
32.79	130
33.25	56
33.75	109
33.79	91
36.99	45
35.7	99
34.26	95
32.71	143
32.86	147
36.5	102
34.26	109
35.28	157
35.04	247
35.09	147
32.74	139
35.34	115
33.13	272
33.69	112
34.86	126
35.11	129
34.87	147
35.99	134
33.4	146
34.66	172
34.66	98
32.31	134
34.66	95
33.61	217
35.62	120
32.97	23
33.5	128
34.5	142
33.85	129
32.44	140
31.35	135
33.34	147
32.12	148
34.75	193
33.14	113
32.7	144
33.07	134
34.88	115
35.81	130
33.42	136
34.6	157
35.38	93
33.73	137
35.3	96
32.63	145
31.95	107
34.11	143
35.56	106
34.56	50
33.39	244
34.53	45
33.31	145
33.68	70
33.94	136
32.63	122
33.98	115
34.37	144
32.89	93
34.77	112
34.08	134
32.63	144
32.95	130
33.69	51
34.86	145
34.86	145
34.76	277
33.62	146
34.77	145
34.91	53
34.85	107
35.46	202
35.43	202
33.1	120
32.27	147
35.25	96
33.36	103
33.7	139
34.82	156
32.12	119
33	35
36.4	118
33.16	167
32.31	124
32.53	147
32.9	138
33.68	81
33.6	147
33.07	142
35.44	126
34.27	112
33.44	29
35.47	194
34.5	114
34.66	111
34.87	131
33.82	145
34.89	131
33.55	95
33.03	132
34.75	107
