sim	len_diff
34.23	37
35.29	27
32.44	51
37.44	15
38.92	12
35.15	31
35	52
33.21	50
34.51	42
35.04	64
38.97	22
34	68
33.71	7
32.1	50
37.43	14
34.56	55
34.5	22
33.56	1
33.11	48
33.98	33
32.46	68
33.26	64
35.23	9
34.21	57
32.9	43
34.88	51
31.56	26
32.9	69
32.46	26
31.91	63
33.63	48
33.21	10
32.91	7
32.91	7
35.14	16
32.36	32
36.24	60
33.24	31
33.7	42
31.94	66
32.91	7
35.91	37
33.36	61
35.47	34
34.67	54
34.7	62
34.76	56
34.63	53
34.28	69
36.18	51
34.51	27
35.54	46
33.27	23
35.27	24
32.49	24
37.31	31
33.04	24
35.17	8
30.2	21
34.68	23
33.55	33
31.68	34
36.69	11
32.55	28
34.59	30
32.59	5
33.14	31
35.4	34
35.92	28
34.3	34
33.65	20
31.84	38
33.81	34
33.98	28
34.2	53
35.05	1
32.63	64
36.84	51
35.55	12
35.63	53
33.4	47
30.9	62
34.37	41
34.1	52
33.91	25
37.67	33
32.71	49
33.64	60
35.61	40
36.88	46
32.88	38
34.31	63
33.78	49
36.34	50
32.2	20
35.06	51
33.53	42
35.44	13
36.84	20
34.72	43
32.9	53
32.13	46
35.73	4
34.73	65
35.24	9
37.96	22
36.71	50
35.86	12
35.41	62
34.84	47
33.83	39
32.4	53
33.25	53
34.13	49
34.49	63
37.42	41
34.36	60
31.75	60
33.23	54
33.98	55
34.2	1
35.37	55
33.32	10
30.96	39
32.96	56
37.75	38
39.1	5
34.16	34
32.22	24
36.46	36
34.65	22
34.63	38
32.23	7
31.53	63
33.03	64
33.63	7
32.64	56
33.45	55
35.94	26
32.23	7
34.76	8
33.51	51
32.81	38
36	28
38.53	14
32.38	66
34.31	21
34.85	8
35.04	21
33.44	42
31.85	69
31.6	66
33.24	27
36.81	15
37.27	21
33.43	24
34.39	21
33.49	54
34.6	53
33.44	32
33.3	9
35.02	8
34.72	26
33.53	35
34.03	56
32.6	56
32.08	55
32.24	34
36.08	54
32.33	60
34.01	30
32.82	66
31.65	63
32.89	33
34.82	38
36.91	11
34.01	30
32.23	7
39.13	17
32.88	42
35.11	31
32.83	32
35.65	24
37.08	4
36.52	45
33.78	64
32.39	57
32.7	27
35.09	33
32.44	31
35.89	23
33.2	30
32.55	19
34.59	10
35.27	30
36.31	28
32.66	33
34.15	28
38.98	3
34.86	36
34.85	20
34.88	67
35.14	52
36.04	43
35.46	36
36.23	12
34.55	51
36.77	37
37.79	18
32.19	60
33.58	13
36.18	12
33.7	60
35.26	17
37.68	15
31.07	18
32.33	50
34.51	10
35.46	17
37	34
35.85	18
32.18	19
33.27	10
36.02	11
35.17	19
33.53	14
33.6	15
35.79	13
35.22	19
34.18	17
33.47	45
34.01	37
34.13	65
35.73	15
36.02	4
37.14	23
37.21	12
34.71	68
33.46	48
36.09	34
35.16	40
36.09	34
34.07	0
38.65	14
36.22	44
33.62	9
34.05	7
34.07	0
36.34	17
32.5	50
34.71	18
35.62	18
35.05	11
33.11	17
33.05	27
34	42
33.19	19
35.14	18
34.27	33
32.59	58
35.46	3
31.02	45
36.73	47
34.95	17
33.67	43
35.98	52
32.82	57
34.13	15
38.19	28
33.89	60
32.21	45
33.72	55
32.2	55
32.19	61
32.13	60
30.98	61
34.63	68
35.32	55
33.76	56
38.92	22
30.72	16
33.32	28
33.93	47
35.32	4
32.78	53
34.21	6
36.27	47
33.51	68
33.84	67
39.21	6
33.78	12
33.65	11
32.38	44
35.29	27
34.77	37
33.21	36
36.14	14
36.52	2
36.93	5
34.36	53
35.93	10
33.4	68
35.03	42
32.55	34
35.5	45
32	54
34.91	39
32.76	32
33.24	68
35.33	31
34.54	35
37.59	18
36.4	22
35.86	23
32.26	29
34.32	36
35.8	39
34.1	41
35.52	44
36.34	33
31.31	54
32.56	9
32.51	68
34.34	69
32.13	54
34.68	29
36.14	18
34.17	59
35.01	69
33.12	53
38.34	41
38.92	27
30.07	28
32.82	65
33.74	44
35.03	57
33.26	55
31.97	54
35.79	56
37.21	41
33.62	33
37.65	27
35.73	61
34.43	33
32.77	49
34.26	68
33.48	54
34.5	17
33.53	61
35.74	41
34.36	46
34.69	48
33.19	27
34.74	36
33.65	46
33.21	26
33.54	17
35.61	27
34.52	44
37.89	13
34.42	4
34.6	51
35.94	27
33.13	30
34.56	51
34.14	30
36.33	49
37.67	2
35.82	54
33.4	39
31.36	22
36.75	20
32.78	25
30.92	33
34.11	8
31.66	47
34.56	31
31.72	15
30.44	6
30.34	28
31.54	38
33.88	51
34.42	46
36.35	54
30.57	4
33.84	48
33	52
31.23	25
37.11	6
36.11	42
40.97	8
36.6	37
35.8	55
36.96	6
35	25
38.29	25
40.01	18
36.76	20
34.93	51
37.34	52
35.56	11
37.2	36
38.9	34
38.76	51
34.01	28
37.8	55
36.5	30
38.78	15
35.47	55
34.4	41
34.42	52
35.88	51
34.24	10
33.82	53
35.63	34
31.55	48
33.55	46
32.08	38
31.45	45
32.77	29
33.07	24
30.79	17
31.8	47
31.9	34
33.23	20
34.4	43
32.43	31
34.33	39
33.46	46
33.34	54
35.91	25
33.73	51
37.57	10
35.35	40
35.17	1
35.76	24
35.04	19
36.37	40
35.44	54
37.97	23
37.64	35
38.05	17
36.64	48
37.17	27
36.96	53
35.71	18
38.97	27
33.82	16
36.61	2
37.08	30
31.65	18
37.15	15
32.98	26
32.05	29
33.24	25
36.56	22
33.81	25
34.47	21
33.65	17
34.42	38
37.58	33
33.93	38
39.72	31
32.16	45
39.07	16
33.69	9
33.59	53
33.74	42
37.08	10
34.44	41
33.41	6
34.79	37
34.19	52
33.54	21
33.94	24
31.78	33
31.29	41
32.29	45
37.02	21
34.96	49
33.07	28
32.17	29
34.41	28
33.21	45
31.66	33
31.48	33
35.15	12
34.4	36
32.36	8
33.77	40
32.57	18
33.79	23
33.26	15
35.27	36
34.89	38
36.91	30
36.89	10
36.03	40
37.32	32
35.26	22
33.52	52
35.41	48
31.98	54
35.88	37
34.11	27
32.92	11
34.66	26
40.59	19
36.23	30
40.3	23
36.62	17
39.13	13
33.79	9
34.68	17
36.57	44
35.5	41
36.43	43
36.8	23
37.45	19
34.53	50
35.52	50
34.71	12
36.49	39
33.1	53
33.55	35
35.07	35
33.62	7
36.76	35
35.68	44
33.87	44
34.22	53
33.36	10
34.09	53
33.11	50
33.46	25
32.34	24
33.18	17
39.05	17
33.46	33
37.32	51
37.69	18
35.76	15
34.99	52
35.42	11
35.75	44
34.58	53
33.77	25
33.6	27
33.33	29
36.94	1
39.13	0
37.62	11
37.55	12
36.82	19
38.28	24
35.44	54
32.79	20
33.55	53
34.36	31
32.72	14
34.52	15
34.42	7
36.05	26
34	48
33.43	26
38.94	11
35.11	27
35.72	17
36.03	15
40.85	27
39.43	39
34.78	8
34.73	27
37.68	25
39.3	18
36.07	26
40.29	23
33.63	30
35.63	42
30.62	33
31.41	48
31	30
34.43	26
30.43	29
36.05	17
33.64	16
32.34	14
37.82	24
36.91	21
36.72	22
35.57	20
33.7	44
34.17	30
38.73	25
38.66	28
36.31	25
35.81	55
38.76	48
37.69	5
34.88	14
36.42	28
33.84	30
35.46	34
37.86	17
34.14	15
34.6	27
34.55	41
34.1	44
32	30
35.64	49
33.92	47
33.87	55
35.37	33
37.38	17
36.42	9
35.88	25
36.31	10
35.5	51
34.34	25
37.79	22
32.79	26
35.4	41
34.6	23
33.1	16
35.05	16
31.71	29
35.15	29
34.14	27
33.5	40
35.88	23
36.5	47
32.86	13
38.45	21
33.1	34
37.02	12
34.1	47
35.26	22
31.95	22
35.09	44
36.57	52
33.79	28
33.42	47
34.01	29
38.41	26
33.59	12
33.55	55
37.14	29
37.87	10
35.63	30
39.7	9
37.24	47
36.28	44
35.62	13
37.92	5
39.33	29
33.99	51
37.84	9
36.03	31
36.82	28
35.56	22
34.78	23
38.67	26
37.4	26
34.86	29
35.97	21
36.51	55
34.01	30
34.59	53
35.71	24
33.6	23
35.52	30
35.52	48
34.02	7
37.86	16
33.33	23
31.69	30
33.6	29
33.84	8
38.77	11
36.67	13
33.78	12
36.47	40
35.91	38
35.1	32
31.11	30
36.89	12
36.15	28
36.14	35
35.27	52
30.49	21
30.97	49
34	50
32.14	52
33.86	47
34.21	20
35.23	27
30.51	51
34.81	53
34.48	43
35.95	51
33.05	8
34.15	30
35.94	43
33.33	2
37.83	27
36.72	31
33.18	22
36.97	48
32.61	34
36.02	53
34.31	47
34.45	55
33.64	27
35.87	36
34.38	28
35.14	55
38.22	40
31.6	54
31.57	3
35.03	45
32.05	52
32.06	31
34.25	12
34.69	10
34.24	51
33.78	47
30.3	28
33.02	13
34.39	25
32.02	2
34.63	8
32.79	10
33.61	26
32.59	6
32.08	26
33.44	23
36.84	42
33.24	29
30.65	39
38.32	22
32.89	48
33.04	53
35.23	0
31.94	16
31.49	2
31.69	5
33.31	48
36.23	36
35.55	49
41.67	27
34.08	29
36.35	55
38.25	34
36.34	25
35	19
35.87	31
36.69	25
33.02	8
33.87	50
32.17	16
33.87	40
34.57	33
30.27	1
37.95	2
36.33	26
36.97	28
34.6	53
35.76	15
38.56	10
34.8	36
31.45	53
35.35	50
33.42	34
34.68	55
34.35	22
33.21	44
33.34	28
40.68	25
37.37	9
34.22	52
35.23	11
36.56	50
35.34	24
34.34	49
34.81	46
36.16	18
36.43	26
34.67	16
34.7	53
34.61	52
34.48	6
35.44	13
33.34	46
37.79	15
36.85	22
34.92	12
33.13	25
33.76	55
31.35	16
33.04	44
33.27	55
35.23	17
33.5	13
31.25	38
36.04	28
32.28	19
36.8	18
35.54	49
34.41	27
34.2	19
33.66	42
33.81	32
33.91	53
37.76	42
36.74	44
34.55	23
39.19	28
35.88	51
38.73	22
35.36	52
40.56	24
38.05	20
36.63	36
36.09	54
37.04	50
34.53	53
37.98	43
33.3	12
37.52	2
35.5	39
35	39
32.69	4
36.04	31
34.5	48
35.45	14
34.79	55
35.48	17
34.14	52
32.69	8
35.17	24
34.35	22
36.18	25
32.45	53
34.27	45
31.17	55
31.58	47
33.27	12
38.71	19
37.64	22
37.31	16
35.87	19
36.81	22
33.76	44
36.66	12
37.1	34
33.73	46
40.64	22
36.04	42
36.76	53
36.46	48
39.6	19
34.86	15
35.52	44
38.21	32
33.56	50
34.9	19
34.66	38
31.38	17
34.17	4
36.18	55
37.74	44
36.49	28
34.85	54
35.75	27
36.33	36
36.2	32
34.54	35
35.95	42
34.09	14
35.91	52
34.56	36
37.97	14
40.34	12
36.61	16
36.09	34
38.32	9
38.44	18
32.95	24
33.54	28
35.22	37
32.36	12
38.46	41
33.01	17
31.65	28
35.24	6
34.02	34
35.45	11
34.01	23
35.9	45
37.01	27
34.89	15
33.6	48
35.71	53
38.13	48
36.82	41
35.57	24
37.92	41
35.43	5
33.06	9
33.09	35
33.71	15
33.63	23
34.92	52
36.72	16
36.72	7
36.88	40
32.62	55
37.65	21
35.25	43
32.96	55
32.96	55
34.97	44
36.84	23
32.32	48
36.31	36
36.88	49
37.71	12
35.63	51
36.12	36
34.38	8
33.32	6
35.21	44
33.24	18
34.84	32
35.2	37
32.79	55
37.58	20
33.44	49
33.5	29
33.75	19
32.43	49
30.87	2
35.73	54
31.86	7
34.59	35
35.48	18
35.04	38
33.15	41
34.4	18
33.83	33
37.67	43
31.47	4
34.27	32
35.64	36
34.14	53
31.97	34
36.49	37
36.86	20
30.82	28
37.13	11
37.49	54
35.1	36
35.6	37
37.69	54
39.23	12
37.11	11
33.75	29
34.66	10
32.33	3
35.66	48
33.91	22
37.78	31
33.26	52
32.05	15
35.18	10
40.43	4
35.44	28
34.42	22
32.46	29
31.71	24
32.58	48
34.3	15
34.01	4
35.82	33
31.87	45
32.24	8
31.4	38
31.18	8
32.82	49
31.69	19
34.21	54
31.45	44
35.69	44
33.51	34
34.92	45
34.63	29
36.49	5
36	36
32.87	54
34.44	35
33.23	12
34.86	9
33.55	21
34.86	25
36.65	14
34.1	16
30.08	9
34.52	52
34.39	39
32.85	42
32.96	22
30.75	7
33.55	24
32.85	27
32.83	53
34.22	29
34.1	42
33.85	43
36.71	36
35.29	40
35.39	27
35.6	39
35.81	8
38.17	25
34.78	21
33.87	18
31.28	29
34.95	42
33.29	20
33.88	13
35.23	26
35.43	48
32.96	34
32.77	30
34.18	27
33.14	22
34.81	35
35	19
34.2	28
32.97	21
31.97	25
33.31	15
31.52	49
30.09	27
35.85	22
34.97	27
33.34	4
31.19	50
32.63	54
36.39	27
35.3	21
32.34	29
32.07	25
34.41	48
34.11	25
33.14	6
34.05	1
39.43	22
32.64	47
40.01	22
35.39	22
36.55	15
33.76	44
33.27	8
30.46	16
36.86	18
35.74	28
35.6	24
31.3	23
38.04	14
33.3	27
35.62	12
39.75	20
35.21	47
36.55	22
39.6	24
39.59	20
34	30
34	30
34	30
34	30
34	30
35.18	19
34	30
35.39	11
38.86	36
34.98	31
34.69	34
37.45	43
33.84	5
33.91	55
33.75	53
34.65	44
33.73	47
36.4	50
35.98	49
35.71	20
34.21	13
33.9	51
38.15	50
33.62	51
36.68	46
38.79	36
36.08	21
37	26
32.36	7
31.42	28
35.55	38
31.97	23
32.58	1
31.26	21
30.43	5
32.6	41
33.46	25
32.36	24
39.27	21
33.48	55
36.34	23
34.28	38
36.2	26
36.02	25
38.33	13
36.88	13
35.31	48
38.51	23
39.02	25
37.62	15
34.62	26
35.36	28
33.65	29
35.81	18
37.62	35
35.3	53
33.38	54
37.88	29
37.15	42
34.2	54
33.53	50
33.42	47
32.82	53
35.1	13
32.69	28
38.04	21
32.31	30
37.76	26
35.52	52
35.05	23
34.67	31
32.72	27
33.34	12
33.65	52
34.51	33
37.47	23
32.55	27
30.81	29
36.3	46
33.13	46
36.55	9
33.59	55
35.31	51
35.78	26
36.89	29
35.21	6
35.53	23
39.99	42
37.46	39
43.39	12
36.43	17
35.23	22
34.9	41
36.62	38
38	38
35.29	36
34.67	36
35	24
34.27	13
32.72	19
32.83	47
35.92	55
36.15	9
34.33	37
34.64	37
37.84	34
31.73	38
33.94	5
34.18	55
32.95	49
36.61	38
34.08	47
32.35	40
35.53	47
34.36	46
34.32	34
33.51	51
34.52	53
32.94	28
34.21	20
35.51	31
34.05	43
36.65	15
32.55	27
34.86	47
36.65	15
35.04	15
32.3	1
32.95	40
36.3	54
38.45	21
34.61	39
33.17	48
33.1	34
37.27	12
34.78	47
34.68	53
40.84	14
37.96	11
33.89	44
34.68	9
33.99	42
34.58	37
37.22	52
38.02	17
35.55	1
36.95	54
32.32	54
34.2	27
32.28	52
32.74	37
33.86	50
38.06	47
35.45	53
34.58	55
33.95	30
35.85	54
33.95	12
34.91	11
32.81	53
37.11	44
33.7	55
34.52	51
34.14	45
36.26	29
37.4	3
36.6	49
32.46	14
36.23	28
32.17	19
34.59	42
36.26	43
36.02	19
35.78	16
37.78	19
33.48	7
36.47	37
34.45	53
37.26	11
33.33	32
33.47	50
35.84	51
31.93	17
36.01	30
37.1	23
33.04	28
35.01	46
32.39	25
37.78	20
33.94	28
35.16	54
37.81	40
35.33	27
37.25	13
36.05	41
35.43	30
33.5	28
33.04	23
36.23	12
35.86	22
37.79	43
37.48	39
36.76	38
35.41	39
33.76	49
37.98	11
37.62	49
33.56	29
34.27	25
30.97	28
34.27	25
36.59	25
35.95	10
37	23
34.27	25
32.84	28
35.24	30
34.5	12
34.6	13
30.93	22
34.14	45
33.23	8
31.99	52
31.53	11
32.02	28
33.45	31
32.36	50
36.78	37
33.46	34
36.05	6
38.83	16
34.4	7
33.81	22
35.82	54
36.95	2
36.36	30
34.06	46
31.14	13
34.43	52
33.64	21
33.34	55
33.14	24
35.2	21
36.36	4
33.48	23
33.62	29
31.92	49
34.36	22
32.23	8
34.36	53
31.8	22
34.35	49
35.39	17
31.62	37
32.72	49
33.47	38
34.71	33
33.43	33
35.6	15
32.79	39
32.49	26
32.59	38
33.36	45
31.48	15
34.05	1
32.17	10
34.69	44
34.45	37
35.5	45
35.87	33
33.7	53
34.18	32
35.32	31
35.93	33
35.35	33
33	32
31.88	34
34.02	47
35.53	37
33.83	38
35.51	42
33.65	36
33.4	38
35.72	48
37.02	38
34.55	36
33.65	36
32.53	25
35.24	6
37.41	1
36.16	23
34.49	23
34.42	33
37.76	35
35.15	19
37.12	21
32.88	33
33.95	26
32.95	13
34.39	27
35.23	29
38.2	41
34.28	18
35.42	28
34.04	34
35.06	20
34.29	34
33.6	53
33.15	25
35.42	21
32.81	11
34.31	30
34.59	33
39.76	42
33.49	8
37.55	23
32.26	22
33.65	32
35.07	11
32.81	25
34.92	47
31.5	19
32.79	54
33.85	45
33.73	6
33.74	29
35.62	52
35.2	17
32.67	51
35.2	38
33.85	52
35.44	46
35.65	19
34.83	43
37.28	5
32.5	51
35.42	46
33.76	43
34.62	38
30.78	3
32.55	49
31.81	34
34.97	28
34.11	42
35.92	37
32.01	22
32.98	22
32.36	53
32.44	32
32.2	22
33.78	22
33.49	52
33.17	53
33.82	43
31.48	42
34.37	10
32.12	19
30.68	23
34.27	11
30.98	9
31.72	49
35.25	50
32.2	50
31.1	48
35.93	33
33.95	18
33.88	28
33.05	20
31.41	48
33.11	39
35.04	52
35.16	43
36.98	8
35.64	46
34.33	43
38.18	37
37.16	34
35.65	49
34.89	47
36.82	51
36.41	54
35.13	24
36.95	51
38.08	22
35.88	41
33.21	28
35.73	46
35.77	42
38.81	3
34.09	29
42.1	10
32.41	49
36.43	41
34.56	49
35.78	4
35.9	21
35	14
33.35	23
33.81	18
35	28
36.13	45
36.77	53
34.4	20
31.5	30
31.11	30
32.46	44
32	1
36.14	15
36.44	14
32.63	27
32.6	29
32.25	51
34.68	2
33.97	9
33.44	7
36.24	6
35.26	52
36.41	1
31.72	3
35.05	8
35.6	5
34.24	31
39.79	3
37.6	24
33.51	15
34.61	20
36.23	55
38.04	6
35.33	26
36.08	50
37.94	13
34.97	52
35.12	50
32.88	36
35.47	23
33.9	52
34.3	48
33.36	27
35.62	39
34.63	17
34.51	50
32.63	23
37.84	14
36.36	29
36.81	5
33.65	44
38.65	11
37.93	38
36.28	19
34.69	13
36.02	55
35.97	29
34.3	54
33.05	11
31.52	48
32.66	6
33.65	53
31.92	48
30.85	36
32.69	34
34.34	1
39.6	22
38.5	34
36.55	7
35.29	42
39.39	9
35.39	15
37.65	26
34.81	13
37.66	18
35.86	27
35.78	15
37.18	26
34.88	21
36.82	38
36.27	51
38.66	21
35.61	24
34.1	35
37.56	5
37.63	11
34.86	30
34.78	20
36.43	9
35.63	22
31.79	26
31.71	26
33.69	44
32.5	8
36.95	8
35.82	24
33.01	26
36.84	20
32.84	28
34.88	15
36.69	21
35.56	19
36.91	30
32.79	17
33.4	43
34.09	53
34.5	28
35.23	55
34.38	52
30.02	10
33.14	25
31.84	47
31.23	33
32.51	5
30.78	1
33.04	45
35.57	17
40.34	10
35.73	12
35.96	50
34.87	39
37.79	29
36.96	27
34	52
37.38	9
32.34	29
37.92	31
38.72	28
34.58	15
37.41	32
36.88	28
33.91	29
36.95	18
37.78	10
33.67	48
33.46	7
37.36	43
37.45	47
34.57	47
33.14	22
35.88	18
37.57	12
37.64	53
36.39	40
35.16	22
35.12	51
36.04	49
33.44	6
34.6	9
39.17	26
35.95	21
33.76	52
36.79	21
34.73	54
37.85	8
38.28	29
35.85	15
38.83	29
36.74	44
33.21	30
36.39	47
35.47	18
34.66	20
33.53	21
36.11	8
34.98	20
37.24	39
35	48
33.6	53
36.07	44
37.58	44
36.11	32
36.88	8
38.72	21
35.58	35
37.3	41
36.12	22
40.53	8
36.33	15
38.81	17
31.28	16
36.53	30
34.89	18
36.31	26
35.65	27
36.57	50
39.13	20
37.59	41
34.11	27
36.07	28
38.11	20
34.4	33
39.64	29
35.05	55
33.55	45
33.95	50
36.54	27
35.05	51
36.26	51
36.23	7
38.6	31
36.15	25
35.66	11
36.78	15
35.91	52
38.82	49
35.13	3
35.97	26
36.43	21
34.19	43
35.26	26
31.22	19
35.59	5
36	37
35.33	12
34.68	12
31.86	27
31.72	50
33.58	55
35.86	54
34.86	8
33.22	52
33.53	2
36.72	15
35.46	24
35	34
33.34	49
33.63	7
35.34	40
38.14	6
34.4	28
34.39	32
33.01	34
34.17	52
31.43	33
37.46	14
32.73	11
36.45	30
33.24	4
36.94	16
37.04	19
34.84	1
33.52	30
33.38	52
33.81	42
33.51	32
31.97	26
35.28	54
35.25	54
33.55	27
35.95	38
32.91	1
36.94	51
33.38	44
40.04	15
36.83	18
36	17
36.26	54
34.47	17
37.11	46
34.79	18
34.92	44
34.08	27
37.6	16
36.14	26
37	13
35.24	49
36.37	39
34.83	46
39.81	18
35.76	23
34.56	22
35.1	26
39.3	20
36.53	6
35.88	51
37.37	12
33.61	51
33.21	25
35.24	24
33.89	29
33.01	51
34.27	8
34.94	2
32.63	29
32	1
37.76	18
34.68	15
35.41	51
37.01	24
39.36	7
35.88	49
36.19	45
35.84	18
32.01	28
37.49	33
35.37	49
34.92	40
36.04	26
36.23	25
38.56	10
35.6	51
36.32	50
34.44	11
34.79	23
32.55	30
38.82	48
31.61	52
35.8	15
34.24	18
34.79	32
34.36	4
36.05	30
35.9	31
35.45	53
37.07	27
36.8	33
33.4	30
34.95	16
34.27	17
35.94	19
35.2	3
34.92	1
34.55	8
36.47	20
33.7	38
33.91	13
36.37	45
34.48	6
34.9	42
35.07	8
37.27	15
34.69	28
34.79	22
34.39	24
36.84	6
32.88	28
35.41	55
35.37	14
37.28	30
32.24	54
38.79	25
33.5	19
36.14	29
37.13	26
35.33	21
37.26	25
38.44	14
35.44	24
39.42	10
34.91	27
34.35	48
38.03	36
34.3	21
35.29	50
33.65	36
34.43	24
34.4	52
36.93	43
36.33	17
40.01	21
35.65	29
35.53	26
33.14	26
35.75	24
36.12	35
31.83	29
34.23	34
31.72	26
35.06	42
34.77	51
36.65	53
30.07	28
32.43	27
32.72	30
35.29	17
34.78	28
34.57	28
34.57	28
33.53	29
39.02	15
38.56	10
34.31	10
32.64	28
35.56	25
37.86	6
35.08	3
34.97	15
34.81	26
34.3	28
35.1	29
32.98	35
34.49	30
34.58	48
33.81	24
34	22
34.94	31
33.67	49
32.21	40
31.98	51
33.38	43
32.17	20
35.27	49
35.58	31
33.34	10
35.71	35
36.44	24
36.55	47
36.28	20
36.7	36
34.87	37
33.2	29
36.8	35
37.16	23
35.9	26
37.65	53
33.34	6
34.01	19
35.06	34
38.83	41
34.28	31
36.7	22
37.65	11
35.41	45
37.86	22
36.5	18
35.69	10
33.22	15
34.08	26
35.2	41
34.16	41
34.03	33
39.92	19
34.88	20
35.09	25
35.45	13
35.7	22
32.65	4
34.2	28
35.8	24
32.35	7
35.56	27
34.26	31
33.44	6
34.86	17
37.85	9
34.04	21
33.7	44
36.08	17
35.63	41
36.27	14
37.92	43
34.38	41
39.02	33
34.21	54
33.15	53
36.71	9
32.16	55
31.39	42
32.17	52
34.92	8
32.28	44
34.44	14
34.72	40
32.42	3
33.62	22
33.14	27
35.47	30
33.91	28
35.14	20
33.92	24
35.75	36
32.37	29
33.92	49
32.26	55
32.12	33
34.38	19
35.18	10
34.97	44
34.31	47
33.83	27
34.31	47
32.41	17
34.26	45
35.72	29
34.98	33
32.84	50
35.71	22
32.65	9
35.47	30
37.49	17
34.25	51
32.02	52
33.71	25
35.06	41
35.61	31
31.63	44
36.5	39
34.8	36
37.79	17
35.16	50
36.81	34
34.54	22
36.13	53
36.08	54
34.89	19
36.67	45
34.89	22
34.92	0
35.1	48
36.2	32
34.98	50
36.33	9
34.96	53
34.52	48
33.88	27
34.03	14
33.02	21
35.35	32
34.14	6
33.84	28
31.59	20
35	47
33.76	6
36.14	26
38.14	23
34.52	30
34.96	24
30.81	24
34.17	0
33.57	25
35.43	24
36.05	18
33.49	27
38.55	28
33.24	55
34.49	5
37.92	11
32.08	43
37.91	25
36.58	43
33.14	7
37.91	6
31.69	15
35.95	15
35.2	18
35.63	55
36.5	42
37.37	25
34.36	55
33.23	53
36.25	50
37	36
33.49	8
36.46	55
37.56	25
36.4	22
34.55	34
39.39	10
36.11	5
35.94	50
36.12	50
37.95	24
39.15	15
30.21	24
35.07	22
34.28	49
30.61	46
35.22	30
32.53	54
32.78	17
37.26	24
31.02	10
33.23	48
34.36	29
33.42	1
32.61	52
33.59	53
34.47	13
32.84	1
35.05	12
36.15	11
33.26	12
37.47	24
32.29	8
34.86	9
34.84	17
30.8	44
35.41	43
33.47	49
33.63	19
33.57	14
30.89	30
33.46	26
35.33	25
36.96	32
32.67	52
38.27	8
36.89	29
38.1	22
35.6	54
34.89	26
35.45	10
34.4	16
35.23	15
36.44	22
30.52	29
34.69	34
36.86	44
36.81	24
33.88	30
35.49	30
35.18	30
34.32	27
37.02	34
33.82	54
38.28	19
36.39	23
36.89	29
37.17	52
40.39	19
35.36	52
34.05	35
35.94	37
32.17	28
32.5	6
35.5	51
32.69	8
35.38	44
34.11	29
31.29	36
32.87	46
33.53	27
31.82	8
35.57	18
34.21	21
34.99	47
36.59	31
31.75	28
34.78	42
32.33	29
36.5	25
32.97	18
34.36	28
34.46	27
37.66	29
33.76	41
33.73	49
42.5	20
34.43	22
40.38	25
36.21	20
34.85	39
35.13	53
37.42	13
34.47	29
33.32	49
32.47	52
35.69	16
35	22
36.23	7
37.5	51
34.25	48
36.34	44
34.68	14
35.07	47
33	33
34.34	15
33.38	19
33.14	5
35.27	44
33.33	17
36.64	42
38.47	31
35.73	25
34.21	5
35.04	37
36.21	42
36.5	23
38.92	21
33.09	53
33	3
37.57	22
35.67	48
36.71	37
38.46	13
35.5	48
36.15	9
33.51	49
37.61	42
35.42	4
34.01	19
38.32	20
34.4	13
35.31	43
31.18	18
34.13	29
36.02	17
37.36	14
35.22	40
35.9	40
33.31	2
36.33	35
33.45	49
35.91	21
33	49
34.1	25
34.96	7
31.98	6
33.55	32
35.55	7
38.31	24
35.63	15
34.54	14
33.2	32
31.87	3
34.53	44
33.11	21
33.61	48
36.8	29
37.17	35
33.68	26
32.21	10
32.83	50
35.74	13
35.3	20
33.6	9
34.27	23
35.93	55
36.82	28
31.33	5
36.3	43
31.21	18
37.39	30
35.61	38
35.17	25
34.3	33
34.98	17
33.71	46
35.27	27
34.37	8
37.54	26
35.81	30
36.59	0
35.15	51
32.79	45
39.52	27
34.41	44
32.31	26
33.46	18
35.1	18
37.3	9
35.22	38
37.69	22
34.22	49
38.78	20
39.2	21
37.76	24
32.95	53
37.28	55
38.31	42
32.15	23
35.16	43
34.56	19
37.03	44
34.11	21
33.98	31
34.97	49
34.45	39
36.22	19
42.14	25
34.44	48
35.57	9
34.7	29
37.28	28
35.51	41
35.34	23
37.38	22
33.36	14
33.65	18
37.36	25
35.93	30
35.52	19
34.61	47
32.31	10
34.61	39
33.77	19
33.81	36
32.31	43
34.1	12
36.1	23
35.75	2
35.08	48
36.03	37
38.72	12
33.99	53
37.35	25
38.7	35
37.73	6
35.7	38
36.67	41
30.53	24
36.86	16
34.88	19
33.88	26
36.3	19
33.61	52
33.62	24
36.68	10
32.42	21
31.79	55
33.18	29
31.74	53
32.38	14
32.06	25
34.61	49
32	50
34.46	47
31.26	46
33.18	8
32.81	33
36.23	41
37.18	23
37.04	53
37.95	25
35.15	52
38.46	42
36.57	40
37.18	52
38.03	46
36.79	17
34.43	14
35.35	27
36.67	34
35.41	27
34.88	25
34.89	9
36.02	13
34.68	10
36.94	38
36.2	47
37.9	29
31.86	1
35.81	29
35.84	43
38.39	23
37.15	16
33.82	54
37.02	26
37.9	8
35.21	28
33.48	41
39.13	9
36.31	26
33.27	26
30.05	8
32.57	3
32.2	16
31.2	20
33.4	24
32.4	26
34.82	25
33.7	36
31.82	6
30.89	0
38.66	25
33.87	13
36.2	36
33.28	48
34.29	23
33.77	12
35.36	39
34.21	11
31.72	13
33.05	10
34.91	16
34.69	44
35.73	50
34.13	41
32.3	47
32.28	39
33.39	30
32.93	48
35.77	26
33.84	39
33.85	52
35.39	16
34.95	40
34.38	51
34.24	10
33.18	30
34.56	22
35.2	16
32.33	23
35.57	39
37.81	12
34.62	47
32.53	7
34.87	55
32.42	50
30.17	53
30.95	49
34.74	36
34.98	10
32.17	26
31.36	28
31.47	2
34.02	17
31.93	55
34.1	44
33.04	53
33.31	46
33	51
30.73	10
34.07	14
31.26	38
30.61	54
34.07	23
33.63	30
34.61	50
34.23	38
35.5	21
34.17	34
35.1	55
32.98	6
34.68	51
34.43	25
34.98	32
37.02	22
33.92	44
35.48	54
35.06	47
34.01	39
34.87	51
34.06	45
33.6	54
34.68	44
34.19	52
35.43	17
38.46	35
37.02	16
30.73	26
34.4	17
30.36	18
33.92	21
34.44	20
31.78	15
35.91	20
32.74	18
30.33	21
32.69	2
33.94	48
35.2	37
33.87	42
33.89	15
33.07	17
32.11	11
34.92	50
37.65	17
38.21	5
35.31	35
36.98	24
37.23	13
36.44	8
38.23	2
35.98	14
32.75	5
100	0
34.2	48
35.92	41
33.82	21
34.15	31
37.18	29
31.98	39
35.26	28
33.22	51
32.14	16
31.53	25
35.77	30
34.76	43
37.72	13
33.67	45
35.56	22
34.27	21
35.6	20
35.89	17
35.05	35
34.31	49
38.85	7
37.33	20
36.38	15
34.1	30
37.86	30
37.47	7
35.39	13
35.29	30
35.08	29
36.6	7
40.68	8
31.78	24
35.92	44
32.62	55
32.91	28
34.35	26
30.27	22
34.5	22
35.65	35
34	50
33.02	18
35.33	9
34.82	47
33.47	32
33.31	9
34.19	49
34.69	53
33.57	41
34.5	16
32.27	11
33.94	21
31.71	52
32.55	50
33.29	20
36.07	13
34.91	52
31.39	10
32.28	25
35.96	36
31.34	55
36.72	18
33.88	17
34.59	53
32.27	26
34.76	44
32.93	13
33	39
33.95	17
33.31	53
34.02	50
33.31	30
33.32	26
32.24	4
35	55
32.04	29
34.62	49
35.86	34
34.03	42
31.63	10
31.64	25
34.79	11
34.78	4
32.47	20
33.1	47
35.05	26
36.23	6
32.73	2
34.57	50
36.82	23
34.18	10
36.94	40
32.97	2
33.98	52
32.97	2
34.23	48
35	19
33.45	26
34.56	27
35.42	21
34.57	49
33.13	27
34.82	25
33.58	35
32.18	12
31.17	28
35.27	18
31.82	38
31.91	3
34.82	26
32.15	14
30.26	13
35.64	29
35.72	23
33.15	27
38.17	18
38.46	6
35.5	33
37.93	24
35.37	53
33.61	34
33.56	21
35.36	11
34.85	41
35.11	31
36.02	31
34.16	20
34.33	36
35.44	52
34.27	44
34.59	49
34.03	30
38.28	27
35.73	29
36.44	14
35.78	21
31.98	30
33.41	26
36.24	22
32.84	55
33.82	29
34.58	46
34.93	24
33.76	51
33.65	55
34.83	36
36.53	26
34.87	47
35.11	55
32.77	48
36.3	30
32.55	50
30.56	52
31.7	55
33.91	6
32.97	29
33.65	52
33.23	16
35.01	13
34	52
33.65	43
36.48	17
33.84	39
31.71	13
35	33
33.46	26
30.79	14
34.2	9
34.27	42
35.78	53
33.96	23
31.98	37
34.9	48
32.52	50
34.98	8
31.82	55
31.77	32
32.75	30
35.95	15
36.27	31
32.82	27
31.73	48
32.55	50
31.5	55
33.91	6
33.65	52
30.79	27
32.56	8
34	52
34.1	43
33.65	43
34.84	54
33.11	15
32.99	44
31.87	40
34.22	14
34.51	50
35.78	34
37.38	25
33.99	55
34.45	48
34.13	38
32.26	19
34.92	35
33.18	18
36.13	9
32.7	38
34.93	43
33.23	52
30.45	42
32.85	52
37.21	32
36.09	28
37.28	18
36.57	29
37.27	46
37.01	13
40.18	24
35.77	35
37.53	39
38.56	8
37.98	18
33.61	47
36.42	51
35.9	16
36.07	24
37.98	11
35.46	34
37.57	14
33.92	47
37.75	8
35.08	27
36.16	39
32.94	30
34.27	22
34.16	51
34.78	22
34.33	50
33.85	16
33.6	29
34.12	42
37.3	22
35.1	20
31.97	30
34.39	39
35.81	25
33.42	14
36.74	35
33.85	53
33.72	45
33.44	49
34.38	55
32.65	21
34.42	23
31.3	28
35.7	52
35.58	41
35.11	40
33.5	14
34.66	52
36.07	20
37.82	30
35.97	28
35.84	51
33.58	10
34.49	32
38.56	23
35.44	9
31.44	20
35.5	55
35.16	31
35.43	14
34.27	31
34.09	33
34.45	42
34.42	27
32.87	50
33.84	44
35.56	50
35.64	43
38.34	39
33.21	15
33.59	54
38.59	30
33.42	20
34.65	36
35.51	25
35.86	10
38.06	44
34.51	51
33.33	28
38.04	15
36.31	1
37.68	8
35.11	43
35.44	37
33.23	25
37.86	19
33.92	21
37.85	28
36.09	38
37.01	29
34.28	29
38.92	21
35.47	32
35.05	20
31.77	3
35.34	21
35.89	39
36.45	21
34.1	43
34.88	27
33.44	28
39.57	19
33.33	11
34.71	14
36.01	30
38.33	1
35.17	30
35.05	48
39.3	16
34.18	23
38.33	19
34.49	54
39.85	4
38.33	46
35.51	54
34.89	44
35.36	3
36.02	45
37.33	49
38.21	24
33.26	50
35.1	28
37.69	15
33.78	50
33.57	48
33.62	9
34.04	2
34.23	30
34.22	50
36.15	55
37.18	27
37.29	34
37.04	17
33.31	22
33.31	22
34.77	24
34.54	53
37.52	52
36.29	55
35.57	23
32.34	26
33.21	50
34.83	2
33.9	12
35.36	23
33.01	51
36.57	13
33.05	55
31.45	55
37.29	52
36.59	40
31.86	17
37.25	50
34.04	53
37.32	41
33.94	10
36.82	27
31.91	1
36.52	28
31.91	40
32.77	50
31.21	30
33.33	17
35.71	23
31.95	24
31.95	24
31.95	24
34.14	45
33.75	53
31.72	30
37.01	29
36.19	24
37.95	27
38.56	27
35.82	4
34.46	12
35.7	48
35.13	43
36.65	30
36.16	9
33.72	26
33.62	30
33.6	30
33.76	23
34.75	17
33.42	28
34.13	25
33.88	24
33.81	0
37.2	30
35.1	8
35.81	46
38.19	30
36.76	17
41.56	12
36.61	49
37.54	31
37.53	28
35.42	52
32.92	10
36.66	23
33.2	21
33.3	20
34.74	46
35.68	33
36.89	11
33.41	21
35.46	9
32.71	35
38.46	28
40.56	10
39.81	13
36.88	1
35.54	27
38.64	19
36.85	27
35.71	44
38.46	28
40.01	12
34.27	11
35.71	20
35.67	51
33.72	13
35.59	16
35.23	32
33.8	51
34.88	22
34.9	37
36.59	9
34.87	46
32.27	33
32.58	35
34.33	8
33.97	25
30.77	10
34.39	17
35.75	26
37.55	16
33.9	37
33.52	24
33.94	34
35.4	22
35.23	33
34.05	49
36.43	24
33.58	48
38.25	16
35.34	3
34.23	33
36.77	47
36.2	12
35.27	35
35.37	52
36.9	32
34.57	50
32.11	4
35.86	53
36.08	42
34.39	29
36.41	31
33.95	3
33.86	3
32.65	21
33.8	52
33.62	50
33.14	31
35.84	13
34.33	27
33.15	48
32.55	40
36.24	9
34.33	17
32.9	22
34.45	25
33.1	27
34.78	41
33	46
33.76	24
34.12	30
37.75	12
33.76	9
36.91	25
35.67	30
37.28	9
38.34	25
35.76	44
34.43	34
35.65	43
36.57	50
37.16	34
33.34	54
36.02	55
37.87	50
35.37	26
34.58	47
36.49	14
33.81	28
37.03	37
35.56	16
34.13	39
36.13	48
35.15	7
33.34	25
35.16	52
33.43	26
33.95	48
33.76	8
33.15	36
38.75	21
36.13	17
30.71	51
36.14	26
32.71	41
33.6	48
33.46	46
32.78	37
32.26	50
34.04	25
33.91	24
35.53	20
36.01	27
32.56	30
37.69	3
33.96	19
35.24	14
35.4	25
36.04	13
34.94	51
33.85	29
33.95	17
34.5	24
37.66	31
34.52	50
35.08	45
37.25	43
33.34	30
34.22	20
34.67	27
32.94	10
33.08	3
33.72	25
36.76	17
35.27	11
35.54	54
34.6	6
33.43	26
31.54	46
35.58	44
31	27
36.53	23
33.1	15
32.59	30
34.45	30
35.18	53
34.41	11
34.8	19
35.36	53
33.59	21
33.07	33
31.42	14
34.81	11
36.81	27
34.83	9
34.21	39
35.53	2
35.26	49
33.02	5
35.92	16
33.35	48
32.68	54
32.92	19
33.07	12
33.89	29
32.55	40
33.68	29
32.37	44
31.8	41
32.71	26
35.46	8
34.58	16
34.57	10
33.85	8
33.36	17
32.68	50
33.38	53
36.78	18
36.44	53
33.27	53
35.52	54
33.23	12
32.68	30
37.75	23
37.75	23
34.91	54
36.78	50
34.78	12
33.46	43
36.34	2
35.7	43
33.69	22
32.75	10
34.01	12
34.96	22
35.08	16
34.34	21
35.15	27
36.99	42
35.13	28
38.07	29
35.33	16
32.76	46
36.67	19
33.34	6
39.14	40
35.36	30
36.93	29
32.6	41
35.18	29
33.82	30
33.68	31
31.09	4
34.37	30
34.1	29
33.39	29
35.72	21
33.43	19
33.34	23
32.47	25
34.71	29
34.91	15
36.02	22
34.2	18
34.97	35
36.49	24
32.42	14
33.79	26
36	30
31.72	26
33.33	30
30.99	51
33.9	36
38.53	30
31.51	12
33.2	50
35.26	32
36.62	17
32.17	16
33.17	49
33.27	50
31.01	55
34.94	26
34.91	52
34.99	53
34.32	40
34.2	52
33.94	52
33.57	11
35.63	19
32.26	54
35.72	49
31.8	34
38.34	38
33.64	15
30.36	30
32.04	30
33.81	21
40.42	24
34.23	48
37.96	16
36.51	44
36.23	27
34.21	14
32.08	5
35.58	43
34.46	28
36.94	41
32.7	46
32.18	27
35.75	30
35.82	51
34.46	49
30.69	23
34.5	40
35.36	22
35.28	16
35.55	23
33.14	6
35.73	50
38.53	30
32.59	48
34.67	24
38.26	26
35.8	52
34.31	29
36.12	16
39.93	17
36.94	20
31.49	23
32.26	14
34.14	35
31.1	18
33.42	4
32.42	6
31.82	29
32.65	37
32.08	19
35.82	27
34.39	9
31.86	3
33.55	22
35.17	54
34.63	38
34.26	31
33.44	28
31.91	33
33.95	40
34.6	29
35.14	30
34.49	47
38.66	3
36.81	19
34.49	54
37.86	16
35.83	50
36.25	50
32.44	18
31.56	34
32.31	18
35.01	11
34.95	35
33.12	52
32.47	10
36.13	20
31.17	13
35.79	55
32.94	14
36.04	54
31.02	26
31.36	12
35.21	53
32.3	9
33.24	25
33.11	25
32.97	4
32.91	35
35.17	27
35.44	30
33.92	11
34.42	50
37.31	23
38.83	23
36.62	27
36.89	25
39	14
34.5	30
34.07	14
34.44	26
35.36	28
38.74	22
33.56	22
34.1	21
35.35	44
36.11	21
37.39	20
31.95	25
34.59	53
31.94	8
34.25	17
35.81	47
32.7	24
34.7	17
33.56	26
33.85	46
33.67	54
34.4	38
31.97	36
36.92	10
34.72	54
34.83	37
35.75	8
35.5	39
34.71	19
31.68	30
34.98	24
35.08	27
33.9	51
34.56	55
33.84	55
34.3	29
33.44	30
34.43	48
34.55	7
33.56	54
33.78	38
35.08	49
30.9	22
34.53	31
33.42	15
34.02	21
32.72	23
32.87	47
37.07	14
33.33	25
32.44	23
37.5	31
33.14	27
34.03	18
37.11	15
34.18	25
31.2	25
34.28	50
34.18	25
33.14	29
37.28	29
38.28	23
32.66	3
36.14	18
34.28	52
33.05	6
32.9	30
33.72	26
31.71	34
31.59	30
36.81	20
34.78	21
35.51	52
37.21	47
35.43	49
38.85	27
36.42	16
34.97	46
37.4	32
39.23	13
33.44	51
36.68	11
32.55	15
32.26	26
32.97	24
31.52	28
30.52	27
32.92	23
33.93	32
32.96	39
36.55	8
33.45	14
35.7	20
35.65	52
30.65	48
39.47	18
35.84	45
34.24	40
38.24	16
33.11	22
35.07	22
32.84	8
38.78	13
37.53	45
34.48	46
34.91	27
34.68	45
32.94	23
35.53	24
37.37	41
33.63	21
36.07	39
31.1	26
35.43	22
35.57	21
34.21	41
30.71	25
35.53	23
33.86	51
37.55	22
36.39	26
34.28	30
34.24	33
31.71	14
33.05	10
34.59	20
36.66	18
33.43	24
33.26	11
34.53	21
33.63	21
34.6	53
36.89	23
34.51	26
33.93	40
37.14	32
32.28	29
38.08	30
39.13	24
33.91	9
37	45
31.43	28
35.07	53
32.28	54
33.96	25
32.78	53
33.01	50
32.36	22
32.64	44
32.42	39
33.52	24
30.69	16
32.79	25
36.15	30
34.07	49
31.6	14
31.98	18
34.14	49
32.15	5
35.75	18
35.17	23
34.3	10
33.38	55
35.31	37
34.95	23
33.63	11
36.27	8
38.59	20
32.87	55
36.52	54
30.79	44
33.77	26
35.28	22
35.75	50
36.24	8
36.98	13
33.29	49
32.01	43
35.41	37
34.26	52
33.71	20
35.43	48
35.08	20
36.18	39
35.61	38
35.4	31
34.59	20
36.13	21
37.01	21
42.65	12
32.89	55
35.44	34
34.87	34
36.02	4
32.76	27
35.04	29
33.92	45
33.09	40
32.63	33
31.6	39
32.34	15
37.05	31
35.22	45
34.1	45
32.51	32
34.08	21
33.58	51
34.41	53
32.67	38
35.74	37
36.86	1
32.55	30
38.56	33
33.78	36
33.88	52
34.78	21
35	28
35.36	28
33.68	30
31.11	30
34.05	8
34.21	27
36.45	36
33.01	38
33.79	44
35.37	26
36.5	47
37.3	28
38.75	18
36.34	51
33.52	6
33.49	42
36.02	23
34.21	40
35.28	33
37.4	17
39.14	34
33.88	27
35.22	50
32.33	28
36.5	36
34.78	27
33.53	30
40.23	38
36.2	55
37.24	17
37.87	48
36.41	36
35.64	49
34.18	25
36.3	2
35.53	9
30.38	2
31.72	27
32.14	40
32.3	26
35.49	55
33.12	30
35.86	6
30.51	16
37.75	18
36.14	24
33.89	53
37.05	7
33.45	51
34.87	21
34.95	53
34.31	48
36.23	53
33.47	27
34.92	44
37.22	27
35.31	15
35.6	31
38.26	29
36.26	20
36.82	18
37.28	15
36.95	34
37.9	27
35.36	30
37	16
35.28	54
34.1	21
35.17	31
35.35	53
35.02	10
32.84	25
32.27	48
35.75	20
33.44	50
38.47	23
36.59	19
37.31	13
34.36	14
34.11	52
34.71	20
34.87	45
39.69	20
37.01	30
39.62	14
32.53	22
37.15	20
34.55	51
37.93	32
33.99	54
33.26	24
34.24	46
33.73	41
34.48	52
37.37	33
34.86	25
36.2	28
36.78	43
36.72	24
32.37	29
33.28	41
33.13	30
36.1	40
31.72	8
34	49
35.55	39
38.08	22
34.82	27
34.91	20
34.97	21
36.39	24
36.71	13
35.34	41
38.85	30
35	44
38.73	19
37.4	21
32.19	54
35.62	55
34.26	7
36.73	21
34.68	43
34.79	2
37.94	4
31.81	32
36.76	13
32.71	25
32.17	33
31.33	23
35.58	49
30.86	53
34.92	36
33.73	46
35.26	34
32.43	20
34.97	37
31.98	20
32.43	20
31.71	20
31.69	20
33.72	19
31.69	20
36.76	53
34.89	25
33.68	46
36.52	11
32.82	50
34.97	9
32.27	34
33.62	47
31.72	18
35.8	11
35.11	40
34.53	22
34.14	55
32.02	28
34.21	37
33.79	49
32.63	11
34.2	44
35.17	27
33.23	37
35.36	20
37.42	12
36.71	12
36.64	48
37.36	6
36.02	16
35.87	54
32.36	13
36	33
31.66	29
35.74	51
34.38	21
37.59	18
33.78	16
34.52	41
34.88	22
37.1	29
33.57	52
32.9	42
33.91	24
35.75	14
35.22	54
33.57	23
34.39	27
35.49	19
32.18	22
33.4	53
33.68	43
33.24	13
33.71	11
33.98	4
35.28	13
32	32
33.24	25
33.36	50
34.79	23
35.15	8
33.76	23
31.89	9
33.62	24
31.97	29
33.92	2
30.79	30
34.14	54
34.5	28
35.29	26
32.35	12
35.78	24
36.43	10
37.37	25
33.11	14
35.53	28
34.55	26
35.33	37
37.49	30
37.98	10
34.31	28
30.81	29
35.51	13
33.18	30
36.18	51
34.05	51
36.57	41
34.54	30
36	25
35.14	5
36.11	29
35.14	5
34.41	48
34.24	55
36.49	23
34.68	30
38.06	13
37.86	24
34.36	21
32.85	30
38.84	24
39.02	11
35.05	30
35.6	39
34.51	17
31.12	13
33.76	25
35.24	53
32.15	21
37.3	23
34.4	19
34.39	46
33.11	47
36.08	40
36.75	5
39.23	26
34.79	11
38.7	34
34.66	52
38.08	12
36.28	44
38.08	32
35.26	14
31.17	35
33.21	50
34.07	22
32.05	52
32.47	32
33.56	22
32.36	30
34.02	30
33.92	49
35.01	20
34.09	39
31.21	4
32.97	28
35.37	30
34.26	37
37.6	27
34.46	19
31	21
34.18	13
32.77	14
33.18	14
32.25	1
35.07	24
33.83	3
31.5	48
34.3	25
33.34	53
32.78	50
38.47	8
34.78	27
34.72	49
34.91	41
37.13	15
33.79	26
37.18	29
36.65	18
34.08	4
35.58	47
32.36	8
33.5	37
34.68	26
37.11	26
31.59	30
31.69	30
34.75	30
37.31	17
35.91	21
38.36	23
36.75	19
35.58	35
31.65	2
30.2	15
32.32	28
34.57	26
34.88	32
32.95	53
35.14	16
33.42	25
34	37
37.17	27
33.81	18
31.23	29
32.08	28
34.28	8
34.5	42
32.56	36
31.71	33
34.2	28
31.52	4
32.54	53
33.54	26
36.39	24
35.73	54
35.08	14
32.35	5
36.89	24
36.39	17
30.91	11
30.97	21
32.57	18
32.36	33
33.52	23
32.19	34
33.82	28
34.02	25
31.97	24
30.02	27
32.75	30
35.78	24
33.33	46
34.68	32
33.59	19
33.88	48
32.36	11
35.34	29
33.82	24
32.46	22
34	32
35.37	26
35.75	29
33.63	19
34.62	3
35.52	13
36.75	20
35.37	30
38.63	30
34.58	38
33.68	50
32.19	50
35.08	7
35.24	14
35.46	26
34.4	23
33.82	11
34.31	32
33.62	50
36.48	31
37.94	17
36.33	14
34.31	18
35.3	51
36.18	22
33.62	24
35.56	36
34.69	49
36.56	15
34.98	19
39.27	14
32.13	6
32.68	44
35.39	41
30.46	24
33.44	45
31.8	53
32.08	54
32.86	33
31.53	48
32.52	46
33.61	44
33.11	19
34.31	25
30.82	1
35.08	34
32	52
33.69	36
37.49	25
33.28	51
33.23	2
34.36	30
34.51	43
34.13	53
32.9	22
36.08	16
33.71	24
36.46	9
35.06	42
35.07	30
32.04	29
31.27	44
32.95	19
37	23
34.73	28
37.03	17
36.09	43
31	49
33.94	25
35.26	53
38.44	14
37.18	8
36.52	2
37.63	46
39.63	30
35.59	24
35.94	17
34.9	5
38.39	12
38.14	31
34.31	28
37.68	25
35.95	23
33.63	30
40.68	27
38.36	17
38.65	14
40.59	27
40.66	12
37.78	22
36	17
33.52	29
36.8	7
36.06	12
31.69	50
32.84	53
35.17	16
32.56	44
31.58	28
32.64	48
30.44	45
32.54	41
32.43	50
33.06	40
31.87	32
34.47	50
30.6	46
34.07	44
32.42	48
32.72	41
36.54	38
35.65	23
34.6	23
32.65	25
33.3	26
37.33	34
30.24	30
36.17	15
37.15	27
37.81	19
34.87	53
37.13	30
33.6	28
31.5	27
32.17	50
35.42	27
33.21	30
34.69	28
35.4	46
38.33	18
34.1	51
33.66	34
33	10
32.76	17
34.27	53
32.75	19
34.56	33
31.92	45
30.39	12
33.95	54
33.86	30
34.39	25
37.5	12
34.47	7
34.67	14
34.6	34
34.24	44
34.24	26
33.78	45
34.23	30
34.07	49
32.99	31
36.17	30
37.43	26
35.68	21
33.58	48
33.85	47
37.46	21
32.75	5
34.4	20
34.95	32
31.87	29
34.91	7
34.45	26
35.17	47
33.65	29
36.33	50
35.28	46
32.78	52
35.13	19
34.11	25
37.14	8
34.19	22
33.18	24
36.92	36
35.27	55
36.02	38
34.59	23
36.03	34
30.37	1
34.3	52
30.63	40
30.63	40
31.1	40
30.66	40
33.96	13
35.75	23
30.56	40
30.92	45
30.18	40
34.09	25
35.57	32
33.24	24
35.02	54
36.57	46
34.74	25
32.79	53
31.73	47
34.88	47
33.36	42
35.96	49
34.2	32
31.11	3
33.46	37
35.03	37
32.32	41
32.91	41
31.2	30
32.69	27
33.17	22
31.66	31
33.04	30
33.52	29
32.2	33
32.1	22
33.86	15
36.13	17
32.85	12
32.44	30
34.68	21
34.44	44
33.88	0
33.58	63
33.76	40
33.14	40
35.56	14
30.82	2
32.57	62
36.68	59
33.55	52
34.58	57
34.95	17
39.52	19
32.75	19
33.55	52
34.79	67
34.5	28
32.88	61
32.65	69
33.94	61
33.25	34
35.28	19
32.37	49
34.77	15
32.83	54
34.98	59
32.26	30
30.81	19
37.27	14
32.3	41
33.78	64
33.76	9
34.59	14
39.94	3
34.91	15
33	41
32.73	32
31.2	69
33.05	67
35.66	37
33.04	67
34.33	49
32.76	19
37.29	23
34.31	48
36.79	16
35.35	23
35.93	46
35.14	9
33.48	68
35.29	56
34.68	55
34.14	69
36.69	8
36.01	59
31.4	33
33.18	42
34.52	7
33.75	43
33.5	57
34.39	6
33.4	36
34.82	16
33.63	16
32.15	19
33.4	48
35.53	12
31.68	3
32.41	55
36.37	5
32.44	54
33.53	46
34.47	26
34.77	24
34.75	64
34.95	17
35.38	49
33.91	23
32.18	31
35.34	29
33.36	50
33.49	24
33.14	29
35.44	28
32.68	22
33.97	16
36.62	28
33.54	44
37.66	31
36.53	27
35.51	44
34.09	33
31.54	68
38.11	19
35.34	11
33.73	13
34.09	33
36.72	26
37.3	12
34.69	29
33.54	68
36	36
33.56	67
34.11	7
32.75	30
32.82	61
36.14	8
36.91	5
31.79	52
33.48	62
32.76	56
33.31	29
34.01	61
32.46	55
32.85	23
34.97	14
32.92	59
33.07	28
31.47	27
34.65	17
35.79	2
34.6	15
32.85	33
33.73	6
36.11	40
35.11	40
33.43	20
31.87	18
36.77	39
33.24	64
35.19	20
30.23	28
34.4	16
34.44	20
31.4	27
33.13	67
33.98	58
37.87	39
31.4	27
36.47	25
34.3	25
31.21	33
34.1	16
30.42	27
33.5	31
34.18	32
32.44	32
32.97	57
33.82	28
35.45	36
33.66	49
33.43	50
35.46	6
36.08	18
32.57	65
35.95	63
39.81	23
34.92	21
36.62	56
32.65	29
33.6	48
34.56	40
34.72	56
34.65	6
33.94	63
38.18	18
31.85	61
34.86	38
36.14	26
34.94	41
30.26	24
32.36	27
35.15	26
36.72	14
34.08	2
31	34
30.88	16
35.55	3
34.41	43
32.89	38
35.17	35
38.47	40
34.9	39
36.53	31
33.85	55
34.05	41
35.34	62
32.53	61
32.23	7
35.13	42
34.65	24
34.67	60
37.55	37
37.55	37
32.23	7
35.37	22
33.06	4
34.8	49
34.85	34
38.04	10
32.9	55
34.05	39
34.23	22
35.13	69
32.42	34
36.62	8
35.46	24
35.73	18
33	33
36.65	17
35.7	57
33.95	52
35.28	31
37	21
35.65	9
35	30
31.88	69
33.66	47
34.62	22
31.93	36
33.23	33
34.12	19
36.53	22
36.51	27
32.44	28
35.16	45
34.53	46
31.31	61
33.72	22
32.46	60
31.53	33
34.6	48
33.65	30
37.64	8
34.73	19
36.69	20
32.68	35
36.03	30
34.14	31
35.45	40
33.37	63
31.21	26
32.97	60
33.04	69
33.31	60
32.44	67
38.11	12
35.69	64
37.17	11
32.8	69
32.85	69
33.09	49
36.03	11
35.38	52
35.77	15
33.92	11
