sim	len_diff
34.82	90
42.51	2
34.02	202
34.12	153
33.96	149
33.4	158
32.88	166
34.6	122
33.83	144
35.31	57
43.3	14
34.47	146
34.08	147
33.42	165
33.1	144
33.47	157
40.7	50
35.31	137
51.59	11
34.09	150
39.71	21
37.18	10
43.62	4
50.37	10
34.01	128
39.46	29
33.87	134
34.09	139
34.55	163
43.1	0
35	120
34.23	150
34.42	76
34.09	142
46.06	7
45.46	13
43.68	40
33.15	156
34.41	140
33.28	120
32.58	164
37.51	44
37.31	43
35.9	140
33.85	141
33.13	154
38.25	74
33.9	153
34.08	153
33.43	152
33.17	166
33.01	62
33.18	118
33.73	150
33.19	124
32.42	123
35.71	297
34.73	148
33.69	124
34.95	161
32.7	165
33.37	146
33.58	149
35.4	320
34.38	67
34.42	76
32.26	155
34.64	142
50.45	16
33.36	164
33.18	123
32.86	145
33.05	159
40.56	34
32.66	157
33.58	149
34.92	141
34.97	145
33.94	223
32.42	141
34.22	157
49.86	7
43	4
33.77	145
38.59	39
39.12	28
35.08	98
38.84	46
33.77	157
37.52	37
40.71	26
34.47	135
33.15	130
34.9	138
33.87	141
36.66	21
38.96	59
34.53	117
37.25	12
33.14	89
35.25	122
43.65	5
35.09	156
40.53	5
37.97	48
35.87	147
34.49	135
32.42	165
50.98	6
35.99	141
34.46	149
32.29	150
33.25	165
37.76	12
39.16	18
34.64	55
32.4	166
44.49	3
50.45	4
34.29	121
33.5	133
30.67	164
34.68	149
40.47	17
33.57	160
34.77	156
50.03	3
37.5	23
40.09	33
38.6	17
33.27	133
33.41	164
32.85	165
37.65	29
35.53	87
33.15	150
33.4	165
33.43	165
33.12	162
33.82	143
32.33	139
34.22	181
33.89	135
34.15	136
41.79	32
41.19	44
41.77	32
35.5	301
33.62	143
33.92	139
34.4	132
35	123
35.72	132
34.41	143
40.75	10
32.97	159
33.67	296
35.22	165
34.22	145
32.59	158
33.76	142
32.43	138
33.27	162
41.72	13
33.75	163
34.43	161
33.56	128
34.12	139
46.39	7
37.71	10
38.26	14
33.13	133
50.18	14
32.34	160
33.02	152
33.3	160
35.27	143
33.22	156
34.64	124
50.61	15
33.36	133
33.65	73
34.17	151
35.42	116
37.84	42
33.54	151
33.55	123
34.04	70
34.13	138
32.88	153
33.91	98
39.66	59
33.87	145
33.68	158
32.51	149
37.2	15
31.71	313
36.49	153
34.46	121
49.07	7
35.36	137
33.05	164
34.08	156
34.29	90
38.2	16
33.75	151
34.19	150
33.03	165
39.88	70
49.93	4
34.63	87
32.97	68
33.41	147
33.05	149
50.91	29
34.04	153
39.01	35
31.99	161
34.46	146
34.16	133
33.23	147
33.49	146
33.38	129
33.9	150
33.47	156
32.84	148
34.12	139
35.44	28
34.56	157
36.15	301
33.63	162
37.54	18
35.83	301
38.12	140
40.59	84
35.96	125
36.29	29
34.18	143
33.2	161
32.81	54
34.02	149
32.8	153
33.29	133
33.26	153
31.96	162
33.78	135
34.61	93
34.27	141
34.21	147
32.24	166
33.85	301
33.74	151
33.96	124
33.26	131
33.63	161
34.86	104
32.21	161
34	136
34	139
34.06	112
33.5	166
33.5	166
33.5	166
35.17	118
35.19	114
35.74	74
47.1	7
37.3	78
47.17	7
45.01	60
42.41	19
33.76	156
42.21	8
50.02	4
38.47	4
38.3	10
39.95	17
38.45	10
44.35	3
39.19	97
51.08	11
43.15	6
39.35	24
33.79	150
41.08	8
34.35	136
34.58	146
33.6	159
43.9	0
40.26	33
34.57	138
49.04	5
33.55	145
33.87	162
39.66	36
35.11	119
34.26	163
36.63	59
31.81	129
35.36	92
34.09	279
34.53	140
34.14	166
35.12	87
35.71	133
33.56	157
35.4	129
34.42	146
32.78	163
34.11	153
34.85	124
34.36	143
32.71	166
32.61	163
32.61	163
34.47	141
34.77	140
32.32	156
34.37	161
34.91	105
34.39	116
32.93	161
35.3	302
33.15	163
36.53	91
34.53	124
31.78	160
33.28	147
40.3	33
35.21	150
32.79	148
34.03	159
37.3	93
34.18	102
35.73	119
35	149
34.17	157
33.93	129
32.3	165
34.39	130
32.81	165
32.65	166
44.36	4
35.96	76
44.02	4
36.19	123
33.44	147
33.3	163
33.53	136
34.4	162
33.04	134
33.42	122
34.39	129
34.12	65
33.13	110
34.5	107
34.95	87
35.13	74
34.32	115
33.25	139
41.4	6
34.43	141
33.5	140
34.8	98
34.72	82
38.81	96
36.3	111
34.29	216
32.81	144
34.77	118
34.3	62
33.96	132
33.51	136
34.92	53
33.83	146
34.26	103
33.57	66
33.8	111
34.39	142
33.44	130
33.39	129
33.32	138
34.12	137
34.19	115
35.59	91
34.07	137
34.44	121
36.18	99
35.24	119
34.37	116
45.78	4
46.34	1
44.73	8
36.31	107
48.01	3
35.48	140
34.6	141
44.72	50
61.92	6
45.41	6
35.28	123
44.08	2
42.24	28
48.11	5
36.1	126
45.43	5
47.25	17
47.46	25
42.31	12
34.37	138
35.97	121
35.06	133
33.91	99
32.49	137
33.55	87
34.44	121
34.56	115
35.08	132
33.12	36
32.88	66
32.78	125
30.84	5
33.36	64
34.01	142
33.15	142
33.56	137
35.59	114
33.58	61
35.64	70
33.78	110
31.05	9
35.96	110
47.05	7
32.68	145
34.37	105
42.51	23
47.52	5
34.76	146
39.01	7
33.75	134
44.61	15
46.02	31
47.71	14
44.85	19
34.37	81
39.89	13
41.59	20
34.13	141
48.58	12
45.61	21
35.25	116
35.22	133
43.02	22
47.82	6
43.23	15
34.25	141
39.18	5
34.84	111
34.33	143
41.65	9
35.06	123
33.61	126
39.53	2
35.93	110
34.59	108
34.01	144
36.22	95
35.47	106
36	115
33.51	141
33.55	136
33.52	92
34.01	147
44.42	7
33.21	73
34.6	135
33.68	139
36.89	113
33.61	105
34.58	47
33.04	108
35.37	102
34.35	105
33.63	139
34.52	145
33.58	78
34.03	128
33.59	115
34.63	107
34.05	122
34.82	109
33.72	134
34.51	135
33.99	122
42.92	4
34.36	225
35	124
35.68	139
35.04	220
35.27	147
34.08	72
34.48	94
36.54	3
33.28	147
32.44	15
34.83	128
34.29	101
33.71	142
32.44	33
32.67	143
34.95	137
45.21	23
35.85	110
43.65	8
35.34	126
34.9	145
41.36	8
34.12	146
36.95	72
36.1	71
35.4	129
33.69	121
45.36	10
35.47	79
45.42	7
32.79	96
34.95	111
42.42	7
35.86	120
42.36	15
35.19	102
33.33	114
34.28	138
33.09	89
33.32	137
33.82	91
34.65	114
31.58	44
32.05	143
33.82	126
35.03	132
36.26	124
36.27	109
34.77	134
36.71	125
35.39	105
35.66	130
34.5	133
35.71	129
35.51	126
34.74	111
37.86	11
34.53	136
45.48	6
34.09	132
35.12	75
34.61	78
39.47	6
35.17	146
34.49	102
35.3	47
35	204
34.83	132
33.93	143
34.53	131
40.74	4
33.35	132
34.21	107
40.53	3
33.59	109
47.13	6
47.36	10
35.28	111
43.27	12
48.51	16
48.12	32
47.93	10
43.9	25
53	2
42.06	17
33.94	121
33.87	114
33.33	143
33.47	116
33.15	138
33.8	116
34.84	123
33.06	141
33.16	166
32.37	42
44.68	22
36.23	1
39.62	11
36.39	130
48.19	6
35.87	143
49.45	12
33.32	106
37.69	110
33.87	144
34.58	146
35.4	82
35.09	120
34.65	119
35.78	129
42.3	11
35.43	119
34.17	126
35.53	58
34.52	118
46.9	10
38.91	4
36.86	113
35.33	53
34.83	147
35.13	136
35.59	130
33.86	58
38.07	6
46.34	3
32.79	147
33.4	94
39.36	1
33.71	144
33.31	86
44.64	21
35.77	143
34.39	133
34.42	171
50.91	9
36.26	122
34.7	48
35.46	89
32.8	66
36.68	36
36.87	120
34.13	113
32.65	86
34.26	89
35.4	128
39.58	23
35.34	131
46.06	4
47.31	1
52.82	3
39.04	8
47.15	11
43.83	13
46.13	25
52.71	8
35.58	99
35.31	99
42.28	19
36.65	138
46.4	18
53.02	14
40.81	17
36.03	86
46.92	6
35.46	53
35	129
34.96	105
34.33	144
44.73	2
42.31	6
50.61	14
41.86	9
35.64	124
46.51	9
44.58	25
34.93	128
34.72	125
33.83	145
33.82	146
47.74	20
46.35	6
41.21	46
34.19	119
33.66	40
40.72	10
33.81	77
34.44	101
33.14	140
34.44	146
33.74	141
34.22	123
34.59	123
35.46	102
34.76	114
34.51	63
33.52	140
34.28	94
32.77	264
35.49	73
34.25	68
33.9	259
32.78	119
32.81	130
34.68	105
33.52	140
35.69	99
34.28	139
37.29	99
34.5	135
34.07	143
34.66	140
34.66	145
38.62	13
35.07	138
34.21	107
34.44	108
34.89	123
34.55	140
43.39	9
44.73	5
51.81	3
36.16	139
44.47	12
52.9	5
45.78	8
34.37	129
33.71	192
33.41	101
33.67	237
33.44	73
35.05	166
34.84	100
34.53	101
33.81	58
33.35	63
34.72	161
33.51	139
34.96	127
33.16	94
33.24	131
32.68	147
33.25	142
33.57	131
35.29	218
32.79	115
35.33	67
40.47	16
40.91	5
34.36	260
33.01	247
33.55	126
34.49	142
33.64	125
34.77	121
43.42	8
43.17	22
45.03	11
46.78	3
37.13	145
44.57	31
41.66	16
35.59	147
41.34	2
45.27	11
43.9	29
34.18	131
33.96	84
34.48	92
34.63	101
35.07	145
35.98	71
34.86	227
34.68	157
34.32	157
34.25	128
32.65	261
34.74	123
38.52	6
46.87	3
42.03	0
35.8	131
35.57	115
34.18	124
33.65	116
33.96	94
32.28	25
34.52	122
35.12	103
34.88	98
34.7	131
35.01	52
34.78	127
34.89	132
35.33	85
34.82	107
35.15	128
35.71	136
38.84	15
32.78	47
44.09	1
33.78	140
39.1	6
36.67	17
33.88	256
32.44	132
33.5	190
31.74	35
34	102
33.07	25
33.4	100
33.39	80
31.17	18
33.75	134
33.52	134
34.66	44
33.94	137
34.64	43
34.41	136
32.78	24
35.54	132
34.75	105
34.71	93
34.91	38
33.93	103
36.86	115
35.8	85
35.14	141
48.25	15
44.79	10
36.43	48
46.88	10
38.69	10
47.86	6
41.49	7
45.58	7
34.45	126
33.13	44
44.74	13
35.06	137
39.68	10
44.6	9
35.53	129
34.78	108
33.5	102
33.65	133
35.03	117
34.54	133
35.19	62
35.51	134
34.2	36
33.74	145
32.6	26
34.03	75
35.4	95
35.28	85
43.38	10
41.4	43
33.62	147
42.73	1
34.08	147
44.45	7
43.51	8
34.91	136
48.13	9
33.78	36
46.91	11
34.49	86
35.51	79
32.44	136
35.02	132
35.46	80
36.74	113
45.62	23
49.11	5
58.92	13
34.98	143
43.74	9
38.74	6
35.33	68
47.74	5
34.02	132
33.91	113
45.98	10
34.22	24
51.11	12
34.96	86
48.05	7
35.37	141
40.88	11
34.71	147
35.86	130
35.05	104
37.57	7
33.99	130
33.59	133
35.08	134
34.27	126
35.27	246
33.24	147
34.4	105
33.91	105
33.58	147
33.94	71
34.89	114
33.34	144
36.51	68
32.99	147
33.86	119
35.96	126
34.49	132
46.75	7
34.79	169
37.7	21
36.08	49
35.42	142
33.43	145
36.81	100
35.05	115
36.06	71
35.06	142
34.91	117
34.62	51
34.12	19
35.68	142
34.14	68
33.95	86
34.52	130
33.35	138
35.06	85
34.54	122
34.5	144
43.29	1
34.13	127
33.69	142
35.02	147
33.54	91
34.13	135
35.25	133
34.99	100
33	126
34.74	114
34.06	147
34.6	74
36.44	80
33.52	132
34.23	81
34.85	158
35.03	147
34.57	146
33.56	104
32.82	140
34.12	144
33.85	34
33.62	130
34.8	92
32.58	144
34.64	136
34.97	78
34.25	22
35.09	119
34.08	136
34.94	129
32.97	83
32.79	49
36.22	86
36.18	145
46.4	2
47.94	11
34.71	139
45.37	4
35.33	142
46.26	1
53.03	8
42.91	11
49.87	8
34.5	105
35.03	54
33.89	141
34.72	110
35.33	165
34.72	122
34.28	105
40.38	4
33.87	139
34.52	115
33.45	63
35.18	146
35.06	68
34.41	80
35.4	147
34.71	144
34.31	246
39.72	2
35.98	136
33.37	142
34.66	127
37.41	17
36.58	76
35.06	130
34.31	42
34.35	123
41.21	17
34.01	133
35.5	108
35.22	114
34.08	134
34.66	127
35.66	5
34.85	137
34.21	136
35.06	133
34.33	136
33.25	18
33.6	144
35.57	117
32.59	19
36.41	76
35.64	187
33.57	93
34.92	99
49.22	11
34.9	122
37.36	23
33.84	210
33.81	133
35.5	112
35.39	88
34.81	142
35.84	95
34.79	203
46.72	4
34.36	94
34.56	78
33.77	36
37.46	78
33.75	99
34.9	198
34.31	144
33.87	141
34.6	142
34.08	133
34.97	100
35.52	140
34.85	141
33.24	147
40.55	21
43.8	15
32.71	144
39.21	19
33.22	138
35.56	113
36.21	116
40.97	3
34.82	132
34.6	223
32.86	147
34.71	92
34.13	138
35.37	146
33.77	113
33.67	238
33.99	120
36.13	8
34.53	71
33.24	147
34.07	90
32.54	127
33.84	125
32.77	54
34.15	77
33.14	67
33.44	79
34.87	134
33.28	143
36.23	111
41.77	4
36.41	113
45.6	14
34.81	102
34.62	101
44.93	26
42.67	7
36.58	131
34.67	98
33.28	141
35.52	51
33.92	70
34.65	106
34.02	147
34.71	145
32.11	48
34.42	146
33.1	144
33.13	88
34.95	145
34.89	142
35.76	103
35.45	155
35.95	101
40.84	27
34.24	136
34.13	131
45.09	16
41.39	16
33.67	144
36.83	135
35.55	112
34.37	138
34.92	122
40.97	1
34.71	132
35.62	130
35.7	155
35.59	77
35.7	1
33.82	77
43.25	8
34.38	255
33.68	138
39.63	47
34.55	125
33.92	62
35.19	136
33.87	129
33.92	129
31.43	6
32.8	145
34.57	124
43.86	0
33.75	99
33.38	81
33.49	42
33.42	124
35.89	123
44.5	15
43.17	13
44.32	5
44.39	13
47.48	3
36.06	141
52.52	7
46.17	31
41.6	5
40.3	4
35.2	76
34.43	92
34.11	106
36.18	114
34.78	51
33.71	122
33.4	89
34.59	144
32.22	33
34.74	43
32.78	145
35.19	86
34.46	154
38	17
33.96	97
41.59	4
34.84	119
35.49	102
34.07	139
40.01	5
48.01	8
34.02	3
35.85	83
53.91	6
44.33	7
52.97	8
32.88	146
36.09	95
75.35	3
35.25	119
46.53	8
41.96	3
34.98	131
54.37	10
33.91	139
46.1	1
53.75	8
35.98	67
51.48	12
36.47	120
34.12	142
34.15	129
46.66	3
40.49	4
33.97	143
49.01	12
33.91	100
34.41	106
34.93	133
33.95	55
47.77	9
33.43	147
44.14	9
41.73	13
43.06	7
43.15	27
35.44	122
36.48	101
34.98	78
42.07	27
33.84	107
35.73	147
44.73	1
34.56	107
35.37	200
35.39	135
34.18	235
33.81	101
42.33	4
32.9	136
34.94	143
33.94	144
33.77	147
34.76	86
36.19	112
35.47	124
33.24	119
38.45	3
34.78	132
43.31	18
35.86	136
35.93	50
33.59	94
35.16	142
35.84	84
43.09	19
34.05	132
34.31	188
45.82	21
35.01	144
42.07	5
41.52	8
34.56	53
34.9	112
33.81	125
34.18	112
35.07	137
34.75	102
35.54	133
34.36	146
35.56	162
46.69	10
35.15	134
43.07	6
34.12	112
35.41	80
33.35	146
46.05	3
35.63	161
35.7	155
34.43	143
33.66	74
30.86	27
35.27	48
34.66	128
34.04	130
33.47	132
33.95	171
35.89	121
37.55	38
35.25	100
32.82	139
32.18	129
33.54	147
33.07	147
42.78	5
34.6	105
34.8	116
34.04	73
33.54	72
33.55	133
34.26	145
47.18	8
33.94	145
36.83	154
34.54	139
33.72	133
34.18	29
34.25	143
33.35	137
43.36	12
33.87	139
35.52	138
44.38	7
39.8	6
35.61	126
35.38	76
43.54	1
45.27	10
48.86	7
33.46	49
34.9	115
33.62	88
33.85	135
33.61	89
32.62	113
32.01	42
34.51	121
33.7	147
34.56	145
33.39	124
32.54	44
34.2	110
35.14	117
34.03	132
35.56	80
33.58	120
34.33	113
35.47	148
33.74	127
32.91	120
33.91	74
34.04	143
44.67	12
34.26	118
45.68	6
42.73	12
44.75	5
33.81	97
33.31	90
34.8	125
33.18	34
34.92	110
33.94	145
36.33	72
34.44	129
35.95	116
32.95	128
34.9	201
35.89	67
34.24	146
33.43	256
33.09	40
34.98	102
34.57	83
34.11	144
34.15	73
34.19	118
34.73	127
35.94	121
35.08	87
33.33	136
33.69	35
33.46	48
34.59	137
34.35	133
33.89	87
33.94	96
33.68	147
34.53	141
46.09	4
48.44	7
44.63	8
38.52	97
52.62	11
43.7	24
39.61	3
46.15	23
34.96	138
44.41	26
34.41	134
34.88	48
35.33	103
33.94	133
35.47	103
36.09	60
34.82	50
35	131
35.2	91
34.87	122
42.96	22
44.8	11
40.2	8
35.34	109
34.29	80
36.33	91
43.76	12
46.32	14
36.12	91
46.03	29
32.77	147
35.95	126
35.26	228
43.56	20
35.3	102
35.17	72
44.73	15
37.66	4
34.34	142
35.38	67
33.6	147
33.21	143
34.99	112
34.23	137
34.68	110
34.75	147
35.59	75
34.1	136
34.73	141
32.58	145
32.45	143
34.11	124
32.55	138
33.42	43
32.62	46
33.41	133
35.29	123
33.59	135
34.93	114
33.25	121
47.17	4
34.01	120
35.91	130
32.37	143
33.93	133
34.48	135
34.35	137
34.57	79
34.65	105
35.93	138
33.26	60
34.22	87
33.92	111
33.49	134
33.67	142
32.31	69
34.22	123
33.87	64
33.92	209
35.47	122
35.21	127
31.83	24
32.15	143
33.89	41
32.14	135
33.31	44
33.7	44
35.31	112
33.03	140
33.51	127
35.07	213
33.39	265
33.24	139
31.77	62
32.75	52
35.15	115
35.13	118
32.78	112
32.39	133
34.54	98
47.84	9
34.44	137
34.48	109
35.67	140
34.52	162
34.72	113
48.26	3
34.77	106
35.64	137
35.84	114
42.18	12
35.64	129
36.17	98
33.64	147
45.87	10
37.88	115
47.45	9
35.1	140
47.5	4
43.31	14
34.08	133
34.9	153
36.07	8
46.58	12
34.94	108
34.66	136
35.15	126
34.07	109
35.69	129
46.45	4
35.32	103
34.94	95
35.52	69
35.09	79
34.9	114
34.23	130
34.71	90
34.33	62
34.21	125
33.9	137
34.95	131
34.62	75
34.02	108
33.38	56
33.34	143
34.75	131
34.87	132
33.39	55
33.8	202
35.17	128
33.99	91
45.58	4
34.36	103
32.25	138
34.01	98
42.26	6
42.37	0
32.86	29
35.23	111
38.51	2
36.35	104
41.63	10
38.18	32
31.96	21
51.16	7
35.67	121
44.49	11
35.92	173
34.54	95
34.45	136
34.73	117
40.75	9
33.85	143
34.57	109
34.28	102
33.51	131
33.83	124
34.76	145
34.77	112
34.18	130
45.87	24
43.21	15
33.97	145
44.22	18
46.8	10
48.89	6
35.62	139
35.18	84
40.65	5
47.33	15
34.36	93
34.19	176
33.95	136
34.66	239
35.44	104
34.54	144
33.6	127
34.01	77
33.96	40
34.44	81
41.76	23
33.91	119
37.54	118
35.14	108
34.17	112
36.08	110
35.8	122
33.45	123
46.97	3
34.49	129
34.59	106
36.39	77
35.77	147
47.45	4
36.97	20
33.62	41
34.67	89
34.05	135
35.43	98
33.68	145
34.04	142
34.91	180
33.37	133
32.63	104
33.71	119
34.43	135
32.52	29
35.85	94
32.51	29
34.69	140
34.27	127
35.9	17
36.93	1
33.74	108
33.16	35
39.53	3
32	7
35.57	128
42.18	10
33.85	121
33.64	78
35.26	122
34.12	140
34.55	140
35.17	117
36.93	84
33.38	145
33.5	106
36.09	63
35.24	75
47.37	8
45.59	20
51.08	10
46.9	17
45.74	15
44.75	20
45.41	23
47.67	9
43.35	14
42.69	15
35.16	72
35.6	135
46.62	8
35.2	145
45.22	5
34.91	139
35.88	122
35.38	109
43.63	25
35.2	130
42.4	16
33.94	128
34.93	142
44.38	14
34.12	145
49.19	14
41.23	6
48.34	11
34.76	114
45.06	26
34.78	122
36.14	126
48.78	0
35	143
46.42	5
35.06	141
38.92	7
44.66	13
35.35	121
40.68	13
46.21	19
46.81	16
45.96	18
43.19	18
46.45	8
50.93	1
39.88	11
39.41	3
35.06	111
35.31	72
35.53	121
46.82	5
44.69	13
35.41	123
34.53	254
36.34	112
39.67	13
34.4	113
41.68	1
36.47	106
44.56	24
45.31	32
45.42	17
43.65	32
45.24	35
35.3	143
42.48	10
41.62	18
44.6	31
47.34	8
46.01	7
48.15	10
33.76	135
33.75	138
34.21	139
35.03	110
42.03	1
34.35	132
34.73	132
34.75	144
34.11	112
35.54	82
46.91	11
34.43	124
35.2	140
35.89	135
35.39	102
42.22	46
36.13	76
48.65	5
33.46	146
33.99	87
33.17	139
33.56	138
33.86	128
34.31	81
34.09	143
33.94	133
34.75	249
34.32	131
33.63	145
34.66	70
33.33	147
33.18	124
33.72	127
33.58	119
32.56	35
33.73	205
34.42	100
35.27	101
34.62	112
34.35	115
33.56	137
34.72	117
33.94	67
34.39	128
34.83	111
38.6	2
33.93	100
41.39	9
36	98
35.06	81
43.68	24
37.44	112
33.77	136
33.79	131
44.3	7
40.54	1
34.53	135
33.57	144
35.07	141
32.99	137
36.04	117
44.47	1
36.9	109
36.1	123
34.91	147
34.63	137
44.32	21
35.17	96
34.21	135
35.4	133
34.56	130
35.62	110
46.48	13
39.95	13
33.9	138
34.79	128
49.8	12
35.06	123
47.18	15
35.45	135
45.85	8
45.97	13
35.98	141
36.15	89
40.07	1
34.94	134
51.39	1
47.71	20
38.94	2
32.96	78
33.4	89
34.39	141
35.13	76
32.89	16
34.08	122
33.55	100
50.68	8
34.58	105
34.8	125
37.01	131
39.24	20
48.53	5
35.9	129
35.18	121
36.53	132
44.65	5
35.59	110
33.42	143
37.1	5
35.24	138
34.27	75
37.08	7
35.31	84
34.43	80
35.46	141
43.81	12
46.71	31
35	186
39.47	11
46.04	9
48.18	8
53.45	10
34.48	144
46.87	25
35.54	137
33.86	110
34.59	105
34.71	69
36.37	13
35.82	88
32.77	138
35.08	114
34.15	147
44.19	3
34.25	138
35.24	134
34.56	206
34.34	130
34.96	77
36.48	128
35.15	145
33.98	126
34.05	116
35	107
48.02	6
34.95	137
35.17	88
34.54	77
40.65	4
46.37	14
44.86	8
43.89	0
44.92	1
42.34	11
49.67	3
47.29	27
49.39	7
46.37	1
36.01	71
34.23	138
42.58	21
33.97	139
36.15	90
35.13	140
39.19	27
35.06	113
34.68	114
35.49	61
43.14	26
34.83	131
47.8	7
46.37	8
45.07	3
42.65	5
49.04	15
40.87	16
43.33	21
44.77	8
35.25	92
34.3	107
33.46	137
34.18	145
34.45	83
35.18	69
33.41	142
34.28	130
34.52	129
35.05	134
35.03	108
35	143
35.81	126
34.29	122
33.84	141
39.9	18
35.76	23
36.87	125
39.86	11
35.57	83
34.47	109
36.08	101
35.3	73
35.48	129
33.46	140
35.19	116
33.91	147
34.33	107
34.96	144
34.42	91
35.01	92
33.9	144
34.01	133
35.57	68
35.44	174
35.65	163
35.53	78
34.08	42
41.94	11
35.42	113
33.7	23
34.79	140
35.01	137
34.82	144
33.8	143
34.22	136
44.06	0
33.85	97
35.78	39
34.75	146
34.75	124
45.29	4
50.92	10
45.19	2
34.15	115
35.56	83
53.73	9
35.77	132
46.77	4
35.36	90
33.86	136
39.52	13
35.2	126
33.01	40
35.83	127
34.59	121
44.01	5
33.55	27
34.62	92
33.35	120
36.4	72
33.5	132
35.21	93
34.12	138
35.99	76
33.64	118
46.48	8
34.74	134
34.22	169
44.98	10
50.04	6
34.55	144
48.35	6
44.16	14
40.45	11
40.79	64
35.33	139
45.08	19
43.93	15
40.99	17
34.56	141
34.52	66
35.34	119
33.98	221
35.57	125
32.76	144
35.04	111
32.66	41
33.88	135
34.56	64
35.86	70
34.32	147
32.78	145
35.68	132
34.5	113
34.97	94
34.44	102
34.86	124
33.43	144
35.45	81
34.76	146
35.34	110
34.57	117
34.76	111
35.47	219
34.22	147
34.36	76
33.59	146
35.84	80
33.81	147
34.45	76
33.19	147
33.99	131
34.18	102
34.92	88
34.87	210
35.34	136
34.05	113
35.08	91
46.28	19
43.98	1
35.15	229
35.38	87
34.34	83
33.22	41
34.73	118
34.18	141
34.85	125
36.52	101
34.47	138
42.8	6
34.46	125
44	5
44.15	12
33.86	136
43.73	23
33.53	147
34.48	124
35.39	125
33.09	141
34.43	134
32.59	14
32.94	142
35.01	102
34.75	92
33.8	132
33.24	46
34.44	86
34.02	84
31.97	140
35.17	96
33.48	132
39.92	5
42.44	1
35.58	100
34.01	122
46.82	26
34.4	83
40.42	5
36.72	6
34.84	109
33.65	128
32.28	20
34.65	133
33.92	135
32.79	139
34.45	48
34.08	252
34.94	172
32.97	145
34.59	145
34.65	137
35.32	105
45.81	3
33.89	145
48.03	8
34.72	130
33.68	74
34.23	133
35.34	142
45.42	4
45.75	21
36.47	134
46.65	10
35.13	144
42.54	5
45.95	11
34.95	146
52.9	7
45.8	4
34.39	129
36.95	53
33.73	97
35.49	128
33.35	92
33.66	67
34.51	128
34.37	92
41.83	21
34.14	80
33.64	132
35.42	113
34.15	129
36.39	4
35.45	95
46.39	13
46.4	5
34.71	118
34.62	140
35.06	120
37.78	5
35.95	112
34.97	114
39.65	2
38.14	7
33.48	124
33.3	139
33.97	146
32.98	126
44.96	21
35.2	103
33.48	34
42.53	13
45.46	9
45.74	3
33.9	128
34.51	143
36.04	71
35.55	137
37.78	9
49.08	5
35.16	137
31.06	7
35.83	76
32.88	133
32.76	147
33.87	122
45.41	12
34.39	146
34.71	70
34.64	91
45.79	10
33.79	29
33.78	106
34.84	210
36.59	116
50.19	5
44.56	10
48.91	12
35.55	136
34.6	120
33.35	146
33.86	133
33.42	141
34.52	180
35.73	40
34.02	92
33.15	78
34.15	144
35.44	128
34.07	117
35.96	128
34.67	48
36.27	89
41.93	5
41.43	1
33.61	115
34.68	103
34.79	216
44.85	12
43.98	72
34.74	112
34.97	131
35.65	101
33.72	16
33.61	146
35.55	136
36.64	133
34.78	164
35.73	145
35.4	68
33.87	95
34.09	19
33.04	146
34.37	110
35.12	80
33.89	237
34.64	93
35.55	33
36.09	132
34.43	126
34.42	123
32.09	45
34.79	125
35.06	110
35.11	62
33.22	147
46.79	14
33.51	128
33.14	65
36.87	101
34.2	105
36.25	132
34.37	141
35.9	112
35.9	67
34.29	120
33.88	88
36.3	135
47.03	6
53.57	8
35.88	136
43.9	30
50.57	3
34.68	145
36.01	124
48.98	11
41.89	1
33.93	144
45.58	7
34.13	147
34.64	71
34.77	86
34	141
34.54	142
34.25	144
33.45	146
35.29	264
34.77	100
33.72	104
34.02	83
34.05	108
35.17	145
33.63	114
33.21	146
34.34	107
34.75	94
33.76	76
34.17	3
34.58	118
35.07	123
45.03	2
35.55	143
33.64	127
34.19	91
34.13	139
34.87	216
33.47	138
33.64	142
34.67	114
35.05	97
33.14	91
33.84	142
32.65	147
35.45	240
36.9	12
33.68	102
35.72	114
33.74	37
35.11	101
34.26	133
34.3	108
35.23	85
36.28	122
34.96	143
34.13	70
34.12	121
33.87	60
34.99	141
34.26	107
35.2	115
32.92	141
34.09	45
34.92	92
33.65	138
34.24	144
44.02	6
36.9	130
33.04	31
39.5	0
34.86	175
34.83	140
36.43	93
41.81	20
43.1	27
35.24	60
47.06	14
37.08	128
34.93	130
34.46	83
34.6	125
46.68	4
34.46	128
35.62	97
34.95	79
33.98	106
33.84	147
35.65	134
36.49	121
34.63	61
32.86	41
35.27	224
35.13	101
35.13	119
34.98	176
34.05	101
34.03	127
35.53	114
34.32	113
34.61	99
33.68	102
35.54	96
34.32	90
33.71	118
34.66	38
35.7	120
35.78	6
35.71	94
32.73	15
34.6	82
36.03	118
35.35	139
34.63	87
44.69	11
46.93	11
43.87	9
38.41	8
36.14	104
36.62	104
51.28	13
34.47	101
34.21	103
32.78	10
33.38	256
36.58	113
36.84	121
32.59	110
32.59	145
33.84	241
34.43	117
34.34	132
33.21	103
33.68	85
34.73	142
34.83	132
33.99	136
34.59	169
35.02	137
34.08	138
40.5	1
46.41	10
52.28	12
43.46	10
44.85	22
53.19	11
46.45	3
41.43	5
46.47	15
35.26	143
51.96	10
34.63	83
46.56	10
44.02	21
45.58	15
35.37	139
42.28	17
34.73	129
52.61	10
41.96	6
35.19	140
35.23	144
33.75	137
35.04	112
50.28	10
35.4	80
35.15	99
48.28	12
43.54	10
35.16	87
34.99	92
34.52	105
33.42	116
41.7	0
33.24	100
33.17	146
33.84	212
33.22	117
33.59	161
33.37	137
33.02	160
34.49	146
32.26	140
35.67	108
32.39	147
33.14	29
32.78	69
34.7	140
33.11	76
33.15	107
40.93	7
34.81	72
33.98	152
34.94	124
31.91	24
34.33	140
35.56	126
33.63	128
33.8	139
33.09	143
33.09	143
34.3	94
34.5	15
35.55	95
34.53	107
47.31	14
35	117
36.92	109
34.06	57
34.95	110
35.75	118
33.59	105
34.8	137
34.04	137
34.32	92
34.61	189
34.41	113
33.33	130
34.07	135
34.26	138
33.33	23
32.16	32
33.87	107
33.75	61
35.47	117
32.98	132
35.01	117
31.87	56
33.41	123
34.53	69
34.83	124
34.06	124
35.17	103
34.06	124
34.67	142
34.2	156
34.22	208
35.76	136
33.74	68
36.38	6
33.33	135
34.75	108
38.15	5
33.74	104
34.8	95
33.78	122
34.39	130
35.29	121
34.91	92
33.64	147
34.12	142
34.05	69
35.39	115
34.96	95
44.95	23
33.78	143
33.31	147
33.46	50
35.35	139
34.64	116
34.53	109
35.18	215
35.47	99
34.09	142
35	114
34.34	65
35.76	138
35.65	117
35.6	116
33.37	107
35.75	137
33.03	143
34.37	125
33.55	103
32.69	144
35.22	121
35	104
31.91	14
32.85	29
36.1	108
37.01	17
47.87	12
41.91	14
34.05	128
35.81	109
47.74	8
33.89	118
46.98	11
51.45	1
35.59	130
100	0
34.68	134
35	171
48	6
34.75	88
34.2	101
35.64	105
33.59	130
32.6	17
36.24	102
35.37	131
34.73	143
34.46	133
35	91
36.12	86
33.79	26
33.7	39
33.76	134
44.15	0
34.48	144
34.39	129
34.37	38
35.5	144
34.88	122
34.96	81
35.59	141
34.54	236
34.28	200
34.36	133
34.51	99
33.63	144
33.87	97
35.01	137
34.63	214
35.86	157
33.78	136
34.47	136
33.75	110
33.03	88
33.93	66
33.98	113
35.15	117
34.76	82
33.96	142
32.49	137
36.48	138
32.06	140
35.03	62
34.83	133
34.98	121
33.75	124
32.71	144
34.86	67
32.96	146
35.54	118
35.34	122
35.21	117
34.12	126
32.51	133
34.11	81
33.78	128
32.98	140
33.94	94
35.49	81
33.29	140
33.64	137
33.03	69
33.25	126
33.74	73
33.96	159
34.18	119
34.53	78
42.86	20
35.52	86
33.89	146
34.51	111
34.84	142
33.42	112
33.74	133
33.76	99
35.82	109
34.87	141
34.48	137
34.46	135
33.91	84
32.7	144
33.15	143
33.99	64
33.76	146
32.95	142
34.76	116
34.8	142
34.69	139
33.92	48
36.13	94
35.21	74
46.22	29
37.56	17
42.51	24
33.4	121
35.39	114
34.23	124
35.68	102
33.71	136
33.46	92
35.06	106
35.05	95
33.95	146
35	147
34.36	87
33.63	58
42.95	3
35.43	138
34.02	114
43.06	3
41.93	5
39.58	20
34.2	19
34.84	131
38.72	7
34.05	131
35.54	158
34.02	119
33.76	114
34.78	101
34.66	63
35.37	209
33.69	99
34.78	142
36.77	2
34.66	41
34.99	133
34.95	66
33.29	42
33.91	138
33.58	132
35	110
35.73	128
36.09	126
33.96	117
35.25	119
35.07	128
37.02	101
35.34	114
33.31	111
35.2	131
33.68	125
35.32	108
36.02	104
35.01	134
34.92	127
33.94	139
34.69	67
35.33	117
35.34	122
33.79	113
34.04	115
35.21	110
34.18	124
35.36	125
33.68	141
35.22	89
34.98	141
34.02	135
34.49	69
34.76	146
33.18	67
32.9	139
34.56	145
35.74	207
34.59	118
34.14	95
33.54	138
37.01	86
33.38	105
35.41	122
34.28	111
33.9	251
34.11	55
33.87	133
35.9	140
35.08	67
33.94	139
34.06	106
33.8	115
35.39	111
35.17	117
35.34	122
34.21	124
33.87	84
33.7	141
35.68	110
34.25	145
36.09	137
33.48	138
35.68	94
34.6	74
34.04	132
34.07	110
34.53	118
35.59	80
34.12	141
34.1	143
33.81	127
35.19	85
35.72	88
35.68	134
35.46	33
36.52	79
36.07	82
34.65	130
44.99	6
35.87	105
34.14	146
50.06	4
36.46	125
44.63	25
48.64	7
35.53	73
45.73	1
45.06	23
45.73	6
46.92	5
44.83	28
34.66	140
43.12	9
33.96	147
44.81	25
41.43	14
36.64	131
36.22	91
33.48	136
34.52	78
34.14	135
34.49	120
34.34	71
34.32	116
34.76	130
35.23	108
33.5	127
33.85	55
40.14	16
40.94	28
41.56	18
34.29	111
34.48	124
40.88	18
34.96	130
39.87	22
41.85	2
41.25	7
33.45	30
34.57	106
46.9	7
42.98	1
32.16	147
35.56	123
40.61	8
44.97	12
65.03	7
34.15	116
32.8	3
34.48	143
33.71	122
35.57	135
34.54	131
35.72	112
34.45	96
32.69	20
34.46	115
33.9	134
42.5	11
34.9	147
33.01	131
33.81	66
34.43	139
33.99	87
34.07	143
34.33	65
34.25	145
34.94	42
45.71	14
34.68	143
40.33	17
35.1	130
35.52	129
33.23	136
35.53	140
37.12	59
34.84	131
35.42	106
35.49	79
33.79	135
34.69	119
36.68	125
34.87	108
45.3	4
44.13	6
34.82	88
47.28	11
35.79	48
33.68	133
35.77	113
43.9	1
35.35	111
36.11	78
35.06	141
34.01	42
35.32	100
34.76	142
35.1	199
35.7	131
47.72	9
32.73	21
35.64	110
34.86	121
35.26	253
35.38	99
35.41	185
44.43	3
36.5	132
45.33	12
42.21	20
46.81	4
46.39	27
43.39	12
49.15	13
43.36	11
55	7
42.48	6
36.27	129
35.31	190
33.74	139
34.3	117
35.57	135
34.6	109
34.08	132
35.1	206
34.66	127
34.84	95
34.52	92
34.87	144
32.28	17
34.67	140
33.76	141
34.29	109
36.07	146
34.13	38
33.51	40
34.14	129
35.03	68
35.47	82
34.2	143
35.25	79
39.81	26
33.11	142
41.96	11
33.54	210
41.02	8
34.68	109
33.75	115
46	10
34.96	110
35.47	125
35.5	94
47.59	5
35.52	114
34.71	142
35.09	135
35.99	81
35.65	101
35.22	93
34.28	99
33.3	146
35.01	138
33.92	134
34.4	138
33.61	144
33.28	97
35.04	98
33.84	134
40.49	65
34.91	133
35.15	136
45.51	13
51.73	5
36.09	129
35.48	110
36.17	120
34.81	120
34.64	146
32.57	34
34.59	128
33.76	122
36.16	76
33.5	140
34.29	92
34.64	124
33.17	142
35.2	129
46.28	12
53.4	9
41.71	5
46.53	6
43.91	15
45.75	15
44.8	7
53.81	8
44.83	7
44.78	27
51.13	11
33.64	139
34.05	226
47.26	3
35.27	139
33.07	135
34	64
34.06	140
34.34	107
33.95	108
35.11	111
35.72	128
35.95	136
48.93	14
43.51	6
44.21	27
35.81	141
45.12	26
42.26	18
33.4	147
35.48	237
34.96	131
34.2	134
35.06	121
34.19	123
34.36	44
41.01	13
36.68	143
35.4	131
39.44	44
36.24	125
33.57	133
33.93	135
33.3	75
33.98	140
33.06	147
34.01	145
32.89	138
34.45	49
32.36	130
34.37	96
34.49	125
35.44	116
35.14	90
33.81	123
35.39	111
34.01	121
32.72	136
34.8	47
34.12	108
34.76	121
34.26	86
34.93	125
33.41	112
35.54	110
34.51	89
34.9	127
34.71	132
34.36	86
35.8	187
36.06	120
33.54	43
32.95	80
35.48	123
35	124
34.63	63
34.06	140
34.09	112
34.01	143
35.61	105
34.68	142
35.22	127
34.13	113
34.44	104
34.91	46
35.54	78
32.61	27
35.05	125
31.89	14
33.85	130
34.39	108
42.84	25
45.29	7
42.77	18
47.4	19
45.63	9
35.18	147
35.59	124
45.01	2
55	5
35.53	147
46.89	6
41.54	16
34.76	141
47.3	3
36.75	119
42.5	11
34.33	131
35.27	111
34.13	144
35.01	127
34.66	89
34.85	106
34.45	123
34.13	77
34.31	223
34.15	133
33.46	123
33.78	73
33.93	120
33.75	147
34.32	128
34.66	96
34.65	100
33.81	147
34	127
34.28	120
33.62	73
34.24	133
34.49	222
33.72	77
33.65	139
43.99	5
32.85	124
32.85	124
34.62	136
44.89	4
33.78	105
44.75	3
35.48	90
40.2	6
36.48	120
33.71	105
35.18	127
33.63	135
33.48	47
34.32	140
34.81	194
34.81	103
32.81	142
34.73	183
33.55	110
32.59	89
33.51	81
33.75	121
33.86	37
34.59	78
34.89	81
34.68	141
34.24	147
34.64	144
41.94	10
34.71	92
35.59	103
33.22	114
33.06	134
34.57	69
34.45	53
34.62	43
34.23	88
34.73	147
35.76	136
33.48	145
33.97	130
35.45	62
32.32	44
42	10
34.62	106
33.04	140
32.97	15
34.15	135
34.44	154
34.23	108
34.34	117
33.85	111
35.65	114
33.93	133
33.37	109
34.74	222
34.09	97
34.46	106
42.02	1
36.02	18
37.96	5
41.3	37
43.26	2
39.02	39
33.6	98
33.1	56
34.27	79
33.42	108
35.19	105
38.46	4
36.23	205
32.96	143
34.63	130
33.39	26
37.02	10
35.06	137
35.44	95
33.6	145
33.97	139
34.56	40
35.45	134
35.4	50
34.61	102
33.87	108
33.63	126
35.88	134
33.92	128
33.81	133
34.57	93
35.2	109
35.01	108
35.08	133
36.9	106
34.78	128
34.54	146
35.75	160
36.42	119
36.34	72
33.87	65
32.74	102
34.47	183
34.1	73
34.17	60
34.4	116
33.89	37
35.39	110
34.62	143
34.53	75
35.59	87
33.2	146
31.81	36
33.76	119
34.36	124
41.69	9
34.2	157
33.41	143
33.85	93
33.72	143
35.27	138
34.99	68
33.66	59
35.05	107
35.09	134
35.13	125
34.89	102
34.81	131
34.02	138
34.37	136
33.98	34
34.47	138
34.75	67
34.87	122
34.09	98
33.65	120
35.21	117
33.24	133
34.16	126
34.3	130
34.34	145
35.08	126
33.9	129
34.83	122
35.14	123
34.06	142
34.49	44
33.88	142
34.32	243
35.09	68
36.15	85
48.64	6
35.06	106
44.85	1
34.93	124
39.21	12
35.59	136
35.04	247
48.06	1
35.81	112
33.92	101
33.71	89
33.78	113
34.79	142
37.02	125
33.54	138
31.42	147
33.99	95
34.86	106
33.66	142
44.43	1
34.06	123
34.96	140
35.63	69
34.68	76
34.68	53
43.67	11
47.67	6
53.33	10
41.59	2
34.98	139
33.84	95
33.02	102
34.25	210
34.73	123
33.89	133
33.94	246
33.86	116
34.52	112
34.48	117
34	120
36.08	133
33.76	118
34.13	74
34.75	124
34.75	47
34.95	145
34.07	128
34.46	201
32.81	147
34.23	118
35.74	131
47.79	30
35.45	87
35.39	79
34.43	90
44.98	11
36.11	127
33.56	143
34.81	68
35.03	83
39.69	1
33.49	142
43.94	9
34.07	119
33.4	78
34.67	170
33.61	129
34.42	84
33.62	109
34.86	80
34.91	144
33.58	98
36.45	117
34.75	71
36.36	124
32.86	69
34.87	58
34.52	62
34.47	140
51.41	2
44.12	22
42.66	16
46.48	10
49.59	7
35.15	146
40.13	9
47.5	25
45.37	16
41.56	18
36.07	118
34.37	145
34.83	93
32.95	137
33.76	65
33.8	107
34.79	136
34.02	140
34.09	126
35.06	116
36.09	142
34.96	89
39.61	25
33.7	143
34.01	121
32.9	128
35.97	87
34.22	115
33.46	105
34.16	91
34.46	187
35.05	91
35.04	131
35.73	119
34.42	139
34.51	132
31.52	13
33.42	119
34.37	87
35	99
34.26	146
34.14	246
35.04	213
34.34	117
33.3	122
36.53	110
31.54	15
34.22	144
34.95	98
34.5	142
34.59	89
34.49	131
33.68	82
35.56	81
32.81	81
33.28	31
33.6	122
32.96	142
34.45	131
35.4	125
33.5	139
34.68	128
33.59	257
35.69	133
45.15	5
34.63	119
34.68	25
33.45	131
41.35	18
33.75	79
34.15	137
34.75	116
33.47	82
33.68	215
47.4	4
32.98	123
33.48	138
37.14	5
33.79	134
35.07	79
40.75	13
48.29	5
34.31	138
37.4	123
39.08	13
37.05	131
48.38	7
34.92	89
34.9	34
34.75	146
34.69	121
33.88	136
33.61	77
36.47	111
34.79	107
33.88	86
33.51	133
34.28	110
32.42	62
34.24	85
35.27	259
41.37	0
33.55	141
33.55	141
33.55	141
34.4	141
34.79	140
34	126
37.79	40
43.48	5
34.81	83
35.86	84
43.78	8
35.74	131
44	18
35.07	130
47.72	9
50.48	5
41.76	33
36.4	104
34.06	139
34.34	109
34.08	76
33.94	100
37.33	4
33.89	115
34.97	212
34.15	117
36.77	79
33.58	138
35.44	134
35.94	133
34.27	80
34.2	128
33.63	122
35.46	105
34.23	140
34.43	126
34.84	120
34.6	129
35.27	63
35.23	107
35.94	195
43.38	10
35.54	130
35.09	79
34.62	82
34.5	145
36.07	69
34.99	138
35.12	147
34.45	139
35.86	100
34.02	135
34.6	129
35.22	123
33.77	55
32.12	147
33.74	47
33.4	65
33.97	97
35.54	138
34.71	120
34.38	138
35.03	114
34.46	132
35.36	67
34.1	147
34.86	104
32.48	122
35.04	69
34.89	119
35.76	92
36.78	118
35.63	115
35.55	90
35.68	103
35	47
34.84	39
33.52	119
33.62	126
34.33	72
34.26	124
35.21	97
34.21	77
33.8	108
33.83	40
34.68	145
34.73	126
33.95	97
34.42	127
46.01	2
35.06	117
46.96	4
50.16	8
34.52	143
35.4	115
46.03	7
38.87	32
52.9	39
34.91	118
33.96	55
33.95	138
33.72	65
33.36	100
35.24	119
37.79	2
36.41	65
34.93	79
33.16	36
34.31	88
34.09	144
33.97	147
34.49	49
34.99	114
44.73	7
33.9	72
34.18	147
34.78	126
34.86	87
35.61	146
33.83	145
34.71	101
35.66	141
35.21	109
32.8	71
34.77	120
34.89	113
34.54	133
44.68	9
44.95	3
33.63	133
34.91	81
36.4	112
35.31	98
35.16	131
34.6	86
34.13	141
34.62	145
34.53	124
34.96	127
34.29	166
34.84	130
33.64	140
34.48	98
33.57	114
34.34	186
34.3	85
35.28	131
34.79	137
43.75	19
53.34	8
34.63	141
35	130
46.24	8
37.61	1
52.17	11
44.91	9
36.55	106
52.96	6
34.75	122
40.66	5
34.09	127
33.38	132
33.83	146
31.74	7
34.51	101
34.28	64
33.05	78
38.29	2
34.47	113
36.14	82
33.59	39
35.88	75
34.77	142
34.88	146
34.81	126
34.58	84
34	114
34.16	252
33.73	80
33.62	84
34.09	134
35.45	112
35.14	98
33.54	30
37.23	117
34.07	70
36.97	117
47.15	7
40.97	4
34.46	106
34.46	103
34.57	136
35.43	107
34.54	140
35.2	83
33.55	135
37.66	95
35.1	142
34.62	143
34.27	188
33.74	71
34.28	44
33.95	128
33.38	135
32.64	139
33.77	110
35.17	96
35.18	103
35.71	66
33.18	145
34.75	113
49.69	10
34.14	262
35.51	115
36.3	98
35.85	111
35.93	73
34.51	61
53.1	10
45.42	5
34.5	123
46.34	2
53.43	9
45.65	11
53.34	11
39.36	3
47.83	9
34.37	132
53.46	8
47.75	9
40.42	7
39.06	10
53.6	10
43.52	6
53.28	12
46.97	2
45.94	24
45	8
33.09	81
33.7	180
34.8	82
33.92	98
35.39	139
37.29	1
33.42	129
34.3	120
35.6	125
33.24	138
35.07	111
35.3	126
34.07	126
34.28	118
34.73	130
33.75	142
34.87	105
35.76	136
34.04	119
33.13	73
33.99	112
34.58	53
33.8	141
35.32	107
36.13	99
35.38	88
34	136
33.91	145
34.05	147
34.76	80
34	136
34.76	141
33.79	115
34.01	144
33.21	125
34.65	51
45.89	4
38.69	1
44.79	16
34.4	128
33.43	139
33.68	139
34.59	146
34.46	120
32.97	127
34.64	128
34.09	92
32.77	138
35.26	42
37.2	2
33.62	133
35.35	184
34.75	248
33.59	131
34.11	126
34.07	248
35	121
34.2	130
36.25	72
34.15	137
36.03	97
33.61	139
34.15	114
34.26	112
34.31	142
35.8	72
33.66	125
33.92	137
34.74	117
34.42	105
32.53	106
34.27	107
32.67	104
41.96	16
34.34	143
34.39	97
35.48	118
34.16	67
33.61	78
33.95	121
42.49	7
33.53	262
34.9	138
43.58	3
32.99	137
33.59	60
33.43	101
32.16	142
33.89	114
33.35	173
35.25	113
34.1	136
33.98	141
35.01	72
33.86	118
36.16	147
33.81	125
33.42	140
33.44	138
34.48	70
35.52	113
32.69	146
32.38	146
34.95	186
35.24	142
34.36	141
35.26	104
34.06	126
34.58	94
33.99	129
33.99	144
58.18	22
35.54	137
43.6	7
34.45	143
36.12	109
34.09	48
34.82	75
36.84	114
47.56	1
43.96	14
45.44	10
33.19	104
43.97	11
34.82	123
34.51	120
52.86	8
35.68	49
36.02	71
35.06	140
34.15	87
33.01	60
33.51	179
32.24	146
37.46	2
33.39	89
36.88	18
37.25	43
34.82	62
32.69	50
36.17	124
41.24	28
43.71	21
34.04	126
48.07	2
35.4	128
35.47	139
45.52	26
36.73	113
53.33	10
33.85	132
33.39	116
32.61	147
32.46	140
34.08	46
34.03	140
34.12	134
34.68	103
33.82	127
33.16	146
35.4	121
34.52	55
34.14	136
34.35	129
33.56	141
33.73	122
34.99	135
34.43	128
35	75
35.12	143
35.15	134
35.47	207
34.59	153
35.37	81
34.81	141
34.06	41
34.78	109
33.73	95
32.71	134
35.04	95
34.1	129
33.49	153
41.64	1
35.38	117
33.69	106
35.33	141
33.94	127
34.85	119
34.76	205
34.61	131
34.06	141
35.77	75
33.62	109
33.43	131
38.21	18
36	101
46.13	4
34.55	69
53.47	5
39.29	2
32.34	34
33.65	136
35.56	214
34.05	59
32.98	130
34.61	182
31.8	28
33.7	108
33.5	79
35.37	127
32.1	29
34.89	123
34	143
33.34	40
33.5	142
34.03	134
46.35	12
34.55	135
34.77	133
33.73	108
40.48	7
32.48	33
35.65	116
45.2	19
34.04	141
34.64	72
34.26	145
34.53	128
34.77	117
34.57	119
34.15	130
45.27	12
48.52	5
33.48	141
35.37	120
42.72	6
34.83	120
42.12	4
34.43	104
34.91	128
33.83	134
34.25	81
33.29	68
34.56	147
33.84	137
34.19	111
33.28	145
33.78	129
33.35	141
33.2	146
41.68	0
34.24	37
41.04	7
32.87	147
34.4	139
39.54	8
44.13	23
41.92	4
41.72	4
35.25	84
34.97	128
34.02	124
38.77	3
35	129
36.25	107
35.16	127
33.78	144
34.86	110
34.3	116
40.03	7
35.52	55
44.91	1
41.69	0
41.85	8
44.27	1
41.89	5
47.31	27
35.79	135
44.16	4
33.85	40
34.4	81
34.8	96
33.6	115
35.82	70
33.19	53
34.41	52
34.37	126
33.85	42
35.15	98
34.06	90
32.1	27
33.64	134
34.15	109
34.08	132
35.29	133
34.7	91
33.53	143
35.03	91
33.46	127
36.79	123
33.95	140
33.44	72
34.82	109
34.46	66
34.41	114
32.45	21
34.41	121
34.18	123
33.97	138
34.79	147
35.03	128
34.54	175
34.56	83
34	142
34.15	124
34.42	125
32.98	120
34.6	69
34.57	104
33.34	146
46.07	3
45.93	19
41.88	16
42.96	32
48.27	11
43.27	6
46.37	25
52.58	8
43.36	41
42.85	12
44.86	32
39.97	4
41.84	11
50.84	9
35.49	139
46.56	6
49.78	6
43	13
43.98	23
43.03	16
33.55	147
34.59	78
34.82	106
33.22	146
35.19	85
33.39	72
33.97	97
34.82	94
33.11	143
34.92	131
34.73	95
34.49	65
36.91	103
33.45	135
33.42	63
34.85	104
34.08	42
33.23	55
36.12	73
36.11	73
46.3	7
56.93	10
35.38	119
48.25	8
35.91	71
52.21	9
34.38	144
33.78	132
42.87	36
37.25	16
33.93	133
35.02	118
34.23	57
33.84	63
35.76	119
43.64	3
33.56	145
33.34	81
35.38	122
33.56	147
33.48	137
34.82	99
35.08	140
35.25	123
34.26	127
34.34	147
35.16	122
33.61	100
33.38	53
34.13	195
34.12	141
46.46	17
34.71	88
34.07	142
33.58	126
34.4	124
34.42	137
33.27	146
34.64	130
35.3	83
33.85	114
34.65	194
33.47	233
35.23	135
32.79	134
31.99	29
33.28	68
36.1	120
34.78	121
34.55	95
33.9	120
35.67	142
33.82	136
34.98	140
33.72	97
34.84	101
33	140
33.84	71
33.4	143
34.08	116
34.39	116
33.35	133
33.55	142
43.63	1
34.92	135
40.63	109
36.06	93
34.88	118
34.18	135
34.92	141
33.87	115
34.24	108
33.12	162
33.55	131
33	142
31.42	139
32.66	133
33.95	94
33.21	32
33.79	128
33.8	143
43.37	7
36.21	134
34.43	118
34.55	119
34.28	146
33.36	137
33.71	125
34.23	96
35.28	102
33.59	128
35.24	132
35.23	115
33.47	116
33.65	114
33.74	110
34.26	131
33.86	133
34.2	119
35.41	123
33.6	149
42.61	1
33.55	152
33.11	150
33.73	162
37.48	15
34.02	158
33.13	159
32.92	166
49.61	8
33.67	165
34.63	135
32.87	165
33.74	166
33.99	141
33.67	127
33.93	121
33.9	153
33.11	152
34.45	145
32.89	155
34.04	163
34.26	154
33.53	148
33.11	157
32.59	165
44.96	8
33.51	140
38.81	12
33.41	150
32.7	157
34.11	154
41.46	10
35.6	136
33.74	151
33.53	155
47.5	7
37.82	22
34.34	173
37.72	16
34.57	94
33.57	122
33.84	152
34.07	74
34.61	146
34.69	118
45.92	8
37.35	63
38.46	18
33.73	154
50.21	20
32.97	149
33.37	163
33.68	166
34.65	74
34.32	220
34.33	135
34.45	133
34.52	140
33.37	163
34.68	84
34.02	83
33.54	144
34.32	158
33.12	164
34.96	132
32.89	162
32.68	133
36.62	47
51.72	24
34.08	116
33.58	153
45.53	12
32.75	151
38.33	14
37.92	15
42.27	0
35.03	151
34.06	105
36.85	310
35.45	95
34.66	34
34.28	150
32.85	97
36.48	43
37.22	16
34.66	34
37.57	16
33.63	150
33.83	57
32.96	155
33.41	146
36.4	114
34.27	127
33.89	154
32.8	161
33.77	134
45.5	2
32.68	163
35.28	119
35.51	149
34.41	152
34.53	134
32.55	147
34.94	136
34.95	91
35.38	154
34.91	139
34.46	155
34.18	141
33.92	132
33.74	144
35.58	160
34.77	118
35.4	270
33.15	154
34.65	131
34.49	160
32.66	153
34.3	165
34.17	163
34.44	136
34.61	156
34.14	153
33.98	159
45.62	4
33.1	160
35.34	302
34.8	146
35.73	157
32.83	166
34.4	133
34.27	155
33.86	155
33.63	127
34.05	158
33.68	141
34.87	154
50.45	14
35.09	152
39.98	17
33.62	158
32.79	144
33.62	158
34.09	106
32.45	157
33.27	150
42.66	3
34.35	124
33.5	115
41.79	4
34.28	162
41.24	1
34.5	112
35.01	126
38.32	28
33.66	123
50.31	7
38.7	18
43.63	4
34.45	155
37.93	31
34.81	80
44.63	3
34.33	104
33.21	302
33.85	119
32.42	159
48.73	14
41.34	79
36.54	6
41.01	19
32.51	160
38.21	93
49.81	5
40.65	8
34.54	137
34.04	151
41.57	12
33.06	163
34.35	134
33.03	158
48.18	3
34.48	165
33.72	219
34.33	140
39.69	28
43	1
33.29	146
35.1	113
35.72	77
34.64	96
38.61	39
33.46	153
32.88	312
48.99	14
41.02	90
37.43	6
37.56	31
46.09	3
33.34	116
32.81	140
33.04	120
43.08	49
42.82	54
43.2	52
42.48	12
38.47	58
42.99	3
40.77	63
33.49	75
35.2	81
32.92	164
33.98	149
33.52	166
33.09	159
50.03	13
33.9	126
33.7	155
34.31	143
34.76	134
34.18	134
34.75	81
33.2	145
33.44	124
32.34	161
32.99	158
40.34	29
33.91	162
33.91	162
46.72	7
46.51	7
46.22	13
37.75	39
33.86	151
33.79	161
34	148
35.47	302
33.62	155
33.25	151
32.87	149
37.69	13
38.1	16
37.5	13
33.46	59
33.7	146
34.54	129
34.11	112
43.93	7
43.12	1
37.93	16
42.44	8
34.2	144
40.57	9
33.76	206
43.78	5
33.81	151
39.65	25
33.87	115
35.05	98
34.22	159
32.11	161
34.5	144
35.44	77
32.91	137
51.22	5
42.85	4
34.85	160
33	161
42.08	1
