sim	len_diff
33.2	138
36.76	101
33.2	121
35.51	230
34.92	138
34.99	30
35.79	118
33.91	279
34.92	138
34.97	116
34.76	130
35.36	72
39.75	169
34.49	112
36.25	120
33.21	145
33.57	216
37.59	150
34.28	139
34.85	95
40.06	182
35.64	72
32.99	132
33.96	21
36.93	81
32.8	146
35.03	82
34.21	199
33.92	139
33.75	82
33.79	139
34.65	129
33.88	99
50.81	23
43.25	57
32.73	124
32.68	71
33.81	112
33.48	142
35.04	35
34.57	123
33.72	121
33.39	80
31.75	145
32.6	124
33.22	117
42.9	67
38.1	35
38.1	35
31.92	125
32.67	127
33.89	230
32.18	133
31.85	139
33.54	101
33.54	101
31.85	146
36.18	102
35.57	142
35.07	139
32.1	138
32.18	287
33.96	37
34.23	118
33.31	131
34.39	123
33.58	127
32.98	143
36.68	62
33.52	134
39.23	101
32.94	141
32.94	141
32.63	192
33.19	163
34.75	101
48.28	33
34.07	127
33.34	127
32.03	146
35.47	69
34.33	238
36.85	94
35.31	133
35.84	103
36.85	98
33.73	135
34.05	132
34.73	48
35.13	111
38.14	79
35.47	115
33.18	123
34.18	185
32.94	141
33.9	144
33.28	102
33.14	140
33.48	198
36.17	90
36.85	96
37.75	46
34.01	133
34.96	107
32.56	143
35.6	95
36.92	122
32.58	123
43.78	59
39.78	198
33.69	122
31.73	128
42.84	49
33.59	126
33.67	142
34.83	69
35.44	61
34.93	123
35.49	89
41.18	157
44.03	70
41.38	158
36.26	141
35.18	112
35.25	61
33.96	134
33.42	146
36.73	116
34.65	123
37.41	65
34.15	129
43.12	64
33.65	140
32.17	107
34.97	47
34.14	120
32.63	140
34.84	87
35.44	113
33.47	29
35.1	88
32.28	76
34.2	22
35.44	154
32.83	134
33.49	109
32.91	138
32.09	219
32.93	138
33.91	130
34.39	82
34.39	82
34.52	163
32.88	121
48.5	34
33.14	125
34.12	144
32.94	236
33.02	18
34.92	68
33.73	143
35.41	131
33.95	129
47.65	34
33.57	134
34.39	109
33.02	18
33.02	88
50.1	30
33.05	112
33.84	53
40.96	98
35.31	95
34.11	87
33.41	52
33.43	143
49.85	35
50	35
31.72	141
33.69	124
34.5	125
33.92	152
32.65	132
35.5	76
32.53	141
34.24	144
33.85	131
31.59	146
34.24	9
33.66	141
33.79	124
35.33	128
35.84	92
37.34	105
31.35	141
34.2	94
37.14	96
34.32	115
33.04	108
35.58	140
34.52	141
33.9	145
34.72	119
34.69	123
33.27	124
34.1	143
43.54	63
33.71	133
36.06	28
35.17	85
36.98	103
33.99	116
31.92	132
31.51	140
34.33	115
34.44	133
32.65	144
34.85	56
33.97	142
34.71	42
42.78	61
31.9	102
34.61	69
32.53	136
32.26	140
33.75	123
33.52	132
49.98	30
34.51	144
32.19	92
35.11	72
33.91	53
33.81	53
35.16	68
31.51	146
32.79	129
31.45	136
33.55	226
48.88	33
31.51	124
31.89	122
33.08	52
33.23	134
32.65	125
32.98	137
32.38	138
33.21	245
33.35	131
35.2	231
33.33	128
32.14	140
34.27	122
34.92	121
34.23	42
33.52	140
32.63	128
32.73	131
32.33	137
33.63	127
33.81	53
34.67	40
32.18	28
34.3	228
35.91	98
32.84	135
33.06	131
47.57	46
31.48	146
32.66	136
33.44	145
33.89	143
34.08	137
32.91	143
40.89	163
42.46	51
34.32	233
36.14	97
33.39	139
37.68	85
33.66	31
34.55	249
35.03	95
34.01	128
34.33	139
34.82	121
40.07	167
33.6	138
35.61	116
33.55	128
35.43	98
36.15	137
34.85	47
33.43	126
35.57	93
33.18	140
34.25	133
39.75	196
34.3	15
33.85	264
33.58	143
33.53	110
34.79	115
35.56	116
36.67	82
35.73	129
34.53	138
35.2	134
35.03	92
37.01	94
37.73	118
36.26	120
33.89	250
36.31	40
37.44	121
33.28	138
33.39	146
34.59	129
34.58	140
38.97	113
33.15	138
35.95	93
34.5	146
35.31	136
34.99	145
33	137
33.13	136
35.41	134
34.35	144
35.79	56
35.56	112
36.14	103
33.72	139
37.86	93
34.68	103
35.9	94
34.38	83
34.7	35
35.93	84
35.73	141
39.92	53
36.07	129
37.24	24
35.6	57
34	139
35.99	108
35.12	146
33.4	135
35.66	104
51.67	25
33.56	106
32.55	97
33.39	165
34.26	194
32.1	114
33.23	125
34.57	62
34.23	136
32.17	30
34.06	85
34.64	221
36.17	225
35.45	122
35.6	115
36.17	42
37.99	74
35.58	51
33.41	128
46.3	57
35.69	122
35.17	95
31.69	27
33.18	102
35.21	189
33.31	127
36.08	123
33.33	99
33.55	121
35.08	107
34.96	84
32.85	70
34	89
34.14	160
33.55	112
31.73	109
34.61	114
33.43	223
34.79	171
33.44	112
34.23	113
32.59	106
34.13	120
36.21	38
36.43	55
37.83	75
36.21	39
36.68	102
59.36	19
37.31	100
34.23	13
36.43	123
36.38	42
39.69	45
35.34	107
36.13	101
39.53	66
36.78	97
36.07	181
36.76	105
36.25	114
36	129
33.84	87
33.3	126
33.68	218
35	120
34.19	71
34.61	219
34.1	153
34.03	33
32.79	4
33.62	84
34.51	94
33.89	164
32.93	112
33.52	102
34.72	183
34.99	101
34.53	195
35.06	151
35.58	129
33.53	114
37.16	120
35.1	43
35.93	57
35.19	178
36.39	113
35.5	78
34.82	25
37.8	115
35.54	108
36.59	74
34.56	129
37.48	135
37.79	116
39.33	89
35.65	63
33.94	110
36.42	120
38.63	85
36.65	63
34.51	120
35.62	120
33.89	50
34.07	87
35.57	158
35.31	52
35	33
33.92	44
35.05	72
35.03	37
34.13	223
35.59	113
36.13	114
35.67	86
36.69	121
37.11	125
36.74	71
36	89
38.98	55
36.26	113
34.58	74
32.5	32
33.78	91
34.17	95
32.3	122
32.24	34
31.28	29
34.73	58
33.7	33
35.53	113
33.57	96
33.08	105
35.5	148
30.46	29
35.52	102
32.95	125
35.38	90
32.34	126
33.33	116
33.74	83
34.17	122
35.89	207
36.98	96
35.28	132
34.05	38
35.85	54
37.84	116
35.87	95
36.56	146
35.92	90
34.38	126
34.11	99
33.9	87
33.31	125
32.74	210
30.15	15
33.7	121
40.77	25
32.58	47
33.85	76
31.8	114
37.28	117
38.4	76
36.68	105
37.37	74
37.12	84
36.68	117
34.17	124
35.06	70
36.39	65
35.89	106
32.23	115
33.73	69
32.03	117
33.56	56
35.05	126
35.83	70
36.51	114
33.68	102
34.34	79
35.14	160
31.3	17
34.42	118
34.42	118
31.98	128
33.14	114
32.52	31
37.57	20
34.15	162
32.29	109
31.58	122
38.56	114
37	124
36.83	181
37.45	48
37.23	200
36.62	128
35.89	116
37.19	129
37.26	110
36.68	223
33.7	128
34.36	126
33.06	49
36.79	48
36.39	110
33.22	7
37.93	46
45.6	25
36.03	84
35.83	58
34.32	126
35.53	148
42.01	13
34.21	196
35.33	67
34.6	58
35.06	94
34.23	127
33.66	127
34.44	112
35.74	127
36.93	101
35.94	126
35.48	117
37.33	88
37.2	90
37.55	85
36.19	120
36.79	107
36.44	77
33.66	60
33.2	131
32.88	37
35.03	74
34.18	219
33.59	81
33.54	181
33.37	232
34.06	79
33.28	111
36.43	101
35.79	84
37.18	88
37.13	129
34.62	125
36.63	36
34.25	122
35.09	126
37.76	176
35.54	127
35.11	120
36.21	127
33.52	23
33.54	62
35.84	111
50.37	20
33.82	45
36.15	130
35.76	96
35.54	114
35.68	172
38.35	136
35.9	72
35.62	177
36.83	90
35.71	184
36.32	122
34.89	29
34.46	117
34.79	129
33.58	211
33.2	82
35.36	121
33.43	191
34	124
35.06	192
34.27	93
34.63	49
33.86	42
34.51	224
34.7	41
35.06	139
33.79	121
33.59	32
33.98	100
34.02	90
34.96	85
35.84	125
34.66	124
36.19	38
36.79	42
37.39	57
35.38	226
36.5	100
36.44	68
37.17	80
37.46	102
36.86	108
36.36	105
36.14	120
36.58	82
36.59	186
36.83	61
35.91	104
37.67	87
34.29	122
37.38	86
35.8	128
37.69	72
37.59	42
36.2	108
36.54	111
37.31	71
37.14	95
35.82	125
37.02	128
37.83	129
39.28	87
35.05	118
35.82	163
35.3	160
35.21	93
31.98	38
33.35	51
34.66	77
36.01	48
39.29	25
35.27	111
36.45	75
33.65	98
35.97	112
36.12	84
35.33	81
33.77	102
35.67	109
34.49	102
35.07	104
37.14	62
34.84	66
35.59	75
32.87	220
31.64	129
34.69	115
34.72	159
31.89	110
34.6	84
33.18	84
32.8	33
32.87	232
32.9	232
34.37	212
33.94	229
34.63	97
34.34	126
34.21	22
34.27	42
35.58	108
34.3	93
38.52	104
36.25	119
35.87	102
36.72	109
35.52	14
38.4	123
37.2	86
36.83	105
36.04	48
36.67	126
33.32	117
36.23	112
34.34	191
32.98	92
34.67	154
32.74	65
31.4	9
33.16	129
34.15	127
32.72	84
33.16	68
33.89	99
34.97	162
34.43	206
34.28	115
32.32	191
33.6	22
33.01	206
32.59	113
32.51	85
34.98	100
32.94	35
32.81	119
34.23	119
33.86	77
33.44	121
33.37	122
33.67	194
34.77	106
33.59	77
33.51	90
33.17	117
35.06	78
35.28	12
36.83	78
36.84	88
35.43	71
36.68	104
36.62	79
35.18	117
37.65	101
35.42	118
33.38	127
33.25	81
31.44	59
33.37	102
32.65	116
34.42	171
33.43	50
32.99	91
34.03	104
34.84	120
35.28	47
34.68	129
35.19	79
36.33	119
36	131
34.98	107
33.75	52
35.7	121
35.23	212
35.86	64
33.07	63
35.34	220
35.16	98
35.7	53
34.54	92
33.52	63
33.26	5
33.78	63
34.5	110
36.19	93
33.39	69
35.66	104
36.09	88
37.3	122
47.16	29
34.29	115
34.24	199
35.15	57
34.79	57
34.81	29
35.44	105
32.6	68
33.72	132
32.54	106
33.55	52
33.92	110
32.47	108
30.93	192
34.07	218
33.47	87
36.09	149
34.01	162
33.9	109
36.15	79
34.5	116
32.67	49
35.04	151
34.51	55
35.97	92
34.74	189
37.57	45
38.82	56
36.4	98
56.33	8
36.92	84
36.02	114
36.19	129
36.42	93
36.48	90
37.58	81
35.5	119
34.31	39
36.35	37
35.58	117
34.29	129
33.91	89
33.28	114
37.5	84
35.22	112
36.19	118
33.41	121
35.18	93
34.73	36
33.45	119
36.3	77
32.37	101
32.8	97
36.15	77
36.3	77
34.14	110
36.09	94
35.04	120
35.33	127
42.38	108
35.05	129
35.91	152
33.34	20
34.26	123
35.2	102
35.77	112
35.35	118
35.65	128
37.15	81
36.05	66
34.53	108
36.06	102
35.1	91
36.56	73
37	73
37.6	70
35.95	127
35.94	47
35.8	12
33.97	129
36.82	93
36.28	53
35.34	95
37.04	90
36.09	124
38.51	88
35.35	101
36.29	114
37.11	103
36.79	127
37.98	62
36.79	56
37.39	76
35.19	226
37.22	91
37.39	124
35.14	88
34.44	153
35.01	50
33.56	169
36.72	155
34.03	158
32.22	96
34.44	186
36.18	154
33.79	110
36.02	119
36.24	35
35.15	115
35.06	115
40.82	147
36.17	81
35.22	122
34.68	122
35.88	48
34.5	122
33.73	109
36.43	111
35.12	127
36.56	107
37.04	95
35.91	124
36.27	126
35.9	150
35.82	158
35.89	33
33.4	118
35.41	106
35.79	132
33.53	123
36.92	67
33.71	122
34.19	119
35.82	109
34.05	118
34.7	120
33.18	51
33.67	13
33.14	127
35.58	90
34.65	118
32.95	15
33.33	39
34.72	109
36.46	54
34.07	73
32.98	95
34.03	129
34.5	122
34.06	129
36.51	93
34.14	209
34.81	61
34.52	105
35.29	97
35.93	100
33.58	118
33.8	46
34.42	118
35.31	113
36.41	111
36.26	71
34.54	114
36.2	55
34.52	54
34.67	189
35.38	107
37.54	92
35.47	224
36.22	28
36.86	123
37.53	40
35.27	228
36.07	121
36.52	217
36	57
34.23	21
34.98	223
34.63	37
35.66	78
36.45	122
33.83	107
34.54	106
36.01	98
34.51	205
34.11	119
34.42	100
34.67	169
33.1	89
33.99	30
34.54	74
32.91	20
35.48	98
33.5	158
33.47	55
33.07	224
35.03	91
35.29	116
32.43	71
34.75	101
35.67	122
34.32	33
35.02	96
33.51	124
34.6	46
34.18	102
35.3	101
34.46	123
34.22	121
35.14	79
33.5	37
37.27	91
35.3	101
34.14	125
36.42	84
36.76	187
34.8	127
34.77	33
33.46	115
34.23	109
35.72	122
33.54	126
35.9	50
35.05	206
34.45	123
35.72	55
34.89	120
33.65	123
34.47	210
35.64	85
35.74	115
34.33	124
34.03	185
36.8	104
35.5	79
34.47	210
36.46	66
35.77	112
35.53	90
34.47	97
35.17	41
35.91	122
35.79	114
34.99	24
34.52	137
35.71	107
33.03	63
33.69	61
36.99	66
35.04	171
34.5	120
33.2	123
33.12	103
39.34	25
35.02	74
36.21	110
32.29	129
32.76	123
34.06	229
32.36	110
33.48	72
33.69	113
33.95	119
32.89	78
33.88	88
34.98	72
33.79	51
35.33	78
36.27	55
33.86	177
33.51	165
32.88	143
33.83	111
35.05	114
33.81	177
32.28	128
36.19	105
35.27	219
36.37	99
35.83	85
34.44	91
35.43	124
35.81	89
36.01	47
36.28	121
35.88	43
35.13	186
33.95	125
34.5	142
33.18	119
35.2	122
34.19	11
35.35	165
33.83	114
33.28	52
33.76	181
35.58	61
38.19	93
34.5	95
35.57	183
35.49	221
36.18	94
38.46	97
39.4	95
36.91	124
37.38	134
35.34	192
35.02	78
33.89	83
35.05	88
33.87	48
34.85	104
34.93	61
36.04	113
35.28	114
35.83	36
33.67	126
32.98	121
34.29	174
36.09	102
35.85	144
34.97	76
35.53	115
32.98	124
32.5	107
34.03	99
32.9	123
33.73	98
36.09	85
34.98	106
35.31	66
34.04	86
35.08	18
34.42	126
34.04	56
36.42	64
54.04	59
35.22	64
37.61	95
35.43	128
34.24	129
35.1	54
35.42	103
37.17	90
35.93	35
35.27	175
34.69	116
32.29	120
35.24	93
34.17	45
33.08	74
36	80
33.96	105
32.6	88
34.78	46
32.12	124
34.05	176
33.66	44
36.16	92
34.19	81
35.69	136
34.69	113
34.83	164
35.09	97
34.37	93
36.05	74
36.93	81
36.19	201
54.42	8
36.51	47
36.52	186
64.03	2
35.12	128
36.74	40
35.8	126
35.39	128
36.95	114
37.47	64
36.7	77
34.65	16
36.39	105
33.02	6
36.28	72
36.23	62
36.55	72
35.61	73
34.23	129
34.23	129
32.21	121
33.64	120
34.4	128
35.9	78
36.1	124
35.95	122
33.32	29
33.68	185
34.88	84
34.22	100
35.54	114
35.54	163
34.21	104
34.67	129
50.45	16
42.17	110
34.91	47
33.65	116
34.62	130
35.43	195
35.69	96
35.86	86
34.26	127
36.15	81
35.15	216
34.6	72
34.79	30
34.52	107
36.86	99
34.14	124
33.9	100
32.47	129
33.84	124
35.34	120
35.7	125
35.95	97
34.99	113
33.76	102
37.08	48
37.7	112
35.94	108
36.1	166
36.78	124
37.14	95
35.85	101
36.48	104
37.25	119
37.41	120
48.54	53
35.41	108
35.36	28
37.08	75
33.36	115
37.02	124
33.39	126
40.07	19
49.61	111
35.22	60
47.52	33
35.26	108
37.16	103
34.33	127
35.74	124
35.37	171
35.66	151
36.02	117
35.34	110
45.07	16
34.11	175
34.62	91
33.96	79
34.69	114
36.66	90
33.84	117
34.97	60
33.52	122
35.6	111
34.28	142
32.88	16
33.43	62
33.91	81
35.02	100
34.54	116
35.78	98
34.77	86
33.69	22
35.59	83
33	123
34.34	106
35.21	92
36.48	144
36.53	101
34.92	125
34.96	121
34.96	72
35.7	194
34.91	111
35.92	65
35	119
35.95	105
35.69	84
35.68	103
34.37	126
37.09	105
38.44	67
36.59	126
34.64	53
36.09	173
34.8	112
33.53	86
35.1	178
32.55	121
32.51	53
35.42	97
35.08	79
35.66	75
34.03	114
36.34	86
33.66	104
35.44	120
33.86	222
33.94	158
32.94	127
33.38	117
35.02	172
33.85	217
33.29	125
34.98	168
47.53	12
49.66	8
36.2	78
34	94
33.88	164
35.06	102
32.37	126
34.9	34
34.1	99
35.6	41
33.4	109
33.75	83
35.6	60
33.72	191
33.14	42
35.29	38
34.19	175
33.29	42
34.91	138
32.93	110
34.86	123
33.55	40
33.6	115
36	97
35.1	98
33.06	231
34.91	75
35.53	151
33.74	122
33.03	127
34.74	212
34.64	94
34.14	62
35.15	88
34.81	102
34.65	158
32.42	125
34.11	118
33.76	94
33.13	95
36.18	135
35.74	122
36.16	94
35.79	114
36.97	70
35.37	76
36.4	99
36.16	56
35.35	128
35.5	51
32.49	124
32.56	108
32.7	123
36.43	63
35.52	218
36.2	95
34.47	211
32.54	110
36.61	70
35.6	128
35.41	44
36.42	113
36.58	103
35.92	99
34.33	123
37.42	50
36.65	124
35.77	41
34.85	122
35.78	120
35.34	212
37.01	64
33.39	113
36.56	112
36.74	71
37.59	91
34.59	128
36.4	143
36.58	96
37.18	125
32.63	72
33.97	109
33.07	78
34.36	121
33.54	76
33.92	66
34.43	68
34.82	146
34.65	131
33.37	25
33.11	119
32.49	64
32.99	177
35.09	76
33.21	145
34.42	109
32.43	110
31.68	5
32.32	61
31.22	116
35.57	30
34.78	88
33.52	129
35.85	96
33.59	129
35.6	89
37.09	106
34.77	210
35.53	159
34.03	120
33.68	81
34.6	119
36.23	54
32.15	127
34.29	123
33.52	95
34.46	105
34.68	87
33.89	101
34.22	76
33.67	127
30.91	8
34.87	160
34.5	83
34	186
35.19	111
36.43	155
32.76	121
34.93	206
32.94	124
31.85	114
34.41	76
35.44	83
33.13	121
33.71	114
32.22	97
32.88	127
33.43	94
32.16	73
32.65	81
34.12	114
35.09	106
35.4	122
35.21	39
34.96	86
37.2	112
36.86	73
35.98	102
34.37	83
32.97	117
36.61	100
53.5	18
37.4	106
36.72	111
37.05	114
37.3	55
36.61	82
36.69	206
35.62	91
36.44	115
35.72	90
34.75	108
36.12	109
33.43	35
35.25	99
37.85	79
35.15	181
35.48	108
34.79	121
33.29	117
34.99	40
33.53	119
36.9	65
35.73	230
36.46	84
35.01	108
35.93	50
34.67	133
35.62	170
34.26	36
33.14	65
33.02	69
33.62	213
35.43	55
32.67	119
34.4	61
34.23	167
32.76	109
34.93	88
31.83	115
34.38	122
35.28	40
34.64	114
32.62	66
33.61	101
33.62	52
35.95	33
36.7	98
32.21	125
34.55	100
37.27	93
38.39	92
37.24	112
36.36	114
36.11	163
36.72	113
38.23	91
37.71	84
35.84	226
35.76	117
33.46	220
34.38	183
33.61	206
33.89	74
32.61	118
34.6	100
33.63	39
35.34	56
34.1	146
34.16	86
36.33	73
36.57	60
35.41	126
34.06	126
36.03	122
36.84	182
38.2	130
36.81	77
34.82	113
37.44	39
35.35	55
34.06	222
34.5	222
34.02	128
35	99
34.58	161
35.07	117
32.62	120
32.16	126
31.94	92
35.18	97
32.66	121
36.57	72
34.58	127
35.78	125
35.37	183
33.7	118
35.41	95
36.04	98
35.27	113
33.56	45
34.94	111
35.04	181
34.52	107
33.52	117
34.85	63
34.9	24
34.67	123
35.35	119
37.9	79
32.69	117
31.25	6
32.62	37
33.42	54
34.03	221
34.17	83
34.83	37
34.72	138
34.08	160
31.69	50
33.62	37
33.77	116
34.49	117
33.83	69
35.66	138
34.64	150
31.11	40
32.94	127
34.98	201
34.71	218
34.88	80
34.87	124
33.45	120
34.5	81
33.77	123
34.69	89
33.6	86
34.39	125
34.81	42
35.33	47
36.11	82
35.69	103
37.67	41
37.61	96
38.35	77
37.34	104
35.9	127
36.01	102
34.89	224
35.19	115
36.59	110
38.71	79
36.91	79
36.32	73
35.61	72
36.75	121
36.64	91
35.5	123
37.54	73
37.1	85
35.85	110
36.78	71
35.83	83
35.25	27
35.19	127
36.54	98
35.39	112
36.29	41
37.97	70
37.86	95
34.52	76
34.12	65
51.21	29
38.8	61
36.14	124
35.97	63
36.2	128
36.1	101
36.96	87
35.48	58
34.7	126
35.85	196
35.21	104
35.88	107
35.88	41
37.9	106
34.6	106
35.64	201
36.26	94
35.42	221
36.79	81
35.11	48
35.49	126
38.09	59
36.78	97
37.23	105
35.97	171
38.43	68
37.08	122
37.9	80
35.32	121
37.02	98
36.32	46
35.37	128
36.07	160
35.97	233
36.49	148
36.2	112
37.29	78
36.15	125
35.09	119
35.81	110
35.54	128
35.68	115
35.49	188
38.46	78
35.53	117
55.2	43
36.57	120
34.31	54
35.62	120
36.09	37
35.73	119
36.5	80
36.84	63
36.95	100
36.44	87
38.23	62
37.02	105
35.94	45
33.27	36
34.81	125
31.67	7
34.3	58
33.86	86
35.6	111
34.6	173
36.78	56
35.08	117
33.13	10
34.77	164
35.75	107
32.28	125
32.2	31
34.31	86
34.03	115
34.3	98
34.5	58
34.31	83
35.35	45
34.44	30
36.27	114
33.73	103
36.1	127
34.01	159
34.68	109
33.78	111
36.41	131
36.64	136
34.59	126
33.65	101
34.3	122
33.12	47
35.39	116
35.55	89
36.06	110
34.9	126
34.9	126
35.64	113
33.23	34
35.46	30
35.29	125
35.55	16
36.95	95
36.45	110
37.54	72
37.52	90
37.76	59
35.93	93
37.67	119
36.94	184
36.14	116
36.4	76
34.96	85
35.81	79
35.99	123
34.86	121
36.71	176
36.49	126
36.25	89
37.47	94
36.92	118
35.84	120
38.05	69
38.08	51
38.18	76
36.58	156
35.28	70
38.33	99
37.03	106
33.9	126
33.5	113
34.33	115
33.8	96
35.28	70
33.68	88
32.86	94
34.66	98
33.3	31
35.14	145
35.11	129
36.7	57
36.23	119
36.42	109
37.18	64
37.76	90
38.11	113
36.25	94
35.88	232
35.96	110
34.93	114
36.94	79
35	38
36.03	71
36.92	59
34.48	98
34.73	98
36.75	86
35.81	88
34.41	3
35.32	2
34.4	129
36.62	40
35.59	66
35.33	111
35.34	26
35.66	148
36.37	59
34.26	99
35	85
34.05	106
34.54	115
34.55	71
35.03	184
35.82	125
35.01	104
35.67	113
35.2	86
35.31	48
31.95	124
35.55	116
52.38	15
36.44	100
36.56	74
37.28	79
36.04	112
36.69	104
36.32	127
33.91	175
36.25	122
35.17	103
35.77	161
34.43	88
37.24	173
36.13	146
37.68	125
35.6	102
36.25	121
33.32	75
36.27	81
37.09	94
34.96	107
36.68	117
35.73	108
34.61	44
36.19	104
36.4	86
35.42	83
46.68	31
36.21	116
34.58	23
34.7	14
36.74	70
36.87	198
33.58	129
34.09	124
36.4	87
36.39	113
37.17	81
35.83	121
33	106
35.14	127
36.3	89
34.46	67
33.68	129
34.72	47
34.94	127
33.95	117
33.34	34
33.09	25
35.34	120
37.5	73
37.33	89
36.33	122
35.99	90
35.2	132
35.86	79
36.84	159
36.31	78
37.35	84
34.62	171
33.35	112
34.92	116
33.38	109
34.07	125
34.12	115
36.46	176
31.91	73
34.05	44
34.62	215
32.25	33
33.95	39
34.17	39
34.58	110
32.69	147
34.19	77
33.05	122
34.62	134
35.87	147
34.07	196
35.1	128
38	150
37.52	73
35.21	45
35.23	104
35.01	114
35.64	94
35	64
35	64
36.46	81
37.59	98
35.22	199
35.32	28
37.38	91
37.08	148
35.45	117
34.66	111
36.89	78
36.37	99
36.11	40
36.86	48
35.03	73
35.91	126
34.35	113
35.08	128
36.57	63
36.1	87
36.68	115
54.69	29
36.31	160
34.47	103
35.2	127
35.05	98
35.56	82
34.89	111
34.95	106
35.69	119
34.65	114
33.29	120
34.1	66
36.89	39
35.75	122
35.46	98
35.92	77
35.71	114
35.93	102
35.19	110
37.33	94
37.19	79
38.05	85
35.25	112
35.26	107
34.24	231
35.5	55
34.53	123
35.44	117
33.61	219
34.89	83
35.15	111
35.4	127
33.68	111
34.26	221
33.79	110
33.58	129
34.22	119
33.48	122
32.36	101
34.81	88
34.85	69
34.02	122
34.2	66
34.87	129
34.48	86
34.9	127
35.98	163
35.11	86
34.08	115
34.89	33
34.75	71
34.72	66
35.89	59
34.04	89
34.23	210
33.7	123
34.41	100
32.58	129
34.4	115
35.45	94
35.22	41
33.85	84
36.62	73
35.27	205
35.53	159
35.59	116
35.28	121
36.32	64
35.2	80
36.57	176
36.32	107
49.86	37
35.38	115
35.15	87
33.5	43
35.46	107
34.38	214
34.52	119
36.91	111
36.76	98
35.81	84
36.27	62
34.14	123
34.58	46
33.98	59
34.31	154
35.57	96
32.51	31
33.45	125
34.77	104
33.46	102
32.75	128
33.92	118
34.13	92
34.37	225
34.87	158
35.34	113
35.38	46
35.57	38
34.25	111
35.84	125
35.04	75
34.54	224
33.66	40
35.55	75
36.14	120
34.74	126
34.58	90
33.27	17
36	134
36.55	104
33.64	125
52.97	34
34.75	17
33.37	2
36.74	111
33.43	114
35.9	60
35.19	100
34.57	120
36.71	89
35.33	69
37.65	108
51.87	12
42.68	52
38.59	87
34.85	117
34.43	109
35.48	114
36.9	160
37.99	114
37.07	106
34.83	67
32.34	105
33.8	122
35.24	33
33.84	125
34.96	134
32.71	41
35.44	83
32.75	121
33.79	107
35.74	47
35.29	166
35.29	128
35.03	109
52.61	22
33.03	21
35.82	100
38.13	82
35.92	117
35.61	127
34.34	126
31.26	118
32.3	127
33.94	126
34.17	77
34.74	107
32.63	26
34.08	38
33.28	103
33.89	97
36.41	94
35.67	100
35.92	187
35.11	117
36.03	53
36	233
34.05	115
35.49	102
37.47	156
42.7	63
34.47	80
35.43	117
35.55	193
34.48	63
31.6	129
34.95	145
33.97	119
33.78	119
34.49	38
33.23	123
34.7	124
33.92	129
36.28	198
36.46	101
36.08	56
34.18	55
36.53	160
32.99	31
35.02	192
35.97	58
36.46	55
36.28	110
32.97	45
33.66	161
33.91	123
34.48	82
30.97	7
34.61	110
33.16	28
32.88	113
34.34	230
35.17	99
33.93	112
35.92	214
34.82	127
33.32	29
35.16	115
34.39	119
32.79	125
34.52	125
36.42	80
35.72	83
34.56	67
37	93
36.49	125
35.92	101
36.34	96
35.88	82
53.09	9
35.97	12
35.57	129
34.5	107
35.81	119
35.36	112
34.18	99
35.43	106
32.35	120
36.15	165
35.09	83
38.22	88
31.84	127
34.88	90
35.45	167
33.76	178
35.5	75
33.07	99
34.71	92
34.75	76
36.03	82
34.23	26
35.21	112
34.65	61
46.32	13
35.76	103
53.8	46
34.87	122
35.38	38
35.45	109
33.77	127
37	91
36.92	41
37.57	91
37.34	100
35.92	111
36.76	65
37.48	42
37.96	100
36.44	205
35.66	73
35.98	123
45.55	134
32.65	101
34.52	102
34.83	121
35.4	106
33.67	41
35.23	127
35.38	75
35.3	175
36	98
34.36	98
32.48	42
34.48	43
32.13	8
33.86	59
33.27	128
33.7	174
34.01	74
32.67	20
35.4	100
36.17	87
35.11	226
34.51	116
35.95	104
35.04	183
33.53	123
35.01	34
35.81	84
31.99	29
34.3	158
34.68	125
33.08	17
52.65	27
33.42	120
34.13	118
34.86	116
36.08	90
33.52	25
36.15	105
36.84	124
36.98	110
35.68	109
33.66	129
36.15	51
37.78	144
34.41	77
35.55	44
36.03	114
34.86	77
37.62	67
31.95	31
32.7	11
35.27	223
33.04	4
35.01	119
36.94	82
34.78	85
46.9	17
36.13	73
34.78	96
45.47	17
37.03	45
38.9	73
36.62	106
35.91	120
36.65	133
35.92	126
35.07	193
36.63	83
36.09	52
35.1	54
36.97	89
33.95	76
33.91	98
33.01	120
35.73	55
34.2	128
36.26	97
35.2	96
34.7	128
33.66	120
35.35	92
36.07	93
36.68	97
35.89	95
36.81	194
34.66	74
35.97	114
36.4	107
35.47	48
35.4	70
33.63	115
34.22	33
32.68	123
35.3	187
34.07	178
33.44	115
32.07	73
34.77	85
34.49	133
37.26	85
38.19	102
37.59	74
36.29	85
38.36	74
35.87	122
37.06	88
37.78	98
35.21	118
35.34	115
35.13	61
34.37	127
34.11	213
33.75	106
32.97	9
32.68	33
32.37	112
31.78	27
33.06	126
34.23	67
33.05	47
33.3	80
34.86	89
31.81	125
33.24	76
34.58	194
31.65	49
34.23	217
34.53	69
34.5	174
36.17	76
36.25	155
36.52	111
35.19	128
36.54	219
37.24	92
36.39	84
35.91	124
35.45	52
37.09	86
34.03	128
36.7	72
35.26	115
37.13	83
36.06	108
36.41	182
36.52	45
37.22	91
34.77	17
35.27	67
35.7	162
36.94	93
35.47	163
35.57	44
35.13	86
36	124
35.11	100
36.53	51
36.25	111
34.34	78
33.96	210
35.16	121
33.61	103
34.51	106
35.33	131
33.6	93
32.81	112
33.8	106
32.55	121
30.47	18
35.33	186
33.49	211
34.61	158
33.19	94
34.65	43
34.33	51
33.08	195
33.81	72
33.46	42
34.02	126
34.96	62
32.68	125
32.58	115
34.47	219
33.98	114
34.38	103
33.76	163
31.89	7
32.35	45
33.76	84
34.28	120
37.36	83
34.95	22
36.91	126
36.02	42
34.91	90
35.17	221
34.79	48
34.71	119
35.61	77
34.07	157
35.1	108
32.58	32
32.61	127
35.11	62
34.29	105
34.7	88
36.36	30
34.92	104
32.92	8
34.52	78
31.88	61
35.81	102
32.39	126
32.22	31
33.03	50
33.11	44
33.22	124
32.82	114
34.67	40
33.28	100
33.98	111
32.63	78
32.66	40
33.33	88
35.25	66
32.1	120
36.12	94
33.35	76
33.53	79
34.67	219
35.85	113
35.71	114
35.42	65
36.02	168
35.86	42
35.75	228
35.81	112
35.2	126
34.79	102
35.49	136
36.88	65
35.48	185
34.91	110
37.52	88
35.18	75
37.69	102
35.6	122
34.5	128
34.13	25
35.85	110
33.47	128
35.43	34
34.31	90
34.08	175
36.39	133
35.31	139
33.57	73
36.52	123
35.8	38
35.19	176
34.25	85
34.67	116
34.37	112
35	24
34.24	105
34.87	102
36.03	144
34.77	118
34.77	50
36.52	106
43.65	20
37.95	90
35.51	211
35.35	123
37.12	114
63.51	2
36.85	51
36.31	112
100	0
33.08	112
36.37	126
33.23	43
33.85	83
34.88	111
34.17	118
35.59	121
34.51	49
35.4	47
35.46	157
35.92	121
34.22	129
33.74	124
37.31	84
35.92	125
35.11	72
35.8	175
36.51	126
34.79	69
35.65	89
35.32	62
36.39	82
37.34	116
35.56	103
36.06	197
34.6	82
34.49	113
36.21	132
34.57	113
34.71	125
34.27	76
33.15	101
32.04	94
34.32	180
32.62	118
32.44	38
32.51	115
33.88	15
34.02	109
35.29	143
34.4	193
34.48	101
33.49	114
34.67	85
35.21	86
33.91	174
34.9	178
33.8	90
35.34	115
33.08	123
34.69	216
34.45	114
34.45	114
34.45	114
34.43	126
36.77	78
33.5	61
34.77	60
34.45	114
32.84	96
35.04	60
34.75	97
34.6	188
33.05	120
34.59	48
34.09	170
34.3	83
34.82	111
35.03	96
34.21	16
33.6	118
32.25	121
33.22	36
34.33	200
35.55	113
35.52	75
36.32	160
35.38	74
33.86	87
32.45	32
32.96	40
37.04	55
34.19	56
34.64	223
35.11	62
33.77	197
32.17	104
34	83
34.55	124
33.38	129
33.55	126
35.34	79
35.2	46
34.77	95
33.64	127
33.75	124
36.06	43
36.03	94
34.89	60
32.32	128
31.86	27
34.36	219
34.44	179
35.78	90
32.46	110
32.21	129
34.72	95
34.64	73
32.1	27
32.97	27
36.91	135
35.09	68
34.95	107
35.88	172
35.16	111
36.91	86
34.42	46
34.27	97
35.8	59
35.59	136
36.11	128
35.82	123
36.93	72
33.46	57
35.7	82
34.08	104
35.16	79
35.57	88
35.37	102
47.86	18
32.58	72
36.47	74
33.07	121
34.17	125
35.88	130
31.35	9
34.43	110
35.15	115
33.46	111
34.07	91
35.79	74
49.54	9
36.42	120
36.63	99
36.5	102
34.97	116
34.95	122
36.9	111
34.45	33
35.82	33
33.27	28
34.58	216
34.41	114
34.66	117
34.41	114
34.41	114
34.82	126
34.88	58
34.63	114
32.75	96
34.07	39
33.45	120
34.76	155
35.27	62
34.29	200
35.19	95
34.37	54
33.7	114
36.16	133
33.93	97
31.86	125
34.18	224
34.78	127
35.71	135
33.67	117
33.32	117
34.4	52
31.69	128
33.88	66
35	98
33	28
34.58	216
35.4	55
35.64	117
33.3	115
34.19	119
33.51	159
32.98	126
34.66	117
34.8	126
35.88	104
35.35	53
35.38	117
33.31	125
34.79	68
37.59	89
34.23	112
35.83	95
34.71	177
34.17	112
35.38	130
34.16	114
33.82	63
34.33	155
34.41	150
34.08	123
34.54	109
36.33	124
35.17	24
33.84	189
36.81	215
36.79	71
37.35	118
37.08	34
36.69	127
36.59	85
36.49	103
34.53	81
36.32	122
37.61	119
36.41	122
38.45	84
36.19	99
38.75	100
35.41	46
37.43	77
37.22	114
37.35	64
35.95	185
37.11	179
33.48	127
34	105
33.91	100
35.87	152
32.27	105
33.79	57
33.33	100
33.3	55
33.27	78
35.61	202
33.56	105
32.98	122
35.94	55
33.5	126
33.68	121
33.86	25
35.53	74
35.07	105
35.36	170
33.26	110
35.42	123
36.15	79
34.1	120
34.45	116
36.34	40
34.96	74
35.15	51
36.18	40
35.06	71
37.33	102
35.51	116
35.35	189
35.09	76
36.15	84
34.41	233
33.59	12
34.25	4
34.62	102
36.86	105
36.3	111
34.37	39
35.97	107
34.62	135
33.54	25
34.42	120
35.52	142
33.9	171
34.95	105
34.82	100
32.65	94
36.8	102
36.34	115
34.07	123
34.24	91
36.8	150
37	120
35.14	112
36.96	99
36.33	151
35.57	63
37.57	76
36.6	95
36.52	138
36.69	118
34.99	129
37.2	101
36.16	219
37.85	105
36.36	130
35.98	123
34.35	58
35.37	50
35.91	85
33.95	123
34.53	47
36.29	108
35.05	228
35.84	83
36.31	119
34.77	128
35.3	46
37.38	99
36.88	117
36.03	127
37.28	84
36.54	99
48.85	70
37.46	93
37.16	92
35.97	34
36.13	104
35.52	120
35.52	75
37.5	136
36.43	125
38.99	127
36.97	53
35.83	57
36.38	112
36.66	147
35.42	102
34.44	124
35.08	9
35.13	110
35.9	94
34.43	121
34.86	217
33.08	102
35.28	78
35.59	106
35.97	128
34.47	125
33.72	129
35.2	86
36.03	92
35.9	118
34.38	113
35.72	110
36.52	115
36.22	28
34.13	221
35.6	83
36.18	74
36.03	118
35.49	149
34.98	97
35.54	91
33.15	127
36.03	81
35.38	75
35.92	34
36.03	127
33.45	121
35.32	117
36	86
37.73	123
35.36	99
35.85	71
38.08	83
37.63	113
33.58	88
32.12	12
34.22	108
34.97	92
35.53	85
32.97	30
35.08	31
35.58	134
35.43	147
36.02	220
37.53	30
36.51	139
37	72
35.64	118
37.54	58
52.55	14
37.78	71
35.4	113
35.27	107
33.69	8
34.88	126
32.78	106
35	33
35.07	27
32.58	123
33.63	74
35.21	79
34.4	216
33.08	57
32.24	122
36.87	36
35.14	63
37.48	87
37.11	173
38.03	82
34.95	32
36.71	117
36.27	116
37.52	114
35.14	128
34.93	61
33.7	29
34.4	35
33.11	105
32.46	105
35.48	115
35.29	62
35	141
34.67	121
34.77	79
34.78	39
36.12	100
37.67	106
36.23	45
36.19	115
35.69	128
36.4	118
36.82	88
35.35	26
34.95	101
35.04	67
36.83	88
36.9	94
35.23	122
35.97	101
34.75	39
34.44	87
34.55	89
34.09	112
36.25	76
33.29	115
33.2	96
34.51	87
34.07	47
33.78	114
33.29	94
33.57	126
34.15	147
34.82	141
33.54	89
35.09	85
36.4	136
35.03	113
34.56	75
35.96	108
33.89	101
34.76	127
36.23	67
35.89	93
35.04	125
35.65	105
35.6	110
30.7	5
34.51	167
35.88	159
36.03	67
35.48	194
35.53	126
35.63	110
34.29	120
33.77	34
33.57	99
32.86	127
33.72	129
33.89	122
31.86	52
33.05	71
34.22	26
34.17	125
35.47	102
32.79	62
33.71	119
34.37	93
34.58	79
32.11	117
35.52	70
34.54	207
31.92	10
33.08	24
35.16	110
36.74	110
36.8	40
35.91	92
38.55	88
36.94	113
36.54	74
35.1	221
37.14	138
35.88	117
36.6	92
31.86	19
34.13	103
35.59	38
34.88	77
35.32	88
35.1	123
35.64	48
34.4	124
34.18	116
33.84	101
33.9	229
32.58	110
32.88	199
32.77	101
34.61	82
34.56	126
33.12	118
32.91	128
34.55	68
35.11	72
33.83	222
33.06	104
32.89	70
32.31	126
34.72	72
33.82	82
33.54	116
34.29	59
32.34	33
33.95	229
35.35	103
35.95	120
34.43	105
33.22	55
42.81	179
32.84	126
35.12	231
37.11	120
34.34	123
34.29	159
35.22	89
36.95	65
34.56	122
33.59	107
33.97	122
35.92	77
35.75	98
34.79	157
35.78	36
35.58	77
32.75	81
32.61	127
34.98	90
35.07	127
34.68	54
34.71	216
34.69	178
34.38	104
35.32	75
33.56	210
32.46	89
34.01	121
33.4	118
33.18	37
34	44
33.19	4
33.6	126
35.4	93
34.79	149
33.6	44
34.56	80
33.97	140
33.21	37
30.26	1
35.23	144
35.11	137
31.53	37
35.24	76
34.98	138
33.69	118
34.43	232
33.94	109
33.08	128
33.33	172
32.2	102
33.06	115
33.52	100
34.14	86
32.78	53
32.99	91
33.28	123
33.95	125
35.55	83
33.41	87
34.09	67
32.89	123
34.69	57
35.53	92
35.57	45
32.67	122
35.42	93
34.31	103
34.69	201
34.88	25
32.57	29
34.27	109
33.47	121
49.19	11
31.52	9
34.31	97
35.2	126
36.47	47
35.38	25
35.56	107
36.24	137
33.7	128
35.52	126
35.27	110
33.52	105
36.47	127
35.75	44
35.28	94
35.84	107
35.43	31
37.04	109
35.98	89
34.68	96
34.92	117
34.12	28
35.38	32
33.54	66
32.3	113
33.82	126
34.78	118
35.05	43
34.05	160
35.14	60
33.45	126
32.97	22
34.62	121
33.91	90
33.13	134
34.98	117
33.06	122
34.85	157
33.34	169
34.13	33
33.44	46
33.49	100
34.39	142
36.25	111
35.06	80
35.93	125
34.52	118
35.17	100
32.81	49
33.03	9
34.63	107
34.71	134
34.55	119
33.2	28
34.54	216
35.39	117
34.45	114
33.73	61
34.56	114
34.72	60
34.32	108
34.74	126
33.84	54
33.36	127
32.9	103
35.05	81
34.7	223
34.38	97
35.13	46
34.18	63
33.58	111
35.64	43
36.18	98
36.83	82
36.69	150
34.75	69
35.6	124
48.77	98
36.04	107
35.17	124
36.67	174
36.08	124
37.11	110
36.13	156
34.97	193
36.64	111
32.77	77
33.76	167
32.78	128
35.05	151
34.64	105
35.54	80
37.32	145
36.97	65
36.08	185
36.04	135
37.64	81
36.47	64
36.66	166
37.16	94
36.16	118
34.92	125
36.52	113
34.25	162
33.62	176
34.01	134
34.92	64
33.18	107
32.64	108
39.44	28
32.41	46
34.46	69
35.97	128
33.78	126
33.19	126
34.14	39
34.46	211
34.97	120
33.69	112
33.57	43
35.73	112
33.59	71
34.37	100
35.56	109
35.26	47
33.14	120
35.92	32
36.66	84
34.11	121
35.73	103
36.27	55
36.27	65
34.42	119
32.59	72
34.49	183
36.56	99
33.46	25
33.02	217
35.35	52
34.46	21
32.86	107
36.07	52
32.61	114
34.92	39
34.57	217
35.85	120
33.71	103
34.22	83
36.92	109
36.6	74
33.89	195
34.56	102
34.4	100
36.32	129
36.4	91
33.89	119
36.42	160
36.25	70
38.69	93
37.14	64
34.87	123
37.79	118
36.69	130
35.38	96
35.71	81
35.05	119
37.31	81
35.8	100
35.51	81
34.1	218
35.57	109
34.29	117
35.63	181
33.88	66
34.95	106
32.64	7
33.41	30
33.6	124
34.36	40
35.47	136
34.33	54
36.01	119
34.68	115
35.61	128
34.85	105
34.94	84
34.5	110
34.89	127
33.68	85
34.85	121
36.19	95
35.31	227
33.36	116
34.04	51
35.16	195
33.45	125
33.71	209
33.58	23
34.98	208
36.82	107
34.26	120
35.13	207
34.9	100
33.8	120
45.08	9
45.45	15
36.56	81
32.75	116
34.32	50
34.5	152
33.44	114
33.52	89
34.86	106
38.77	23
34.04	156
35.07	70
35.33	108
34.47	94
34.54	87
34.54	87
35.3	90
35.49	136
33.67	129
33.44	58
34.87	121
33.09	113
33.29	125
32.71	112
32.08	106
35.33	112
32.55	127
35.45	117
32.48	206
37.58	131
36.55	56
37.32	113
35.98	71
35.31	113
35.19	114
34.94	19
37.19	70
36.34	106
37.71	35
34.68	52
33.26	124
34.12	100
33.1	50
34.45	217
34.08	196
34.42	220
32.07	125
34.62	184
35.31	134
35.78	174
34.89	121
34.64	47
35.76	56
35.15	112
36.14	103
36.12	138
37.29	92
37.27	59
34.6	118
36.5	77
37.38	88
36.97	122
36.33	127
34.04	127
35.45	127
35.7	125
35.3	77
34.19	36
37.4	91
36.41	55
34.72	220
35.25	100
35.94	37
36.62	79
38.66	29
33.11	49
34.01	113
35.47	127
36.15	139
36.48	122
34.48	221
35.78	119
35.9	83
33.93	111
34.65	42
36.1	55
35.27	111
36.59	131
33.79	85
35.34	46
36.53	109
36.65	36
34.85	107
35.56	43
36.14	57
35.42	40
34.53	129
36.19	106
36.21	105
33.8	119
34.48	121
35.28	125
34.17	95
35.49	94
34.49	83
36.02	63
33.14	105
35.3	87
35.19	94
34.46	140
34.26	106
34.69	47
35.36	45
34.55	128
34.79	45
34.11	128
32.91	8
33.93	62
32.62	114
37.42	127
34.62	80
35.47	70
35.16	40
35.48	75
39.17	75
37.16	102
36.17	98
36.09	108
35.39	84
32.57	92
31.07	10
34.68	72
33.52	94
35.36	97
33.05	18
34.78	130
33.99	102
32.91	40
35.02	111
35.26	115
35.61	83
36.9	120
34.07	124
36.63	75
36.98	75
37.58	83
33.75	16
34.03	124
37.42	92
33.65	129
35.42	107
33.55	64
35.36	79
35.26	103
35.56	217
37	78
35	119
34.15	117
33.82	39
35.11	216
35.89	86
33.42	119
33.52	14
49.69	23
37.19	79
38.23	85
34.67	101
37.08	80
34.71	106
36.07	100
35.07	119
34.67	106
34.82	93
34.39	81
34.71	41
32.42	115
34.61	116
34.3	13
34.54	122
37.21	74
35.5	69
34.42	120
35.45	40
34.71	119
36.27	67
34.71	122
33.86	121
38.63	67
37.41	81
35.83	86
34.95	206
34.83	143
35.8	124
35.41	122
34.93	34
34.84	46
35.83	82
34.49	114
33.55	48
37.46	121
35.39	198
35.64	150
36.94	72
34.78	124
37.86	89
34.98	65
36.94	97
35.41	117
35.71	78
33.31	50
35.4	196
33.65	127
34.48	98
34.78	105
34.68	163
35.29	103
35.13	105
32.14	124
34.87	126
34.69	59
34.95	28
34.92	85
33.95	75
34.2	122
34.76	220
35.23	142
35.41	46
34.52	127
35.69	99
36.19	143
34.63	158
36.61	100
36.14	81
33.56	22
34.27	125
35	158
35.59	34
34.67	203
35.7	46
34.17	123
34.44	118
33.99	120
35.3	93
35.58	80
34.28	125
37.8	73
36.76	113
35.83	96
35.27	94
34.14	111
33.62	37
36.09	123
33.29	29
32.47	107
35.09	112
35.12	79
33.96	41
34.19	41
32.39	18
35.29	127
33.83	124
37.6	75
34.04	126
35.04	55
36.2	113
48.15	8
35.75	23
35.76	129
35.18	156
37.35	98
36.18	92
37	101
35.52	136
35.5	93
35.62	102
36.87	56
36.91	128
36.65	79
35.64	126
36.6	92
35.38	201
34.11	128
35.8	114
35.96	203
35.97	102
34.4	128
38.09	103
35.93	105
35.11	75
34.66	103
34.81	171
33.87	108
34.35	178
35.92	100
34.47	186
34.41	113
36.15	74
38.41	63
34.03	114
33.31	40
35.74	155
34.19	64
35.88	96
31.91	109
34.19	209
34.28	175
31.7	120
33.26	45
33.52	73
35.61	126
34.03	111
37.01	83
35.79	116
34.63	61
33.59	93
33.05	114
34.03	64
34.57	33
33.79	94
33.9	47
33.14	51
34	101
34.71	123
33.83	84
32.86	182
34.23	114
35.43	126
35.14	161
35.12	162
34.83	83
34.17	81
33.81	106
33.77	80
34.54	233
35.64	88
34.34	80
33.65	190
34.88	125
35.57	83
32.58	55
33.09	42
34.61	170
36.42	39
33.06	31
33.78	207
32.9	116
33.78	48
36.13	82
33.83	113
35.2	111
36.35	111
35.33	127
34.16	125
34.53	110
34.89	127
35.34	115
33.67	59
33.98	103
35.9	226
34.59	29
32.67	94
33.45	61
33.63	50
34.05	84
33.64	23
34.88	109
35.88	109
33.23	113
33.99	171
33.53	80
33.69	21
34.23	106
48.9	31
32.47	118
32.54	92
35.23	188
35.1	157
33.72	117
34.45	120
31.58	14
34.23	117
34.15	63
35.3	112
34.24	224
36.25	80
35.15	98
34.16	86
34.36	44
34.2	209
32.18	123
35.55	109
34.56	76
35.54	37
38.77	61
35.15	73
34.52	74
35.36	113
34.42	33
34.69	117
35.9	3
34.54	36
36.42	109
37.1	115
35.57	47
35.3	126
37.46	59
35.77	71
34.78	125
37.84	51
35.51	227
36.33	145
36.58	39
35.87	163
37.67	75
35.26	126
37.22	82
34.06	108
34.51	217
37.45	63
32.67	117
36.48	40
33.52	129
35.3	165
34.23	191
34.89	160
34.63	170
33.28	128
34.43	86
34.75	128
36.76	100
36.98	104
35	110
36.56	126
35.75	121
36.87	118
36.69	180
35.09	8
37.69	49
36.52	110
33.61	61
35.03	134
33.3	132
31.7	33
34.72	213
33.58	101
33.37	158
33.44	71
33.47	110
34.12	24
33.84	82
35.55	72
32.19	111
34.77	44
33.62	233
35.35	116
34.22	100
33.34	112
34.73	33
34.8	117
33.3	105
33.45	84
34.61	107
32.74	64
31.96	29
31.12	124
33.03	223
32.26	94
34.57	197
32.18	44
43.99	21
36.45	168
35.19	109
34.51	66
34.93	232
33.88	100
35.21	136
32.57	128
35.15	66
33.99	114
35.66	101
35.75	84
36.1	145
35.34	118
36.01	64
33.62	121
37.09	130
36.43	193
35.31	57
35.69	90
34.65	58
36.17	99
35.19	222
34.3	111
35.18	97
34.35	28
36.01	76
35.35	89
35.47	89
36.33	85
33.51	56
35.57	120
36.17	133
34.65	111
35.95	59
34.88	126
35.57	90
33.92	110
33.04	126
34.57	48
35.2	97
34.77	106
33.22	116
35.82	63
35.3	76
35.36	108
34.53	178
33.05	98
34.64	34
33.82	21
34.64	166
32.89	88
36.09	23
33.8	94
32.71	49
36.07	116
35.72	114
32.68	60
35.21	126
34.83	98
32.69	124
33.25	169
32.9	69
35.26	69
32.85	78
34.27	122
33.09	194
34.24	53
33.38	86
32.65	61
35.23	59
33.11	115
32.26	7
34.05	117
33.98	126
34.69	121
33.75	124
34.66	115
34.87	217
34.6	95
34.99	126
33.2	122
34.6	33
34.41	68
32.86	9
33.66	118
36.54	76
34.73	111
35.73	174
34.02	118
33.38	111
35.22	46
37.54	76
35.02	118
35.66	55
36.61	70
36.28	73
35.78	98
34.25	113
35.4	89
32.58	42
33.72	222
34.67	104
33.49	98
33.36	53
32.11	126
31.94	110
34.59	105
33.15	92
32.56	71
38.57	27
33.34	56
34.37	96
35	64
32.68	118
36.68	129
32.59	118
34.82	105
31.5	122
33.81	48
34.89	55
35.06	69
34.76	120
36.06	57
34.15	149
33.58	74
34.42	42
33.65	121
35.64	110
34.35	102
33.27	106
33.39	63
34.72	62
34.61	103
33.8	222
33.28	100
33.55	210
34.8	41
34.52	90
33.58	41
37.48	51
34.67	129
34.72	128
36.36	101
36.06	122
37.2	97
35.48	229
37.74	66
36.3	114
35.57	105
34.03	24
35.53	128
36.09	95
35.24	119
37.77	83
37.28	119
37.14	155
34.47	97
36.16	69
35.7	92
34.77	183
32.5	33
32.88	107
34.41	230
34.28	60
34.96	82
33.47	92
32.97	97
35.13	39
33.97	63
33.88	231
34.1	70
34.5	56
33.49	119
33.09	48
34.48	95
34.27	62
34.53	41
30.72	0
34.82	194
34.47	1
36.59	70
35.83	96
34.71	37
36.29	173
34.86	69
35.71	122
35.21	107
36.61	44
37.07	105
33.63	115
33.1	100
34.26	106
35.76	103
35.49	118
35.63	90
35.71	98
34.32	119
35.71	103
33.77	35
31.63	126
33.6	49
39.9	25
35.53	74
32.84	106
33.88	85
33.63	71
33.29	107
31.43	24
33.57	48
34.1	116
37.85	104
35.15	86
34.79	80
34.99	32
35.72	229
35.42	54
36.5	79
36.74	102
35.3	100
31.52	128
38.64	63
34.81	47
33.53	21
34.51	106
34.83	193
34	128
34.14	123
33.1	103
35.88	100
33.66	168
35.35	100
32.85	107
35.83	91
34.19	120
30.49	7
34.63	85
35.91	82
35.56	78
34.02	119
35.59	128
34.96	97
37.18	91
35.7	121
35.05	123
34.66	119
34.01	22
34.9	116
47.5	5
35.72	220
33.18	65
31.92	99
33.61	121
33.4	45
34.1	138
32.4	106
31.34	72
32.68	48
31.75	55
32.02	207
35.26	139
34.18	126
36.04	119
32.43	7
34.47	28
35.01	92
36.64	105
36.02	120
34.82	104
34.16	100
33.13	99
34.97	187
33.44	115
34.02	120
32.53	18
34.41	70
32.89	115
33.68	163
33.86	222
31.87	125
34.41	109
35.28	126
35.52	131
37.58	127
35.66	73
36.51	112
34.47	196
34.63	230
32.32	145
37.18	119
32.39	130
33.44	139
32.92	145
35.52	119
33.03	135
34.47	135
31.74	121
31.2	134
32.13	135
32.78	17
36.31	144
33.17	125
36.34	144
36.15	138
33.63	93
34.05	130
33.75	120
33.39	126
32.96	115
33.95	138
36.43	99
35.03	135
33.64	136
33.44	127
32.95	146
36.52	132
32.59	27
42.24	50
34.65	124
31.94	15
36.58	138
38.48	107
34.17	24
33.59	137
33.47	127
35.48	128
33.94	177
33.65	25
34.01	142
35.68	144
33.83	111
49.33	36
48.83	28
48.5	36
39.47	127
34.17	126
34.18	143
34.81	132
35.86	122
36.03	144
33.74	131
34.45	118
33.93	61
31.91	146
32.98	84
32.64	145
31.46	137
33.93	251
34.69	101
37.68	68
34.82	116
35.78	95
35.98	110
39.3	71
36.08	167
36.22	114
36.76	55
34.71	105
34.71	75
34.34	116
32.46	141
32.47	135
35.42	145
32.75	139
35.32	145
35.1	82
33.23	141
33.48	139
33.72	196
33.18	127
34.63	146
35.85	135
34.32	116
36.88	110
36.44	113
36.86	76
33.66	144
34.95	85
34.29	120
36.81	98
37.5	79
36.59	51
37.98	71
34.91	146
33.6	110
35.02	132
33.85	146
34.88	108
34.45	137
34.27	140
35.16	133
34.21	142
36.11	109
34.61	136
45.26	7
36.05	88
35.81	134
34.68	144
33.76	137
38.18	68
35.07	71
49.29	45
35.88	135
34.78	135
35.5	90
36.07	77
35.22	83
34.76	64
34.09	141
33.74	141
33.91	250
34.87	139
35.75	69
34.64	124
37.17	121
34.04	120
36.61	104
40.89	41
36.94	123
35.76	42
39.52	53
32.04	10
33.44	100
35.71	159
32.66	142
34.75	133
34.81	100
36.54	103
33.54	137
33.2	105
32.74	137
31.86	143
34.29	238
35.66	290
33.64	51
34.07	130
35.77	70
33.18	141
32.36	144
34.97	68
34.32	118
33.32	262
35.92	115
34.5	135
34.76	108
35.56	80
34.92	128
34.91	15
36.02	131
37.12	142
32.85	145
35.53	124
42.6	74
35.44	143
34.67	144
32.59	140
40.47	171
34.86	114
35.61	71
33.59	140
33.16	130
33.1	59
33.04	136
33.38	125
35.73	128
34.57	68
33.52	55
40.57	107
45.81	59
34.05	129
36.57	155
40.34	151
34.21	132
34.5	131
33.44	101
34.18	133
33.59	143
34.21	254
34.15	125
34.14	100
31.64	132
31.64	132
34.64	77
32.24	116
33.85	130
31.97	139
32.91	139
33.96	78
34.27	141
34.62	100
33.55	17
33.51	126
35.11	106
32.92	126
32.92	126
34.32	116
40.24	125
43.75	64
33.41	132
49.85	30
33.78	131
34.13	105
47.98	37
33.14	125
32.3	140
34.19	118
32.72	141
34.58	154
32.74	115
35.46	222
33.94	132
32.68	132
33.57	91
34.52	196
33.3	130
33.23	100
34.62	133
33.85	54
33.43	140
33.93	146
34.5	129
34.83	28
34.08	142
35.25	76
34.1	57
34.95	77
31.91	99
34.22	87
33.68	104
35	102
39.26	34
33.31	236
37.57	112
32.9	128
33.9	133
36.23	127
35.06	145
36.79	71
32.78	137
33.31	133
34.1	138
35.6	144
36.55	76
32.41	141
33.96	24
42.61	122
35.46	72
34.49	142
34.08	70
34.9	75
