sim	len_diff
32.6	60
37.94	66
33.62	97
33.64	30
36.19	68
34.82	38
36.59	44
32.86	73
32.82	66
32.96	70
32.82	93
32.53	68
33.35	35
36.05	32
34.78	99
34.68	105
34.86	94
33.53	76
32.57	73
31.9	59
33.91	46
33.96	41
33.11	69
32.32	72
31.88	119
33.6	71
33.11	74
31.65	71
32.27	45
33.68	73
32.65	71
35.14	57
33.8	76
33.67	92
32.89	112
34.44	60
32.59	70
33.34	57
35.07	28
35.07	28
34.92	151
34.92	151
34.78	48
33.81	53
30.65	6
34.78	99
31.01	72
35.53	61
33.84	59
33.71	57
32.65	92
33.1	62
33.69	62
34.28	19
30.36	75
31.57	76
32.53	74
35.53	61
30.47	72
33.26	74
31.97	70
33.28	4
33.96	71
33.9	22
31.11	74
34.03	58
32.09	68
33.67	19
33.01	21
33.05	107
31.8	54
32.01	30
35.07	28
35.72	30
35.72	30
35.72	30
32.48	58
32.96	79
31.72	144
35.15	55
31.2	65
32.68	69
33.6	50
35.67	76
32.46	76
32.72	71
33.65	32
32.14	149
34.58	57
37.09	31
35.23	98
34.68	51
34.59	46
33.25	60
34.62	93
33.98	51
35.61	46
34.37	43
33.11	63
35.75	7
34.95	60
33.54	70
36.51	65
33.23	144
35.8	63
34.38	75
35.29	76
34.76	139
31.23	76
33.63	72
35.04	23
33.01	47
34.98	46
31.82	75
32.95	45
33.75	31
34.07	50
34.75	45
34.15	150
33.97	38
36.85	39
34.91	69
34.89	146
34.21	30
35.44	60
33.19	109
33.61	57
33.3	75
34.59	118
35.9	60
32.38	66
32.29	66
32.38	66
32.18	66
32.77	66
32.21	66
32.81	119
33.85	18
33.95	59
32.74	127
33.05	66
33.09	75
32.93	76
31.65	70
31.7	70
32.24	114
31.46	91
33.73	63
31.41	63
33.99	67
34.89	30
34.72	66
33.16	132
34.47	58
34.74	62
34.62	58
33.5	64
34.89	30
31.59	68
32.44	138
34.29	61
34.96	54
33.27	66
31.68	72
32.59	62
32.66	150
33.55	127
33.12	62
33.65	74
32.9	58
31.14	148
31.79	121
31.87	129
34.08	76
31.88	44
31.94	108
33.85	73
34.15	30
33.07	43
34.25	88
33.17	68
32.57	69
32.7	111
32.13	42
32.11	64
31.31	5
31.74	72
32.79	52
36.3	51
33.24	110
34.01	76
33.42	66
35.27	38
33.53	76
36.03	69
33.1	50
36.56	62
33.05	63
35.13	33
33.67	68
35.65	47
32.71	42
34.18	119
34.78	75
34.05	149
33.46	39
36.88	71
34.3	61
33.71	87
33.56	66
34.07	65
35.51	48
33.36	2
33.82	41
32.13	72
32.94	54
32.92	55
35.95	47
33.46	72
32.73	73
33.95	61
32.6	58
30.91	68
33.15	52
31.91	39
32.94	65
31.42	71
32.32	76
34.28	24
32.44	71
31.7	56
32.32	74
32.61	75
33.03	66
32.75	67
32.46	64
32.9	68
33.26	61
33.2	75
32.94	59
32.39	44
32.2	75
32.42	71
33.79	71
33.93	87
34.94	60
30.3	68
33.4	43
32.11	76
30.9	76
33.42	76
32.38	73
31.36	69
31.48	73
34.64	62
31.15	63
31.76	71
32.8	60
33.37	74
35.17	117
33.42	76
33.91	75
35.16	43
32.5	42
35.75	23
31.57	75
33.25	75
34.13	62
32.38	64
30.9	75
34.63	74
35.96	32
34.42	113
33.64	147
34.7	42
36.18	28
35.98	113
32.1	66
31.54	129
34.39	43
32.99	87
33.11	76
33.23	53
32.37	20
33.71	76
36.03	33
34.78	51
34.24	127
34.51	104
32.34	44
32.51	49
31.25	70
34.98	53
35.3	76
36.02	66
32.34	71
32.54	75
34.74	89
33.49	70
33.6	74
34.29	57
39.05	69
35.53	50
31.86	73
32.16	74
38.59	30
35.21	40
33.76	72
35.48	48
35.41	38
35.17	46
33.32	146
35.31	71
34.83	75
34.87	40
35.25	63
34.9	71
33.86	28
33.02	139
34.5	74
36.88	61
35.28	72
34.1	117
35.5	6
39.42	13
34.16	69
33.84	71
34.66	57
34.82	71
37.05	41
34.17	118
37.87	37
30.79	74
33.99	71
35.51	50
33.51	136
31.54	74
36.7	99
35.21	60
34.64	32
36.17	51
35.78	67
32.5	68
37.18	59
31.71	71
33.57	63
36.18	70
31.33	61
37.45	55
33.46	74
32.23	28
32.83	51
32.9	43
32.68	59
31.15	108
30.83	51
31.34	89
32.23	54
33.55	56
31.59	54
34.06	67
36.3	33
32.64	95
34.59	65
36.26	47
33.61	35
33.47	69
32.94	39
36.99	55
34.25	34
31.4	61
32.29	45
32.02	90
34.03	62
32.1	40
32.76	28
33.05	90
33.29	102
32.39	119
31.59	65
30.45	65
31.22	55
33.65	50
31.42	30
30.62	65
32.07	65
32.13	120
33.21	102
37.6	14
34.14	61
34.71	60
36.12	68
34.85	89
32.65	50
33.75	39
33.76	50
33.7	99
35.82	13
39.21	46
35.94	120
35.14	69
37.34	48
36.56	66
35.49	119
35.5	79
34.55	65
35.24	99
32.86	35
31.86	47
32.34	49
34.06	58
30.84	57
31.93	90
33.19	50
32.2	52
30.98	86
30.22	30
32.9	97
33.05	37
31.3	109
31.42	97
32.2	30
31.78	97
32.52	42
32.35	86
31.89	42
31.87	21
33.74	93
35.21	97
33.43	43
33.76	43
34.34	35
34.35	105
35	38
34.71	26
34.03	54
35.37	64
35.34	66
35.78	75
35.92	58
33.25	60
34.6	52
35.49	47
35.08	47
36.81	43
32.42	51
31.86	67
35.46	62
34.19	79
32.05	120
32.45	1
33.38	47
33.22	96
33.59	66
33.31	58
32.31	25
32.45	1
33.26	44
34.48	63
34.27	3
33.71	46
33.59	56
32.9	60
36.43	33
33.03	67
34.72	90
34.79	4
31.03	34
31.78	50
33.96	45
30.5	60
32.34	51
31.53	65
30.14	61
31.58	111
30.59	93
31.61	50
32.91	64
31.54	23
33.47	34
33.18	58
31.53	47
30.37	25
32.76	45
31.76	44
31.53	47
33.6	46
33.64	112
34.07	54
33.07	92
34.17	106
36.84	56
32.73	31
33.07	54
33.86	60
32.89	86
34.67	33
32.63	34
32.02	57
31.14	66
30.25	50
31	37
31.52	61
33.89	89
33.2	75
35.19	20
35.17	54
34.4	107
37.82	42
35.68	78
32.38	69
33.6	47
35.73	54
32.18	67
33.06	29
32.2	50
34.13	47
32	62
31.99	73
32.15	54
33.67	43
31.72	60
33.49	113
32.49	112
33.9	22
33.9	22
32.85	25
31.76	66
31.06	32
30.9	67
33.96	59
36.97	53
36.74	54
34.8	55
38.11	49
38.53	41
34.21	113
35.52	91
34.26	60
37.13	37
34.65	50
32.41	56
34.08	97
33.24	66
33.13	89
35.36	47
31.69	61
34.48	81
30.53	41
30.61	62
32.63	60
34.81	61
34.55	57
34.04	46
32.03	54
37.25	60
35.97	53
35.22	73
31.92	65
32.73	59
33.6	118
35.87	37
33.02	54
36.03	37
33.11	48
35.68	46
35.1	120
35.16	58
35.53	20
35.57	58
36.42	55
33.3	63
33.03	104
31.2	50
31.97	81
33.4	57
31.98	67
32.41	43
33.01	24
31.41	55
33.65	51
33.94	67
35.17	61
35.21	32
33.77	44
34.76	41
33.5	64
34.43	61
34.42	24
35.12	66
33.92	90
35.13	55
35.03	91
36.03	43
36.77	35
33.19	41
33.5	60
33.48	26
33.98	57
34.52	59
33.63	72
31.99	16
33.15	44
33.15	44
33.36	49
32.92	106
35.08	33
33.2	39
33.73	117
33.68	121
34.39	25
32.19	86
33	103
32.62	15
31.46	9
33.62	31
33.48	52
30.07	67
30.03	67
32.97	64
31.34	60
33.41	63
34.76	96
33.06	67
32.08	120
32.52	28
30.57	14
31.52	96
34.12	112
32	82
35.16	48
34.81	63
36.23	65
35.02	46
34.48	50
31.88	67
33.72	50
34.93	85
34.96	70
34.88	63
34.08	110
34.73	32
34.4	54
35.19	50
35.91	45
34.86	52
34.63	18
34.65	30
38.3	72
35.78	42
32.41	64
36.26	62
35.84	57
35.78	63
36.45	67
36.38	34
33.12	60
35.13	120
34.74	115
36.25	56
31.42	65
31.2	66
31.33	47
32.54	100
32.51	53
31.77	90
30.7	22
32.37	48
33.2	37
34.17	35
32.6	45
30.58	37
32.76	59
32.21	53
33.34	30
35.77	65
32.91	92
31.79	66
35.93	35
31.86	34
30.38	53
32.13	38
30.15	30
31.1	27
32.94	59
31.22	24
31.76	41
31.53	50
32.23	53
35.47	59
33.48	45
34.06	60
35.05	50
32.65	115
32.91	84
33.33	61
34.4	69
33.38	25
33.03	63
32.27	65
35.61	39
32.93	116
37.55	67
34.48	43
33.56	21
33.84	109
36.04	54
32.65	3
35.76	65
31.37	63
33.16	41
31.37	59
30.02	47
33.82	96
32.67	60
30.77	6
33.48	77
32.1	23
32.28	27
35.48	53
31.52	112
33.32	109
32.4	25
31.15	20
33.1	75
30.79	52
34.25	62
32.14	61
30.98	65
31.34	42
30.4	65
33.46	97
31.63	41
33.82	54
33.82	52
32.96	28
34.92	73
37.51	38
36.53	102
35.07	58
33.61	67
35.78	54
37.27	58
33.66	57
36.17	57
34.88	41
31.83	65
33.96	56
32.23	65
31.63	59
30.27	42
32.52	38
32.11	61
32.32	35
31.36	61
33.11	65
33.64	57
32.54	61
32.84	44
33.36	55
35.83	43
30.75	4
32.5	8
31.3	12
32.49	102
34.37	47
31.84	67
32.84	51
34.31	106
33.86	57
33.16	98
35.84	57
33.02	65
31.82	37
33.18	93
33.23	47
35.15	46
32.68	60
33.09	118
33.55	58
32.94	45
31.96	25
34.72	84
33.88	58
33.25	52
31.71	37
30.84	61
31.25	60
32.75	28
31.05	32
33.71	49
32.77	66
31.38	23
32.59	29
32.15	63
33.71	101
35.05	43
32.6	67
33.37	91
32.53	55
33.37	105
31.05	66
36.64	64
36.76	67
33.64	62
35.39	56
33.44	59
35.23	65
37.03	48
33.42	59
35.31	117
33.91	87
34.71	85
34.18	30
33.05	108
33.25	63
35.42	53
33.64	59
32.88	56
33.79	63
34.01	112
37.01	57
31.96	65
31.26	53
34.5	43
30.56	50
32.85	50
32.63	26
32.25	46
30.26	58
32.36	28
31.88	46
36.01	57
33.01	65
32.8	62
32.88	62
32.8	62
33.87	100
32.8	62
32.88	62
33.41	110
32.88	62
34.35	24
34.84	51
33.46	111
33.06	66
34.25	56
35.01	45
34.49	55
34.03	67
33.91	80
32.75	60
34.04	40
36.05	49
36.23	39
35	62
34.38	76
33.09	37
35.18	60
33.24	40
32.23	57
36.11	52
34.49	48
34.86	97
33.27	6
36.46	44
34.65	41
33.65	64
37.19	34
36.26	42
36.32	55
34.03	64
32.81	66
32.93	95
33.85	53
35.3	66
32.22	52
30.27	63
31.23	63
32.29	57
30.02	8
32.99	32
35.41	52
32.78	66
35	59
32.96	67
34.14	113
34.89	43
34.98	63
32.88	62
35.17	64
33.09	65
33.49	54
33.86	49
36.19	52
31.67	5
34.56	80
33.58	42
35.88	39
32.95	60
34.42	68
35.24	21
35.44	51
34.84	58
37.36	61
33.81	57
33.81	57
35.03	71
32.7	62
35.48	49
32.33	112
33.35	65
32.17	66
32.96	14
36.23	35
32.78	62
31.23	63
31.67	101
32.05	82
33.27	57
31.36	66
32.76	59
33.53	50
34.11	59
31.98	120
33.47	92
32.07	65
31.92	48
31.57	29
31.25	18
32.19	52
32.94	117
30.14	28
32.71	70
31.23	50
32.46	28
30.49	77
32.85	100
31.99	56
31.56	120
32.47	63
34.72	48
33.07	65
36.33	49
34.24	46
34.51	50
34.58	63
34.67	74
32.71	60
35.75	60
34.95	53
30.12	50
31.24	65
32.03	44
30.98	54
33.19	61
33.15	53
35.46	64
31.01	65
35.34	50
32.25	34
33.43	71
31.98	67
32.6	30
34.04	34
31.82	121
31.08	77
31.28	56
31.24	53
32.56	76
31.06	54
32.36	50
33.57	65
32.14	55
32.25	45
33.55	109
30.49	51
30.13	40
30.32	10
32.66	52
35.15	35
32.17	53
35.02	65
32.55	113
34.95	97
33.09	47
31.52	25
35.3	42
32.86	60
32.46	64
31.65	63
33.15	65
33.08	42
32.68	45
32.15	43
31.77	71
30.15	64
33.65	34
34.11	18
33.59	63
31.26	67
34.64	115
33.03	66
33.55	65
35.73	60
34.61	103
33.32	62
32.59	65
34.57	40
33.69	55
32.32	23
33.01	118
32.54	120
34.13	61
32.47	77
32.72	57
32.84	50
33.65	62
35.6	54
31.8	104
33.59	33
31.06	49
31	63
33.78	42
33.38	48
31.72	55
33.3	117
32.35	65
33.81	57
31.75	56
32.63	58
31	30
30.38	59
32.46	66
32.06	66
35.32	51
31.52	56
32.82	40
31.94	30
32.94	35
30.71	66
34.09	61
33.66	82
31.42	46
31.16	41
30.07	54
32.85	51
31.84	41
31.9	41
32.98	63
33.11	46
32.57	61
35.53	24
33.88	75
33.34	97
32.82	61
31.8	60
33.07	51
34.99	51
33.98	66
34.04	43
31.61	54
32.05	49
30.93	61
33.23	61
33.64	24
31.42	64
32.76	53
32.37	47
36.01	43
33.02	64
35.92	58
36.51	47
34.24	114
36.63	52
36.78	61
34.7	43
34.98	38
35.78	63
32.96	46
34.31	41
33.68	47
33.89	30
36.06	51
34	55
34.92	54
32.71	57
34.23	115
35.16	48
32.35	30
31.19	74
33.03	55
31.51	31
31.19	40
32.82	45
35.36	25
30.69	67
30.78	33
31.8	54
32.46	44
32.3	49
31.71	55
32.3	26
32.01	66
31.87	27
33.64	74
30.32	66
33.55	61
33.62	117
36	43
35.97	31
35.13	110
33.11	51
32.73	91
34.22	103
35.75	63
33.86	94
35.41	55
34.96	4
30.21	18
31.74	101
34.04	118
31.54	115
30.27	42
33.2	59
32.6	119
32.32	15
32.24	65
35.59	51
33.2	55
33.51	50
30.65	101
32.53	99
30.87	65
34.57	86
31.39	40
31.01	55
32.63	63
33.26	65
37.82	16
33.6	54
33.39	13
35.84	28
34.77	43
32.71	90
33.92	116
35.49	84
33.52	59
33.68	82
36.1	54
34.53	101
34.56	37
35.87	59
33.71	47
34.92	80
34.19	49
33.77	68
31.55	62
33.48	79
32.36	55
30.97	49
32.04	47
34.87	47
31.15	48
33.09	47
32.49	47
33.76	61
32.84	14
33.52	74
32.55	66
33.03	61
35.74	53
33.18	65
34.34	53
32.74	58
33.62	23
34.22	41
33.29	65
30.83	66
33.57	64
33.55	116
32.92	54
33.37	36
31.78	106
33.16	31
34.24	66
34.18	97
32.46	30
33.13	50
33.11	70
33.76	56
33.36	57
30.7	48
33.57	103
34	112
32.05	82
33.47	57
32.48	63
35.69	51
38.9	39
35.34	60
33.94	65
33.5	65
36.44	50
34.44	27
33.98	55
35.14	40
33.53	57
34.11	53
34.31	31
33.67	64
31.87	29
34.65	68
33.51	29
34.73	51
34.59	70
34.58	86
35.51	32
34.43	43
34.67	35
36.68	89
37.11	85
35.79	38
36.05	60
35.16	63
35.47	50
33.88	10
33.09	52
32.06	62
33.8	63
33.42	56
31.71	67
33.75	56
32.95	52
30.19	20
31.45	99
33.59	46
33.54	119
32.58	49
34.14	22
31.48	66
31.56	102
32.85	58
33.17	60
33.6	52
31.64	96
30.99	50
31.98	60
34.78	61
34.57	56
35.09	27
33.16	46
32.45	45
32.71	33
31.98	65
32.93	42
33.8	51
34.32	52
34.57	47
35.29	79
36.11	44
37.05	48
37.32	61
34.13	67
35.09	87
35.4	118
32.57	67
32.2	120
32.76	47
32.95	59
31.29	32
33.58	32
31.32	74
32.01	54
33.02	66
32.22	102
32.29	104
33.52	76
32.64	93
31.26	64
33.01	64
32.68	120
31.44	89
32.1	57
31.01	66
31.57	26
31.92	57
32.31	121
35.23	63
34.5	38
32.8	65
34.28	18
33.07	99
34.29	64
34.24	67
33.46	40
34.73	54
34.61	39
33.95	55
33.72	65
32.25	67
32.18	18
33.7	61
31.8	24
32.37	54
34.19	67
34.33	54
31.62	107
31.85	52
31.98	52
31.63	25
31.16	84
30.35	73
31.94	59
31.85	119
31.09	89
32.55	64
31.36	65
32.83	20
33.36	66
34.75	62
31.61	66
32.8	58
31.01	93
30.42	45
32.15	67
33.5	38
33.07	45
33.91	72
34.55	95
36.26	47
34.13	106
32.37	41
33.78	51
33.86	99
35.15	106
32.9	109
34.17	54
33.7	77
31.95	60
32.46	54
34.25	47
35.41	60
34.85	89
33.6	67
33.58	110
33.68	57
32.52	76
32.25	56
33.65	45
33.1	83
33.32	44
34.26	59
35.88	89
34.22	44
33.34	57
33.62	7
33.26	98
35.42	114
33.9	92
32.96	63
32.96	63
34.73	92
33.82	52
37.35	32
32.92	41
31.69	45
31.53	23
31.8	65
31.53	61
31.44	32
32.4	94
33.74	69
31.83	59
33.3	104
31.34	23
32.07	61
33.26	44
32.54	65
30.03	28
30.98	59
30.67	64
31.61	60
30.83	51
34.82	36
32.71	66
33.29	59
32.57	60
31.61	65
34.96	63
34.08	52
33.54	97
33.22	2
35.67	45
33.77	64
34.03	40
34.55	30
33.72	67
33.32	37
31.48	63
32.51	61
32.16	25
33.35	42
33.8	30
32.45	121
31.94	63
31.5	51
31.89	89
31	53
32.78	90
33.61	33
32.47	41
31.13	31
31.96	63
30.9	61
32.78	14
32.31	65
33.42	88
32.1	31
33.44	27
35.67	23
30.73	33
32.08	52
34.59	110
32.53	121
33.74	52
33.25	42
35.73	64
33.22	106
32.57	62
32.14	27
34.22	24
35.74	64
32.99	62
37.27	91
35.63	68
34.41	65
32.94	64
37.22	78
37.84	77
38.17	97
37.1	26
34.2	90
33.4	115
34.02	66
32.69	18
34.94	61
32.33	66
34.83	54
33.99	99
34.11	111
32.92	24
33.82	63
34.22	105
32.06	66
34.43	55
32.55	59
34.73	57
33.01	107
33.1	76
33.48	29
31.99	55
32.01	53
33.73	48
34	58
33.21	103
30.21	65
31.46	32
32.82	62
32.54	57
32.8	28
33.57	33
32.1	67
32.07	97
30.88	66
31.26	47
33.14	87
32.43	43
31.04	58
30.97	121
33.9	57
36.72	44
35	49
34.94	103
32.09	29
35.33	61
36.87	40
35.3	43
34.59	28
35.97	26
31.33	53
33.52	53
30.53	12
30.03	31
31.74	106
31.33	69
31.53	26
31.28	60
35.93	60
34.87	48
36.32	62
36	65
36.48	48
35.55	50
36.64	64
36.5	32
36.43	60
33.69	57
35.61	62
35.9	24
31.8	63
31.42	41
32.38	120
30.52	39
31.73	61
32.03	61
31.46	55
32.17	30
31.11	37
33.63	60
33.57	39
33.21	120
34.05	4
37.79	41
35.56	100
34.32	63
35.52	51
35.84	23
34.04	61
33.76	111
35.93	78
33.85	105
31.57	55
35.48	28
35.26	21
32.57	47
31.9	32
35.53	72
33.84	46
31.76	107
32.31	42
30.31	37
31.39	58
31.5	57
30.32	57
31.42	24
31.06	44
30.75	65
30.84	67
32.09	109
31.46	50
35.71	59
33.7	50
32.63	59
31.26	21
32.5	47
32.97	27
32.36	50
32.46	38
31.51	66
31.55	52
30.8	63
33.56	26
36.98	61
31.24	44
32.89	33
32.8	56
33.2	50
32.4	48
36.01	65
35.14	37
35.58	59
35.64	78
34.26	53
36.71	54
34.86	40
35.1	47
36	62
34.27	51
34.64	49
36.35	51
38.21	49
34.23	64
33.62	71
33.86	64
34.01	25
33.89	31
35.9	60
33.69	37
35.61	30
38.46	55
35.11	107
35.89	41
33.58	61
32.4	37
34.6	65
34.05	67
33.09	64
32.53	16
37.03	49
35.3	56
35.52	26
35.28	19
35.46	47
35.5	47
34.26	61
36.32	57
37.68	100
35.26	64
35.71	62
35.3	45
36.67	28
35.01	108
34.61	97
34.63	31
34.44	43
35.49	59
31.6	83
34.35	49
35.47	20
34.9	91
34.51	30
35.74	102
34.98	55
32.67	67
36.67	64
34.38	66
33.46	79
34.18	58
31.9	67
35.46	59
36	52
36.46	46
37.38	27
34.9	47
35.31	64
34.33	52
34.75	98
35.22	74
35.14	49
35.42	67
34.77	65
35.45	68
35.38	33
34.78	59
33.81	61
36.39	79
34.96	25
35.96	58
33.24	109
35.76	18
35.75	50
34.18	52
35.26	43
33.51	65
33.98	116
35.01	64
33.92	80
33.38	42
34.51	76
32.91	66
34.45	96
30.97	17
34.09	68
33.34	33
33.65	64
33.55	63
34.05	61
33.8	27
32.77	61
32.25	66
32.41	29
31.09	67
33.55	56
32.24	34
32.62	47
32.87	47
36.01	60
33.02	64
31.15	60
31.72	121
33.92	63
30.68	27
32.9	88
33.9	64
33.41	40
32.45	66
31.97	60
31.95	96
31.94	54
31.46	43
32.24	21
33.53	54
32.18	46
31.42	65
35.32	62
35.61	15
33.95	49
33.75	48
32.62	18
36.56	58
33.53	8
35.05	22
35.87	109
36.3	20
35.87	116
32.72	60
34.58	44
36.31	45
37.27	95
33.15	54
35.07	74
34.09	42
33.86	61
35.05	70
33.96	56
31.77	67
33.33	51
34.8	24
34.65	28
37.36	37
35.02	103
34.97	96
35.95	61
36.21	43
34.98	116
34.15	11
35.76	64
32.03	44
32.98	26
33.18	80
33.41	38
32.88	52
30.56	38
31.01	65
32.58	67
33.37	93
37.02	66
37.06	58
35	49
34.81	39
36.47	38
36.82	55
34.73	53
33.23	59
34.82	88
34.25	56
32.55	40
35.79	43
34.52	64
32.73	49
34.8	101
35.81	102
32.64	43
34.36	63
36.44	33
32.03	65
34.83	35
35.21	47
32.96	109
34.15	59
31.67	64
34.36	49
33.52	110
33.63	56
34.83	54
37.11	67
33.11	46
32.97	119
32.27	64
32.07	64
31.99	29
31.96	96
31.8	17
31.46	27
32.15	49
31.53	65
36.26	46
36.98	47
34.66	53
34.09	53
34.03	53
34.03	53
33.94	53
34.08	53
33.01	65
33.82	36
36.67	61
33.57	15
35.13	62
37.11	20
37.49	89
35.62	48
33.69	116
34.78	40
35.62	38
33.15	32
33.3	57
33.77	61
35.75	67
31.33	56
35.03	51
35	52
35.03	62
37.25	67
34.54	55
33.83	62
34.37	67
33.46	66
34.4	74
33.18	60
34.11	43
34.93	48
34.07	34
36.04	92
34.68	49
33.82	54
34.48	59
32.19	58
32.03	28
30.26	36
33.4	58
32.62	95
31.78	64
34.93	66
31.95	89
32.6	79
35.49	59
34.07	66
35.18	58
35.05	120
35.9	21
36.49	34
34.58	62
35.48	91
35.48	9
34.12	85
32.97	48
33.89	25
32.16	57
33.38	44
31.39	57
30.09	63
32.11	49
33.83	35
32.28	115
33.43	24
31.12	95
32.86	40
32.44	112
36.55	39
32.5	112
33.24	101
33.43	96
31.3	69
31.99	41
30.38	33
35.8	99
31.58	56
36.65	39
34.53	39
35.75	35
34.42	119
34.07	63
35.28	32
34.28	48
34.09	58
35.05	55
33.69	58
34.03	17
32.44	64
35.76	13
34.32	60
33.33	118
35.37	47
34.62	23
33.37	68
31.63	51
30.11	11
32.94	56
34.78	41
32.85	59
32.69	25
33.36	105
33.09	66
31.53	64
32.92	66
34.69	100
33.1	18
32.46	57
33.26	66
33.4	65
32.3	42
31.93	66
32.98	59
33.01	35
30.11	64
34.87	115
34.33	117
35.62	35
34.62	67
34.96	46
35.5	102
34.71	53
36.94	35
35.22	38
33.89	64
31.86	66
33.84	58
30.85	103
32.66	66
30.1	67
32.6	43
33.87	69
30.39	63
32.31	94
32.58	103
30.96	8
31.27	67
33.84	96
31.8	57
32.5	14
32.48	9
31.98	48
32.12	52
33.06	52
31.38	17
32.32	1
34.04	53
33.71	42
32.55	34
32.67	66
34.22	56
34.04	53
35.16	49
33.77	67
34.94	44
33.09	50
30.68	18
32.59	50
33.16	60
30.01	59
30.59	58
34.88	52
31.75	54
33.38	53
30.25	53
33.28	52
32.71	97
31.69	3
33.23	65
36.84	33
34.33	43
34.25	30
35.23	36
34.36	107
34.85	34
33.17	60
32.28	118
32.3	64
33.09	64
34	55
33.44	54
31.28	38
34.51	83
32.3	27
30.94	64
31.83	121
31.83	121
31.83	121
32.67	62
31.83	121
31.73	59
31.83	121
32.54	65
31.83	121
31.83	121
33.08	65
33.47	114
33.18	121
30.54	61
30.58	43
30.95	1
33.82	28
32.57	62
32.08	60
34.61	61
33.19	54
31.73	30
33.28	67
30.48	36
31.56	22
33.37	61
30.98	57
32.75	59
33.09	40
31.65	64
34.91	50
34.34	65
34.02	61
31.02	49
31.92	120
35.53	20
33.64	56
32.81	67
33.35	90
34.15	63
35.49	91
34.82	56
32.76	64
33.94	65
34.1	45
34.36	49
35.14	61
33.9	36
35.14	58
35.65	91
32.96	66
33.96	34
32.53	53
33.86	58
33.39	56
31.38	65
33.08	40
30.68	41
31.4	67
32.41	3
32.11	54
32.14	46
33.75	51
31.68	23
34.25	93
35.12	64
34.88	58
32.21	31
33.61	39
33.91	57
34.36	66
30.71	64
32.66	48
31.14	62
32.79	106
31.81	53
32.5	112
31.7	102
33.29	52
35.55	99
34.42	64
33.87	49
35.62	66
35.11	17
34.27	106
35.92	43
33.35	28
35.92	43
32.05	55
32.39	94
32.39	94
32.25	66
33.4	65
33.51	45
33.5	121
31.58	50
32.5	64
32.75	55
32.22	66
34.31	121
34.88	44
31.65	114
32.37	67
33.59	50
31.53	44
34.96	111
35.84	49
31.08	15
31.31	65
32.12	90
33.28	65
30.46	23
31.27	27
31.55	64
32.71	53
31.51	54
31.38	66
32.63	78
33.63	53
30.96	52
31.43	22
30.98	25
32.89	60
33.02	76
30.63	43
30.91	57
36.78	52
33.03	63
34.22	49
33.94	62
32.17	63
33.01	46
34.38	57
33.92	121
33.19	66
32.84	67
34.63	92
33.92	53
34.13	40
34.36	31
32.06	46
36.79	37
32.63	54
35.16	121
34.13	49
33.1	63
33.26	54
31.9	114
31.71	58
32.66	64
33.1	56
32.37	76
33.06	25
31.57	20
31.54	66
32.79	60
33.64	65
34.14	80
33.63	15
34.16	61
33.9	21
35.96	66
33.93	100
34.22	66
35.35	54
33.22	101
33.11	84
35.44	39
33.5	65
33.97	48
33.88	54
35.96	20
35.52	50
36.11	62
34.85	68
33.76	67
31.84	14
34.88	58
32.35	43
33.15	79
32.11	18
33.01	62
35.23	93
35.07	102
33.73	63
31.9	7
33.46	104
31.27	22
33.84	50
33.13	37
32.56	59
30.78	20
32.27	96
32.25	65
31.3	50
31.59	13
32.5	55
31.31	55
32.42	56
33.51	48
33.51	48
31.5	44
33.18	61
33.19	96
33.51	48
34.08	95
34.02	56
32.35	20
34.96	52
34.53	39
32.69	55
32.78	59
32.12	98
31.94	42
32.51	58
32.4	28
31.86	64
33.36	41
34.07	63
36.15	52
34.67	78
32.48	39
34.36	63
34.46	39
33.39	82
33.39	81
32.23	51
36.8	53
33.84	45
34.08	115
33.34	52
33.11	100
35.84	36
32.81	52
34.17	52
33.09	65
35.75	63
33.78	66
35.4	43
35.05	63
35.4	43
35.4	43
35.4	43
35.4	43
35.4	43
33.24	97
35.8	84
32.71	40
33.26	60
31.82	14
33.22	33
30.19	9
31.75	65
34.63	57
31.9	20
33.28	58
32.16	26
33.4	63
33.38	84
35.39	66
34.33	105
32.73	64
33.57	67
33.46	110
32.94	113
30.68	17
32.89	47
32.48	34
33.2	77
31.66	115
30.71	55
31.25	62
31.32	76
33.01	52
34.75	60
37.6	93
34.02	98
36.95	96
34.82	57
34.53	48
35.83	103
37.73	61
33.89	26
33.5	55
34.13	46
32.07	102
30.21	58
31.86	31
30.66	64
32.11	45
30.65	64
32.4	62
30.66	64
30.59	64
32.11	96
31.98	65
34.84	28
32.15	119
30.23	51
31.11	101
31.43	77
31.88	111
35.33	27
33.69	53
32.68	66
34.5	9
35	116
35.11	111
36.59	113
34.91	30
38.65	74
36.67	66
35.71	45
35.56	38
33.44	48
34.91	75
35.34	63
36.08	56
36.79	32
35.21	58
34.83	75
35.79	54
34.58	64
32.42	21
34.77	42
32.75	66
31.26	66
32.3	18
34.26	39
35.47	56
32.95	54
34.9	47
31.18	67
30.62	67
33.96	82
34.01	43
34	26
31.07	44
32.94	73
32.13	33
32.76	62
32.22	59
33.29	63
31.65	11
31.94	26
32.24	13
31.94	26
31.94	26
32.24	13
30.51	56
32.13	58
30.38	61
31.22	65
31.1	62
32.82	40
30.28	49
32.26	116
31.74	111
30.97	62
32.93	52
33.09	64
33.15	55
33.15	55
34.16	34
33.06	46
33.15	55
33.51	102
33.15	55
35.57	54
33.02	65
34.9	47
33.63	58
32.1	50
34.36	59
32.29	60
34.03	55
32.63	49
32.05	57
32.04	65
32.17	62
30.12	32
32.88	100
30.01	1
30.49	65
31.91	93
31.23	76
32.68	65
31.27	51
31.44	30
33.1	50
30.01	25
30.41	82
31.13	13
31.05	63
32.73	80
30.37	62
32.23	49
30.62	57
31.85	65
33.86	54
32.03	22
35.47	59
32.5	60
34.06	62
34.64	47
32.9	51
33.51	26
32.76	31
32.86	53
34.88	64
36.05	58
33.92	54
32.57	56
33.68	57
32.88	56
37.68	42
35.43	36
34.27	65
34.65	58
31.98	65
31.65	67
32.59	101
32.88	92
32.87	22
34.28	56
32.64	64
33.56	82
35.41	20
34.09	96
31.98	59
32.34	63
33.24	33
31.79	87
33.15	59
32.11	29
31.84	57
30.53	5
32.23	40
32.36	98
35.34	56
35.5	22
52.73	33
46.56	47
46.27	36
35.38	31
34.79	64
36.05	40
40.75	27
100	0
31.19	55
32.73	58
33.31	118
33.9	40
34.26	51
34.09	33
33.77	22
33.91	77
33.75	65
31.46	42
31.36	16
34.57	95
32.94	58
32.86	29
33.47	18
33.25	65
33.95	80
35.57	109
33.75	47
35.2	91
32.41	46
34.2	46
35.21	53
35.05	36
36.69	42
36.55	36
36.65	40
34.5	67
36.49	57
34.3	47
32.8	64
33.25	61
31.71	59
31.38	101
31.27	54
32.88	31
33.8	30
30.25	55
31.71	60
33.46	59
33.12	43
30.98	25
32.98	65
31.59	55
32.77	83
32.55	13
31.26	28
32.33	38
33.57	55
33.55	53
32.3	56
33.25	59
32.21	103
32.64	45
32.31	41
33.85	65
34.26	30
32.75	101
31.93	106
32.98	51
31.95	28
33.42	110
33.14	98
32.72	64
33.63	36
32.83	29
33.7	75
33.59	60
31.3	52
31.8	49
32.69	53
30.87	16
32.95	57
33.88	49
31.97	33
31.12	57
31.69	63
31.98	66
31.57	65
30.59	37
32.2	64
32.92	25
32.69	66
32.76	26
32.04	66
31.28	57
31.32	67
31.67	64
32.51	85
31.97	50
33.94	65
33.72	104
32.24	54
31.2	33
33.94	96
32.34	52
31.41	6
32.64	52
31.79	57
31.94	67
32.72	86
32.19	66
32.64	52
32.64	52
31.71	67
31.8	47
33.64	52
34.44	16
33.75	36
33.55	51
34.43	40
33.01	45
33.28	48
34.42	67
34.28	66
34.49	50
34.36	88
31.89	117
33.69	51
35.67	66
36.01	48
34.92	64
34.03	107
35.96	66
33.01	54
33.8	44
33.05	63
34.61	94
34.43	54
34.24	15
33.44	57
35.94	60
32.69	57
33.66	99
33.19	30
34.78	117
34.28	62
33.53	66
32.22	32
34.98	57
33.4	27
33.92	59
33.13	44
34.67	70
32.15	54
33.52	94
33.77	31
32.43	66
33.52	57
31.07	31
33.41	65
32.14	41
31.41	12
32.3	63
33.37	57
31.97	103
33.6	53
33.37	43
30.91	31
32.82	53
32.52	44
32.05	75
33.85	82
31.63	16
33.73	58
32.54	40
32.07	17
32.59	58
31.86	99
30.36	59
31.32	65
32.36	114
31.58	98
32.87	29
34.23	41
31.54	96
31.89	103
32.43	66
33.52	57
33.62	65
32.14	41
32.52	63
32.17	78
31	112
33.44	59
33.6	53
32.4	25
32.66	14
32.41	111
31.93	65
32.32	58
33.16	62
30.17	49
34.16	48
33.02	79
34.07	76
34.24	27
32.14	62
33.41	65
33.96	53
32.59	56
30.5	24
34.24	104
32.37	46
32.05	118
31.23	66
37.22	54
33.85	51
35.97	41
34.91	47
36.92	93
35.48	58
34.83	79
36.37	65
34.68	41
35.1	27
35.84	51
34.17	60
35.12	66
35.85	36
34.08	97
35.27	57
33.04	61
35.4	63
35.27	57
34.52	63
33.65	39
33.22	121
33.39	71
31.83	24
33.98	51
33.11	110
33.7	90
31.75	67
33.12	80
32.76	100
30.78	66
32.29	68
31.18	54
32.11	67
33.48	97
33.59	64
32.87	50
31.17	54
31.77	53
32.72	43
33.6	44
33.69	63
34.27	86
33.17	121
33.23	57
31.86	64
33.53	44
33.69	26
33.85	60
32.88	48
32.92	27
32.37	60
34.59	28
34.25	60
34.78	60
32.53	55
35.58	103
34.55	53
35.58	50
32.8	51
32.15	53
31.5	107
33.29	61
34.52	67
33.33	99
32.36	59
33.33	61
34.25	56
33.48	57
33.19	46
34.12	73
35.69	47
34.72	63
33.36	116
32.83	66
34.22	49
32.71	52
36.05	51
31.23	43
35.4	82
33.12	54
37.1	51
32.03	51
33.66	66
33.83	108
35.42	53
35.43	110
36.97	53
33.84	120
30.16	16
36.85	42
34.77	62
34.1	102
33	30
34.3	104
31.62	51
34.03	67
34.32	61
32.7	17
33.33	102
34.41	42
33.32	66
34.66	117
32.96	58
36.89	46
34.23	16
33.97	55
35	71
34.16	51
37.44	46
33.79	21
38.3	43
35.86	92
36.11	58
33.98	48
32.98	57
35.42	57
35.33	65
35.4	67
34.99	34
33.24	59
32.82	70
33.75	81
33.53	63
33.59	2
33.64	96
33.54	109
33.68	117
33.1	64
34.15	64
37.59	39
35.02	69
33.61	65
34.89	57
33.46	108
34.39	102
33.93	108
35.15	87
35.84	57
33.83	119
34.39	56
33.02	91
33.72	60
33.94	51
34.5	46
33.24	60
33.9	121
33.63	44
33.71	72
35.51	84
34.47	59
35.82	74
35.02	80
35.27	70
33.58	66
34.28	91
35.07	65
33.58	56
34.24	50
33.16	57
31.6	60
32.35	62
32.66	93
32.15	48
31.84	64
32.67	66
31.66	116
33.22	61
31.1	8
32.33	89
33.76	54
34.1	24
33.73	108
34.58	39
34.47	39
35.54	52
35.26	55
32.01	36
31.82	24
33.59	58
33.05	44
32.92	66
34.01	65
31.36	31
31.22	52
31.61	63
32.87	58
31.71	31
33.51	63
33.73	47
32.96	18
35.39	10
34.16	51
33.36	6
36.69	36
33.5	30
35.1	89
35.9	59
33.53	118
34.86	61
33.54	90
32.96	67
32.8	59
33.36	67
32.96	67
34.42	30
32.78	21
33.82	66
33.73	67
34.57	65
36.13	101
35.66	58
36.42	47
36.61	65
33.68	67
36.05	54
36.19	66
34.19	66
33.04	34
32.69	116
33.67	65
32.86	67
35.75	51
33.79	60
33.92	61
34.13	60
34.16	54
34.51	25
32.72	19
32.98	59
32.06	39
33.26	108
31.49	49
32.11	46
31.42	110
34.71	39
32.41	59
31.51	67
34.8	63
35.51	54
34.66	59
33.58	120
33.27	58
33.35	71
32.4	65
34.64	47
33.45	88
34.6	53
35.31	50
32.8	30
31.34	56
30.59	45
32.4	47
34.15	53
31.28	21
35.82	33
33.6	32
31.79	53
33.6	32
32.32	45
30.73	15
33.6	32
32.67	50
30.98	57
33.6	32
32.17	49
32.57	57
33.26	29
33.16	51
33.58	26
33.74	22
32.69	78
33.69	59
33.24	37
31.03	59
34.48	54
36.76	66
32.45	32
33.85	88
34.09	67
35.02	48
32.91	47
36.53	58
33.95	34
33.99	50
32.94	60
31.78	58
34.13	29
33.64	99
32.51	61
32.07	65
34.51	21
34.03	80
32.43	63
33.14	90
31.5	23
32.9	66
32.18	50
33.15	35
32.19	66
32.48	34
30.94	10
31.43	62
31.92	56
32.69	30
32.66	28
31.38	56
31.01	110
31.16	39
32.78	35
32.19	66
31.98	104
32.41	58
32.69	33
32.9	66
32.36	46
33.11	59
32.94	66
32.94	67
33.93	58
34.67	47
34.64	62
34.41	66
33.92	46
34.56	66
35.18	93
31.86	56
34.75	65
32.06	64
31.99	45
34.8	62
32.9	64
32.34	64
32.62	46
32.09	52
33.45	96
32.21	66
33.72	61
32.99	49
32.05	11
33.49	50
33.17	58
32.15	55
33	63
31.41	55
33.24	61
31.61	96
31.92	65
32.76	56
31.01	55
31.97	103
31.76	27
32.79	52
31.94	35
30.88	15
31.94	50
35.48	52
35.08	28
32.65	105
31.56	24
32.19	62
32.8	103
30.48	16
33.44	57
33.9	64
32.38	105
32.29	20
31.32	65
32.82	84
32.55	94
33.37	11
31.63	64
30.52	67
34.49	59
33.07	62
32.04	39
32.66	36
31.91	109
33.09	114
32.07	32
32.46	79
32.25	72
31.94	36
31.84	23
32.3	61
32.84	59
31.4	56
30.72	53
31.1	58
32.2	50
30.86	34
32.44	51
32.69	56
33.08	50
32.07	67
33.62	114
33.94	90
33.72	67
31.4	27
33.98	32
33.9	62
35.23	35
32.73	21
34.82	71
33.32	57
33.7	66
35.11	57
34.67	71
37.7	61
34.23	112
34.94	47
37.01	22
33.24	77
30.96	60
32.94	119
31.23	53
33.57	23
32.57	30
30.42	13
32.48	62
32.41	63
33.74	47
32.5	25
31.01	49
31.24	90
31.77	17
31.93	70
33.08	102
33.26	45
33.57	63
32.02	20
32.76	61
32.72	47
32.56	34
32.32	34
33.22	22
34.26	23
32.94	116
32.73	16
33.96	41
32.81	54
35.91	61
33.19	58
32.43	66
33.57	55
31.3	84
32.69	52
33.71	65
32.31	41
32.54	101
32.84	61
32.36	103
33.94	53
31.98	65
32.16	64
35.34	60
33.09	111
34.04	71
31.26	64
30.84	11
30.75	50
33.63	48
32.44	28
35.11	65
33.88	60
37.58	51
37.37	34
37.53	14
33.89	5
35.06	64
35.75	60
37.75	51
38.32	66
31.15	28
32.37	101
33.02	67
31.22	66
32.75	39
33.16	20
31.82	38
33.4	66
32.13	65
35.56	19
35.25	54
33.2	67
35.93	96
35.87	47
33.32	66
35.97	36
33.32	42
33.75	36
33.87	47
32.85	62
30.62	29
34.08	55
32.7	67
32.27	41
34.15	31
35.7	51
32.28	63
32.45	32
30.9	55
35	63
32.97	62
30.05	66
32.1	40
32.41	112
30.92	42
30.43	53
31.1	57
31.41	59
32.52	64
34.08	79
33.26	63
31.15	59
35.33	57
31.35	47
36.49	55
34.39	115
33.28	61
34.13	113
34.51	71
34.21	56
34.56	30
34.21	51
30.18	59
34.2	35
34.87	66
30.35	66
33.46	33
30.33	50
32.7	28
33.76	49
31.9	66
32.8	64
34.3	49
31.02	22
30.84	114
31.88	62
34.26	67
33.85	55
36.24	55
35.71	56
36.75	44
37.15	66
32.92	2
38.11	36
34.63	62
34.91	16
32.21	52
32.48	6
31.94	61
32.65	64
32.3	65
32.4	9
34.23	62
34.62	73
34.63	56
31.44	65
31.83	61
33.13	46
33.07	38
30.07	95
32.6	107
31.98	58
32.4	60
33.34	59
33.13	39
32.88	98
31.67	65
31.76	115
31.92	39
32.89	50
33.56	37
33.06	98
34.05	42
31.86	61
35.4	43
31.46	21
34.44	59
33.12	56
32.98	48
33.94	61
32.93	96
32.63	38
33.04	28
33.61	121
31.95	115
33.85	63
31.5	62
32.09	65
32.08	43
31.88	96
33.04	118
33.04	118
33.55	76
33.33	86
33.65	60
33.14	111
33.31	49
30.43	55
32.2	49
32.19	70
30.12	58
32.23	37
32.18	60
31.78	60
32.38	14
32.3	45
31.65	99
31.88	49
31.12	67
32.83	30
31.08	92
33	8
32.99	53
32.13	66
32.54	70
30.84	58
34.57	104
31.72	17
34.07	48
35.33	45
33.21	57
33.25	58
34.94	63
35.2	62
37.04	51
33.36	57
33.51	58
31.31	67
33.21	65
31.71	8
33.76	70
32.22	36
30.88	86
31.53	66
31.76	58
30.7	62
33.62	46
35.49	57
36.71	51
34.38	65
34.61	71
34.66	35
36.25	36
34.59	119
33.59	67
34.8	42
35.27	31
34.32	66
35.59	45
33.4	48
35.65	66
34.38	63
34.76	46
33.25	58
35.82	60
32.77	65
32.29	66
30.84	104
31.25	56
30.7	66
31.55	61
32.99	58
31.45	55
31.52	63
32.45	61
32.02	63
34.53	62
32.11	66
32.96	12
31.53	56
30.69	55
32.9	66
32.73	65
31.06	51
30.61	49
32.26	78
33.73	64
34.78	109
35.36	52
34.39	81
36.17	38
34.04	96
34.87	20
31.67	61
35.59	72
35.54	86
32.3	66
32.79	92
34.79	54
31.12	42
31.73	28
33.19	45
32.51	67
32.52	54
35	45
30.86	64
30.66	63
31.69	98
31.04	29
31.61	83
32.3	13
32.03	64
32.75	34
31.32	10
33.55	32
33.12	91
32.11	48
32	89
32.42	66
35.34	40
33.32	65
31.72	59
32.53	46
32.89	81
32.76	62
34.03	113
32.35	108
30.55	25
34.51	58
31.59	112
32.72	99
34.34	59
31.71	41
32.26	54
31.97	85
32.3	34
34.5	121
33.65	39
35.35	66
34.23	29
31.82	67
34.68	89
34.21	62
35.11	47
34.6	40
34.36	100
34.35	31
33.71	65
32.99	61
32.53	10
32.36	40
31	67
34.5	62
31.85	45
30.96	65
30.37	67
35.55	52
33.76	30
32.82	65
37.46	30
34.16	63
35.62	30
32.8	66
33.32	62
34.61	58
33.89	107
34.7	61
30.26	63
32.3	55
32.33	72
32.38	14
30.7	14
33.54	104
32.81	28
33.3	52
34.59	120
34.59	120
34.59	120
34.59	120
34.59	120
34.59	120
32.21	52
34.59	120
33.19	53
34.59	120
35.22	62
32.88	59
34.46	40
31.49	15
32.07	51
32.31	50
34.31	64
35.41	113
33.24	38
33.32	45
34.11	64
34.56	92
36.26	58
33.46	48
35.76	86
32.43	66
35.48	49
33.94	61
34.46	44
34.65	64
31.76	49
31.5	36
33.29	52
32.11	47
30.02	44
32.11	65
32.75	37
30.8	90
33.91	33
32.11	82
33.63	65
32.87	98
32.1	64
32.05	62
32.15	66
34.7	105
34.5	64
31.85	55
33.54	61
33.85	44
35.32	44
34.44	51
33.07	65
34	61
32.8	64
34.02	50
32.55	56
33.09	67
32.86	37
32.99	47
35.1	18
35.23	46
34.82	67
31.71	65
33.27	121
37.03	47
33.12	66
34.31	56
32.42	65
32.8	66
31.5	63
32.17	65
31.64	104
30.06	67
33.42	67
32.48	62
34.25	63
33.49	87
30.08	65
32.76	59
33.02	115
35.17	58
34.92	66
32.44	54
35.3	39
31.22	63
33.59	56
31.07	65
34.79	61
33.41	94
34.26	52
35.56	60
32.48	47
32.36	34
33.71	112
36.55	57
33.58	30
33.71	48
33.38	58
36.82	103
33.6	112
33.25	67
35.3	64
33.49	47
33.12	35
34.17	41
36	52
34.22	61
36.01	63
35.34	49
32.37	53
32.75	113
31.57	57
31.28	66
34.52	56
35.36	37
30.77	15
32.54	64
31.86	67
33.56	35
32.58	65
31.59	50
35.7	53
31.09	45
31.27	90
33.95	48
30.36	64
30.92	55
33.3	49
31.11	62
32.65	38
33.61	81
33.26	58
31.36	39
30.92	66
32.36	36
33.5	89
32.59	65
33.18	61
33.5	63
31.52	48
32.75	71
30.68	25
30.17	15
31.01	22
31	55
32.63	40
31.9	61
31.71	53
31.01	99
32.08	30
33.35	62
32.19	49
30.57	67
32.06	54
32.15	103
32.36	41
35.21	34
32.05	112
31.96	39
32.84	54
33.86	110
31.9	64
32.27	108
32.84	18
33.7	61
33.82	54
34.33	54
33.17	59
32.67	39
33.99	66
35.05	56
32.91	54
32.76	61
32.98	63
33.18	60
35.34	42
36	51
34.45	58
33.39	29
32.03	39
32.09	18
31.98	34
33.39	61
32.61	49
33.67	62
33.05	99
32.51	117
35.36	33
31.4	63
31.67	44
33.17	47
30.3	24
30.9	13
34.36	53
30.94	65
34.17	58
31.59	66
31.71	9
30.91	121
31.69	13
31.52	42
32.24	49
35.21	59
33.44	113
32.17	62
33.6	55
34.3	28
34.02	96
31.62	56
33.47	42
32.65	62
33.47	42
30.98	56
30.9	67
33.03	44
33.66	61
32.4	114
34.82	61
33.22	36
33.91	114
35.39	55
33.19	38
33.4	63
33.67	63
33.83	95
37.35	65
35.4	64
38.2	57
34.36	91
35.32	54
33.77	46
32.78	44
34.05	82
32.75	68
33.34	103
34.19	62
34.54	51
35.35	62
30.97	66
30.53	97
31.72	116
31.97	59
32.03	67
32.56	47
31.67	58
31.97	47
35.74	66
35.37	67
35.91	67
32.54	1
34.86	47
34.88	66
35.25	62
33.11	90
37.25	88
35.98	62
32.2	59
30.94	59
31.7	39
32.15	62
30.25	50
30.43	67
31.23	92
32	22
31.32	61
31.94	46
32.48	55
32.71	65
32.44	52
31.88	65
33.21	57
34.01	61
34.08	53
34.82	61
30.9	15
31.21	60
32.55	108
30.3	11
31.14	53
32.92	107
34.44	29
32.41	56
32.74	68
33.38	56
33.26	58
33.78	53
34.8	45
34.78	57
34	61
34	65
33.17	57
32.53	117
33.64	104
33.23	55
33.66	49
33.42	65
33.66	33
34.76	46
34.9	65
32.97	114
34.62	50
34.4	53
33.95	31
34.34	57
31.55	59
33.4	59
35.96	50
34.57	24
32.34	57
33.06	67
33.51	51
32.69	26
31.55	59
35.02	48
32.54	46
32.81	94
34.97	27
32.37	12
32.01	46
32.22	34
33.5	78
32.56	66
33.8	26
31.07	63
33	42
30.15	14
32.92	61
33.55	58
30.8	37
31.93	99
33.17	100
30.88	42
30.92	65
32.9	45
30.76	50
34.53	47
33.16	63
32.71	55
31.9	49
34.83	55
31.63	25
31.49	29
32.67	81
31.59	30
33.58	84
34	60
32.11	86
31.18	66
32.57	11
31.21	10
33.63	44
32.92	108
32.53	77
33.66	97
33.34	44
31.67	47
34.83	59
32.11	33
31.95	93
31.63	62
32.59	48
34.05	63
33.05	57
30.63	65
31.11	26
32.94	62
32.74	69
33.92	46
32.44	50
30.46	41
32.52	31
33.13	27
33.5	66
35.65	60
34.26	53
34.05	48
33.12	66
33.4	114
34.36	55
34.02	115
31.98	114
30.99	53
30.61	61
33	66
31.86	52
31.77	54
30.96	110
32.21	61
30.45	66
32.97	58
31.46	56
31.8	28
32.15	26
30.88	66
35.14	67
31.42	40
31.39	99
31.61	13
32.67	56
33.18	63
33.66	48
32.08	22
32.21	44
32.95	83
31.85	83
32.75	24
31.87	14
31.36	24
32.94	60
30.09	34
31.24	61
31.65	106
32.42	66
33.86	62
31.5	40
31.37	82
31.41	81
33.58	53
35	96
32.94	57
34.12	75
35.79	61
34.9	46
34.73	50
35.44	49
35.39	18
33.4	43
34.69	49
30.71	41
34.9	51
38.48	30
36.65	64
34.79	65
35.77	56
34.87	42
34.68	56
34.69	49
31.28	67
33.16	60
31.28	58
33.25	25
30.48	52
31.95	104
32.12	89
31.79	44
30.69	67
30.98	34
31.65	14
31.59	38
35.04	66
34.45	70
31.55	43
31.12	25
35.04	66
35.04	66
35.04	66
33.71	99
33.87	66
36.84	60
35.52	59
36.36	54
35.47	57
33.7	53
36.65	63
33.95	115
32.23	50
33.86	31
31.81	55
32.05	66
33	62
31.86	35
33.46	53
34.04	16
33	67
33.22	66
32.4	10
33.61	34
32.32	67
31.23	67
31.83	43
31.43	35
33.78	35
32.92	24
32.98	25
31.63	54
31.97	47
32.94	45
35.22	105
33.93	90
33.23	33
33.36	110
32.09	60
35.29	48
35.93	46
34.91	51
32.83	49
31.15	60
32.64	33
31.15	65
32.55	43
34.82	56
34.99	62
31.62	107
32.63	56
31.12	17
33.03	52
34.22	102
31.81	9
34.79	11
33.24	106
31.07	49
33.08	96
33.74	70
35.13	68
30.73	37
34.91	32
34.75	59
34.8	75
31.5	63
33.73	30
34.65	39
34.66	56
36.88	64
33.72	54
32.79	60
33.5	53
31.58	95
31.4	51
31.23	67
33.34	100
31.06	72
33.21	58
31.71	13
30.39	34
31.97	56
33.78	46
33.53	52
31.38	84
33.23	67
32.23	55
35	97
31.87	35
32.63	72
32.46	36
33.39	33
32.99	97
32.19	20
32.57	28
31.51	41
33.71	35
30.9	64
33.94	62
32.99	96
33.58	56
33.5	23
34.84	49
34.76	64
33.26	65
33.69	69
34.6	60
32.16	70
36.56	55
31.8	75
34.22	78
34.7	133
33.25	67
32.73	73
33.07	70
33.22	37
33.82	54
32.07	72
34.92	74
31.86	67
35.38	52
34.1	8
32.55	53
33.03	73
33.73	55
35.22	68
35.31	55
34.65	62
33.63	66
32.42	48
32.72	69
35.02	75
34.15	40
36.07	30
32.96	60
31.23	74
31.23	74
34.15	39
33.57	57
35.06	63
33.65	144
33	133
32.34	60
33.29	57
31.23	74
33.52	57
31.96	110
32.57	111
31.15	71
33.28	98
32.44	76
34.86	71
33.78	54
33.88	51
33.94	42
34.32	76
31.9	68
32.21	52
33.72	8
34.25	67
32.83	127
35.44	56
30.09	69
33.48	56
33.23	73
33.33	50
33.57	52
31.89	75
33.87	57
33.64	73
34.84	63
31.59	53
33.03	62
34.69	73
33.52	60
32.79	65
34.69	73
33.58	73
32.02	71
34.6	55
34.29	140
34.3	55
33.46	60
32.92	38
32.92	38
32.92	38
32.51	113
34.68	36
32.95	54
30.32	76
31.53	61
33.15	55
36.38	55
32.96	69
33.39	145
34.81	47
34.98	108
37.63	13
35.06	55
36.02	32
35.78	55
38.23	64
31.92	65
38.88	19
38.18	55
30.75	56
35.44	70
35.23	43
35.5	74
36.86	25
36.17	69
33.47	37
35.44	60
31.09	69
34.07	40
37.62	62
35.2	117
32.87	56
37.4	22
39.44	45
34.46	16
36.4	137
36.4	38
31.67	72
33.62	142
34.69	73
33.59	61
35.58	76
36.31	59
34.08	106
37.08	41
36.61	74
33.68	74
35.73	41
35.03	69
33.95	64
34.07	129
37.55	51
34.11	135
33.76	67
37.6	81
34.3	72
34.9	74
31.42	68
32.23	21
31.02	143
33.78	63
31.96	74
31.58	59
34.2	92
34.56	34
33.93	3
34.94	31
33.46	41
32.96	52
33.8	66
31.78	76
33.82	71
32.71	67
31.01	76
33.86	67
35.84	73
33.48	51
31.48	68
31.59	71
34.82	26
32.92	10
38.16	58
34.46	53
32.51	138
34.6	76
33.83	145
32.52	71
33.82	139
35.79	84
33.33	55
33.83	118
33.54	56
33.88	134
32.94	65
33.37	73
32.34	69
33	146
33.96	110
33.57	97
32.02	76
35.06	52
34.78	128
33.43	134
35.1	75
33.2	142
32.94	137
33.49	84
34.01	63
35.07	111
34.12	38
34.7	83
33.03	24
35.37	48
33.29	31
34.04	113
32.8	68
31.98	64
32.01	64
32.37	64
32.19	64
32.19	64
32.19	64
31.94	64
32.06	64
31.51	73
32.4	107
32.08	64
32.85	108
31.74	64
32.32	78
31.21	148
33.94	135
34.6	65
34.45	52
32.68	121
33.93	62
32.44	60
35.21	30
35.21	30
33.09	93
32.89	72
32.75	50
32.3	60
31.98	146
33.89	86
33.33	58
31.46	75
31.46	75
32.81	64
34.88	70
33.26	62
35.8	31
30.65	76
35.71	65
32.34	62
32.73	27
34.19	141
33.05	30
34.74	58
33.86	26
33.59	59
33.8	56
30.61	64
33.76	63
35.67	83
33.87	114
31.4	14
34.8	44
31.57	70
34.05	134
32.45	139
34	110
33.89	107
33.17	36
32.21	69
34.24	87
34.14	66
32.36	72
34.52	72
33.42	72
33.21	54
32.28	75
34.62	109
34.39	68
34.44	75
31.96	75
